 -1.95312E-03  2.41337E+00
  1.95312E-03  2.41382E+00
  5.85938E-03  2.40966E+00
  9.76562E-03  2.40614E+00
  1.36719E-02  2.40266E+00
  1.75781E-02  2.39914E+00
  2.14844E-02  2.39555E+00
  2.53906E-02  2.39188E+00
  2.92969E-02  2.38814E+00
  3.32031E-02  2.38431E+00
  3.71094E-02  2.38040E+00
  4.10156E-02  2.37640E+00
  4.49219E-02  2.37233E+00
  4.88281E-02  2.36817E+00
  5.27344E-02  2.36393E+00
  5.66406E-02  2.35960E+00
  6.05469E-02  2.35520E+00
  6.44531E-02  2.35071E+00
  6.83594E-02  2.34614E+00
  7.22656E-02  2.34148E+00
  7.61719E-02  2.33675E+00
  8.00781E-02  2.33193E+00
  8.39844E-02  2.32703E+00
  8.78906E-02  2.32205E+00
  9.17969E-02  2.31699E+00
  9.57031E-02  2.31185E+00
  9.96094E-02  2.30662E+00
  1.03516E-01  2.30132E+00
  1.07422E-01  2.29593E+00
  1.11328E-01  2.29047E+00
  1.15234E-01  2.28492E+00
  1.19141E-01  2.27930E+00
  1.23047E-01  2.27359E+00
  1.26953E-01  2.26780E+00
  1.30859E-01  2.26193E+00
  1.34766E-01  2.25598E+00
  1.38672E-01  2.24995E+00
  1.42578E-01  2.24384E+00
  1.46484E-01  2.23765E+00
  1.50391E-01  2.23138E+00
  1.54297E-01  2.22503E+00
  1.58203E-01  2.21860E+00
  1.62109E-01  2.21209E+00
  1.66016E-01  2.20550E+00
  1.69922E-01  2.19883E+00
  1.73828E-01  2.19209E+00
  1.77734E-01  2.18526E+00
  1.81641E-01  2.17836E+00
  1.85547E-01  2.17137E+00
  1.89453E-01  2.16431E+00
  1.93359E-01  2.15716E+00
  1.97266E-01  2.14994E+00
  2.01172E-01  2.14264E+00
  2.05078E-01  2.13525E+00
  2.08984E-01  2.12779E+00
  2.12891E-01  2.12025E+00
  2.16797E-01  2.11263E+00
  2.20703E-01  2.10493E+00
  2.24609E-01  2.09715E+00
  2.28516E-01  2.08930E+00
  2.32422E-01  2.08136E+00
  2.36328E-01  2.07333E+00
  2.40234E-01  2.06523E+00
  2.44141E-01  2.05705E+00
  2.48047E-01  2.04879E+00
  2.51953E-01  2.04045E+00
  2.55859E-01  2.03202E+00
  2.59766E-01  2.02352E+00
  2.63672E-01  2.01494E+00
  2.67578E-01  2.00628E+00
  2.71484E-01  1.99754E+00
  2.75391E-01  1.98872E+00
  2.79297E-01  1.97982E+00
  2.83203E-01  1.97084E+00
  2.87109E-01  1.96178E+00
  2.91016E-01  1.95264E+00
  2.94922E-01  1.94342E+00
  2.98828E-01  1.93413E+00
  3.02734E-01  1.92475E+00
  3.06641E-01  1.91529E+00
  3.10547E-01  1.90575E+00
  3.14453E-01  1.89613E+00
  3.18359E-01  1.88644E+00
  3.22266E-01  1.87666E+00
  3.26172E-01  1.86681E+00
  3.30078E-01  1.85687E+00
  3.33984E-01  1.84686E+00
  3.37891E-01  1.83677E+00
  3.41797E-01  1.82660E+00
  3.45703E-01  1.81635E+00
  3.49609E-01  1.80602E+00
  3.53516E-01  1.79561E+00
  3.57422E-01  1.78513E+00
  3.61328E-01  1.77457E+00
  3.65234E-01  1.76393E+00
  3.69141E-01  1.75321E+00
  3.73047E-01  1.74242E+00
  3.76953E-01  1.73155E+00
  3.80859E-01  1.72061E+00
  3.84766E-01  1.70959E+00
  3.88672E-01  1.69850E+00
  3.92578E-01  1.68733E+00
  3.96484E-01  1.67609E+00
  4.00391E-01  1.66478E+00
  4.04297E-01  1.65340E+00
  4.08203E-01  1.64194E+00
  4.12109E-01  1.63042E+00
  4.16016E-01  1.61882E+00
  4.19922E-01  1.60716E+00
  4.23828E-01  1.59544E+00
  4.27734E-01  1.58365E+00
  4.31641E-01  1.57179E+00
  4.35547E-01  1.55988E+00
  4.39453E-01  1.54790E+00
  4.43359E-01  1.53587E+00
  4.47266E-01  1.52378E+00
  4.51172E-01  1.51163E+00
  4.55078E-01  1.49943E+00
  4.58984E-01  1.48718E+00
  4.62891E-01  1.47488E+00
  4.66797E-01  1.46253E+00
  4.70703E-01  1.45014E+00
  4.74609E-01  1.43771E+00
  4.78516E-01  1.42524E+00
  4.82422E-01  1.41274E+00
  4.86328E-01  1.40020E+00
  4.90234E-01  1.38764E+00
  4.94141E-01  1.37504E+00
  4.98047E-01  1.36243E+00
  5.01953E-01  1.34981E+00
  5.05859E-01  1.33716E+00
  5.09766E-01  1.32451E+00
  5.13672E-01  1.31186E+00
  5.17578E-01  1.29921E+00
  5.21484E-01  1.28656E+00
  5.25391E-01  1.27393E+00
  5.29297E-01  1.26130E+00
  5.33203E-01  1.24870E+00
  5.37109E-01  1.23613E+00
  5.41016E-01  1.22359E+00
  5.44922E-01  1.21109E+00
  5.48828E-01  1.19863E+00
  5.52734E-01  1.18621E+00
  5.56641E-01  1.17386E+00
  5.60547E-01  1.16157E+00
  5.64453E-01  1.14935E+00
  5.68359E-01  1.13721E+00
  5.72266E-01  1.12514E+00
  5.76172E-01  1.11317E+00
  5.80078E-01  1.10128E+00
  5.83984E-01  1.08950E+00
  5.87891E-01  1.07782E+00
  5.91797E-01  1.06626E+00
  5.95703E-01  1.05481E+00
  5.99609E-01  1.04349E+00
  6.03516E-01  1.03229E+00
  6.07422E-01  1.02123E+00
  6.11328E-01  1.01030E+00
  6.15234E-01  9.99506E-01
  6.19141E-01  9.88860E-01
  6.23047E-01  9.78362E-01
  6.26953E-01  9.68014E-01
  6.30859E-01  9.57818E-01
  6.34766E-01  9.47776E-01
  6.38672E-01  9.37890E-01
  6.42578E-01  9.28162E-01
  6.46484E-01  9.18592E-01
  6.50391E-01  9.09177E-01
  6.54297E-01  8.99919E-01
  6.58203E-01  8.90815E-01
  6.62109E-01  8.81867E-01
  6.66016E-01  8.73075E-01
  6.69922E-01  8.64434E-01
  6.73828E-01  8.55940E-01
  6.77734E-01  8.47592E-01
  6.81641E-01  8.39390E-01
  6.85547E-01  8.31327E-01
  6.89453E-01  8.23404E-01
  6.93359E-01  8.15618E-01
  6.97266E-01  8.07963E-01
  7.01172E-01  8.00441E-01
  7.05078E-01  7.93045E-01
  7.08984E-01  7.85768E-01
  7.12891E-01  7.78610E-01
  7.16797E-01  7.71563E-01
  7.20703E-01  7.64628E-01
  7.24609E-01  7.57806E-01
  7.28516E-01  7.51090E-01
  7.32422E-01  7.44474E-01
  7.36328E-01  7.37956E-01
  7.40234E-01  7.31537E-01
  7.44141E-01  7.25207E-01
  7.48047E-01  7.18965E-01
  7.51953E-01  7.12811E-01
  7.55859E-01  7.06743E-01
  7.59766E-01  7.00761E-01
  7.63672E-01  6.94854E-01
  7.67578E-01  6.89021E-01
  7.71484E-01  6.83264E-01
  7.75391E-01  6.77582E-01
  7.79297E-01  6.71976E-01
  7.83203E-01  6.66439E-01
  7.87109E-01  6.60966E-01
  7.91016E-01  6.55555E-01
  7.94922E-01  6.50208E-01
  7.98828E-01  6.44924E-01
  8.02734E-01  6.39706E-01
  8.06641E-01  6.34550E-01
  8.10547E-01  6.29457E-01
  8.14453E-01  6.24416E-01
  8.18359E-01  6.19425E-01
  8.22266E-01  6.14486E-01
  8.26172E-01  6.09599E-01
  8.30078E-01  6.04764E-01
  8.33984E-01  5.99981E-01
  8.37891E-01  5.95249E-01
  8.41797E-01  5.90576E-01
  8.45703E-01  5.85959E-01
  8.49609E-01  5.81386E-01
  8.53516E-01  5.76857E-01
  8.57422E-01  5.72370E-01
  8.61328E-01  5.67925E-01
  8.65234E-01  5.63519E-01
  8.69141E-01  5.59156E-01
  8.73047E-01  5.54836E-01
  8.76953E-01  5.50557E-01
  8.80859E-01  5.46320E-01
  8.84766E-01  5.42124E-01
  8.88672E-01  5.37971E-01
  8.92578E-01  5.33866E-01
  8.96484E-01  5.29807E-01
  9.00391E-01  5.25807E-01
  9.04297E-01  5.21841E-01
  9.08203E-01  5.17911E-01
  9.12109E-01  5.14014E-01
  9.16016E-01  5.10151E-01
  9.19922E-01  5.06326E-01
  9.23828E-01  5.02535E-01
  9.27734E-01  4.98784E-01
  9.31641E-01  4.95067E-01
  9.35547E-01  4.91383E-01
  9.39453E-01  4.87736E-01
  9.43359E-01  4.84125E-01
  9.47266E-01  4.80552E-01
  9.51172E-01  4.77018E-01
  9.55078E-01  4.73532E-01
  9.58984E-01  4.70079E-01
  9.62891E-01  4.66661E-01
  9.66797E-01  4.63279E-01
  9.70703E-01  4.59930E-01
  9.74609E-01  4.56614E-01
  9.78516E-01  4.53331E-01
  9.82422E-01  4.50079E-01
  9.86328E-01  4.46860E-01
  9.90234E-01  4.43670E-01
  9.94141E-01  4.40509E-01
  9.98047E-01  4.37375E-01
  1.00195E+00  4.37376E-01
