 -1.95312E-03  2.59019E+00
  1.95312E-03  2.59034E+00
  5.85938E-03  2.58614E+00
  9.76562E-03  2.58263E+00
  1.36719E-02  2.57917E+00
  1.75781E-02  2.57567E+00
  2.14844E-02  2.57210E+00
  2.53906E-02  2.56846E+00
  2.92969E-02  2.56475E+00
  3.32031E-02  2.56096E+00
  3.71094E-02  2.55710E+00
  4.10156E-02  2.55315E+00
  4.49219E-02  2.54913E+00
  4.88281E-02  2.54503E+00
  5.27344E-02  2.54085E+00
  5.66406E-02  2.53659E+00
  6.05469E-02  2.53225E+00
  6.44531E-02  2.52783E+00
  6.83594E-02  2.52333E+00
  7.22656E-02  2.51876E+00
  7.61719E-02  2.51411E+00
  8.00781E-02  2.50938E+00
  8.39844E-02  2.50457E+00
  8.78906E-02  2.49968E+00
  9.17969E-02  2.49472E+00
  9.57031E-02  2.48968E+00
  9.96094E-02  2.48456E+00
  1.03516E-01  2.47936E+00
  1.07422E-01  2.47408E+00
  1.11328E-01  2.46873E+00
  1.15234E-01  2.46330E+00
  1.19141E-01  2.45780E+00
  1.23047E-01  2.45221E+00
  1.26953E-01  2.44655E+00
  1.30859E-01  2.44081E+00
  1.34766E-01  2.43499E+00
  1.38672E-01  2.42910E+00
  1.42578E-01  2.42313E+00
  1.46484E-01  2.41708E+00
  1.50391E-01  2.41095E+00
  1.54297E-01  2.40474E+00
  1.58203E-01  2.39846E+00
  1.62109E-01  2.39210E+00
  1.66016E-01  2.38566E+00
  1.69922E-01  2.37914E+00
  1.73828E-01  2.37255E+00
  1.77734E-01  2.36587E+00
  1.81641E-01  2.35912E+00
  1.85547E-01  2.35230E+00
  1.89453E-01  2.34539E+00
  1.93359E-01  2.33841E+00
  1.97266E-01  2.33134E+00
  2.01172E-01  2.32420E+00
  2.05078E-01  2.31698E+00
  2.08984E-01  2.30968E+00
  2.12891E-01  2.30230E+00
  2.16797E-01  2.29484E+00
  2.20703E-01  2.28730E+00
  2.24609E-01  2.27967E+00
  2.28516E-01  2.27197E+00
  2.32422E-01  2.26419E+00
  2.36328E-01  2.25633E+00
  2.40234E-01  2.24839E+00
  2.44141E-01  2.24036E+00
  2.48047E-01  2.23226E+00
  2.51953E-01  2.22407E+00
  2.55859E-01  2.21580E+00
  2.59766E-01  2.20744E+00
  2.63672E-01  2.19900E+00
  2.67578E-01  2.19048E+00
  2.71484E-01  2.18188E+00
  2.75391E-01  2.17319E+00
  2.79297E-01  2.16442E+00
  2.83203E-01  2.15556E+00
  2.87109E-01  2.14662E+00
  2.91016E-01  2.13759E+00
  2.94922E-01  2.12848E+00
  2.98828E-01  2.11928E+00
  3.02734E-01  2.10999E+00
  3.06641E-01  2.10062E+00
  3.10547E-01  2.09116E+00
  3.14453E-01  2.08161E+00
  3.18359E-01  2.07198E+00
  3.22266E-01  2.06225E+00
  3.26172E-01  2.05244E+00
  3.30078E-01  2.04253E+00
  3.33984E-01  2.03253E+00
  3.37891E-01  2.02244E+00
  3.41797E-01  2.01227E+00
  3.45703E-01  2.00199E+00
  3.49609E-01  1.99163E+00
  3.53516E-01  1.98118E+00
  3.57422E-01  1.97063E+00
  3.61328E-01  1.95998E+00
  3.65234E-01  1.94924E+00
  3.69141E-01  1.93841E+00
  3.73047E-01  1.92748E+00
  3.76953E-01  1.91645E+00
  3.80859E-01  1.90532E+00
  3.84766E-01  1.89410E+00
  3.88672E-01  1.88277E+00
  3.92578E-01  1.87135E+00
  3.96484E-01  1.85982E+00
  4.00391E-01  1.84820E+00
  4.04297E-01  1.83647E+00
  4.08203E-01  1.82464E+00
  4.12109E-01  1.81270E+00
  4.16016E-01  1.80066E+00
  4.19922E-01  1.78852E+00
  4.23828E-01  1.77627E+00
  4.27734E-01  1.76391E+00
  4.31641E-01  1.75144E+00
  4.35547E-01  1.73886E+00
  4.39453E-01  1.72618E+00
  4.43359E-01  1.71339E+00
  4.47266E-01  1.70048E+00
  4.51172E-01  1.68746E+00
  4.55078E-01  1.67433E+00
  4.58984E-01  1.66109E+00
  4.62891E-01  1.64773E+00
  4.66797E-01  1.63426E+00
  4.70703E-01  1.62068E+00
  4.74609E-01  1.60697E+00
  4.78516E-01  1.59315E+00
  4.82422E-01  1.57922E+00
  4.86328E-01  1.56516E+00
  4.90234E-01  1.55099E+00
  4.94141E-01  1.53670E+00
  4.98047E-01  1.52230E+00
  5.01953E-01  1.50778E+00
  5.05859E-01  1.49314E+00
  5.09766E-01  1.47838E+00
  5.13672E-01  1.46350E+00
  5.17578E-01  1.44850E+00
  5.21484E-01  1.43338E+00
  5.25391E-01  1.41814E+00
  5.29297E-01  1.40279E+00
  5.33203E-01  1.38733E+00
  5.37109E-01  1.37175E+00
  5.41016E-01  1.35606E+00
  5.44922E-01  1.34025E+00
  5.48828E-01  1.32434E+00
  5.52734E-01  1.30832E+00
  5.56641E-01  1.29220E+00
  5.60547E-01  1.27598E+00
  5.64453E-01  1.25967E+00
  5.68359E-01  1.24326E+00
  5.72266E-01  1.22677E+00
  5.76172E-01  1.21021E+00
  5.80078E-01  1.19357E+00
  5.83984E-01  1.17687E+00
  5.87891E-01  1.16011E+00
  5.91797E-01  1.14331E+00
  5.95703E-01  1.12647E+00
  5.99609E-01  1.10961E+00
  6.03516E-01  1.09274E+00
  6.07422E-01  1.07586E+00
  6.11328E-01  1.05900E+00
  6.15234E-01  1.04218E+00
  6.19141E-01  1.02540E+00
  6.23047E-01  1.00869E+00
  6.26953E-01  9.92063E-01
  6.30859E-01  9.75539E-01
  6.34766E-01  9.59144E-01
  6.38672E-01  9.42897E-01
  6.42578E-01  9.26827E-01
  6.46484E-01  9.10948E-01
  6.50391E-01  8.95288E-01
  6.54297E-01  8.79873E-01
  6.58203E-01  8.64720E-01
  6.62109E-01  8.49854E-01
  6.66016E-01  8.35293E-01
  6.69922E-01  8.21055E-01
  6.73828E-01  8.07161E-01
  6.77734E-01  7.93623E-01
  6.81641E-01  7.80458E-01
  6.85547E-01  7.67671E-01
  6.89453E-01  7.55267E-01
  6.93359E-01  7.43250E-01
  6.97266E-01  7.31615E-01
  7.01172E-01  7.20363E-01
  7.05078E-01  7.09495E-01
  7.08984E-01  6.98993E-01
  7.12891E-01  6.88848E-01
  7.16797E-01  6.79060E-01
  7.20703E-01  6.69601E-01
  7.24609E-01  6.60467E-01
  7.28516E-01  6.51639E-01
  7.32422E-01  6.43103E-01
  7.36328E-01  6.34830E-01
  7.40234E-01  6.26825E-01
  7.44141E-01  6.19069E-01
  7.48047E-01  6.11543E-01
  7.51953E-01  6.04226E-01
  7.55859E-01  5.97114E-01
  7.59766E-01  5.90198E-01
  7.63672E-01  5.83455E-01
  7.67578E-01  5.76874E-01
  7.71484E-01  5.70451E-01
  7.75391E-01  5.64181E-01
  7.79297E-01  5.58052E-01
  7.83203E-01  5.52058E-01
  7.87109E-01  5.46184E-01
  7.91016E-01  5.40414E-01
  7.94922E-01  5.34761E-01
  7.98828E-01  5.29204E-01
  8.02734E-01  5.23760E-01
  8.06641E-01  5.18414E-01
  8.10547E-01  5.13180E-01
  8.14453E-01  5.08042E-01
  8.18359E-01  5.02985E-01
  8.22266E-01  4.97986E-01
  8.26172E-01  4.93078E-01
  8.30078E-01  4.88228E-01
  8.33984E-01  4.83457E-01
  8.37891E-01  4.78754E-01
  8.41797E-01  4.74111E-01
  8.45703E-01  4.69542E-01
  8.49609E-01  4.65045E-01
  8.53516E-01  4.60624E-01
  8.57422E-01  4.56260E-01
  8.61328E-01  4.51956E-01
  8.65234E-01  4.47697E-01
  8.69141E-01  4.43497E-01
  8.73047E-01  4.39352E-01
  8.76953E-01  4.35264E-01
  8.80859E-01  4.31222E-01
  8.84766E-01  4.27236E-01
  8.88672E-01  4.23312E-01
  8.92578E-01  4.19442E-01
  8.96484E-01  4.15641E-01
  9.00391E-01  4.11880E-01
  9.04297E-01  4.08166E-01
  9.08203E-01  4.04501E-01
  9.12109E-01  4.00865E-01
  9.16016E-01  3.97289E-01
  9.19922E-01  3.93742E-01
  9.23828E-01  3.90244E-01
  9.27734E-01  3.86791E-01
  9.31641E-01  3.83372E-01
  9.35547E-01  3.79989E-01
  9.39453E-01  3.76655E-01
  9.43359E-01  3.73364E-01
  9.47266E-01  3.70095E-01
  9.51172E-01  3.66866E-01
  9.55078E-01  3.63679E-01
  9.58984E-01  3.60541E-01
  9.62891E-01  3.57453E-01
  9.66797E-01  3.54378E-01
  9.70703E-01  3.51328E-01
  9.74609E-01  3.48309E-01
  9.78516E-01  3.45309E-01
  9.82422E-01  3.42328E-01
  9.86328E-01  3.39346E-01
  9.90234E-01  3.36344E-01
  9.94141E-01  3.33295E-01
  9.98047E-01  3.30260E-01
  1.00195E+00  3.30260E-01
