 -1.95312E-03  1.74013E+00
  1.95312E-03  1.74110E+00
  5.85938E-03  1.73695E+00
  9.76562E-03  1.73344E+00
  1.36719E-02  1.72998E+00
  1.75781E-02  1.72648E+00
  2.14844E-02  1.72293E+00
  2.53906E-02  1.71931E+00
  2.92969E-02  1.71562E+00
  3.32031E-02  1.71186E+00
  3.71094E-02  1.70803E+00
  4.10156E-02  1.70413E+00
  4.49219E-02  1.70017E+00
  4.88281E-02  1.69614E+00
  5.27344E-02  1.69205E+00
  5.66406E-02  1.68789E+00
  6.05469E-02  1.68367E+00
  6.44531E-02  1.67939E+00
  6.83594E-02  1.67505E+00
  7.22656E-02  1.67066E+00
  7.61719E-02  1.66620E+00
  8.00781E-02  1.66169E+00
  8.39844E-02  1.65713E+00
  8.78906E-02  1.65252E+00
  9.17969E-02  1.64786E+00
  9.57031E-02  1.64314E+00
  9.96094E-02  1.63838E+00
  1.03516E-01  1.63358E+00
  1.07422E-01  1.62873E+00
  1.11328E-01  1.62383E+00
  1.15234E-01  1.61890E+00
  1.19141E-01  1.61393E+00
  1.23047E-01  1.60891E+00
  1.26953E-01  1.60387E+00
  1.30859E-01  1.59879E+00
  1.34766E-01  1.59367E+00
  1.38672E-01  1.58852E+00
  1.42578E-01  1.58335E+00
  1.46484E-01  1.57814E+00
  1.50391E-01  1.57291E+00
  1.54297E-01  1.56766E+00
  1.58203E-01  1.56238E+00
  1.62109E-01  1.55707E+00
  1.66016E-01  1.55175E+00
  1.69922E-01  1.54641E+00
  1.73828E-01  1.54105E+00
  1.77734E-01  1.53568E+00
  1.81641E-01  1.53029E+00
  1.85547E-01  1.52489E+00
  1.89453E-01  1.51948E+00
  1.93359E-01  1.51406E+00
  1.97266E-01  1.50863E+00
  2.01172E-01  1.50319E+00
  2.05078E-01  1.49775E+00
  2.08984E-01  1.49231E+00
  2.12891E-01  1.48686E+00
  2.16797E-01  1.48141E+00
  2.20703E-01  1.47596E+00
  2.24609E-01  1.47051E+00
  2.28516E-01  1.46507E+00
  2.32422E-01  1.45963E+00
  2.36328E-01  1.45419E+00
  2.40234E-01  1.44876E+00
  2.44141E-01  1.44334E+00
  2.48047E-01  1.43793E+00
  2.51953E-01  1.43253E+00
  2.55859E-01  1.42713E+00
  2.59766E-01  1.42175E+00
  2.63672E-01  1.41638E+00
  2.67578E-01  1.41103E+00
  2.71484E-01  1.40569E+00
  2.75391E-01  1.40036E+00
  2.79297E-01  1.39505E+00
  2.83203E-01  1.38976E+00
  2.87109E-01  1.38448E+00
  2.91016E-01  1.37923E+00
  2.94922E-01  1.37399E+00
  2.98828E-01  1.36877E+00
  3.02734E-01  1.36357E+00
  3.06641E-01  1.35839E+00
  3.10547E-01  1.35323E+00
  3.14453E-01  1.34809E+00
  3.18359E-01  1.34298E+00
  3.22266E-01  1.33788E+00
  3.26172E-01  1.33281E+00
  3.30078E-01  1.32776E+00
  3.33984E-01  1.32274E+00
  3.37891E-01  1.31774E+00
  3.41797E-01  1.31276E+00
  3.45703E-01  1.30780E+00
  3.49609E-01  1.30287E+00
  3.53516E-01  1.29796E+00
  3.57422E-01  1.29308E+00
  3.61328E-01  1.28822E+00
  3.65234E-01  1.28339E+00
  3.69141E-01  1.27858E+00
  3.73047E-01  1.27379E+00
  3.76953E-01  1.26903E+00
  3.80859E-01  1.26429E+00
  3.84766E-01  1.25958E+00
  3.88672E-01  1.25489E+00
  3.92578E-01  1.25023E+00
  3.96484E-01  1.24559E+00
  4.00391E-01  1.24097E+00
  4.04297E-01  1.23638E+00
  4.08203E-01  1.23181E+00
  4.12109E-01  1.22726E+00
  4.16016E-01  1.22274E+00
  4.19922E-01  1.21824E+00
  4.23828E-01  1.21377E+00
  4.27734E-01  1.20932E+00
  4.31641E-01  1.20489E+00
  4.35547E-01  1.20048E+00
  4.39453E-01  1.19610E+00
  4.43359E-01  1.19174E+00
  4.47266E-01  1.18740E+00
  4.51172E-01  1.18309E+00
  4.55078E-01  1.17879E+00
  4.58984E-01  1.17452E+00
  4.62891E-01  1.17027E+00
  4.66797E-01  1.16604E+00
  4.70703E-01  1.16184E+00
  4.74609E-01  1.15765E+00
  4.78516E-01  1.15349E+00
  4.82422E-01  1.14935E+00
  4.86328E-01  1.14523E+00
  4.90234E-01  1.14113E+00
  4.94141E-01  1.13705E+00
  4.98047E-01  1.13299E+00
  5.01953E-01  1.12895E+00
  5.05859E-01  1.12493E+00
  5.09766E-01  1.12093E+00
  5.13672E-01  1.11695E+00
  5.17578E-01  1.11299E+00
  5.21484E-01  1.10905E+00
  5.25391E-01  1.10514E+00
  5.29297E-01  1.10123E+00
  5.33203E-01  1.09735E+00
  5.37109E-01  1.09349E+00
  5.41016E-01  1.08965E+00
  5.44922E-01  1.08582E+00
  5.48828E-01  1.08202E+00
  5.52734E-01  1.07823E+00
  5.56641E-01  1.07446E+00
  5.60547E-01  1.07071E+00
  5.64453E-01  1.06697E+00
  5.68359E-01  1.06326E+00
  5.72266E-01  1.05956E+00
  5.76172E-01  1.05588E+00
  5.80078E-01  1.05221E+00
  5.83984E-01  1.04857E+00
  5.87891E-01  1.04494E+00
  5.91797E-01  1.04133E+00
  5.95703E-01  1.03773E+00
  5.99609E-01  1.03415E+00
  6.03516E-01  1.03059E+00
  6.07422E-01  1.02705E+00
  6.11328E-01  1.02352E+00
  6.15234E-01  1.02001E+00
  6.19141E-01  1.01651E+00
  6.23047E-01  1.01303E+00
  6.26953E-01  1.00957E+00
  6.30859E-01  1.00612E+00
  6.34766E-01  1.00269E+00
  6.38672E-01  9.99268E-01
  6.42578E-01  9.95865E-01
  6.46484E-01  9.92478E-01
  6.50391E-01  9.89105E-01
  6.54297E-01  9.85747E-01
  6.58203E-01  9.82403E-01
  6.62109E-01  9.79074E-01
  6.66016E-01  9.75759E-01
  6.69922E-01  9.72459E-01
  6.73828E-01  9.69171E-01
  6.77734E-01  9.65899E-01
  6.81641E-01  9.62638E-01
  6.85547E-01  9.59392E-01
  6.89453E-01  9.56158E-01
  6.93359E-01  9.52938E-01
  6.97266E-01  9.49729E-01
  7.01172E-01  9.46534E-01
  7.05078E-01  9.43350E-01
  7.08984E-01  9.40179E-01
  7.12891E-01  9.37018E-01
  7.16797E-01  9.33868E-01
  7.20703E-01  9.30729E-01
  7.24609E-01  9.27601E-01
  7.28516E-01  9.24483E-01
  7.32422E-01  9.21374E-01
  7.36328E-01  9.18276E-01
  7.40234E-01  9.15188E-01
  7.44141E-01  9.12109E-01
  7.48047E-01  9.09039E-01
  7.51953E-01  9.05978E-01
  7.55859E-01  9.02925E-01
  7.59766E-01  8.99880E-01
  7.63672E-01  8.96843E-01
  7.67578E-01  8.93813E-01
  7.71484E-01  8.90790E-01
  7.75391E-01  8.87773E-01
  7.79297E-01  8.84763E-01
  7.83203E-01  8.81758E-01
  7.87109E-01  8.78758E-01
  7.91016E-01  8.75764E-01
  7.94922E-01  8.72774E-01
  7.98828E-01  8.69788E-01
  8.02734E-01  8.66805E-01
  8.06641E-01  8.63826E-01
  8.10547E-01  8.60849E-01
  8.14453E-01  8.57875E-01
  8.18359E-01  8.54902E-01
  8.22266E-01  8.51930E-01
  8.26172E-01  8.48960E-01
  8.30078E-01  8.45989E-01
  8.33984E-01  8.43019E-01
  8.37891E-01  8.40048E-01
  8.41797E-01  8.37074E-01
  8.45703E-01  8.34100E-01
  8.49609E-01  8.31123E-01
  8.53516E-01  8.28143E-01
  8.57422E-01  8.25160E-01
  8.61328E-01  8.22173E-01
  8.65234E-01  8.19181E-01
  8.69141E-01  8.16185E-01
  8.73047E-01  8.13184E-01
  8.76953E-01  8.10177E-01
  8.80859E-01  8.07163E-01
  8.84766E-01  8.04143E-01
  8.88672E-01  8.01115E-01
  8.92578E-01  7.98080E-01
  8.96484E-01  7.95038E-01
  9.00391E-01  7.91987E-01
  9.04297E-01  7.88929E-01
  9.08203E-01  7.85861E-01
  9.12109E-01  7.82785E-01
  9.16016E-01  7.79700E-01
  9.19922E-01  7.76607E-01
  9.23828E-01  7.73504E-01
  9.27734E-01  7.70393E-01
  9.31641E-01  7.67272E-01
  9.35547E-01  7.64144E-01
  9.39453E-01  7.61007E-01
  9.43359E-01  7.57861E-01
  9.47266E-01  7.54709E-01
  9.51172E-01  7.51549E-01
  9.55078E-01  7.48383E-01
  9.58984E-01  7.45211E-01
  9.62891E-01  7.42035E-01
  9.66797E-01  7.38855E-01
  9.70703E-01  7.35672E-01
  9.74609E-01  7.32489E-01
  9.78516E-01  7.29306E-01
  9.82422E-01  7.26126E-01
  9.86328E-01  7.22951E-01
  9.90234E-01  7.19784E-01
  9.94141E-01  7.16627E-01
  9.98047E-01  7.13434E-01
  1.00195E+00  7.13467E-01
