 -1.95312E-03  1.42629E+00
  1.95312E-03  1.42727E+00
  5.85938E-03  1.42315E+00
  9.76562E-03  1.41972E+00
  1.36719E-02  1.41638E+00
  1.75781E-02  1.41303E+00
  2.14844E-02  1.40968E+00
  2.53906E-02  1.40630E+00
  2.92969E-02  1.40290E+00
  3.32031E-02  1.39947E+00
  3.71094E-02  1.39603E+00
  4.10156E-02  1.39257E+00
  4.49219E-02  1.38910E+00
  4.88281E-02  1.38561E+00
  5.27344E-02  1.38211E+00
  5.66406E-02  1.37860E+00
  6.05469E-02  1.37509E+00
  6.44531E-02  1.37157E+00
  6.83594E-02  1.36805E+00
  7.22656E-02  1.36454E+00
  7.61719E-02  1.36102E+00
  8.00781E-02  1.35751E+00
  8.39844E-02  1.35401E+00
  8.78906E-02  1.35052E+00
  9.17969E-02  1.34703E+00
  9.57031E-02  1.34356E+00
  9.96094E-02  1.34010E+00
  1.03516E-01  1.33666E+00
  1.07422E-01  1.33323E+00
  1.11328E-01  1.32982E+00
  1.15234E-01  1.32643E+00
  1.19141E-01  1.32306E+00
  1.23047E-01  1.31972E+00
  1.26953E-01  1.31639E+00
  1.30859E-01  1.31308E+00
  1.34766E-01  1.30980E+00
  1.38672E-01  1.30654E+00
  1.42578E-01  1.30331E+00
  1.46484E-01  1.30010E+00
  1.50391E-01  1.29691E+00
  1.54297E-01  1.29375E+00
  1.58203E-01  1.29061E+00
  1.62109E-01  1.28750E+00
  1.66016E-01  1.28442E+00
  1.69922E-01  1.28135E+00
  1.73828E-01  1.27832E+00
  1.77734E-01  1.27530E+00
  1.81641E-01  1.27232E+00
  1.85547E-01  1.26935E+00
  1.89453E-01  1.26641E+00
  1.93359E-01  1.26349E+00
  1.97266E-01  1.26060E+00
  2.01172E-01  1.25772E+00
  2.05078E-01  1.25487E+00
  2.08984E-01  1.25205E+00
  2.12891E-01  1.24924E+00
  2.16797E-01  1.24645E+00
  2.20703E-01  1.24368E+00
  2.24609E-01  1.24093E+00
  2.28516E-01  1.23821E+00
  2.32422E-01  1.23550E+00
  2.36328E-01  1.23280E+00
  2.40234E-01  1.23013E+00
  2.44141E-01  1.22747E+00
  2.48047E-01  1.22483E+00
  2.51953E-01  1.22221E+00
  2.55859E-01  1.21960E+00
  2.59766E-01  1.21701E+00
  2.63672E-01  1.21443E+00
  2.67578E-01  1.21187E+00
  2.71484E-01  1.20932E+00
  2.75391E-01  1.20678E+00
  2.79297E-01  1.20426E+00
  2.83203E-01  1.20175E+00
  2.87109E-01  1.19925E+00
  2.91016E-01  1.19677E+00
  2.94922E-01  1.19429E+00
  2.98828E-01  1.19183E+00
  3.02734E-01  1.18938E+00
  3.06641E-01  1.18695E+00
  3.10547E-01  1.18452E+00
  3.14453E-01  1.18210E+00
  3.18359E-01  1.17970E+00
  3.22266E-01  1.17730E+00
  3.26172E-01  1.17492E+00
  3.30078E-01  1.17254E+00
  3.33984E-01  1.17017E+00
  3.37891E-01  1.16782E+00
  3.41797E-01  1.16547E+00
  3.45703E-01  1.16313E+00
  3.49609E-01  1.16080E+00
  3.53516E-01  1.15848E+00
  3.57422E-01  1.15616E+00
  3.61328E-01  1.15386E+00
  3.65234E-01  1.15156E+00
  3.69141E-01  1.14928E+00
  3.73047E-01  1.14700E+00
  3.76953E-01  1.14472E+00
  3.80859E-01  1.14246E+00
  3.84766E-01  1.14020E+00
  3.88672E-01  1.13795E+00
  3.92578E-01  1.13571E+00
  3.96484E-01  1.13348E+00
  4.00391E-01  1.13125E+00
  4.04297E-01  1.12903E+00
  4.08203E-01  1.12682E+00
  4.12109E-01  1.12462E+00
  4.16016E-01  1.12242E+00
  4.19922E-01  1.12023E+00
  4.23828E-01  1.11805E+00
  4.27734E-01  1.11587E+00
  4.31641E-01  1.11370E+00
  4.35547E-01  1.11153E+00
  4.39453E-01  1.10938E+00
  4.43359E-01  1.10723E+00
  4.47266E-01  1.10508E+00
  4.51172E-01  1.10295E+00
  4.55078E-01  1.10082E+00
  4.58984E-01  1.09869E+00
  4.62891E-01  1.09657E+00
  4.66797E-01  1.09446E+00
  4.70703E-01  1.09236E+00
  4.74609E-01  1.09026E+00
  4.78516E-01  1.08817E+00
  4.82422E-01  1.08608E+00
  4.86328E-01  1.08400E+00
  4.90234E-01  1.08192E+00
  4.94141E-01  1.07985E+00
  4.98047E-01  1.07779E+00
  5.01953E-01  1.07573E+00
  5.05859E-01  1.07368E+00
  5.09766E-01  1.07164E+00
  5.13672E-01  1.06960E+00
  5.17578E-01  1.06756E+00
  5.21484E-01  1.06554E+00
  5.25391E-01  1.06352E+00
  5.29297E-01  1.06150E+00
  5.33203E-01  1.05949E+00
  5.37109E-01  1.05748E+00
  5.41016E-01  1.05548E+00
  5.44922E-01  1.05349E+00
  5.48828E-01  1.05150E+00
  5.52734E-01  1.04952E+00
  5.56641E-01  1.04754E+00
  5.60547E-01  1.04556E+00
  5.64453E-01  1.04360E+00
  5.68359E-01  1.04163E+00
  5.72266E-01  1.03968E+00
  5.76172E-01  1.03773E+00
  5.80078E-01  1.03578E+00
  5.83984E-01  1.03384E+00
  5.87891E-01  1.03191E+00
  5.91797E-01  1.02998E+00
  5.95703E-01  1.02805E+00
  5.99609E-01  1.02613E+00
  6.03516E-01  1.02422E+00
  6.07422E-01  1.02231E+00
  6.11328E-01  1.02040E+00
  6.15234E-01  1.01850E+00
  6.19141E-01  1.01661E+00
  6.23047E-01  1.01472E+00
  6.26953E-01  1.01283E+00
  6.30859E-01  1.01095E+00
  6.34766E-01  1.00908E+00
  6.38672E-01  1.00721E+00
  6.42578E-01  1.00534E+00
  6.46484E-01  1.00348E+00
  6.50391E-01  1.00163E+00
  6.54297E-01  9.99775E-01
  6.58203E-01  9.97929E-01
  6.62109E-01  9.96088E-01
  6.66016E-01  9.94251E-01
  6.69922E-01  9.92419E-01
  6.73828E-01  9.90591E-01
  6.77734E-01  9.88768E-01
  6.81641E-01  9.86950E-01
  6.85547E-01  9.85136E-01
  6.89453E-01  9.83327E-01
  6.93359E-01  9.81522E-01
  6.97266E-01  9.79721E-01
  7.01172E-01  9.77924E-01
  7.05078E-01  9.76131E-01
  7.08984E-01  9.74343E-01
  7.12891E-01  9.72559E-01
  7.16797E-01  9.70778E-01
  7.20703E-01  9.69002E-01
  7.24609E-01  9.67229E-01
  7.28516E-01  9.65459E-01
  7.32422E-01  9.63693E-01
  7.36328E-01  9.61930E-01
  7.40234E-01  9.60171E-01
  7.44141E-01  9.58415E-01
  7.48047E-01  9.56661E-01
  7.51953E-01  9.54911E-01
  7.55859E-01  9.53162E-01
  7.59766E-01  9.51417E-01
  7.63672E-01  9.49672E-01
  7.67578E-01  9.47929E-01
  7.71484E-01  9.46188E-01
  7.75391E-01  9.44448E-01
  7.79297E-01  9.42709E-01
  7.83203E-01  9.40970E-01
  7.87109E-01  9.39231E-01
  7.91016E-01  9.37491E-01
  7.94922E-01  9.35750E-01
  7.98828E-01  9.34008E-01
  8.02734E-01  9.32264E-01
  8.06641E-01  9.30518E-01
  8.10547E-01  9.28768E-01
  8.14453E-01  9.27015E-01
  8.18359E-01  9.25257E-01
  8.22266E-01  9.23493E-01
  8.26172E-01  9.21723E-01
  8.30078E-01  9.19947E-01
  8.33984E-01  9.18163E-01
  8.37891E-01  9.16370E-01
  8.41797E-01  9.14567E-01
  8.45703E-01  9.12754E-01
  8.49609E-01  9.10929E-01
  8.53516E-01  9.09092E-01
  8.57422E-01  9.07240E-01
  8.61328E-01  9.05374E-01
  8.65234E-01  9.03492E-01
  8.69141E-01  9.01592E-01
  8.73047E-01  8.99673E-01
  8.76953E-01  8.97735E-01
  8.80859E-01  8.95775E-01
  8.84766E-01  8.93792E-01
  8.88672E-01  8.91786E-01
  8.92578E-01  8.89754E-01
  8.96484E-01  8.87695E-01
  9.00391E-01  8.85608E-01
  9.04297E-01  8.83491E-01
  9.08203E-01  8.81343E-01
  9.12109E-01  8.79163E-01
  9.16016E-01  8.76948E-01
  9.19922E-01  8.74699E-01
  9.23828E-01  8.72413E-01
  9.27734E-01  8.70089E-01
  9.31641E-01  8.67727E-01
  9.35547E-01  8.65324E-01
  9.39453E-01  8.62879E-01
  9.43359E-01  8.60393E-01
  9.47266E-01  8.57863E-01
  9.51172E-01  8.55289E-01
  9.55078E-01  8.52672E-01
  9.58984E-01  8.50009E-01
  9.62891E-01  8.47301E-01
  9.66797E-01  8.44548E-01
  9.70703E-01  8.41749E-01
  9.74609E-01  8.38906E-01
  9.78516E-01  8.36017E-01
  9.82422E-01  8.33086E-01
  9.86328E-01  8.30112E-01
  9.90234E-01  8.27096E-01
  9.94141E-01  8.24041E-01
  9.98047E-01  8.20804E-01
  1.00195E+00  8.20898E-01
