 -1.95312E-03  2.71370E+00
  1.95312E-03  2.71457E+00
  5.85938E-03  2.71043E+00
  9.76562E-03  2.70693E+00
  1.36719E-02  2.70348E+00
  1.75781E-02  2.69999E+00
  2.14844E-02  2.69645E+00
  2.53906E-02  2.69283E+00
  2.92969E-02  2.68915E+00
  3.32031E-02  2.68539E+00
  3.71094E-02  2.68156E+00
  4.10156E-02  2.67766E+00
  4.49219E-02  2.67368E+00
  4.88281E-02  2.66962E+00
  5.27344E-02  2.66549E+00
  5.66406E-02  2.66129E+00
  6.05469E-02  2.65702E+00
  6.44531E-02  2.65266E+00
  6.83594E-02  2.64824E+00
  7.22656E-02  2.64374E+00
  7.61719E-02  2.63916E+00
  8.00781E-02  2.63451E+00
  8.39844E-02  2.62979E+00
  8.78906E-02  2.62499E+00
  9.17969E-02  2.62011E+00
  9.57031E-02  2.61516E+00
  9.96094E-02  2.61014E+00
  1.03516E-01  2.60505E+00
  1.07422E-01  2.59988E+00
  1.11328E-01  2.59463E+00
  1.15234E-01  2.58931E+00
  1.19141E-01  2.58392E+00
  1.23047E-01  2.57845E+00
  1.26953E-01  2.57291E+00
  1.30859E-01  2.56730E+00
  1.34766E-01  2.56161E+00
  1.38672E-01  2.55584E+00
  1.42578E-01  2.55001E+00
  1.46484E-01  2.54409E+00
  1.50391E-01  2.53811E+00
  1.54297E-01  2.53205E+00
  1.58203E-01  2.52592E+00
  1.62109E-01  2.51971E+00
  1.66016E-01  2.51342E+00
  1.69922E-01  2.50707E+00
  1.73828E-01  2.50064E+00
  1.77734E-01  2.49413E+00
  1.81641E-01  2.48755E+00
  1.85547E-01  2.48090E+00
  1.89453E-01  2.47417E+00
  1.93359E-01  2.46736E+00
  1.97266E-01  2.46048E+00
  2.01172E-01  2.45352E+00
  2.05078E-01  2.44649E+00
  2.08984E-01  2.43938E+00
  2.12891E-01  2.43219E+00
  2.16797E-01  2.42493E+00
  2.20703E-01  2.41759E+00
  2.24609E-01  2.41017E+00
  2.28516E-01  2.40268E+00
  2.32422E-01  2.39511E+00
  2.36328E-01  2.38746E+00
  2.40234E-01  2.37973E+00
  2.44141E-01  2.37192E+00
  2.48047E-01  2.36404E+00
  2.51953E-01  2.35607E+00
  2.55859E-01  2.34803E+00
  2.59766E-01  2.33991E+00
  2.63672E-01  2.33171E+00
  2.67578E-01  2.32342E+00
  2.71484E-01  2.31506E+00
  2.75391E-01  2.30661E+00
  2.79297E-01  2.29808E+00
  2.83203E-01  2.28947E+00
  2.87109E-01  2.28078E+00
  2.91016E-01  2.27201E+00
  2.94922E-01  2.26315E+00
  2.98828E-01  2.25421E+00
  3.02734E-01  2.24518E+00
  3.06641E-01  2.23607E+00
  3.10547E-01  2.22687E+00
  3.14453E-01  2.21759E+00
  3.18359E-01  2.20822E+00
  3.22266E-01  2.19876E+00
  3.26172E-01  2.18922E+00
  3.30078E-01  2.17958E+00
  3.33984E-01  2.16986E+00
  3.37891E-01  2.16004E+00
  3.41797E-01  2.15014E+00
  3.45703E-01  2.14014E+00
  3.49609E-01  2.13005E+00
  3.53516E-01  2.11987E+00
  3.57422E-01  2.10959E+00
  3.61328E-01  2.09922E+00
  3.65234E-01  2.08876E+00
  3.69141E-01  2.07820E+00
  3.73047E-01  2.06753E+00
  3.76953E-01  2.05678E+00
  3.80859E-01  2.04592E+00
  3.84766E-01  2.03496E+00
  3.88672E-01  2.02390E+00
  3.92578E-01  2.01274E+00
  3.96484E-01  2.00147E+00
  4.00391E-01  1.99010E+00
  4.04297E-01  1.97863E+00
  4.08203E-01  1.96705E+00
  4.12109E-01  1.95535E+00
  4.16016E-01  1.94355E+00
  4.19922E-01  1.93164E+00
  4.23828E-01  1.91961E+00
  4.27734E-01  1.90747E+00
  4.31641E-01  1.89522E+00
  4.35547E-01  1.88285E+00
  4.39453E-01  1.87036E+00
  4.43359E-01  1.85775E+00
  4.47266E-01  1.84501E+00
  4.51172E-01  1.83215E+00
  4.55078E-01  1.81917E+00
  4.58984E-01  1.80606E+00
  4.62891E-01  1.79282E+00
  4.66797E-01  1.77945E+00
  4.70703E-01  1.76595E+00
  4.74609E-01  1.75231E+00
  4.78516E-01  1.73853E+00
  4.82422E-01  1.72461E+00
  4.86328E-01  1.71055E+00
  4.90234E-01  1.69635E+00
  4.94141E-01  1.68200E+00
  4.98047E-01  1.66749E+00
  5.01953E-01  1.65284E+00
  5.05859E-01  1.63803E+00
  5.09766E-01  1.62306E+00
  5.13672E-01  1.60792E+00
  5.17578E-01  1.59262E+00
  5.21484E-01  1.57716E+00
  5.25391E-01  1.56152E+00
  5.29297E-01  1.54571E+00
  5.33203E-01  1.52972E+00
  5.37109E-01  1.51355E+00
  5.41016E-01  1.49719E+00
  5.44922E-01  1.48064E+00
  5.48828E-01  1.46390E+00
  5.52734E-01  1.44695E+00
  5.56641E-01  1.42980E+00
  5.60547E-01  1.41245E+00
  5.64453E-01  1.39488E+00
  5.68359E-01  1.37710E+00
  5.72266E-01  1.35910E+00
  5.76172E-01  1.34087E+00
  5.80078E-01  1.32241E+00
  5.83984E-01  1.30372E+00
  5.87891E-01  1.28478E+00
  5.91797E-01  1.26560E+00
  5.95703E-01  1.24617E+00
  5.99609E-01  1.22649E+00
  6.03516E-01  1.20656E+00
  6.07422E-01  1.18636E+00
  6.11328E-01  1.16589E+00
  6.15234E-01  1.14516E+00
  6.19141E-01  1.12415E+00
  6.23047E-01  1.10287E+00
  6.26953E-01  1.08132E+00
  6.30859E-01  1.05949E+00
  6.34766E-01  1.03740E+00
  6.38672E-01  1.01506E+00
  6.42578E-01  9.92464E-01
  6.46484E-01  9.69637E-01
  6.50391E-01  9.46595E-01
  6.54297E-01  9.23361E-01
  6.58203E-01  8.99973E-01
  6.62109E-01  8.76460E-01
  6.66016E-01  8.52881E-01
  6.69922E-01  8.29291E-01
  6.73828E-01  8.05760E-01
  6.77734E-01  7.82360E-01
  6.81641E-01  7.59207E-01
  6.85547E-01  7.36410E-01
  6.89453E-01  7.14085E-01
  6.93359E-01  6.92357E-01
  6.97266E-01  6.71358E-01
  7.01172E-01  6.51202E-01
  7.05078E-01  6.32008E-01
  7.08984E-01  6.13852E-01
  7.12891E-01  5.96809E-01
  7.16797E-01  5.80916E-01
  7.20703E-01  5.66152E-01
  7.24609E-01  5.52484E-01
  7.28516E-01  5.39869E-01
  7.32422E-01  5.28243E-01
  7.36328E-01  5.17529E-01
  7.40234E-01  5.07603E-01
  7.44141E-01  4.98393E-01
  7.48047E-01  4.89824E-01
  7.51953E-01  4.81797E-01
  7.55859E-01  4.74249E-01
  7.59766E-01  4.67096E-01
  7.63672E-01  4.60309E-01
  7.67578E-01  4.53840E-01
  7.71484E-01  4.47632E-01
  7.75391E-01  4.41658E-01
  7.79297E-01  4.35900E-01
  7.83203E-01  4.30328E-01
  7.87109E-01  4.24919E-01
  7.91016E-01  4.19644E-01
  7.94922E-01  4.14507E-01
  7.98828E-01  4.09498E-01
  8.02734E-01  4.04623E-01
  8.06641E-01  3.99860E-01
  8.10547E-01  3.95208E-01
  8.14453E-01  3.90644E-01
  8.18359E-01  3.86142E-01
  8.22266E-01  3.81735E-01
  8.26172E-01  3.77409E-01
  8.30078E-01  3.73136E-01
  8.33984E-01  3.68933E-01
  8.37891E-01  3.64817E-01
  8.41797E-01  3.60780E-01
  8.45703E-01  3.56812E-01
  8.49609E-01  3.52897E-01
  8.53516E-01  3.49050E-01
  8.57422E-01  3.45310E-01
  8.61328E-01  3.41629E-01
  8.65234E-01  3.38005E-01
  8.69141E-01  3.34448E-01
  8.73047E-01  3.30945E-01
  8.76953E-01  3.27488E-01
  8.80859E-01  3.24064E-01
  8.84766E-01  3.20660E-01
  8.88672E-01  3.17316E-01
  8.92578E-01  3.14017E-01
  8.96484E-01  3.10778E-01
  9.00391E-01  3.07584E-01
  9.04297E-01  3.04437E-01
  9.08203E-01  3.01339E-01
  9.12109E-01  2.98281E-01
  9.16016E-01  2.95275E-01
  9.19922E-01  2.92302E-01
  9.23828E-01  2.89380E-01
  9.27734E-01  2.86490E-01
  9.31641E-01  2.83648E-01
  9.35547E-01  2.80835E-01
  9.39453E-01  2.78067E-01
  9.43359E-01  2.75325E-01
  9.47266E-01  2.72625E-01
  9.51172E-01  2.69938E-01
  9.55078E-01  2.67257E-01
  9.58984E-01  2.64601E-01
  9.62891E-01  2.61979E-01
  9.66797E-01  2.59374E-01
  9.70703E-01  2.56795E-01
  9.74609E-01  2.54225E-01
  9.78516E-01  2.51669E-01
  9.82422E-01  2.49119E-01
  9.86328E-01  2.46560E-01
  9.90234E-01  2.43957E-01
  9.94141E-01  2.41266E-01
  9.98047E-01  2.38461E-01
  1.00195E+00  2.38462E-01
