 -1.95312E-03  2.81572E+00
  1.95312E-03  2.81669E+00
  5.85938E-03  2.81255E+00
  9.76562E-03  2.80906E+00
  1.36719E-02  2.80562E+00
  1.75781E-02  2.80215E+00
  2.14844E-02  2.79862E+00
  2.53906E-02  2.79503E+00
  2.92969E-02  2.79137E+00
  3.32031E-02  2.78764E+00
  3.71094E-02  2.78384E+00
  4.10156E-02  2.77997E+00
  4.49219E-02  2.77604E+00
  4.88281E-02  2.77202E+00
  5.27344E-02  2.76794E+00
  5.66406E-02  2.76379E+00
  6.05469E-02  2.75956E+00
  6.44531E-02  2.75526E+00
  6.83594E-02  2.75089E+00
  7.22656E-02  2.74645E+00
  7.61719E-02  2.74194E+00
  8.00781E-02  2.73736E+00
  8.39844E-02  2.73271E+00
  8.78906E-02  2.72798E+00
  9.17969E-02  2.72319E+00
  9.57031E-02  2.71832E+00
  9.96094E-02  2.71338E+00
  1.03516E-01  2.70837E+00
  1.07422E-01  2.70329E+00
  1.11328E-01  2.69814E+00
  1.15234E-01  2.69292E+00
  1.19141E-01  2.68763E+00
  1.23047E-01  2.68227E+00
  1.26953E-01  2.67684E+00
  1.30859E-01  2.67134E+00
  1.34766E-01  2.66577E+00
  1.38672E-01  2.66013E+00
  1.42578E-01  2.65441E+00
  1.46484E-01  2.64863E+00
  1.50391E-01  2.64277E+00
  1.54297E-01  2.63685E+00
  1.58203E-01  2.63085E+00
  1.62109E-01  2.62479E+00
  1.66016E-01  2.61865E+00
  1.69922E-01  2.61244E+00
  1.73828E-01  2.60616E+00
  1.77734E-01  2.59981E+00
  1.81641E-01  2.59339E+00
  1.85547E-01  2.58689E+00
  1.89453E-01  2.58033E+00
  1.93359E-01  2.57369E+00
  1.97266E-01  2.56698E+00
  2.01172E-01  2.56020E+00
  2.05078E-01  2.55334E+00
  2.08984E-01  2.54642E+00
  2.12891E-01  2.53942E+00
  2.16797E-01  2.53235E+00
  2.20703E-01  2.52520E+00
  2.24609E-01  2.51798E+00
  2.28516E-01  2.51069E+00
  2.32422E-01  2.50332E+00
  2.36328E-01  2.49588E+00
  2.40234E-01  2.48837E+00
  2.44141E-01  2.48078E+00
  2.48047E-01  2.47312E+00
  2.51953E-01  2.46538E+00
  2.55859E-01  2.45756E+00
  2.59766E-01  2.44967E+00
  2.63672E-01  2.44170E+00
  2.67578E-01  2.43366E+00
  2.71484E-01  2.42554E+00
  2.75391E-01  2.41734E+00
  2.79297E-01  2.40907E+00
  2.83203E-01  2.40072E+00
  2.87109E-01  2.39229E+00
  2.91016E-01  2.38378E+00
  2.94922E-01  2.37519E+00
  2.98828E-01  2.36652E+00
  3.02734E-01  2.35777E+00
  3.06641E-01  2.34894E+00
  3.10547E-01  2.34003E+00
  3.14453E-01  2.33104E+00
  3.18359E-01  2.32196E+00
  3.22266E-01  2.31281E+00
  3.26172E-01  2.30356E+00
  3.30078E-01  2.29424E+00
  3.33984E-01  2.28482E+00
  3.37891E-01  2.27533E+00
  3.41797E-01  2.26575E+00
  3.45703E-01  2.25608E+00
  3.49609E-01  2.24632E+00
  3.53516E-01  2.23648E+00
  3.57422E-01  2.22655E+00
  3.61328E-01  2.21652E+00
  3.65234E-01  2.20641E+00
  3.69141E-01  2.19620E+00
  3.73047E-01  2.18590E+00
  3.76953E-01  2.17551E+00
  3.80859E-01  2.16502E+00
  3.84766E-01  2.15444E+00
  3.88672E-01  2.14376E+00
  3.92578E-01  2.13298E+00
  3.96484E-01  2.12211E+00
  4.00391E-01  2.11113E+00
  4.04297E-01  2.10005E+00
  4.08203E-01  2.08888E+00
  4.12109E-01  2.07759E+00
  4.16016E-01  2.06620E+00
  4.19922E-01  2.05471E+00
  4.23828E-01  2.04311E+00
  4.27734E-01  2.03140E+00
  4.31641E-01  2.01957E+00
  4.35547E-01  2.00764E+00
  4.39453E-01  1.99559E+00
  4.43359E-01  1.98342E+00
  4.47266E-01  1.97114E+00
  4.51172E-01  1.95874E+00
  4.55078E-01  1.94622E+00
  4.58984E-01  1.93357E+00
  4.62891E-01  1.92080E+00
  4.66797E-01  1.90790E+00
  4.70703E-01  1.89487E+00
  4.74609E-01  1.88171E+00
  4.78516E-01  1.86841E+00
  4.82422E-01  1.85497E+00
  4.86328E-01  1.84140E+00
  4.90234E-01  1.82768E+00
  4.94141E-01  1.81381E+00
  4.98047E-01  1.79980E+00
  5.01953E-01  1.78563E+00
  5.05859E-01  1.77131E+00
  5.09766E-01  1.75682E+00
  5.13672E-01  1.74218E+00
  5.17578E-01  1.72737E+00
  5.21484E-01  1.71238E+00
  5.25391E-01  1.69722E+00
  5.29297E-01  1.68188E+00
  5.33203E-01  1.66636E+00
  5.37109E-01  1.65064E+00
  5.41016E-01  1.63473E+00
  5.44922E-01  1.61862E+00
  5.48828E-01  1.60230E+00
  5.52734E-01  1.58577E+00
  5.56641E-01  1.56902E+00
  5.60547E-01  1.55204E+00
  5.64453E-01  1.53483E+00
  5.68359E-01  1.51738E+00
  5.72266E-01  1.49968E+00
  5.76172E-01  1.48172E+00
  5.80078E-01  1.46350E+00
  5.83984E-01  1.44499E+00
  5.87891E-01  1.42618E+00
  5.91797E-01  1.40707E+00
  5.95703E-01  1.38764E+00
  5.99609E-01  1.36788E+00
  6.03516E-01  1.34777E+00
  6.07422E-01  1.32730E+00
  6.11328E-01  1.30646E+00
  6.15234E-01  1.28521E+00
  6.19141E-01  1.26354E+00
  6.23047E-01  1.24143E+00
  6.26953E-01  1.21885E+00
  6.30859E-01  1.19577E+00
  6.34766E-01  1.17216E+00
  6.38672E-01  1.14798E+00
  6.42578E-01  1.12321E+00
  6.46484E-01  1.09778E+00
  6.50391E-01  1.07167E+00
  6.54297E-01  1.04481E+00
  6.58203E-01  1.01714E+00
  6.62109E-01  9.88607E-01
  6.66016E-01  9.59120E-01
  6.69922E-01  9.28589E-01
  6.73828E-01  8.96916E-01
  6.77734E-01  8.63975E-01
  6.81641E-01  8.29637E-01
  6.85547E-01  7.93747E-01
  6.89453E-01  7.56127E-01
  6.93359E-01  7.16616E-01
  6.97266E-01  6.75079E-01
  7.01172E-01  6.31508E-01
  7.05078E-01  5.86308E-01
  7.08984E-01  5.40488E-01
  7.12891E-01  4.96016E-01
  7.16797E-01  4.55731E-01
  7.20703E-01  4.22148E-01
  7.24609E-01  3.96221E-01
  7.28516E-01  3.77145E-01
  7.32422E-01  3.63247E-01
  7.36328E-01  3.52905E-01
  7.40234E-01  3.44792E-01
  7.44141E-01  3.38015E-01
  7.48047E-01  3.32073E-01
  7.51953E-01  3.26745E-01
  7.55859E-01  3.21846E-01
  7.59766E-01  3.17188E-01
  7.63672E-01  3.12725E-01
  7.67578E-01  3.08405E-01
  7.71484E-01  3.04213E-01
  7.75391E-01  3.00128E-01
  7.79297E-01  2.96140E-01
  7.83203E-01  2.92237E-01
  7.87109E-01  2.88406E-01
  7.91016E-01  2.84657E-01
  7.94922E-01  2.80933E-01
  7.98828E-01  2.77237E-01
  8.02734E-01  2.73611E-01
  8.06641E-01  2.70056E-01
  8.10547E-01  2.66583E-01
  8.14453E-01  2.63175E-01
  8.18359E-01  2.59827E-01
  8.22266E-01  2.56545E-01
  8.26172E-01  2.53334E-01
  8.30078E-01  2.50190E-01
  8.33984E-01  2.47132E-01
  8.37891E-01  2.44126E-01
  8.41797E-01  2.41175E-01
  8.45703E-01  2.38275E-01
  8.49609E-01  2.35422E-01
  8.53516E-01  2.32617E-01
  8.57422E-01  2.29857E-01
  8.61328E-01  2.27143E-01
  8.65234E-01  2.24474E-01
  8.69141E-01  2.21847E-01
  8.73047E-01  2.19263E-01
  8.76953E-01  2.16719E-01
  8.80859E-01  2.14216E-01
  8.84766E-01  2.11752E-01
  8.88672E-01  2.09326E-01
  8.92578E-01  2.06937E-01
  8.96484E-01  2.04587E-01
  9.00391E-01  2.02272E-01
  9.04297E-01  1.99992E-01
  9.08203E-01  1.97747E-01
  9.12109E-01  1.95555E-01
  9.16016E-01  1.93407E-01
  9.19922E-01  1.91289E-01
  9.23828E-01  1.89194E-01
  9.27734E-01  1.87139E-01
  9.31641E-01  1.85101E-01
  9.35547E-01  1.83092E-01
  9.39453E-01  1.81108E-01
  9.43359E-01  1.79148E-01
  9.47266E-01  1.77211E-01
  9.51172E-01  1.75292E-01
  9.55078E-01  1.73398E-01
  9.58984E-01  1.71518E-01
  9.62891E-01  1.69652E-01
  9.66797E-01  1.67798E-01
  9.70703E-01  1.65952E-01
  9.74609E-01  1.64101E-01
  9.78516E-01  1.62241E-01
  9.82422E-01  1.60359E-01
  9.86328E-01  1.58425E-01
  9.90234E-01  1.56388E-01
  9.94141E-01  1.54179E-01
  9.98047E-01  1.51835E-01
  1.00195E+00  1.51835E-01
