 -1.95312E-03  1.37806E+00
  1.95312E-03  1.37883E+00
  5.85938E-03  1.37474E+00
  9.76562E-03  1.37133E+00
  1.36719E-02  1.36801E+00
  1.75781E-02  1.36471E+00
  2.14844E-02  1.36141E+00
  2.53906E-02  1.35810E+00
  2.92969E-02  1.35478E+00
  3.32031E-02  1.35145E+00
  3.71094E-02  1.34812E+00
  4.10156E-02  1.34478E+00
  4.49219E-02  1.34144E+00
  4.88281E-02  1.33809E+00
  5.27344E-02  1.33476E+00
  5.66406E-02  1.33142E+00
  6.05469E-02  1.32809E+00
  6.44531E-02  1.32478E+00
  6.83594E-02  1.32147E+00
  7.22656E-02  1.31818E+00
  7.61719E-02  1.31491E+00
  8.00781E-02  1.31165E+00
  8.39844E-02  1.30841E+00
  8.78906E-02  1.30519E+00
  9.17969E-02  1.30200E+00
  9.57031E-02  1.29883E+00
  9.96094E-02  1.29568E+00
  1.03516E-01  1.29256E+00
  1.07422E-01  1.28946E+00
  1.11328E-01  1.28640E+00
  1.15234E-01  1.28336E+00
  1.19141E-01  1.28035E+00
  1.23047E-01  1.27736E+00
  1.26953E-01  1.27441E+00
  1.30859E-01  1.27149E+00
  1.34766E-01  1.26859E+00
  1.38672E-01  1.26572E+00
  1.42578E-01  1.26289E+00
  1.46484E-01  1.26008E+00
  1.50391E-01  1.25730E+00
  1.54297E-01  1.25455E+00
  1.58203E-01  1.25182E+00
  1.62109E-01  1.24913E+00
  1.66016E-01  1.24646E+00
  1.69922E-01  1.24382E+00
  1.73828E-01  1.24120E+00
  1.77734E-01  1.23861E+00
  1.81641E-01  1.23604E+00
  1.85547E-01  1.23350E+00
  1.89453E-01  1.23098E+00
  1.93359E-01  1.22848E+00
  1.97266E-01  1.22600E+00
  2.01172E-01  1.22355E+00
  2.05078E-01  1.22111E+00
  2.08984E-01  1.21870E+00
  2.12891E-01  1.21630E+00
  2.16797E-01  1.21393E+00
  2.20703E-01  1.21157E+00
  2.24609E-01  1.20923E+00
  2.28516E-01  1.20690E+00
  2.32422E-01  1.20459E+00
  2.36328E-01  1.20230E+00
  2.40234E-01  1.20003E+00
  2.44141E-01  1.19776E+00
  2.48047E-01  1.19551E+00
  2.51953E-01  1.19328E+00
  2.55859E-01  1.19106E+00
  2.59766E-01  1.18885E+00
  2.63672E-01  1.18665E+00
  2.67578E-01  1.18446E+00
  2.71484E-01  1.18229E+00
  2.75391E-01  1.18013E+00
  2.79297E-01  1.17797E+00
  2.83203E-01  1.17583E+00
  2.87109E-01  1.17370E+00
  2.91016E-01  1.17158E+00
  2.94922E-01  1.16947E+00
  2.98828E-01  1.16736E+00
  3.02734E-01  1.16527E+00
  3.06641E-01  1.16318E+00
  3.10547E-01  1.16111E+00
  3.14453E-01  1.15904E+00
  3.18359E-01  1.15698E+00
  3.22266E-01  1.15493E+00
  3.26172E-01  1.15288E+00
  3.30078E-01  1.15084E+00
  3.33984E-01  1.14882E+00
  3.37891E-01  1.14679E+00
  3.41797E-01  1.14478E+00
  3.45703E-01  1.14277E+00
  3.49609E-01  1.14077E+00
  3.53516E-01  1.13878E+00
  3.57422E-01  1.13679E+00
  3.61328E-01  1.13481E+00
  3.65234E-01  1.13283E+00
  3.69141E-01  1.13087E+00
  3.73047E-01  1.12890E+00
  3.76953E-01  1.12695E+00
  3.80859E-01  1.12500E+00
  3.84766E-01  1.12306E+00
  3.88672E-01  1.12112E+00
  3.92578E-01  1.11919E+00
  3.96484E-01  1.11726E+00
  4.00391E-01  1.11534E+00
  4.04297E-01  1.11343E+00
  4.08203E-01  1.11152E+00
  4.12109E-01  1.10962E+00
  4.16016E-01  1.10772E+00
  4.19922E-01  1.10583E+00
  4.23828E-01  1.10394E+00
  4.27734E-01  1.10206E+00
  4.31641E-01  1.10019E+00
  4.35547E-01  1.09831E+00
  4.39453E-01  1.09645E+00
  4.43359E-01  1.09459E+00
  4.47266E-01  1.09273E+00
  4.51172E-01  1.09088E+00
  4.55078E-01  1.08904E+00
  4.58984E-01  1.08720E+00
  4.62891E-01  1.08536E+00
  4.66797E-01  1.08353E+00
  4.70703E-01  1.08171E+00
  4.74609E-01  1.07989E+00
  4.78516E-01  1.07807E+00
  4.82422E-01  1.07626E+00
  4.86328E-01  1.07445E+00
  4.90234E-01  1.07265E+00
  4.94141E-01  1.07086E+00
  4.98047E-01  1.06906E+00
  5.01953E-01  1.06728E+00
  5.05859E-01  1.06549E+00
  5.09766E-01  1.06371E+00
  5.13672E-01  1.06194E+00
  5.17578E-01  1.06017E+00
  5.21484E-01  1.05840E+00
  5.25391E-01  1.05664E+00
  5.29297E-01  1.05489E+00
  5.33203E-01  1.05314E+00
  5.37109E-01  1.05139E+00
  5.41016E-01  1.04964E+00
  5.44922E-01  1.04790E+00
  5.48828E-01  1.04617E+00
  5.52734E-01  1.04444E+00
  5.56641E-01  1.04271E+00
  5.60547E-01  1.04099E+00
  5.64453E-01  1.03927E+00
  5.68359E-01  1.03756E+00
  5.72266E-01  1.03585E+00
  5.76172E-01  1.03414E+00
  5.80078E-01  1.03244E+00
  5.83984E-01  1.03075E+00
  5.87891E-01  1.02905E+00
  5.91797E-01  1.02736E+00
  5.95703E-01  1.02568E+00
  5.99609E-01  1.02400E+00
  6.03516E-01  1.02232E+00
  6.07422E-01  1.02065E+00
  6.11328E-01  1.01898E+00
  6.15234E-01  1.01731E+00
  6.19141E-01  1.01565E+00
  6.23047E-01  1.01400E+00
  6.26953E-01  1.01234E+00
  6.30859E-01  1.01069E+00
  6.34766E-01  1.00905E+00
  6.38672E-01  1.00740E+00
  6.42578E-01  1.00576E+00
  6.46484E-01  1.00413E+00
  6.50391E-01  1.00250E+00
  6.54297E-01  1.00087E+00
  6.58203E-01  9.99249E-01
  6.62109E-01  9.97629E-01
  6.66016E-01  9.96013E-01
  6.69922E-01  9.94401E-01
  6.73828E-01  9.92793E-01
  6.77734E-01  9.91188E-01
  6.81641E-01  9.89586E-01
  6.85547E-01  9.87988E-01
  6.89453E-01  9.86394E-01
  6.93359E-01  9.84803E-01
  6.97266E-01  9.83215E-01
  7.01172E-01  9.81631E-01
  7.05078E-01  9.80051E-01
  7.08984E-01  9.78473E-01
  7.12891E-01  9.76898E-01
  7.16797E-01  9.75328E-01
  7.20703E-01  9.73760E-01
  7.24609E-01  9.72196E-01
  7.28516E-01  9.70634E-01
  7.32422E-01  9.69075E-01
  7.36328E-01  9.67518E-01
  7.40234E-01  9.65965E-01
  7.44141E-01  9.64414E-01
  7.48047E-01  9.62866E-01
  7.51953E-01  9.61320E-01
  7.55859E-01  9.59776E-01
  7.59766E-01  9.58234E-01
  7.63672E-01  9.56694E-01
  7.67578E-01  9.55155E-01
  7.71484E-01  9.53617E-01
  7.75391E-01  9.52081E-01
  7.79297E-01  9.50546E-01
  7.83203E-01  9.49010E-01
  7.87109E-01  9.47475E-01
  7.91016E-01  9.45939E-01
  7.94922E-01  9.44403E-01
  7.98828E-01  9.42866E-01
  8.02734E-01  9.41327E-01
  8.06641E-01  9.39785E-01
  8.10547E-01  9.38241E-01
  8.14453E-01  9.36693E-01
  8.18359E-01  9.35141E-01
  8.22266E-01  9.33584E-01
  8.26172E-01  9.32022E-01
  8.30078E-01  9.30453E-01
  8.33984E-01  9.28876E-01
  8.37891E-01  9.27292E-01
  8.41797E-01  9.25698E-01
  8.45703E-01  9.24094E-01
  8.49609E-01  9.22479E-01
  8.53516E-01  9.20851E-01
  8.57422E-01  9.19209E-01
  8.61328E-01  9.17552E-01
  8.65234E-01  9.15878E-01
  8.69141E-01  9.14187E-01
  8.73047E-01  9.12476E-01
  8.76953E-01  9.10745E-01
  8.80859E-01  9.08992E-01
  8.84766E-01  9.07214E-01
  8.88672E-01  9.05411E-01
  8.92578E-01  9.03581E-01
  8.96484E-01  9.01722E-01
  9.00391E-01  8.99832E-01
  9.04297E-01  8.97910E-01
  9.08203E-01  8.95954E-01
  9.12109E-01  8.93962E-01
  9.16016E-01  8.91932E-01
  9.19922E-01  8.89863E-01
  9.23828E-01  8.87753E-01
  9.27734E-01  8.85600E-01
  9.31641E-01  8.83403E-01
  9.35547E-01  8.81161E-01
  9.39453E-01  8.78871E-01
  9.43359E-01  8.76532E-01
  9.47266E-01  8.74143E-01
  9.51172E-01  8.71702E-01
  9.55078E-01  8.69210E-01
  9.58984E-01  8.66664E-01
  9.62891E-01  8.64064E-01
  9.66797E-01  8.61410E-01
  9.70703E-01  8.58700E-01
  9.74609E-01  8.55936E-01
  9.78516E-01  8.53117E-01
  9.82422E-01  8.50243E-01
  9.86328E-01  8.47316E-01
  9.90234E-01  8.44336E-01
  9.94141E-01  8.41304E-01
  9.98047E-01  8.38053E-01
  1.00195E+00  8.38141E-01
