 -1.95312E-03  1.96385E+00
  1.95312E-03  1.96439E+00
  5.85938E-03  1.96025E+00
  9.76562E-03  1.95672E+00
  1.36719E-02  1.95323E+00
  1.75781E-02  1.94970E+00
  2.14844E-02  1.94609E+00
  2.53906E-02  1.94241E+00
  2.92969E-02  1.93865E+00
  3.32031E-02  1.93481E+00
  3.71094E-02  1.93089E+00
  4.10156E-02  1.92689E+00
  4.49219E-02  1.92280E+00
  4.88281E-02  1.91863E+00
  5.27344E-02  1.91439E+00
  5.66406E-02  1.91006E+00
  6.05469E-02  1.90566E+00
  6.44531E-02  1.90117E+00
  6.83594E-02  1.89661E+00
  7.22656E-02  1.89198E+00
  7.61719E-02  1.88726E+00
  8.00781E-02  1.88248E+00
  8.39844E-02  1.87761E+00
  8.78906E-02  1.87268E+00
  9.17969E-02  1.86767E+00
  9.57031E-02  1.86259E+00
  9.96094E-02  1.85744E+00
  1.03516E-01  1.85222E+00
  1.07422E-01  1.84693E+00
  1.11328E-01  1.84157E+00
  1.15234E-01  1.83615E+00
  1.19141E-01  1.83066E+00
  1.23047E-01  1.82510E+00
  1.26953E-01  1.81948E+00
  1.30859E-01  1.81380E+00
  1.34766E-01  1.80805E+00
  1.38672E-01  1.80224E+00
  1.42578E-01  1.79637E+00
  1.46484E-01  1.79044E+00
  1.50391E-01  1.78446E+00
  1.54297E-01  1.77841E+00
  1.58203E-01  1.77231E+00
  1.62109E-01  1.76615E+00
  1.66016E-01  1.75994E+00
  1.69922E-01  1.75368E+00
  1.73828E-01  1.74736E+00
  1.77734E-01  1.74100E+00
  1.81641E-01  1.73458E+00
  1.85547E-01  1.72811E+00
  1.89453E-01  1.72160E+00
  1.93359E-01  1.71504E+00
  1.97266E-01  1.70844E+00
  2.01172E-01  1.70179E+00
  2.05078E-01  1.69510E+00
  2.08984E-01  1.68837E+00
  2.12891E-01  1.68160E+00
  2.16797E-01  1.67479E+00
  2.20703E-01  1.66795E+00
  2.24609E-01  1.66106E+00
  2.28516E-01  1.65415E+00
  2.32422E-01  1.64720E+00
  2.36328E-01  1.64022E+00
  2.40234E-01  1.63320E+00
  2.44141E-01  1.62617E+00
  2.48047E-01  1.61910E+00
  2.51953E-01  1.61201E+00
  2.55859E-01  1.60489E+00
  2.59766E-01  1.59775E+00
  2.63672E-01  1.59059E+00
  2.67578E-01  1.58341E+00
  2.71484E-01  1.57621E+00
  2.75391E-01  1.56899E+00
  2.79297E-01  1.56176E+00
  2.83203E-01  1.55452E+00
  2.87109E-01  1.54727E+00
  2.91016E-01  1.54000E+00
  2.94922E-01  1.53273E+00
  2.98828E-01  1.52545E+00
  3.02734E-01  1.51816E+00
  3.06641E-01  1.51087E+00
  3.10547E-01  1.50358E+00
  3.14453E-01  1.49629E+00
  3.18359E-01  1.48900E+00
  3.22266E-01  1.48171E+00
  3.26172E-01  1.47442E+00
  3.30078E-01  1.46714E+00
  3.33984E-01  1.45987E+00
  3.37891E-01  1.45261E+00
  3.41797E-01  1.44535E+00
  3.45703E-01  1.43811E+00
  3.49609E-01  1.43088E+00
  3.53516E-01  1.42367E+00
  3.57422E-01  1.41647E+00
  3.61328E-01  1.40929E+00
  3.65234E-01  1.40213E+00
  3.69141E-01  1.39499E+00
  3.73047E-01  1.38787E+00
  3.76953E-01  1.38077E+00
  3.80859E-01  1.37369E+00
  3.84766E-01  1.36664E+00
  3.88672E-01  1.35962E+00
  3.92578E-01  1.35263E+00
  3.96484E-01  1.34566E+00
  4.00391E-01  1.33872E+00
  4.04297E-01  1.33181E+00
  4.08203E-01  1.32494E+00
  4.12109E-01  1.31809E+00
  4.16016E-01  1.31128E+00
  4.19922E-01  1.30450E+00
  4.23828E-01  1.29776E+00
  4.27734E-01  1.29105E+00
  4.31641E-01  1.28438E+00
  4.35547E-01  1.27775E+00
  4.39453E-01  1.27115E+00
  4.43359E-01  1.26459E+00
  4.47266E-01  1.25807E+00
  4.51172E-01  1.25159E+00
  4.55078E-01  1.24514E+00
  4.58984E-01  1.23874E+00
  4.62891E-01  1.23237E+00
  4.66797E-01  1.22604E+00
  4.70703E-01  1.21975E+00
  4.74609E-01  1.21350E+00
  4.78516E-01  1.20730E+00
  4.82422E-01  1.20113E+00
  4.86328E-01  1.19500E+00
  4.90234E-01  1.18892E+00
  4.94141E-01  1.18287E+00
  4.98047E-01  1.17687E+00
  5.01953E-01  1.17090E+00
  5.05859E-01  1.16498E+00
  5.09766E-01  1.15909E+00
  5.13672E-01  1.15325E+00
  5.17578E-01  1.14744E+00
  5.21484E-01  1.14168E+00
  5.25391E-01  1.13595E+00
  5.29297E-01  1.13027E+00
  5.33203E-01  1.12463E+00
  5.37109E-01  1.11902E+00
  5.41016E-01  1.11345E+00
  5.44922E-01  1.10792E+00
  5.48828E-01  1.10242E+00
  5.52734E-01  1.09697E+00
  5.56641E-01  1.09155E+00
  5.60547E-01  1.08617E+00
  5.64453E-01  1.08083E+00
  5.68359E-01  1.07553E+00
  5.72266E-01  1.07026E+00
  5.76172E-01  1.06502E+00
  5.80078E-01  1.05982E+00
  5.83984E-01  1.05465E+00
  5.87891E-01  1.04952E+00
  5.91797E-01  1.04443E+00
  5.95703E-01  1.03937E+00
  5.99609E-01  1.03434E+00
  6.03516E-01  1.02935E+00
  6.07422E-01  1.02439E+00
  6.11328E-01  1.01946E+00
  6.15234E-01  1.01457E+00
  6.19141E-01  1.00971E+00
  6.23047E-01  1.00487E+00
  6.26953E-01  1.00007E+00
  6.30859E-01  9.95301E-01
  6.34766E-01  9.90562E-01
  6.38672E-01  9.85854E-01
  6.42578E-01  9.81175E-01
  6.46484E-01  9.76524E-01
  6.50391E-01  9.71903E-01
  6.54297E-01  9.67310E-01
  6.58203E-01  9.62747E-01
  6.62109E-01  9.58212E-01
  6.66016E-01  9.53704E-01
  6.69922E-01  9.49223E-01
  6.73828E-01  9.44769E-01
  6.77734E-01  9.40340E-01
  6.81641E-01  9.35939E-01
  6.85547E-01  9.31564E-01
  6.89453E-01  9.27215E-01
  6.93359E-01  9.22890E-01
  6.97266E-01  9.18589E-01
  7.01172E-01  9.14312E-01
  7.05078E-01  9.10058E-01
  7.08984E-01  9.05828E-01
  7.12891E-01  9.01621E-01
  7.16797E-01  8.97438E-01
  7.20703E-01  8.93280E-01
  7.24609E-01  8.89140E-01
  7.28516E-01  8.85023E-01
  7.32422E-01  8.80926E-01
  7.36328E-01  8.76850E-01
  7.40234E-01  8.72793E-01
  7.44141E-01  8.68758E-01
  7.48047E-01  8.64743E-01
  7.51953E-01  8.60747E-01
  7.55859E-01  8.56772E-01
  7.59766E-01  8.52814E-01
  7.63672E-01  8.48873E-01
  7.67578E-01  8.44949E-01
  7.71484E-01  8.41041E-01
  7.75391E-01  8.37150E-01
  7.79297E-01  8.33276E-01
  7.83203E-01  8.29418E-01
  7.87109E-01  8.25577E-01
  7.91016E-01  8.21752E-01
  7.94922E-01  8.17944E-01
  7.98828E-01  8.14152E-01
  8.02734E-01  8.10372E-01
  8.06641E-01  8.06604E-01
  8.10547E-01  8.02850E-01
  8.14453E-01  7.99107E-01
  8.18359E-01  7.95376E-01
  8.22266E-01  7.91658E-01
  8.26172E-01  7.87951E-01
  8.30078E-01  7.84255E-01
  8.33984E-01  7.80572E-01
  8.37891E-01  7.76898E-01
  8.41797E-01  7.73237E-01
  8.45703E-01  7.69589E-01
  8.49609E-01  7.65952E-01
  8.53516E-01  7.62325E-01
  8.57422E-01  7.58706E-01
  8.61328E-01  7.55096E-01
  8.65234E-01  7.51494E-01
  8.69141E-01  7.47900E-01
  8.73047E-01  7.44313E-01
  8.76953E-01  7.40734E-01
  8.80859E-01  7.37163E-01
  8.84766E-01  7.33598E-01
  8.88672E-01  7.30041E-01
  8.92578E-01  7.26492E-01
  8.96484E-01  7.22950E-01
  9.00391E-01  7.19416E-01
  9.04297E-01  7.15890E-01
  9.08203E-01  7.12373E-01
  9.12109E-01  7.08867E-01
  9.16016E-01  7.05368E-01
  9.19922E-01  7.01878E-01
  9.23828E-01  6.98394E-01
  9.27734E-01  6.94919E-01
  9.31641E-01  6.91451E-01
  9.35547E-01  6.87992E-01
  9.39453E-01  6.84542E-01
  9.43359E-01  6.81102E-01
  9.47266E-01  6.77672E-01
  9.51172E-01  6.74254E-01
  9.55078E-01  6.70847E-01
  9.58984E-01  6.67455E-01
  9.62891E-01  6.64078E-01
  9.66797E-01  6.60719E-01
  9.70703E-01  6.57380E-01
  9.74609E-01  6.54060E-01
  9.78516E-01  6.50758E-01
  9.82422E-01  6.47479E-01
  9.86328E-01  6.44224E-01
  9.90234E-01  6.40996E-01
  9.94141E-01  6.37798E-01
  9.98047E-01  6.34613E-01
  1.00195E+00  6.34622E-01
