 -1.95312E-03  2.45836E+00
  1.95312E-03  2.45930E+00
  5.85938E-03  2.45515E+00
  9.76562E-03  2.45164E+00
  1.36719E-02  2.44816E+00
  1.75781E-02  2.44464E+00
  2.14844E-02  2.44106E+00
  2.53906E-02  2.43739E+00
  2.92969E-02  2.43366E+00
  3.32031E-02  2.42984E+00
  3.71094E-02  2.42594E+00
  4.10156E-02  2.42196E+00
  4.49219E-02  2.41789E+00
  4.88281E-02  2.41375E+00
  5.27344E-02  2.40952E+00
  5.66406E-02  2.40521E+00
  6.05469E-02  2.40082E+00
  6.44531E-02  2.39635E+00
  6.83594E-02  2.39180E+00
  7.22656E-02  2.38716E+00
  7.61719E-02  2.38244E+00
  8.00781E-02  2.37764E+00
  8.39844E-02  2.37277E+00
  8.78906E-02  2.36781E+00
  9.17969E-02  2.36277E+00
  9.57031E-02  2.35764E+00
  9.96094E-02  2.35244E+00
  1.03516E-01  2.34716E+00
  1.07422E-01  2.34180E+00
  1.11328E-01  2.33636E+00
  1.15234E-01  2.33083E+00
  1.19141E-01  2.32523E+00
  1.23047E-01  2.31955E+00
  1.26953E-01  2.31378E+00
  1.30859E-01  2.30794E+00
  1.34766E-01  2.30202E+00
  1.38672E-01  2.29602E+00
  1.42578E-01  2.28994E+00
  1.46484E-01  2.28377E+00
  1.50391E-01  2.27753E+00
  1.54297E-01  2.27121E+00
  1.58203E-01  2.26481E+00
  1.62109E-01  2.25833E+00
  1.66016E-01  2.25177E+00
  1.69922E-01  2.24513E+00
  1.73828E-01  2.23841E+00
  1.77734E-01  2.23161E+00
  1.81641E-01  2.22473E+00
  1.85547E-01  2.21777E+00
  1.89453E-01  2.21073E+00
  1.93359E-01  2.20361E+00
  1.97266E-01  2.19641E+00
  2.01172E-01  2.18913E+00
  2.05078E-01  2.18177E+00
  2.08984E-01  2.17434E+00
  2.12891E-01  2.16682E+00
  2.16797E-01  2.15922E+00
  2.20703E-01  2.15154E+00
  2.24609E-01  2.14378E+00
  2.28516E-01  2.13594E+00
  2.32422E-01  2.12801E+00
  2.36328E-01  2.12001E+00
  2.40234E-01  2.11193E+00
  2.44141E-01  2.10377E+00
  2.48047E-01  2.09553E+00
  2.51953E-01  2.08720E+00
  2.55859E-01  2.07879E+00
  2.59766E-01  2.07031E+00
  2.63672E-01  2.06174E+00
  2.67578E-01  2.05309E+00
  2.71484E-01  2.04435E+00
  2.75391E-01  2.03554E+00
  2.79297E-01  2.02664E+00
  2.83203E-01  2.01766E+00
  2.87109E-01  2.00861E+00
  2.91016E-01  1.99946E+00
  2.94922E-01  1.99024E+00
  2.98828E-01  1.98093E+00
  3.02734E-01  1.97154E+00
  3.06641E-01  1.96207E+00
  3.10547E-01  1.95251E+00
  3.14453E-01  1.94287E+00
  3.18359E-01  1.93315E+00
  3.22266E-01  1.92334E+00
  3.26172E-01  1.91345E+00
  3.30078E-01  1.90348E+00
  3.33984E-01  1.89342E+00
  3.37891E-01  1.88328E+00
  3.41797E-01  1.87305E+00
  3.45703E-01  1.86274E+00
  3.49609E-01  1.85235E+00
  3.53516E-01  1.84187E+00
  3.57422E-01  1.83131E+00
  3.61328E-01  1.82066E+00
  3.65234E-01  1.80993E+00
  3.69141E-01  1.79911E+00
  3.73047E-01  1.78821E+00
  3.76953E-01  1.77723E+00
  3.80859E-01  1.76616E+00
  3.84766E-01  1.75501E+00
  3.88672E-01  1.74378E+00
  3.92578E-01  1.73246E+00
  3.96484E-01  1.72106E+00
  4.00391E-01  1.70958E+00
  4.04297E-01  1.69801E+00
  4.08203E-01  1.68636E+00
  4.12109E-01  1.67463E+00
  4.16016E-01  1.66282E+00
  4.19922E-01  1.65093E+00
  4.23828E-01  1.63895E+00
  4.27734E-01  1.62690E+00
  4.31641E-01  1.61478E+00
  4.35547E-01  1.60257E+00
  4.39453E-01  1.59029E+00
  4.43359E-01  1.57793E+00
  4.47266E-01  1.56549E+00
  4.51172E-01  1.55298E+00
  4.55078E-01  1.54040E+00
  4.58984E-01  1.52776E+00
  4.62891E-01  1.51504E+00
  4.66797E-01  1.50225E+00
  4.70703E-01  1.48940E+00
  4.74609E-01  1.47649E+00
  4.78516E-01  1.46351E+00
  4.82422E-01  1.45048E+00
  4.86328E-01  1.43739E+00
  4.90234E-01  1.42424E+00
  4.94141E-01  1.41105E+00
  4.98047E-01  1.39780E+00
  5.01953E-01  1.38451E+00
  5.05859E-01  1.37119E+00
  5.09766E-01  1.35782E+00
  5.13672E-01  1.34442E+00
  5.17578E-01  1.33099E+00
  5.21484E-01  1.31754E+00
  5.25391E-01  1.30407E+00
  5.29297E-01  1.29058E+00
  5.33203E-01  1.27709E+00
  5.37109E-01  1.26359E+00
  5.41016E-01  1.25009E+00
  5.44922E-01  1.23660E+00
  5.48828E-01  1.22312E+00
  5.52734E-01  1.20966E+00
  5.56641E-01  1.19624E+00
  5.60547E-01  1.18284E+00
  5.64453E-01  1.16949E+00
  5.68359E-01  1.15619E+00
  5.72266E-01  1.14295E+00
  5.76172E-01  1.12977E+00
  5.80078E-01  1.11667E+00
  5.83984E-01  1.10365E+00
  5.87891E-01  1.09072E+00
  5.91797E-01  1.07788E+00
  5.95703E-01  1.06515E+00
  5.99609E-01  1.05254E+00
  6.03516E-01  1.04005E+00
  6.07422E-01  1.02769E+00
  6.11328E-01  1.01547E+00
  6.15234E-01  1.00339E+00
  6.19141E-01  9.91470E-01
  6.23047E-01  9.79705E-01
  6.26953E-01  9.68106E-01
  6.30859E-01  9.56676E-01
  6.34766E-01  9.45420E-01
  6.38672E-01  9.34343E-01
  6.42578E-01  9.23448E-01
  6.46484E-01  9.12738E-01
  6.50391E-01  9.02216E-01
  6.54297E-01  8.91886E-01
  6.58203E-01  8.81746E-01
  6.62109E-01  8.71793E-01
  6.66016E-01  8.62035E-01
  6.69922E-01  8.52466E-01
  6.73828E-01  8.43081E-01
  6.77734E-01  8.33885E-01
  6.81641E-01  8.24871E-01
  6.85547E-01  8.16038E-01
  6.89453E-01  8.07384E-01
  6.93359E-01  7.98905E-01
  6.97266E-01  7.90592E-01
  7.01172E-01  7.82448E-01
  7.05078E-01  7.74463E-01
  7.08984E-01  7.66631E-01
  7.12891E-01  7.58955E-01
  7.16797E-01  7.51421E-01
  7.20703E-01  7.44032E-01
  7.24609E-01  7.36774E-01
  7.28516E-01  7.29649E-01
  7.32422E-01  7.22651E-01
  7.36328E-01  7.15780E-01
  7.40234E-01  7.09029E-01
  7.44141E-01  7.02387E-01
  7.48047E-01  6.95858E-01
  7.51953E-01  6.89442E-01
  7.55859E-01  6.83121E-01
  7.59766E-01  6.76895E-01
  7.63672E-01  6.70765E-01
  7.67578E-01  6.64736E-01
  7.71484E-01  6.58797E-01
  7.75391E-01  6.52936E-01
  7.79297E-01  6.47156E-01
  7.83203E-01  6.41458E-01
  7.87109E-01  6.35844E-01
  7.91016E-01  6.30308E-01
  7.94922E-01  6.24851E-01
  7.98828E-01  6.19459E-01
  8.02734E-01  6.14128E-01
  8.06641E-01  6.08864E-01
  8.10547E-01  6.03670E-01
  8.14453E-01  5.98536E-01
  8.18359E-01  5.93469E-01
  8.22266E-01  5.88465E-01
  8.26172E-01  5.83526E-01
  8.30078E-01  5.78657E-01
  8.33984E-01  5.73839E-01
  8.37891E-01  5.69070E-01
  8.41797E-01  5.64351E-01
  8.45703E-01  5.59681E-01
  8.49609E-01  5.55058E-01
  8.53516E-01  5.50486E-01
  8.57422E-01  5.45962E-01
  8.61328E-01  5.41495E-01
  8.65234E-01  5.37077E-01
  8.69141E-01  5.32713E-01
  8.73047E-01  5.28405E-01
  8.76953E-01  5.24159E-01
  8.80859E-01  5.19955E-01
  8.84766E-01  5.15793E-01
  8.88672E-01  5.11671E-01
  8.92578E-01  5.07589E-01
  8.96484E-01  5.03546E-01
  9.00391E-01  4.99545E-01
  9.04297E-01  4.95584E-01
  9.08203E-01  4.91660E-01
  9.12109E-01  4.87782E-01
  9.16016E-01  4.83936E-01
  9.19922E-01  4.80137E-01
  9.23828E-01  4.76378E-01
  9.27734E-01  4.72664E-01
  9.31641E-01  4.68999E-01
  9.35547E-01  4.65369E-01
  9.39453E-01  4.61777E-01
  9.43359E-01  4.58221E-01
  9.47266E-01  4.54699E-01
  9.51172E-01  4.51214E-01
  9.55078E-01  4.47764E-01
  9.58984E-01  4.44350E-01
  9.62891E-01  4.40971E-01
  9.66797E-01  4.37631E-01
  9.70703E-01  4.34320E-01
  9.74609E-01  4.31043E-01
  9.78516E-01  4.27805E-01
  9.82422E-01  4.24608E-01
  9.86328E-01  4.21432E-01
  9.90234E-01  4.18281E-01
  9.94141E-01  4.15134E-01
  9.98047E-01  4.12020E-01
  1.00195E+00  4.12022E-01
