 -1.95312E-03  2.65849E+00
  1.95312E-03  2.65991E+00
  5.85938E-03  2.65569E+00
  9.76562E-03  2.65219E+00
  1.36719E-02  2.64874E+00
  1.75781E-02  2.64524E+00
  2.14844E-02  2.64169E+00
  2.53906E-02  2.63806E+00
  2.92969E-02  2.63437E+00
  3.32031E-02  2.63060E+00
  3.71094E-02  2.62675E+00
  4.10156E-02  2.62282E+00
  4.49219E-02  2.61882E+00
  4.88281E-02  2.61475E+00
  5.27344E-02  2.61059E+00
  5.66406E-02  2.60636E+00
  6.05469E-02  2.60206E+00
  6.44531E-02  2.59767E+00
  6.83594E-02  2.59321E+00
  7.22656E-02  2.58868E+00
  7.61719E-02  2.58406E+00
  8.00781E-02  2.57937E+00
  8.39844E-02  2.57461E+00
  8.78906E-02  2.56977E+00
  9.17969E-02  2.56485E+00
  9.57031E-02  2.55986E+00
  9.96094E-02  2.55480E+00
  1.03516E-01  2.54965E+00
  1.07422E-01  2.54444E+00
  1.11328E-01  2.53914E+00
  1.15234E-01  2.53377E+00
  1.19141E-01  2.52833E+00
  1.23047E-01  2.52280E+00
  1.26953E-01  2.51721E+00
  1.30859E-01  2.51153E+00
  1.34766E-01  2.50578E+00
  1.38672E-01  2.49996E+00
  1.42578E-01  2.49406E+00
  1.46484E-01  2.48808E+00
  1.50391E-01  2.48203E+00
  1.54297E-01  2.47590E+00
  1.58203E-01  2.46970E+00
  1.62109E-01  2.46342E+00
  1.66016E-01  2.45706E+00
  1.69922E-01  2.45063E+00
  1.73828E-01  2.44413E+00
  1.77734E-01  2.43754E+00
  1.81641E-01  2.43088E+00
  1.85547E-01  2.42414E+00
  1.89453E-01  2.41733E+00
  1.93359E-01  2.41044E+00
  1.97266E-01  2.40347E+00
  2.01172E-01  2.39643E+00
  2.05078E-01  2.38930E+00
  2.08984E-01  2.38210E+00
  2.12891E-01  2.37482E+00
  2.16797E-01  2.36746E+00
  2.20703E-01  2.36003E+00
  2.24609E-01  2.35251E+00
  2.28516E-01  2.34492E+00
  2.32422E-01  2.33725E+00
  2.36328E-01  2.32950E+00
  2.40234E-01  2.32167E+00
  2.44141E-01  2.31375E+00
  2.48047E-01  2.30576E+00
  2.51953E-01  2.29769E+00
  2.55859E-01  2.28954E+00
  2.59766E-01  2.28130E+00
  2.63672E-01  2.27299E+00
  2.67578E-01  2.26459E+00
  2.71484E-01  2.25611E+00
  2.75391E-01  2.24755E+00
  2.79297E-01  2.23890E+00
  2.83203E-01  2.23017E+00
  2.87109E-01  2.22136E+00
  2.91016E-01  2.21246E+00
  2.94922E-01  2.20347E+00
  2.98828E-01  2.19441E+00
  3.02734E-01  2.18525E+00
  3.06641E-01  2.17601E+00
  3.10547E-01  2.16668E+00
  3.14453E-01  2.15726E+00
  3.18359E-01  2.14776E+00
  3.22266E-01  2.13817E+00
  3.26172E-01  2.12848E+00
  3.30078E-01  2.11871E+00
  3.33984E-01  2.10885E+00
  3.37891E-01  2.09889E+00
  3.41797E-01  2.08885E+00
  3.45703E-01  2.07871E+00
  3.49609E-01  2.06848E+00
  3.53516E-01  2.05815E+00
  3.57422E-01  2.04773E+00
  3.61328E-01  2.03721E+00
  3.65234E-01  2.02660E+00
  3.69141E-01  2.01589E+00
  3.73047E-01  2.00508E+00
  3.76953E-01  1.99417E+00
  3.80859E-01  1.98316E+00
  3.84766E-01  1.97205E+00
  3.88672E-01  1.96084E+00
  3.92578E-01  1.94952E+00
  3.96484E-01  1.93810E+00
  4.00391E-01  1.92658E+00
  4.04297E-01  1.91495E+00
  4.08203E-01  1.90321E+00
  4.12109E-01  1.89136E+00
  4.16016E-01  1.87941E+00
  4.19922E-01  1.86735E+00
  4.23828E-01  1.85517E+00
  4.27734E-01  1.84288E+00
  4.31641E-01  1.83048E+00
  4.35547E-01  1.81796E+00
  4.39453E-01  1.80532E+00
  4.43359E-01  1.79257E+00
  4.47266E-01  1.77969E+00
  4.51172E-01  1.76670E+00
  4.55078E-01  1.75358E+00
  4.58984E-01  1.74034E+00
  4.62891E-01  1.72697E+00
  4.66797E-01  1.71348E+00
  4.70703E-01  1.69985E+00
  4.74609E-01  1.68610E+00
  4.78516E-01  1.67221E+00
  4.82422E-01  1.65819E+00
  4.86328E-01  1.64404E+00
  4.90234E-01  1.62974E+00
  4.94141E-01  1.61531E+00
  4.98047E-01  1.60073E+00
  5.01953E-01  1.58601E+00
  5.05859E-01  1.57115E+00
  5.09766E-01  1.55614E+00
  5.13672E-01  1.54098E+00
  5.17578E-01  1.52567E+00
  5.21484E-01  1.51020E+00
  5.25391E-01  1.49458E+00
  5.29297E-01  1.47880E+00
  5.33203E-01  1.46287E+00
  5.37109E-01  1.44677E+00
  5.41016E-01  1.43052E+00
  5.44922E-01  1.41410E+00
  5.48828E-01  1.39751E+00
  5.52734E-01  1.38076E+00
  5.56641E-01  1.36384E+00
  5.60547E-01  1.34675E+00
  5.64453E-01  1.32949E+00
  5.68359E-01  1.31206E+00
  5.72266E-01  1.29446E+00
  5.76172E-01  1.27669E+00
  5.80078E-01  1.25875E+00
  5.83984E-01  1.24064E+00
  5.87891E-01  1.22237E+00
  5.91797E-01  1.20392E+00
  5.95703E-01  1.18531E+00
  5.99609E-01  1.16655E+00
  6.03516E-01  1.14762E+00
  6.07422E-01  1.12856E+00
  6.11328E-01  1.10934E+00
  6.15234E-01  1.09000E+00
  6.19141E-01  1.07054E+00
  6.23047E-01  1.05097E+00
  6.26953E-01  1.03131E+00
  6.30859E-01  1.01157E+00
  6.34766E-01  9.91778E-01
  6.38672E-01  9.71948E-01
  6.42578E-01  9.52114E-01
  6.46484E-01  9.32307E-01
  6.50391E-01  9.12558E-01
  6.54297E-01  8.92908E-01
  6.58203E-01  8.73391E-01
  6.62109E-01  8.54061E-01
  6.66016E-01  8.34954E-01
  6.69922E-01  8.16134E-01
  6.73828E-01  7.97643E-01
  6.77734E-01  7.79534E-01
  6.81641E-01  7.61862E-01
  6.85547E-01  7.44671E-01
  6.89453E-01  7.28021E-01
  6.93359E-01  7.11938E-01
  6.97266E-01  6.96458E-01
  7.01172E-01  6.81614E-01
  7.05078E-01  6.67421E-01
  7.08984E-01  6.53888E-01
  7.12891E-01  6.41012E-01
  7.16797E-01  6.28773E-01
  7.20703E-01  6.17154E-01
  7.24609E-01  6.06124E-01
  7.28516E-01  5.95667E-01
  7.32422E-01  5.85738E-01
  7.36328E-01  5.76303E-01
  7.40234E-01  5.67324E-01
  7.44141E-01  5.58764E-01
  7.48047E-01  5.50593E-01
  7.51953E-01  5.42772E-01
  7.55859E-01  5.35272E-01
  7.59766E-01  5.28070E-01
  7.63672E-01  5.21125E-01
  7.67578E-01  5.14411E-01
  7.71484E-01  5.07925E-01
  7.75391E-01  5.01637E-01
  7.79297E-01  4.95542E-01
  7.83203E-01  4.89614E-01
  7.87109E-01  4.83852E-01
  7.91016E-01  4.78233E-01
  7.94922E-01  4.72738E-01
  7.98828E-01  4.67360E-01
  8.02734E-01  4.62099E-01
  8.06641E-01  4.56952E-01
  8.10547E-01  4.51914E-01
  8.14453E-01  4.46986E-01
  8.18359E-01  4.42126E-01
  8.22266E-01  4.37349E-01
  8.26172E-01  4.32663E-01
  8.30078E-01  4.28044E-01
  8.33984E-01  4.23504E-01
  8.37891E-01  4.19048E-01
  8.41797E-01  4.14666E-01
  8.45703E-01  4.10379E-01
  8.49609E-01  4.06160E-01
  8.53516E-01  4.01991E-01
  8.57422E-01  3.97896E-01
  8.61328E-01  3.93845E-01
  8.65234E-01  3.89855E-01
  8.69141E-01  3.85930E-01
  8.73047E-01  3.82056E-01
  8.76953E-01  3.78216E-01
  8.80859E-01  3.74444E-01
  8.84766E-01  3.70735E-01
  8.88672E-01  3.67074E-01
  8.92578E-01  3.63439E-01
  8.96484E-01  3.59871E-01
  9.00391E-01  3.56372E-01
  9.04297E-01  3.52952E-01
  9.08203E-01  3.49584E-01
  9.12109E-01  3.46246E-01
  9.16016E-01  3.42928E-01
  9.19922E-01  3.39657E-01
  9.23828E-01  3.36438E-01
  9.27734E-01  3.33262E-01
  9.31641E-01  3.30130E-01
  9.35547E-01  3.27042E-01
  9.39453E-01  3.23993E-01
  9.43359E-01  3.20984E-01
  9.47266E-01  3.18002E-01
  9.51172E-01  3.15025E-01
  9.55078E-01  3.12085E-01
  9.58984E-01  3.09180E-01
  9.62891E-01  3.06304E-01
  9.66797E-01  3.03457E-01
  9.70703E-01  3.00632E-01
  9.74609E-01  2.97828E-01
  9.78516E-01  2.95035E-01
  9.82422E-01  2.92250E-01
  9.86328E-01  2.89455E-01
  9.90234E-01  2.86644E-01
  9.94141E-01  2.83789E-01
  9.98047E-01  2.80844E-01
  1.00195E+00  2.80845E-01
