 -1.95312E-03  2.77694E+00
  1.95312E-03  2.77725E+00
  5.85938E-03  2.77309E+00
  9.76562E-03  2.76960E+00
  1.36719E-02  2.76615E+00
  1.75781E-02  2.76267E+00
  2.14844E-02  2.75914E+00
  2.53906E-02  2.75554E+00
  2.92969E-02  2.75187E+00
  3.32031E-02  2.74813E+00
  3.71094E-02  2.74432E+00
  4.10156E-02  2.74044E+00
  4.49219E-02  2.73648E+00
  4.88281E-02  2.73245E+00
  5.27344E-02  2.72835E+00
  5.66406E-02  2.72417E+00
  6.05469E-02  2.71993E+00
  6.44531E-02  2.71561E+00
  6.83594E-02  2.71122E+00
  7.22656E-02  2.70675E+00
  7.61719E-02  2.70221E+00
  8.00781E-02  2.69761E+00
  8.39844E-02  2.69292E+00
  8.78906E-02  2.68817E+00
  9.17969E-02  2.68335E+00
  9.57031E-02  2.67845E+00
  9.96094E-02  2.67348E+00
  1.03516E-01  2.66843E+00
  1.07422E-01  2.66332E+00
  1.11328E-01  2.65813E+00
  1.15234E-01  2.65288E+00
  1.19141E-01  2.64754E+00
  1.23047E-01  2.64214E+00
  1.26953E-01  2.63667E+00
  1.30859E-01  2.63112E+00
  1.34766E-01  2.62551E+00
  1.38672E-01  2.61982E+00
  1.42578E-01  2.61405E+00
  1.46484E-01  2.60822E+00
  1.50391E-01  2.60232E+00
  1.54297E-01  2.59634E+00
  1.58203E-01  2.59029E+00
  1.62109E-01  2.58417E+00
  1.66016E-01  2.57797E+00
  1.69922E-01  2.57171E+00
  1.73828E-01  2.56537E+00
  1.77734E-01  2.55896E+00
  1.81641E-01  2.55248E+00
  1.85547E-01  2.54592E+00
  1.89453E-01  2.53929E+00
  1.93359E-01  2.53259E+00
  1.97266E-01  2.52581E+00
  2.01172E-01  2.51896E+00
  2.05078E-01  2.51204E+00
  2.08984E-01  2.50504E+00
  2.12891E-01  2.49797E+00
  2.16797E-01  2.49082E+00
  2.20703E-01  2.48360E+00
  2.24609E-01  2.47631E+00
  2.28516E-01  2.46894E+00
  2.32422E-01  2.46149E+00
  2.36328E-01  2.45397E+00
  2.40234E-01  2.44637E+00
  2.44141E-01  2.43870E+00
  2.48047E-01  2.43095E+00
  2.51953E-01  2.42312E+00
  2.55859E-01  2.41522E+00
  2.59766E-01  2.40724E+00
  2.63672E-01  2.39918E+00
  2.67578E-01  2.39105E+00
  2.71484E-01  2.38283E+00
  2.75391E-01  2.37454E+00
  2.79297E-01  2.36617E+00
  2.83203E-01  2.35771E+00
  2.87109E-01  2.34918E+00
  2.91016E-01  2.34057E+00
  2.94922E-01  2.33187E+00
  2.98828E-01  2.32309E+00
  3.02734E-01  2.31423E+00
  3.06641E-01  2.30529E+00
  3.10547E-01  2.29626E+00
  3.14453E-01  2.28715E+00
  3.18359E-01  2.27796E+00
  3.22266E-01  2.26868E+00
  3.26172E-01  2.25932E+00
  3.30078E-01  2.24987E+00
  3.33984E-01  2.24033E+00
  3.37891E-01  2.23071E+00
  3.41797E-01  2.22099E+00
  3.45703E-01  2.21119E+00
  3.49609E-01  2.20130E+00
  3.53516E-01  2.19132E+00
  3.57422E-01  2.18124E+00
  3.61328E-01  2.17108E+00
  3.65234E-01  2.16082E+00
  3.69141E-01  2.15046E+00
  3.73047E-01  2.14001E+00
  3.76953E-01  2.12947E+00
  3.80859E-01  2.11883E+00
  3.84766E-01  2.10808E+00
  3.88672E-01  2.09725E+00
  3.92578E-01  2.08631E+00
  3.96484E-01  2.07526E+00
  4.00391E-01  2.06412E+00
  4.04297E-01  2.05287E+00
  4.08203E-01  2.04152E+00
  4.12109E-01  2.03006E+00
  4.16016E-01  2.01850E+00
  4.19922E-01  2.00682E+00
  4.23828E-01  1.99504E+00
  4.27734E-01  1.98314E+00
  4.31641E-01  1.97113E+00
  4.35547E-01  1.95900E+00
  4.39453E-01  1.94675E+00
  4.43359E-01  1.93439E+00
  4.47266E-01  1.92191E+00
  4.51172E-01  1.90930E+00
  4.55078E-01  1.89657E+00
  4.58984E-01  1.88372E+00
  4.62891E-01  1.87073E+00
  4.66797E-01  1.85762E+00
  4.70703E-01  1.84437E+00
  4.74609E-01  1.83099E+00
  4.78516E-01  1.81747E+00
  4.82422E-01  1.80381E+00
  4.86328E-01  1.79000E+00
  4.90234E-01  1.77606E+00
  4.94141E-01  1.76196E+00
  4.98047E-01  1.74771E+00
  5.01953E-01  1.73330E+00
  5.05859E-01  1.71874E+00
  5.09766E-01  1.70402E+00
  5.13672E-01  1.68913E+00
  5.17578E-01  1.67407E+00
  5.21484E-01  1.65883E+00
  5.25391E-01  1.64342E+00
  5.29297E-01  1.62783E+00
  5.33203E-01  1.61205E+00
  5.37109E-01  1.59608E+00
  5.41016E-01  1.57991E+00
  5.44922E-01  1.56355E+00
  5.48828E-01  1.54697E+00
  5.52734E-01  1.53019E+00
  5.56641E-01  1.51319E+00
  5.60547E-01  1.49596E+00
  5.64453E-01  1.47850E+00
  5.68359E-01  1.46080E+00
  5.72266E-01  1.44284E+00
  5.76172E-01  1.42463E+00
  5.80078E-01  1.40616E+00
  5.83984E-01  1.38741E+00
  5.87891E-01  1.36837E+00
  5.91797E-01  1.34904E+00
  5.95703E-01  1.32941E+00
  5.99609E-01  1.30946E+00
  6.03516E-01  1.28917E+00
  6.07422E-01  1.26854E+00
  6.11328E-01  1.24756E+00
  6.15234E-01  1.22620E+00
  6.19141E-01  1.20445E+00
  6.23047E-01  1.18229E+00
  6.26953E-01  1.15970E+00
  6.30859E-01  1.13667E+00
  6.34766E-01  1.11318E+00
  6.38672E-01  1.08919E+00
  6.42578E-01  1.06470E+00
  6.46484E-01  1.03967E+00
  6.50391E-01  1.01408E+00
  6.54297E-01  9.87905E-01
  6.58203E-01  9.61121E-01
  6.62109E-01  9.33702E-01
  6.66016E-01  9.05626E-01
  6.69922E-01  8.76873E-01
  6.73828E-01  8.47435E-01
  6.77734E-01  8.17325E-01
  6.81641E-01  7.86567E-01
  6.85547E-01  7.55219E-01
  6.89453E-01  7.23386E-01
  6.93359E-01  6.91238E-01
  6.97266E-01  6.59028E-01
  7.01172E-01  6.27112E-01
  7.05078E-01  5.95959E-01
  7.08984E-01  5.66139E-01
  7.12891E-01  5.38272E-01
  7.16797E-01  5.12878E-01
  7.20703E-01  4.90324E-01
  7.24609E-01  4.70718E-01
  7.28516E-01  4.53943E-01
  7.32422E-01  4.39715E-01
  7.36328E-01  4.27619E-01
  7.40234E-01  4.17250E-01
  7.44141E-01  4.08241E-01
  7.48047E-01  4.00288E-01
  7.51953E-01  3.93128E-01
  7.55859E-01  3.86581E-01
  7.59766E-01  3.80494E-01
  7.63672E-01  3.74807E-01
  7.67578E-01  3.69395E-01
  7.71484E-01  3.64195E-01
  7.75391E-01  3.59150E-01
  7.79297E-01  3.54289E-01
  7.83203E-01  3.49593E-01
  7.87109E-01  3.45050E-01
  7.91016E-01  3.40644E-01
  7.94922E-01  3.36377E-01
  7.98828E-01  3.32185E-01
  8.02734E-01  3.28024E-01
  8.06641E-01  3.23963E-01
  8.10547E-01  3.19982E-01
  8.14453E-01  3.16086E-01
  8.18359E-01  3.12267E-01
  8.22266E-01  3.08519E-01
  8.26172E-01  3.04838E-01
  8.30078E-01  3.01224E-01
  8.33984E-01  2.97682E-01
  8.37891E-01  2.94197E-01
  8.41797E-01  2.90770E-01
  8.45703E-01  2.87410E-01
  8.49609E-01  2.84100E-01
  8.53516E-01  2.80843E-01
  8.57422E-01  2.77626E-01
  8.61328E-01  2.74421E-01
  8.65234E-01  2.71256E-01
  8.69141E-01  2.68148E-01
  8.73047E-01  2.65093E-01
  8.76953E-01  2.62081E-01
  8.80859E-01  2.59129E-01
  8.84766E-01  2.56214E-01
  8.88672E-01  2.53356E-01
  8.92578E-01  2.50543E-01
  8.96484E-01  2.47795E-01
  9.00391E-01  2.45094E-01
  9.04297E-01  2.42434E-01
  9.08203E-01  2.39811E-01
  9.12109E-01  2.37226E-01
  9.16016E-01  2.34680E-01
  9.19922E-01  2.32170E-01
  9.23828E-01  2.29695E-01
  9.27734E-01  2.27255E-01
  9.31641E-01  2.24849E-01
  9.35547E-01  2.22474E-01
  9.39453E-01  2.20129E-01
  9.43359E-01  2.17815E-01
  9.47266E-01  2.15528E-01
  9.51172E-01  2.13268E-01
  9.55078E-01  2.11034E-01
  9.58984E-01  2.08824E-01
  9.62891E-01  2.06634E-01
  9.66797E-01  2.04461E-01
  9.70703E-01  2.02301E-01
  9.74609E-01  2.00146E-01
  9.78516E-01  1.97990E-01
  9.82422E-01  1.95818E-01
  9.86328E-01  1.93610E-01
  9.90234E-01  1.91338E-01
  9.94141E-01  1.88954E-01
  9.98047E-01  1.86380E-01
  1.00195E+00  1.86380E-01
