 -1.95312E-03  2.57884E+00
  1.95312E-03  2.58036E+00
  5.85938E-03  2.57612E+00
  9.76562E-03  2.57262E+00
  1.36719E-02  2.56915E+00
  1.75781E-02  2.56565E+00
  2.14844E-02  2.56208E+00
  2.53906E-02  2.55844E+00
  2.92969E-02  2.55473E+00
  3.32031E-02  2.55093E+00
  3.71094E-02  2.54706E+00
  4.10156E-02  2.54312E+00
  4.49219E-02  2.53909E+00
  4.88281E-02  2.53498E+00
  5.27344E-02  2.53080E+00
  5.66406E-02  2.52653E+00
  6.05469E-02  2.52219E+00
  6.44531E-02  2.51777E+00
  6.83594E-02  2.51327E+00
  7.22656E-02  2.50869E+00
  7.61719E-02  2.50403E+00
  8.00781E-02  2.49930E+00
  8.39844E-02  2.49449E+00
  8.78906E-02  2.48959E+00
  9.17969E-02  2.48462E+00
  9.57031E-02  2.47957E+00
  9.96094E-02  2.47445E+00
  1.03516E-01  2.46924E+00
  1.07422E-01  2.46396E+00
  1.11328E-01  2.45860E+00
  1.15234E-01  2.45316E+00
  1.19141E-01  2.44765E+00
  1.23047E-01  2.44205E+00
  1.26953E-01  2.43638E+00
  1.30859E-01  2.43063E+00
  1.34766E-01  2.42481E+00
  1.38672E-01  2.41890E+00
  1.42578E-01  2.41292E+00
  1.46484E-01  2.40686E+00
  1.50391E-01  2.40072E+00
  1.54297E-01  2.39451E+00
  1.58203E-01  2.38821E+00
  1.62109E-01  2.38184E+00
  1.66016E-01  2.37539E+00
  1.69922E-01  2.36886E+00
  1.73828E-01  2.36226E+00
  1.77734E-01  2.35557E+00
  1.81641E-01  2.34881E+00
  1.85547E-01  2.34197E+00
  1.89453E-01  2.33504E+00
  1.93359E-01  2.32804E+00
  1.97266E-01  2.32097E+00
  2.01172E-01  2.31381E+00
  2.05078E-01  2.30657E+00
  2.08984E-01  2.29925E+00
  2.12891E-01  2.29186E+00
  2.16797E-01  2.28438E+00
  2.20703E-01  2.27683E+00
  2.24609E-01  2.26919E+00
  2.28516E-01  2.26148E+00
  2.32422E-01  2.25368E+00
  2.36328E-01  2.24580E+00
  2.40234E-01  2.23784E+00
  2.44141E-01  2.22980E+00
  2.48047E-01  2.22168E+00
  2.51953E-01  2.21348E+00
  2.55859E-01  2.20519E+00
  2.59766E-01  2.19683E+00
  2.63672E-01  2.18837E+00
  2.67578E-01  2.17984E+00
  2.71484E-01  2.17122E+00
  2.75391E-01  2.16252E+00
  2.79297E-01  2.15373E+00
  2.83203E-01  2.14486E+00
  2.87109E-01  2.13591E+00
  2.91016E-01  2.12687E+00
  2.94922E-01  2.11774E+00
  2.98828E-01  2.10853E+00
  3.02734E-01  2.09923E+00
  3.06641E-01  2.08985E+00
  3.10547E-01  2.08037E+00
  3.14453E-01  2.07081E+00
  3.18359E-01  2.06116E+00
  3.22266E-01  2.05142E+00
  3.26172E-01  2.04160E+00
  3.30078E-01  2.03168E+00
  3.33984E-01  2.02167E+00
  3.37891E-01  2.01157E+00
  3.41797E-01  2.00138E+00
  3.45703E-01  1.99110E+00
  3.49609E-01  1.98072E+00
  3.53516E-01  1.97025E+00
  3.57422E-01  1.95969E+00
  3.61328E-01  1.94903E+00
  3.65234E-01  1.93827E+00
  3.69141E-01  1.92743E+00
  3.73047E-01  1.91648E+00
  3.76953E-01  1.90544E+00
  3.80859E-01  1.89431E+00
  3.84766E-01  1.88307E+00
  3.88672E-01  1.87174E+00
  3.92578E-01  1.86031E+00
  3.96484E-01  1.84878E+00
  4.00391E-01  1.83714E+00
  4.04297E-01  1.82541E+00
  4.08203E-01  1.81357E+00
  4.12109E-01  1.80164E+00
  4.16016E-01  1.78960E+00
  4.19922E-01  1.77745E+00
  4.23828E-01  1.76520E+00
  4.27734E-01  1.75284E+00
  4.31641E-01  1.74038E+00
  4.35547E-01  1.72781E+00
  4.39453E-01  1.71514E+00
  4.43359E-01  1.70235E+00
  4.47266E-01  1.68946E+00
  4.51172E-01  1.67646E+00
  4.55078E-01  1.66335E+00
  4.58984E-01  1.65012E+00
  4.62891E-01  1.63679E+00
  4.66797E-01  1.62335E+00
  4.70703E-01  1.60979E+00
  4.74609E-01  1.59612E+00
  4.78516E-01  1.58233E+00
  4.82422E-01  1.56844E+00
  4.86328E-01  1.55442E+00
  4.90234E-01  1.54030E+00
  4.94141E-01  1.52605E+00
  4.98047E-01  1.51170E+00
  5.01953E-01  1.49722E+00
  5.05859E-01  1.48264E+00
  5.09766E-01  1.46793E+00
  5.13672E-01  1.45312E+00
  5.17578E-01  1.43819E+00
  5.21484E-01  1.42316E+00
  5.25391E-01  1.40801E+00
  5.29297E-01  1.39276E+00
  5.33203E-01  1.37739E+00
  5.37109E-01  1.36192E+00
  5.41016E-01  1.34635E+00
  5.44922E-01  1.33067E+00
  5.48828E-01  1.31490E+00
  5.52734E-01  1.29902E+00
  5.56641E-01  1.28306E+00
  5.60547E-01  1.26701E+00
  5.64453E-01  1.25088E+00
  5.68359E-01  1.23467E+00
  5.72266E-01  1.21839E+00
  5.76172E-01  1.20205E+00
  5.80078E-01  1.18565E+00
  5.83984E-01  1.16920E+00
  5.87891E-01  1.15272E+00
  5.91797E-01  1.13620E+00
  5.95703E-01  1.11966E+00
  5.99609E-01  1.10312E+00
  6.03516E-01  1.08658E+00
  6.07422E-01  1.07007E+00
  6.11328E-01  1.05358E+00
  6.15234E-01  1.03714E+00
  6.19141E-01  1.02077E+00
  6.23047E-01  1.00449E+00
  6.26953E-01  9.88308E-01
  6.30859E-01  9.72246E-01
  6.34766E-01  9.56328E-01
  6.38672E-01  9.40571E-01
  6.42578E-01  9.25001E-01
  6.46484E-01  9.09637E-01
  6.50391E-01  8.94497E-01
  6.54297E-01  8.79605E-01
  6.58203E-01  8.64976E-01
  6.62109E-01  8.50633E-01
  6.66016E-01  8.36593E-01
  6.69922E-01  8.22872E-01
  6.73828E-01  8.09479E-01
  6.77734E-01  7.96429E-01
  6.81641E-01  7.83732E-01
  6.85547E-01  7.71395E-01
  6.89453E-01  7.59419E-01
  6.93359E-01  7.47807E-01
  6.97266E-01  7.36554E-01
  7.01172E-01  7.25654E-01
  7.05078E-01  7.15112E-01
  7.08984E-01  7.04910E-01
  7.12891E-01  6.95036E-01
  7.16797E-01  6.85490E-01
  7.20703E-01  6.76253E-01
  7.24609E-01  6.67322E-01
  7.28516E-01  6.58668E-01
  7.32422E-01  6.50284E-01
  7.36328E-01  6.42158E-01
  7.40234E-01  6.34273E-01
  7.44141E-01  6.26612E-01
  7.48047E-01  6.19169E-01
  7.51953E-01  6.11925E-01
  7.55859E-01  6.04873E-01
  7.59766E-01  5.98003E-01
  7.63672E-01  5.91312E-01
  7.67578E-01  5.84773E-01
  7.71484E-01  5.78379E-01
  7.75391E-01  5.72125E-01
  7.79297E-01  5.66005E-01
  7.83203E-01  5.60033E-01
  7.87109E-01  5.54164E-01
  7.91016E-01  5.48403E-01
  7.94922E-01  5.42747E-01
  7.98828E-01  5.37189E-01
  8.02734E-01  5.31727E-01
  8.06641E-01  5.26367E-01
  8.10547E-01  5.21102E-01
  8.14453E-01  5.15941E-01
  8.18359E-01  5.10873E-01
  8.22266E-01  5.05884E-01
  8.26172E-01  5.00960E-01
  8.30078E-01  4.96101E-01
  8.33984E-01  4.91312E-01
  8.37891E-01  4.86584E-01
  8.41797E-01  4.81927E-01
  8.45703E-01  4.77335E-01
  8.49609E-01  4.72810E-01
  8.53516E-01  4.68346E-01
  8.57422E-01  4.63952E-01
  8.61328E-01  4.59633E-01
  8.65234E-01  4.55360E-01
  8.69141E-01  4.51139E-01
  8.73047E-01  4.46970E-01
  8.76953E-01  4.42854E-01
  8.80859E-01  4.38798E-01
  8.84766E-01  4.34780E-01
  8.88672E-01  4.30817E-01
  8.92578E-01  4.26913E-01
  8.96484E-01  4.23056E-01
  9.00391E-01  4.19274E-01
  9.04297E-01  4.15527E-01
  9.08203E-01  4.11840E-01
  9.12109E-01  4.08179E-01
  9.16016E-01  4.04577E-01
  9.19922E-01  4.01002E-01
  9.23828E-01  3.97482E-01
  9.27734E-01  3.94001E-01
  9.31641E-01  3.90550E-01
  9.35547E-01  3.87149E-01
  9.39453E-01  3.83792E-01
  9.43359E-01  3.80456E-01
  9.47266E-01  3.77168E-01
  9.51172E-01  3.73923E-01
  9.55078E-01  3.70713E-01
  9.58984E-01  3.67519E-01
  9.62891E-01  3.64368E-01
  9.66797E-01  3.61257E-01
  9.70703E-01  3.58195E-01
  9.74609E-01  3.55160E-01
  9.78516E-01  3.52123E-01
  9.82422E-01  3.49107E-01
  9.86328E-01  3.46099E-01
  9.90234E-01  3.43088E-01
  9.94141E-01  3.40048E-01
  9.98047E-01  3.37013E-01
  1.00195E+00  3.37015E-01
