 -1.95312E-03  2.55781E+00
  1.95312E-03  2.55934E+00
  5.85938E-03  2.55509E+00
  9.76562E-03  2.55159E+00
  1.36719E-02  2.54813E+00
  1.75781E-02  2.54462E+00
  2.14844E-02  2.54105E+00
  2.53906E-02  2.53740E+00
  2.92969E-02  2.53368E+00
  3.32031E-02  2.52989E+00
  3.71094E-02  2.52601E+00
  4.10156E-02  2.52206E+00
  4.49219E-02  2.51803E+00
  4.88281E-02  2.51391E+00
  5.27344E-02  2.50972E+00
  5.66406E-02  2.50545E+00
  6.05469E-02  2.50110E+00
  6.44531E-02  2.49667E+00
  6.83594E-02  2.49216E+00
  7.22656E-02  2.48757E+00
  7.61719E-02  2.48291E+00
  8.00781E-02  2.47816E+00
  8.39844E-02  2.47334E+00
  8.78906E-02  2.46843E+00
  9.17969E-02  2.46345E+00
  9.57031E-02  2.45839E+00
  9.96094E-02  2.45325E+00
  1.03516E-01  2.44803E+00
  1.07422E-01  2.44273E+00
  1.11328E-01  2.43735E+00
  1.15234E-01  2.43190E+00
  1.19141E-01  2.42636E+00
  1.23047E-01  2.42075E+00
  1.26953E-01  2.41507E+00
  1.30859E-01  2.40930E+00
  1.34766E-01  2.40345E+00
  1.38672E-01  2.39753E+00
  1.42578E-01  2.39153E+00
  1.46484E-01  2.38545E+00
  1.50391E-01  2.37929E+00
  1.54297E-01  2.37305E+00
  1.58203E-01  2.36674E+00
  1.62109E-01  2.36035E+00
  1.66016E-01  2.35388E+00
  1.69922E-01  2.34733E+00
  1.73828E-01  2.34070E+00
  1.77734E-01  2.33399E+00
  1.81641E-01  2.32721E+00
  1.85547E-01  2.32034E+00
  1.89453E-01  2.31340E+00
  1.93359E-01  2.30637E+00
  1.97266E-01  2.29927E+00
  2.01172E-01  2.29209E+00
  2.05078E-01  2.28483E+00
  2.08984E-01  2.27748E+00
  2.12891E-01  2.27006E+00
  2.16797E-01  2.26256E+00
  2.20703E-01  2.25498E+00
  2.24609E-01  2.24731E+00
  2.28516E-01  2.23957E+00
  2.32422E-01  2.23174E+00
  2.36328E-01  2.22384E+00
  2.40234E-01  2.21585E+00
  2.44141E-01  2.20778E+00
  2.48047E-01  2.19963E+00
  2.51953E-01  2.19140E+00
  2.55859E-01  2.18308E+00
  2.59766E-01  2.17469E+00
  2.63672E-01  2.16621E+00
  2.67578E-01  2.15765E+00
  2.71484E-01  2.14900E+00
  2.75391E-01  2.14027E+00
  2.79297E-01  2.13146E+00
  2.83203E-01  2.12256E+00
  2.87109E-01  2.11357E+00
  2.91016E-01  2.10450E+00
  2.94922E-01  2.09535E+00
  2.98828E-01  2.08611E+00
  3.02734E-01  2.07678E+00
  3.06641E-01  2.06736E+00
  3.10547E-01  2.05786E+00
  3.14453E-01  2.04827E+00
  3.18359E-01  2.03860E+00
  3.22266E-01  2.02883E+00
  3.26172E-01  2.01898E+00
  3.30078E-01  2.00904E+00
  3.33984E-01  1.99900E+00
  3.37891E-01  1.98888E+00
  3.41797E-01  1.97866E+00
  3.45703E-01  1.96835E+00
  3.49609E-01  1.95796E+00
  3.53516E-01  1.94747E+00
  3.57422E-01  1.93688E+00
  3.61328E-01  1.92621E+00
  3.65234E-01  1.91544E+00
  3.69141E-01  1.90458E+00
  3.73047E-01  1.89362E+00
  3.76953E-01  1.88256E+00
  3.80859E-01  1.87141E+00
  3.84766E-01  1.86016E+00
  3.88672E-01  1.84882E+00
  3.92578E-01  1.83738E+00
  3.96484E-01  1.82584E+00
  4.00391E-01  1.81420E+00
  4.04297E-01  1.80246E+00
  4.08203E-01  1.79063E+00
  4.12109E-01  1.77869E+00
  4.16016E-01  1.76665E+00
  4.19922E-01  1.75452E+00
  4.23828E-01  1.74228E+00
  4.27734E-01  1.72994E+00
  4.31641E-01  1.71749E+00
  4.35547E-01  1.70494E+00
  4.39453E-01  1.69229E+00
  4.43359E-01  1.67953E+00
  4.47266E-01  1.66667E+00
  4.51172E-01  1.65371E+00
  4.55078E-01  1.64064E+00
  4.58984E-01  1.62746E+00
  4.62891E-01  1.61418E+00
  4.66797E-01  1.60080E+00
  4.70703E-01  1.58730E+00
  4.74609E-01  1.57371E+00
  4.78516E-01  1.56000E+00
  4.82422E-01  1.54619E+00
  4.86328E-01  1.53227E+00
  4.90234E-01  1.51825E+00
  4.94141E-01  1.50412E+00
  4.98047E-01  1.48989E+00
  5.01953E-01  1.47555E+00
  5.05859E-01  1.46111E+00
  5.09766E-01  1.44657E+00
  5.13672E-01  1.43193E+00
  5.17578E-01  1.41719E+00
  5.21484E-01  1.40236E+00
  5.25391E-01  1.38743E+00
  5.29297E-01  1.37240E+00
  5.33203E-01  1.35728E+00
  5.37109E-01  1.34208E+00
  5.41016E-01  1.32679E+00
  5.44922E-01  1.31142E+00
  5.48828E-01  1.29597E+00
  5.52734E-01  1.28044E+00
  5.56641E-01  1.26485E+00
  5.60547E-01  1.24920E+00
  5.64453E-01  1.23348E+00
  5.68359E-01  1.21772E+00
  5.72266E-01  1.20191E+00
  5.76172E-01  1.18607E+00
  5.80078E-01  1.17020E+00
  5.83984E-01  1.15431E+00
  5.87891E-01  1.13841E+00
  5.91797E-01  1.12252E+00
  5.95703E-01  1.10664E+00
  5.99609E-01  1.09078E+00
  6.03516E-01  1.07497E+00
  6.07422E-01  1.05920E+00
  6.11328E-01  1.04351E+00
  6.15234E-01  1.02789E+00
  6.19141E-01  1.01237E+00
  6.23047E-01  9.96977E-01
  6.26953E-01  9.81710E-01
  6.30859E-01  9.66591E-01
  6.34766E-01  9.51639E-01
  6.38672E-01  9.36867E-01
  6.42578E-01  9.22291E-01
  6.46484E-01  9.07934E-01
  6.50391E-01  8.93808E-01
  6.54297E-01  8.79933E-01
  6.58203E-01  8.66320E-01
  6.62109E-01  8.52984E-01
  6.66016E-01  8.39936E-01
  6.69922E-01  8.27188E-01
  6.73828E-01  8.14747E-01
  6.77734E-01  8.02619E-01
  6.81641E-01  7.90807E-01
  6.85547E-01  7.79311E-01
  6.89453E-01  7.68130E-01
  6.93359E-01  7.57271E-01
  6.97266E-01  7.46725E-01
  7.01172E-01  7.36487E-01
  7.05078E-01  7.26556E-01
  7.08984E-01  7.16921E-01
  7.12891E-01  7.07566E-01
  7.16797E-01  6.98484E-01
  7.20703E-01  6.89668E-01
  7.24609E-01  6.81108E-01
  7.28516E-01  6.72790E-01
  7.32422E-01  6.64702E-01
  7.36328E-01  6.56847E-01
  7.40234E-01  6.49191E-01
  7.44141E-01  6.41732E-01
  7.48047E-01  6.34467E-01
  7.51953E-01  6.27380E-01
  7.55859E-01  6.20460E-01
  7.59766E-01  6.13696E-01
  7.63672E-01  6.07086E-01
  7.67578E-01  6.00636E-01
  7.71484E-01  5.94311E-01
  7.75391E-01  5.88105E-01
  7.79297E-01  5.82024E-01
  7.83203E-01  5.76063E-01
  7.87109E-01  5.70218E-01
  7.91016E-01  5.64491E-01
  7.94922E-01  5.58854E-01
  7.98828E-01  5.53304E-01
  8.02734E-01  5.47848E-01
  8.06641E-01  5.42472E-01
  8.10547E-01  5.37184E-01
  8.14453E-01  5.31980E-01
  8.18359E-01  5.26856E-01
  8.22266E-01  5.21828E-01
  8.26172E-01  5.16884E-01
  8.30078E-01  5.12019E-01
  8.33984E-01  5.07220E-01
  8.37891E-01  5.02480E-01
  8.41797E-01  4.97795E-01
  8.45703E-01  4.93170E-01
  8.49609E-01  4.88606E-01
  8.53516E-01  4.84101E-01
  8.57422E-01  4.79654E-01
  8.61328E-01  4.75265E-01
  8.65234E-01  4.70937E-01
  8.69141E-01  4.66674E-01
  8.73047E-01  4.62474E-01
  8.76953E-01  4.58324E-01
  8.80859E-01  4.54221E-01
  8.84766E-01  4.50170E-01
  8.88672E-01  4.46167E-01
  8.92578E-01  4.42205E-01
  8.96484E-01  4.38289E-01
  9.00391E-01  4.34425E-01
  9.04297E-01  4.30610E-01
  9.08203E-01  4.26837E-01
  9.12109E-01  4.23129E-01
  9.16016E-01  4.19468E-01
  9.19922E-01  4.15861E-01
  9.23828E-01  4.12281E-01
  9.27734E-01  4.08755E-01
  9.31641E-01  4.05254E-01
  9.35547E-01  4.01809E-01
  9.39453E-01  3.98390E-01
  9.43359E-01  3.95016E-01
  9.47266E-01  3.91679E-01
  9.51172E-01  3.88371E-01
  9.55078E-01  3.85102E-01
  9.58984E-01  3.81877E-01
  9.62891E-01  3.78674E-01
  9.66797E-01  3.75501E-01
  9.70703E-01  3.72365E-01
  9.74609E-01  3.69263E-01
  9.78516E-01  3.66172E-01
  9.82422E-01  3.63099E-01
  9.86328E-01  3.60045E-01
  9.90234E-01  3.57006E-01
  9.94141E-01  3.53967E-01
  9.98047E-01  3.50924E-01
  1.00195E+00  3.50926E-01
