 -1.95312E-03  2.34387E+00
  1.95312E-03  2.34467E+00
  5.85938E-03  2.34053E+00
  9.76562E-03  2.33700E+00
  1.36719E-02  2.33352E+00
  1.75781E-02  2.32999E+00
  2.14844E-02  2.32639E+00
  2.53906E-02  2.32272E+00
  2.92969E-02  2.31896E+00
  3.32031E-02  2.31512E+00
  3.71094E-02  2.31120E+00
  4.10156E-02  2.30719E+00
  4.49219E-02  2.30310E+00
  4.88281E-02  2.29893E+00
  5.27344E-02  2.29467E+00
  5.66406E-02  2.29033E+00
  6.05469E-02  2.28590E+00
  6.44531E-02  2.28139E+00
  6.83594E-02  2.27680E+00
  7.22656E-02  2.27212E+00
  7.61719E-02  2.26737E+00
  8.00781E-02  2.26252E+00
  8.39844E-02  2.25760E+00
  8.78906E-02  2.25259E+00
  9.17969E-02  2.24751E+00
  9.57031E-02  2.24234E+00
  9.96094E-02  2.23708E+00
  1.03516E-01  2.23175E+00
  1.07422E-01  2.22634E+00
  1.11328E-01  2.22084E+00
  1.15234E-01  2.21527E+00
  1.19141E-01  2.20961E+00
  1.23047E-01  2.20388E+00
  1.26953E-01  2.19806E+00
  1.30859E-01  2.19216E+00
  1.34766E-01  2.18618E+00
  1.38672E-01  2.18013E+00
  1.42578E-01  2.17399E+00
  1.46484E-01  2.16777E+00
  1.50391E-01  2.16147E+00
  1.54297E-01  2.15509E+00
  1.58203E-01  2.14864E+00
  1.62109E-01  2.14210E+00
  1.66016E-01  2.13549E+00
  1.69922E-01  2.12879E+00
  1.73828E-01  2.12202E+00
  1.77734E-01  2.11517E+00
  1.81641E-01  2.10824E+00
  1.85547E-01  2.10123E+00
  1.89453E-01  2.09414E+00
  1.93359E-01  2.08698E+00
  1.97266E-01  2.07973E+00
  2.01172E-01  2.07241E+00
  2.05078E-01  2.06501E+00
  2.08984E-01  2.05753E+00
  2.12891E-01  2.04998E+00
  2.16797E-01  2.04235E+00
  2.20703E-01  2.03464E+00
  2.24609E-01  2.02686E+00
  2.28516E-01  2.01899E+00
  2.32422E-01  2.01106E+00
  2.36328E-01  2.00304E+00
  2.40234E-01  1.99495E+00
  2.44141E-01  1.98677E+00
  2.48047E-01  1.97853E+00
  2.51953E-01  1.97020E+00
  2.55859E-01  1.96181E+00
  2.59766E-01  1.95333E+00
  2.63672E-01  1.94478E+00
  2.67578E-01  1.93615E+00
  2.71484E-01  1.92745E+00
  2.75391E-01  1.91867E+00
  2.79297E-01  1.90982E+00
  2.83203E-01  1.90089E+00
  2.87109E-01  1.89189E+00
  2.91016E-01  1.88282E+00
  2.94922E-01  1.87367E+00
  2.98828E-01  1.86445E+00
  3.02734E-01  1.85515E+00
  3.06641E-01  1.84579E+00
  3.10547E-01  1.83635E+00
  3.14453E-01  1.82684E+00
  3.18359E-01  1.81726E+00
  3.22266E-01  1.80760E+00
  3.26172E-01  1.79788E+00
  3.30078E-01  1.78809E+00
  3.33984E-01  1.77822E+00
  3.37891E-01  1.76829E+00
  3.41797E-01  1.75829E+00
  3.45703E-01  1.74822E+00
  3.49609E-01  1.73809E+00
  3.53516E-01  1.72788E+00
  3.57422E-01  1.71762E+00
  3.61328E-01  1.70728E+00
  3.65234E-01  1.69689E+00
  3.69141E-01  1.68643E+00
  3.73047E-01  1.67591E+00
  3.76953E-01  1.66533E+00
  3.80859E-01  1.65469E+00
  3.84766E-01  1.64399E+00
  3.88672E-01  1.63323E+00
  3.92578E-01  1.62242E+00
  3.96484E-01  1.61155E+00
  4.00391E-01  1.60063E+00
  4.04297E-01  1.58966E+00
  4.08203E-01  1.57864E+00
  4.12109E-01  1.56757E+00
  4.16016E-01  1.55645E+00
  4.19922E-01  1.54529E+00
  4.23828E-01  1.53409E+00
  4.27734E-01  1.52284E+00
  4.31641E-01  1.51155E+00
  4.35547E-01  1.50023E+00
  4.39453E-01  1.48887E+00
  4.43359E-01  1.47748E+00
  4.47266E-01  1.46607E+00
  4.51172E-01  1.45462E+00
  4.55078E-01  1.44315E+00
  4.58984E-01  1.43166E+00
  4.62891E-01  1.42016E+00
  4.66797E-01  1.40863E+00
  4.70703E-01  1.39710E+00
  4.74609E-01  1.38556E+00
  4.78516E-01  1.37401E+00
  4.82422E-01  1.36246E+00
  4.86328E-01  1.35092E+00
  4.90234E-01  1.33938E+00
  4.94141E-01  1.32785E+00
  4.98047E-01  1.31634E+00
  5.01953E-01  1.30484E+00
  5.05859E-01  1.29337E+00
  5.09766E-01  1.28192E+00
  5.13672E-01  1.27051E+00
  5.17578E-01  1.25913E+00
  5.21484E-01  1.24779E+00
  5.25391E-01  1.23649E+00
  5.29297E-01  1.22524E+00
  5.33203E-01  1.21405E+00
  5.37109E-01  1.20291E+00
  5.41016E-01  1.19184E+00
  5.44922E-01  1.18083E+00
  5.48828E-01  1.16988E+00
  5.52734E-01  1.15902E+00
  5.56641E-01  1.14823E+00
  5.60547E-01  1.13753E+00
  5.64453E-01  1.12692E+00
  5.68359E-01  1.11639E+00
  5.72266E-01  1.10596E+00
  5.76172E-01  1.09563E+00
  5.80078E-01  1.08540E+00
  5.83984E-01  1.07527E+00
  5.87891E-01  1.06525E+00
  5.91797E-01  1.05534E+00
  5.95703E-01  1.04554E+00
  5.99609E-01  1.03585E+00
  6.03516E-01  1.02628E+00
  6.07422E-01  1.01683E+00
  6.11328E-01  1.00749E+00
  6.15234E-01  9.98269E-01
  6.19141E-01  9.89172E-01
  6.23047E-01  9.80195E-01
  6.26953E-01  9.71341E-01
  6.30859E-01  9.62607E-01
  6.34766E-01  9.53992E-01
  6.38672E-01  9.45497E-01
  6.42578E-01  9.37120E-01
  6.46484E-01  9.28861E-01
  6.50391E-01  9.20719E-01
  6.54297E-01  9.12694E-01
  6.58203E-01  9.04783E-01
  6.62109E-01  8.96985E-01
  6.66016E-01  8.89295E-01
  6.69922E-01  8.81716E-01
  6.73828E-01  8.74243E-01
  6.77734E-01  8.66873E-01
  6.81641E-01  8.59609E-01
  6.85547E-01  8.52445E-01
  6.89453E-01  8.45378E-01
  6.93359E-01  8.38413E-01
  6.97266E-01  8.31542E-01
  7.01172E-01  8.24762E-01
  7.05078E-01  8.18073E-01
  7.08984E-01  8.11471E-01
  7.12891E-01  8.04955E-01
  7.16797E-01  7.98521E-01
  7.20703E-01  7.92170E-01
  7.24609E-01  7.85897E-01
  7.28516E-01  7.79702E-01
  7.32422E-01  7.73582E-01
  7.36328E-01  7.67535E-01
  7.40234E-01  7.61558E-01
  7.44141E-01  7.55651E-01
  7.48047E-01  7.49812E-01
  7.51953E-01  7.44046E-01
  7.55859E-01  7.38341E-01
  7.59766E-01  7.32696E-01
  7.63672E-01  7.27113E-01
  7.67578E-01  7.21594E-01
  7.71484E-01  7.16139E-01
  7.75391E-01  7.10737E-01
  7.79297E-01  7.05389E-01
  7.83203E-01  7.00097E-01
  7.87109E-01  6.94858E-01
  7.91016E-01  6.89674E-01
  7.94922E-01  6.84544E-01
  7.98828E-01  6.79467E-01
  8.02734E-01  6.74439E-01
  8.06641E-01  6.69457E-01
  8.10547E-01  6.64522E-01
  8.14453E-01  6.59630E-01
  8.18359E-01  6.54784E-01
  8.22266E-01  6.49984E-01
  8.26172E-01  6.45233E-01
  8.30078E-01  6.40532E-01
  8.33984E-01  6.35879E-01
  8.37891E-01  6.31263E-01
  8.41797E-01  6.26683E-01
  8.45703E-01  6.22142E-01
  8.49609E-01  6.17638E-01
  8.53516E-01  6.13172E-01
  8.57422E-01  6.08746E-01
  8.61328E-01  6.04358E-01
  8.65234E-01  6.00011E-01
  8.69141E-01  5.95705E-01
  8.73047E-01  5.91443E-01
  8.76953E-01  5.87227E-01
  8.80859E-01  5.83041E-01
  8.84766E-01  5.78889E-01
  8.88672E-01  5.74771E-01
  8.92578E-01  5.70686E-01
  8.96484E-01  5.66632E-01
  9.00391E-01  5.62612E-01
  9.04297E-01  5.58625E-01
  9.08203E-01  5.54670E-01
  9.12109E-01  5.50749E-01
  9.16016E-01  5.46861E-01
  9.19922E-01  5.43007E-01
  9.23828E-01  5.39190E-01
  9.27734E-01  5.35410E-01
  9.31641E-01  5.31671E-01
  9.35547E-01  5.27978E-01
  9.39453E-01  5.24316E-01
  9.43359E-01  5.20688E-01
  9.47266E-01  5.17092E-01
  9.51172E-01  5.13528E-01
  9.55078E-01  5.09996E-01
  9.58984E-01  5.06495E-01
  9.62891E-01  5.03029E-01
  9.66797E-01  4.99595E-01
  9.70703E-01  4.96195E-01
  9.74609E-01  4.92829E-01
  9.78516E-01  4.89499E-01
  9.82422E-01  4.86205E-01
  9.86328E-01  4.82947E-01
  9.90234E-01  4.79725E-01
  9.94141E-01  4.76545E-01
  9.98047E-01  4.73391E-01
  1.00195E+00  4.73394E-01
