 -1.95312E-03  2.75753E+00
  1.95312E-03  2.75863E+00
  5.85938E-03  2.75447E+00
  9.76562E-03  2.75097E+00
  1.36719E-02  2.74753E+00
  1.75781E-02  2.74405E+00
  2.14844E-02  2.74051E+00
  2.53906E-02  2.73690E+00
  2.92969E-02  2.73323E+00
  3.32031E-02  2.72948E+00
  3.71094E-02  2.72567E+00
  4.10156E-02  2.72178E+00
  4.49219E-02  2.71781E+00
  4.88281E-02  2.71378E+00
  5.27344E-02  2.70966E+00
  5.66406E-02  2.70548E+00
  6.05469E-02  2.70122E+00
  6.44531E-02  2.69689E+00
  6.83594E-02  2.69249E+00
  7.22656E-02  2.68801E+00
  7.61719E-02  2.68346E+00
  8.00781E-02  2.67884E+00
  8.39844E-02  2.67414E+00
  8.78906E-02  2.66937E+00
  9.17969E-02  2.66453E+00
  9.57031E-02  2.65961E+00
  9.96094E-02  2.65463E+00
  1.03516E-01  2.64957E+00
  1.07422E-01  2.64443E+00
  1.11328E-01  2.63923E+00
  1.15234E-01  2.63395E+00
  1.19141E-01  2.62860E+00
  1.23047E-01  2.62318E+00
  1.26953E-01  2.61768E+00
  1.30859E-01  2.61211E+00
  1.34766E-01  2.60647E+00
  1.38672E-01  2.60076E+00
  1.42578E-01  2.59497E+00
  1.46484E-01  2.58912E+00
  1.50391E-01  2.58318E+00
  1.54297E-01  2.57718E+00
  1.58203E-01  2.57110E+00
  1.62109E-01  2.56495E+00
  1.66016E-01  2.55873E+00
  1.69922E-01  2.55243E+00
  1.73828E-01  2.54606E+00
  1.77734E-01  2.53962E+00
  1.81641E-01  2.53311E+00
  1.85547E-01  2.52652E+00
  1.89453E-01  2.51986E+00
  1.93359E-01  2.51312E+00
  1.97266E-01  2.50631E+00
  2.01172E-01  2.49942E+00
  2.05078E-01  2.49246E+00
  2.08984E-01  2.48543E+00
  2.12891E-01  2.47832E+00
  2.16797E-01  2.47113E+00
  2.20703E-01  2.46387E+00
  2.24609E-01  2.45654E+00
  2.28516E-01  2.44913E+00
  2.32422E-01  2.44164E+00
  2.36328E-01  2.43408E+00
  2.40234E-01  2.42644E+00
  2.44141E-01  2.41873E+00
  2.48047E-01  2.41094E+00
  2.51953E-01  2.40306E+00
  2.55859E-01  2.39512E+00
  2.59766E-01  2.38709E+00
  2.63672E-01  2.37898E+00
  2.67578E-01  2.37080E+00
  2.71484E-01  2.36254E+00
  2.75391E-01  2.35420E+00
  2.79297E-01  2.34577E+00
  2.83203E-01  2.33727E+00
  2.87109E-01  2.32868E+00
  2.91016E-01  2.32002E+00
  2.94922E-01  2.31127E+00
  2.98828E-01  2.30244E+00
  3.02734E-01  2.29352E+00
  3.06641E-01  2.28453E+00
  3.10547E-01  2.27544E+00
  3.14453E-01  2.26628E+00
  3.18359E-01  2.25703E+00
  3.22266E-01  2.24769E+00
  3.26172E-01  2.23826E+00
  3.30078E-01  2.22875E+00
  3.33984E-01  2.21915E+00
  3.37891E-01  2.20946E+00
  3.41797E-01  2.19968E+00
  3.45703E-01  2.18982E+00
  3.49609E-01  2.17986E+00
  3.53516E-01  2.16981E+00
  3.57422E-01  2.15967E+00
  3.61328E-01  2.14944E+00
  3.65234E-01  2.13911E+00
  3.69141E-01  2.12869E+00
  3.73047E-01  2.11817E+00
  3.76953E-01  2.10756E+00
  3.80859E-01  2.09685E+00
  3.84766E-01  2.08604E+00
  3.88672E-01  2.07513E+00
  3.92578E-01  2.06411E+00
  3.96484E-01  2.05300E+00
  4.00391E-01  2.04178E+00
  4.04297E-01  2.03046E+00
  4.08203E-01  2.01903E+00
  4.12109E-01  2.00750E+00
  4.16016E-01  1.99585E+00
  4.19922E-01  1.98410E+00
  4.23828E-01  1.97223E+00
  4.27734E-01  1.96026E+00
  4.31641E-01  1.94817E+00
  4.35547E-01  1.93596E+00
  4.39453E-01  1.92363E+00
  4.43359E-01  1.91119E+00
  4.47266E-01  1.89862E+00
  4.51172E-01  1.88593E+00
  4.55078E-01  1.87312E+00
  4.58984E-01  1.86018E+00
  4.62891E-01  1.84711E+00
  4.66797E-01  1.83391E+00
  4.70703E-01  1.82057E+00
  4.74609E-01  1.80710E+00
  4.78516E-01  1.79349E+00
  4.82422E-01  1.77974E+00
  4.86328E-01  1.76585E+00
  4.90234E-01  1.75181E+00
  4.94141E-01  1.73762E+00
  4.98047E-01  1.72328E+00
  5.01953E-01  1.70878E+00
  5.05859E-01  1.69413E+00
  5.09766E-01  1.67931E+00
  5.13672E-01  1.66433E+00
  5.17578E-01  1.64917E+00
  5.21484E-01  1.63385E+00
  5.25391E-01  1.61835E+00
  5.29297E-01  1.60266E+00
  5.33203E-01  1.58680E+00
  5.37109E-01  1.57074E+00
  5.41016E-01  1.55449E+00
  5.44922E-01  1.53804E+00
  5.48828E-01  1.52139E+00
  5.52734E-01  1.50452E+00
  5.56641E-01  1.48744E+00
  5.60547E-01  1.47014E+00
  5.64453E-01  1.45261E+00
  5.68359E-01  1.43483E+00
  5.72266E-01  1.41682E+00
  5.76172E-01  1.39855E+00
  5.80078E-01  1.38003E+00
  5.83984E-01  1.36123E+00
  5.87891E-01  1.34217E+00
  5.91797E-01  1.32282E+00
  5.95703E-01  1.30317E+00
  5.99609E-01  1.28322E+00
  6.03516E-01  1.26296E+00
  6.07422E-01  1.24236E+00
  6.11328E-01  1.22143E+00
  6.15234E-01  1.20015E+00
  6.19141E-01  1.17850E+00
  6.23047E-01  1.15648E+00
  6.26953E-01  1.13407E+00
  6.30859E-01  1.11125E+00
  6.34766E-01  1.08803E+00
  6.38672E-01  1.06437E+00
  6.42578E-01  1.04027E+00
  6.46484E-01  1.01570E+00
  6.50391E-01  9.90668E-01
  6.54297E-01  9.65155E-01
  6.58203E-01  9.39162E-01
  6.62109E-01  9.12682E-01
  6.66016E-01  8.85726E-01
  6.69922E-01  8.58309E-01
  6.73828E-01  8.30458E-01
  6.77734E-01  8.02233E-01
  6.81641E-01  7.73703E-01
  6.85547E-01  7.44992E-01
  6.89453E-01  7.16218E-01
  6.93359E-01  6.87594E-01
  6.97266E-01  6.59371E-01
  7.01172E-01  6.31837E-01
  7.05078E-01  6.05332E-01
  7.08984E-01  5.80202E-01
  7.12891E-01  5.56762E-01
  7.16797E-01  5.35242E-01
  7.20703E-01  5.15822E-01
  7.24609E-01  4.98499E-01
  7.28516E-01  4.83192E-01
  7.32422E-01  4.69736E-01
  7.36328E-01  4.57883E-01
  7.40234E-01  4.47411E-01
  7.44141E-01  4.38079E-01
  7.48047E-01  4.29675E-01
  7.51953E-01  4.22021E-01
  7.55859E-01  4.14969E-01
  7.59766E-01  4.08407E-01
  7.63672E-01  4.02239E-01
  7.67578E-01  3.96384E-01
  7.71484E-01  3.90802E-01
  7.75391E-01  3.85482E-01
  7.79297E-01  3.80320E-01
  7.83203E-01  3.75296E-01
  7.87109E-01  3.70429E-01
  7.91016E-01  3.65696E-01
  7.94922E-01  3.61067E-01
  7.98828E-01  3.56512E-01
  8.02734E-01  3.52077E-01
  8.06641E-01  3.47761E-01
  8.10547E-01  3.43575E-01
  8.14453E-01  3.39513E-01
  8.18359E-01  3.35514E-01
  8.22266E-01  3.31581E-01
  8.26172E-01  3.27660E-01
  8.30078E-01  3.23818E-01
  8.33984E-01  3.20047E-01
  8.37891E-01  3.16343E-01
  8.41797E-01  3.12701E-01
  8.45703E-01  3.09133E-01
  8.49609E-01  3.05625E-01
  8.53516E-01  3.02170E-01
  8.57422E-01  2.98781E-01
  8.61328E-01  2.95447E-01
  8.65234E-01  2.92161E-01
  8.69141E-01  2.88938E-01
  8.73047E-01  2.85759E-01
  8.76953E-01  2.82633E-01
  8.80859E-01  2.79555E-01
  8.84766E-01  2.76516E-01
  8.88672E-01  2.73491E-01
  8.92578E-01  2.70498E-01
  8.96484E-01  2.67547E-01
  9.00391E-01  2.64644E-01
  9.04297E-01  2.61787E-01
  9.08203E-01  2.58970E-01
  9.12109E-01  2.56201E-01
  9.16016E-01  2.53466E-01
  9.19922E-01  2.50782E-01
  9.23828E-01  2.48150E-01
  9.27734E-01  2.45559E-01
  9.31641E-01  2.43005E-01
  9.35547E-01  2.40485E-01
  9.39453E-01  2.37996E-01
  9.43359E-01  2.35539E-01
  9.47266E-01  2.33113E-01
  9.51172E-01  2.30715E-01
  9.55078E-01  2.28346E-01
  9.58984E-01  2.26000E-01
  9.62891E-01  2.23676E-01
  9.66797E-01  2.21371E-01
  9.70703E-01  2.19081E-01
  9.74609E-01  2.16800E-01
  9.78516E-01  2.14518E-01
  9.82422E-01  2.12224E-01
  9.86328E-01  2.09896E-01
  9.90234E-01  2.07507E-01
  9.94141E-01  2.05009E-01
  9.98047E-01  2.02346E-01
  1.00195E+00  2.02346E-01
