 -1.95312E-03  2.05798E+00
  1.95312E-03  2.05928E+00
  5.85938E-03  2.05507E+00
  9.76562E-03  2.05155E+00
  1.36719E-02  2.04806E+00
  1.75781E-02  2.04452E+00
  2.14844E-02  2.04091E+00
  2.53906E-02  2.03722E+00
  2.92969E-02  2.03345E+00
  3.32031E-02  2.02960E+00
  3.71094E-02  2.02566E+00
  4.10156E-02  2.02164E+00
  4.49219E-02  2.01753E+00
  4.88281E-02  2.01334E+00
  5.27344E-02  2.00907E+00
  5.66406E-02  2.00472E+00
  6.05469E-02  2.00028E+00
  6.44531E-02  1.99576E+00
  6.83594E-02  1.99116E+00
  7.22656E-02  1.98648E+00
  7.61719E-02  1.98172E+00
  8.00781E-02  1.97688E+00
  8.39844E-02  1.97196E+00
  8.78906E-02  1.96696E+00
  9.17969E-02  1.96189E+00
  9.57031E-02  1.95674E+00
  9.96094E-02  1.95151E+00
  1.03516E-01  1.94621E+00
  1.07422E-01  1.94083E+00
  1.11328E-01  1.93537E+00
  1.15234E-01  1.92985E+00
  1.19141E-01  1.92425E+00
  1.23047E-01  1.91858E+00
  1.26953E-01  1.91283E+00
  1.30859E-01  1.90702E+00
  1.34766E-01  1.90113E+00
  1.38672E-01  1.89518E+00
  1.42578E-01  1.88916E+00
  1.46484E-01  1.88306E+00
  1.50391E-01  1.87690E+00
  1.54297E-01  1.87068E+00
  1.58203E-01  1.86439E+00
  1.62109E-01  1.85803E+00
  1.66016E-01  1.85161E+00
  1.69922E-01  1.84512E+00
  1.73828E-01  1.83858E+00
  1.77734E-01  1.83197E+00
  1.81641E-01  1.82530E+00
  1.85547E-01  1.81856E+00
  1.89453E-01  1.81177E+00
  1.93359E-01  1.80493E+00
  1.97266E-01  1.79802E+00
  2.01172E-01  1.79106E+00
  2.05078E-01  1.78404E+00
  2.08984E-01  1.77696E+00
  2.12891E-01  1.76984E+00
  2.16797E-01  1.76266E+00
  2.20703E-01  1.75543E+00
  2.24609E-01  1.74814E+00
  2.28516E-01  1.74081E+00
  2.32422E-01  1.73343E+00
  2.36328E-01  1.72601E+00
  2.40234E-01  1.71853E+00
  2.44141E-01  1.71102E+00
  2.48047E-01  1.70345E+00
  2.51953E-01  1.69585E+00
  2.55859E-01  1.68821E+00
  2.59766E-01  1.68052E+00
  2.63672E-01  1.67280E+00
  2.67578E-01  1.66504E+00
  2.71484E-01  1.65724E+00
  2.75391E-01  1.64941E+00
  2.79297E-01  1.64155E+00
  2.83203E-01  1.63366E+00
  2.87109E-01  1.62573E+00
  2.91016E-01  1.61778E+00
  2.94922E-01  1.60980E+00
  2.98828E-01  1.60180E+00
  3.02734E-01  1.59377E+00
  3.06641E-01  1.58572E+00
  3.10547E-01  1.57765E+00
  3.14453E-01  1.56956E+00
  3.18359E-01  1.56145E+00
  3.22266E-01  1.55333E+00
  3.26172E-01  1.54520E+00
  3.30078E-01  1.53705E+00
  3.33984E-01  1.52889E+00
  3.37891E-01  1.52072E+00
  3.41797E-01  1.51255E+00
  3.45703E-01  1.50437E+00
  3.49609E-01  1.49619E+00
  3.53516E-01  1.48801E+00
  3.57422E-01  1.47983E+00
  3.61328E-01  1.47165E+00
  3.65234E-01  1.46348E+00
  3.69141E-01  1.45531E+00
  3.73047E-01  1.44715E+00
  3.76953E-01  1.43900E+00
  3.80859E-01  1.43086E+00
  3.84766E-01  1.42274E+00
  3.88672E-01  1.41463E+00
  3.92578E-01  1.40654E+00
  3.96484E-01  1.39846E+00
  4.00391E-01  1.39041E+00
  4.04297E-01  1.38238E+00
  4.08203E-01  1.37437E+00
  4.12109E-01  1.36639E+00
  4.16016E-01  1.35844E+00
  4.19922E-01  1.35051E+00
  4.23828E-01  1.34261E+00
  4.27734E-01  1.33475E+00
  4.31641E-01  1.32692E+00
  4.35547E-01  1.31912E+00
  4.39453E-01  1.31136E+00
  4.43359E-01  1.30364E+00
  4.47266E-01  1.29596E+00
  4.51172E-01  1.28832E+00
  4.55078E-01  1.28072E+00
  4.58984E-01  1.27315E+00
  4.62891E-01  1.26564E+00
  4.66797E-01  1.25816E+00
  4.70703E-01  1.25073E+00
  4.74609E-01  1.24335E+00
  4.78516E-01  1.23602E+00
  4.82422E-01  1.22873E+00
  4.86328E-01  1.22149E+00
  4.90234E-01  1.21429E+00
  4.94141E-01  1.20715E+00
  4.98047E-01  1.20005E+00
  5.01953E-01  1.19301E+00
  5.05859E-01  1.18602E+00
  5.09766E-01  1.17908E+00
  5.13672E-01  1.17219E+00
  5.17578E-01  1.16534E+00
  5.21484E-01  1.15856E+00
  5.25391E-01  1.15182E+00
  5.29297E-01  1.14513E+00
  5.33203E-01  1.13850E+00
  5.37109E-01  1.13191E+00
  5.41016E-01  1.12538E+00
  5.44922E-01  1.11890E+00
  5.48828E-01  1.11247E+00
  5.52734E-01  1.10609E+00
  5.56641E-01  1.09976E+00
  5.60547E-01  1.09348E+00
  5.64453E-01  1.08725E+00
  5.68359E-01  1.08107E+00
  5.72266E-01  1.07494E+00
  5.76172E-01  1.06886E+00
  5.80078E-01  1.06283E+00
  5.83984E-01  1.05684E+00
  5.87891E-01  1.05090E+00
  5.91797E-01  1.04501E+00
  5.95703E-01  1.03916E+00
  5.99609E-01  1.03337E+00
  6.03516E-01  1.02762E+00
  6.07422E-01  1.02191E+00
  6.11328E-01  1.01624E+00
  6.15234E-01  1.01062E+00
  6.19141E-01  1.00505E+00
  6.23047E-01  9.99515E-01
  6.26953E-01  9.94026E-01
  6.30859E-01  9.88578E-01
  6.34766E-01  9.83172E-01
  6.38672E-01  9.77808E-01
  6.42578E-01  9.72483E-01
  6.46484E-01  9.67197E-01
  6.50391E-01  9.61951E-01
  6.54297E-01  9.56744E-01
  6.58203E-01  9.51573E-01
  6.62109E-01  9.46442E-01
  6.66016E-01  9.41348E-01
  6.69922E-01  9.36291E-01
  6.73828E-01  9.31272E-01
  6.77734E-01  9.26286E-01
  6.81641E-01  9.21335E-01
  6.85547E-01  9.16418E-01
  6.89453E-01  9.11536E-01
  6.93359E-01  9.06688E-01
  6.97266E-01  9.01871E-01
  7.01172E-01  8.97086E-01
  7.05078E-01  8.92333E-01
  7.08984E-01  8.87611E-01
  7.12891E-01  8.82922E-01
  7.16797E-01  8.78264E-01
  7.20703E-01  8.73635E-01
  7.24609E-01  8.69034E-01
  7.28516E-01  8.64462E-01
  7.32422E-01  8.59920E-01
  7.36328E-01  8.55405E-01
  7.40234E-01  8.50918E-01
  7.44141E-01  8.46461E-01
  7.48047E-01  8.42029E-01
  7.51953E-01  8.37622E-01
  7.55859E-01  8.33240E-01
  7.59766E-01  8.28883E-01
  7.63672E-01  8.24551E-01
  7.67578E-01  8.20243E-01
  7.71484E-01  8.15960E-01
  7.75391E-01  8.11703E-01
  7.79297E-01  8.07467E-01
  7.83203E-01  8.03254E-01
  7.87109E-01  7.99061E-01
  7.91016E-01  7.94889E-01
  7.94922E-01  7.90738E-01
  7.98828E-01  7.86607E-01
  8.02734E-01  7.82497E-01
  8.06641E-01  7.78409E-01
  8.10547E-01  7.74343E-01
  8.14453E-01  7.70299E-01
  8.18359E-01  7.66270E-01
  8.22266E-01  7.62259E-01
  8.26172E-01  7.58265E-01
  8.30078E-01  7.54288E-01
  8.33984E-01  7.50328E-01
  8.37891E-01  7.46384E-01
  8.41797E-01  7.42457E-01
  8.45703E-01  7.38548E-01
  8.49609E-01  7.34654E-01
  8.53516E-01  7.30779E-01
  8.57422E-01  7.26921E-01
  8.61328E-01  7.23082E-01
  8.65234E-01  7.19257E-01
  8.69141E-01  7.15444E-01
  8.73047E-01  7.11645E-01
  8.76953E-01  7.07860E-01
  8.80859E-01  7.04088E-01
  8.84766E-01  7.00330E-01
  8.88672E-01  6.96586E-01
  8.92578E-01  6.92856E-01
  8.96484E-01  6.89139E-01
  9.00391E-01  6.85438E-01
  9.04297E-01  6.81752E-01
  9.08203E-01  6.78082E-01
  9.12109E-01  6.74432E-01
  9.16016E-01  6.70794E-01
  9.19922E-01  6.67171E-01
  9.23828E-01  6.63560E-01
  9.27734E-01  6.59965E-01
  9.31641E-01  6.56384E-01
  9.35547E-01  6.52818E-01
  9.39453E-01  6.49268E-01
  9.43359E-01  6.45734E-01
  9.47266E-01  6.42217E-01
  9.51172E-01  6.38719E-01
  9.55078E-01  6.35241E-01
  9.58984E-01  6.31784E-01
  9.62891E-01  6.28352E-01
  9.66797E-01  6.24947E-01
  9.70703E-01  6.21565E-01
  9.74609E-01  6.18207E-01
  9.78516E-01  6.14874E-01
  9.82422E-01  6.11570E-01
  9.86328E-01  6.08296E-01
  9.90234E-01  6.05055E-01
  9.94141E-01  6.01852E-01
  9.98047E-01  5.98671E-01
  1.00195E+00  5.98687E-01
