 -1.95312E-03  2.82287E+00
  1.95312E-03  2.82344E+00
  5.85938E-03  2.81931E+00
  9.76562E-03  2.81582E+00
  1.36719E-02  2.81238E+00
  1.75781E-02  2.80891E+00
  2.14844E-02  2.80538E+00
  2.53906E-02  2.80179E+00
  2.92969E-02  2.79813E+00
  3.32031E-02  2.79441E+00
  3.71094E-02  2.79061E+00
  4.10156E-02  2.78675E+00
  4.49219E-02  2.78281E+00
  4.88281E-02  2.77880E+00
  5.27344E-02  2.77472E+00
  5.66406E-02  2.77057E+00
  6.05469E-02  2.76635E+00
  6.44531E-02  2.76205E+00
  6.83594E-02  2.75769E+00
  7.22656E-02  2.75325E+00
  7.61719E-02  2.74875E+00
  8.00781E-02  2.74417E+00
  8.39844E-02  2.73953E+00
  8.78906E-02  2.73481E+00
  9.17969E-02  2.73002E+00
  9.57031E-02  2.72516E+00
  9.96094E-02  2.72023E+00
  1.03516E-01  2.71523E+00
  1.07422E-01  2.71016E+00
  1.11328E-01  2.70502E+00
  1.15234E-01  2.69980E+00
  1.19141E-01  2.69452E+00
  1.23047E-01  2.68917E+00
  1.26953E-01  2.68375E+00
  1.30859E-01  2.67825E+00
  1.34766E-01  2.67269E+00
  1.38672E-01  2.66706E+00
  1.42578E-01  2.66135E+00
  1.46484E-01  2.65558E+00
  1.50391E-01  2.64973E+00
  1.54297E-01  2.64381E+00
  1.58203E-01  2.63782E+00
  1.62109E-01  2.63177E+00
  1.66016E-01  2.62564E+00
  1.69922E-01  2.61944E+00
  1.73828E-01  2.61317E+00
  1.77734E-01  2.60683E+00
  1.81641E-01  2.60041E+00
  1.85547E-01  2.59393E+00
  1.89453E-01  2.58738E+00
  1.93359E-01  2.58075E+00
  1.97266E-01  2.57405E+00
  2.01172E-01  2.56728E+00
  2.05078E-01  2.56044E+00
  2.08984E-01  2.55353E+00
  2.12891E-01  2.54654E+00
  2.16797E-01  2.53948E+00
  2.20703E-01  2.53235E+00
  2.24609E-01  2.52515E+00
  2.28516E-01  2.51787E+00
  2.32422E-01  2.51052E+00
  2.36328E-01  2.50309E+00
  2.40234E-01  2.49559E+00
  2.44141E-01  2.48802E+00
  2.48047E-01  2.48037E+00
  2.51953E-01  2.47265E+00
  2.55859E-01  2.46485E+00
  2.59766E-01  2.45698E+00
  2.63672E-01  2.44903E+00
  2.67578E-01  2.44101E+00
  2.71484E-01  2.43291E+00
  2.75391E-01  2.42474E+00
  2.79297E-01  2.41648E+00
  2.83203E-01  2.40815E+00
  2.87109E-01  2.39974E+00
  2.91016E-01  2.39125E+00
  2.94922E-01  2.38268E+00
  2.98828E-01  2.37404E+00
  3.02734E-01  2.36531E+00
  3.06641E-01  2.35651E+00
  3.10547E-01  2.34762E+00
  3.14453E-01  2.33865E+00
  3.18359E-01  2.32960E+00
  3.22266E-01  2.32046E+00
  3.26172E-01  2.31125E+00
  3.30078E-01  2.30195E+00
  3.33984E-01  2.29256E+00
  3.37891E-01  2.28309E+00
  3.41797E-01  2.27354E+00
  3.45703E-01  2.26389E+00
  3.49609E-01  2.25416E+00
  3.53516E-01  2.24434E+00
  3.57422E-01  2.23444E+00
  3.61328E-01  2.22444E+00
  3.65234E-01  2.21435E+00
  3.69141E-01  2.20417E+00
  3.73047E-01  2.19390E+00
  3.76953E-01  2.18354E+00
  3.80859E-01  2.17308E+00
  3.84766E-01  2.16252E+00
  3.88672E-01  2.15187E+00
  3.92578E-01  2.14112E+00
  3.96484E-01  2.13028E+00
  4.00391E-01  2.11933E+00
  4.04297E-01  2.10828E+00
  4.08203E-01  2.09714E+00
  4.12109E-01  2.08589E+00
  4.16016E-01  2.07453E+00
  4.19922E-01  2.06306E+00
  4.23828E-01  2.05149E+00
  4.27734E-01  2.03981E+00
  4.31641E-01  2.02802E+00
  4.35547E-01  2.01612E+00
  4.39453E-01  2.00410E+00
  4.43359E-01  1.99198E+00
  4.47266E-01  1.97973E+00
  4.51172E-01  1.96736E+00
  4.55078E-01  1.95487E+00
  4.58984E-01  1.94227E+00
  4.62891E-01  1.92953E+00
  4.66797E-01  1.91667E+00
  4.70703E-01  1.90368E+00
  4.74609E-01  1.89056E+00
  4.78516E-01  1.87730E+00
  4.82422E-01  1.86391E+00
  4.86328E-01  1.85038E+00
  4.90234E-01  1.83670E+00
  4.94141E-01  1.82288E+00
  4.98047E-01  1.80891E+00
  5.01953E-01  1.79479E+00
  5.05859E-01  1.78051E+00
  5.09766E-01  1.76607E+00
  5.13672E-01  1.75147E+00
  5.17578E-01  1.73671E+00
  5.21484E-01  1.72178E+00
  5.25391E-01  1.70667E+00
  5.29297E-01  1.69138E+00
  5.33203E-01  1.67590E+00
  5.37109E-01  1.66024E+00
  5.41016E-01  1.64438E+00
  5.44922E-01  1.62832E+00
  5.48828E-01  1.61205E+00
  5.52734E-01  1.59558E+00
  5.56641E-01  1.57888E+00
  5.60547E-01  1.56196E+00
  5.64453E-01  1.54481E+00
  5.68359E-01  1.52741E+00
  5.72266E-01  1.50977E+00
  5.76172E-01  1.49186E+00
  5.80078E-01  1.47369E+00
  5.83984E-01  1.45523E+00
  5.87891E-01  1.43648E+00
  5.91797E-01  1.41743E+00
  5.95703E-01  1.39806E+00
  5.99609E-01  1.37836E+00
  6.03516E-01  1.35831E+00
  6.07422E-01  1.33789E+00
  6.11328E-01  1.31710E+00
  6.15234E-01  1.29590E+00
  6.19141E-01  1.27428E+00
  6.23047E-01  1.25222E+00
  6.26953E-01  1.22968E+00
  6.30859E-01  1.20664E+00
  6.34766E-01  1.18306E+00
  6.38672E-01  1.15892E+00
  6.42578E-01  1.13416E+00
  6.46484E-01  1.10876E+00
  6.50391E-01  1.08264E+00
  6.54297E-01  1.05577E+00
  6.58203E-01  1.02807E+00
  6.62109E-01  9.99461E-01
  6.66016E-01  9.69870E-01
  6.69922E-01  9.39200E-01
  6.73828E-01  9.07327E-01
  6.77734E-01  8.74106E-01
  6.81641E-01  8.39381E-01
  6.85547E-01  8.02964E-01
  6.89453E-01  7.64613E-01
  6.93359E-01  7.24058E-01
  6.97266E-01  6.81007E-01
  7.01172E-01  6.35258E-01
  7.05078E-01  5.86945E-01
  7.08984E-01  5.37036E-01
  7.12891E-01  4.87798E-01
  7.16797E-01  4.43199E-01
  7.20703E-01  4.06894E-01
  7.24609E-01  3.80042E-01
  7.28516E-01  3.61279E-01
  7.32422E-01  3.48252E-01
  7.36328E-01  3.38742E-01
  7.40234E-01  3.31318E-01
  7.44141E-01  3.25166E-01
  7.48047E-01  3.19802E-01
  7.51953E-01  3.14894E-01
  7.55859E-01  3.10274E-01
  7.59766E-01  3.05851E-01
  7.63672E-01  3.01573E-01
  7.67578E-01  2.97428E-01
  7.71484E-01  2.93391E-01
  7.75391E-01  2.89438E-01
  7.79297E-01  2.85568E-01
  7.83203E-01  2.81729E-01
  7.87109E-01  2.77927E-01
  7.91016E-01  2.74200E-01
  7.94922E-01  2.70552E-01
  7.98828E-01  2.66976E-01
  8.02734E-01  2.63484E-01
  8.06641E-01  2.60058E-01
  8.10547E-01  2.56697E-01
  8.14453E-01  2.53401E-01
  8.18359E-01  2.50190E-01
  8.22266E-01  2.47070E-01
  8.26172E-01  2.44002E-01
  8.30078E-01  2.40988E-01
  8.33984E-01  2.38028E-01
  8.37891E-01  2.35119E-01
  8.41797E-01  2.32259E-01
  8.45703E-01  2.29448E-01
  8.49609E-01  2.26684E-01
  8.53516E-01  2.23966E-01
  8.57422E-01  2.21292E-01
  8.61328E-01  2.18663E-01
  8.65234E-01  2.16077E-01
  8.69141E-01  2.13533E-01
  8.73047E-01  2.11029E-01
  8.76953E-01  2.08565E-01
  8.80859E-01  2.06140E-01
  8.84766E-01  2.03753E-01
  8.88672E-01  2.01402E-01
  8.92578E-01  1.99090E-01
  8.96484E-01  1.96817E-01
  9.00391E-01  1.94601E-01
  9.04297E-01  1.92430E-01
  9.08203E-01  1.90290E-01
  9.12109E-01  1.88174E-01
  9.16016E-01  1.86095E-01
  9.19922E-01  1.84041E-01
  9.23828E-01  1.82015E-01
  9.27734E-01  1.80018E-01
  9.31641E-01  1.78043E-01
  9.35547E-01  1.76098E-01
  9.39453E-01  1.74176E-01
  9.43359E-01  1.72276E-01
  9.47266E-01  1.70397E-01
  9.51172E-01  1.68542E-01
  9.55078E-01  1.66704E-01
  9.58984E-01  1.64881E-01
  9.62891E-01  1.63075E-01
  9.66797E-01  1.61279E-01
  9.70703E-01  1.59486E-01
  9.74609E-01  1.57697E-01
  9.78516E-01  1.55893E-01
  9.82422E-01  1.54062E-01
  9.86328E-01  1.52183E-01
  9.90234E-01  1.50195E-01
  9.94141E-01  1.48026E-01
  9.98047E-01  1.45735E-01
  1.00195E+00  1.45735E-01
