 -1.95312E-03  1.07083E+00
  1.95312E-03  1.07213E+00
  5.85938E-03  1.06819E+00
  9.76562E-03  1.06522E+00
  1.36719E-02  1.06257E+00
  1.75781E-02  1.06015E+00
  2.14844E-02  1.05793E+00
  2.53906E-02  1.05592E+00
  2.92969E-02  1.05408E+00
  3.32031E-02  1.05241E+00
  3.71094E-02  1.05090E+00
  4.10156E-02  1.04954E+00
  4.49219E-02  1.04830E+00
  4.88281E-02  1.04719E+00
  5.27344E-02  1.04618E+00
  5.66406E-02  1.04526E+00
  6.05469E-02  1.04442E+00
  6.44531E-02  1.04366E+00
  6.83594E-02  1.04296E+00
  7.22656E-02  1.04231E+00
  7.61719E-02  1.04170E+00
  8.00781E-02  1.04114E+00
  8.39844E-02  1.04061E+00
  8.78906E-02  1.04011E+00
  9.17969E-02  1.03963E+00
  9.57031E-02  1.03918E+00
  9.96094E-02  1.03874E+00
  1.03516E-01  1.03833E+00
  1.07422E-01  1.03792E+00
  1.11328E-01  1.03753E+00
  1.15234E-01  1.03715E+00
  1.19141E-01  1.03678E+00
  1.23047E-01  1.03642E+00
  1.26953E-01  1.03606E+00
  1.30859E-01  1.03572E+00
  1.34766E-01  1.03538E+00
  1.38672E-01  1.03504E+00
  1.42578E-01  1.03472E+00
  1.46484E-01  1.03439E+00
  1.50391E-01  1.03407E+00
  1.54297E-01  1.03376E+00
  1.58203E-01  1.03344E+00
  1.62109E-01  1.03314E+00
  1.66016E-01  1.03283E+00
  1.69922E-01  1.03253E+00
  1.73828E-01  1.03223E+00
  1.77734E-01  1.03194E+00
  1.81641E-01  1.03164E+00
  1.85547E-01  1.03135E+00
  1.89453E-01  1.03106E+00
  1.93359E-01  1.03077E+00
  1.97266E-01  1.03049E+00
  2.01172E-01  1.03020E+00
  2.05078E-01  1.02992E+00
  2.08984E-01  1.02964E+00
  2.12891E-01  1.02936E+00
  2.16797E-01  1.02908E+00
  2.20703E-01  1.02881E+00
  2.24609E-01  1.02853E+00
  2.28516E-01  1.02826E+00
  2.32422E-01  1.02799E+00
  2.36328E-01  1.02772E+00
  2.40234E-01  1.02744E+00
  2.44141E-01  1.02718E+00
  2.48047E-01  1.02691E+00
  2.51953E-01  1.02664E+00
  2.55859E-01  1.02637E+00
  2.59766E-01  1.02611E+00
  2.63672E-01  1.02584E+00
  2.67578E-01  1.02558E+00
  2.71484E-01  1.02531E+00
  2.75391E-01  1.02505E+00
  2.79297E-01  1.02479E+00
  2.83203E-01  1.02453E+00
  2.87109E-01  1.02427E+00
  2.91016E-01  1.02401E+00
  2.94922E-01  1.02375E+00
  2.98828E-01  1.02349E+00
  3.02734E-01  1.02323E+00
  3.06641E-01  1.02297E+00
  3.10547E-01  1.02272E+00
  3.14453E-01  1.02246E+00
  3.18359E-01  1.02220E+00
  3.22266E-01  1.02195E+00
  3.26172E-01  1.02169E+00
  3.30078E-01  1.02144E+00
  3.33984E-01  1.02118E+00
  3.37891E-01  1.02093E+00
  3.41797E-01  1.02067E+00
  3.45703E-01  1.02042E+00
  3.49609E-01  1.02017E+00
  3.53516E-01  1.01992E+00
  3.57422E-01  1.01966E+00
  3.61328E-01  1.01941E+00
  3.65234E-01  1.01916E+00
  3.69141E-01  1.01891E+00
  3.73047E-01  1.01866E+00
  3.76953E-01  1.01841E+00
  3.80859E-01  1.01816E+00
  3.84766E-01  1.01791E+00
  3.88672E-01  1.01766E+00
  3.92578E-01  1.01741E+00
  3.96484E-01  1.01716E+00
  4.00391E-01  1.01691E+00
  4.04297E-01  1.01666E+00
  4.08203E-01  1.01641E+00
  4.12109E-01  1.01617E+00
  4.16016E-01  1.01592E+00
  4.19922E-01  1.01567E+00
  4.23828E-01  1.01542E+00
  4.27734E-01  1.01518E+00
  4.31641E-01  1.01493E+00
  4.35547E-01  1.01468E+00
  4.39453E-01  1.01444E+00
  4.43359E-01  1.01419E+00
  4.47266E-01  1.01395E+00
  4.51172E-01  1.01370E+00
  4.55078E-01  1.01345E+00
  4.58984E-01  1.01321E+00
  4.62891E-01  1.01296E+00
  4.66797E-01  1.01272E+00
  4.70703E-01  1.01247E+00
  4.74609E-01  1.01223E+00
  4.78516E-01  1.01199E+00
  4.82422E-01  1.01174E+00
  4.86328E-01  1.01150E+00
  4.90234E-01  1.01125E+00
  4.94141E-01  1.01101E+00
  4.98047E-01  1.01077E+00
  5.01953E-01  1.01052E+00
  5.05859E-01  1.01028E+00
  5.09766E-01  1.01004E+00
  5.13672E-01  1.00980E+00
  5.17578E-01  1.00955E+00
  5.21484E-01  1.00931E+00
  5.25391E-01  1.00907E+00
  5.29297E-01  1.00883E+00
  5.33203E-01  1.00859E+00
  5.37109E-01  1.00834E+00
  5.41016E-01  1.00810E+00
  5.44922E-01  1.00786E+00
  5.48828E-01  1.00762E+00
  5.52734E-01  1.00738E+00
  5.56641E-01  1.00714E+00
  5.60547E-01  1.00690E+00
  5.64453E-01  1.00666E+00
  5.68359E-01  1.00642E+00
  5.72266E-01  1.00618E+00
  5.76172E-01  1.00594E+00
  5.80078E-01  1.00570E+00
  5.83984E-01  1.00546E+00
  5.87891E-01  1.00522E+00
  5.91797E-01  1.00498E+00
  5.95703E-01  1.00474E+00
  5.99609E-01  1.00450E+00
  6.03516E-01  1.00426E+00
  6.07422E-01  1.00402E+00
  6.11328E-01  1.00378E+00
  6.15234E-01  1.00354E+00
  6.19141E-01  1.00330E+00
  6.23047E-01  1.00307E+00
  6.26953E-01  1.00283E+00
  6.30859E-01  1.00259E+00
  6.34766E-01  1.00235E+00
  6.38672E-01  1.00211E+00
  6.42578E-01  1.00187E+00
  6.46484E-01  1.00164E+00
  6.50391E-01  1.00140E+00
  6.54297E-01  1.00116E+00
  6.58203E-01  1.00092E+00
  6.62109E-01  1.00069E+00
  6.66016E-01  1.00045E+00
  6.69922E-01  1.00021E+00
  6.73828E-01  9.99976E-01
  6.77734E-01  9.99739E-01
  6.81641E-01  9.99502E-01
  6.85547E-01  9.99265E-01
  6.89453E-01  9.99029E-01
  6.93359E-01  9.98792E-01
  6.97266E-01  9.98556E-01
  7.01172E-01  9.98320E-01
  7.05078E-01  9.98084E-01
  7.08984E-01  9.97848E-01
  7.12891E-01  9.97612E-01
  7.16797E-01  9.97376E-01
  7.20703E-01  9.97140E-01
  7.24609E-01  9.96904E-01
  7.28516E-01  9.96669E-01
  7.32422E-01  9.96433E-01
  7.36328E-01  9.96198E-01
  7.40234E-01  9.95963E-01
  7.44141E-01  9.95728E-01
  7.48047E-01  9.95493E-01
  7.51953E-01  9.95258E-01
  7.55859E-01  9.95024E-01
  7.59766E-01  9.94789E-01
  7.63672E-01  9.94554E-01
  7.67578E-01  9.94320E-01
  7.71484E-01  9.94085E-01
  7.75391E-01  9.93851E-01
  7.79297E-01  9.93617E-01
  7.83203E-01  9.93383E-01
  7.87109E-01  9.93149E-01
  7.91016E-01  9.92915E-01
  7.94922E-01  9.92682E-01
  7.98828E-01  9.92448E-01
  8.02734E-01  9.92214E-01
  8.06641E-01  9.91981E-01
  8.10547E-01  9.91747E-01
  8.14453E-01  9.91514E-01
  8.18359E-01  9.91281E-01
  8.22266E-01  9.91048E-01
  8.26172E-01  9.90815E-01
  8.30078E-01  9.90582E-01
  8.33984E-01  9.90349E-01
  8.37891E-01  9.90116E-01
  8.41797E-01  9.89883E-01
  8.45703E-01  9.89651E-01
  8.49609E-01  9.89418E-01
  8.53516E-01  9.89186E-01
  8.57422E-01  9.88954E-01
  8.61328E-01  9.88721E-01
  8.65234E-01  9.88489E-01
  8.69141E-01  9.88257E-01
  8.73047E-01  9.88025E-01
  8.76953E-01  9.87792E-01
  8.80859E-01  9.87560E-01
  8.84766E-01  9.87327E-01
  8.88672E-01  9.87094E-01
  8.92578E-01  9.86861E-01
  8.96484E-01  9.86626E-01
  9.00391E-01  9.86390E-01
  9.04297E-01  9.86152E-01
  9.08203E-01  9.85910E-01
  9.12109E-01  9.85663E-01
  9.16016E-01  9.85410E-01
  9.19922E-01  9.85147E-01
  9.23828E-01  9.84873E-01
  9.27734E-01  9.84581E-01
  9.31641E-01  9.84267E-01
  9.35547E-01  9.83925E-01
  9.39453E-01  9.83545E-01
  9.43359E-01  9.83119E-01
  9.47266E-01  9.82634E-01
  9.51172E-01  9.82078E-01
  9.55078E-01  9.81434E-01
  9.58984E-01  9.80687E-01
  9.62891E-01  9.79818E-01
  9.66797E-01  9.78807E-01
  9.70703E-01  9.77633E-01
  9.74609E-01  9.76276E-01
  9.78516E-01  9.74715E-01
  9.82422E-01  9.72929E-01
  9.86328E-01  9.70901E-01
  9.90234E-01  9.68612E-01
  9.94141E-01  9.66047E-01
  9.98047E-01  9.62654E-01
  1.00195E+00  9.63133E-01
