 -1.95312E-03  2.78899E+00
  1.95312E-03  2.79007E+00
  5.85938E-03  2.78591E+00
  9.76562E-03  2.78242E+00
  1.36719E-02  2.77898E+00
  1.75781E-02  2.77550E+00
  2.14844E-02  2.77197E+00
  2.53906E-02  2.76837E+00
  2.92969E-02  2.76471E+00
  3.32031E-02  2.76097E+00
  3.71094E-02  2.75716E+00
  4.10156E-02  2.75328E+00
  4.49219E-02  2.74933E+00
  4.88281E-02  2.74531E+00
  5.27344E-02  2.74122E+00
  5.66406E-02  2.73705E+00
  6.05469E-02  2.73281E+00
  6.44531E-02  2.72850E+00
  6.83594E-02  2.72412E+00
  7.22656E-02  2.71966E+00
  7.61719E-02  2.71513E+00
  8.00781E-02  2.71053E+00
  8.39844E-02  2.70586E+00
  8.78906E-02  2.70112E+00
  9.17969E-02  2.69631E+00
  9.57031E-02  2.69142E+00
  9.96094E-02  2.68646E+00
  1.03516E-01  2.68143E+00
  1.07422E-01  2.67633E+00
  1.11328E-01  2.67116E+00
  1.15234E-01  2.66591E+00
  1.19141E-01  2.66060E+00
  1.23047E-01  2.65521E+00
  1.26953E-01  2.64975E+00
  1.30859E-01  2.64422E+00
  1.34766E-01  2.63862E+00
  1.38672E-01  2.63295E+00
  1.42578E-01  2.62720E+00
  1.46484E-01  2.62139E+00
  1.50391E-01  2.61550E+00
  1.54297E-01  2.60954E+00
  1.58203E-01  2.60351E+00
  1.62109E-01  2.59741E+00
  1.66016E-01  2.59123E+00
  1.69922E-01  2.58498E+00
  1.73828E-01  2.57866E+00
  1.77734E-01  2.57227E+00
  1.81641E-01  2.56580E+00
  1.85547E-01  2.55927E+00
  1.89453E-01  2.55266E+00
  1.93359E-01  2.54597E+00
  1.97266E-01  2.53922E+00
  2.01172E-01  2.53239E+00
  2.05078E-01  2.52549E+00
  2.08984E-01  2.51851E+00
  2.12891E-01  2.51146E+00
  2.16797E-01  2.50434E+00
  2.20703E-01  2.49714E+00
  2.24609E-01  2.48987E+00
  2.28516E-01  2.48252E+00
  2.32422E-01  2.47510E+00
  2.36328E-01  2.46760E+00
  2.40234E-01  2.46003E+00
  2.44141E-01  2.45238E+00
  2.48047E-01  2.44466E+00
  2.51953E-01  2.43686E+00
  2.55859E-01  2.42899E+00
  2.59766E-01  2.42104E+00
  2.63672E-01  2.41301E+00
  2.67578E-01  2.40490E+00
  2.71484E-01  2.39671E+00
  2.75391E-01  2.38845E+00
  2.79297E-01  2.38011E+00
  2.83203E-01  2.37169E+00
  2.87109E-01  2.36319E+00
  2.91016E-01  2.35461E+00
  2.94922E-01  2.34594E+00
  2.98828E-01  2.33720E+00
  3.02734E-01  2.32838E+00
  3.06641E-01  2.31947E+00
  3.10547E-01  2.31048E+00
  3.14453E-01  2.30141E+00
  3.18359E-01  2.29225E+00
  3.22266E-01  2.28301E+00
  3.26172E-01  2.27368E+00
  3.30078E-01  2.26427E+00
  3.33984E-01  2.25477E+00
  3.37891E-01  2.24519E+00
  3.41797E-01  2.23552E+00
  3.45703E-01  2.22576E+00
  3.49609E-01  2.21591E+00
  3.53516E-01  2.20597E+00
  3.57422E-01  2.19594E+00
  3.61328E-01  2.18581E+00
  3.65234E-01  2.17560E+00
  3.69141E-01  2.16529E+00
  3.73047E-01  2.15489E+00
  3.76953E-01  2.14439E+00
  3.80859E-01  2.13380E+00
  3.84766E-01  2.12311E+00
  3.88672E-01  2.11232E+00
  3.92578E-01  2.10144E+00
  3.96484E-01  2.09045E+00
  4.00391E-01  2.07937E+00
  4.04297E-01  2.06817E+00
  4.08203E-01  2.05688E+00
  4.12109E-01  2.04548E+00
  4.16016E-01  2.03397E+00
  4.19922E-01  2.02236E+00
  4.23828E-01  2.01064E+00
  4.27734E-01  1.99880E+00
  4.31641E-01  1.98685E+00
  4.35547E-01  1.97478E+00
  4.39453E-01  1.96260E+00
  4.43359E-01  1.95030E+00
  4.47266E-01  1.93788E+00
  4.51172E-01  1.92534E+00
  4.55078E-01  1.91268E+00
  4.58984E-01  1.89989E+00
  4.62891E-01  1.88697E+00
  4.66797E-01  1.87392E+00
  4.70703E-01  1.86075E+00
  4.74609E-01  1.84743E+00
  4.78516E-01  1.83398E+00
  4.82422E-01  1.82039E+00
  4.86328E-01  1.80666E+00
  4.90234E-01  1.79278E+00
  4.94141E-01  1.77876E+00
  4.98047E-01  1.76458E+00
  5.01953E-01  1.75025E+00
  5.05859E-01  1.73576E+00
  5.09766E-01  1.72111E+00
  5.13672E-01  1.70629E+00
  5.17578E-01  1.69131E+00
  5.21484E-01  1.67615E+00
  5.25391E-01  1.66081E+00
  5.29297E-01  1.64529E+00
  5.33203E-01  1.62959E+00
  5.37109E-01  1.61369E+00
  5.41016E-01  1.59760E+00
  5.44922E-01  1.58131E+00
  5.48828E-01  1.56480E+00
  5.52734E-01  1.54809E+00
  5.56641E-01  1.53116E+00
  5.60547E-01  1.51400E+00
  5.64453E-01  1.49660E+00
  5.68359E-01  1.47897E+00
  5.72266E-01  1.46109E+00
  5.76172E-01  1.44294E+00
  5.80078E-01  1.42453E+00
  5.83984E-01  1.40583E+00
  5.87891E-01  1.38685E+00
  5.91797E-01  1.36757E+00
  5.95703E-01  1.34798E+00
  5.99609E-01  1.32807E+00
  6.03516E-01  1.30781E+00
  6.07422E-01  1.28720E+00
  6.11328E-01  1.26623E+00
  6.15234E-01  1.24487E+00
  6.19141E-01  1.22310E+00
  6.23047E-01  1.20091E+00
  6.26953E-01  1.17828E+00
  6.30859E-01  1.15518E+00
  6.34766E-01  1.13158E+00
  6.38672E-01  1.10747E+00
  6.42578E-01  1.08281E+00
  6.46484E-01  1.05757E+00
  6.50391E-01  1.03171E+00
  6.54297E-01  1.00521E+00
  6.58203E-01  9.78011E-01
  6.62109E-01  9.50085E-01
  6.66016E-01  9.21389E-01
  6.69922E-01  8.91883E-01
  6.73828E-01  8.61526E-01
  6.77734E-01  8.30287E-01
  6.81641E-01  7.98139E-01
  6.85547E-01  7.65084E-01
  6.89453E-01  7.31169E-01
  6.93359E-01  6.96507E-01
  6.97266E-01  6.61322E-01
  7.01172E-01  6.25940E-01
  7.05078E-01  5.90908E-01
  7.08984E-01  5.56982E-01
  7.12891E-01  5.25094E-01
  7.16797E-01  4.96145E-01
  7.20703E-01  4.70804E-01
  7.24609E-01  4.49313E-01
  7.28516E-01  4.31516E-01
  7.32422E-01  4.16907E-01
  7.36328E-01  4.04898E-01
  7.40234E-01  3.94877E-01
  7.44141E-01  3.86354E-01
  7.48047E-01  3.78883E-01
  7.51953E-01  3.72226E-01
  7.55859E-01  3.66153E-01
  7.59766E-01  3.60450E-01
  7.63672E-01  3.55083E-01
  7.67578E-01  3.49985E-01
  7.71484E-01  3.45107E-01
  7.75391E-01  3.40413E-01
  7.79297E-01  3.35868E-01
  7.83203E-01  3.31444E-01
  7.87109E-01  3.27130E-01
  7.91016E-01  3.22919E-01
  7.94922E-01  3.18803E-01
  7.98828E-01  3.14773E-01
  8.02734E-01  3.10831E-01
  8.06641E-01  3.06970E-01
  8.10547E-01  3.03183E-01
  8.14453E-01  2.99467E-01
  8.18359E-01  2.95817E-01
  8.22266E-01  2.92243E-01
  8.26172E-01  2.88731E-01
  8.30078E-01  2.85272E-01
  8.33984E-01  2.81883E-01
  8.37891E-01  2.78519E-01
  8.41797E-01  2.75175E-01
  8.45703E-01  2.71875E-01
  8.49609E-01  2.68646E-01
  8.53516E-01  2.65468E-01
  8.57422E-01  2.62341E-01
  8.61328E-01  2.59278E-01
  8.65234E-01  2.56257E-01
  8.69141E-01  2.53295E-01
  8.73047E-01  2.50389E-01
  8.76953E-01  2.47551E-01
  8.80859E-01  2.44760E-01
  8.84766E-01  2.42014E-01
  8.88672E-01  2.39311E-01
  8.92578E-01  2.36649E-01
  8.96484E-01  2.34027E-01
  9.00391E-01  2.31445E-01
  9.04297E-01  2.28902E-01
  9.08203E-01  2.26396E-01
  9.12109E-01  2.23926E-01
  9.16016E-01  2.21493E-01
  9.19922E-01  2.19094E-01
  9.23828E-01  2.16729E-01
  9.27734E-01  2.14396E-01
  9.31641E-01  2.12097E-01
  9.35547E-01  2.09829E-01
  9.39453E-01  2.07589E-01
  9.43359E-01  2.05378E-01
  9.47266E-01  2.03193E-01
  9.51172E-01  2.01033E-01
  9.55078E-01  1.98900E-01
  9.58984E-01  1.96792E-01
  9.62891E-01  1.94718E-01
  9.66797E-01  1.92654E-01
  9.70703E-01  1.90599E-01
  9.74609E-01  1.88544E-01
  9.78516E-01  1.86482E-01
  9.82422E-01  1.84396E-01
  9.86328E-01  1.82263E-01
  9.90234E-01  1.80051E-01
  9.94141E-01  1.77755E-01
  9.98047E-01  1.75259E-01
  1.00195E+00  1.75259E-01
