 -1.95312E-03  2.65131E+00
  1.95312E-03  2.65204E+00
  5.85938E-03  2.64790E+00
  9.76562E-03  2.64440E+00
  1.36719E-02  2.64094E+00
  1.75781E-02  2.63744E+00
  2.14844E-02  2.63389E+00
  2.53906E-02  2.63026E+00
  2.92969E-02  2.62656E+00
  3.32031E-02  2.62279E+00
  3.71094E-02  2.61894E+00
  4.10156E-02  2.61502E+00
  4.49219E-02  2.61101E+00
  4.88281E-02  2.60693E+00
  5.27344E-02  2.60278E+00
  5.66406E-02  2.59854E+00
  6.05469E-02  2.59424E+00
  6.44531E-02  2.58985E+00
  6.83594E-02  2.58539E+00
  7.22656E-02  2.58085E+00
  7.61719E-02  2.57624E+00
  8.00781E-02  2.57154E+00
  8.39844E-02  2.56678E+00
  8.78906E-02  2.56193E+00
  9.17969E-02  2.55701E+00
  9.57031E-02  2.55202E+00
  9.96094E-02  2.54695E+00
  1.03516E-01  2.54180E+00
  1.07422E-01  2.53657E+00
  1.11328E-01  2.53127E+00
  1.15234E-01  2.52589E+00
  1.19141E-01  2.52044E+00
  1.23047E-01  2.51491E+00
  1.26953E-01  2.50931E+00
  1.30859E-01  2.50363E+00
  1.34766E-01  2.49787E+00
  1.38672E-01  2.49204E+00
  1.42578E-01  2.48613E+00
  1.46484E-01  2.48015E+00
  1.50391E-01  2.47409E+00
  1.54297E-01  2.46795E+00
  1.58203E-01  2.46174E+00
  1.62109E-01  2.45545E+00
  1.66016E-01  2.44909E+00
  1.69922E-01  2.44265E+00
  1.73828E-01  2.43613E+00
  1.77734E-01  2.42954E+00
  1.81641E-01  2.42287E+00
  1.85547E-01  2.41612E+00
  1.89453E-01  2.40929E+00
  1.93359E-01  2.40239E+00
  1.97266E-01  2.39541E+00
  2.01172E-01  2.38836E+00
  2.05078E-01  2.38122E+00
  2.08984E-01  2.37401E+00
  2.12891E-01  2.36672E+00
  2.16797E-01  2.35935E+00
  2.20703E-01  2.35191E+00
  2.24609E-01  2.34438E+00
  2.28516E-01  2.33678E+00
  2.32422E-01  2.32910E+00
  2.36328E-01  2.32133E+00
  2.40234E-01  2.31349E+00
  2.44141E-01  2.30556E+00
  2.48047E-01  2.29756E+00
  2.51953E-01  2.28947E+00
  2.55859E-01  2.28130E+00
  2.59766E-01  2.27305E+00
  2.63672E-01  2.26472E+00
  2.67578E-01  2.25631E+00
  2.71484E-01  2.24781E+00
  2.75391E-01  2.23923E+00
  2.79297E-01  2.23057E+00
  2.83203E-01  2.22182E+00
  2.87109E-01  2.21299E+00
  2.91016E-01  2.20408E+00
  2.94922E-01  2.19508E+00
  2.98828E-01  2.18599E+00
  3.02734E-01  2.17682E+00
  3.06641E-01  2.16756E+00
  3.10547E-01  2.15821E+00
  3.14453E-01  2.14878E+00
  3.18359E-01  2.13926E+00
  3.22266E-01  2.12965E+00
  3.26172E-01  2.11995E+00
  3.30078E-01  2.11016E+00
  3.33984E-01  2.10028E+00
  3.37891E-01  2.09031E+00
  3.41797E-01  2.08024E+00
  3.45703E-01  2.07009E+00
  3.49609E-01  2.05984E+00
  3.53516E-01  2.04949E+00
  3.57422E-01  2.03905E+00
  3.61328E-01  2.02852E+00
  3.65234E-01  2.01789E+00
  3.69141E-01  2.00716E+00
  3.73047E-01  1.99633E+00
  3.76953E-01  1.98540E+00
  3.80859E-01  1.97437E+00
  3.84766E-01  1.96325E+00
  3.88672E-01  1.95201E+00
  3.92578E-01  1.94068E+00
  3.96484E-01  1.92924E+00
  4.00391E-01  1.91770E+00
  4.04297E-01  1.90606E+00
  4.08203E-01  1.89430E+00
  4.12109E-01  1.88244E+00
  4.16016E-01  1.87047E+00
  4.19922E-01  1.85839E+00
  4.23828E-01  1.84620E+00
  4.27734E-01  1.83389E+00
  4.31641E-01  1.82148E+00
  4.35547E-01  1.80894E+00
  4.39453E-01  1.79629E+00
  4.43359E-01  1.78352E+00
  4.47266E-01  1.77064E+00
  4.51172E-01  1.75763E+00
  4.55078E-01  1.74450E+00
  4.58984E-01  1.73124E+00
  4.62891E-01  1.71786E+00
  4.66797E-01  1.70436E+00
  4.70703E-01  1.69073E+00
  4.74609E-01  1.67696E+00
  4.78516E-01  1.66307E+00
  4.82422E-01  1.64905E+00
  4.86328E-01  1.63489E+00
  4.90234E-01  1.62059E+00
  4.94141E-01  1.60616E+00
  4.98047E-01  1.59159E+00
  5.01953E-01  1.57688E+00
  5.05859E-01  1.56202E+00
  5.09766E-01  1.54702E+00
  5.13672E-01  1.53188E+00
  5.17578E-01  1.51658E+00
  5.21484E-01  1.50114E+00
  5.25391E-01  1.48554E+00
  5.29297E-01  1.46979E+00
  5.33203E-01  1.45389E+00
  5.37109E-01  1.43783E+00
  5.41016E-01  1.42161E+00
  5.44922E-01  1.40524E+00
  5.48828E-01  1.38870E+00
  5.52734E-01  1.37201E+00
  5.56641E-01  1.35515E+00
  5.60547E-01  1.33813E+00
  5.64453E-01  1.32095E+00
  5.68359E-01  1.30360E+00
  5.72266E-01  1.28610E+00
  5.76172E-01  1.26843E+00
  5.80078E-01  1.25060E+00
  5.83984E-01  1.23261E+00
  5.87891E-01  1.21447E+00
  5.91797E-01  1.19617E+00
  5.95703E-01  1.17772E+00
  5.99609E-01  1.15913E+00
  6.03516E-01  1.14040E+00
  6.07422E-01  1.12155E+00
  6.11328E-01  1.10257E+00
  6.15234E-01  1.08347E+00
  6.19141E-01  1.06428E+00
  6.23047E-01  1.04500E+00
  6.26953E-01  1.02565E+00
  6.30859E-01  1.00626E+00
  6.34766E-01  9.86836E-01
  6.38672E-01  9.67413E-01
  6.42578E-01  9.48011E-01
  6.46484E-01  9.28664E-01
  6.50391E-01  9.09401E-01
  6.54297E-01  8.90257E-01
  6.58203E-01  8.71279E-01
  6.62109E-01  8.52508E-01
  6.66016E-01  8.33994E-01
  6.69922E-01  8.15776E-01
  6.73828E-01  7.97903E-01
  6.77734E-01  7.80423E-01
  6.81641E-01  7.63375E-01
  6.85547E-01  7.46815E-01
  6.89453E-01  7.30771E-01
  6.93359E-01  7.15273E-01
  6.97266E-01  7.00358E-01
  7.01172E-01  6.86043E-01
  7.05078E-01  6.72344E-01
  7.08984E-01  6.59260E-01
  7.12891E-01  6.46790E-01
  7.16797E-01  6.34915E-01
  7.20703E-01  6.23610E-01
  7.24609E-01  6.12847E-01
  7.28516E-01  6.02617E-01
  7.32422E-01  5.92875E-01
  7.36328E-01  5.83600E-01
  7.40234E-01  5.74744E-01
  7.44141E-01  5.66273E-01
  7.48047E-01  5.58175E-01
  7.51953E-01  5.50410E-01
  7.55859E-01  5.42945E-01
  7.59766E-01  5.35764E-01
  7.63672E-01  5.28830E-01
  7.67578E-01  5.22122E-01
  7.71484E-01  5.15629E-01
  7.75391E-01  5.09322E-01
  7.79297E-01  5.03195E-01
  7.83203E-01  4.97240E-01
  7.87109E-01  4.91449E-01
  7.91016E-01  4.85795E-01
  7.94922E-01  4.80281E-01
  7.98828E-01  4.74879E-01
  8.02734E-01  4.69586E-01
  8.06641E-01  4.64398E-01
  8.10547E-01  4.59314E-01
  8.14453E-01  4.54334E-01
  8.18359E-01  4.49457E-01
  8.22266E-01  4.44657E-01
  8.26172E-01  4.39936E-01
  8.30078E-01  4.35283E-01
  8.33984E-01  4.30710E-01
  8.37891E-01  4.26206E-01
  8.41797E-01  4.21774E-01
  8.45703E-01  4.17430E-01
  8.49609E-01  4.13155E-01
  8.53516E-01  4.08970E-01
  8.57422E-01  4.04840E-01
  8.61328E-01  4.00757E-01
  8.65234E-01  3.96744E-01
  8.69141E-01  3.92775E-01
  8.73047E-01  3.88863E-01
  8.76953E-01  3.85012E-01
  8.80859E-01  3.81212E-01
  8.84766E-01  3.77444E-01
  8.88672E-01  3.73738E-01
  8.92578E-01  3.70097E-01
  8.96484E-01  3.66501E-01
  9.00391E-01  3.62934E-01
  9.04297E-01  3.59427E-01
  9.08203E-01  3.55991E-01
  9.12109E-01  3.52628E-01
  9.16016E-01  3.49311E-01
  9.19922E-01  3.46029E-01
  9.23828E-01  3.42765E-01
  9.27734E-01  3.39543E-01
  9.31641E-01  3.36369E-01
  9.35547E-01  3.33234E-01
  9.39453E-01  3.30148E-01
  9.43359E-01  3.27096E-01
  9.47266E-01  3.24088E-01
  9.51172E-01  3.21112E-01
  9.55078E-01  3.18170E-01
  9.58984E-01  3.15230E-01
  9.62891E-01  3.12321E-01
  9.66797E-01  3.09433E-01
  9.70703E-01  3.06576E-01
  9.74609E-01  3.03732E-01
  9.78516E-01  3.00910E-01
  9.82422E-01  2.98088E-01
  9.86328E-01  2.95266E-01
  9.90234E-01  2.92423E-01
  9.94141E-01  2.89543E-01
  9.98047E-01  2.86584E-01
  1.00195E+00  2.86585E-01
