 -1.95312E-03  2.81220E+00
  1.95312E-03  2.81317E+00
  5.85938E-03  2.80903E+00
  9.76562E-03  2.80554E+00
  1.36719E-02  2.80209E+00
  1.75781E-02  2.79862E+00
  2.14844E-02  2.79509E+00
  2.53906E-02  2.79150E+00
  2.92969E-02  2.78784E+00
  3.32031E-02  2.78412E+00
  3.71094E-02  2.78032E+00
  4.10156E-02  2.77645E+00
  4.49219E-02  2.77251E+00
  4.88281E-02  2.76850E+00
  5.27344E-02  2.76441E+00
  5.66406E-02  2.76026E+00
  6.05469E-02  2.75603E+00
  6.44531E-02  2.75173E+00
  6.83594E-02  2.74736E+00
  7.22656E-02  2.74292E+00
  7.61719E-02  2.73841E+00
  8.00781E-02  2.73383E+00
  8.39844E-02  2.72917E+00
  8.78906E-02  2.72445E+00
  9.17969E-02  2.71965E+00
  9.57031E-02  2.71478E+00
  9.96094E-02  2.70984E+00
  1.03516E-01  2.70483E+00
  1.07422E-01  2.69975E+00
  1.11328E-01  2.69460E+00
  1.15234E-01  2.68938E+00
  1.19141E-01  2.68408E+00
  1.23047E-01  2.67872E+00
  1.26953E-01  2.67329E+00
  1.30859E-01  2.66778E+00
  1.34766E-01  2.66221E+00
  1.38672E-01  2.65656E+00
  1.42578E-01  2.65084E+00
  1.46484E-01  2.64506E+00
  1.50391E-01  2.63920E+00
  1.54297E-01  2.63327E+00
  1.58203E-01  2.62727E+00
  1.62109E-01  2.62120E+00
  1.66016E-01  2.61505E+00
  1.69922E-01  2.60884E+00
  1.73828E-01  2.60255E+00
  1.77734E-01  2.59620E+00
  1.81641E-01  2.58977E+00
  1.85547E-01  2.58327E+00
  1.89453E-01  2.57669E+00
  1.93359E-01  2.57005E+00
  1.97266E-01  2.56333E+00
  2.01172E-01  2.55654E+00
  2.05078E-01  2.54968E+00
  2.08984E-01  2.54275E+00
  2.12891E-01  2.53574E+00
  2.16797E-01  2.52866E+00
  2.20703E-01  2.52151E+00
  2.24609E-01  2.51428E+00
  2.28516E-01  2.50698E+00
  2.32422E-01  2.49961E+00
  2.36328E-01  2.49216E+00
  2.40234E-01  2.48464E+00
  2.44141E-01  2.47705E+00
  2.48047E-01  2.46938E+00
  2.51953E-01  2.46163E+00
  2.55859E-01  2.45381E+00
  2.59766E-01  2.44591E+00
  2.63672E-01  2.43793E+00
  2.67578E-01  2.42988E+00
  2.71484E-01  2.42175E+00
  2.75391E-01  2.41355E+00
  2.79297E-01  2.40527E+00
  2.83203E-01  2.39691E+00
  2.87109E-01  2.38847E+00
  2.91016E-01  2.37995E+00
  2.94922E-01  2.37135E+00
  2.98828E-01  2.36267E+00
  3.02734E-01  2.35391E+00
  3.06641E-01  2.34507E+00
  3.10547E-01  2.33615E+00
  3.14453E-01  2.32715E+00
  3.18359E-01  2.31806E+00
  3.22266E-01  2.30889E+00
  3.26172E-01  2.29963E+00
  3.30078E-01  2.29029E+00
  3.33984E-01  2.28087E+00
  3.37891E-01  2.27136E+00
  3.41797E-01  2.26177E+00
  3.45703E-01  2.25208E+00
  3.49609E-01  2.24232E+00
  3.53516E-01  2.23246E+00
  3.57422E-01  2.22251E+00
  3.61328E-01  2.21247E+00
  3.65234E-01  2.20235E+00
  3.69141E-01  2.19213E+00
  3.73047E-01  2.18181E+00
  3.76953E-01  2.17141E+00
  3.80859E-01  2.16091E+00
  3.84766E-01  2.15031E+00
  3.88672E-01  2.13961E+00
  3.92578E-01  2.12882E+00
  3.96484E-01  2.11793E+00
  4.00391E-01  2.10694E+00
  4.04297E-01  2.09585E+00
  4.08203E-01  2.08465E+00
  4.12109E-01  2.07335E+00
  4.16016E-01  2.06194E+00
  4.19922E-01  2.05043E+00
  4.23828E-01  2.03881E+00
  4.27734E-01  2.02708E+00
  4.31641E-01  2.01524E+00
  4.35547E-01  2.00329E+00
  4.39453E-01  1.99122E+00
  4.43359E-01  1.97904E+00
  4.47266E-01  1.96674E+00
  4.51172E-01  1.95431E+00
  4.55078E-01  1.94177E+00
  4.58984E-01  1.92910E+00
  4.62891E-01  1.91631E+00
  4.66797E-01  1.90339E+00
  4.70703E-01  1.89034E+00
  4.74609E-01  1.87715E+00
  4.78516E-01  1.86383E+00
  4.82422E-01  1.85038E+00
  4.86328E-01  1.83678E+00
  4.90234E-01  1.82304E+00
  4.94141E-01  1.80915E+00
  4.98047E-01  1.79512E+00
  5.01953E-01  1.78093E+00
  5.05859E-01  1.76658E+00
  5.09766E-01  1.75208E+00
  5.13672E-01  1.73741E+00
  5.17578E-01  1.72257E+00
  5.21484E-01  1.70756E+00
  5.25391E-01  1.69238E+00
  5.29297E-01  1.67702E+00
  5.33203E-01  1.66146E+00
  5.37109E-01  1.64572E+00
  5.41016E-01  1.62978E+00
  5.44922E-01  1.61364E+00
  5.48828E-01  1.59730E+00
  5.52734E-01  1.58074E+00
  5.56641E-01  1.56397E+00
  5.60547E-01  1.54697E+00
  5.64453E-01  1.52973E+00
  5.68359E-01  1.51225E+00
  5.72266E-01  1.49453E+00
  5.76172E-01  1.47654E+00
  5.80078E-01  1.45828E+00
  5.83984E-01  1.43974E+00
  5.87891E-01  1.42090E+00
  5.91797E-01  1.40177E+00
  5.95703E-01  1.38231E+00
  5.99609E-01  1.36253E+00
  6.03516E-01  1.34240E+00
  6.07422E-01  1.32190E+00
  6.11328E-01  1.30103E+00
  6.15234E-01  1.27976E+00
  6.19141E-01  1.25807E+00
  6.23047E-01  1.23593E+00
  6.26953E-01  1.21333E+00
  6.30859E-01  1.19023E+00
  6.34766E-01  1.16660E+00
  6.38672E-01  1.14242E+00
  6.42578E-01  1.11764E+00
  6.46484E-01  1.09223E+00
  6.50391E-01  1.06613E+00
  6.54297E-01  1.03929E+00
  6.58203E-01  1.01167E+00
  6.62109E-01  9.83184E-01
  6.66016E-01  9.53762E-01
  6.69922E-01  9.23321E-01
  6.73828E-01  8.91768E-01
  6.77734E-01  8.58995E-01
  6.81641E-01  8.24878E-01
  6.85547E-01  7.89288E-01
  6.89453E-01  7.52093E-01
  6.93359E-01  7.13159E-01
  6.97266E-01  6.72427E-01
  7.01172E-01  6.29996E-01
  7.05078E-01  5.86342E-01
  7.08984E-01  5.42428E-01
  7.12891E-01  5.00070E-01
  7.16797E-01  4.61716E-01
  7.20703E-01  4.29459E-01
  7.24609E-01  4.04074E-01
  7.28516E-01  3.84993E-01
  7.32422E-01  3.70838E-01
  7.36328E-01  3.60083E-01
  7.40234E-01  3.51605E-01
  7.44141E-01  3.44588E-01
  7.48047E-01  3.38447E-01
  7.51953E-01  3.32875E-01
  7.55859E-01  3.27761E-01
  7.59766E-01  3.22987E-01
  7.63672E-01  3.18414E-01
  7.67578E-01  3.14006E-01
  7.71484E-01  3.09725E-01
  7.75391E-01  3.05559E-01
  7.79297E-01  3.01501E-01
  7.83203E-01  2.97534E-01
  7.87109E-01  2.93655E-01
  7.91016E-01  2.89854E-01
  7.94922E-01  2.86121E-01
  7.98828E-01  2.82439E-01
  8.02734E-01  2.78770E-01
  8.06641E-01  2.75164E-01
  8.10547E-01  2.71627E-01
  8.14453E-01  2.68155E-01
  8.18359E-01  2.64749E-01
  8.22266E-01  2.61418E-01
  8.26172E-01  2.58145E-01
  8.30078E-01  2.54926E-01
  8.33984E-01  2.51785E-01
  8.37891E-01  2.48718E-01
  8.41797E-01  2.45720E-01
  8.45703E-01  2.42773E-01
  8.49609E-01  2.39876E-01
  8.53516E-01  2.37027E-01
  8.57422E-01  2.34224E-01
  8.61328E-01  2.31467E-01
  8.65234E-01  2.28756E-01
  8.69141E-01  2.26088E-01
  8.73047E-01  2.23463E-01
  8.76953E-01  2.20879E-01
  8.80859E-01  2.18336E-01
  8.84766E-01  2.15833E-01
  8.88672E-01  2.13368E-01
  8.92578E-01  2.10942E-01
  8.96484E-01  2.08555E-01
  9.00391E-01  2.06203E-01
  9.04297E-01  2.03887E-01
  9.08203E-01  2.01605E-01
  9.12109E-01  1.99356E-01
  9.16016E-01  1.97144E-01
  9.19922E-01  1.94990E-01
  9.23828E-01  1.92866E-01
  9.27734E-01  1.90774E-01
  9.31641E-01  1.88706E-01
  9.35547E-01  1.86666E-01
  9.39453E-01  1.84651E-01
  9.43359E-01  1.82659E-01
  9.47266E-01  1.80694E-01
  9.51172E-01  1.78746E-01
  9.55078E-01  1.76819E-01
  9.58984E-01  1.74912E-01
  9.62891E-01  1.73017E-01
  9.66797E-01  1.71132E-01
  9.70703E-01  1.69258E-01
  9.74609E-01  1.67380E-01
  9.78516E-01  1.65490E-01
  9.82422E-01  1.63579E-01
  9.86328E-01  1.61620E-01
  9.90234E-01  1.59563E-01
  9.94141E-01  1.57329E-01
  9.98047E-01  1.54964E-01
  1.00195E+00  1.54964E-01
