 -1.95312E-03  2.94158E+00
  1.95312E-03  2.94226E+00
  5.85938E-03  2.93813E+00
  9.76562E-03  2.93465E+00
  1.36719E-02  2.93122E+00
  1.75781E-02  2.92777E+00
  2.14844E-02  2.92426E+00
  2.53906E-02  2.92070E+00
  2.92969E-02  2.91707E+00
  3.32031E-02  2.91338E+00
  3.71094E-02  2.90963E+00
  4.10156E-02  2.90580E+00
  4.49219E-02  2.90191E+00
  4.88281E-02  2.89796E+00
  5.27344E-02  2.89393E+00
  5.66406E-02  2.88984E+00
  6.05469E-02  2.88568E+00
  6.44531E-02  2.88146E+00
  6.83594E-02  2.87716E+00
  7.22656E-02  2.87281E+00
  7.61719E-02  2.86838E+00
  8.00781E-02  2.86389E+00
  8.39844E-02  2.85933E+00
  8.78906E-02  2.85470E+00
  9.17969E-02  2.85001E+00
  9.57031E-02  2.84525E+00
  9.96094E-02  2.84043E+00
  1.03516E-01  2.83554E+00
  1.07422E-01  2.83058E+00
  1.11328E-01  2.82556E+00
  1.15234E-01  2.82047E+00
  1.19141E-01  2.81531E+00
  1.23047E-01  2.81009E+00
  1.26953E-01  2.80480E+00
  1.30859E-01  2.79945E+00
  1.34766E-01  2.79403E+00
  1.38672E-01  2.78854E+00
  1.42578E-01  2.78299E+00
  1.46484E-01  2.77737E+00
  1.50391E-01  2.77168E+00
  1.54297E-01  2.76593E+00
  1.58203E-01  2.76012E+00
  1.62109E-01  2.75423E+00
  1.66016E-01  2.74829E+00
  1.69922E-01  2.74227E+00
  1.73828E-01  2.73619E+00
  1.77734E-01  2.73004E+00
  1.81641E-01  2.72383E+00
  1.85547E-01  2.71755E+00
  1.89453E-01  2.71120E+00
  1.93359E-01  2.70479E+00
  1.97266E-01  2.69831E+00
  2.01172E-01  2.69177E+00
  2.05078E-01  2.68515E+00
  2.08984E-01  2.67847E+00
  2.12891E-01  2.67173E+00
  2.16797E-01  2.66491E+00
  2.20703E-01  2.65803E+00
  2.24609E-01  2.65108E+00
  2.28516E-01  2.64406E+00
  2.32422E-01  2.63697E+00
  2.36328E-01  2.62981E+00
  2.40234E-01  2.62259E+00
  2.44141E-01  2.61530E+00
  2.48047E-01  2.60794E+00
  2.51953E-01  2.60051E+00
  2.55859E-01  2.59301E+00
  2.59766E-01  2.58544E+00
  2.63672E-01  2.57780E+00
  2.67578E-01  2.57009E+00
  2.71484E-01  2.56231E+00
  2.75391E-01  2.55446E+00
  2.79297E-01  2.54654E+00
  2.83203E-01  2.53854E+00
  2.87109E-01  2.53048E+00
  2.91016E-01  2.52234E+00
  2.94922E-01  2.51413E+00
  2.98828E-01  2.50584E+00
  3.02734E-01  2.49748E+00
  3.06641E-01  2.48905E+00
  3.10547E-01  2.48055E+00
  3.14453E-01  2.47197E+00
  3.18359E-01  2.46331E+00
  3.22266E-01  2.45458E+00
  3.26172E-01  2.44577E+00
  3.30078E-01  2.43689E+00
  3.33984E-01  2.42793E+00
  3.37891E-01  2.41889E+00
  3.41797E-01  2.40977E+00
  3.45703E-01  2.40058E+00
  3.49609E-01  2.39130E+00
  3.53516E-01  2.38195E+00
  3.57422E-01  2.37251E+00
  3.61328E-01  2.36300E+00
  3.65234E-01  2.35340E+00
  3.69141E-01  2.34372E+00
  3.73047E-01  2.33395E+00
  3.76953E-01  2.32410E+00
  3.80859E-01  2.31417E+00
  3.84766E-01  2.30415E+00
  3.88672E-01  2.29404E+00
  3.92578E-01  2.28385E+00
  3.96484E-01  2.27357E+00
  4.00391E-01  2.26320E+00
  4.04297E-01  2.25273E+00
  4.08203E-01  2.24218E+00
  4.12109E-01  2.23153E+00
  4.16016E-01  2.22079E+00
  4.19922E-01  2.20996E+00
  4.23828E-01  2.19903E+00
  4.27734E-01  2.18801E+00
  4.31641E-01  2.17688E+00
  4.35547E-01  2.16566E+00
  4.39453E-01  2.15434E+00
  4.43359E-01  2.14291E+00
  4.47266E-01  2.13138E+00
  4.51172E-01  2.11975E+00
  4.55078E-01  2.10801E+00
  4.58984E-01  2.09615E+00
  4.62891E-01  2.08419E+00
  4.66797E-01  2.07211E+00
  4.70703E-01  2.05992E+00
  4.74609E-01  2.04762E+00
  4.78516E-01  2.03519E+00
  4.82422E-01  2.02265E+00
  4.86328E-01  2.00998E+00
  4.90234E-01  1.99718E+00
  4.94141E-01  1.98426E+00
  4.98047E-01  1.97121E+00
  5.01953E-01  1.95802E+00
  5.05859E-01  1.94470E+00
  5.09766E-01  1.93124E+00
  5.13672E-01  1.91764E+00
  5.17578E-01  1.90390E+00
  5.21484E-01  1.89000E+00
  5.25391E-01  1.87596E+00
  5.29297E-01  1.86176E+00
  5.33203E-01  1.84739E+00
  5.37109E-01  1.83286E+00
  5.41016E-01  1.81817E+00
  5.44922E-01  1.80330E+00
  5.48828E-01  1.78825E+00
  5.52734E-01  1.77302E+00
  5.56641E-01  1.75760E+00
  5.60547E-01  1.74199E+00
  5.64453E-01  1.72617E+00
  5.68359E-01  1.71014E+00
  5.72266E-01  1.69390E+00
  5.76172E-01  1.67744E+00
  5.80078E-01  1.66075E+00
  5.83984E-01  1.64381E+00
  5.87891E-01  1.62662E+00
  5.91797E-01  1.60917E+00
  5.95703E-01  1.59145E+00
  5.99609E-01  1.57345E+00
  6.03516E-01  1.55515E+00
  6.07422E-01  1.53653E+00
  6.11328E-01  1.51759E+00
  6.15234E-01  1.49830E+00
  6.19141E-01  1.47865E+00
  6.23047E-01  1.45861E+00
  6.26953E-01  1.43816E+00
  6.30859E-01  1.41729E+00
  6.34766E-01  1.39595E+00
  6.38672E-01  1.37413E+00
  6.42578E-01  1.35177E+00
  6.46484E-01  1.32885E+00
  6.50391E-01  1.30532E+00
  6.54297E-01  1.28113E+00
  6.58203E-01  1.25621E+00
  6.62109E-01  1.23051E+00
  6.66016E-01  1.20393E+00
  6.69922E-01  1.17640E+00
  6.73828E-01  1.14778E+00
  6.77734E-01  1.11794E+00
  6.81641E-01  1.08670E+00
  6.85547E-01  1.05382E+00
  6.89453E-01  1.01901E+00
  6.93359E-01  9.81812E-01
  6.97266E-01  9.40946E-01
  7.01172E-01  8.88674E-01
  7.05078E-01  7.76527E-01
  7.08984E-01  1.18034E-01
  7.12891E-01  1.03023E-01
  7.16797E-01  1.01575E-01
  7.20703E-01  9.99838E-02
  7.24609E-01  9.84494E-02
  7.28516E-01  9.69198E-02
  7.32422E-01  9.54433E-02
  7.36328E-01  9.39834E-02
  7.40234E-01  9.25467E-02
  7.44141E-01  9.11667E-02
  7.48047E-01  8.98123E-02
  7.51953E-01  8.84773E-02
  7.55859E-01  8.71561E-02
  7.59766E-01  8.58583E-02
  7.63672E-01  8.45878E-02
  7.67578E-01  8.33453E-02
  7.71484E-01  8.21358E-02
  7.75391E-01  8.09533E-02
  7.79297E-01  7.97979E-02
  7.83203E-01  7.86520E-02
  7.87109E-01  7.75212E-02
  7.91016E-01  7.64064E-02
  7.94922E-01  7.53216E-02
  7.98828E-01  7.42570E-02
  8.02734E-01  7.32145E-02
  8.06641E-01  7.21946E-02
  8.10547E-01  7.11983E-02
  8.14453E-01  7.02142E-02
  8.18359E-01  6.92514E-02
  8.22266E-01  6.83036E-02
  8.26172E-01  6.73676E-02
  8.30078E-01  6.64467E-02
  8.33984E-01  6.55393E-02
  8.37891E-01  6.46483E-02
  8.41797E-01  6.37799E-02
  8.45703E-01  6.29214E-02
  8.49609E-01  6.20818E-02
  8.53516E-01  6.12582E-02
  8.57422E-01  6.04511E-02
  8.61328E-01  5.96587E-02
  8.65234E-01  5.88773E-02
  8.69141E-01  5.81093E-02
  8.73047E-01  5.73565E-02
  8.76953E-01  5.66121E-02
  8.80859E-01  5.58820E-02
  8.84766E-01  5.51594E-02
  8.88672E-01  5.44482E-02
  8.92578E-01  5.37523E-02
  8.96484E-01  5.30638E-02
  9.00391E-01  5.23836E-02
  9.04297E-01  5.17166E-02
  9.08203E-01  5.10630E-02
  9.12109E-01  5.04180E-02
  9.16016E-01  4.97843E-02
  9.19922E-01  4.91596E-02
  9.23828E-01  4.85389E-02
  9.27734E-01  4.79238E-02
  9.31641E-01  4.73247E-02
  9.35547E-01  4.67306E-02
  9.39453E-01  4.61424E-02
  9.43359E-01  4.55663E-02
  9.47266E-01  4.49899E-02
  9.51172E-01  4.44271E-02
  9.55078E-01  4.38610E-02
  9.58984E-01  4.33051E-02
  9.62891E-01  4.27448E-02
  9.66797E-01  4.21923E-02
  9.70703E-01  4.16288E-02
  9.74609E-01  4.10627E-02
  9.78516E-01  4.04874E-02
  9.82422E-01  3.98990E-02
  9.86328E-01  3.92847E-02
  9.90234E-01  3.86558E-02
  9.94141E-01  3.79983E-02
  9.98047E-01  3.75618E-02
  1.00195E+00  3.75618E-02
