 -1.95312E-03  2.89324E+00
  1.95312E-03  2.89465E+00
  5.85938E-03  2.89044E+00
  9.76562E-03  2.88696E+00
  1.36719E-02  2.88353E+00
  1.75781E-02  2.88007E+00
  2.14844E-02  2.87656E+00
  2.53906E-02  2.87298E+00
  2.92969E-02  2.86934E+00
  3.32031E-02  2.86564E+00
  3.71094E-02  2.86186E+00
  4.10156E-02  2.85802E+00
  4.49219E-02  2.85411E+00
  4.88281E-02  2.85013E+00
  5.27344E-02  2.84609E+00
  5.66406E-02  2.84197E+00
  6.05469E-02  2.83779E+00
  6.44531E-02  2.83354E+00
  6.83594E-02  2.82922E+00
  7.22656E-02  2.82483E+00
  7.61719E-02  2.82037E+00
  8.00781E-02  2.81585E+00
  8.39844E-02  2.81125E+00
  8.78906E-02  2.80659E+00
  9.17969E-02  2.80186E+00
  9.57031E-02  2.79706E+00
  9.96094E-02  2.79220E+00
  1.03516E-01  2.78726E+00
  1.07422E-01  2.78226E+00
  1.11328E-01  2.77719E+00
  1.15234E-01  2.77205E+00
  1.19141E-01  2.76684E+00
  1.23047E-01  2.76157E+00
  1.26953E-01  2.75623E+00
  1.30859E-01  2.75082E+00
  1.34766E-01  2.74534E+00
  1.38672E-01  2.73979E+00
  1.42578E-01  2.73418E+00
  1.46484E-01  2.72850E+00
  1.50391E-01  2.72275E+00
  1.54297E-01  2.71694E+00
  1.58203E-01  2.71105E+00
  1.62109E-01  2.70510E+00
  1.66016E-01  2.69908E+00
  1.69922E-01  2.69299E+00
  1.73828E-01  2.68684E+00
  1.77734E-01  2.68061E+00
  1.81641E-01  2.67432E+00
  1.85547E-01  2.66796E+00
  1.89453E-01  2.66153E+00
  1.93359E-01  2.65503E+00
  1.97266E-01  2.64846E+00
  2.01172E-01  2.64182E+00
  2.05078E-01  2.63512E+00
  2.08984E-01  2.62834E+00
  2.12891E-01  2.62150E+00
  2.16797E-01  2.61459E+00
  2.20703E-01  2.60760E+00
  2.24609E-01  2.60055E+00
  2.28516E-01  2.59343E+00
  2.32422E-01  2.58623E+00
  2.36328E-01  2.57897E+00
  2.40234E-01  2.57164E+00
  2.44141E-01  2.56423E+00
  2.48047E-01  2.55676E+00
  2.51953E-01  2.54921E+00
  2.55859E-01  2.54159E+00
  2.59766E-01  2.53391E+00
  2.63672E-01  2.52614E+00
  2.67578E-01  2.51831E+00
  2.71484E-01  2.51040E+00
  2.75391E-01  2.50242E+00
  2.79297E-01  2.49436E+00
  2.83203E-01  2.48623E+00
  2.87109E-01  2.47802E+00
  2.91016E-01  2.46975E+00
  2.94922E-01  2.46139E+00
  2.98828E-01  2.45296E+00
  3.02734E-01  2.44446E+00
  3.06641E-01  2.43588E+00
  3.10547E-01  2.42722E+00
  3.14453E-01  2.41848E+00
  3.18359E-01  2.40967E+00
  3.22266E-01  2.40077E+00
  3.26172E-01  2.39180E+00
  3.30078E-01  2.38275E+00
  3.33984E-01  2.37362E+00
  3.37891E-01  2.36441E+00
  3.41797E-01  2.35511E+00
  3.45703E-01  2.34574E+00
  3.49609E-01  2.33628E+00
  3.53516E-01  2.32674E+00
  3.57422E-01  2.31712E+00
  3.61328E-01  2.30741E+00
  3.65234E-01  2.29761E+00
  3.69141E-01  2.28773E+00
  3.73047E-01  2.27776E+00
  3.76953E-01  2.26770E+00
  3.80859E-01  2.25756E+00
  3.84766E-01  2.24732E+00
  3.88672E-01  2.23700E+00
  3.92578E-01  2.22658E+00
  3.96484E-01  2.21607E+00
  4.00391E-01  2.20546E+00
  4.04297E-01  2.19476E+00
  4.08203E-01  2.18396E+00
  4.12109E-01  2.17307E+00
  4.16016E-01  2.16208E+00
  4.19922E-01  2.15099E+00
  4.23828E-01  2.13979E+00
  4.27734E-01  2.12850E+00
  4.31641E-01  2.11710E+00
  4.35547E-01  2.10559E+00
  4.39453E-01  2.09398E+00
  4.43359E-01  2.08226E+00
  4.47266E-01  2.07043E+00
  4.51172E-01  2.05849E+00
  4.55078E-01  2.04644E+00
  4.58984E-01  2.03428E+00
  4.62891E-01  2.02199E+00
  4.66797E-01  2.00959E+00
  4.70703E-01  1.99707E+00
  4.74609E-01  1.98442E+00
  4.78516E-01  1.97164E+00
  4.82422E-01  1.95874E+00
  4.86328E-01  1.94571E+00
  4.90234E-01  1.93254E+00
  4.94141E-01  1.91925E+00
  4.98047E-01  1.90581E+00
  5.01953E-01  1.89223E+00
  5.05859E-01  1.87851E+00
  5.09766E-01  1.86464E+00
  5.13672E-01  1.85062E+00
  5.17578E-01  1.83644E+00
  5.21484E-01  1.82211E+00
  5.25391E-01  1.80762E+00
  5.29297E-01  1.79296E+00
  5.33203E-01  1.77813E+00
  5.37109E-01  1.76312E+00
  5.41016E-01  1.74794E+00
  5.44922E-01  1.73257E+00
  5.48828E-01  1.71700E+00
  5.52734E-01  1.70125E+00
  5.56641E-01  1.68528E+00
  5.60547E-01  1.66911E+00
  5.64453E-01  1.65271E+00
  5.68359E-01  1.63609E+00
  5.72266E-01  1.61923E+00
  5.76172E-01  1.60213E+00
  5.80078E-01  1.58478E+00
  5.83984E-01  1.56716E+00
  5.87891E-01  1.54927E+00
  5.91797E-01  1.53110E+00
  5.95703E-01  1.51264E+00
  5.99609E-01  1.49386E+00
  6.03516E-01  1.47477E+00
  6.07422E-01  1.45532E+00
  6.11328E-01  1.43552E+00
  6.15234E-01  1.41534E+00
  6.19141E-01  1.39475E+00
  6.23047E-01  1.37373E+00
  6.26953E-01  1.35227E+00
  6.30859E-01  1.33031E+00
  6.34766E-01  1.30785E+00
  6.38672E-01  1.28483E+00
  6.42578E-01  1.26122E+00
  6.46484E-01  1.23698E+00
  6.50391E-01  1.21203E+00
  6.54297E-01  1.18632E+00
  6.58203E-01  1.15977E+00
  6.62109E-01  1.13231E+00
  6.66016E-01  1.10383E+00
  6.69922E-01  1.07420E+00
  6.73828E-01  1.04327E+00
  6.77734E-01  1.01083E+00
  6.81641E-01  9.76658E-01
  6.85547E-01  9.40413E-01
  6.89453E-01  9.01624E-01
  6.93359E-01  8.59494E-01
  6.97266E-01  8.11922E-01
  7.01172E-01  7.50752E-01
  7.05078E-01  6.50044E-01
  7.08984E-01  4.33701E-01
  7.12891E-01  2.48559E-01
  7.16797E-01  2.13032E-01
  7.20703E-01  2.05581E-01
  7.24609E-01  2.02613E-01
  7.28516E-01  1.99559E-01
  7.32422E-01  1.96558E-01
  7.36328E-01  1.93637E-01
  7.40234E-01  1.90779E-01
  7.44141E-01  1.87997E-01
  7.48047E-01  1.85330E-01
  7.51953E-01  1.82746E-01
  7.55859E-01  1.80207E-01
  7.59766E-01  1.77704E-01
  7.63672E-01  1.75241E-01
  7.67578E-01  1.72820E-01
  7.71484E-01  1.70439E-01
  7.75391E-01  1.68094E-01
  7.79297E-01  1.65790E-01
  7.83203E-01  1.63531E-01
  7.87109E-01  1.61311E-01
  7.91016E-01  1.59131E-01
  7.94922E-01  1.56986E-01
  7.98828E-01  1.54879E-01
  8.02734E-01  1.52813E-01
  8.06641E-01  1.50782E-01
  8.10547E-01  1.48784E-01
  8.14453E-01  1.46822E-01
  8.18359E-01  1.44897E-01
  8.22266E-01  1.43003E-01
  8.26172E-01  1.41137E-01
  8.30078E-01  1.39313E-01
  8.33984E-01  1.37514E-01
  8.37891E-01  1.35743E-01
  8.41797E-01  1.34011E-01
  8.45703E-01  1.32303E-01
  8.49609E-01  1.30621E-01
  8.53516E-01  1.28973E-01
  8.57422E-01  1.27346E-01
  8.61328E-01  1.25751E-01
  8.65234E-01  1.24177E-01
  8.69141E-01  1.22635E-01
  8.73047E-01  1.21118E-01
  8.76953E-01  1.19621E-01
  8.80859E-01  1.18149E-01
  8.84766E-01  1.16699E-01
  8.88672E-01  1.15272E-01
  8.92578E-01  1.13868E-01
  8.96484E-01  1.12487E-01
  9.00391E-01  1.11129E-01
  9.04297E-01  1.09791E-01
  9.08203E-01  1.08469E-01
  9.12109E-01  1.07169E-01
  9.16016E-01  1.05887E-01
  9.19922E-01  1.04625E-01
  9.23828E-01  1.03381E-01
  9.27734E-01  1.02156E-01
  9.31641E-01  1.00947E-01
  9.35547E-01  9.97530E-02
  9.39453E-01  9.85753E-02
  9.43359E-01  9.74091E-02
  9.47266E-01  9.62618E-02
  9.51172E-01  9.51232E-02
  9.55078E-01  9.39951E-02
  9.58984E-01  9.28769E-02
  9.62891E-01  9.17672E-02
  9.66797E-01  9.06663E-02
  9.70703E-01  8.95604E-02
  9.74609E-01  8.84486E-02
  9.78516E-01  8.73201E-02
  9.82422E-01  8.61633E-02
  9.86328E-01  8.49503E-02
  9.90234E-01  8.36401E-02
  9.94141E-01  8.22140E-02
  9.98047E-01  8.08230E-02
  1.00195E+00  8.08230E-02
