 -1.95312E-03  2.95596E+00
  1.95312E-03  2.95665E+00
  5.85938E-03  2.95252E+00
  9.76562E-03  2.94904E+00
  1.36719E-02  2.94561E+00
  1.75781E-02  2.94216E+00
  2.14844E-02  2.93866E+00
  2.53906E-02  2.93510E+00
  2.92969E-02  2.93148E+00
  3.32031E-02  2.92779E+00
  3.71094E-02  2.92404E+00
  4.10156E-02  2.92022E+00
  4.49219E-02  2.91633E+00
  4.88281E-02  2.91238E+00
  5.27344E-02  2.90836E+00
  5.66406E-02  2.90428E+00
  6.05469E-02  2.90013E+00
  6.44531E-02  2.89591E+00
  6.83594E-02  2.89163E+00
  7.22656E-02  2.88727E+00
  7.61719E-02  2.88286E+00
  8.00781E-02  2.87838E+00
  8.39844E-02  2.87383E+00
  8.78906E-02  2.86921E+00
  9.17969E-02  2.86453E+00
  9.57031E-02  2.85979E+00
  9.96094E-02  2.85498E+00
  1.03516E-01  2.85010E+00
  1.07422E-01  2.84516E+00
  1.11328E-01  2.84015E+00
  1.15234E-01  2.83507E+00
  1.19141E-01  2.82993E+00
  1.23047E-01  2.82473E+00
  1.26953E-01  2.81946E+00
  1.30859E-01  2.81412E+00
  1.34766E-01  2.80872E+00
  1.38672E-01  2.80325E+00
  1.42578E-01  2.79772E+00
  1.46484E-01  2.79212E+00
  1.50391E-01  2.78645E+00
  1.54297E-01  2.78072E+00
  1.58203E-01  2.77493E+00
  1.62109E-01  2.76907E+00
  1.66016E-01  2.76314E+00
  1.69922E-01  2.75715E+00
  1.73828E-01  2.75109E+00
  1.77734E-01  2.74497E+00
  1.81641E-01  2.73878E+00
  1.85547E-01  2.73252E+00
  1.89453E-01  2.72620E+00
  1.93359E-01  2.71981E+00
  1.97266E-01  2.71336E+00
  2.01172E-01  2.70684E+00
  2.05078E-01  2.70025E+00
  2.08984E-01  2.69360E+00
  2.12891E-01  2.68688E+00
  2.16797E-01  2.68009E+00
  2.20703E-01  2.67323E+00
  2.24609E-01  2.66631E+00
  2.28516E-01  2.65932E+00
  2.32422E-01  2.65226E+00
  2.36328E-01  2.64514E+00
  2.40234E-01  2.63794E+00
  2.44141E-01  2.63068E+00
  2.48047E-01  2.62335E+00
  2.51953E-01  2.61596E+00
  2.55859E-01  2.60849E+00
  2.59766E-01  2.60096E+00
  2.63672E-01  2.59335E+00
  2.67578E-01  2.58567E+00
  2.71484E-01  2.57793E+00
  2.75391E-01  2.57012E+00
  2.79297E-01  2.56223E+00
  2.83203E-01  2.55428E+00
  2.87109E-01  2.54625E+00
  2.91016E-01  2.53815E+00
  2.94922E-01  2.52998E+00
  2.98828E-01  2.52174E+00
  3.02734E-01  2.51342E+00
  3.06641E-01  2.50503E+00
  3.10547E-01  2.49657E+00
  3.14453E-01  2.48803E+00
  3.18359E-01  2.47942E+00
  3.22266E-01  2.47074E+00
  3.26172E-01  2.46198E+00
  3.30078E-01  2.45314E+00
  3.33984E-01  2.44423E+00
  3.37891E-01  2.43524E+00
  3.41797E-01  2.42617E+00
  3.45703E-01  2.41703E+00
  3.49609E-01  2.40780E+00
  3.53516E-01  2.39850E+00
  3.57422E-01  2.38911E+00
  3.61328E-01  2.37965E+00
  3.65234E-01  2.37010E+00
  3.69141E-01  2.36048E+00
  3.73047E-01  2.35077E+00
  3.76953E-01  2.34098E+00
  3.80859E-01  2.33110E+00
  3.84766E-01  2.32114E+00
  3.88672E-01  2.31109E+00
  3.92578E-01  2.30096E+00
  3.96484E-01  2.29074E+00
  4.00391E-01  2.28043E+00
  4.04297E-01  2.27002E+00
  4.08203E-01  2.25953E+00
  4.12109E-01  2.24895E+00
  4.16016E-01  2.23828E+00
  4.19922E-01  2.22751E+00
  4.23828E-01  2.21665E+00
  4.27734E-01  2.20570E+00
  4.31641E-01  2.19465E+00
  4.35547E-01  2.18350E+00
  4.39453E-01  2.17225E+00
  4.43359E-01  2.16091E+00
  4.47266E-01  2.14946E+00
  4.51172E-01  2.13790E+00
  4.55078E-01  2.12624E+00
  4.58984E-01  2.11448E+00
  4.62891E-01  2.10260E+00
  4.66797E-01  2.09062E+00
  4.70703E-01  2.07852E+00
  4.74609E-01  2.06631E+00
  4.78516E-01  2.05398E+00
  4.82422E-01  2.04154E+00
  4.86328E-01  2.02897E+00
  4.90234E-01  2.01628E+00
  4.94141E-01  2.00347E+00
  4.98047E-01  1.99054E+00
  5.01953E-01  1.97747E+00
  5.05859E-01  1.96427E+00
  5.09766E-01  1.95093E+00
  5.13672E-01  1.93746E+00
  5.17578E-01  1.92384E+00
  5.21484E-01  1.91008E+00
  5.25391E-01  1.89617E+00
  5.29297E-01  1.88210E+00
  5.33203E-01  1.86788E+00
  5.37109E-01  1.85350E+00
  5.41016E-01  1.83895E+00
  5.44922E-01  1.82424E+00
  5.48828E-01  1.80935E+00
  5.52734E-01  1.79428E+00
  5.56641E-01  1.77902E+00
  5.60547E-01  1.76358E+00
  5.64453E-01  1.74794E+00
  5.68359E-01  1.73209E+00
  5.72266E-01  1.71603E+00
  5.76172E-01  1.69976E+00
  5.80078E-01  1.68326E+00
  5.83984E-01  1.66652E+00
  5.87891E-01  1.64955E+00
  5.91797E-01  1.63232E+00
  5.95703E-01  1.61482E+00
  5.99609E-01  1.59705E+00
  6.03516E-01  1.57898E+00
  6.07422E-01  1.56062E+00
  6.11328E-01  1.54194E+00
  6.15234E-01  1.52292E+00
  6.19141E-01  1.50355E+00
  6.23047E-01  1.48381E+00
  6.26953E-01  1.46367E+00
  6.30859E-01  1.44312E+00
  6.34766E-01  1.42212E+00
  6.38672E-01  1.40065E+00
  6.42578E-01  1.37868E+00
  6.46484E-01  1.35616E+00
  6.50391E-01  1.33305E+00
  6.54297E-01  1.30931E+00
  6.58203E-01  1.28488E+00
  6.62109E-01  1.25969E+00
  6.66016E-01  1.23367E+00
  6.69922E-01  1.20674E+00
  6.73828E-01  1.17878E+00
  6.77734E-01  1.14967E+00
  6.81641E-01  1.11925E+00
  6.85547E-01  1.08732E+00
  6.89453E-01  1.05361E+00
  6.93359E-01  1.01773E+00
  6.97266E-01  9.78709E-01
  7.01172E-01  9.30487E-01
  7.05078E-01  8.28160E-01
  7.08984E-01  7.02919E-02
  7.12891E-01  6.56241E-02
  7.16797E-01  6.48225E-02
  7.20703E-01  6.37950E-02
  7.24609E-01  6.28036E-02
  7.28516E-01  6.18150E-02
  7.32422E-01  6.08670E-02
  7.36328E-01  5.99172E-02
  7.40234E-01  5.90018E-02
  7.44141E-01  5.80932E-02
  7.48047E-01  5.72156E-02
  7.51953E-01  5.63411E-02
  7.55859E-01  5.54914E-02
  7.59766E-01  5.46460E-02
  7.63672E-01  5.38328E-02
  7.67578E-01  5.30280E-02
  7.71484E-01  5.22390E-02
  7.75391E-01  5.14618E-02
  7.79297E-01  5.07129E-02
  7.83203E-01  4.99769E-02
  7.87109E-01  4.92604E-02
  7.91016E-01  4.85481E-02
  7.94922E-01  4.78515E-02
  7.98828E-01  4.71563E-02
  8.02734E-01  4.64875E-02
  8.06641E-01  4.58260E-02
  8.10547E-01  4.51748E-02
  8.14453E-01  4.45456E-02
  8.18359E-01  4.39170E-02
  8.22266E-01  4.33068E-02
  8.26172E-01  4.27068E-02
  8.30078E-01  4.21182E-02
  8.33984E-01  4.15355E-02
  8.37891E-01  4.09610E-02
  8.41797E-01  4.04022E-02
  8.45703E-01  3.98477E-02
  8.49609E-01  3.92969E-02
  8.53516E-01  3.87746E-02
  8.57422E-01  3.82534E-02
  8.61328E-01  3.77303E-02
  8.65234E-01  3.72251E-02
  8.69141E-01  3.67332E-02
  8.73047E-01  3.62455E-02
  8.76953E-01  3.57661E-02
  8.80859E-01  3.52933E-02
  8.84766E-01  3.48268E-02
  8.88672E-01  3.43698E-02
  8.92578E-01  3.39152E-02
  8.96484E-01  3.34699E-02
  9.00391E-01  3.30352E-02
  9.04297E-01  3.26113E-02
  9.08203E-01  3.22019E-02
  9.12109E-01  3.17958E-02
  9.16016E-01  3.13877E-02
  9.19922E-01  3.09820E-02
  9.23828E-01  3.05805E-02
  9.27734E-01  3.01886E-02
  9.31641E-01  2.98008E-02
  9.35547E-01  2.94171E-02
  9.39453E-01  2.90398E-02
  9.43359E-01  2.86640E-02
  9.47266E-01  2.82877E-02
  9.51172E-01  2.79198E-02
  9.55078E-01  2.75582E-02
  9.58984E-01  2.71989E-02
  9.62891E-01  2.68411E-02
  9.66797E-01  2.64790E-02
  9.70703E-01  2.61119E-02
  9.74609E-01  2.57419E-02
  9.78516E-01  2.53694E-02
  9.82422E-01  2.49990E-02
  9.86328E-01  2.46296E-02
  9.90234E-01  2.42565E-02
  9.94141E-01  2.39016E-02
  9.98047E-01  2.37426E-02
  1.00195E+00  2.37426E-02
