 -1.95312E-03  2.90257E+00
  1.95312E-03  2.90317E+00
  5.85938E-03  2.89904E+00
  9.76562E-03  2.89555E+00
  1.36719E-02  2.89212E+00
  1.75781E-02  2.88866E+00
  2.14844E-02  2.88515E+00
  2.53906E-02  2.88158E+00
  2.92969E-02  2.87794E+00
  3.32031E-02  2.87424E+00
  3.71094E-02  2.87047E+00
  4.10156E-02  2.86663E+00
  4.49219E-02  2.86273E+00
  4.88281E-02  2.85875E+00
  5.27344E-02  2.85471E+00
  5.66406E-02  2.85060E+00
  6.05469E-02  2.84642E+00
  6.44531E-02  2.84217E+00
  6.83594E-02  2.83786E+00
  7.22656E-02  2.83347E+00
  7.61719E-02  2.82902E+00
  8.00781E-02  2.82450E+00
  8.39844E-02  2.81991E+00
  8.78906E-02  2.81526E+00
  9.17969E-02  2.81053E+00
  9.57031E-02  2.80574E+00
  9.96094E-02  2.80088E+00
  1.03516E-01  2.79595E+00
  1.07422E-01  2.79096E+00
  1.11328E-01  2.78590E+00
  1.15234E-01  2.78077E+00
  1.19141E-01  2.77557E+00
  1.23047E-01  2.77031E+00
  1.26953E-01  2.76498E+00
  1.30859E-01  2.75958E+00
  1.34766E-01  2.75411E+00
  1.38672E-01  2.74858E+00
  1.42578E-01  2.74298E+00
  1.46484E-01  2.73732E+00
  1.50391E-01  2.73158E+00
  1.54297E-01  2.72578E+00
  1.58203E-01  2.71991E+00
  1.62109E-01  2.71397E+00
  1.66016E-01  2.70797E+00
  1.69922E-01  2.70189E+00
  1.73828E-01  2.69575E+00
  1.77734E-01  2.68954E+00
  1.81641E-01  2.68326E+00
  1.85547E-01  2.67691E+00
  1.89453E-01  2.67050E+00
  1.93359E-01  2.66402E+00
  1.97266E-01  2.65747E+00
  2.01172E-01  2.65085E+00
  2.05078E-01  2.64416E+00
  2.08984E-01  2.63740E+00
  2.12891E-01  2.63058E+00
  2.16797E-01  2.62368E+00
  2.20703E-01  2.61672E+00
  2.24609E-01  2.60969E+00
  2.28516E-01  2.60258E+00
  2.32422E-01  2.59541E+00
  2.36328E-01  2.58817E+00
  2.40234E-01  2.58085E+00
  2.44141E-01  2.57347E+00
  2.48047E-01  2.56601E+00
  2.51953E-01  2.55849E+00
  2.55859E-01  2.55089E+00
  2.59766E-01  2.54322E+00
  2.63672E-01  2.53548E+00
  2.67578E-01  2.52766E+00
  2.71484E-01  2.51978E+00
  2.75391E-01  2.51182E+00
  2.79297E-01  2.50379E+00
  2.83203E-01  2.49568E+00
  2.87109E-01  2.48750E+00
  2.91016E-01  2.47925E+00
  2.94922E-01  2.47092E+00
  2.98828E-01  2.46251E+00
  3.02734E-01  2.45403E+00
  3.06641E-01  2.44548E+00
  3.10547E-01  2.43684E+00
  3.14453E-01  2.42813E+00
  3.18359E-01  2.41934E+00
  3.22266E-01  2.41048E+00
  3.26172E-01  2.40154E+00
  3.30078E-01  2.39251E+00
  3.33984E-01  2.38341E+00
  3.37891E-01  2.37423E+00
  3.41797E-01  2.36496E+00
  3.45703E-01  2.35562E+00
  3.49609E-01  2.34619E+00
  3.53516E-01  2.33668E+00
  3.57422E-01  2.32708E+00
  3.61328E-01  2.31740E+00
  3.65234E-01  2.30764E+00
  3.69141E-01  2.29779E+00
  3.73047E-01  2.28786E+00
  3.76953E-01  2.27783E+00
  3.80859E-01  2.26772E+00
  3.84766E-01  2.25752E+00
  3.88672E-01  2.24723E+00
  3.92578E-01  2.23685E+00
  3.96484E-01  2.22638E+00
  4.00391E-01  2.21581E+00
  4.04297E-01  2.20515E+00
  4.08203E-01  2.19439E+00
  4.12109E-01  2.18354E+00
  4.16016E-01  2.17260E+00
  4.19922E-01  2.16155E+00
  4.23828E-01  2.15040E+00
  4.27734E-01  2.13915E+00
  4.31641E-01  2.12780E+00
  4.35547E-01  2.11634E+00
  4.39453E-01  2.10478E+00
  4.43359E-01  2.09311E+00
  4.47266E-01  2.08133E+00
  4.51172E-01  2.06945E+00
  4.55078E-01  2.05745E+00
  4.58984E-01  2.04534E+00
  4.62891E-01  2.03311E+00
  4.66797E-01  2.02076E+00
  4.70703E-01  2.00830E+00
  4.74609E-01  1.99571E+00
  4.78516E-01  1.98300E+00
  4.82422E-01  1.97016E+00
  4.86328E-01  1.95719E+00
  4.90234E-01  1.94409E+00
  4.94141E-01  1.93086E+00
  4.98047E-01  1.91749E+00
  5.01953E-01  1.90398E+00
  5.05859E-01  1.89032E+00
  5.09766E-01  1.87652E+00
  5.13672E-01  1.86257E+00
  5.17578E-01  1.84847E+00
  5.21484E-01  1.83420E+00
  5.25391E-01  1.81978E+00
  5.29297E-01  1.80519E+00
  5.33203E-01  1.79043E+00
  5.37109E-01  1.77550E+00
  5.41016E-01  1.76039E+00
  5.44922E-01  1.74510E+00
  5.48828E-01  1.72962E+00
  5.52734E-01  1.71394E+00
  5.56641E-01  1.69806E+00
  5.60547E-01  1.68198E+00
  5.64453E-01  1.66568E+00
  5.68359E-01  1.64916E+00
  5.72266E-01  1.63241E+00
  5.76172E-01  1.61542E+00
  5.80078E-01  1.59817E+00
  5.83984E-01  1.58067E+00
  5.87891E-01  1.56290E+00
  5.91797E-01  1.54485E+00
  5.95703E-01  1.52651E+00
  5.99609E-01  1.50787E+00
  6.03516E-01  1.48890E+00
  6.07422E-01  1.46960E+00
  6.11328E-01  1.44995E+00
  6.15234E-01  1.42993E+00
  6.19141E-01  1.40952E+00
  6.23047E-01  1.38869E+00
  6.26953E-01  1.36742E+00
  6.30859E-01  1.34568E+00
  6.34766E-01  1.32345E+00
  6.38672E-01  1.30069E+00
  6.42578E-01  1.27736E+00
  6.46484E-01  1.25341E+00
  6.50391E-01  1.22881E+00
  6.54297E-01  1.20348E+00
  6.58203E-01  1.17737E+00
  6.62109E-01  1.15039E+00
  6.66016E-01  1.12248E+00
  6.69922E-01  1.09351E+00
  6.73828E-01  1.06335E+00
  6.77734E-01  1.03185E+00
  6.81641E-01  9.98813E-01
  6.85547E-01  9.63981E-01
  6.89453E-01  9.27014E-01
  6.93359E-01  8.87328E-01
  6.97266E-01  8.43163E-01
  7.01172E-01  7.85558E-01
  7.05078E-01  6.76647E-01
  7.08984E-01  3.41119E-01
  7.12891E-01  2.10614E-01
  7.16797E-01  1.90878E-01
  7.20703E-01  1.86431E-01
  7.24609E-01  1.84130E-01
  7.28516E-01  1.81503E-01
  7.32422E-01  1.78878E-01
  7.36328E-01  1.76313E-01
  7.40234E-01  1.73777E-01
  7.44141E-01  1.71283E-01
  7.48047E-01  1.68836E-01
  7.51953E-01  1.66430E-01
  7.55859E-01  1.64066E-01
  7.59766E-01  1.61742E-01
  7.63672E-01  1.59459E-01
  7.67578E-01  1.57223E-01
  7.71484E-01  1.55028E-01
  7.75391E-01  1.52871E-01
  7.79297E-01  1.50752E-01
  7.83203E-01  1.48672E-01
  7.87109E-01  1.46634E-01
  7.91016E-01  1.44630E-01
  7.94922E-01  1.42659E-01
  7.98828E-01  1.40728E-01
  8.02734E-01  1.38832E-01
  8.06641E-01  1.36968E-01
  8.10547E-01  1.35134E-01
  8.14453E-01  1.33340E-01
  8.18359E-01  1.31571E-01
  8.22266E-01  1.29834E-01
  8.26172E-01  1.28132E-01
  8.30078E-01  1.26455E-01
  8.33984E-01  1.24810E-01
  8.37891E-01  1.23193E-01
  8.41797E-01  1.21602E-01
  8.45703E-01  1.20037E-01
  8.49609E-01  1.18497E-01
  8.53516E-01  1.16984E-01
  8.57422E-01  1.15499E-01
  8.61328E-01  1.14041E-01
  8.65234E-01  1.12605E-01
  8.69141E-01  1.11191E-01
  8.73047E-01  1.09799E-01
  8.76953E-01  1.08431E-01
  8.80859E-01  1.07084E-01
  8.84766E-01  1.05758E-01
  8.88672E-01  1.04456E-01
  8.92578E-01  1.03175E-01
  8.96484E-01  1.01913E-01
  9.00391E-01  1.00668E-01
  9.04297E-01  9.94414E-02
  9.08203E-01  9.82336E-02
  9.12109E-01  9.70481E-02
  9.16016E-01  9.58741E-02
  9.19922E-01  9.47206E-02
  9.23828E-01  9.35886E-02
  9.27734E-01  9.24738E-02
  9.31641E-01  9.13701E-02
  9.35547E-01  9.02772E-02
  9.39453E-01  8.92005E-02
  9.43359E-01  8.81346E-02
  9.47266E-01  8.70817E-02
  9.51172E-01  8.60385E-02
  9.55078E-01  8.50081E-02
  9.58984E-01  8.39861E-02
  9.62891E-01  8.29738E-02
  9.66797E-01  8.19635E-02
  9.70703E-01  8.09515E-02
  9.74609E-01  7.99327E-02
  9.78516E-01  7.88996E-02
  9.82422E-01  7.78355E-02
  9.86328E-01  7.67153E-02
  9.90234E-01  7.55095E-02
  9.94141E-01  7.42093E-02
  9.98047E-01  7.29777E-02
  1.00195E+00  7.29777E-02
