 -1.95312E-03  2.94808E+00
  1.95312E-03  2.94877E+00
  5.85938E-03  2.94464E+00
  9.76562E-03  2.94116E+00
  1.36719E-02  2.93773E+00
  1.75781E-02  2.93428E+00
  2.14844E-02  2.93078E+00
  2.53906E-02  2.92721E+00
  2.92969E-02  2.92359E+00
  3.32031E-02  2.91990E+00
  3.71094E-02  2.91614E+00
  4.10156E-02  2.91232E+00
  4.49219E-02  2.90843E+00
  4.88281E-02  2.90448E+00
  5.27344E-02  2.90045E+00
  5.66406E-02  2.89637E+00
  6.05469E-02  2.89221E+00
  6.44531E-02  2.88799E+00
  6.83594E-02  2.88370E+00
  7.22656E-02  2.87934E+00
  7.61719E-02  2.87492E+00
  8.00781E-02  2.87043E+00
  8.39844E-02  2.86588E+00
  8.78906E-02  2.86126E+00
  9.17969E-02  2.85657E+00
  9.57031E-02  2.85182E+00
  9.96094E-02  2.84700E+00
  1.03516E-01  2.84211E+00
  1.07422E-01  2.83716E+00
  1.11328E-01  2.83214E+00
  1.15234E-01  2.82706E+00
  1.19141E-01  2.82191E+00
  1.23047E-01  2.81670E+00
  1.26953E-01  2.81142E+00
  1.30859E-01  2.80607E+00
  1.34766E-01  2.80066E+00
  1.38672E-01  2.79518E+00
  1.42578E-01  2.78964E+00
  1.46484E-01  2.78403E+00
  1.50391E-01  2.77835E+00
  1.54297E-01  2.77261E+00
  1.58203E-01  2.76680E+00
  1.62109E-01  2.76093E+00
  1.66016E-01  2.75499E+00
  1.69922E-01  2.74899E+00
  1.73828E-01  2.74291E+00
  1.77734E-01  2.73678E+00
  1.81641E-01  2.73057E+00
  1.85547E-01  2.72430E+00
  1.89453E-01  2.71797E+00
  1.93359E-01  2.71156E+00
  1.97266E-01  2.70509E+00
  2.01172E-01  2.69856E+00
  2.05078E-01  2.69195E+00
  2.08984E-01  2.68528E+00
  2.12891E-01  2.67855E+00
  2.16797E-01  2.67174E+00
  2.20703E-01  2.66487E+00
  2.24609E-01  2.65793E+00
  2.28516E-01  2.65093E+00
  2.32422E-01  2.64385E+00
  2.36328E-01  2.63671E+00
  2.40234E-01  2.62950E+00
  2.44141E-01  2.62222E+00
  2.48047E-01  2.61487E+00
  2.51953E-01  2.60745E+00
  2.55859E-01  2.59997E+00
  2.59766E-01  2.59241E+00
  2.63672E-01  2.58479E+00
  2.67578E-01  2.57709E+00
  2.71484E-01  2.56933E+00
  2.75391E-01  2.56149E+00
  2.79297E-01  2.55358E+00
  2.83203E-01  2.54560E+00
  2.87109E-01  2.53755E+00
  2.91016E-01  2.52943E+00
  2.94922E-01  2.52124E+00
  2.98828E-01  2.51297E+00
  3.02734E-01  2.50463E+00
  3.06641E-01  2.49622E+00
  3.10547E-01  2.48774E+00
  3.14453E-01  2.47918E+00
  3.18359E-01  2.47054E+00
  3.22266E-01  2.46183E+00
  3.26172E-01  2.45305E+00
  3.30078E-01  2.44418E+00
  3.33984E-01  2.43524E+00
  3.37891E-01  2.42623E+00
  3.41797E-01  2.41714E+00
  3.45703E-01  2.40797E+00
  3.49609E-01  2.39872E+00
  3.53516E-01  2.38939E+00
  3.57422E-01  2.37998E+00
  3.61328E-01  2.37049E+00
  3.65234E-01  2.36091E+00
  3.69141E-01  2.35126E+00
  3.73047E-01  2.34153E+00
  3.76953E-01  2.33171E+00
  3.80859E-01  2.32180E+00
  3.84766E-01  2.31181E+00
  3.88672E-01  2.30173E+00
  3.92578E-01  2.29157E+00
  3.96484E-01  2.28132E+00
  4.00391E-01  2.27097E+00
  4.04297E-01  2.26054E+00
  4.08203E-01  2.25001E+00
  4.12109E-01  2.23940E+00
  4.16016E-01  2.22869E+00
  4.19922E-01  2.21789E+00
  4.23828E-01  2.20699E+00
  4.27734E-01  2.19600E+00
  4.31641E-01  2.18491E+00
  4.35547E-01  2.17372E+00
  4.39453E-01  2.16243E+00
  4.43359E-01  2.15105E+00
  4.47266E-01  2.13955E+00
  4.51172E-01  2.12795E+00
  4.55078E-01  2.11625E+00
  4.58984E-01  2.10444E+00
  4.62891E-01  2.09252E+00
  4.66797E-01  2.08048E+00
  4.70703E-01  2.06834E+00
  4.74609E-01  2.05607E+00
  4.78516E-01  2.04369E+00
  4.82422E-01  2.03120E+00
  4.86328E-01  2.01857E+00
  4.90234E-01  2.00583E+00
  4.94141E-01  1.99296E+00
  4.98047E-01  1.97996E+00
  5.01953E-01  1.96683E+00
  5.05859E-01  1.95357E+00
  5.09766E-01  1.94017E+00
  5.13672E-01  1.92663E+00
  5.17578E-01  1.91294E+00
  5.21484E-01  1.89911E+00
  5.25391E-01  1.88512E+00
  5.29297E-01  1.87098E+00
  5.33203E-01  1.85669E+00
  5.37109E-01  1.84223E+00
  5.41016E-01  1.82760E+00
  5.44922E-01  1.81281E+00
  5.48828E-01  1.79783E+00
  5.52734E-01  1.78268E+00
  5.56641E-01  1.76733E+00
  5.60547E-01  1.75180E+00
  5.64453E-01  1.73606E+00
  5.68359E-01  1.72012E+00
  5.72266E-01  1.70397E+00
  5.76172E-01  1.68759E+00
  5.80078E-01  1.67099E+00
  5.83984E-01  1.65415E+00
  5.87891E-01  1.63706E+00
  5.91797E-01  1.61971E+00
  5.95703E-01  1.60210E+00
  5.99609E-01  1.58420E+00
  6.03516E-01  1.56601E+00
  6.07422E-01  1.54751E+00
  6.11328E-01  1.52869E+00
  6.15234E-01  1.50953E+00
  6.19141E-01  1.49001E+00
  6.23047E-01  1.47011E+00
  6.26953E-01  1.44981E+00
  6.30859E-01  1.42908E+00
  6.34766E-01  1.40790E+00
  6.38672E-01  1.38624E+00
  6.42578E-01  1.36406E+00
  6.46484E-01  1.34132E+00
  6.50391E-01  1.31799E+00
  6.54297E-01  1.29400E+00
  6.58203E-01  1.26931E+00
  6.62109E-01  1.24385E+00
  6.66016E-01  1.21753E+00
  6.69922E-01  1.19027E+00
  6.73828E-01  1.16195E+00
  6.77734E-01  1.13244E+00
  6.81641E-01  1.10157E+00
  6.85547E-01  1.06912E+00
  6.89453E-01  1.03482E+00
  6.93359E-01  9.98240E-01
  6.97266E-01  9.58267E-01
  7.01172E-01  9.08006E-01
  7.05078E-01  8.00725E-01
  7.08984E-01  9.57832E-02
  7.12891E-01  8.63183E-02
  7.16797E-01  8.52172E-02
  7.20703E-01  8.38778E-02
  7.24609E-01  8.25801E-02
  7.28516E-01  8.12788E-02
  7.32422E-01  8.00206E-02
  7.36328E-01  7.87843E-02
  7.40234E-01  7.75894E-02
  7.44141E-01  7.64179E-02
  7.48047E-01  7.52798E-02
  7.51953E-01  7.41506E-02
  7.55859E-01  7.30414E-02
  7.59766E-01  7.19369E-02
  7.63672E-01  7.08622E-02
  7.67578E-01  6.98199E-02
  7.71484E-01  6.88001E-02
  7.75391E-01  6.77972E-02
  7.79297E-01  6.68077E-02
  7.83203E-01  6.58481E-02
  7.87109E-01  6.49029E-02
  7.91016E-01  6.39784E-02
  7.94922E-01  6.30692E-02
  7.98828E-01  6.21711E-02
  8.02734E-01  6.12885E-02
  8.06641E-01  6.04214E-02
  8.10547E-01  5.95680E-02
  8.14453E-01  5.87346E-02
  8.18359E-01  5.79190E-02
  8.22266E-01  5.71170E-02
  8.26172E-01  5.63310E-02
  8.30078E-01  5.55585E-02
  8.33984E-01  5.48012E-02
  8.37891E-01  5.40591E-02
  8.41797E-01  5.33307E-02
  8.45703E-01  5.26102E-02
  8.49609E-01  5.19016E-02
  8.53516E-01  5.12093E-02
  8.57422E-01  5.05315E-02
  8.61328E-01  4.98627E-02
  8.65234E-01  4.92048E-02
  8.69141E-01  4.85559E-02
  8.73047E-01  4.79117E-02
  8.76953E-01  4.72815E-02
  8.80859E-01  4.66643E-02
  8.84766E-01  4.60507E-02
  8.88672E-01  4.54540E-02
  8.92578E-01  4.48633E-02
  8.96484E-01  4.42845E-02
  9.00391E-01  4.37157E-02
  9.04297E-01  4.31562E-02
  9.08203E-01  4.26052E-02
  9.12109E-01  4.20628E-02
  9.16016E-01  4.15260E-02
  9.19922E-01  4.09980E-02
  9.23828E-01  4.04790E-02
  9.27734E-01  3.99693E-02
  9.31641E-01  3.94597E-02
  9.35547E-01  3.89589E-02
  9.39453E-01  3.84729E-02
  9.43359E-01  3.79825E-02
  9.47266E-01  3.74954E-02
  9.51172E-01  3.70192E-02
  9.55078E-01  3.65481E-02
  9.58984E-01  3.60727E-02
  9.62891E-01  3.56009E-02
  9.66797E-01  3.51285E-02
  9.70703E-01  3.46537E-02
  9.74609E-01  3.41743E-02
  9.78516E-01  3.36868E-02
  9.82422E-01  3.31930E-02
  9.86328E-01  3.26881E-02
  9.90234E-01  3.21781E-02
  9.94141E-01  3.16557E-02
  9.98047E-01  3.13694E-02
  1.00195E+00  3.13694E-02
