 -1.95312E-03  2.94077E+00
  1.95312E-03  2.94145E+00
  5.85938E-03  2.93733E+00
  9.76562E-03  2.93385E+00
  1.36719E-02  2.93042E+00
  1.75781E-02  2.92696E+00
  2.14844E-02  2.92346E+00
  2.53906E-02  2.91989E+00
  2.92969E-02  2.91627E+00
  3.32031E-02  2.91258E+00
  3.71094E-02  2.90882E+00
  4.10156E-02  2.90499E+00
  4.49219E-02  2.90110E+00
  4.88281E-02  2.89714E+00
  5.27344E-02  2.89312E+00
  5.66406E-02  2.88902E+00
  6.05469E-02  2.88486E+00
  6.44531E-02  2.88064E+00
  6.83594E-02  2.87635E+00
  7.22656E-02  2.87199E+00
  7.61719E-02  2.86756E+00
  8.00781E-02  2.86307E+00
  8.39844E-02  2.85851E+00
  8.78906E-02  2.85388E+00
  9.17969E-02  2.84919E+00
  9.57031E-02  2.84443E+00
  9.96094E-02  2.83960E+00
  1.03516E-01  2.83471E+00
  1.07422E-01  2.82975E+00
  1.11328E-01  2.82473E+00
  1.15234E-01  2.81964E+00
  1.19141E-01  2.81448E+00
  1.23047E-01  2.80926E+00
  1.26953E-01  2.80397E+00
  1.30859E-01  2.79862E+00
  1.34766E-01  2.79320E+00
  1.38672E-01  2.78771E+00
  1.42578E-01  2.78215E+00
  1.46484E-01  2.77654E+00
  1.50391E-01  2.77085E+00
  1.54297E-01  2.76510E+00
  1.58203E-01  2.75928E+00
  1.62109E-01  2.75340E+00
  1.66016E-01  2.74745E+00
  1.69922E-01  2.74143E+00
  1.73828E-01  2.73535E+00
  1.77734E-01  2.72920E+00
  1.81641E-01  2.72299E+00
  1.85547E-01  2.71670E+00
  1.89453E-01  2.71036E+00
  1.93359E-01  2.70394E+00
  1.97266E-01  2.69746E+00
  2.01172E-01  2.69091E+00
  2.05078E-01  2.68430E+00
  2.08984E-01  2.67762E+00
  2.12891E-01  2.67087E+00
  2.16797E-01  2.66405E+00
  2.20703E-01  2.65717E+00
  2.24609E-01  2.65022E+00
  2.28516E-01  2.64320E+00
  2.32422E-01  2.63611E+00
  2.36328E-01  2.62895E+00
  2.40234E-01  2.62173E+00
  2.44141E-01  2.61444E+00
  2.48047E-01  2.60707E+00
  2.51953E-01  2.59964E+00
  2.55859E-01  2.59214E+00
  2.59766E-01  2.58457E+00
  2.63672E-01  2.57693E+00
  2.67578E-01  2.56922E+00
  2.71484E-01  2.56144E+00
  2.75391E-01  2.55358E+00
  2.79297E-01  2.54566E+00
  2.83203E-01  2.53766E+00
  2.87109E-01  2.52959E+00
  2.91016E-01  2.52145E+00
  2.94922E-01  2.51324E+00
  2.98828E-01  2.50495E+00
  3.02734E-01  2.49659E+00
  3.06641E-01  2.48816E+00
  3.10547E-01  2.47965E+00
  3.14453E-01  2.47107E+00
  3.18359E-01  2.46241E+00
  3.22266E-01  2.45368E+00
  3.26172E-01  2.44487E+00
  3.30078E-01  2.43598E+00
  3.33984E-01  2.42702E+00
  3.37891E-01  2.41798E+00
  3.41797E-01  2.40886E+00
  3.45703E-01  2.39966E+00
  3.49609E-01  2.39038E+00
  3.53516E-01  2.38103E+00
  3.57422E-01  2.37159E+00
  3.61328E-01  2.36207E+00
  3.65234E-01  2.35246E+00
  3.69141E-01  2.34278E+00
  3.73047E-01  2.33301E+00
  3.76953E-01  2.32316E+00
  3.80859E-01  2.31323E+00
  3.84766E-01  2.30321E+00
  3.88672E-01  2.29310E+00
  3.92578E-01  2.28290E+00
  3.96484E-01  2.27262E+00
  4.00391E-01  2.26224E+00
  4.04297E-01  2.25177E+00
  4.08203E-01  2.24122E+00
  4.12109E-01  2.23057E+00
  4.16016E-01  2.21982E+00
  4.19922E-01  2.20899E+00
  4.23828E-01  2.19806E+00
  4.27734E-01  2.18703E+00
  4.31641E-01  2.17590E+00
  4.35547E-01  2.16467E+00
  4.39453E-01  2.15335E+00
  4.43359E-01  2.14192E+00
  4.47266E-01  2.13038E+00
  4.51172E-01  2.11874E+00
  4.55078E-01  2.10699E+00
  4.58984E-01  2.09513E+00
  4.62891E-01  2.08316E+00
  4.66797E-01  2.07108E+00
  4.70703E-01  2.05889E+00
  4.74609E-01  2.04658E+00
  4.78516E-01  2.03415E+00
  4.82422E-01  2.02159E+00
  4.86328E-01  2.00892E+00
  4.90234E-01  1.99611E+00
  4.94141E-01  1.98318E+00
  4.98047E-01  1.97012E+00
  5.01953E-01  1.95693E+00
  5.05859E-01  1.94360E+00
  5.09766E-01  1.93013E+00
  5.13672E-01  1.91652E+00
  5.17578E-01  1.90277E+00
  5.21484E-01  1.88887E+00
  5.25391E-01  1.87482E+00
  5.29297E-01  1.86061E+00
  5.33203E-01  1.84624E+00
  5.37109E-01  1.83170E+00
  5.41016E-01  1.81699E+00
  5.44922E-01  1.80212E+00
  5.48828E-01  1.78706E+00
  5.52734E-01  1.77182E+00
  5.56641E-01  1.75639E+00
  5.60547E-01  1.74076E+00
  5.64453E-01  1.72494E+00
  5.68359E-01  1.70890E+00
  5.72266E-01  1.69265E+00
  5.76172E-01  1.67617E+00
  5.80078E-01  1.65947E+00
  5.83984E-01  1.64252E+00
  5.87891E-01  1.62532E+00
  5.91797E-01  1.60786E+00
  5.95703E-01  1.59012E+00
  5.99609E-01  1.57211E+00
  6.03516E-01  1.55379E+00
  6.07422E-01  1.53516E+00
  6.11328E-01  1.51620E+00
  6.15234E-01  1.49689E+00
  6.19141E-01  1.47722E+00
  6.23047E-01  1.45717E+00
  6.26953E-01  1.43670E+00
  6.30859E-01  1.41581E+00
  6.34766E-01  1.39445E+00
  6.38672E-01  1.37260E+00
  6.42578E-01  1.35022E+00
  6.46484E-01  1.32727E+00
  6.50391E-01  1.30372E+00
  6.54297E-01  1.27950E+00
  6.58203E-01  1.25456E+00
  6.62109E-01  1.22882E+00
  6.66016E-01  1.20222E+00
  6.69922E-01  1.17465E+00
  6.73828E-01  1.14600E+00
  6.77734E-01  1.11612E+00
  6.81641E-01  1.08483E+00
  6.85547E-01  1.05189E+00
  6.89453E-01  1.01700E+00
  6.93359E-01  9.79714E-01
  6.97266E-01  9.38724E-01
  7.01172E-01  8.86154E-01
  7.05078E-01  7.73296E-01
  7.08984E-01  1.20873E-01
  7.12891E-01  1.05079E-01
  7.16797E-01  1.03579E-01
  7.20703E-01  1.01956E-01
  7.24609E-01  1.00393E-01
  7.28516E-01  9.88385E-02
  7.32422E-01  9.73247E-02
  7.36328E-01  9.58520E-02
  7.40234E-01  9.43885E-02
  7.44141E-01  9.29681E-02
  7.48047E-01  9.15773E-02
  7.51953E-01  9.02264E-02
  7.55859E-01  8.88943E-02
  7.59766E-01  8.75697E-02
  7.63672E-01  8.62750E-02
  7.67578E-01  8.50058E-02
  7.71484E-01  8.37690E-02
  7.75391E-01  8.25575E-02
  7.79297E-01  8.13804E-02
  7.83203E-01  8.02212E-02
  7.87109E-01  7.90746E-02
  7.91016E-01  7.79408E-02
  7.94922E-01  7.68299E-02
  7.98828E-01  7.57433E-02
  8.02734E-01  7.46798E-02
  8.06641E-01  7.36336E-02
  8.10547E-01  7.26155E-02
  8.14453E-01  7.16160E-02
  8.18359E-01  7.06377E-02
  8.22266E-01  6.96708E-02
  8.26172E-01  6.87236E-02
  8.30078E-01  6.77837E-02
  8.33984E-01  6.68609E-02
  8.37891E-01  6.59538E-02
  8.41797E-01  6.50663E-02
  8.45703E-01  6.41903E-02
  8.49609E-01  6.33274E-02
  8.53516E-01  6.24936E-02
  8.57422E-01  6.16691E-02
  8.61328E-01  6.08612E-02
  8.65234E-01  6.00653E-02
  8.69141E-01  5.92844E-02
  8.73047E-01  5.85152E-02
  8.76953E-01  5.77582E-02
  8.80859E-01  5.70117E-02
  8.84766E-01  5.62772E-02
  8.88672E-01  5.55557E-02
  8.92578E-01  5.48421E-02
  8.96484E-01  5.41428E-02
  9.00391E-01  5.34529E-02
  9.04297E-01  5.27697E-02
  9.08203E-01  5.20998E-02
  9.12109E-01  5.14443E-02
  9.16016E-01  5.08002E-02
  9.19922E-01  5.01621E-02
  9.23828E-01  4.95304E-02
  9.27734E-01  4.89077E-02
  9.31641E-01  4.82962E-02
  9.35547E-01  4.76886E-02
  9.39453E-01  4.70897E-02
  9.43359E-01  4.65020E-02
  9.47266E-01  4.59148E-02
  9.51172E-01  4.53405E-02
  9.55078E-01  4.47660E-02
  9.58984E-01  4.41959E-02
  9.62891E-01  4.36279E-02
  9.66797E-01  4.30588E-02
  9.70703E-01  4.24883E-02
  9.74609E-01  4.19120E-02
  9.78516E-01  4.13237E-02
  9.82422E-01  4.07252E-02
  9.86328E-01  4.01058E-02
  9.90234E-01  3.94540E-02
  9.94141E-01  3.87761E-02
  9.98047E-01  3.83246E-02
  1.00195E+00  3.83246E-02
