 -1.95312E-03  2.93649E+00
  1.95312E-03  2.93717E+00
  5.85938E-03  2.93305E+00
  9.76562E-03  2.92956E+00
  1.36719E-02  2.92613E+00
  1.75781E-02  2.92268E+00
  2.14844E-02  2.91917E+00
  2.53906E-02  2.91561E+00
  2.92969E-02  2.91198E+00
  3.32031E-02  2.90829E+00
  3.71094E-02  2.90453E+00
  4.10156E-02  2.90070E+00
  4.49219E-02  2.89681E+00
  4.88281E-02  2.89285E+00
  5.27344E-02  2.88882E+00
  5.66406E-02  2.88473E+00
  6.05469E-02  2.88057E+00
  6.44531E-02  2.87634E+00
  6.83594E-02  2.87204E+00
  7.22656E-02  2.86768E+00
  7.61719E-02  2.86325E+00
  8.00781E-02  2.85875E+00
  8.39844E-02  2.85419E+00
  8.78906E-02  2.84956E+00
  9.17969E-02  2.84487E+00
  9.57031E-02  2.84010E+00
  9.96094E-02  2.83528E+00
  1.03516E-01  2.83038E+00
  1.07422E-01  2.82542E+00
  1.11328E-01  2.82039E+00
  1.15234E-01  2.81530E+00
  1.19141E-01  2.81014E+00
  1.23047E-01  2.80491E+00
  1.26953E-01  2.79962E+00
  1.30859E-01  2.79426E+00
  1.34766E-01  2.78883E+00
  1.38672E-01  2.78334E+00
  1.42578E-01  2.77778E+00
  1.46484E-01  2.77216E+00
  1.50391E-01  2.76647E+00
  1.54297E-01  2.76071E+00
  1.58203E-01  2.75488E+00
  1.62109E-01  2.74899E+00
  1.66016E-01  2.74304E+00
  1.69922E-01  2.73701E+00
  1.73828E-01  2.73092E+00
  1.77734E-01  2.72477E+00
  1.81641E-01  2.71854E+00
  1.85547E-01  2.71226E+00
  1.89453E-01  2.70590E+00
  1.93359E-01  2.69948E+00
  1.97266E-01  2.69299E+00
  2.01172E-01  2.68643E+00
  2.05078E-01  2.67981E+00
  2.08984E-01  2.67311E+00
  2.12891E-01  2.66636E+00
  2.16797E-01  2.65953E+00
  2.20703E-01  2.65264E+00
  2.24609E-01  2.64567E+00
  2.28516E-01  2.63864E+00
  2.32422E-01  2.63154E+00
  2.36328E-01  2.62437E+00
  2.40234E-01  2.61714E+00
  2.44141E-01  2.60983E+00
  2.48047E-01  2.60246E+00
  2.51953E-01  2.59501E+00
  2.55859E-01  2.58750E+00
  2.59766E-01  2.57992E+00
  2.63672E-01  2.57227E+00
  2.67578E-01  2.56454E+00
  2.71484E-01  2.55675E+00
  2.75391E-01  2.54889E+00
  2.79297E-01  2.54095E+00
  2.83203E-01  2.53294E+00
  2.87109E-01  2.52486E+00
  2.91016E-01  2.51671E+00
  2.94922E-01  2.50848E+00
  2.98828E-01  2.50018E+00
  3.02734E-01  2.49181E+00
  3.06641E-01  2.48336E+00
  3.10547E-01  2.47484E+00
  3.14453E-01  2.46625E+00
  3.18359E-01  2.45758E+00
  3.22266E-01  2.44883E+00
  3.26172E-01  2.44001E+00
  3.30078E-01  2.43111E+00
  3.33984E-01  2.42213E+00
  3.37891E-01  2.41307E+00
  3.41797E-01  2.40394E+00
  3.45703E-01  2.39472E+00
  3.49609E-01  2.38543E+00
  3.53516E-01  2.37605E+00
  3.57422E-01  2.36660E+00
  3.61328E-01  2.35706E+00
  3.65234E-01  2.34744E+00
  3.69141E-01  2.33774E+00
  3.73047E-01  2.32796E+00
  3.76953E-01  2.31809E+00
  3.80859E-01  2.30813E+00
  3.84766E-01  2.29809E+00
  3.88672E-01  2.28796E+00
  3.92578E-01  2.27775E+00
  3.96484E-01  2.26744E+00
  4.00391E-01  2.25704E+00
  4.04297E-01  2.24656E+00
  4.08203E-01  2.23598E+00
  4.12109E-01  2.22530E+00
  4.16016E-01  2.21454E+00
  4.19922E-01  2.20368E+00
  4.23828E-01  2.19273E+00
  4.27734E-01  2.18167E+00
  4.31641E-01  2.17052E+00
  4.35547E-01  2.15927E+00
  4.39453E-01  2.14792E+00
  4.43359E-01  2.13646E+00
  4.47266E-01  2.12490E+00
  4.51172E-01  2.11323E+00
  4.55078E-01  2.10145E+00
  4.58984E-01  2.08956E+00
  4.62891E-01  2.07756E+00
  4.66797E-01  2.06545E+00
  4.70703E-01  2.05322E+00
  4.74609E-01  2.04088E+00
  4.78516E-01  2.02841E+00
  4.82422E-01  2.01582E+00
  4.86328E-01  2.00311E+00
  4.90234E-01  1.99028E+00
  4.94141E-01  1.97731E+00
  4.98047E-01  1.96421E+00
  5.01953E-01  1.95098E+00
  5.05859E-01  1.93761E+00
  5.09766E-01  1.92410E+00
  5.13672E-01  1.91045E+00
  5.17578E-01  1.89665E+00
  5.21484E-01  1.88270E+00
  5.25391E-01  1.86860E+00
  5.29297E-01  1.85434E+00
  5.33203E-01  1.83992E+00
  5.37109E-01  1.82533E+00
  5.41016E-01  1.81058E+00
  5.44922E-01  1.79565E+00
  5.48828E-01  1.78054E+00
  5.52734E-01  1.76524E+00
  5.56641E-01  1.74976E+00
  5.60547E-01  1.73407E+00
  5.64453E-01  1.71819E+00
  5.68359E-01  1.70210E+00
  5.72266E-01  1.68578E+00
  5.76172E-01  1.66925E+00
  5.80078E-01  1.65247E+00
  5.83984E-01  1.63546E+00
  5.87891E-01  1.61819E+00
  5.91797E-01  1.60066E+00
  5.95703E-01  1.58285E+00
  5.99609E-01  1.56475E+00
  6.03516E-01  1.54635E+00
  6.07422E-01  1.52764E+00
  6.11328E-01  1.50859E+00
  6.15234E-01  1.48920E+00
  6.19141E-01  1.46943E+00
  6.23047E-01  1.44929E+00
  6.26953E-01  1.42872E+00
  6.30859E-01  1.40773E+00
  6.34766E-01  1.38627E+00
  6.38672E-01  1.36431E+00
  6.42578E-01  1.34182E+00
  6.46484E-01  1.31876E+00
  6.50391E-01  1.29507E+00
  6.54297E-01  1.27071E+00
  6.58203E-01  1.24562E+00
  6.62109E-01  1.21972E+00
  6.66016E-01  1.19295E+00
  6.69922E-01  1.16519E+00
  6.73828E-01  1.13633E+00
  6.77734E-01  1.10621E+00
  6.81641E-01  1.07465E+00
  6.85547E-01  1.04141E+00
  6.89453E-01  1.00616E+00
  6.93359E-01  9.68423E-01
  6.97266E-01  9.26761E-01
  7.01172E-01  8.72560E-01
  7.05078E-01  7.55823E-01
  7.08984E-01  1.36255E-01
  7.12891E-01  1.15981E-01
  7.16797E-01  1.14165E-01
  7.20703E-01  1.12439E-01
  7.24609E-01  1.10692E-01
  7.28516E-01  1.09009E-01
  7.32422E-01  1.07343E-01
  7.36328E-01  1.05721E-01
  7.40234E-01  1.04121E-01
  7.44141E-01  1.02557E-01
  7.48047E-01  1.01029E-01
  7.51953E-01  9.95275E-02
  7.55859E-01  9.80610E-02
  7.59766E-01  9.66188E-02
  7.63672E-01  9.52092E-02
  7.67578E-01  9.38316E-02
  7.71484E-01  9.24819E-02
  7.75391E-01  9.11347E-02
  7.79297E-01  8.98139E-02
  7.83203E-01  8.85241E-02
  7.87109E-01  8.72649E-02
  7.91016E-01  8.60357E-02
  7.94922E-01  8.48372E-02
  7.98828E-01  8.36542E-02
  8.02734E-01  8.24840E-02
  8.06641E-01  8.13332E-02
  8.10547E-01  8.02012E-02
  8.14453E-01  7.90903E-02
  8.18359E-01  7.80017E-02
  8.22266E-01  7.69379E-02
  8.26172E-01  7.58934E-02
  8.30078E-01  7.48722E-02
  8.33984E-01  7.38693E-02
  8.37891E-01  7.28850E-02
  8.41797E-01  7.19087E-02
  8.45703E-01  7.09498E-02
  8.49609E-01  7.00038E-02
  8.53516E-01  6.90719E-02
  8.57422E-01  6.81610E-02
  8.61328E-01  6.72658E-02
  8.65234E-01  6.63864E-02
  8.69141E-01  6.55241E-02
  8.73047E-01  6.46776E-02
  8.76953E-01  6.38488E-02
  8.80859E-01  6.30306E-02
  8.84766E-01  6.22273E-02
  8.88672E-01  6.14349E-02
  8.92578E-01  6.06521E-02
  8.96484E-01  5.98803E-02
  9.00391E-01  5.91223E-02
  9.04297E-01  5.83761E-02
  9.08203E-01  5.76391E-02
  9.12109E-01  5.69120E-02
  9.16016E-01  5.61979E-02
  9.19922E-01  5.54959E-02
  9.23828E-01  5.48037E-02
  9.27734E-01  5.41222E-02
  9.31641E-01  5.34476E-02
  9.35547E-01  5.27814E-02
  9.39453E-01  5.21249E-02
  9.43359E-01  5.14804E-02
  9.47266E-01  5.08421E-02
  9.51172E-01  5.02086E-02
  9.55078E-01  4.95785E-02
  9.58984E-01  4.89549E-02
  9.62891E-01  4.83315E-02
  9.66797E-01  4.77030E-02
  9.70703E-01  4.70737E-02
  9.74609E-01  4.64400E-02
  9.78516E-01  4.57913E-02
  9.82422E-01  4.51263E-02
  9.86328E-01  4.44440E-02
  9.90234E-01  4.37230E-02
  9.94141E-01  4.29684E-02
  9.98047E-01  4.24246E-02
  1.00195E+00  4.24246E-02
