 -1.95312E-03  2.91755E+00
  1.95312E-03  2.91816E+00
  5.85938E-03  2.91403E+00
  9.76562E-03  2.91054E+00
  1.36719E-02  2.90712E+00
  1.75781E-02  2.90366E+00
  2.14844E-02  2.90015E+00
  2.53906E-02  2.89658E+00
  2.92969E-02  2.89295E+00
  3.32031E-02  2.88925E+00
  3.71094E-02  2.88549E+00
  4.10156E-02  2.88165E+00
  4.49219E-02  2.87775E+00
  4.88281E-02  2.87379E+00
  5.27344E-02  2.86975E+00
  5.66406E-02  2.86565E+00
  6.05469E-02  2.86148E+00
  6.44531E-02  2.85724E+00
  6.83594E-02  2.85293E+00
  7.22656E-02  2.84856E+00
  7.61719E-02  2.84411E+00
  8.00781E-02  2.83960E+00
  8.39844E-02  2.83503E+00
  8.78906E-02  2.83038E+00
  9.17969E-02  2.82567E+00
  9.57031E-02  2.82089E+00
  9.96094E-02  2.81604E+00
  1.03516E-01  2.81113E+00
  1.07422E-01  2.80615E+00
  1.11328E-01  2.80110E+00
  1.15234E-01  2.79599E+00
  1.19141E-01  2.79080E+00
  1.23047E-01  2.78556E+00
  1.26953E-01  2.78024E+00
  1.30859E-01  2.77485E+00
  1.34766E-01  2.76941E+00
  1.38672E-01  2.76389E+00
  1.42578E-01  2.75831E+00
  1.46484E-01  2.75266E+00
  1.50391E-01  2.74694E+00
  1.54297E-01  2.74116E+00
  1.58203E-01  2.73531E+00
  1.62109E-01  2.72939E+00
  1.66016E-01  2.72341E+00
  1.69922E-01  2.71735E+00
  1.73828E-01  2.71124E+00
  1.77734E-01  2.70505E+00
  1.81641E-01  2.69879E+00
  1.85547E-01  2.69247E+00
  1.89453E-01  2.68608E+00
  1.93359E-01  2.67963E+00
  1.97266E-01  2.67310E+00
  2.01172E-01  2.66651E+00
  2.05078E-01  2.65985E+00
  2.08984E-01  2.65312E+00
  2.12891E-01  2.64632E+00
  2.16797E-01  2.63946E+00
  2.20703E-01  2.63252E+00
  2.24609E-01  2.62552E+00
  2.28516E-01  2.61844E+00
  2.32422E-01  2.61130E+00
  2.36328E-01  2.60409E+00
  2.40234E-01  2.59681E+00
  2.44141E-01  2.58946E+00
  2.48047E-01  2.58204E+00
  2.51953E-01  2.57454E+00
  2.55859E-01  2.56698E+00
  2.59766E-01  2.55935E+00
  2.63672E-01  2.55164E+00
  2.67578E-01  2.54386E+00
  2.71484E-01  2.53602E+00
  2.75391E-01  2.52810E+00
  2.79297E-01  2.52010E+00
  2.83203E-01  2.51204E+00
  2.87109E-01  2.50390E+00
  2.91016E-01  2.49569E+00
  2.94922E-01  2.48740E+00
  2.98828E-01  2.47904E+00
  3.02734E-01  2.47060E+00
  3.06641E-01  2.46209E+00
  3.10547E-01  2.45350E+00
  3.14453E-01  2.44484E+00
  3.18359E-01  2.43610E+00
  3.22266E-01  2.42728E+00
  3.26172E-01  2.41839E+00
  3.30078E-01  2.40942E+00
  3.33984E-01  2.40037E+00
  3.37891E-01  2.39124E+00
  3.41797E-01  2.38203E+00
  3.45703E-01  2.37274E+00
  3.49609E-01  2.36337E+00
  3.53516E-01  2.35392E+00
  3.57422E-01  2.34438E+00
  3.61328E-01  2.33477E+00
  3.65234E-01  2.32507E+00
  3.69141E-01  2.31528E+00
  3.73047E-01  2.30541E+00
  3.76953E-01  2.29546E+00
  3.80859E-01  2.28542E+00
  3.84766E-01  2.27529E+00
  3.88672E-01  2.26507E+00
  3.92578E-01  2.25477E+00
  3.96484E-01  2.24437E+00
  4.00391E-01  2.23388E+00
  4.04297E-01  2.22330E+00
  4.08203E-01  2.21262E+00
  4.12109E-01  2.20185E+00
  4.16016E-01  2.19099E+00
  4.19922E-01  2.18003E+00
  4.23828E-01  2.16897E+00
  4.27734E-01  2.15781E+00
  4.31641E-01  2.14655E+00
  4.35547E-01  2.13518E+00
  4.39453E-01  2.12372E+00
  4.43359E-01  2.11214E+00
  4.47266E-01  2.10046E+00
  4.51172E-01  2.08867E+00
  4.55078E-01  2.07677E+00
  4.58984E-01  2.06476E+00
  4.62891E-01  2.05263E+00
  4.66797E-01  2.04039E+00
  4.70703E-01  2.02804E+00
  4.74609E-01  2.01557E+00
  4.78516E-01  2.00297E+00
  4.82422E-01  1.99025E+00
  4.86328E-01  1.97741E+00
  4.90234E-01  1.96444E+00
  4.94141E-01  1.95134E+00
  4.98047E-01  1.93810E+00
  5.01953E-01  1.92472E+00
  5.05859E-01  1.91121E+00
  5.09766E-01  1.89755E+00
  5.13672E-01  1.88375E+00
  5.17578E-01  1.86980E+00
  5.21484E-01  1.85569E+00
  5.25391E-01  1.84143E+00
  5.29297E-01  1.82700E+00
  5.33203E-01  1.81241E+00
  5.37109E-01  1.79766E+00
  5.41016E-01  1.78273E+00
  5.44922E-01  1.76762E+00
  5.48828E-01  1.75233E+00
  5.52734E-01  1.73685E+00
  5.56641E-01  1.72117E+00
  5.60547E-01  1.70530E+00
  5.64453E-01  1.68921E+00
  5.68359E-01  1.67291E+00
  5.72266E-01  1.65639E+00
  5.76172E-01  1.63963E+00
  5.80078E-01  1.62264E+00
  5.83984E-01  1.60540E+00
  5.87891E-01  1.58789E+00
  5.91797E-01  1.57011E+00
  5.95703E-01  1.55205E+00
  5.99609E-01  1.53370E+00
  6.03516E-01  1.51503E+00
  6.07422E-01  1.49604E+00
  6.11328E-01  1.47671E+00
  6.15234E-01  1.45702E+00
  6.19141E-01  1.43696E+00
  6.23047E-01  1.41649E+00
  6.26953E-01  1.39561E+00
  6.30859E-01  1.37427E+00
  6.34766E-01  1.35246E+00
  6.38672E-01  1.33013E+00
  6.42578E-01  1.30725E+00
  6.46484E-01  1.28378E+00
  6.50391E-01  1.25968E+00
  6.54297E-01  1.23488E+00
  6.58203E-01  1.20932E+00
  6.62109E-01  1.18292E+00
  6.66016E-01  1.15560E+00
  6.69922E-01  1.12724E+00
  6.73828E-01  1.09773E+00
  6.77734E-01  1.06690E+00
  6.81641E-01  1.03455E+00
  6.85547E-01  1.00042E+00
  6.89453E-01  9.64164E-01
  6.93359E-01  9.25142E-01
  6.97266E-01  8.81355E-01
  7.01172E-01  8.21318E-01
  7.05078E-01  6.92650E-01
  7.08984E-01  2.07355E-01
  7.12891E-01  1.62054E-01
  7.16797E-01  1.57111E-01
  7.20703E-01  1.55140E-01
  7.24609E-01  1.52823E-01
  7.28516E-01  1.50519E-01
  7.32422E-01  1.48278E-01
  7.36328E-01  1.46071E-01
  7.40234E-01  1.43918E-01
  7.44141E-01  1.41798E-01
  7.48047E-01  1.39727E-01
  7.51953E-01  1.37684E-01
  7.55859E-01  1.35696E-01
  7.59766E-01  1.33739E-01
  7.63672E-01  1.31818E-01
  7.67578E-01  1.29935E-01
  7.71484E-01  1.28089E-01
  7.75391E-01  1.26276E-01
  7.79297E-01  1.24500E-01
  7.83203E-01  1.22756E-01
  7.87109E-01  1.21041E-01
  7.91016E-01  1.19358E-01
  7.94922E-01  1.17707E-01
  7.98828E-01  1.16087E-01
  8.02734E-01  1.14497E-01
  8.06641E-01  1.12939E-01
  8.10547E-01  1.11409E-01
  8.14453E-01  1.09905E-01
  8.18359E-01  1.08424E-01
  8.22266E-01  1.06971E-01
  8.26172E-01  1.05543E-01
  8.30078E-01  1.04142E-01
  8.33984E-01  1.02766E-01
  8.37891E-01  1.01415E-01
  8.41797E-01  1.00087E-01
  8.45703E-01  9.87827E-02
  8.49609E-01  9.74965E-02
  8.53516E-01  9.62363E-02
  8.57422E-01  9.49891E-02
  8.61328E-01  9.37613E-02
  8.65234E-01  9.25635E-02
  8.69141E-01  9.13891E-02
  8.73047E-01  9.02372E-02
  8.76953E-01  8.90998E-02
  8.80859E-01  8.79776E-02
  8.84766E-01  8.68702E-02
  8.88672E-01  8.57758E-02
  8.92578E-01  8.46989E-02
  8.96484E-01  8.36408E-02
  9.00391E-01  8.26040E-02
  9.04297E-01  8.15864E-02
  9.08203E-01  8.05853E-02
  9.12109E-01  7.95996E-02
  9.16016E-01  7.86270E-02
  9.19922E-01  7.76691E-02
  9.23828E-01  7.67212E-02
  9.27734E-01  7.57834E-02
  9.31641E-01  7.48603E-02
  9.35547E-01  7.39515E-02
  9.39453E-01  7.30526E-02
  9.43359E-01  7.21657E-02
  9.47266E-01  7.12871E-02
  9.51172E-01  7.04185E-02
  9.55078E-01  6.95613E-02
  9.58984E-01  6.87113E-02
  9.62891E-01  6.78646E-02
  9.66797E-01  6.70197E-02
  9.70703E-01  6.61738E-02
  9.74609E-01  6.53180E-02
  9.78516E-01  6.44477E-02
  9.82422E-01  6.35511E-02
  9.86328E-01  6.26093E-02
  9.90234E-01  6.16058E-02
  9.94141E-01  6.05327E-02
  9.98047E-01  5.96186E-02
  1.00195E+00  5.96186E-02
