 -1.95312E-03  2.94391E+00
  1.95312E-03  2.94459E+00
  5.85938E-03  2.94047E+00
  9.76562E-03  2.93699E+00
  1.36719E-02  2.93356E+00
  1.75781E-02  2.93011E+00
  2.14844E-02  2.92660E+00
  2.53906E-02  2.92304E+00
  2.92969E-02  2.91941E+00
  3.32031E-02  2.91572E+00
  3.71094E-02  2.91197E+00
  4.10156E-02  2.90814E+00
  4.49219E-02  2.90425E+00
  4.88281E-02  2.90030E+00
  5.27344E-02  2.89627E+00
  5.66406E-02  2.89218E+00
  6.05469E-02  2.88802E+00
  6.44531E-02  2.88380E+00
  6.83594E-02  2.87951E+00
  7.22656E-02  2.87515E+00
  7.61719E-02  2.87072E+00
  8.00781E-02  2.86623E+00
  8.39844E-02  2.86167E+00
  8.78906E-02  2.85705E+00
  9.17969E-02  2.85236E+00
  9.57031E-02  2.84760E+00
  9.96094E-02  2.84278E+00
  1.03516E-01  2.83789E+00
  1.07422E-01  2.83294E+00
  1.11328E-01  2.82791E+00
  1.15234E-01  2.82283E+00
  1.19141E-01  2.81767E+00
  1.23047E-01  2.81245E+00
  1.26953E-01  2.80717E+00
  1.30859E-01  2.80182E+00
  1.34766E-01  2.79640E+00
  1.38672E-01  2.79092E+00
  1.42578E-01  2.78537E+00
  1.46484E-01  2.77975E+00
  1.50391E-01  2.77407E+00
  1.54297E-01  2.76833E+00
  1.58203E-01  2.76251E+00
  1.62109E-01  2.75663E+00
  1.66016E-01  2.75069E+00
  1.69922E-01  2.74468E+00
  1.73828E-01  2.73860E+00
  1.77734E-01  2.73246E+00
  1.81641E-01  2.72625E+00
  1.85547E-01  2.71998E+00
  1.89453E-01  2.71364E+00
  1.93359E-01  2.70723E+00
  1.97266E-01  2.70075E+00
  2.01172E-01  2.69421E+00
  2.05078E-01  2.68760E+00
  2.08984E-01  2.68092E+00
  2.12891E-01  2.67418E+00
  2.16797E-01  2.66737E+00
  2.20703E-01  2.66049E+00
  2.24609E-01  2.65354E+00
  2.28516E-01  2.64653E+00
  2.32422E-01  2.63944E+00
  2.36328E-01  2.63229E+00
  2.40234E-01  2.62507E+00
  2.44141E-01  2.61779E+00
  2.48047E-01  2.61043E+00
  2.51953E-01  2.60301E+00
  2.55859E-01  2.59552E+00
  2.59766E-01  2.58795E+00
  2.63672E-01  2.58032E+00
  2.67578E-01  2.57262E+00
  2.71484E-01  2.56484E+00
  2.75391E-01  2.55700E+00
  2.79297E-01  2.54908E+00
  2.83203E-01  2.54109E+00
  2.87109E-01  2.53303E+00
  2.91016E-01  2.52490E+00
  2.94922E-01  2.51670E+00
  2.98828E-01  2.50842E+00
  3.02734E-01  2.50007E+00
  3.06641E-01  2.49165E+00
  3.10547E-01  2.48315E+00
  3.14453E-01  2.47458E+00
  3.18359E-01  2.46593E+00
  3.22266E-01  2.45720E+00
  3.26172E-01  2.44840E+00
  3.30078E-01  2.43953E+00
  3.33984E-01  2.43058E+00
  3.37891E-01  2.42155E+00
  3.41797E-01  2.41244E+00
  3.45703E-01  2.40325E+00
  3.49609E-01  2.39399E+00
  3.53516E-01  2.38464E+00
  3.57422E-01  2.37522E+00
  3.61328E-01  2.36571E+00
  3.65234E-01  2.35612E+00
  3.69141E-01  2.34645E+00
  3.73047E-01  2.33670E+00
  3.76953E-01  2.32686E+00
  3.80859E-01  2.31694E+00
  3.84766E-01  2.30693E+00
  3.88672E-01  2.29683E+00
  3.92578E-01  2.28665E+00
  3.96484E-01  2.27637E+00
  4.00391E-01  2.26601E+00
  4.04297E-01  2.25556E+00
  4.08203E-01  2.24501E+00
  4.12109E-01  2.23438E+00
  4.16016E-01  2.22365E+00
  4.19922E-01  2.21283E+00
  4.23828E-01  2.20191E+00
  4.27734E-01  2.19090E+00
  4.31641E-01  2.17979E+00
  4.35547E-01  2.16858E+00
  4.39453E-01  2.15727E+00
  4.43359E-01  2.14586E+00
  4.47266E-01  2.13434E+00
  4.51172E-01  2.12272E+00
  4.55078E-01  2.11099E+00
  4.58984E-01  2.09915E+00
  4.62891E-01  2.08720E+00
  4.66797E-01  2.07514E+00
  4.70703E-01  2.06296E+00
  4.74609E-01  2.05067E+00
  4.78516E-01  2.03826E+00
  4.82422E-01  2.02573E+00
  4.86328E-01  2.01307E+00
  4.90234E-01  2.00029E+00
  4.94141E-01  1.98739E+00
  4.98047E-01  1.97435E+00
  5.01953E-01  1.96118E+00
  5.05859E-01  1.94788E+00
  5.09766E-01  1.93444E+00
  5.13672E-01  1.92086E+00
  5.17578E-01  1.90713E+00
  5.21484E-01  1.89326E+00
  5.25391E-01  1.87923E+00
  5.29297E-01  1.86505E+00
  5.33203E-01  1.85071E+00
  5.37109E-01  1.83620E+00
  5.41016E-01  1.82153E+00
  5.44922E-01  1.80668E+00
  5.48828E-01  1.79166E+00
  5.52734E-01  1.77646E+00
  5.56641E-01  1.76106E+00
  5.60547E-01  1.74547E+00
  5.64453E-01  1.72968E+00
  5.68359E-01  1.71368E+00
  5.72266E-01  1.69747E+00
  5.76172E-01  1.68104E+00
  5.80078E-01  1.66437E+00
  5.83984E-01  1.64747E+00
  5.87891E-01  1.63032E+00
  5.91797E-01  1.61290E+00
  5.95703E-01  1.59522E+00
  5.99609E-01  1.57725E+00
  6.03516E-01  1.55898E+00
  6.07422E-01  1.54040E+00
  6.11328E-01  1.52149E+00
  6.15234E-01  1.50224E+00
  6.19141E-01  1.48263E+00
  6.23047E-01  1.46264E+00
  6.26953E-01  1.44225E+00
  6.30859E-01  1.42142E+00
  6.34766E-01  1.40014E+00
  6.38672E-01  1.37838E+00
  6.42578E-01  1.35609E+00
  6.46484E-01  1.33323E+00
  6.50391E-01  1.30978E+00
  6.54297E-01  1.28566E+00
  6.58203E-01  1.26083E+00
  6.62109E-01  1.23522E+00
  6.66016E-01  1.20875E+00
  6.69922E-01  1.18131E+00
  6.73828E-01  1.15280E+00
  6.77734E-01  1.12308E+00
  6.81641E-01  1.09198E+00
  6.85547E-01  1.05927E+00
  6.89453E-01  1.02466E+00
  6.93359E-01  9.87699E-01
  6.97266E-01  9.47179E-01
  7.01172E-01  8.95679E-01
  7.05078E-01  7.85378E-01
  7.08984E-01  1.09982E-01
  7.12891E-01  9.71116E-02
  7.16797E-01  9.57978E-02
  7.20703E-01  9.42930E-02
  7.24609E-01  9.28336E-02
  7.28516E-01  9.13868E-02
  7.32422E-01  8.99990E-02
  7.36328E-01  8.86232E-02
  7.40234E-01  8.72975E-02
  7.44141E-01  8.59763E-02
  7.48047E-01  8.46682E-02
  7.51953E-01  8.33943E-02
  7.55859E-01  8.21448E-02
  7.59766E-01  8.09309E-02
  7.63672E-01  7.97424E-02
  7.67578E-01  7.85835E-02
  7.71484E-01  7.74456E-02
  7.75391E-01  7.63130E-02
  7.79297E-01  7.51998E-02
  7.83203E-01  7.41106E-02
  7.87109E-01  7.30442E-02
  7.91016E-01  7.20028E-02
  7.94922E-01  7.09858E-02
  7.98828E-01  6.99829E-02
  8.02734E-01  6.90033E-02
  8.06641E-01  6.80416E-02
  8.10547E-01  6.70967E-02
  8.14453E-01  6.61645E-02
  8.18359E-01  6.52528E-02
  8.22266E-01  6.43445E-02
  8.26172E-01  6.34534E-02
  8.30078E-01  6.25899E-02
  8.33984E-01  6.17364E-02
  8.37891E-01  6.08979E-02
  8.41797E-01  6.00755E-02
  8.45703E-01  5.92703E-02
  8.49609E-01  5.84822E-02
  8.53516E-01  5.77045E-02
  8.57422E-01  5.69420E-02
  8.61328E-01  5.61922E-02
  8.65234E-01  5.54552E-02
  8.69141E-01  5.47274E-02
  8.73047E-01  5.40163E-02
  8.76953E-01  5.33128E-02
  8.80859E-01  5.26173E-02
  8.84766E-01  5.19344E-02
  8.88672E-01  5.12662E-02
  8.92578E-01  5.06092E-02
  8.96484E-01  4.99621E-02
  9.00391E-01  4.93225E-02
  9.04297E-01  4.86890E-02
  9.08203E-01  4.80691E-02
  9.12109E-01  4.74604E-02
  9.16016E-01  4.68558E-02
  9.19922E-01  4.62623E-02
  9.23828E-01  4.56778E-02
  9.27734E-01  4.50981E-02
  9.31641E-01  4.45341E-02
  9.35547E-01  4.39708E-02
  9.39453E-01  4.34227E-02
  9.43359E-01  4.28746E-02
  9.47266E-01  4.23399E-02
  9.51172E-01  4.18058E-02
  9.55078E-01  4.12727E-02
  9.58984E-01  4.07444E-02
  9.62891E-01  4.02187E-02
  9.66797E-01  3.96905E-02
  9.70703E-01  3.91501E-02
  9.74609E-01  3.86216E-02
  9.78516E-01  3.80771E-02
  9.82422E-01  3.75168E-02
  9.86328E-01  3.69471E-02
  9.90234E-01  3.63543E-02
  9.94141E-01  3.57413E-02
  9.98047E-01  3.53549E-02
  1.00195E+00  3.53549E-02
