 -1.95312E-03  2.95281E+00
  1.95312E-03  2.95350E+00
  5.85938E-03  2.94937E+00
  9.76562E-03  2.94589E+00
  1.36719E-02  2.94246E+00
  1.75781E-02  2.93901E+00
  2.14844E-02  2.93551E+00
  2.53906E-02  2.93195E+00
  2.92969E-02  2.92832E+00
  3.32031E-02  2.92464E+00
  3.71094E-02  2.92088E+00
  4.10156E-02  2.91706E+00
  4.49219E-02  2.91318E+00
  4.88281E-02  2.90922E+00
  5.27344E-02  2.90520E+00
  5.66406E-02  2.90112E+00
  6.05469E-02  2.89697E+00
  6.44531E-02  2.89275E+00
  6.83594E-02  2.88846E+00
  7.22656E-02  2.88411E+00
  7.61719E-02  2.87969E+00
  8.00781E-02  2.87521E+00
  8.39844E-02  2.87066E+00
  8.78906E-02  2.86604E+00
  9.17969E-02  2.86136E+00
  9.57031E-02  2.85661E+00
  9.96094E-02  2.85180E+00
  1.03516E-01  2.84692E+00
  1.07422E-01  2.84198E+00
  1.11328E-01  2.83697E+00
  1.15234E-01  2.83189E+00
  1.19141E-01  2.82675E+00
  1.23047E-01  2.82155E+00
  1.26953E-01  2.81627E+00
  1.30859E-01  2.81093E+00
  1.34766E-01  2.80553E+00
  1.38672E-01  2.80006E+00
  1.42578E-01  2.79452E+00
  1.46484E-01  2.78892E+00
  1.50391E-01  2.78326E+00
  1.54297E-01  2.77752E+00
  1.58203E-01  2.77173E+00
  1.62109E-01  2.76586E+00
  1.66016E-01  2.75993E+00
  1.69922E-01  2.75394E+00
  1.73828E-01  2.74787E+00
  1.77734E-01  2.74175E+00
  1.81641E-01  2.73555E+00
  1.85547E-01  2.72929E+00
  1.89453E-01  2.72297E+00
  1.93359E-01  2.71658E+00
  1.97266E-01  2.71012E+00
  2.01172E-01  2.70359E+00
  2.05078E-01  2.69700E+00
  2.08984E-01  2.69034E+00
  2.12891E-01  2.68361E+00
  2.16797E-01  2.67682E+00
  2.20703E-01  2.66996E+00
  2.24609E-01  2.66303E+00
  2.28516E-01  2.65603E+00
  2.32422E-01  2.64897E+00
  2.36328E-01  2.64184E+00
  2.40234E-01  2.63464E+00
  2.44141E-01  2.62737E+00
  2.48047E-01  2.62003E+00
  2.51953E-01  2.61263E+00
  2.55859E-01  2.60516E+00
  2.59766E-01  2.59762E+00
  2.63672E-01  2.59001E+00
  2.67578E-01  2.58232E+00
  2.71484E-01  2.57457E+00
  2.75391E-01  2.56675E+00
  2.79297E-01  2.55886E+00
  2.83203E-01  2.55089E+00
  2.87109E-01  2.54286E+00
  2.91016E-01  2.53475E+00
  2.94922E-01  2.52657E+00
  2.98828E-01  2.51832E+00
  3.02734E-01  2.51000E+00
  3.06641E-01  2.50160E+00
  3.10547E-01  2.49313E+00
  3.14453E-01  2.48459E+00
  3.18359E-01  2.47597E+00
  3.22266E-01  2.46728E+00
  3.26172E-01  2.45850E+00
  3.30078E-01  2.44966E+00
  3.33984E-01  2.44074E+00
  3.37891E-01  2.43174E+00
  3.41797E-01  2.42266E+00
  3.45703E-01  2.41351E+00
  3.49609E-01  2.40427E+00
  3.53516E-01  2.39495E+00
  3.57422E-01  2.38556E+00
  3.61328E-01  2.37608E+00
  3.65234E-01  2.36652E+00
  3.69141E-01  2.35688E+00
  3.73047E-01  2.34716E+00
  3.76953E-01  2.33736E+00
  3.80859E-01  2.32747E+00
  3.84766E-01  2.31750E+00
  3.88672E-01  2.30744E+00
  3.92578E-01  2.29730E+00
  3.96484E-01  2.28706E+00
  4.00391E-01  2.27674E+00
  4.04297E-01  2.26632E+00
  4.08203E-01  2.25582E+00
  4.12109E-01  2.24522E+00
  4.16016E-01  2.23454E+00
  4.19922E-01  2.22376E+00
  4.23828E-01  2.21288E+00
  4.27734E-01  2.20191E+00
  4.31641E-01  2.19085E+00
  4.35547E-01  2.17968E+00
  4.39453E-01  2.16842E+00
  4.43359E-01  2.15706E+00
  4.47266E-01  2.14559E+00
  4.51172E-01  2.13402E+00
  4.55078E-01  2.12234E+00
  4.58984E-01  2.11055E+00
  4.62891E-01  2.09866E+00
  4.66797E-01  2.08665E+00
  4.70703E-01  2.07453E+00
  4.74609E-01  2.06230E+00
  4.78516E-01  2.04995E+00
  4.82422E-01  2.03749E+00
  4.86328E-01  2.02490E+00
  4.90234E-01  2.01219E+00
  4.94141E-01  1.99935E+00
  4.98047E-01  1.98639E+00
  5.01953E-01  1.97329E+00
  5.05859E-01  1.96006E+00
  5.09766E-01  1.94670E+00
  5.13672E-01  1.93319E+00
  5.17578E-01  1.91955E+00
  5.21484E-01  1.90575E+00
  5.25391E-01  1.89181E+00
  5.29297E-01  1.87772E+00
  5.33203E-01  1.86346E+00
  5.37109E-01  1.84905E+00
  5.41016E-01  1.83447E+00
  5.44922E-01  1.81972E+00
  5.48828E-01  1.80479E+00
  5.52734E-01  1.78969E+00
  5.56641E-01  1.77440E+00
  5.60547E-01  1.75891E+00
  5.64453E-01  1.74323E+00
  5.68359E-01  1.72734E+00
  5.72266E-01  1.71124E+00
  5.76172E-01  1.69493E+00
  5.80078E-01  1.67839E+00
  5.83984E-01  1.66161E+00
  5.87891E-01  1.64459E+00
  5.91797E-01  1.62731E+00
  5.95703E-01  1.60977E+00
  5.99609E-01  1.59195E+00
  6.03516E-01  1.57384E+00
  6.07422E-01  1.55542E+00
  6.11328E-01  1.53669E+00
  6.15234E-01  1.51762E+00
  6.19141E-01  1.49820E+00
  6.23047E-01  1.47840E+00
  6.26953E-01  1.45820E+00
  6.30859E-01  1.43758E+00
  6.34766E-01  1.41652E+00
  6.38672E-01  1.39497E+00
  6.42578E-01  1.37291E+00
  6.46484E-01  1.35031E+00
  6.50391E-01  1.32712E+00
  6.54297E-01  1.30329E+00
  6.58203E-01  1.27876E+00
  6.62109E-01  1.25346E+00
  6.66016E-01  1.22734E+00
  6.69922E-01  1.20028E+00
  6.73828E-01  1.17219E+00
  6.77734E-01  1.14293E+00
  6.81641E-01  1.11234E+00
  6.85547E-01  1.08021E+00
  6.89453E-01  1.04628E+00
  6.93359E-01  1.01013E+00
  6.97266E-01  9.70766E-01
  7.01172E-01  9.21804E-01
  7.05078E-01  8.17619E-01
  7.08984E-01  8.00960E-02
  7.12891E-01  7.38037E-02
  7.16797E-01  7.29021E-02
  7.20703E-01  7.17535E-02
  7.24609E-01  7.06284E-02
  7.28516E-01  6.95059E-02
  7.32422E-01  6.84250E-02
  7.36328E-01  6.73603E-02
  7.40234E-01  6.63384E-02
  7.44141E-01  6.53221E-02
  7.48047E-01  6.43364E-02
  7.51953E-01  6.33606E-02
  7.55859E-01  6.24161E-02
  7.59766E-01  6.14849E-02
  7.63672E-01  6.05794E-02
  7.67578E-01  5.96787E-02
  7.71484E-01  5.87992E-02
  7.75391E-01  5.79276E-02
  7.79297E-01  5.70850E-02
  7.83203E-01  5.62443E-02
  7.87109E-01  5.54294E-02
  7.91016E-01  5.46229E-02
  7.94922E-01  5.38402E-02
  7.98828E-01  5.30748E-02
  8.02734E-01  5.23141E-02
  8.06641E-01  5.15753E-02
  8.10547E-01  5.08531E-02
  8.14453E-01  5.01441E-02
  8.18359E-01  4.94484E-02
  8.22266E-01  4.87626E-02
  8.26172E-01  4.80864E-02
  8.30078E-01  4.74237E-02
  8.33984E-01  4.67714E-02
  8.37891E-01  4.61264E-02
  8.41797E-01  4.55021E-02
  8.45703E-01  4.48818E-02
  8.49609E-01  4.42737E-02
  8.53516E-01  4.36771E-02
  8.57422E-01  4.30884E-02
  8.61328E-01  4.25172E-02
  8.65234E-01  4.19523E-02
  8.69141E-01  4.13920E-02
  8.73047E-01  4.08434E-02
  8.76953E-01  4.03062E-02
  8.80859E-01  3.97752E-02
  8.84766E-01  3.92448E-02
  8.88672E-01  3.87402E-02
  8.92578E-01  3.82373E-02
  8.96484E-01  3.77326E-02
  9.00391E-01  3.72430E-02
  9.04297E-01  3.67675E-02
  9.08203E-01  3.62945E-02
  9.12109E-01  3.58273E-02
  9.16016E-01  3.53691E-02
  9.19922E-01  3.49184E-02
  9.23828E-01  3.44718E-02
  9.27734E-01  3.40312E-02
  9.31641E-01  3.35950E-02
  9.35547E-01  3.31661E-02
  9.39453E-01  3.27420E-02
  9.43359E-01  3.23310E-02
  9.47266E-01  3.19254E-02
  9.51172E-01  3.15159E-02
  9.55078E-01  3.11022E-02
  9.58984E-01  3.06909E-02
  9.62891E-01  3.02840E-02
  9.66797E-01  2.98779E-02
  9.70703E-01  2.94707E-02
  9.74609E-01  2.90624E-02
  9.78516E-01  2.86470E-02
  9.82422E-01  2.82211E-02
  9.86328E-01  2.77988E-02
  9.90234E-01  2.73715E-02
  9.94141E-01  2.69486E-02
  9.98047E-01  2.67428E-02
  1.00195E+00  2.67428E-02
