 -1.95312E-03  2.93364E+00
  1.95312E-03  2.93420E+00
  5.85938E-03  2.93007E+00
  9.76562E-03  2.92658E+00
  1.36719E-02  2.92315E+00
  1.75781E-02  2.91970E+00
  2.14844E-02  2.91619E+00
  2.53906E-02  2.91263E+00
  2.92969E-02  2.90900E+00
  3.32031E-02  2.90531E+00
  3.71094E-02  2.90155E+00
  4.10156E-02  2.89772E+00
  4.49219E-02  2.89383E+00
  4.88281E-02  2.88987E+00
  5.27344E-02  2.88584E+00
  5.66406E-02  2.88175E+00
  6.05469E-02  2.87758E+00
  6.44531E-02  2.87335E+00
  6.83594E-02  2.86906E+00
  7.22656E-02  2.86469E+00
  7.61719E-02  2.86026E+00
  8.00781E-02  2.85576E+00
  8.39844E-02  2.85120E+00
  8.78906E-02  2.84657E+00
  9.17969E-02  2.84187E+00
  9.57031E-02  2.83711E+00
  9.96094E-02  2.83227E+00
  1.03516E-01  2.82738E+00
  1.07422E-01  2.82241E+00
  1.11328E-01  2.81738E+00
  1.15234E-01  2.81228E+00
  1.19141E-01  2.80712E+00
  1.23047E-01  2.80189E+00
  1.26953E-01  2.79660E+00
  1.30859E-01  2.79123E+00
  1.34766E-01  2.78580E+00
  1.38672E-01  2.78031E+00
  1.42578E-01  2.77475E+00
  1.46484E-01  2.76912E+00
  1.50391E-01  2.76342E+00
  1.54297E-01  2.75766E+00
  1.58203E-01  2.75183E+00
  1.62109E-01  2.74594E+00
  1.66016E-01  2.73998E+00
  1.69922E-01  2.73395E+00
  1.73828E-01  2.72786E+00
  1.77734E-01  2.72170E+00
  1.81641E-01  2.71547E+00
  1.85547E-01  2.70918E+00
  1.89453E-01  2.70282E+00
  1.93359E-01  2.69639E+00
  1.97266E-01  2.68990E+00
  2.01172E-01  2.68334E+00
  2.05078E-01  2.67671E+00
  2.08984E-01  2.67002E+00
  2.12891E-01  2.66325E+00
  2.16797E-01  2.65642E+00
  2.20703E-01  2.64952E+00
  2.24609E-01  2.64256E+00
  2.28516E-01  2.63552E+00
  2.32422E-01  2.62842E+00
  2.36328E-01  2.62125E+00
  2.40234E-01  2.61401E+00
  2.44141E-01  2.60670E+00
  2.48047E-01  2.59932E+00
  2.51953E-01  2.59187E+00
  2.55859E-01  2.58435E+00
  2.59766E-01  2.57676E+00
  2.63672E-01  2.56910E+00
  2.67578E-01  2.56137E+00
  2.71484E-01  2.55357E+00
  2.75391E-01  2.54570E+00
  2.79297E-01  2.53775E+00
  2.83203E-01  2.52974E+00
  2.87109E-01  2.52165E+00
  2.91016E-01  2.51349E+00
  2.94922E-01  2.50525E+00
  2.98828E-01  2.49694E+00
  3.02734E-01  2.48856E+00
  3.06641E-01  2.48011E+00
  3.10547E-01  2.47157E+00
  3.14453E-01  2.46297E+00
  3.18359E-01  2.45429E+00
  3.22266E-01  2.44553E+00
  3.26172E-01  2.43670E+00
  3.30078E-01  2.42778E+00
  3.33984E-01  2.41880E+00
  3.37891E-01  2.40973E+00
  3.41797E-01  2.40058E+00
  3.45703E-01  2.39136E+00
  3.49609E-01  2.38205E+00
  3.53516E-01  2.37267E+00
  3.57422E-01  2.36320E+00
  3.61328E-01  2.35365E+00
  3.65234E-01  2.34402E+00
  3.69141E-01  2.33430E+00
  3.73047E-01  2.32450E+00
  3.76953E-01  2.31462E+00
  3.80859E-01  2.30465E+00
  3.84766E-01  2.29459E+00
  3.88672E-01  2.28445E+00
  3.92578E-01  2.27421E+00
  3.96484E-01  2.26389E+00
  4.00391E-01  2.25348E+00
  4.04297E-01  2.24297E+00
  4.08203E-01  2.23238E+00
  4.12109E-01  2.22169E+00
  4.16016E-01  2.21091E+00
  4.19922E-01  2.20004E+00
  4.23828E-01  2.18907E+00
  4.27734E-01  2.17800E+00
  4.31641E-01  2.16683E+00
  4.35547E-01  2.15556E+00
  4.39453E-01  2.14419E+00
  4.43359E-01  2.13271E+00
  4.47266E-01  2.12113E+00
  4.51172E-01  2.10945E+00
  4.55078E-01  2.09765E+00
  4.58984E-01  2.08575E+00
  4.62891E-01  2.07373E+00
  4.66797E-01  2.06160E+00
  4.70703E-01  2.04935E+00
  4.74609E-01  2.03699E+00
  4.78516E-01  2.02450E+00
  4.82422E-01  2.01189E+00
  4.86328E-01  1.99916E+00
  4.90234E-01  1.98630E+00
  4.94141E-01  1.97331E+00
  4.98047E-01  1.96019E+00
  5.01953E-01  1.94694E+00
  5.05859E-01  1.93355E+00
  5.09766E-01  1.92002E+00
  5.13672E-01  1.90634E+00
  5.17578E-01  1.89252E+00
  5.21484E-01  1.87855E+00
  5.25391E-01  1.86442E+00
  5.29297E-01  1.85014E+00
  5.33203E-01  1.83570E+00
  5.37109E-01  1.82109E+00
  5.41016E-01  1.80631E+00
  5.44922E-01  1.79135E+00
  5.48828E-01  1.77622E+00
  5.52734E-01  1.76089E+00
  5.56641E-01  1.74538E+00
  5.60547E-01  1.72966E+00
  5.64453E-01  1.71375E+00
  5.68359E-01  1.69762E+00
  5.72266E-01  1.68128E+00
  5.76172E-01  1.66470E+00
  5.80078E-01  1.64790E+00
  5.83984E-01  1.63084E+00
  5.87891E-01  1.61354E+00
  5.91797E-01  1.59597E+00
  5.95703E-01  1.57812E+00
  5.99609E-01  1.55998E+00
  6.03516E-01  1.54154E+00
  6.07422E-01  1.52279E+00
  6.11328E-01  1.50369E+00
  6.15234E-01  1.48425E+00
  6.19141E-01  1.46444E+00
  6.23047E-01  1.44423E+00
  6.26953E-01  1.42361E+00
  6.30859E-01  1.40255E+00
  6.34766E-01  1.38102E+00
  6.38672E-01  1.35899E+00
  6.42578E-01  1.33642E+00
  6.46484E-01  1.31328E+00
  6.50391E-01  1.28951E+00
  6.54297E-01  1.26507E+00
  6.58203E-01  1.23989E+00
  6.62109E-01  1.21389E+00
  6.66016E-01  1.18701E+00
  6.69922E-01  1.15913E+00
  6.73828E-01  1.13012E+00
  6.77734E-01  1.09984E+00
  6.81641E-01  1.06810E+00
  6.85547E-01  1.03465E+00
  6.89453E-01  9.99174E-01
  6.93359E-01  9.61143E-01
  6.97266E-01  9.19031E-01
  7.01172E-01  8.63689E-01
  7.05078E-01  7.44290E-01
  7.08984E-01  1.46609E-01
  7.12891E-01  1.23081E-01
  7.16797E-01  1.20961E-01
  7.20703E-01  1.19226E-01
  7.24609E-01  1.17384E-01
  7.28516E-01  1.15597E-01
  7.32422E-01  1.13839E-01
  7.36328E-01  1.12124E-01
  7.40234E-01  1.10442E-01
  7.44141E-01  1.08784E-01
  7.48047E-01  1.07166E-01
  7.51953E-01  1.05575E-01
  7.55859E-01  1.04022E-01
  7.59766E-01  1.02496E-01
  7.63672E-01  1.01004E-01
  7.67578E-01  9.95360E-02
  7.71484E-01  9.81028E-02
  7.75391E-01  9.66877E-02
  7.79297E-01  9.53112E-02
  7.83203E-01  9.39547E-02
  7.87109E-01  9.26156E-02
  7.91016E-01  9.12999E-02
  7.94922E-01  9.00131E-02
  7.98828E-01  8.87593E-02
  8.02734E-01  8.75386E-02
  8.06641E-01  8.63342E-02
  8.10547E-01  8.51459E-02
  8.14453E-01  8.39730E-02
  8.18359E-01  8.28158E-02
  8.22266E-01  8.16805E-02
  8.26172E-01  8.05690E-02
  8.30078E-01  7.94805E-02
  8.33984E-01  7.84156E-02
  8.37891E-01  7.73741E-02
  8.41797E-01  7.63496E-02
  8.45703E-01  7.53409E-02
  8.49609E-01  7.43437E-02
  8.53516E-01  7.33666E-02
  8.57422E-01  7.24004E-02
  8.61328E-01  7.14468E-02
  8.65234E-01  7.05127E-02
  8.69141E-01  6.95966E-02
  8.73047E-01  6.86983E-02
  8.76953E-01  6.78141E-02
  8.80859E-01  6.69487E-02
  8.84766E-01  6.60966E-02
  8.88672E-01  6.52596E-02
  8.92578E-01  6.44375E-02
  8.96484E-01  6.36223E-02
  9.00391E-01  6.28228E-02
  9.04297E-01  6.20268E-02
  9.08203E-01  6.12489E-02
  9.12109E-01  6.04820E-02
  9.16016E-01  5.97255E-02
  9.19922E-01  5.89790E-02
  9.23828E-01  5.82458E-02
  9.27734E-01  5.75231E-02
  9.31641E-01  5.68072E-02
  9.35547E-01  5.61036E-02
  9.39453E-01  5.54084E-02
  9.43359E-01  5.47216E-02
  9.47266E-01  5.40460E-02
  9.51172E-01  5.33757E-02
  9.55078E-01  5.27094E-02
  9.58984E-01  5.20501E-02
  9.62891E-01  5.13945E-02
  9.66797E-01  5.07373E-02
  9.70703E-01  5.00740E-02
  9.74609E-01  4.94018E-02
  9.78516E-01  4.87160E-02
  9.82422E-01  4.80139E-02
  9.86328E-01  4.72856E-02
  9.90234E-01  4.65204E-02
  9.94141E-01  4.57108E-02
  9.98047E-01  4.51197E-02
  1.00195E+00  4.51197E-02
