 -1.95312E-03  2.87992E+00
  1.95312E-03  2.88131E+00
  5.85938E-03  2.87711E+00
  9.76562E-03  2.87362E+00
  1.36719E-02  2.87019E+00
  1.75781E-02  2.86673E+00
  2.14844E-02  2.86321E+00
  2.53906E-02  2.85964E+00
  2.92969E-02  2.85599E+00
  3.32031E-02  2.85228E+00
  3.71094E-02  2.84850E+00
  4.10156E-02  2.84466E+00
  4.49219E-02  2.84074E+00
  4.88281E-02  2.83676E+00
  5.27344E-02  2.83270E+00
  5.66406E-02  2.82858E+00
  6.05469E-02  2.82439E+00
  6.44531E-02  2.82013E+00
  6.83594E-02  2.81580E+00
  7.22656E-02  2.81141E+00
  7.61719E-02  2.80694E+00
  8.00781E-02  2.80240E+00
  8.39844E-02  2.79780E+00
  8.78906E-02  2.79313E+00
  9.17969E-02  2.78839E+00
  9.57031E-02  2.78358E+00
  9.96094E-02  2.77870E+00
  1.03516E-01  2.77376E+00
  1.07422E-01  2.76874E+00
  1.11328E-01  2.76366E+00
  1.15234E-01  2.75851E+00
  1.19141E-01  2.75329E+00
  1.23047E-01  2.74801E+00
  1.26953E-01  2.74265E+00
  1.30859E-01  2.73723E+00
  1.34766E-01  2.73174E+00
  1.38672E-01  2.72618E+00
  1.42578E-01  2.72055E+00
  1.46484E-01  2.71485E+00
  1.50391E-01  2.70909E+00
  1.54297E-01  2.70326E+00
  1.58203E-01  2.69735E+00
  1.62109E-01  2.69138E+00
  1.66016E-01  2.68534E+00
  1.69922E-01  2.67924E+00
  1.73828E-01  2.67306E+00
  1.77734E-01  2.66682E+00
  1.81641E-01  2.66050E+00
  1.85547E-01  2.65412E+00
  1.89453E-01  2.64767E+00
  1.93359E-01  2.64115E+00
  1.97266E-01  2.63456E+00
  2.01172E-01  2.62790E+00
  2.05078E-01  2.62117E+00
  2.08984E-01  2.61438E+00
  2.12891E-01  2.60751E+00
  2.16797E-01  2.60057E+00
  2.20703E-01  2.59356E+00
  2.24609E-01  2.58648E+00
  2.28516E-01  2.57933E+00
  2.32422E-01  2.57211E+00
  2.36328E-01  2.56482E+00
  2.40234E-01  2.55745E+00
  2.44141E-01  2.55002E+00
  2.48047E-01  2.54251E+00
  2.51953E-01  2.53493E+00
  2.55859E-01  2.52728E+00
  2.59766E-01  2.51956E+00
  2.63672E-01  2.51176E+00
  2.67578E-01  2.50389E+00
  2.71484E-01  2.49594E+00
  2.75391E-01  2.48792E+00
  2.79297E-01  2.47982E+00
  2.83203E-01  2.47166E+00
  2.87109E-01  2.46341E+00
  2.91016E-01  2.45509E+00
  2.94922E-01  2.44669E+00
  2.98828E-01  2.43822E+00
  3.02734E-01  2.42967E+00
  3.06641E-01  2.42104E+00
  3.10547E-01  2.41234E+00
  3.14453E-01  2.40355E+00
  3.18359E-01  2.39469E+00
  3.22266E-01  2.38575E+00
  3.26172E-01  2.37673E+00
  3.30078E-01  2.36763E+00
  3.33984E-01  2.35845E+00
  3.37891E-01  2.34918E+00
  3.41797E-01  2.33983E+00
  3.45703E-01  2.33040E+00
  3.49609E-01  2.32089E+00
  3.53516E-01  2.31129E+00
  3.57422E-01  2.30161E+00
  3.61328E-01  2.29184E+00
  3.65234E-01  2.28199E+00
  3.69141E-01  2.27205E+00
  3.73047E-01  2.26201E+00
  3.76953E-01  2.25189E+00
  3.80859E-01  2.24168E+00
  3.84766E-01  2.23138E+00
  3.88672E-01  2.22099E+00
  3.92578E-01  2.21051E+00
  3.96484E-01  2.19993E+00
  4.00391E-01  2.18925E+00
  4.04297E-01  2.17848E+00
  4.08203E-01  2.16762E+00
  4.12109E-01  2.15665E+00
  4.16016E-01  2.14559E+00
  4.19922E-01  2.13442E+00
  4.23828E-01  2.12316E+00
  4.27734E-01  2.11178E+00
  4.31641E-01  2.10031E+00
  4.35547E-01  2.08873E+00
  4.39453E-01  2.07704E+00
  4.43359E-01  2.06524E+00
  4.47266E-01  2.05333E+00
  4.51172E-01  2.04131E+00
  4.55078E-01  2.02918E+00
  4.58984E-01  2.01692E+00
  4.62891E-01  2.00455E+00
  4.66797E-01  1.99206E+00
  4.70703E-01  1.97944E+00
  4.74609E-01  1.96670E+00
  4.78516E-01  1.95383E+00
  4.82422E-01  1.94083E+00
  4.86328E-01  1.92770E+00
  4.90234E-01  1.91443E+00
  4.94141E-01  1.90102E+00
  4.98047E-01  1.88748E+00
  5.01953E-01  1.87379E+00
  5.05859E-01  1.85995E+00
  5.09766E-01  1.84596E+00
  5.13672E-01  1.83182E+00
  5.17578E-01  1.81753E+00
  5.21484E-01  1.80307E+00
  5.25391E-01  1.78845E+00
  5.29297E-01  1.77366E+00
  5.33203E-01  1.75870E+00
  5.37109E-01  1.74355E+00
  5.41016E-01  1.72823E+00
  5.44922E-01  1.71272E+00
  5.48828E-01  1.69701E+00
  5.52734E-01  1.68111E+00
  5.56641E-01  1.66499E+00
  5.60547E-01  1.64867E+00
  5.64453E-01  1.63212E+00
  5.68359E-01  1.61535E+00
  5.72266E-01  1.59833E+00
  5.76172E-01  1.58107E+00
  5.80078E-01  1.56356E+00
  5.83984E-01  1.54578E+00
  5.87891E-01  1.52772E+00
  5.91797E-01  1.50938E+00
  5.95703E-01  1.49073E+00
  5.99609E-01  1.47178E+00
  6.03516E-01  1.45248E+00
  6.07422E-01  1.43284E+00
  6.11328E-01  1.41284E+00
  6.15234E-01  1.39244E+00
  6.19141E-01  1.37164E+00
  6.23047E-01  1.35042E+00
  6.26953E-01  1.32874E+00
  6.30859E-01  1.30657E+00
  6.34766E-01  1.28388E+00
  6.38672E-01  1.26064E+00
  6.42578E-01  1.23680E+00
  6.46484E-01  1.21232E+00
  6.50391E-01  1.18714E+00
  6.54297E-01  1.16120E+00
  6.58203E-01  1.13443E+00
  6.62109E-01  1.10674E+00
  6.66016E-01  1.07803E+00
  6.69922E-01  1.04818E+00
  6.73828E-01  1.01705E+00
  6.77734E-01  9.84421E-01
  6.81641E-01  9.50083E-01
  6.85547E-01  9.13723E-01
  6.89453E-01  8.74896E-01
  6.93359E-01  8.32819E-01
  6.97266E-01  7.85333E-01
  7.01172E-01  7.23879E-01
  7.05078E-01  6.22514E-01
  7.08984E-01  4.72378E-01
  7.12891E-01  3.01674E-01
  7.16797E-01  2.49788E-01
  7.20703E-01  2.35926E-01
  7.24609E-01  2.30899E-01
  7.28516E-01  2.27586E-01
  7.32422E-01  2.24205E-01
  7.36328E-01  2.20891E-01
  7.40234E-01  2.17645E-01
  7.44141E-01  2.14464E-01
  7.48047E-01  2.11352E-01
  7.51953E-01  2.08303E-01
  7.55859E-01  2.05315E-01
  7.59766E-01  2.02385E-01
  7.63672E-01  1.99513E-01
  7.67578E-01  1.96701E-01
  7.71484E-01  1.93947E-01
  7.75391E-01  1.91254E-01
  7.79297E-01  1.88633E-01
  7.83203E-01  1.86117E-01
  7.87109E-01  1.83649E-01
  7.91016E-01  1.81219E-01
  7.94922E-01  1.78823E-01
  7.98828E-01  1.76465E-01
  8.02734E-01  1.74151E-01
  8.06641E-01  1.71876E-01
  8.10547E-01  1.69638E-01
  8.14453E-01  1.67437E-01
  8.18359E-01  1.65272E-01
  8.22266E-01  1.63147E-01
  8.26172E-01  1.61055E-01
  8.30078E-01  1.58997E-01
  8.33984E-01  1.56973E-01
  8.37891E-01  1.54988E-01
  8.41797E-01  1.53033E-01
  8.45703E-01  1.51108E-01
  8.49609E-01  1.49218E-01
  8.53516E-01  1.47360E-01
  8.57422E-01  1.45529E-01
  8.61328E-01  1.43729E-01
  8.65234E-01  1.41962E-01
  8.69141E-01  1.40217E-01
  8.73047E-01  1.38504E-01
  8.76953E-01  1.36818E-01
  8.80859E-01  1.35155E-01
  8.84766E-01  1.33526E-01
  8.88672E-01  1.31916E-01
  8.92578E-01  1.30332E-01
  8.96484E-01  1.28775E-01
  9.00391E-01  1.27236E-01
  9.04297E-01  1.25728E-01
  9.08203E-01  1.24237E-01
  9.12109E-01  1.22770E-01
  9.16016E-01  1.21323E-01
  9.19922E-01  1.19896E-01
  9.23828E-01  1.18489E-01
  9.27734E-01  1.17102E-01
  9.31641E-01  1.15736E-01
  9.35547E-01  1.14390E-01
  9.39453E-01  1.13059E-01
  9.43359E-01  1.11743E-01
  9.47266E-01  1.10443E-01
  9.51172E-01  1.09158E-01
  9.55078E-01  1.07885E-01
  9.58984E-01  1.06627E-01
  9.62891E-01  1.05378E-01
  9.66797E-01  1.04135E-01
  9.70703E-01  1.02889E-01
  9.74609E-01  1.01639E-01
  9.78516E-01  1.00372E-01
  9.82422E-01  9.90721E-02
  9.86328E-01  9.77084E-02
  9.90234E-01  9.62440E-02
  9.94141E-01  9.46413E-02
  9.98047E-01  9.30119E-02
  1.00195E+00  9.30120E-02
