 -1.95312E-03  2.93159E+00
  1.95312E-03  2.93220E+00
  5.85938E-03  2.92808E+00
  9.76562E-03  2.92459E+00
  1.36719E-02  2.92116E+00
  1.75781E-02  2.91771E+00
  2.14844E-02  2.91420E+00
  2.53906E-02  2.91063E+00
  2.92969E-02  2.90700E+00
  3.32031E-02  2.90331E+00
  3.71094E-02  2.89955E+00
  4.10156E-02  2.89572E+00
  4.49219E-02  2.89183E+00
  4.88281E-02  2.88787E+00
  5.27344E-02  2.88384E+00
  5.66406E-02  2.87974E+00
  6.05469E-02  2.87558E+00
  6.44531E-02  2.87135E+00
  6.83594E-02  2.86705E+00
  7.22656E-02  2.86268E+00
  7.61719E-02  2.85825E+00
  8.00781E-02  2.85375E+00
  8.39844E-02  2.84918E+00
  8.78906E-02  2.84455E+00
  9.17969E-02  2.83985E+00
  9.57031E-02  2.83508E+00
  9.96094E-02  2.83025E+00
  1.03516E-01  2.82535E+00
  1.07422E-01  2.82038E+00
  1.11328E-01  2.81535E+00
  1.15234E-01  2.81025E+00
  1.19141E-01  2.80508E+00
  1.23047E-01  2.79985E+00
  1.26953E-01  2.79455E+00
  1.30859E-01  2.78918E+00
  1.34766E-01  2.78375E+00
  1.38672E-01  2.77825E+00
  1.42578E-01  2.77269E+00
  1.46484E-01  2.76705E+00
  1.50391E-01  2.76135E+00
  1.54297E-01  2.75559E+00
  1.58203E-01  2.74976E+00
  1.62109E-01  2.74386E+00
  1.66016E-01  2.73790E+00
  1.69922E-01  2.73186E+00
  1.73828E-01  2.72577E+00
  1.77734E-01  2.71960E+00
  1.81641E-01  2.71337E+00
  1.85547E-01  2.70708E+00
  1.89453E-01  2.70071E+00
  1.93359E-01  2.69428E+00
  1.97266E-01  2.68778E+00
  2.01172E-01  2.68121E+00
  2.05078E-01  2.67458E+00
  2.08984E-01  2.66788E+00
  2.12891E-01  2.66111E+00
  2.16797E-01  2.65427E+00
  2.20703E-01  2.64737E+00
  2.24609E-01  2.64040E+00
  2.28516E-01  2.63336E+00
  2.32422E-01  2.62625E+00
  2.36328E-01  2.61907E+00
  2.40234E-01  2.61182E+00
  2.44141E-01  2.60451E+00
  2.48047E-01  2.59712E+00
  2.51953E-01  2.58967E+00
  2.55859E-01  2.58215E+00
  2.59766E-01  2.57455E+00
  2.63672E-01  2.56689E+00
  2.67578E-01  2.55916E+00
  2.71484E-01  2.55135E+00
  2.75391E-01  2.54347E+00
  2.79297E-01  2.53553E+00
  2.83203E-01  2.52751E+00
  2.87109E-01  2.51941E+00
  2.91016E-01  2.51125E+00
  2.94922E-01  2.50301E+00
  2.98828E-01  2.49470E+00
  3.02734E-01  2.48631E+00
  3.06641E-01  2.47785E+00
  3.10547E-01  2.46931E+00
  3.14453E-01  2.46070E+00
  3.18359E-01  2.45201E+00
  3.22266E-01  2.44325E+00
  3.26172E-01  2.43441E+00
  3.30078E-01  2.42549E+00
  3.33984E-01  2.41649E+00
  3.37891E-01  2.40742E+00
  3.41797E-01  2.39827E+00
  3.45703E-01  2.38903E+00
  3.49609E-01  2.37972E+00
  3.53516E-01  2.37033E+00
  3.57422E-01  2.36085E+00
  3.61328E-01  2.35129E+00
  3.65234E-01  2.34165E+00
  3.69141E-01  2.33193E+00
  3.73047E-01  2.32212E+00
  3.76953E-01  2.31223E+00
  3.80859E-01  2.30226E+00
  3.84766E-01  2.29219E+00
  3.88672E-01  2.28204E+00
  3.92578E-01  2.27180E+00
  3.96484E-01  2.26147E+00
  4.00391E-01  2.25105E+00
  4.04297E-01  2.24054E+00
  4.08203E-01  2.22993E+00
  4.12109E-01  2.21924E+00
  4.16016E-01  2.20845E+00
  4.19922E-01  2.19756E+00
  4.23828E-01  2.18658E+00
  4.27734E-01  2.17550E+00
  4.31641E-01  2.16432E+00
  4.35547E-01  2.15304E+00
  4.39453E-01  2.14165E+00
  4.43359E-01  2.13017E+00
  4.47266E-01  2.11858E+00
  4.51172E-01  2.10688E+00
  4.55078E-01  2.09507E+00
  4.58984E-01  2.08316E+00
  4.62891E-01  2.07112E+00
  4.66797E-01  2.05898E+00
  4.70703E-01  2.04672E+00
  4.74609E-01  2.03434E+00
  4.78516E-01  2.02184E+00
  4.82422E-01  2.00921E+00
  4.86328E-01  1.99646E+00
  4.90234E-01  1.98359E+00
  4.94141E-01  1.97058E+00
  4.98047E-01  1.95745E+00
  5.01953E-01  1.94418E+00
  5.05859E-01  1.93077E+00
  5.09766E-01  1.91723E+00
  5.13672E-01  1.90353E+00
  5.17578E-01  1.88970E+00
  5.21484E-01  1.87571E+00
  5.25391E-01  1.86157E+00
  5.29297E-01  1.84726E+00
  5.33203E-01  1.83280E+00
  5.37109E-01  1.81817E+00
  5.41016E-01  1.80337E+00
  5.44922E-01  1.78840E+00
  5.48828E-01  1.77324E+00
  5.52734E-01  1.75789E+00
  5.56641E-01  1.74236E+00
  5.60547E-01  1.72662E+00
  5.64453E-01  1.71068E+00
  5.68359E-01  1.69453E+00
  5.72266E-01  1.67816E+00
  5.76172E-01  1.66157E+00
  5.80078E-01  1.64474E+00
  5.83984E-01  1.62766E+00
  5.87891E-01  1.61033E+00
  5.91797E-01  1.59273E+00
  5.95703E-01  1.57485E+00
  5.99609E-01  1.55669E+00
  6.03516E-01  1.53822E+00
  6.07422E-01  1.51943E+00
  6.11328E-01  1.50030E+00
  6.15234E-01  1.48083E+00
  6.19141E-01  1.46098E+00
  6.23047E-01  1.44073E+00
  6.26953E-01  1.42007E+00
  6.30859E-01  1.39897E+00
  6.34766E-01  1.37740E+00
  6.38672E-01  1.35531E+00
  6.42578E-01  1.33269E+00
  6.46484E-01  1.30949E+00
  6.50391E-01  1.28567E+00
  6.54297E-01  1.26116E+00
  6.58203E-01  1.23591E+00
  6.62109E-01  1.20985E+00
  6.66016E-01  1.18289E+00
  6.69922E-01  1.15493E+00
  6.73828E-01  1.12584E+00
  6.77734E-01  1.09546E+00
  6.81641E-01  1.06361E+00
  6.85547E-01  1.03004E+00
  6.89453E-01  9.94410E-01
  6.93359E-01  9.56192E-01
  6.97266E-01  9.13784E-01
  7.01172E-01  8.57680E-01
  7.05078E-01  7.36519E-01
  7.08984E-01  1.53789E-01
  7.12891E-01  1.27924E-01
  7.16797E-01  1.25569E-01
  7.20703E-01  1.23840E-01
  7.24609E-01  1.21934E-01
  7.28516E-01  1.20077E-01
  7.32422E-01  1.18255E-01
  7.36328E-01  1.16467E-01
  7.40234E-01  1.14729E-01
  7.44141E-01  1.13015E-01
  7.48047E-01  1.11341E-01
  7.51953E-01  1.09689E-01
  7.55859E-01  1.08078E-01
  7.59766E-01  1.06492E-01
  7.63672E-01  1.04945E-01
  7.67578E-01  1.03423E-01
  7.71484E-01  1.01934E-01
  7.75391E-01  1.00472E-01
  7.79297E-01  9.90371E-02
  7.83203E-01  9.76294E-02
  7.87109E-01  9.62524E-02
  7.91016E-01  9.48952E-02
  7.94922E-01  9.35538E-02
  7.98828E-01  9.22395E-02
  8.02734E-01  9.09637E-02
  8.06641E-01  8.97199E-02
  8.10547E-01  8.84937E-02
  8.14453E-01  8.72864E-02
  8.18359E-01  8.60948E-02
  8.22266E-01  8.49176E-02
  8.26172E-01  8.37614E-02
  8.30078E-01  8.26273E-02
  8.33984E-01  8.15172E-02
  8.37891E-01  8.04319E-02
  8.41797E-01  7.93658E-02
  8.45703E-01  7.83215E-02
  8.49609E-01  7.72953E-02
  8.53516E-01  7.62805E-02
  8.57422E-01  7.52814E-02
  8.61328E-01  7.42976E-02
  8.65234E-01  7.33291E-02
  8.69141E-01  7.23715E-02
  8.73047E-01  7.14357E-02
  8.76953E-01  7.05193E-02
  8.80859E-01  6.96206E-02
  8.84766E-01  6.87331E-02
  8.88672E-01  6.78649E-02
  8.92578E-01  6.70073E-02
  8.96484E-01  6.61659E-02
  9.00391E-01  6.53386E-02
  9.04297E-01  6.45154E-02
  9.08203E-01  6.37094E-02
  9.12109E-01  6.29132E-02
  9.16016E-01  6.21279E-02
  9.19922E-01  6.13542E-02
  9.23828E-01  6.05918E-02
  9.27734E-01  5.98407E-02
  9.31641E-01  5.91008E-02
  9.35547E-01  5.83701E-02
  9.39453E-01  5.76487E-02
  9.43359E-01  5.69356E-02
  9.47266E-01  5.62320E-02
  9.51172E-01  5.55366E-02
  9.55078E-01  5.48463E-02
  9.58984E-01  5.41644E-02
  9.62891E-01  5.34825E-02
  9.66797E-01  5.27975E-02
  9.70703E-01  5.21110E-02
  9.74609E-01  5.14196E-02
  9.78516E-01  5.07136E-02
  9.82422E-01  4.99856E-02
  9.86328E-01  4.92280E-02
  9.90234E-01  4.84313E-02
  9.94141E-01  4.75857E-02
  9.98047E-01  4.69579E-02
  1.00195E+00  4.69579E-02
