 -1.95312E-03  2.95805E+00
  1.95312E-03  2.95874E+00
  5.85938E-03  2.95462E+00
  9.76562E-03  2.95113E+00
  1.36719E-02  2.94771E+00
  1.75781E-02  2.94426E+00
  2.14844E-02  2.94076E+00
  2.53906E-02  2.93720E+00
  2.92969E-02  2.93357E+00
  3.32031E-02  2.92988E+00
  3.71094E-02  2.92613E+00
  4.10156E-02  2.92231E+00
  4.49219E-02  2.91843E+00
  4.88281E-02  2.91447E+00
  5.27344E-02  2.91046E+00
  5.66406E-02  2.90637E+00
  6.05469E-02  2.90222E+00
  6.44531E-02  2.89801E+00
  6.83594E-02  2.89372E+00
  7.22656E-02  2.88937E+00
  7.61719E-02  2.88496E+00
  8.00781E-02  2.88048E+00
  8.39844E-02  2.87593E+00
  8.78906E-02  2.87132E+00
  9.17969E-02  2.86664E+00
  9.57031E-02  2.86190E+00
  9.96094E-02  2.85709E+00
  1.03516E-01  2.85221E+00
  1.07422E-01  2.84727E+00
  1.11328E-01  2.84226E+00
  1.15234E-01  2.83719E+00
  1.19141E-01  2.83205E+00
  1.23047E-01  2.82685E+00
  1.26953E-01  2.82159E+00
  1.30859E-01  2.81625E+00
  1.34766E-01  2.81085E+00
  1.38672E-01  2.80539E+00
  1.42578E-01  2.79986E+00
  1.46484E-01  2.79427E+00
  1.50391E-01  2.78861E+00
  1.54297E-01  2.78288E+00
  1.58203E-01  2.77709E+00
  1.62109E-01  2.77123E+00
  1.66016E-01  2.76531E+00
  1.69922E-01  2.75932E+00
  1.73828E-01  2.75327E+00
  1.77734E-01  2.74715E+00
  1.81641E-01  2.74096E+00
  1.85547E-01  2.73471E+00
  1.89453E-01  2.72840E+00
  1.93359E-01  2.72201E+00
  1.97266E-01  2.71556E+00
  2.01172E-01  2.70905E+00
  2.05078E-01  2.70247E+00
  2.08984E-01  2.69582E+00
  2.12891E-01  2.68910E+00
  2.16797E-01  2.68232E+00
  2.20703E-01  2.67547E+00
  2.24609E-01  2.66855E+00
  2.28516E-01  2.66157E+00
  2.32422E-01  2.65452E+00
  2.36328E-01  2.64740E+00
  2.40234E-01  2.64021E+00
  2.44141E-01  2.63296E+00
  2.48047E-01  2.62563E+00
  2.51953E-01  2.61824E+00
  2.55859E-01  2.61078E+00
  2.59766E-01  2.60325E+00
  2.63672E-01  2.59565E+00
  2.67578E-01  2.58798E+00
  2.71484E-01  2.58024E+00
  2.75391E-01  2.57243E+00
  2.79297E-01  2.56455E+00
  2.83203E-01  2.55660E+00
  2.87109E-01  2.54858E+00
  2.91016E-01  2.54049E+00
  2.94922E-01  2.53232E+00
  2.98828E-01  2.52409E+00
  3.02734E-01  2.51578E+00
  3.06641E-01  2.50740E+00
  3.10547E-01  2.49894E+00
  3.14453E-01  2.49041E+00
  3.18359E-01  2.48181E+00
  3.22266E-01  2.47313E+00
  3.26172E-01  2.46438E+00
  3.30078E-01  2.45555E+00
  3.33984E-01  2.44664E+00
  3.37891E-01  2.43766E+00
  3.41797E-01  2.42861E+00
  3.45703E-01  2.41947E+00
  3.49609E-01  2.41025E+00
  3.53516E-01  2.40096E+00
  3.57422E-01  2.39158E+00
  3.61328E-01  2.38213E+00
  3.65234E-01  2.37259E+00
  3.69141E-01  2.36298E+00
  3.73047E-01  2.35328E+00
  3.76953E-01  2.34350E+00
  3.80859E-01  2.33363E+00
  3.84766E-01  2.32368E+00
  3.88672E-01  2.31364E+00
  3.92578E-01  2.30352E+00
  3.96484E-01  2.29331E+00
  4.00391E-01  2.28301E+00
  4.04297E-01  2.27262E+00
  4.08203E-01  2.26214E+00
  4.12109E-01  2.25157E+00
  4.16016E-01  2.24091E+00
  4.19922E-01  2.23016E+00
  4.23828E-01  2.21931E+00
  4.27734E-01  2.20837E+00
  4.31641E-01  2.19733E+00
  4.35547E-01  2.18620E+00
  4.39453E-01  2.17496E+00
  4.43359E-01  2.16363E+00
  4.47266E-01  2.15219E+00
  4.51172E-01  2.14065E+00
  4.55078E-01  2.12901E+00
  4.58984E-01  2.11726E+00
  4.62891E-01  2.10540E+00
  4.66797E-01  2.09343E+00
  4.70703E-01  2.08135E+00
  4.74609E-01  2.06915E+00
  4.78516E-01  2.05684E+00
  4.82422E-01  2.04442E+00
  4.86328E-01  2.03187E+00
  4.90234E-01  2.01920E+00
  4.94141E-01  2.00641E+00
  4.98047E-01  1.99349E+00
  5.01953E-01  1.98044E+00
  5.05859E-01  1.96726E+00
  5.09766E-01  1.95395E+00
  5.13672E-01  1.94049E+00
  5.17578E-01  1.92690E+00
  5.21484E-01  1.91316E+00
  5.25391E-01  1.89926E+00
  5.29297E-01  1.88522E+00
  5.33203E-01  1.87102E+00
  5.37109E-01  1.85667E+00
  5.41016E-01  1.84214E+00
  5.44922E-01  1.82745E+00
  5.48828E-01  1.81258E+00
  5.52734E-01  1.79754E+00
  5.56641E-01  1.78231E+00
  5.60547E-01  1.76689E+00
  5.64453E-01  1.75127E+00
  5.68359E-01  1.73545E+00
  5.72266E-01  1.71942E+00
  5.76172E-01  1.70317E+00
  5.80078E-01  1.68670E+00
  5.83984E-01  1.67000E+00
  5.87891E-01  1.65305E+00
  5.91797E-01  1.63585E+00
  5.95703E-01  1.61839E+00
  5.99609E-01  1.60065E+00
  6.03516E-01  1.58262E+00
  6.07422E-01  1.56429E+00
  6.11328E-01  1.54565E+00
  6.15234E-01  1.52667E+00
  6.19141E-01  1.50734E+00
  6.23047E-01  1.48764E+00
  6.26953E-01  1.46754E+00
  6.30859E-01  1.44704E+00
  6.34766E-01  1.42610E+00
  6.38672E-01  1.40468E+00
  6.42578E-01  1.38276E+00
  6.46484E-01  1.36031E+00
  6.50391E-01  1.33727E+00
  6.54297E-01  1.31359E+00
  6.58203E-01  1.28924E+00
  6.62109E-01  1.26414E+00
  6.66016E-01  1.23821E+00
  6.69922E-01  1.21137E+00
  6.73828E-01  1.18351E+00
  6.77734E-01  1.15451E+00
  6.81641E-01  1.12420E+00
  6.85547E-01  1.09240E+00
  6.89453E-01  1.05883E+00
  6.93359E-01  1.02313E+00
  6.97266E-01  9.84371E-01
  7.01172E-01  9.36669E-01
  7.05078E-01  8.35544E-01
  7.08984E-01  6.31865E-02
  7.12891E-01  5.95322E-02
  7.16797E-01  5.88093E-02
  7.20703E-01  5.78700E-02
  7.24609E-01  5.69676E-02
  7.28516E-01  5.60664E-02
  7.32422E-01  5.52000E-02
  7.36328E-01  5.43324E-02
  7.40234E-01  5.34995E-02
  7.44141E-01  5.26652E-02
  7.48047E-01  5.18580E-02
  7.51953E-01  5.10634E-02
  7.55859E-01  5.03017E-02
  7.59766E-01  4.95435E-02
  7.63672E-01  4.88055E-02
  7.67578E-01  4.80713E-02
  7.71484E-01  4.73636E-02
  7.75391E-01  4.66634E-02
  7.79297E-01  4.59787E-02
  7.83203E-01  4.52950E-02
  7.87109E-01  4.46431E-02
  7.91016E-01  4.39931E-02
  7.94922E-01  4.33651E-02
  7.98828E-01  4.27425E-02
  8.02734E-01  4.21348E-02
  8.06641E-01  4.15301E-02
  8.10547E-01  4.09380E-02
  8.14453E-01  4.03610E-02
  8.18359E-01  3.97924E-02
  8.22266E-01  3.92259E-02
  8.26172E-01  3.86856E-02
  8.30078E-01  3.81449E-02
  8.33984E-01  3.76097E-02
  8.37891E-01  3.70917E-02
  8.41797E-01  3.65879E-02
  8.45703E-01  3.60871E-02
  8.49609E-01  3.55941E-02
  8.53516E-01  3.51109E-02
  8.57422E-01  3.46350E-02
  8.61328E-01  3.41660E-02
  8.65234E-01  3.37024E-02
  8.69141E-01  3.32507E-02
  8.73047E-01  3.28089E-02
  8.76953E-01  3.23821E-02
  8.80859E-01  3.19632E-02
  8.84766E-01  3.15464E-02
  8.88672E-01  3.11275E-02
  8.92578E-01  3.07150E-02
  8.96484E-01  3.03132E-02
  9.00391E-01  2.99189E-02
  9.04297E-01  2.95305E-02
  9.08203E-01  2.91494E-02
  9.12109E-01  2.87727E-02
  9.16016E-01  2.83970E-02
  9.19922E-01  2.80290E-02
  9.23828E-01  2.76726E-02
  9.27734E-01  2.73203E-02
  9.31641E-01  2.69716E-02
  9.35547E-01  2.66246E-02
  9.39453E-01  2.62775E-02
  9.43359E-01  2.59307E-02
  9.47266E-01  2.55875E-02
  9.51172E-01  2.52477E-02
  9.55078E-01  2.49177E-02
  9.58984E-01  2.45916E-02
  9.62891E-01  2.42667E-02
  9.66797E-01  2.39422E-02
  9.70703E-01  2.36169E-02
  9.74609E-01  2.32858E-02
  9.78516E-01  2.29495E-02
  9.82422E-01  2.26108E-02
  9.86328E-01  2.22702E-02
  9.90234E-01  2.19278E-02
  9.94141E-01  2.16230E-02
  9.98047E-01  2.15100E-02
  1.00195E+00  2.15100E-02
