 -1.95312E-03  2.95499E+00
  1.95312E-03  2.95568E+00
  5.85938E-03  2.95156E+00
  9.76562E-03  2.94807E+00
  1.36719E-02  2.94465E+00
  1.75781E-02  2.94119E+00
  2.14844E-02  2.93769E+00
  2.53906E-02  2.93413E+00
  2.92969E-02  2.93051E+00
  3.32031E-02  2.92682E+00
  3.71094E-02  2.92307E+00
  4.10156E-02  2.91925E+00
  4.49219E-02  2.91536E+00
  4.88281E-02  2.91141E+00
  5.27344E-02  2.90739E+00
  5.66406E-02  2.90330E+00
  6.05469E-02  2.89915E+00
  6.44531E-02  2.89493E+00
  6.83594E-02  2.89065E+00
  7.22656E-02  2.88630E+00
  7.61719E-02  2.88188E+00
  8.00781E-02  2.87740E+00
  8.39844E-02  2.87285E+00
  8.78906E-02  2.86823E+00
  9.17969E-02  2.86355E+00
  9.57031E-02  2.85881E+00
  9.96094E-02  2.85400E+00
  1.03516E-01  2.84912E+00
  1.07422E-01  2.84417E+00
  1.11328E-01  2.83917E+00
  1.15234E-01  2.83409E+00
  1.19141E-01  2.82895E+00
  1.23047E-01  2.82375E+00
  1.26953E-01  2.81847E+00
  1.30859E-01  2.81314E+00
  1.34766E-01  2.80773E+00
  1.38672E-01  2.80226E+00
  1.42578E-01  2.79673E+00
  1.46484E-01  2.79113E+00
  1.50391E-01  2.78547E+00
  1.54297E-01  2.77974E+00
  1.58203E-01  2.77394E+00
  1.62109E-01  2.76808E+00
  1.66016E-01  2.76215E+00
  1.69922E-01  2.75616E+00
  1.73828E-01  2.75010E+00
  1.77734E-01  2.74397E+00
  1.81641E-01  2.73778E+00
  1.85547E-01  2.73152E+00
  1.89453E-01  2.72520E+00
  1.93359E-01  2.71881E+00
  1.97266E-01  2.71235E+00
  2.01172E-01  2.70583E+00
  2.05078E-01  2.69924E+00
  2.08984E-01  2.69259E+00
  2.12891E-01  2.68587E+00
  2.16797E-01  2.67908E+00
  2.20703E-01  2.67222E+00
  2.24609E-01  2.66530E+00
  2.28516E-01  2.65830E+00
  2.32422E-01  2.65124E+00
  2.36328E-01  2.64412E+00
  2.40234E-01  2.63692E+00
  2.44141E-01  2.62966E+00
  2.48047E-01  2.62233E+00
  2.51953E-01  2.61493E+00
  2.55859E-01  2.60746E+00
  2.59766E-01  2.59993E+00
  2.63672E-01  2.59232E+00
  2.67578E-01  2.58464E+00
  2.71484E-01  2.57689E+00
  2.75391E-01  2.56908E+00
  2.79297E-01  2.56119E+00
  2.83203E-01  2.55323E+00
  2.87109E-01  2.54520E+00
  2.91016E-01  2.53709E+00
  2.94922E-01  2.52892E+00
  2.98828E-01  2.52067E+00
  3.02734E-01  2.51235E+00
  3.06641E-01  2.50396E+00
  3.10547E-01  2.49549E+00
  3.14453E-01  2.48695E+00
  3.18359E-01  2.47834E+00
  3.22266E-01  2.46965E+00
  3.26172E-01  2.46088E+00
  3.30078E-01  2.45205E+00
  3.33984E-01  2.44313E+00
  3.37891E-01  2.43414E+00
  3.41797E-01  2.42506E+00
  3.45703E-01  2.41591E+00
  3.49609E-01  2.40669E+00
  3.53516E-01  2.39738E+00
  3.57422E-01  2.38799E+00
  3.61328E-01  2.37852E+00
  3.65234E-01  2.36897E+00
  3.69141E-01  2.35934E+00
  3.73047E-01  2.34962E+00
  3.76953E-01  2.33983E+00
  3.80859E-01  2.32995E+00
  3.84766E-01  2.31998E+00
  3.88672E-01  2.30993E+00
  3.92578E-01  2.29980E+00
  3.96484E-01  2.28957E+00
  4.00391E-01  2.27925E+00
  4.04297E-01  2.26885E+00
  4.08203E-01  2.25835E+00
  4.12109E-01  2.24777E+00
  4.16016E-01  2.23709E+00
  4.19922E-01  2.22632E+00
  4.23828E-01  2.21546E+00
  4.27734E-01  2.20450E+00
  4.31641E-01  2.19344E+00
  4.35547E-01  2.18229E+00
  4.39453E-01  2.17104E+00
  4.43359E-01  2.15968E+00
  4.47266E-01  2.14823E+00
  4.51172E-01  2.13667E+00
  4.55078E-01  2.12500E+00
  4.58984E-01  2.11323E+00
  4.62891E-01  2.10135E+00
  4.66797E-01  2.08935E+00
  4.70703E-01  2.07725E+00
  4.74609E-01  2.06503E+00
  4.78516E-01  2.05270E+00
  4.82422E-01  2.04025E+00
  4.86328E-01  2.02768E+00
  4.90234E-01  2.01498E+00
  4.94141E-01  2.00217E+00
  4.98047E-01  1.98922E+00
  5.01953E-01  1.97615E+00
  5.05859E-01  1.96294E+00
  5.09766E-01  1.94959E+00
  5.13672E-01  1.93610E+00
  5.17578E-01  1.92248E+00
  5.21484E-01  1.90870E+00
  5.25391E-01  1.89478E+00
  5.29297E-01  1.88071E+00
  5.33203E-01  1.86647E+00
  5.37109E-01  1.85208E+00
  5.41016E-01  1.83752E+00
  5.44922E-01  1.82279E+00
  5.48828E-01  1.80789E+00
  5.52734E-01  1.79281E+00
  5.56641E-01  1.77755E+00
  5.60547E-01  1.76209E+00
  5.64453E-01  1.74644E+00
  5.68359E-01  1.73058E+00
  5.72266E-01  1.71451E+00
  5.76172E-01  1.69822E+00
  5.80078E-01  1.68171E+00
  5.83984E-01  1.66496E+00
  5.87891E-01  1.64797E+00
  5.91797E-01  1.63073E+00
  5.95703E-01  1.61322E+00
  5.99609E-01  1.59544E+00
  6.03516E-01  1.57736E+00
  6.07422E-01  1.55898E+00
  6.11328E-01  1.54029E+00
  6.15234E-01  1.52126E+00
  6.19141E-01  1.50187E+00
  6.23047E-01  1.48212E+00
  6.26953E-01  1.46196E+00
  6.30859E-01  1.44139E+00
  6.34766E-01  1.42038E+00
  6.38672E-01  1.39888E+00
  6.42578E-01  1.37689E+00
  6.46484E-01  1.35434E+00
  6.50391E-01  1.33120E+00
  6.54297E-01  1.30743E+00
  6.58203E-01  1.28297E+00
  6.62109E-01  1.25775E+00
  6.66016E-01  1.23170E+00
  6.69922E-01  1.20472E+00
  6.73828E-01  1.17672E+00
  6.77734E-01  1.14755E+00
  6.81641E-01  1.11707E+00
  6.85547E-01  1.08507E+00
  6.89453E-01  1.05128E+00
  6.93359E-01  1.01532E+00
  6.97266E-01  9.76192E-01
  7.01172E-01  9.27750E-01
  7.05078E-01  8.24838E-01
  7.08984E-01  7.34088E-02
  7.12891E-01  6.82442E-02
  7.16797E-01  6.74025E-02
  7.20703E-01  6.63228E-02
  7.24609E-01  6.52974E-02
  7.28516E-01  6.42731E-02
  7.32422E-01  6.32797E-02
  7.36328E-01  6.23044E-02
  7.40234E-01  6.13562E-02
  7.44141E-01  6.04122E-02
  7.48047E-01  5.94983E-02
  7.51953E-01  5.85960E-02
  7.55859E-01  5.77183E-02
  7.59766E-01  5.68436E-02
  7.63672E-01  5.59941E-02
  7.67578E-01  5.51569E-02
  7.71484E-01  5.43396E-02
  7.75391E-01  5.35361E-02
  7.79297E-01  5.27509E-02
  7.83203E-01  5.19739E-02
  7.87109E-01  5.12239E-02
  7.91016E-01  5.04868E-02
  7.94922E-01  4.97685E-02
  7.98828E-01  4.90544E-02
  8.02734E-01  4.83599E-02
  8.06641E-01  4.76756E-02
  8.10547E-01  4.69958E-02
  8.14453E-01  4.63366E-02
  8.18359E-01  4.56895E-02
  8.22266E-01  4.50479E-02
  8.26172E-01  4.44243E-02
  8.30078E-01  4.38116E-02
  8.33984E-01  4.32098E-02
  8.37891E-01  4.26192E-02
  8.41797E-01  4.20372E-02
  8.45703E-01  4.14615E-02
  8.49609E-01  4.08975E-02
  8.53516E-01  4.03466E-02
  8.57422E-01  3.98017E-02
  8.61328E-01  3.92566E-02
  8.65234E-01  3.87409E-02
  8.69141E-01  3.82260E-02
  8.73047E-01  3.77112E-02
  8.76953E-01  3.72128E-02
  8.80859E-01  3.67272E-02
  8.84766E-01  3.62447E-02
  8.88672E-01  3.57691E-02
  8.92578E-01  3.53007E-02
  8.96484E-01  3.48404E-02
  9.00391E-01  3.43870E-02
  9.04297E-01  3.39378E-02
  9.08203E-01  3.34977E-02
  9.12109E-01  3.30685E-02
  9.16016E-01  3.26463E-02
  9.19922E-01  3.22382E-02
  9.23828E-01  3.18354E-02
  9.27734E-01  3.14279E-02
  9.31641E-01  3.10243E-02
  9.35547E-01  3.06216E-02
  9.39453E-01  3.02279E-02
  9.43359E-01  2.98380E-02
  9.47266E-01  2.94516E-02
  9.51172E-01  2.90705E-02
  9.55078E-01  2.86901E-02
  9.58984E-01  2.83077E-02
  9.62891E-01  2.79319E-02
  9.66797E-01  2.75604E-02
  9.70703E-01  2.71877E-02
  9.74609E-01  2.68125E-02
  9.78516E-01  2.64289E-02
  9.82422E-01  2.60375E-02
  9.86328E-01  2.56416E-02
  9.90234E-01  2.52427E-02
  9.94141E-01  2.48629E-02
  9.98047E-01  2.47026E-02
  1.00195E+00  2.47026E-02
