 -1.95312E-03  2.92725E+00
  1.95312E-03  2.92786E+00
  5.85938E-03  2.92373E+00
  9.76562E-03  2.92025E+00
  1.36719E-02  2.91682E+00
  1.75781E-02  2.91336E+00
  2.14844E-02  2.90986E+00
  2.53906E-02  2.90629E+00
  2.92969E-02  2.90266E+00
  3.32031E-02  2.89896E+00
  3.71094E-02  2.89520E+00
  4.10156E-02  2.89137E+00
  4.49219E-02  2.88748E+00
  4.88281E-02  2.88351E+00
  5.27344E-02  2.87948E+00
  5.66406E-02  2.87538E+00
  6.05469E-02  2.87122E+00
  6.44531E-02  2.86698E+00
  6.83594E-02  2.86268E+00
  7.22656E-02  2.85831E+00
  7.61719E-02  2.85387E+00
  8.00781E-02  2.84937E+00
  8.39844E-02  2.84480E+00
  8.78906E-02  2.84016E+00
  9.17969E-02  2.83546E+00
  9.57031E-02  2.83069E+00
  9.96094E-02  2.82585E+00
  1.03516E-01  2.82095E+00
  1.07422E-01  2.81597E+00
  1.11328E-01  2.81094E+00
  1.15234E-01  2.80583E+00
  1.19141E-01  2.80066E+00
  1.23047E-01  2.79542E+00
  1.26953E-01  2.79012E+00
  1.30859E-01  2.78475E+00
  1.34766E-01  2.77931E+00
  1.38672E-01  2.77381E+00
  1.42578E-01  2.76824E+00
  1.46484E-01  2.76260E+00
  1.50391E-01  2.75690E+00
  1.54297E-01  2.75113E+00
  1.58203E-01  2.74529E+00
  1.62109E-01  2.73939E+00
  1.66016E-01  2.73342E+00
  1.69922E-01  2.72738E+00
  1.73828E-01  2.72128E+00
  1.77734E-01  2.71511E+00
  1.81641E-01  2.70887E+00
  1.85547E-01  2.70257E+00
  1.89453E-01  2.69620E+00
  1.93359E-01  2.68976E+00
  1.97266E-01  2.68325E+00
  2.01172E-01  2.67668E+00
  2.05078E-01  2.67004E+00
  2.08984E-01  2.66333E+00
  2.12891E-01  2.65655E+00
  2.16797E-01  2.64971E+00
  2.20703E-01  2.64280E+00
  2.24609E-01  2.63582E+00
  2.28516E-01  2.62877E+00
  2.32422E-01  2.62165E+00
  2.36328E-01  2.61446E+00
  2.40234E-01  2.60721E+00
  2.44141E-01  2.59988E+00
  2.48047E-01  2.59249E+00
  2.51953E-01  2.58502E+00
  2.55859E-01  2.57749E+00
  2.59766E-01  2.56988E+00
  2.63672E-01  2.56221E+00
  2.67578E-01  2.55446E+00
  2.71484E-01  2.54664E+00
  2.75391E-01  2.53876E+00
  2.79297E-01  2.53080E+00
  2.83203E-01  2.52276E+00
  2.87109E-01  2.51466E+00
  2.91016E-01  2.50648E+00
  2.94922E-01  2.49822E+00
  2.98828E-01  2.48990E+00
  3.02734E-01  2.48150E+00
  3.06641E-01  2.47302E+00
  3.10547E-01  2.46447E+00
  3.14453E-01  2.45585E+00
  3.18359E-01  2.44715E+00
  3.22266E-01  2.43837E+00
  3.26172E-01  2.42952E+00
  3.30078E-01  2.42059E+00
  3.33984E-01  2.41158E+00
  3.37891E-01  2.40249E+00
  3.41797E-01  2.39332E+00
  3.45703E-01  2.38407E+00
  3.49609E-01  2.37475E+00
  3.53516E-01  2.36534E+00
  3.57422E-01  2.35585E+00
  3.61328E-01  2.34627E+00
  3.65234E-01  2.33662E+00
  3.69141E-01  2.32688E+00
  3.73047E-01  2.31705E+00
  3.76953E-01  2.30714E+00
  3.80859E-01  2.29715E+00
  3.84766E-01  2.28707E+00
  3.88672E-01  2.27690E+00
  3.92578E-01  2.26664E+00
  3.96484E-01  2.25629E+00
  4.00391E-01  2.24585E+00
  4.04297E-01  2.23531E+00
  4.08203E-01  2.22469E+00
  4.12109E-01  2.21398E+00
  4.16016E-01  2.20316E+00
  4.19922E-01  2.19226E+00
  4.23828E-01  2.18125E+00
  4.27734E-01  2.17015E+00
  4.31641E-01  2.15895E+00
  4.35547E-01  2.14765E+00
  4.39453E-01  2.13624E+00
  4.43359E-01  2.12473E+00
  4.47266E-01  2.11312E+00
  4.51172E-01  2.10139E+00
  4.55078E-01  2.08956E+00
  4.58984E-01  2.07761E+00
  4.62891E-01  2.06556E+00
  4.66797E-01  2.05339E+00
  4.70703E-01  2.04110E+00
  4.74609E-01  2.02869E+00
  4.78516E-01  2.01616E+00
  4.82422E-01  2.00350E+00
  4.86328E-01  1.99072E+00
  4.90234E-01  1.97782E+00
  4.94141E-01  1.96478E+00
  4.98047E-01  1.95161E+00
  5.01953E-01  1.93830E+00
  5.05859E-01  1.92486E+00
  5.09766E-01  1.91128E+00
  5.13672E-01  1.89755E+00
  5.17578E-01  1.88368E+00
  5.21484E-01  1.86966E+00
  5.25391E-01  1.85548E+00
  5.29297E-01  1.84114E+00
  5.33203E-01  1.82664E+00
  5.37109E-01  1.81197E+00
  5.41016E-01  1.79713E+00
  5.44922E-01  1.78211E+00
  5.48828E-01  1.76692E+00
  5.52734E-01  1.75153E+00
  5.56641E-01  1.73595E+00
  5.60547E-01  1.72017E+00
  5.64453E-01  1.70419E+00
  5.68359E-01  1.68799E+00
  5.72266E-01  1.67158E+00
  5.76172E-01  1.65493E+00
  5.80078E-01  1.63805E+00
  5.83984E-01  1.62092E+00
  5.87891E-01  1.60353E+00
  5.91797E-01  1.58588E+00
  5.95703E-01  1.56794E+00
  5.99609E-01  1.54971E+00
  6.03516E-01  1.53118E+00
  6.07422E-01  1.51232E+00
  6.11328E-01  1.49313E+00
  6.15234E-01  1.47358E+00
  6.19141E-01  1.45366E+00
  6.23047E-01  1.43335E+00
  6.26953E-01  1.41261E+00
  6.30859E-01  1.39143E+00
  6.34766E-01  1.36978E+00
  6.38672E-01  1.34762E+00
  6.42578E-01  1.32492E+00
  6.46484E-01  1.30163E+00
  6.50391E-01  1.27771E+00
  6.54297E-01  1.25310E+00
  6.58203E-01  1.22774E+00
  6.62109E-01  1.20156E+00
  6.66016E-01  1.17446E+00
  6.69922E-01  1.14635E+00
  6.73828E-01  1.11709E+00
  6.77734E-01  1.08652E+00
  6.81641E-01  1.05446E+00
  6.85547E-01  1.02064E+00
  6.89453E-01  9.84738E-01
  6.93359E-01  9.46165E-01
  6.97266E-01  9.03180E-01
  7.01172E-01  8.45478E-01
  7.05078E-01  7.20753E-01
  7.08984E-01  1.69300E-01
  7.12891E-01  1.38153E-01
  7.16797E-01  1.35163E-01
  7.20703E-01  1.33500E-01
  7.24609E-01  1.31475E-01
  7.28516E-01  1.29470E-01
  7.32422E-01  1.27528E-01
  7.36328E-01  1.25595E-01
  7.40234E-01  1.23729E-01
  7.44141E-01  1.21880E-01
  7.48047E-01  1.20085E-01
  7.51953E-01  1.18315E-01
  7.55859E-01  1.16593E-01
  7.59766E-01  1.14889E-01
  7.63672E-01  1.13225E-01
  7.67578E-01  1.11588E-01
  7.71484E-01  1.09985E-01
  7.75391E-01  1.08412E-01
  7.79297E-01  1.06873E-01
  7.83203E-01  1.05360E-01
  7.87109E-01  1.03878E-01
  7.91016E-01  1.02421E-01
  7.94922E-01  1.00994E-01
  7.98828E-01  9.95891E-02
  8.02734E-01  9.82085E-02
  8.06641E-01  9.68580E-02
  8.10547E-01  9.55276E-02
  8.14453E-01  9.42269E-02
  8.18359E-01  9.29557E-02
  8.22266E-01  9.17061E-02
  8.26172E-01  9.04713E-02
  8.30078E-01  8.92589E-02
  8.33984E-01  8.80557E-02
  8.37891E-01  8.68789E-02
  8.41797E-01  8.57229E-02
  8.45703E-01  8.45930E-02
  8.49609E-01  8.34865E-02
  8.53516E-01  8.24029E-02
  8.57422E-01  8.13334E-02
  8.61328E-01  8.02808E-02
  8.65234E-01  7.92446E-02
  8.69141E-01  7.82195E-02
  8.73047E-01  7.72105E-02
  8.76953E-01  7.62186E-02
  8.80859E-01  7.52454E-02
  8.84766E-01  7.42890E-02
  8.88672E-01  7.33508E-02
  8.92578E-01  7.24284E-02
  8.96484E-01  7.15224E-02
  9.00391E-01  7.06309E-02
  9.04297E-01  6.97538E-02
  9.08203E-01  6.88876E-02
  9.12109E-01  6.80297E-02
  9.16016E-01  6.71889E-02
  9.19922E-01  6.63560E-02
  9.23828E-01  6.55322E-02
  9.27734E-01  6.47247E-02
  9.31641E-01  6.39284E-02
  9.35547E-01  6.31399E-02
  9.39453E-01  6.23658E-02
  9.43359E-01  6.15989E-02
  9.47266E-01  6.08406E-02
  9.51172E-01  6.00924E-02
  9.55078E-01  5.93506E-02
  9.58984E-01  5.86167E-02
  9.62891E-01  5.78837E-02
  9.66797E-01  5.71525E-02
  9.70703E-01  5.64151E-02
  9.74609E-01  5.56724E-02
  9.78516E-01  5.49119E-02
  9.82422E-01  5.41295E-02
  9.86328E-01  5.33152E-02
  9.90234E-01  5.24514E-02
  9.94141E-01  5.15425E-02
  9.98047E-01  5.08365E-02
  1.00195E+00  5.08365E-02
