 -1.95312E-03  2.95169E+00
  1.95312E-03  2.95237E+00
  5.85938E-03  2.94825E+00
  9.76562E-03  2.94477E+00
  1.36719E-02  2.94134E+00
  1.75781E-02  2.93789E+00
  2.14844E-02  2.93439E+00
  2.53906E-02  2.93082E+00
  2.92969E-02  2.92720E+00
  3.32031E-02  2.92351E+00
  3.71094E-02  2.91976E+00
  4.10156E-02  2.91594E+00
  4.49219E-02  2.91205E+00
  4.88281E-02  2.90810E+00
  5.27344E-02  2.90408E+00
  5.66406E-02  2.89999E+00
  6.05469E-02  2.89584E+00
  6.44531E-02  2.89162E+00
  6.83594E-02  2.88733E+00
  7.22656E-02  2.88298E+00
  7.61719E-02  2.87856E+00
  8.00781E-02  2.87407E+00
  8.39844E-02  2.86952E+00
  8.78906E-02  2.86491E+00
  9.17969E-02  2.86022E+00
  9.57031E-02  2.85547E+00
  9.96094E-02  2.85066E+00
  1.03516E-01  2.84578E+00
  1.07422E-01  2.84083E+00
  1.11328E-01  2.83582E+00
  1.15234E-01  2.83074E+00
  1.19141E-01  2.82560E+00
  1.23047E-01  2.82039E+00
  1.26953E-01  2.81511E+00
  1.30859E-01  2.80977E+00
  1.34766E-01  2.80437E+00
  1.38672E-01  2.79889E+00
  1.42578E-01  2.79335E+00
  1.46484E-01  2.78775E+00
  1.50391E-01  2.78208E+00
  1.54297E-01  2.77635E+00
  1.58203E-01  2.77054E+00
  1.62109E-01  2.76468E+00
  1.66016E-01  2.75874E+00
  1.69922E-01  2.75274E+00
  1.73828E-01  2.74668E+00
  1.77734E-01  2.74055E+00
  1.81641E-01  2.73435E+00
  1.85547E-01  2.72809E+00
  1.89453E-01  2.72176E+00
  1.93359E-01  2.71536E+00
  1.97266E-01  2.70890E+00
  2.01172E-01  2.70237E+00
  2.05078E-01  2.69578E+00
  2.08984E-01  2.68912E+00
  2.12891E-01  2.68239E+00
  2.16797E-01  2.67559E+00
  2.20703E-01  2.66873E+00
  2.24609E-01  2.66180E+00
  2.28516E-01  2.65480E+00
  2.32422E-01  2.64773E+00
  2.36328E-01  2.64060E+00
  2.40234E-01  2.63339E+00
  2.44141E-01  2.62612E+00
  2.48047E-01  2.61878E+00
  2.51953E-01  2.61138E+00
  2.55859E-01  2.60390E+00
  2.59766E-01  2.59636E+00
  2.63672E-01  2.58874E+00
  2.67578E-01  2.58106E+00
  2.71484E-01  2.57330E+00
  2.75391E-01  2.56548E+00
  2.79297E-01  2.55759E+00
  2.83203E-01  2.54962E+00
  2.87109E-01  2.54158E+00
  2.91016E-01  2.53347E+00
  2.94922E-01  2.52529E+00
  2.98828E-01  2.51704E+00
  3.02734E-01  2.50871E+00
  3.06641E-01  2.50031E+00
  3.10547E-01  2.49184E+00
  3.14453E-01  2.48329E+00
  3.18359E-01  2.47466E+00
  3.22266E-01  2.46597E+00
  3.26172E-01  2.45719E+00
  3.30078E-01  2.44834E+00
  3.33984E-01  2.43941E+00
  3.37891E-01  2.43041E+00
  3.41797E-01  2.42133E+00
  3.45703E-01  2.41217E+00
  3.49609E-01  2.40293E+00
  3.53516E-01  2.39362E+00
  3.57422E-01  2.38422E+00
  3.61328E-01  2.37474E+00
  3.65234E-01  2.36518E+00
  3.69141E-01  2.35554E+00
  3.73047E-01  2.34582E+00
  3.76953E-01  2.33601E+00
  3.80859E-01  2.32612E+00
  3.84766E-01  2.31615E+00
  3.88672E-01  2.30609E+00
  3.92578E-01  2.29594E+00
  3.96484E-01  2.28570E+00
  4.00391E-01  2.27537E+00
  4.04297E-01  2.26496E+00
  4.08203E-01  2.25445E+00
  4.12109E-01  2.24385E+00
  4.16016E-01  2.23316E+00
  4.19922E-01  2.22238E+00
  4.23828E-01  2.21150E+00
  4.27734E-01  2.20053E+00
  4.31641E-01  2.18946E+00
  4.35547E-01  2.17829E+00
  4.39453E-01  2.16702E+00
  4.43359E-01  2.15565E+00
  4.47266E-01  2.14418E+00
  4.51172E-01  2.13260E+00
  4.55078E-01  2.12092E+00
  4.58984E-01  2.10913E+00
  4.62891E-01  2.09723E+00
  4.66797E-01  2.08521E+00
  4.70703E-01  2.07309E+00
  4.74609E-01  2.06085E+00
  4.78516E-01  2.04849E+00
  4.82422E-01  2.03602E+00
  4.86328E-01  2.02342E+00
  4.90234E-01  2.01070E+00
  4.94141E-01  1.99786E+00
  4.98047E-01  1.98489E+00
  5.01953E-01  1.97178E+00
  5.05859E-01  1.95855E+00
  5.09766E-01  1.94517E+00
  5.13672E-01  1.93166E+00
  5.17578E-01  1.91800E+00
  5.21484E-01  1.90420E+00
  5.25391E-01  1.89025E+00
  5.29297E-01  1.87614E+00
  5.33203E-01  1.86188E+00
  5.37109E-01  1.84746E+00
  5.41016E-01  1.83286E+00
  5.44922E-01  1.81810E+00
  5.48828E-01  1.80317E+00
  5.52734E-01  1.78805E+00
  5.56641E-01  1.77275E+00
  5.60547E-01  1.75725E+00
  5.64453E-01  1.74155E+00
  5.68359E-01  1.72565E+00
  5.72266E-01  1.70954E+00
  5.76172E-01  1.69322E+00
  5.80078E-01  1.67666E+00
  5.83984E-01  1.65987E+00
  5.87891E-01  1.64283E+00
  5.91797E-01  1.62553E+00
  5.95703E-01  1.60797E+00
  5.99609E-01  1.59013E+00
  6.03516E-01  1.57199E+00
  6.07422E-01  1.55355E+00
  6.11328E-01  1.53479E+00
  6.15234E-01  1.51569E+00
  6.19141E-01  1.49623E+00
  6.23047E-01  1.47640E+00
  6.26953E-01  1.45618E+00
  6.30859E-01  1.43553E+00
  6.34766E-01  1.41444E+00
  6.38672E-01  1.39286E+00
  6.42578E-01  1.37078E+00
  6.46484E-01  1.34816E+00
  6.50391E-01  1.32493E+00
  6.54297E-01  1.30107E+00
  6.58203E-01  1.27650E+00
  6.62109E-01  1.25118E+00
  6.66016E-01  1.22501E+00
  6.69922E-01  1.19791E+00
  6.73828E-01  1.16978E+00
  6.77734E-01  1.14047E+00
  6.81641E-01  1.10983E+00
  6.85547E-01  1.07764E+00
  6.89453E-01  1.04364E+00
  6.93359E-01  1.00741E+00
  6.97266E-01  9.67915E-01
  7.01172E-01  9.18672E-01
  7.05078E-01  8.13831E-01
  7.08984E-01  8.37086E-02
  7.12891E-01  7.67343E-02
  7.16797E-01  7.57805E-02
  7.20703E-01  7.45838E-02
  7.24609E-01  7.34411E-02
  7.28516E-01  7.22968E-02
  7.32422E-01  7.11804E-02
  7.36328E-01  7.00615E-02
  7.40234E-01  6.89859E-02
  7.44141E-01  6.79278E-02
  7.48047E-01  6.69023E-02
  7.51953E-01  6.58940E-02
  7.55859E-01  6.49120E-02
  7.59766E-01  6.39343E-02
  7.63672E-01  6.29905E-02
  7.67578E-01  6.20638E-02
  7.71484E-01  6.11587E-02
  7.75391E-01  6.02577E-02
  7.79297E-01  5.93816E-02
  7.83203E-01  5.85130E-02
  7.87109E-01  5.76638E-02
  7.91016E-01  5.68293E-02
  7.94922E-01  5.60073E-02
  7.98828E-01  5.52105E-02
  8.02734E-01  5.44232E-02
  8.06641E-01  5.36566E-02
  8.10547E-01  5.29034E-02
  8.14453E-01  5.21578E-02
  8.18359E-01  5.14296E-02
  8.22266E-01  5.07199E-02
  8.26172E-01  5.00267E-02
  8.30078E-01  4.93419E-02
  8.33984E-01  4.86654E-02
  8.37891E-01  4.79964E-02
  8.41797E-01  4.73460E-02
  8.45703E-01  4.67038E-02
  8.49609E-01  4.60694E-02
  8.53516E-01  4.54498E-02
  8.57422E-01  4.48384E-02
  8.61328E-01  4.42351E-02
  8.65234E-01  4.36497E-02
  8.69141E-01  4.30683E-02
  8.73047E-01  4.25050E-02
  8.76953E-01  4.19458E-02
  8.80859E-01  4.13923E-02
  8.84766E-01  4.08502E-02
  8.88672E-01  4.03205E-02
  8.92578E-01  3.97965E-02
  8.96484E-01  3.92722E-02
  9.00391E-01  3.87710E-02
  9.04297E-01  3.82703E-02
  9.08203E-01  3.77707E-02
  9.12109E-01  3.72853E-02
  9.16016E-01  3.68153E-02
  9.19922E-01  3.63466E-02
  9.23828E-01  3.58828E-02
  9.27734E-01  3.54269E-02
  9.31641E-01  3.49765E-02
  9.35547E-01  3.45302E-02
  9.39453E-01  3.40911E-02
  9.43359E-01  3.36509E-02
  9.47266E-01  3.32189E-02
  9.51172E-01  3.27919E-02
  9.55078E-01  3.23735E-02
  9.58984E-01  3.19585E-02
  9.62891E-01  3.15405E-02
  9.66797E-01  3.11161E-02
  9.70703E-01  3.06892E-02
  9.74609E-01  3.02631E-02
  9.78516E-01  2.98316E-02
  9.82422E-01  2.93932E-02
  9.86328E-01  2.89489E-02
  9.90234E-01  2.84958E-02
  9.94141E-01  2.80448E-02
  9.98047E-01  2.78331E-02
  1.00195E+00  2.78331E-02
