 -1.95312E-03  2.94316E+00
  1.95312E-03  2.94384E+00
  5.85938E-03  2.93971E+00
  9.76562E-03  2.93623E+00
  1.36719E-02  2.93280E+00
  1.75781E-02  2.92935E+00
  2.14844E-02  2.92584E+00
  2.53906E-02  2.92228E+00
  2.92969E-02  2.91865E+00
  3.32031E-02  2.91496E+00
  3.71094E-02  2.91121E+00
  4.10156E-02  2.90738E+00
  4.49219E-02  2.90349E+00
  4.88281E-02  2.89954E+00
  5.27344E-02  2.89551E+00
  5.66406E-02  2.89142E+00
  6.05469E-02  2.88726E+00
  6.44531E-02  2.88304E+00
  6.83594E-02  2.87875E+00
  7.22656E-02  2.87439E+00
  7.61719E-02  2.86996E+00
  8.00781E-02  2.86547E+00
  8.39844E-02  2.86091E+00
  8.78906E-02  2.85629E+00
  9.17969E-02  2.85160E+00
  9.57031E-02  2.84684E+00
  9.96094E-02  2.84202E+00
  1.03516E-01  2.83713E+00
  1.07422E-01  2.83217E+00
  1.11328E-01  2.82715E+00
  1.15234E-01  2.82206E+00
  1.19141E-01  2.81691E+00
  1.23047E-01  2.81169E+00
  1.26953E-01  2.80640E+00
  1.30859E-01  2.80105E+00
  1.34766E-01  2.79563E+00
  1.38672E-01  2.79015E+00
  1.42578E-01  2.78460E+00
  1.46484E-01  2.77898E+00
  1.50391E-01  2.77330E+00
  1.54297E-01  2.76755E+00
  1.58203E-01  2.76174E+00
  1.62109E-01  2.75586E+00
  1.66016E-01  2.74992E+00
  1.69922E-01  2.74390E+00
  1.73828E-01  2.73783E+00
  1.77734E-01  2.73168E+00
  1.81641E-01  2.72547E+00
  1.85547E-01  2.71920E+00
  1.89453E-01  2.71285E+00
  1.93359E-01  2.70644E+00
  1.97266E-01  2.69997E+00
  2.01172E-01  2.69342E+00
  2.05078E-01  2.68681E+00
  2.08984E-01  2.68014E+00
  2.12891E-01  2.67339E+00
  2.16797E-01  2.66658E+00
  2.20703E-01  2.65970E+00
  2.24609E-01  2.65275E+00
  2.28516E-01  2.64573E+00
  2.32422E-01  2.63865E+00
  2.36328E-01  2.63149E+00
  2.40234E-01  2.62427E+00
  2.44141E-01  2.61698E+00
  2.48047E-01  2.60962E+00
  2.51953E-01  2.60220E+00
  2.55859E-01  2.59470E+00
  2.59766E-01  2.58714E+00
  2.63672E-01  2.57950E+00
  2.67578E-01  2.57180E+00
  2.71484E-01  2.56402E+00
  2.75391E-01  2.55617E+00
  2.79297E-01  2.54825E+00
  2.83203E-01  2.54026E+00
  2.87109E-01  2.53220E+00
  2.91016E-01  2.52406E+00
  2.94922E-01  2.51586E+00
  2.98828E-01  2.50758E+00
  3.02734E-01  2.49923E+00
  3.06641E-01  2.49080E+00
  3.10547E-01  2.48230E+00
  3.14453E-01  2.47372E+00
  3.18359E-01  2.46507E+00
  3.22266E-01  2.45635E+00
  3.26172E-01  2.44754E+00
  3.30078E-01  2.43867E+00
  3.33984E-01  2.42971E+00
  3.37891E-01  2.42068E+00
  3.41797E-01  2.41157E+00
  3.45703E-01  2.40238E+00
  3.49609E-01  2.39311E+00
  3.53516E-01  2.38377E+00
  3.57422E-01  2.37434E+00
  3.61328E-01  2.36483E+00
  3.65234E-01  2.35524E+00
  3.69141E-01  2.34556E+00
  3.73047E-01  2.33581E+00
  3.76953E-01  2.32597E+00
  3.80859E-01  2.31604E+00
  3.84766E-01  2.30603E+00
  3.88672E-01  2.29593E+00
  3.92578E-01  2.28574E+00
  3.96484E-01  2.27547E+00
  4.00391E-01  2.26510E+00
  4.04297E-01  2.25464E+00
  4.08203E-01  2.24410E+00
  4.12109E-01  2.23346E+00
  4.16016E-01  2.22273E+00
  4.19922E-01  2.21191E+00
  4.23828E-01  2.20099E+00
  4.27734E-01  2.18997E+00
  4.31641E-01  2.17885E+00
  4.35547E-01  2.16764E+00
  4.39453E-01  2.15632E+00
  4.43359E-01  2.14491E+00
  4.47266E-01  2.13339E+00
  4.51172E-01  2.12176E+00
  4.55078E-01  2.11003E+00
  4.58984E-01  2.09818E+00
  4.62891E-01  2.08623E+00
  4.66797E-01  2.07416E+00
  4.70703E-01  2.06198E+00
  4.74609E-01  2.04968E+00
  4.78516E-01  2.03727E+00
  4.82422E-01  2.02473E+00
  4.86328E-01  2.01207E+00
  4.90234E-01  1.99929E+00
  4.94141E-01  1.98637E+00
  4.98047E-01  1.97333E+00
  5.01953E-01  1.96016E+00
  5.05859E-01  1.94685E+00
  5.09766E-01  1.93340E+00
  5.13672E-01  1.91981E+00
  5.17578E-01  1.90608E+00
  5.21484E-01  1.89220E+00
  5.25391E-01  1.87817E+00
  5.29297E-01  1.86398E+00
  5.33203E-01  1.84963E+00
  5.37109E-01  1.83512E+00
  5.41016E-01  1.82044E+00
  5.44922E-01  1.80559E+00
  5.48828E-01  1.79056E+00
  5.52734E-01  1.77534E+00
  5.56641E-01  1.75994E+00
  5.60547E-01  1.74434E+00
  5.64453E-01  1.72854E+00
  5.68359E-01  1.71254E+00
  5.72266E-01  1.69632E+00
  5.76172E-01  1.67987E+00
  5.80078E-01  1.66320E+00
  5.83984E-01  1.64628E+00
  5.87891E-01  1.62912E+00
  5.91797E-01  1.61169E+00
  5.95703E-01  1.59400E+00
  5.99609E-01  1.57602E+00
  6.03516E-01  1.55774E+00
  6.07422E-01  1.53915E+00
  6.11328E-01  1.52023E+00
  6.15234E-01  1.50097E+00
  6.19141E-01  1.48134E+00
  6.23047E-01  1.46134E+00
  6.26953E-01  1.44093E+00
  6.30859E-01  1.42009E+00
  6.34766E-01  1.39879E+00
  6.38672E-01  1.37700E+00
  6.42578E-01  1.35470E+00
  6.46484E-01  1.33183E+00
  6.50391E-01  1.30834E+00
  6.54297E-01  1.28421E+00
  6.58203E-01  1.25935E+00
  6.62109E-01  1.23371E+00
  6.66016E-01  1.20720E+00
  6.69922E-01  1.17973E+00
  6.73828E-01  1.15118E+00
  6.77734E-01  1.12142E+00
  6.81641E-01  1.09027E+00
  6.85547E-01  1.05751E+00
  6.89453E-01  1.02284E+00
  6.93359E-01  9.85799E-01
  6.97266E-01  9.45169E-01
  7.01172E-01  8.93418E-01
  7.05078E-01  7.82550E-01
  7.08984E-01  1.12592E-01
  7.12891E-01  9.90413E-02
  7.16797E-01  9.76840E-02
  7.20703E-01  9.61522E-02
  7.24609E-01  9.46709E-02
  7.28516E-01  9.31939E-02
  7.32422E-01  9.17721E-02
  7.36328E-01  9.03686E-02
  7.40234E-01  8.90111E-02
  7.44141E-01  8.76810E-02
  7.48047E-01  8.63550E-02
  7.51953E-01  8.50567E-02
  7.55859E-01  8.37805E-02
  7.59766E-01  8.25378E-02
  7.63672E-01  8.13235E-02
  7.67578E-01  8.01384E-02
  7.71484E-01  7.89806E-02
  7.75391E-01  7.78354E-02
  7.79297E-01  7.67090E-02
  7.83203E-01  7.55919E-02
  7.87109E-01  7.45042E-02
  7.91016E-01  7.34393E-02
  7.94922E-01  7.23976E-02
  7.98828E-01  7.13773E-02
  8.02734E-01  7.03805E-02
  8.06641E-01  6.94017E-02
  8.10547E-01  6.84382E-02
  8.14453E-01  6.74888E-02
  8.18359E-01  6.65607E-02
  8.22266E-01  6.56390E-02
  8.26172E-01  6.47315E-02
  8.30078E-01  6.38494E-02
  8.33984E-01  6.29783E-02
  8.37891E-01  6.21233E-02
  8.41797E-01  6.12838E-02
  8.45703E-01  6.04618E-02
  8.49609E-01  5.96571E-02
  8.53516E-01  5.88666E-02
  8.57422E-01  5.80876E-02
  8.61328E-01  5.73246E-02
  8.65234E-01  5.65706E-02
  8.69141E-01  5.58341E-02
  8.73047E-01  5.51055E-02
  8.76953E-01  5.43891E-02
  8.80859E-01  5.36858E-02
  8.84766E-01  5.29906E-02
  8.88672E-01  5.23052E-02
  8.92578E-01  5.16336E-02
  8.96484E-01  5.09738E-02
  9.00391E-01  5.03225E-02
  9.04297E-01  4.96793E-02
  9.08203E-01  4.90500E-02
  9.12109E-01  4.84289E-02
  9.16016E-01  4.78125E-02
  9.19922E-01  4.72084E-02
  9.23828E-01  4.66119E-02
  9.27734E-01  4.60189E-02
  9.31641E-01  4.54440E-02
  9.35547E-01  4.48704E-02
  9.39453E-01  4.43100E-02
  9.43359E-01  4.37525E-02
  9.47266E-01  4.32044E-02
  9.51172E-01  4.26586E-02
  9.55078E-01  4.21200E-02
  9.58984E-01  4.15798E-02
  9.62891E-01  4.10434E-02
  9.66797E-01  4.05058E-02
  9.70703E-01  3.99657E-02
  9.74609E-01  3.94143E-02
  9.78516E-01  3.88611E-02
  9.82422E-01  3.82976E-02
  9.86328E-01  3.77084E-02
  9.90234E-01  3.71008E-02
  9.94141E-01  3.64795E-02
  9.98047E-01  3.60835E-02
  1.00195E+00  3.60835E-02
