 -1.95312E-03  2.91620E+00
  1.95312E-03  2.91680E+00
  5.85938E-03  2.91268E+00
  9.76562E-03  2.90919E+00
  1.36719E-02  2.90576E+00
  1.75781E-02  2.90230E+00
  2.14844E-02  2.89879E+00
  2.53906E-02  2.89522E+00
  2.92969E-02  2.89159E+00
  3.32031E-02  2.88789E+00
  3.71094E-02  2.88413E+00
  4.10156E-02  2.88029E+00
  4.49219E-02  2.87640E+00
  4.88281E-02  2.87243E+00
  5.27344E-02  2.86839E+00
  5.66406E-02  2.86429E+00
  6.05469E-02  2.86012E+00
  6.44531E-02  2.85588E+00
  6.83594E-02  2.85157E+00
  7.22656E-02  2.84719E+00
  7.61719E-02  2.84275E+00
  8.00781E-02  2.83824E+00
  8.39844E-02  2.83366E+00
  8.78906E-02  2.82901E+00
  9.17969E-02  2.82430E+00
  9.57031E-02  2.81952E+00
  9.96094E-02  2.81467E+00
  1.03516E-01  2.80976E+00
  1.07422E-01  2.80478E+00
  1.11328E-01  2.79973E+00
  1.15234E-01  2.79461E+00
  1.19141E-01  2.78943E+00
  1.23047E-01  2.78418E+00
  1.26953E-01  2.77886E+00
  1.30859E-01  2.77348E+00
  1.34766E-01  2.76802E+00
  1.38672E-01  2.76251E+00
  1.42578E-01  2.75692E+00
  1.46484E-01  2.75127E+00
  1.50391E-01  2.74555E+00
  1.54297E-01  2.73977E+00
  1.58203E-01  2.73391E+00
  1.62109E-01  2.72799E+00
  1.66016E-01  2.72201E+00
  1.69922E-01  2.71595E+00
  1.73828E-01  2.70983E+00
  1.77734E-01  2.70364E+00
  1.81641E-01  2.69739E+00
  1.85547E-01  2.69106E+00
  1.89453E-01  2.68467E+00
  1.93359E-01  2.67821E+00
  1.97266E-01  2.67168E+00
  2.01172E-01  2.66508E+00
  2.05078E-01  2.65842E+00
  2.08984E-01  2.65168E+00
  2.12891E-01  2.64488E+00
  2.16797E-01  2.63801E+00
  2.20703E-01  2.63108E+00
  2.24609E-01  2.62407E+00
  2.28516E-01  2.61699E+00
  2.32422E-01  2.60985E+00
  2.36328E-01  2.60263E+00
  2.40234E-01  2.59535E+00
  2.44141E-01  2.58799E+00
  2.48047E-01  2.58057E+00
  2.51953E-01  2.57307E+00
  2.55859E-01  2.56551E+00
  2.59766E-01  2.55787E+00
  2.63672E-01  2.55016E+00
  2.67578E-01  2.54238E+00
  2.71484E-01  2.53453E+00
  2.75391E-01  2.52660E+00
  2.79297E-01  2.51861E+00
  2.83203E-01  2.51054E+00
  2.87109E-01  2.50239E+00
  2.91016E-01  2.49418E+00
  2.94922E-01  2.48589E+00
  2.98828E-01  2.47752E+00
  3.02734E-01  2.46908E+00
  3.06641E-01  2.46056E+00
  3.10547E-01  2.45197E+00
  3.14453E-01  2.44331E+00
  3.18359E-01  2.43456E+00
  3.22266E-01  2.42574E+00
  3.26172E-01  2.41684E+00
  3.30078E-01  2.40787E+00
  3.33984E-01  2.39881E+00
  3.37891E-01  2.38968E+00
  3.41797E-01  2.38047E+00
  3.45703E-01  2.37117E+00
  3.49609E-01  2.36180E+00
  3.53516E-01  2.35234E+00
  3.57422E-01  2.34280E+00
  3.61328E-01  2.33318E+00
  3.65234E-01  2.32348E+00
  3.69141E-01  2.31369E+00
  3.73047E-01  2.30381E+00
  3.76953E-01  2.29385E+00
  3.80859E-01  2.28380E+00
  3.84766E-01  2.27367E+00
  3.88672E-01  2.26344E+00
  3.92578E-01  2.25313E+00
  3.96484E-01  2.24272E+00
  4.00391E-01  2.23222E+00
  4.04297E-01  2.22163E+00
  4.08203E-01  2.21095E+00
  4.12109E-01  2.20017E+00
  4.16016E-01  2.18930E+00
  4.19922E-01  2.17833E+00
  4.23828E-01  2.16726E+00
  4.27734E-01  2.15609E+00
  4.31641E-01  2.14482E+00
  4.35547E-01  2.13345E+00
  4.39453E-01  2.12198E+00
  4.43359E-01  2.11040E+00
  4.47266E-01  2.09871E+00
  4.51172E-01  2.08691E+00
  4.55078E-01  2.07500E+00
  4.58984E-01  2.06298E+00
  4.62891E-01  2.05085E+00
  4.66797E-01  2.03860E+00
  4.70703E-01  2.02624E+00
  4.74609E-01  2.01376E+00
  4.78516E-01  2.00115E+00
  4.82422E-01  1.98842E+00
  4.86328E-01  1.97557E+00
  4.90234E-01  1.96259E+00
  4.94141E-01  1.94947E+00
  4.98047E-01  1.93623E+00
  5.01953E-01  1.92284E+00
  5.05859E-01  1.90931E+00
  5.09766E-01  1.89564E+00
  5.13672E-01  1.88183E+00
  5.17578E-01  1.86786E+00
  5.21484E-01  1.85374E+00
  5.25391E-01  1.83947E+00
  5.29297E-01  1.82503E+00
  5.33203E-01  1.81043E+00
  5.37109E-01  1.79566E+00
  5.41016E-01  1.78071E+00
  5.44922E-01  1.76559E+00
  5.48828E-01  1.75028E+00
  5.52734E-01  1.73478E+00
  5.56641E-01  1.71909E+00
  5.60547E-01  1.70320E+00
  5.64453E-01  1.68710E+00
  5.68359E-01  1.67078E+00
  5.72266E-01  1.65424E+00
  5.76172E-01  1.63747E+00
  5.80078E-01  1.62045E+00
  5.83984E-01  1.60319E+00
  5.87891E-01  1.58567E+00
  5.91797E-01  1.56787E+00
  5.95703E-01  1.54979E+00
  5.99609E-01  1.53142E+00
  6.03516E-01  1.51273E+00
  6.07422E-01  1.49372E+00
  6.11328E-01  1.47437E+00
  6.15234E-01  1.45466E+00
  6.19141E-01  1.43456E+00
  6.23047E-01  1.41407E+00
  6.26953E-01  1.39316E+00
  6.30859E-01  1.37180E+00
  6.34766E-01  1.34995E+00
  6.38672E-01  1.32759E+00
  6.42578E-01  1.30468E+00
  6.46484E-01  1.28119E+00
  6.50391E-01  1.25705E+00
  6.54297E-01  1.23223E+00
  6.58203E-01  1.20664E+00
  6.62109E-01  1.18022E+00
  6.66016E-01  1.15287E+00
  6.69922E-01  1.12449E+00
  6.73828E-01  1.09496E+00
  6.77734E-01  1.06412E+00
  6.81641E-01  1.03176E+00
  6.85547E-01  9.97634E-01
  6.89453E-01  9.61378E-01
  6.93359E-01  9.22378E-01
  6.97266E-01  8.78640E-01
  7.01172E-01  8.18782E-01
  7.05078E-01  6.91033E-01
  7.08984E-01  2.13698E-01
  7.12891E-01  1.65536E-01
  7.16797E-01  1.60127E-01
  7.20703E-01  1.58079E-01
  7.24609E-01  1.55717E-01
  7.28516E-01  1.53379E-01
  7.32422E-01  1.51095E-01
  7.36328E-01  1.48854E-01
  7.40234E-01  1.46665E-01
  7.44141E-01  1.44506E-01
  7.48047E-01  1.42396E-01
  7.51953E-01  1.40320E-01
  7.55859E-01  1.38296E-01
  7.59766E-01  1.36305E-01
  7.63672E-01  1.34349E-01
  7.67578E-01  1.32433E-01
  7.71484E-01  1.30555E-01
  7.75391E-01  1.28709E-01
  7.79297E-01  1.26896E-01
  7.83203E-01  1.25124E-01
  7.87109E-01  1.23381E-01
  7.91016E-01  1.21669E-01
  7.94922E-01  1.19988E-01
  7.98828E-01  1.18338E-01
  8.02734E-01  1.16717E-01
  8.06641E-01  1.15132E-01
  8.10547E-01  1.13575E-01
  8.14453E-01  1.12045E-01
  8.18359E-01  1.10538E-01
  8.22266E-01  1.09059E-01
  8.26172E-01  1.07603E-01
  8.30078E-01  1.06177E-01
  8.33984E-01  1.04775E-01
  8.37891E-01  1.03397E-01
  8.41797E-01  1.02047E-01
  8.45703E-01  1.00718E-01
  8.49609E-01  9.94102E-02
  8.53516E-01  9.81223E-02
  8.57422E-01  9.68615E-02
  8.61328E-01  9.56145E-02
  8.65234E-01  9.43889E-02
  8.69141E-01  9.31908E-02
  8.73047E-01  9.20158E-02
  8.76953E-01  9.08583E-02
  8.80859E-01  8.97196E-02
  8.84766E-01  8.85907E-02
  8.88672E-01  8.74769E-02
  8.92578E-01  8.63810E-02
  8.96484E-01  8.53055E-02
  9.00391E-01  8.42459E-02
  9.04297E-01  8.32066E-02
  9.08203E-01  8.21871E-02
  9.12109E-01  8.11843E-02
  9.16016E-01  8.01955E-02
  9.19922E-01  7.92192E-02
  9.23828E-01  7.82523E-02
  9.27734E-01  7.73013E-02
  9.31641E-01  7.63609E-02
  9.35547E-01  7.54320E-02
  9.39453E-01  7.45183E-02
  9.43359E-01  7.36148E-02
  9.47266E-01  7.27217E-02
  9.51172E-01  7.18367E-02
  9.55078E-01  7.09636E-02
  9.58984E-01  7.00972E-02
  9.62891E-01  6.92345E-02
  9.66797E-01  6.83759E-02
  9.70703E-01  6.75129E-02
  9.74609E-01  6.66440E-02
  9.78516E-01  6.57576E-02
  9.82422E-01  6.48432E-02
  9.86328E-01  6.38887E-02
  9.90234E-01  6.28649E-02
  9.94141E-01  6.17700E-02
  9.98047E-01  6.08311E-02
  1.00195E+00  6.08311E-02
