 -1.95312E-03  2.95450E+00
  1.95312E-03  2.95519E+00
  5.85938E-03  2.95106E+00
  9.76562E-03  2.94758E+00
  1.36719E-02  2.94415E+00
  1.75781E-02  2.94070E+00
  2.14844E-02  2.93720E+00
  2.53906E-02  2.93364E+00
  2.92969E-02  2.93001E+00
  3.32031E-02  2.92633E+00
  3.71094E-02  2.92257E+00
  4.10156E-02  2.91875E+00
  4.49219E-02  2.91486E+00
  4.88281E-02  2.91091E+00
  5.27344E-02  2.90689E+00
  5.66406E-02  2.90280E+00
  6.05469E-02  2.89865E+00
  6.44531E-02  2.89443E+00
  6.83594E-02  2.89015E+00
  7.22656E-02  2.88580E+00
  7.61719E-02  2.88138E+00
  8.00781E-02  2.87690E+00
  8.39844E-02  2.87235E+00
  8.78906E-02  2.86773E+00
  9.17969E-02  2.86305E+00
  9.57031E-02  2.85830E+00
  9.96094E-02  2.85349E+00
  1.03516E-01  2.84861E+00
  1.07422E-01  2.84367E+00
  1.11328E-01  2.83866E+00
  1.15234E-01  2.83358E+00
  1.19141E-01  2.82844E+00
  1.23047E-01  2.82323E+00
  1.26953E-01  2.81796E+00
  1.30859E-01  2.81262E+00
  1.34766E-01  2.80722E+00
  1.38672E-01  2.80175E+00
  1.42578E-01  2.79622E+00
  1.46484E-01  2.79061E+00
  1.50391E-01  2.78495E+00
  1.54297E-01  2.77922E+00
  1.58203E-01  2.77342E+00
  1.62109E-01  2.76755E+00
  1.66016E-01  2.76163E+00
  1.69922E-01  2.75563E+00
  1.73828E-01  2.74957E+00
  1.77734E-01  2.74344E+00
  1.81641E-01  2.73725E+00
  1.85547E-01  2.73099E+00
  1.89453E-01  2.72467E+00
  1.93359E-01  2.71828E+00
  1.97266E-01  2.71182E+00
  2.01172E-01  2.70530E+00
  2.05078E-01  2.69871E+00
  2.08984E-01  2.69205E+00
  2.12891E-01  2.68533E+00
  2.16797E-01  2.67854E+00
  2.20703E-01  2.67168E+00
  2.24609E-01  2.66475E+00
  2.28516E-01  2.65776E+00
  2.32422E-01  2.65070E+00
  2.36328E-01  2.64357E+00
  2.40234E-01  2.63637E+00
  2.44141E-01  2.62911E+00
  2.48047E-01  2.62178E+00
  2.51953E-01  2.61438E+00
  2.55859E-01  2.60691E+00
  2.59766E-01  2.59937E+00
  2.63672E-01  2.59176E+00
  2.67578E-01  2.58408E+00
  2.71484E-01  2.57633E+00
  2.75391E-01  2.56852E+00
  2.79297E-01  2.56062E+00
  2.83203E-01  2.55266E+00
  2.87109E-01  2.54463E+00
  2.91016E-01  2.53653E+00
  2.94922E-01  2.52835E+00
  2.98828E-01  2.52010E+00
  3.02734E-01  2.51178E+00
  3.06641E-01  2.50339E+00
  3.10547E-01  2.49492E+00
  3.14453E-01  2.48638E+00
  3.18359E-01  2.47777E+00
  3.22266E-01  2.46908E+00
  3.26172E-01  2.46031E+00
  3.30078E-01  2.45147E+00
  3.33984E-01  2.44255E+00
  3.37891E-01  2.43356E+00
  3.41797E-01  2.42448E+00
  3.45703E-01  2.41533E+00
  3.49609E-01  2.40610E+00
  3.53516E-01  2.39679E+00
  3.57422E-01  2.38740E+00
  3.61328E-01  2.37793E+00
  3.65234E-01  2.36838E+00
  3.69141E-01  2.35875E+00
  3.73047E-01  2.34903E+00
  3.76953E-01  2.33923E+00
  3.80859E-01  2.32935E+00
  3.84766E-01  2.31939E+00
  3.88672E-01  2.30933E+00
  3.92578E-01  2.29919E+00
  3.96484E-01  2.28897E+00
  4.00391E-01  2.27865E+00
  4.04297E-01  2.26824E+00
  4.08203E-01  2.25774E+00
  4.12109E-01  2.24716E+00
  4.16016E-01  2.23648E+00
  4.19922E-01  2.22570E+00
  4.23828E-01  2.21484E+00
  4.27734E-01  2.20388E+00
  4.31641E-01  2.19282E+00
  4.35547E-01  2.18166E+00
  4.39453E-01  2.17041E+00
  4.43359E-01  2.15905E+00
  4.47266E-01  2.14759E+00
  4.51172E-01  2.13603E+00
  4.55078E-01  2.12436E+00
  4.58984E-01  2.11259E+00
  4.62891E-01  2.10070E+00
  4.66797E-01  2.08871E+00
  4.70703E-01  2.07660E+00
  4.74609E-01  2.06438E+00
  4.78516E-01  2.05205E+00
  4.82422E-01  2.03959E+00
  4.86328E-01  2.02702E+00
  4.90234E-01  2.01432E+00
  4.94141E-01  2.00150E+00
  4.98047E-01  1.98855E+00
  5.01953E-01  1.97547E+00
  5.05859E-01  1.96225E+00
  5.09766E-01  1.94890E+00
  5.13672E-01  1.93541E+00
  5.17578E-01  1.92178E+00
  5.21484E-01  1.90800E+00
  5.25391E-01  1.89407E+00
  5.29297E-01  1.87999E+00
  5.33203E-01  1.86576E+00
  5.37109E-01  1.85136E+00
  5.41016E-01  1.83680E+00
  5.44922E-01  1.82206E+00
  5.48828E-01  1.80716E+00
  5.52734E-01  1.79207E+00
  5.56641E-01  1.77680E+00
  5.60547E-01  1.76134E+00
  5.64453E-01  1.74568E+00
  5.68359E-01  1.72981E+00
  5.72266E-01  1.71374E+00
  5.76172E-01  1.69745E+00
  5.80078E-01  1.68093E+00
  5.83984E-01  1.66417E+00
  5.87891E-01  1.64718E+00
  5.91797E-01  1.62993E+00
  5.95703E-01  1.61241E+00
  5.99609E-01  1.59461E+00
  6.03516E-01  1.57653E+00
  6.07422E-01  1.55814E+00
  6.11328E-01  1.53944E+00
  6.15234E-01  1.52040E+00
  6.19141E-01  1.50100E+00
  6.23047E-01  1.48124E+00
  6.26953E-01  1.46107E+00
  6.30859E-01  1.44049E+00
  6.34766E-01  1.41946E+00
  6.38672E-01  1.39796E+00
  6.42578E-01  1.37594E+00
  6.46484E-01  1.35338E+00
  6.50391E-01  1.33023E+00
  6.54297E-01  1.30645E+00
  6.58203E-01  1.28197E+00
  6.62109E-01  1.25674E+00
  6.66016E-01  1.23067E+00
  6.69922E-01  1.20368E+00
  6.73828E-01  1.17566E+00
  6.77734E-01  1.14647E+00
  6.81641E-01  1.11596E+00
  6.85547E-01  1.08393E+00
  6.89453E-01  1.05010E+00
  6.93359E-01  1.01409E+00
  6.97266E-01  9.74912E-01
  7.01172E-01  9.26337E-01
  7.05078E-01  8.23128E-01
  7.08984E-01  7.50333E-02
  7.12891E-01  6.96042E-02
  7.16797E-01  6.87387E-02
  7.20703E-01  6.76360E-02
  7.24609E-01  6.65828E-02
  7.28516E-01  6.55389E-02
  7.32422E-01  6.45281E-02
  7.36328E-01  6.35270E-02
  7.40234E-01  6.25650E-02
  7.44141E-01  6.16057E-02
  7.48047E-01  6.06744E-02
  7.51953E-01  5.97519E-02
  7.55859E-01  5.88612E-02
  7.59766E-01  5.79731E-02
  7.63672E-01  5.71104E-02
  7.67578E-01  5.62523E-02
  7.71484E-01  5.54228E-02
  7.75391E-01  5.45993E-02
  7.79297E-01  5.38007E-02
  7.83203E-01  5.30117E-02
  7.87109E-01  5.22417E-02
  7.91016E-01  5.14838E-02
  7.94922E-01  5.07498E-02
  7.98828E-01  5.00275E-02
  8.02734E-01  4.93202E-02
  8.06641E-01  4.86270E-02
  8.10547E-01  4.79353E-02
  8.14453E-01  4.72599E-02
  8.18359E-01  4.66018E-02
  8.22266E-01  4.59511E-02
  8.26172E-01  4.53086E-02
  8.30078E-01  4.46852E-02
  8.33984E-01  4.40687E-02
  8.37891E-01  4.34697E-02
  8.41797E-01  4.28741E-02
  8.45703E-01  4.22943E-02
  8.49609E-01  4.17187E-02
  8.53516E-01  4.11512E-02
  8.57422E-01  4.05992E-02
  8.61328E-01  4.00574E-02
  8.65234E-01  3.95149E-02
  8.69141E-01  3.89879E-02
  8.73047E-01  3.84765E-02
  8.76953E-01  3.79635E-02
  8.80859E-01  3.74607E-02
  8.84766E-01  3.69720E-02
  8.88672E-01  3.64901E-02
  8.92578E-01  3.60118E-02
  8.96484E-01  3.55436E-02
  9.00391E-01  3.50814E-02
  9.04297E-01  3.46265E-02
  9.08203E-01  3.41794E-02
  9.12109E-01  3.37361E-02
  9.16016E-01  3.33034E-02
  9.19922E-01  3.28767E-02
  9.23828E-01  3.24624E-02
  9.27734E-01  3.20588E-02
  9.31641E-01  3.16546E-02
  9.35547E-01  3.12471E-02
  9.39453E-01  3.08437E-02
  9.43359E-01  3.04442E-02
  9.47266E-01  3.00503E-02
  9.51172E-01  2.96597E-02
  9.55078E-01  2.92725E-02
  9.58984E-01  2.88891E-02
  9.62891E-01  2.85031E-02
  9.66797E-01  2.81159E-02
  9.70703E-01  2.77357E-02
  9.74609E-01  2.73533E-02
  9.78516E-01  2.69675E-02
  9.82422E-01  2.65737E-02
  9.86328E-01  2.61710E-02
  9.90234E-01  2.57640E-02
  9.94141E-01  2.53696E-02
  9.98047E-01  2.51977E-02
  1.00195E+00  2.51977E-02
