 -1.95312E-03  2.96499E+00
  1.95312E-03  2.96537E+00
  5.85938E-03  2.96122E+00
  9.76562E-03  2.95774E+00
  1.36719E-02  2.95432E+00
  1.75781E-02  2.95086E+00
  2.14844E-02  2.94736E+00
  2.53906E-02  2.94380E+00
  2.92969E-02  2.94018E+00
  3.32031E-02  2.93649E+00
  3.71094E-02  2.93274E+00
  4.10156E-02  2.92893E+00
  4.49219E-02  2.92504E+00
  4.88281E-02  2.92110E+00
  5.27344E-02  2.91708E+00
  5.66406E-02  2.91300E+00
  6.05469E-02  2.90885E+00
  6.44531E-02  2.90464E+00
  6.83594E-02  2.90036E+00
  7.22656E-02  2.89602E+00
  7.61719E-02  2.89161E+00
  8.00781E-02  2.88713E+00
  8.39844E-02  2.88259E+00
  8.78906E-02  2.87798E+00
  9.17969E-02  2.87331E+00
  9.57031E-02  2.86857E+00
  9.96094E-02  2.86376E+00
  1.03516E-01  2.85889E+00
  1.07422E-01  2.85396E+00
  1.11328E-01  2.84895E+00
  1.15234E-01  2.84389E+00
  1.19141E-01  2.83876E+00
  1.23047E-01  2.83356E+00
  1.26953E-01  2.82830E+00
  1.30859E-01  2.82297E+00
  1.34766E-01  2.81758E+00
  1.38672E-01  2.81212E+00
  1.42578E-01  2.80660E+00
  1.46484E-01  2.80101E+00
  1.50391E-01  2.79536E+00
  1.54297E-01  2.78964E+00
  1.58203E-01  2.78386E+00
  1.62109E-01  2.77801E+00
  1.66016E-01  2.77210E+00
  1.69922E-01  2.76612E+00
  1.73828E-01  2.76007E+00
  1.77734E-01  2.75396E+00
  1.81641E-01  2.74779E+00
  1.85547E-01  2.74154E+00
  1.89453E-01  2.73524E+00
  1.93359E-01  2.72886E+00
  1.97266E-01  2.72242E+00
  2.01172E-01  2.71592E+00
  2.05078E-01  2.70934E+00
  2.08984E-01  2.70271E+00
  2.12891E-01  2.69600E+00
  2.16797E-01  2.68923E+00
  2.20703E-01  2.68240E+00
  2.24609E-01  2.67549E+00
  2.28516E-01  2.66852E+00
  2.32422E-01  2.66148E+00
  2.36328E-01  2.65438E+00
  2.40234E-01  2.64720E+00
  2.44141E-01  2.63996E+00
  2.48047E-01  2.63265E+00
  2.51953E-01  2.62527E+00
  2.55859E-01  2.61782E+00
  2.59766E-01  2.61031E+00
  2.63672E-01  2.60272E+00
  2.67578E-01  2.59507E+00
  2.71484E-01  2.58734E+00
  2.75391E-01  2.57955E+00
  2.79297E-01  2.57168E+00
  2.83203E-01  2.56375E+00
  2.87109E-01  2.55575E+00
  2.91016E-01  2.54767E+00
  2.94922E-01  2.53952E+00
  2.98828E-01  2.53131E+00
  3.02734E-01  2.52302E+00
  3.06641E-01  2.51465E+00
  3.10547E-01  2.50622E+00
  3.14453E-01  2.49771E+00
  3.18359E-01  2.48912E+00
  3.22266E-01  2.48047E+00
  3.26172E-01  2.47173E+00
  3.30078E-01  2.46293E+00
  3.33984E-01  2.45404E+00
  3.37891E-01  2.44508E+00
  3.41797E-01  2.43604E+00
  3.45703E-01  2.42693E+00
  3.49609E-01  2.41774E+00
  3.53516E-01  2.40846E+00
  3.57422E-01  2.39911E+00
  3.61328E-01  2.38968E+00
  3.65234E-01  2.38017E+00
  3.69141E-01  2.37058E+00
  3.73047E-01  2.36091E+00
  3.76953E-01  2.35115E+00
  3.80859E-01  2.34131E+00
  3.84766E-01  2.33139E+00
  3.88672E-01  2.32138E+00
  3.92578E-01  2.31129E+00
  3.96484E-01  2.30110E+00
  4.00391E-01  2.29083E+00
  4.04297E-01  2.28047E+00
  4.08203E-01  2.27002E+00
  4.12109E-01  2.25948E+00
  4.16016E-01  2.24885E+00
  4.19922E-01  2.23813E+00
  4.23828E-01  2.22731E+00
  4.27734E-01  2.21641E+00
  4.31641E-01  2.20540E+00
  4.35547E-01  2.19430E+00
  4.39453E-01  2.18310E+00
  4.43359E-01  2.17180E+00
  4.47266E-01  2.16040E+00
  4.51172E-01  2.14889E+00
  4.55078E-01  2.13729E+00
  4.58984E-01  2.12557E+00
  4.62891E-01  2.11375E+00
  4.66797E-01  2.10182E+00
  4.70703E-01  2.08978E+00
  4.74609E-01  2.07763E+00
  4.78516E-01  2.06536E+00
  4.82422E-01  2.05297E+00
  4.86328E-01  2.04047E+00
  4.90234E-01  2.02784E+00
  4.94141E-01  2.01509E+00
  4.98047E-01  2.00220E+00
  5.01953E-01  1.98919E+00
  5.05859E-01  1.97604E+00
  5.09766E-01  1.96276E+00
  5.13672E-01  1.94933E+00
  5.17578E-01  1.93576E+00
  5.21484E-01  1.92205E+00
  5.25391E-01  1.90818E+00
  5.29297E-01  1.89416E+00
  5.33203E-01  1.87997E+00
  5.37109E-01  1.86563E+00
  5.41016E-01  1.85112E+00
  5.44922E-01  1.83643E+00
  5.48828E-01  1.82156E+00
  5.52734E-01  1.80652E+00
  5.56641E-01  1.79128E+00
  5.60547E-01  1.77585E+00
  5.64453E-01  1.76022E+00
  5.68359E-01  1.74438E+00
  5.72266E-01  1.72832E+00
  5.76172E-01  1.71204E+00
  5.80078E-01  1.69553E+00
  5.83984E-01  1.67878E+00
  5.87891E-01  1.66177E+00
  5.91797E-01  1.64450E+00
  5.95703E-01  1.62696E+00
  5.99609E-01  1.60913E+00
  6.03516E-01  1.59100E+00
  6.07422E-01  1.57256E+00
  6.11328E-01  1.55379E+00
  6.15234E-01  1.53467E+00
  6.19141E-01  1.51519E+00
  6.23047E-01  1.49532E+00
  6.26953E-01  1.47504E+00
  6.30859E-01  1.45432E+00
  6.34766E-01  1.43313E+00
  6.38672E-01  1.41145E+00
  6.42578E-01  1.38924E+00
  6.46484E-01  1.36645E+00
  6.50391E-01  1.34303E+00
  6.54297E-01  1.31893E+00
  6.58203E-01  1.29409E+00
  6.62109E-01  1.26844E+00
  6.66016E-01  1.24189E+00
  6.69922E-01  1.21434E+00
  6.73828E-01  1.18566E+00
  6.77734E-01  1.15569E+00
  6.81641E-01  1.12423E+00
  6.85547E-01  1.09106E+00
  6.89453E-01  1.05583E+00
  6.93359E-01  1.01803E+00
  6.97266E-01  9.76298E-01
  7.01172E-01  9.22533E-01
  7.05078E-01  8.05373E-01
  7.08984E-01  8.49171E-03
  7.12891E-01  8.37837E-03
  7.16797E-01  8.23940E-03
  7.20703E-01  8.10665E-03
  7.24609E-01  7.97351E-03
  7.28516E-01  7.84468E-03
  7.32422E-01  7.71704E-03
  7.36328E-01  7.59484E-03
  7.40234E-01  7.47317E-03
  7.44141E-01  7.35542E-03
  7.48047E-01  7.23782E-03
  7.51953E-01  7.12440E-03
  7.55859E-01  7.01220E-03
  7.59766E-01  6.90409E-03
  7.63672E-01  6.79582E-03
  7.67578E-01  6.69109E-03
  7.71484E-01  6.58771E-03
  7.75391E-01  6.48808E-03
  7.79297E-01  6.38869E-03
  7.83203E-01  6.29217E-03
  7.87109E-01  6.19596E-03
  7.91016E-01  6.10363E-03
  7.94922E-01  6.01186E-03
  7.98828E-01  5.92298E-03
  8.02734E-01  5.83425E-03
  8.06641E-01  5.74861E-03
  8.10547E-01  5.66337E-03
  8.14453E-01  5.58098E-03
  8.18359E-01  5.49851E-03
  8.22266E-01  5.41920E-03
  8.26172E-01  5.34053E-03
  8.30078E-01  5.26372E-03
  8.33984E-01  5.18745E-03
  8.37891E-01  5.11411E-03
  8.41797E-01  5.04086E-03
  8.45703E-01  4.96921E-03
  8.49609E-01  4.89927E-03
  8.53516E-01  4.82987E-03
  8.57422E-01  4.76254E-03
  8.61328E-01  4.69554E-03
  8.65234E-01  4.63050E-03
  8.69141E-01  4.56593E-03
  8.73047E-01  4.50323E-03
  8.76953E-01  4.44072E-03
  8.80859E-01  4.38040E-03
  8.84766E-01  4.32003E-03
  8.88672E-01  4.26138E-03
  8.92578E-01  4.20361E-03
  8.96484E-01  4.14690E-03
  9.00391E-01  4.09089E-03
  9.04297E-01  4.03603E-03
  9.08203E-01  3.98213E-03
  9.12109E-01  3.92917E-03
  9.16016E-01  3.87701E-03
  9.19922E-01  3.82574E-03
  9.23828E-01  3.77541E-03
  9.27734E-01  3.72592E-03
  9.31641E-01  3.67727E-03
  9.35547E-01  3.62948E-03
  9.39453E-01  3.58264E-03
  9.43359E-01  3.53654E-03
  9.47266E-01  3.49134E-03
  9.51172E-01  3.44706E-03
  9.55078E-01  3.40372E-03
  9.58984E-01  3.36160E-03
  9.62891E-01  3.32048E-03
  9.66797E-01  3.28098E-03
  9.70703E-01  3.24273E-03
  9.74609E-01  3.20636E-03
  9.78516E-01  3.17196E-03
  9.82422E-01  3.13983E-03
  9.86328E-01  3.10978E-03
  9.90234E-01  3.08138E-03
  9.94141E-01  3.05486E-03
  9.98047E-01  3.04248E-03
  1.00195E+00  3.04248E-03
