 -1.95312E-03  2.96384E+00
  1.95312E-03  2.96422E+00
  5.85938E-03  2.96008E+00
  9.76562E-03  2.95660E+00
  1.36719E-02  2.95317E+00
  1.75781E-02  2.94972E+00
  2.14844E-02  2.94622E+00
  2.53906E-02  2.94266E+00
  2.92969E-02  2.93903E+00
  3.32031E-02  2.93535E+00
  3.71094E-02  2.93160E+00
  4.10156E-02  2.92778E+00
  4.49219E-02  2.92390E+00
  4.88281E-02  2.91995E+00
  5.27344E-02  2.91593E+00
  5.66406E-02  2.91185E+00
  6.05469E-02  2.90771E+00
  6.44531E-02  2.90350E+00
  6.83594E-02  2.89922E+00
  7.22656E-02  2.89487E+00
  7.61719E-02  2.89046E+00
  8.00781E-02  2.88599E+00
  8.39844E-02  2.88144E+00
  8.78906E-02  2.87684E+00
  9.17969E-02  2.87216E+00
  9.57031E-02  2.86743E+00
  9.96094E-02  2.86262E+00
  1.03516E-01  2.85775E+00
  1.07422E-01  2.85282E+00
  1.11328E-01  2.84781E+00
  1.15234E-01  2.84275E+00
  1.19141E-01  2.83762E+00
  1.23047E-01  2.83242E+00
  1.26953E-01  2.82716E+00
  1.30859E-01  2.82183E+00
  1.34766E-01  2.81644E+00
  1.38672E-01  2.81099E+00
  1.42578E-01  2.80546E+00
  1.46484E-01  2.79988E+00
  1.50391E-01  2.79423E+00
  1.54297E-01  2.78851E+00
  1.58203E-01  2.78273E+00
  1.62109E-01  2.77688E+00
  1.66016E-01  2.77097E+00
  1.69922E-01  2.76499E+00
  1.73828E-01  2.75894E+00
  1.77734E-01  2.75283E+00
  1.81641E-01  2.74666E+00
  1.85547E-01  2.74041E+00
  1.89453E-01  2.73411E+00
  1.93359E-01  2.72773E+00
  1.97266E-01  2.72130E+00
  2.01172E-01  2.71479E+00
  2.05078E-01  2.70822E+00
  2.08984E-01  2.70158E+00
  2.12891E-01  2.69488E+00
  2.16797E-01  2.68811E+00
  2.20703E-01  2.68127E+00
  2.24609E-01  2.67437E+00
  2.28516E-01  2.66740E+00
  2.32422E-01  2.66036E+00
  2.36328E-01  2.65326E+00
  2.40234E-01  2.64608E+00
  2.44141E-01  2.63884E+00
  2.48047E-01  2.63153E+00
  2.51953E-01  2.62415E+00
  2.55859E-01  2.61670E+00
  2.59766E-01  2.60918E+00
  2.63672E-01  2.60159E+00
  2.67578E-01  2.59394E+00
  2.71484E-01  2.58621E+00
  2.75391E-01  2.57842E+00
  2.79297E-01  2.57055E+00
  2.83203E-01  2.56261E+00
  2.87109E-01  2.55461E+00
  2.91016E-01  2.54653E+00
  2.94922E-01  2.53838E+00
  2.98828E-01  2.53017E+00
  3.02734E-01  2.52187E+00
  3.06641E-01  2.51351E+00
  3.10547E-01  2.50507E+00
  3.14453E-01  2.49656E+00
  3.18359E-01  2.48798E+00
  3.22266E-01  2.47932E+00
  3.26172E-01  2.47059E+00
  3.30078E-01  2.46178E+00
  3.33984E-01  2.45290E+00
  3.37891E-01  2.44394E+00
  3.41797E-01  2.43490E+00
  3.45703E-01  2.42579E+00
  3.49609E-01  2.41660E+00
  3.53516E-01  2.40733E+00
  3.57422E-01  2.39797E+00
  3.61328E-01  2.38855E+00
  3.65234E-01  2.37904E+00
  3.69141E-01  2.36945E+00
  3.73047E-01  2.35978E+00
  3.76953E-01  2.35003E+00
  3.80859E-01  2.34019E+00
  3.84766E-01  2.33027E+00
  3.88672E-01  2.32026E+00
  3.92578E-01  2.31017E+00
  3.96484E-01  2.29999E+00
  4.00391E-01  2.28972E+00
  4.04297E-01  2.27937E+00
  4.08203E-01  2.26892E+00
  4.12109E-01  2.25839E+00
  4.16016E-01  2.24776E+00
  4.19922E-01  2.23704E+00
  4.23828E-01  2.22623E+00
  4.27734E-01  2.21533E+00
  4.31641E-01  2.20433E+00
  4.35547E-01  2.19323E+00
  4.39453E-01  2.18204E+00
  4.43359E-01  2.17074E+00
  4.47266E-01  2.15935E+00
  4.51172E-01  2.14785E+00
  4.55078E-01  2.13625E+00
  4.58984E-01  2.12455E+00
  4.62891E-01  2.11274E+00
  4.66797E-01  2.10082E+00
  4.70703E-01  2.08879E+00
  4.74609E-01  2.07664E+00
  4.78516E-01  2.06439E+00
  4.82422E-01  2.05201E+00
  4.86328E-01  2.03953E+00
  4.90234E-01  2.02692E+00
  4.94141E-01  2.01418E+00
  4.98047E-01  2.00132E+00
  5.01953E-01  1.98834E+00
  5.05859E-01  1.97522E+00
  5.09766E-01  1.96196E+00
  5.13672E-01  1.94857E+00
  5.17578E-01  1.93503E+00
  5.21484E-01  1.92135E+00
  5.25391E-01  1.90753E+00
  5.29297E-01  1.89355E+00
  5.33203E-01  1.87942E+00
  5.37109E-01  1.86513E+00
  5.41016E-01  1.85068E+00
  5.44922E-01  1.83606E+00
  5.48828E-01  1.82126E+00
  5.52734E-01  1.80630E+00
  5.56641E-01  1.79115E+00
  5.60547E-01  1.77580E+00
  5.64453E-01  1.76027E+00
  5.68359E-01  1.74453E+00
  5.72266E-01  1.72859E+00
  5.76172E-01  1.71243E+00
  5.80078E-01  1.69604E+00
  5.83984E-01  1.67943E+00
  5.87891E-01  1.66258E+00
  5.91797E-01  1.64547E+00
  5.95703E-01  1.62811E+00
  5.99609E-01  1.61047E+00
  6.03516E-01  1.59255E+00
  6.07422E-01  1.57433E+00
  6.11328E-01  1.55579E+00
  6.15234E-01  1.53693E+00
  6.19141E-01  1.51771E+00
  6.23047E-01  1.49812E+00
  6.26953E-01  1.47815E+00
  6.30859E-01  1.45777E+00
  6.34766E-01  1.43694E+00
  6.38672E-01  1.41565E+00
  6.42578E-01  1.39387E+00
  6.46484E-01  1.37153E+00
  6.50391E-01  1.34862E+00
  6.54297E-01  1.32508E+00
  6.58203E-01  1.30085E+00
  6.62109E-01  1.27587E+00
  6.66016E-01  1.25007E+00
  6.69922E-01  1.22335E+00
  6.73828E-01  1.19560E+00
  6.77734E-01  1.16670E+00
  6.81641E-01  1.13648E+00
  6.85547E-01  1.10472E+00
  6.89453E-01  1.07118E+00
  6.93359E-01  1.03547E+00
  6.97266E-01  9.96653E-01
  7.01172E-01  9.48909E-01
  7.05078E-01  8.47448E-01
  7.08984E-01  3.08277E-02
  7.12891E-01  3.00258E-02
  7.16797E-01  2.96563E-02
  7.20703E-01  2.91693E-02
  7.24609E-01  2.87031E-02
  7.28516E-01  2.82364E-02
  7.32422E-01  2.78063E-02
  7.36328E-01  2.73847E-02
  7.40234E-01  2.69699E-02
  7.44141E-01  2.65515E-02
  7.48047E-01  2.61316E-02
  7.51953E-01  2.57132E-02
  7.55859E-01  2.53078E-02
  7.59766E-01  2.49280E-02
  7.63672E-01  2.45615E-02
  7.67578E-01  2.42015E-02
  7.71484E-01  2.38488E-02
  7.75391E-01  2.34938E-02
  7.79297E-01  2.31376E-02
  7.83203E-01  2.27813E-02
  7.87109E-01  2.24292E-02
  7.91016E-01  2.20843E-02
  7.94922E-01  2.17470E-02
  7.98828E-01  2.14190E-02
  8.02734E-01  2.11086E-02
  8.06641E-01  2.08120E-02
  8.10547E-01  2.05221E-02
  8.14453E-01  2.02380E-02
  8.18359E-01  1.99583E-02
  8.22266E-01  1.96824E-02
  8.26172E-01  1.94116E-02
  8.30078E-01  1.91454E-02
  8.33984E-01  1.88826E-02
  8.37891E-01  1.86238E-02
  8.41797E-01  1.83704E-02
  8.45703E-01  1.81216E-02
  8.49609E-01  1.78729E-02
  8.53516E-01  1.76214E-02
  8.57422E-01  1.73717E-02
  8.61328E-01  1.71248E-02
  8.65234E-01  1.68820E-02
  8.69141E-01  1.66443E-02
  8.73047E-01  1.64110E-02
  8.76953E-01  1.61813E-02
  8.80859E-01  1.59548E-02
  8.84766E-01  1.57333E-02
  8.88672E-01  1.55190E-02
  8.92578E-01  1.53103E-02
  8.96484E-01  1.51050E-02
  9.00391E-01  1.49006E-02
  9.04297E-01  1.46990E-02
  9.08203E-01  1.45028E-02
  9.12109E-01  1.43097E-02
  9.16016E-01  1.41196E-02
  9.19922E-01  1.39323E-02
  9.23828E-01  1.37475E-02
  9.27734E-01  1.35650E-02
  9.31641E-01  1.33848E-02
  9.35547E-01  1.32069E-02
  9.39453E-01  1.30311E-02
  9.43359E-01  1.28574E-02
  9.47266E-01  1.26858E-02
  9.51172E-01  1.25162E-02
  9.55078E-01  1.23484E-02
  9.58984E-01  1.21824E-02
  9.62891E-01  1.20182E-02
  9.66797E-01  1.18556E-02
  9.70703E-01  1.16946E-02
  9.74609E-01  1.15353E-02
  9.78516E-01  1.13779E-02
  9.82422E-01  1.12232E-02
  9.86328E-01  1.10730E-02
  9.90234E-01  1.09351E-02
  9.94141E-01  1.08570E-02
  9.98047E-01  1.08196E-02
  1.00195E+00  1.08196E-02
