 -1.95312E-03  2.96510E+00
  1.95312E-03  2.96548E+00
  5.85938E-03  2.96134E+00
  9.76562E-03  2.95785E+00
  1.36719E-02  2.95443E+00
  1.75781E-02  2.95097E+00
  2.14844E-02  2.94747E+00
  2.53906E-02  2.94391E+00
  2.92969E-02  2.94029E+00
  3.32031E-02  2.93661E+00
  3.71094E-02  2.93286E+00
  4.10156E-02  2.92904E+00
  4.49219E-02  2.92516E+00
  4.88281E-02  2.92121E+00
  5.27344E-02  2.91719E+00
  5.66406E-02  2.91311E+00
  6.05469E-02  2.90896E+00
  6.44531E-02  2.90475E+00
  6.83594E-02  2.90048E+00
  7.22656E-02  2.89613E+00
  7.61719E-02  2.89172E+00
  8.00781E-02  2.88724E+00
  8.39844E-02  2.88270E+00
  8.78906E-02  2.87809E+00
  9.17969E-02  2.87342E+00
  9.57031E-02  2.86868E+00
  9.96094E-02  2.86388E+00
  1.03516E-01  2.85900E+00
  1.07422E-01  2.85407E+00
  1.11328E-01  2.84907E+00
  1.15234E-01  2.84400E+00
  1.19141E-01  2.83887E+00
  1.23047E-01  2.83367E+00
  1.26953E-01  2.82841E+00
  1.30859E-01  2.82308E+00
  1.34766E-01  2.81769E+00
  1.38672E-01  2.81223E+00
  1.42578E-01  2.80671E+00
  1.46484E-01  2.80112E+00
  1.50391E-01  2.79547E+00
  1.54297E-01  2.78975E+00
  1.58203E-01  2.78397E+00
  1.62109E-01  2.77812E+00
  1.66016E-01  2.77221E+00
  1.69922E-01  2.76623E+00
  1.73828E-01  2.76018E+00
  1.77734E-01  2.75407E+00
  1.81641E-01  2.74789E+00
  1.85547E-01  2.74165E+00
  1.89453E-01  2.73534E+00
  1.93359E-01  2.72897E+00
  1.97266E-01  2.72253E+00
  2.01172E-01  2.71602E+00
  2.05078E-01  2.70945E+00
  2.08984E-01  2.70282E+00
  2.12891E-01  2.69611E+00
  2.16797E-01  2.68934E+00
  2.20703E-01  2.68250E+00
  2.24609E-01  2.67560E+00
  2.28516E-01  2.66863E+00
  2.32422E-01  2.66159E+00
  2.36328E-01  2.65449E+00
  2.40234E-01  2.64731E+00
  2.44141E-01  2.64007E+00
  2.48047E-01  2.63276E+00
  2.51953E-01  2.62538E+00
  2.55859E-01  2.61793E+00
  2.59766E-01  2.61042E+00
  2.63672E-01  2.60283E+00
  2.67578E-01  2.59518E+00
  2.71484E-01  2.58745E+00
  2.75391E-01  2.57966E+00
  2.79297E-01  2.57180E+00
  2.83203E-01  2.56386E+00
  2.87109E-01  2.55586E+00
  2.91016E-01  2.54778E+00
  2.94922E-01  2.53963E+00
  2.98828E-01  2.53142E+00
  3.02734E-01  2.52313E+00
  3.06641E-01  2.51477E+00
  3.10547E-01  2.50633E+00
  3.14453E-01  2.49782E+00
  3.18359E-01  2.48923E+00
  3.22266E-01  2.48058E+00
  3.26172E-01  2.47184E+00
  3.30078E-01  2.46304E+00
  3.33984E-01  2.45415E+00
  3.37891E-01  2.44519E+00
  3.41797E-01  2.43616E+00
  3.45703E-01  2.42704E+00
  3.49609E-01  2.41785E+00
  3.53516E-01  2.40858E+00
  3.57422E-01  2.39922E+00
  3.61328E-01  2.38979E+00
  3.65234E-01  2.38028E+00
  3.69141E-01  2.37069E+00
  3.73047E-01  2.36102E+00
  3.76953E-01  2.35126E+00
  3.80859E-01  2.34142E+00
  3.84766E-01  2.33150E+00
  3.88672E-01  2.32149E+00
  3.92578E-01  2.31139E+00
  3.96484E-01  2.30121E+00
  4.00391E-01  2.29094E+00
  4.04297E-01  2.28057E+00
  4.08203E-01  2.27012E+00
  4.12109E-01  2.25958E+00
  4.16016E-01  2.24895E+00
  4.19922E-01  2.23823E+00
  4.23828E-01  2.22741E+00
  4.27734E-01  2.21650E+00
  4.31641E-01  2.20549E+00
  4.35547E-01  2.19439E+00
  4.39453E-01  2.18319E+00
  4.43359E-01  2.17188E+00
  4.47266E-01  2.16048E+00
  4.51172E-01  2.14897E+00
  4.55078E-01  2.13736E+00
  4.58984E-01  2.12564E+00
  4.62891E-01  2.11382E+00
  4.66797E-01  2.10188E+00
  4.70703E-01  2.08983E+00
  4.74609E-01  2.07767E+00
  4.78516E-01  2.06539E+00
  4.82422E-01  2.05299E+00
  4.86328E-01  2.04048E+00
  4.90234E-01  2.02784E+00
  4.94141E-01  2.01508E+00
  4.98047E-01  2.00219E+00
  5.01953E-01  1.98916E+00
  5.05859E-01  1.97601E+00
  5.09766E-01  1.96272E+00
  5.13672E-01  1.94928E+00
  5.17578E-01  1.93570E+00
  5.21484E-01  1.92198E+00
  5.25391E-01  1.90810E+00
  5.29297E-01  1.89407E+00
  5.33203E-01  1.87987E+00
  5.37109E-01  1.86552E+00
  5.41016E-01  1.85099E+00
  5.44922E-01  1.83630E+00
  5.48828E-01  1.82142E+00
  5.52734E-01  1.80636E+00
  5.56641E-01  1.79111E+00
  5.60547E-01  1.77566E+00
  5.64453E-01  1.76001E+00
  5.68359E-01  1.74415E+00
  5.72266E-01  1.72808E+00
  5.76172E-01  1.71178E+00
  5.80078E-01  1.69525E+00
  5.83984E-01  1.67847E+00
  5.87891E-01  1.66145E+00
  5.91797E-01  1.64416E+00
  5.95703E-01  1.62659E+00
  5.99609E-01  1.60874E+00
  6.03516E-01  1.59058E+00
  6.07422E-01  1.57211E+00
  6.11328E-01  1.55332E+00
  6.15234E-01  1.53417E+00
  6.19141E-01  1.51466E+00
  6.23047E-01  1.49476E+00
  6.26953E-01  1.47444E+00
  6.30859E-01  1.45369E+00
  6.34766E-01  1.43246E+00
  6.38672E-01  1.41074E+00
  6.42578E-01  1.38847E+00
  6.46484E-01  1.36563E+00
  6.50391E-01  1.34215E+00
  6.54297E-01  1.31800E+00
  6.58203E-01  1.29309E+00
  6.62109E-01  1.26737E+00
  6.66016E-01  1.24073E+00
  6.69922E-01  1.21307E+00
  6.73828E-01  1.18428E+00
  6.77734E-01  1.15418E+00
  6.81641E-01  1.12259E+00
  6.85547E-01  1.08924E+00
  6.89453E-01  1.05379E+00
  6.93359E-01  1.01571E+00
  6.97266E-01  9.73577E-01
  7.01172E-01  9.18907E-01
  7.05078E-01  7.99323E-01
  7.08984E-01  6.61476E-03
  7.12891E-01  6.52836E-03
  7.16797E-01  6.41963E-03
  7.20703E-01  6.31579E-03
  7.24609E-01  6.21160E-03
  7.28516E-01  6.11162E-03
  7.32422E-01  6.01166E-03
  7.36328E-01  5.91598E-03
  7.40234E-01  5.82061E-03
  7.44141E-01  5.72912E-03
  7.48047E-01  5.63741E-03
  7.51953E-01  5.54907E-03
  7.55859E-01  5.46088E-03
  7.59766E-01  5.37643E-03
  7.63672E-01  5.29246E-03
  7.67578E-01  5.21155E-03
  7.71484E-01  5.13033E-03
  7.75391E-01  5.05207E-03
  7.79297E-01  4.97422E-03
  7.83203E-01  4.89944E-03
  7.87109E-01  4.82481E-03
  7.91016E-01  4.75273E-03
  7.94922E-01  4.68090E-03
  7.98828E-01  4.61180E-03
  8.02734E-01  4.54249E-03
  8.06641E-01  4.47592E-03
  8.10547E-01  4.40955E-03
  8.14453E-01  4.34539E-03
  8.18359E-01  4.28114E-03
  8.22266E-01  4.21941E-03
  8.26172E-01  4.15810E-03
  8.30078E-01  4.09843E-03
  8.33984E-01  4.03906E-03
  8.37891E-01  3.98182E-03
  8.41797E-01  3.92484E-03
  8.45703E-01  3.86955E-03
  8.49609E-01  3.81439E-03
  8.53516E-01  3.76117E-03
  8.57422E-01  3.70824E-03
  8.61328E-01  3.65668E-03
  8.65234E-01  3.60563E-03
  8.69141E-01  3.55621E-03
  8.73047E-01  3.50671E-03
  8.76953E-01  3.45876E-03
  8.80859E-01  3.41163E-03
  8.84766E-01  3.36490E-03
  8.88672E-01  3.31951E-03
  8.92578E-01  3.27446E-03
  8.96484E-01  3.23072E-03
  9.00391E-01  3.18703E-03
  9.04297E-01  3.14492E-03
  9.08203E-01  3.10286E-03
  9.12109E-01  3.06204E-03
  9.16016E-01  3.02165E-03
  9.19922E-01  2.98214E-03
  9.23828E-01  2.94316E-03
  9.27734E-01  2.90508E-03
  9.31641E-01  2.86758E-03
  9.35547E-01  2.83079E-03
  9.39453E-01  2.79472E-03
  9.43359E-01  2.75944E-03
  9.47266E-01  2.72492E-03
  9.51172E-01  2.69116E-03
  9.55078E-01  2.65835E-03
  9.58984E-01  2.62645E-03
  9.62891E-01  2.59549E-03
  9.66797E-01  2.56567E-03
  9.70703E-01  2.53686E-03
  9.74609E-01  2.50952E-03
  9.78516E-01  2.48323E-03
  9.82422E-01  2.45821E-03
  9.86328E-01  2.43421E-03
  9.90234E-01  2.41082E-03
  9.94141E-01  2.38990E-03
  9.98047E-01  2.38035E-03
  1.00195E+00  2.38035E-03
