 -1.95312E-03  2.96398E+00
  1.95312E-03  2.96436E+00
  5.85938E-03  2.96022E+00
  9.76562E-03  2.95673E+00
  1.36719E-02  2.95331E+00
  1.75781E-02  2.94986E+00
  2.14844E-02  2.94636E+00
  2.53906E-02  2.94280E+00
  2.92969E-02  2.93917E+00
  3.32031E-02  2.93549E+00
  3.71094E-02  2.93174E+00
  4.10156E-02  2.92792E+00
  4.49219E-02  2.92404E+00
  4.88281E-02  2.92009E+00
  5.27344E-02  2.91607E+00
  5.66406E-02  2.91199E+00
  6.05469E-02  2.90785E+00
  6.44531E-02  2.90363E+00
  6.83594E-02  2.89936E+00
  7.22656E-02  2.89501E+00
  7.61719E-02  2.89060E+00
  8.00781E-02  2.88613E+00
  8.39844E-02  2.88158E+00
  8.78906E-02  2.87698E+00
  9.17969E-02  2.87230E+00
  9.57031E-02  2.86756E+00
  9.96094E-02  2.86276E+00
  1.03516E-01  2.85789E+00
  1.07422E-01  2.85295E+00
  1.11328E-01  2.84795E+00
  1.15234E-01  2.84288E+00
  1.19141E-01  2.83775E+00
  1.23047E-01  2.83256E+00
  1.26953E-01  2.82729E+00
  1.30859E-01  2.82197E+00
  1.34766E-01  2.81658E+00
  1.38672E-01  2.81112E+00
  1.42578E-01  2.80560E+00
  1.46484E-01  2.80002E+00
  1.50391E-01  2.79436E+00
  1.54297E-01  2.78865E+00
  1.58203E-01  2.78287E+00
  1.62109E-01  2.77702E+00
  1.66016E-01  2.77110E+00
  1.69922E-01  2.76512E+00
  1.73828E-01  2.75908E+00
  1.77734E-01  2.75297E+00
  1.81641E-01  2.74679E+00
  1.85547E-01  2.74055E+00
  1.89453E-01  2.73424E+00
  1.93359E-01  2.72787E+00
  1.97266E-01  2.72143E+00
  2.01172E-01  2.71492E+00
  2.05078E-01  2.70835E+00
  2.08984E-01  2.70172E+00
  2.12891E-01  2.69501E+00
  2.16797E-01  2.68824E+00
  2.20703E-01  2.68141E+00
  2.24609E-01  2.67451E+00
  2.28516E-01  2.66753E+00
  2.32422E-01  2.66050E+00
  2.36328E-01  2.65339E+00
  2.40234E-01  2.64622E+00
  2.44141E-01  2.63897E+00
  2.48047E-01  2.63166E+00
  2.51953E-01  2.62428E+00
  2.55859E-01  2.61683E+00
  2.59766E-01  2.60932E+00
  2.63672E-01  2.60173E+00
  2.67578E-01  2.59407E+00
  2.71484E-01  2.58635E+00
  2.75391E-01  2.57855E+00
  2.79297E-01  2.57069E+00
  2.83203E-01  2.56275E+00
  2.87109E-01  2.55474E+00
  2.91016E-01  2.54667E+00
  2.94922E-01  2.53852E+00
  2.98828E-01  2.53030E+00
  3.02734E-01  2.52201E+00
  3.06641E-01  2.51365E+00
  3.10547E-01  2.50521E+00
  3.14453E-01  2.49670E+00
  3.18359E-01  2.48812E+00
  3.22266E-01  2.47946E+00
  3.26172E-01  2.47072E+00
  3.30078E-01  2.46192E+00
  3.33984E-01  2.45303E+00
  3.37891E-01  2.44408E+00
  3.41797E-01  2.43504E+00
  3.45703E-01  2.42592E+00
  3.49609E-01  2.41673E+00
  3.53516E-01  2.40746E+00
  3.57422E-01  2.39811E+00
  3.61328E-01  2.38868E+00
  3.65234E-01  2.37917E+00
  3.69141E-01  2.36958E+00
  3.73047E-01  2.35991E+00
  3.76953E-01  2.35016E+00
  3.80859E-01  2.34032E+00
  3.84766E-01  2.33040E+00
  3.88672E-01  2.32039E+00
  3.92578E-01  2.31030E+00
  3.96484E-01  2.30012E+00
  4.00391E-01  2.28985E+00
  4.04297E-01  2.27949E+00
  4.08203E-01  2.26904E+00
  4.12109E-01  2.25851E+00
  4.16016E-01  2.24788E+00
  4.19922E-01  2.23717E+00
  4.23828E-01  2.22636E+00
  4.27734E-01  2.21546E+00
  4.31641E-01  2.20446E+00
  4.35547E-01  2.19336E+00
  4.39453E-01  2.18216E+00
  4.43359E-01  2.17087E+00
  4.47266E-01  2.15947E+00
  4.51172E-01  2.14798E+00
  4.55078E-01  2.13638E+00
  4.58984E-01  2.12467E+00
  4.62891E-01  2.11286E+00
  4.66797E-01  2.10094E+00
  4.70703E-01  2.08891E+00
  4.74609E-01  2.07677E+00
  4.78516E-01  2.06451E+00
  4.82422E-01  2.05214E+00
  4.86328E-01  2.03965E+00
  4.90234E-01  2.02703E+00
  4.94141E-01  2.01430E+00
  4.98047E-01  2.00144E+00
  5.01953E-01  1.98845E+00
  5.05859E-01  1.97533E+00
  5.09766E-01  1.96207E+00
  5.13672E-01  1.94868E+00
  5.17578E-01  1.93514E+00
  5.21484E-01  1.92146E+00
  5.25391E-01  1.90764E+00
  5.29297E-01  1.89366E+00
  5.33203E-01  1.87953E+00
  5.37109E-01  1.86524E+00
  5.41016E-01  1.85079E+00
  5.44922E-01  1.83617E+00
  5.48828E-01  1.82137E+00
  5.52734E-01  1.80640E+00
  5.56641E-01  1.79125E+00
  5.60547E-01  1.77590E+00
  5.64453E-01  1.76037E+00
  5.68359E-01  1.74463E+00
  5.72266E-01  1.72868E+00
  5.76172E-01  1.71252E+00
  5.80078E-01  1.69614E+00
  5.83984E-01  1.67952E+00
  5.87891E-01  1.66267E+00
  5.91797E-01  1.64556E+00
  5.95703E-01  1.62820E+00
  5.99609E-01  1.61055E+00
  6.03516E-01  1.59263E+00
  6.07422E-01  1.57441E+00
  6.11328E-01  1.55587E+00
  6.15234E-01  1.53700E+00
  6.19141E-01  1.51779E+00
  6.23047E-01  1.49820E+00
  6.26953E-01  1.47823E+00
  6.30859E-01  1.45784E+00
  6.34766E-01  1.43701E+00
  6.38672E-01  1.41571E+00
  6.42578E-01  1.39391E+00
  6.46484E-01  1.37158E+00
  6.50391E-01  1.34866E+00
  6.54297E-01  1.32510E+00
  6.58203E-01  1.30086E+00
  6.62109E-01  1.27587E+00
  6.66016E-01  1.25004E+00
  6.69922E-01  1.22328E+00
  6.73828E-01  1.19551E+00
  6.77734E-01  1.16657E+00
  6.81641E-01  1.13630E+00
  6.85547E-01  1.10449E+00
  6.89453E-01  1.07088E+00
  6.93359E-01  1.03508E+00
  6.97266E-01  9.96140E-01
  7.01172E-01  9.48162E-01
  7.05078E-01  8.46111E-01
  7.08984E-01  2.89261E-02
  7.12891E-01  2.82217E-02
  7.16797E-01  2.78898E-02
  7.20703E-01  2.74507E-02
  7.24609E-01  2.70299E-02
  7.28516E-01  2.66002E-02
  7.32422E-01  2.61707E-02
  7.36328E-01  2.57431E-02
  7.40234E-01  2.53285E-02
  7.44141E-01  2.49402E-02
  7.48047E-01  2.45686E-02
  7.51953E-01  2.42050E-02
  7.55859E-01  2.38430E-02
  7.59766E-01  2.34777E-02
  7.63672E-01  2.31140E-02
  7.67578E-01  2.27519E-02
  7.71484E-01  2.23926E-02
  7.75391E-01  2.20408E-02
  7.79297E-01  2.16974E-02
  7.83203E-01  2.13647E-02
  7.87109E-01  2.10523E-02
  7.91016E-01  2.07517E-02
  7.94922E-01  2.04571E-02
  7.98828E-01  2.01680E-02
  8.02734E-01  1.98846E-02
  8.06641E-01  1.96063E-02
  8.10547E-01  1.93323E-02
  8.14453E-01  1.90621E-02
  8.18359E-01  1.87972E-02
  8.22266E-01  1.85367E-02
  8.26172E-01  1.82802E-02
  8.30078E-01  1.80272E-02
  8.33984E-01  1.77722E-02
  8.37891E-01  1.75149E-02
  8.41797E-01  1.72603E-02
  8.45703E-01  1.70105E-02
  8.49609E-01  1.67660E-02
  8.53516E-01  1.65262E-02
  8.57422E-01  1.62906E-02
  8.61328E-01  1.60592E-02
  8.65234E-01  1.58322E-02
  8.69141E-01  1.56103E-02
  8.73047E-01  1.53973E-02
  8.76953E-01  1.51878E-02
  8.80859E-01  1.49803E-02
  8.84766E-01  1.47741E-02
  8.88672E-01  1.45743E-02
  8.92578E-01  1.43783E-02
  8.96484E-01  1.41857E-02
  9.00391E-01  1.39958E-02
  9.04297E-01  1.38089E-02
  9.08203E-01  1.36245E-02
  9.12109E-01  1.34430E-02
  9.16016E-01  1.32642E-02
  9.19922E-01  1.30878E-02
  9.23828E-01  1.29137E-02
  9.27734E-01  1.27419E-02
  9.31641E-01  1.25724E-02
  9.35547E-01  1.24051E-02
  9.39453E-01  1.22398E-02
  9.43359E-01  1.20766E-02
  9.47266E-01  1.19154E-02
  9.51172E-01  1.17561E-02
  9.55078E-01  1.15985E-02
  9.58984E-01  1.14429E-02
  9.62891E-01  1.12889E-02
  9.66797E-01  1.11365E-02
  9.70703E-01  1.09859E-02
  9.74609E-01  1.08370E-02
  9.78516E-01  1.06902E-02
  9.82422E-01  1.05463E-02
  9.86328E-01  1.04073E-02
  9.90234E-01  1.02822E-02
  9.94141E-01  1.02110E-02
  9.98047E-01  1.01750E-02
  1.00195E+00  1.01750E-02
