 -1.95312E-03  2.96435E+00
  1.95312E-03  2.96473E+00
  5.85938E-03  2.96059E+00
  9.76562E-03  2.95710E+00
  1.36719E-02  2.95368E+00
  1.75781E-02  2.95023E+00
  2.14844E-02  2.94673E+00
  2.53906E-02  2.94317E+00
  2.92969E-02  2.93954E+00
  3.32031E-02  2.93586E+00
  3.71094E-02  2.93211E+00
  4.10156E-02  2.92829E+00
  4.49219E-02  2.92441E+00
  4.88281E-02  2.92046E+00
  5.27344E-02  2.91644E+00
  5.66406E-02  2.91236E+00
  6.05469E-02  2.90822E+00
  6.44531E-02  2.90400E+00
  6.83594E-02  2.89973E+00
  7.22656E-02  2.89538E+00
  7.61719E-02  2.89097E+00
  8.00781E-02  2.88649E+00
  8.39844E-02  2.88195E+00
  8.78906E-02  2.87734E+00
  9.17969E-02  2.87267E+00
  9.57031E-02  2.86793E+00
  9.96094E-02  2.86313E+00
  1.03516E-01  2.85826E+00
  1.07422E-01  2.85332E+00
  1.11328E-01  2.84832E+00
  1.15234E-01  2.84325E+00
  1.19141E-01  2.83812E+00
  1.23047E-01  2.83293E+00
  1.26953E-01  2.82766E+00
  1.30859E-01  2.82234E+00
  1.34766E-01  2.81695E+00
  1.38672E-01  2.81149E+00
  1.42578E-01  2.80597E+00
  1.46484E-01  2.80038E+00
  1.50391E-01  2.79473E+00
  1.54297E-01  2.78901E+00
  1.58203E-01  2.78323E+00
  1.62109E-01  2.77738E+00
  1.66016E-01  2.77147E+00
  1.69922E-01  2.76549E+00
  1.73828E-01  2.75944E+00
  1.77734E-01  2.75333E+00
  1.81641E-01  2.74716E+00
  1.85547E-01  2.74091E+00
  1.89453E-01  2.73460E+00
  1.93359E-01  2.72823E+00
  1.97266E-01  2.72179E+00
  2.01172E-01  2.71529E+00
  2.05078E-01  2.70872E+00
  2.08984E-01  2.70208E+00
  2.12891E-01  2.69537E+00
  2.16797E-01  2.68860E+00
  2.20703E-01  2.68177E+00
  2.24609E-01  2.67486E+00
  2.28516E-01  2.66789E+00
  2.32422E-01  2.66085E+00
  2.36328E-01  2.65374E+00
  2.40234E-01  2.64657E+00
  2.44141E-01  2.63933E+00
  2.48047E-01  2.63202E+00
  2.51953E-01  2.62464E+00
  2.55859E-01  2.61719E+00
  2.59766E-01  2.60967E+00
  2.63672E-01  2.60209E+00
  2.67578E-01  2.59443E+00
  2.71484E-01  2.58670E+00
  2.75391E-01  2.57891E+00
  2.79297E-01  2.57105E+00
  2.83203E-01  2.56311E+00
  2.87109E-01  2.55510E+00
  2.91016E-01  2.54703E+00
  2.94922E-01  2.53888E+00
  2.98828E-01  2.53066E+00
  3.02734E-01  2.52237E+00
  3.06641E-01  2.51401E+00
  3.10547E-01  2.50557E+00
  3.14453E-01  2.49706E+00
  3.18359E-01  2.48848E+00
  3.22266E-01  2.47982E+00
  3.26172E-01  2.47109E+00
  3.30078E-01  2.46228E+00
  3.33984E-01  2.45340E+00
  3.37891E-01  2.44444E+00
  3.41797E-01  2.43540E+00
  3.45703E-01  2.42629E+00
  3.49609E-01  2.41709E+00
  3.53516E-01  2.40782E+00
  3.57422E-01  2.39847E+00
  3.61328E-01  2.38904E+00
  3.65234E-01  2.37953E+00
  3.69141E-01  2.36994E+00
  3.73047E-01  2.36027E+00
  3.76953E-01  2.35052E+00
  3.80859E-01  2.34068E+00
  3.84766E-01  2.33076E+00
  3.88672E-01  2.32075E+00
  3.92578E-01  2.31066E+00
  3.96484E-01  2.30048E+00
  4.00391E-01  2.29021E+00
  4.04297E-01  2.27985E+00
  4.08203E-01  2.26941E+00
  4.12109E-01  2.25887E+00
  4.16016E-01  2.24824E+00
  4.19922E-01  2.23752E+00
  4.23828E-01  2.22671E+00
  4.27734E-01  2.21581E+00
  4.31641E-01  2.20481E+00
  4.35547E-01  2.19371E+00
  4.39453E-01  2.18251E+00
  4.43359E-01  2.17122E+00
  4.47266E-01  2.15982E+00
  4.51172E-01  2.14832E+00
  4.55078E-01  2.13672E+00
  4.58984E-01  2.12502E+00
  4.62891E-01  2.11321E+00
  4.66797E-01  2.10128E+00
  4.70703E-01  2.08925E+00
  4.74609E-01  2.07711E+00
  4.78516E-01  2.06485E+00
  4.82422E-01  2.05248E+00
  4.86328E-01  2.03999E+00
  4.90234E-01  2.02738E+00
  4.94141E-01  2.01465E+00
  4.98047E-01  2.00179E+00
  5.01953E-01  1.98880E+00
  5.05859E-01  1.97567E+00
  5.09766E-01  1.96242E+00
  5.13672E-01  1.94902E+00
  5.17578E-01  1.93549E+00
  5.21484E-01  1.92181E+00
  5.25391E-01  1.90798E+00
  5.29297E-01  1.89400E+00
  5.33203E-01  1.87986E+00
  5.37109E-01  1.86557E+00
  5.41016E-01  1.85111E+00
  5.44922E-01  1.83649E+00
  5.48828E-01  1.82169E+00
  5.52734E-01  1.80672E+00
  5.56641E-01  1.79156E+00
  5.60547E-01  1.77622E+00
  5.64453E-01  1.76067E+00
  5.68359E-01  1.74493E+00
  5.72266E-01  1.72898E+00
  5.76172E-01  1.71281E+00
  5.80078E-01  1.69642E+00
  5.83984E-01  1.67980E+00
  5.87891E-01  1.66294E+00
  5.91797E-01  1.64583E+00
  5.95703E-01  1.62845E+00
  5.99609E-01  1.61080E+00
  6.03516E-01  1.59287E+00
  6.07422E-01  1.57464E+00
  6.11328E-01  1.55609E+00
  6.15234E-01  1.53722E+00
  6.19141E-01  1.51798E+00
  6.23047E-01  1.49838E+00
  6.26953E-01  1.47838E+00
  6.30859E-01  1.45796E+00
  6.34766E-01  1.43710E+00
  6.38672E-01  1.41576E+00
  6.42578E-01  1.39391E+00
  6.46484E-01  1.37151E+00
  6.50391E-01  1.34852E+00
  6.54297E-01  1.32488E+00
  6.58203E-01  1.30055E+00
  6.62109E-01  1.27544E+00
  6.66016E-01  1.24949E+00
  6.69922E-01  1.22260E+00
  6.73828E-01  1.19466E+00
  6.77734E-01  1.16554E+00
  6.81641E-01  1.13506E+00
  6.85547E-01  1.10302E+00
  6.89453E-01  1.06914E+00
  6.93359E-01  1.03302E+00
  6.97266E-01  9.93634E-01
  7.01172E-01  9.44814E-01
  7.05078E-01  8.40588E-01
  7.08984E-01  2.35633E-02
  7.12891E-01  2.30797E-02
  7.16797E-01  2.27372E-02
  7.20703E-01  2.23455E-02
  7.24609E-01  2.19644E-02
  7.28516E-01  2.15956E-02
  7.32422E-01  2.12517E-02
  7.36328E-01  2.09351E-02
  7.40234E-01  2.06276E-02
  7.44141E-01  2.03214E-02
  7.48047E-01  2.00154E-02
  7.51953E-01  1.97148E-02
  7.55859E-01  1.94230E-02
  7.59766E-01  1.91360E-02
  7.63672E-01  1.88503E-02
  7.67578E-01  1.85719E-02
  7.71484E-01  1.83009E-02
  7.75391E-01  1.80308E-02
  7.79297E-01  1.77565E-02
  7.83203E-01  1.74810E-02
  7.87109E-01  1.72058E-02
  7.91016E-01  1.69350E-02
  7.94922E-01  1.66713E-02
  7.98828E-01  1.64143E-02
  8.02734E-01  1.61635E-02
  8.06641E-01  1.59186E-02
  8.10547E-01  1.56795E-02
  8.14453E-01  1.54516E-02
  8.18359E-01  1.52306E-02
  8.22266E-01  1.50120E-02
  8.26172E-01  1.47942E-02
  8.30078E-01  1.45837E-02
  8.33984E-01  1.43783E-02
  8.37891E-01  1.41763E-02
  8.41797E-01  1.39773E-02
  8.45703E-01  1.37816E-02
  8.49609E-01  1.35897E-02
  8.53516E-01  1.34012E-02
  8.57422E-01  1.32155E-02
  8.61328E-01  1.30329E-02
  8.65234E-01  1.28533E-02
  8.69141E-01  1.26770E-02
  8.73047E-01  1.25037E-02
  8.76953E-01  1.23329E-02
  8.80859E-01  1.21651E-02
  8.84766E-01  1.19999E-02
  8.88672E-01  1.18375E-02
  8.92578E-01  1.16774E-02
  8.96484E-01  1.15198E-02
  9.00391E-01  1.13648E-02
  9.04297E-01  1.12124E-02
  9.08203E-01  1.10620E-02
  9.12109E-01  1.09139E-02
  9.16016E-01  1.07678E-02
  9.19922E-01  1.06239E-02
  9.23828E-01  1.04819E-02
  9.27734E-01  1.03420E-02
  9.31641E-01  1.02040E-02
  9.35547E-01  1.00679E-02
  9.39453E-01  9.93382E-03
  9.43359E-01  9.80145E-03
  9.47266E-01  9.67081E-03
  9.51172E-01  9.54184E-03
  9.55078E-01  9.41452E-03
  9.58984E-01  9.28874E-03
  9.62891E-01  9.16479E-03
  9.66797E-01  9.04259E-03
  9.70703E-01  8.92201E-03
  9.74609E-01  8.80329E-03
  9.78516E-01  8.68692E-03
  9.82422E-01  8.57411E-03
  9.86328E-01  8.46818E-03
  9.90234E-01  8.37849E-03
  9.94141E-01  8.32298E-03
  9.98047E-01  8.29145E-03
  1.00195E+00  8.29145E-03
