 -1.95312E-03  2.96479E+00
  1.95312E-03  2.96517E+00
  5.85938E-03  2.96103E+00
  9.76562E-03  2.95754E+00
  1.36719E-02  2.95412E+00
  1.75781E-02  2.95067E+00
  2.14844E-02  2.94716E+00
  2.53906E-02  2.94360E+00
  2.92969E-02  2.93998E+00
  3.32031E-02  2.93630E+00
  3.71094E-02  2.93255E+00
  4.10156E-02  2.92873E+00
  4.49219E-02  2.92485E+00
  4.88281E-02  2.92090E+00
  5.27344E-02  2.91689E+00
  5.66406E-02  2.91281E+00
  6.05469E-02  2.90866E+00
  6.44531E-02  2.90445E+00
  6.83594E-02  2.90017E+00
  7.22656E-02  2.89582E+00
  7.61719E-02  2.89141E+00
  8.00781E-02  2.88694E+00
  8.39844E-02  2.88240E+00
  8.78906E-02  2.87779E+00
  9.17969E-02  2.87311E+00
  9.57031E-02  2.86837E+00
  9.96094E-02  2.86357E+00
  1.03516E-01  2.85870E+00
  1.07422E-01  2.85376E+00
  1.11328E-01  2.84876E+00
  1.15234E-01  2.84369E+00
  1.19141E-01  2.83856E+00
  1.23047E-01  2.83336E+00
  1.26953E-01  2.82810E+00
  1.30859E-01  2.82277E+00
  1.34766E-01  2.81738E+00
  1.38672E-01  2.81192E+00
  1.42578E-01  2.80640E+00
  1.46484E-01  2.80081E+00
  1.50391E-01  2.79516E+00
  1.54297E-01  2.78944E+00
  1.58203E-01  2.78366E+00
  1.62109E-01  2.77781E+00
  1.66016E-01  2.77190E+00
  1.69922E-01  2.76592E+00
  1.73828E-01  2.75987E+00
  1.77734E-01  2.75376E+00
  1.81641E-01  2.74758E+00
  1.85547E-01  2.74134E+00
  1.89453E-01  2.73503E+00
  1.93359E-01  2.72866E+00
  1.97266E-01  2.72222E+00
  2.01172E-01  2.71571E+00
  2.05078E-01  2.70914E+00
  2.08984E-01  2.70251E+00
  2.12891E-01  2.69580E+00
  2.16797E-01  2.68903E+00
  2.20703E-01  2.68219E+00
  2.24609E-01  2.67529E+00
  2.28516E-01  2.66832E+00
  2.32422E-01  2.66128E+00
  2.36328E-01  2.65418E+00
  2.40234E-01  2.64700E+00
  2.44141E-01  2.63976E+00
  2.48047E-01  2.63245E+00
  2.51953E-01  2.62507E+00
  2.55859E-01  2.61763E+00
  2.59766E-01  2.61011E+00
  2.63672E-01  2.60252E+00
  2.67578E-01  2.59487E+00
  2.71484E-01  2.58714E+00
  2.75391E-01  2.57935E+00
  2.79297E-01  2.57149E+00
  2.83203E-01  2.56355E+00
  2.87109E-01  2.55554E+00
  2.91016E-01  2.54747E+00
  2.94922E-01  2.53932E+00
  2.98828E-01  2.53110E+00
  3.02734E-01  2.52281E+00
  3.06641E-01  2.51445E+00
  3.10547E-01  2.50601E+00
  3.14453E-01  2.49750E+00
  3.18359E-01  2.48892E+00
  3.22266E-01  2.48026E+00
  3.26172E-01  2.47153E+00
  3.30078E-01  2.46272E+00
  3.33984E-01  2.45383E+00
  3.37891E-01  2.44488E+00
  3.41797E-01  2.43584E+00
  3.45703E-01  2.42672E+00
  3.49609E-01  2.41753E+00
  3.53516E-01  2.40826E+00
  3.57422E-01  2.39890E+00
  3.61328E-01  2.38947E+00
  3.65234E-01  2.37996E+00
  3.69141E-01  2.37037E+00
  3.73047E-01  2.36070E+00
  3.76953E-01  2.35094E+00
  3.80859E-01  2.34111E+00
  3.84766E-01  2.33118E+00
  3.88672E-01  2.32117E+00
  3.92578E-01  2.31108E+00
  3.96484E-01  2.30090E+00
  4.00391E-01  2.29063E+00
  4.04297E-01  2.28027E+00
  4.08203E-01  2.26982E+00
  4.12109E-01  2.25928E+00
  4.16016E-01  2.24865E+00
  4.19922E-01  2.23794E+00
  4.23828E-01  2.22712E+00
  4.27734E-01  2.21621E+00
  4.31641E-01  2.20521E+00
  4.35547E-01  2.19411E+00
  4.39453E-01  2.18291E+00
  4.43359E-01  2.17162E+00
  4.47266E-01  2.16022E+00
  4.51172E-01  2.14872E+00
  4.55078E-01  2.13712E+00
  4.58984E-01  2.12541E+00
  4.62891E-01  2.11360E+00
  4.66797E-01  2.10167E+00
  4.70703E-01  2.08964E+00
  4.74609E-01  2.07749E+00
  4.78516E-01  2.06523E+00
  4.82422E-01  2.05286E+00
  4.86328E-01  2.04036E+00
  4.90234E-01  2.02775E+00
  4.94141E-01  2.01501E+00
  4.98047E-01  2.00214E+00
  5.01953E-01  1.98914E+00
  5.05859E-01  1.97602E+00
  5.09766E-01  1.96275E+00
  5.13672E-01  1.94935E+00
  5.17578E-01  1.93580E+00
  5.21484E-01  1.92211E+00
  5.25391E-01  1.90827E+00
  5.29297E-01  1.89428E+00
  5.33203E-01  1.88013E+00
  5.37109E-01  1.86582E+00
  5.41016E-01  1.85134E+00
  5.44922E-01  1.83669E+00
  5.48828E-01  1.82187E+00
  5.52734E-01  1.80686E+00
  5.56641E-01  1.79167E+00
  5.60547E-01  1.77628E+00
  5.64453E-01  1.76069E+00
  5.68359E-01  1.74490E+00
  5.72266E-01  1.72889E+00
  5.76172E-01  1.71266E+00
  5.80078E-01  1.69620E+00
  5.83984E-01  1.67950E+00
  5.87891E-01  1.66255E+00
  5.91797E-01  1.64534E+00
  5.95703E-01  1.62786E+00
  5.99609E-01  1.61009E+00
  6.03516E-01  1.59203E+00
  6.07422E-01  1.57366E+00
  6.11328E-01  1.55496E+00
  6.15234E-01  1.53592E+00
  6.19141E-01  1.51652E+00
  6.23047E-01  1.49674E+00
  6.26953E-01  1.47656E+00
  6.30859E-01  1.45595E+00
  6.34766E-01  1.43488E+00
  6.38672E-01  1.41332E+00
  6.42578E-01  1.39124E+00
  6.46484E-01  1.36860E+00
  6.50391E-01  1.34535E+00
  6.54297E-01  1.32142E+00
  6.58203E-01  1.29678E+00
  6.62109E-01  1.27134E+00
  6.66016E-01  1.24501E+00
  6.69922E-01  1.21771E+00
  6.73828E-01  1.18932E+00
  6.77734E-01  1.15969E+00
  6.81641E-01  1.12862E+00
  6.85547E-01  1.09590E+00
  6.89453E-01  1.06121E+00
  6.93359E-01  1.02407E+00
  6.97266E-01  9.83297E-01
  7.01172E-01  9.31634E-01
  7.05078E-01  8.20027E-01
  7.08984E-01  1.36810E-02
  7.12891E-01  1.34819E-02
  7.16797E-01  1.32626E-02
  7.20703E-01  1.30508E-02
  7.24609E-01  1.28383E-02
  7.28516E-01  1.26328E-02
  7.32422E-01  1.24292E-02
  7.36328E-01  1.22357E-02
  7.40234E-01  1.20427E-02
  7.44141E-01  1.18528E-02
  7.48047E-01  1.16645E-02
  7.51953E-01  1.14837E-02
  7.55859E-01  1.13064E-02
  7.59766E-01  1.11319E-02
  7.63672E-01  1.09589E-02
  7.67578E-01  1.07907E-02
  7.71484E-01  1.06262E-02
  7.75391E-01  1.04652E-02
  7.79297E-01  1.03060E-02
  7.83203E-01  1.01503E-02
  7.87109E-01  9.99953E-03
  7.91016E-01  9.84881E-03
  7.94922E-01  9.70266E-03
  7.98828E-01  9.55914E-03
  8.02734E-01  9.41788E-03
  8.06641E-01  9.27892E-03
  8.10547E-01  9.14368E-03
  8.14453E-01  9.00987E-03
  8.18359E-01  8.87998E-03
  8.22266E-01  8.75111E-03
  8.26172E-01  8.62507E-03
  8.30078E-01  8.50072E-03
  8.33984E-01  8.37949E-03
  8.37891E-01  8.26029E-03
  8.41797E-01  8.14289E-03
  8.45703E-01  8.02755E-03
  8.49609E-01  7.91430E-03
  8.53516E-01  7.80337E-03
  8.57422E-01  7.69432E-03
  8.61328E-01  7.58688E-03
  8.65234E-01  7.48139E-03
  8.69141E-01  7.37751E-03
  8.73047E-01  7.27550E-03
  8.76953E-01  7.17521E-03
  8.80859E-01  7.07666E-03
  8.84766E-01  6.97975E-03
  8.88672E-01  6.88441E-03
  8.92578E-01  6.79069E-03
  8.96484E-01  6.69844E-03
  9.00391E-01  6.60767E-03
  9.04297E-01  6.51846E-03
  9.08203E-01  6.43068E-03
  9.12109E-01  6.34426E-03
  9.16016E-01  6.25935E-03
  9.19922E-01  6.17573E-03
  9.23828E-01  6.09339E-03
  9.27734E-01  6.01247E-03
  9.31641E-01  5.93266E-03
  9.35547E-01  5.85431E-03
  9.39453E-01  5.77699E-03
  9.43359E-01  5.70108E-03
  9.47266E-01  5.62616E-03
  9.51172E-01  5.55271E-03
  9.55078E-01  5.48033E-03
  9.58984E-01  5.40935E-03
  9.62891E-01  5.33964E-03
  9.66797E-01  5.27140E-03
  9.70703E-01  5.20493E-03
  9.74609E-01  5.14068E-03
  9.78516E-01  5.07939E-03
  9.82422E-01  5.02254E-03
  9.86328E-01  4.97160E-03
  9.90234E-01  4.92808E-03
  9.94141E-01  4.89083E-03
  9.98047E-01  4.87045E-03
  1.00195E+00  4.87045E-03
