 -1.95312E-03  2.96318E+00
  1.95312E-03  2.96356E+00
  5.85938E-03  2.95942E+00
  9.76562E-03  2.95594E+00
  1.36719E-02  2.95251E+00
  1.75781E-02  2.94906E+00
  2.14844E-02  2.94556E+00
  2.53906E-02  2.94200E+00
  2.92969E-02  2.93838E+00
  3.32031E-02  2.93469E+00
  3.71094E-02  2.93094E+00
  4.10156E-02  2.92712E+00
  4.49219E-02  2.92324E+00
  4.88281E-02  2.91929E+00
  5.27344E-02  2.91528E+00
  5.66406E-02  2.91119E+00
  6.05469E-02  2.90705E+00
  6.44531E-02  2.90283E+00
  6.83594E-02  2.89856E+00
  7.22656E-02  2.89421E+00
  7.61719E-02  2.88980E+00
  8.00781E-02  2.88532E+00
  8.39844E-02  2.88078E+00
  8.78906E-02  2.87617E+00
  9.17969E-02  2.87150E+00
  9.57031E-02  2.86676E+00
  9.96094E-02  2.86195E+00
  1.03516E-01  2.85708E+00
  1.07422E-01  2.85215E+00
  1.11328E-01  2.84715E+00
  1.15234E-01  2.84208E+00
  1.19141E-01  2.83695E+00
  1.23047E-01  2.83175E+00
  1.26953E-01  2.82649E+00
  1.30859E-01  2.82116E+00
  1.34766E-01  2.81577E+00
  1.38672E-01  2.81032E+00
  1.42578E-01  2.80479E+00
  1.46484E-01  2.79921E+00
  1.50391E-01  2.79356E+00
  1.54297E-01  2.78784E+00
  1.58203E-01  2.78206E+00
  1.62109E-01  2.77621E+00
  1.66016E-01  2.77030E+00
  1.69922E-01  2.76432E+00
  1.73828E-01  2.75827E+00
  1.77734E-01  2.75216E+00
  1.81641E-01  2.74598E+00
  1.85547E-01  2.73974E+00
  1.89453E-01  2.73343E+00
  1.93359E-01  2.72706E+00
  1.97266E-01  2.72062E+00
  2.01172E-01  2.71412E+00
  2.05078E-01  2.70755E+00
  2.08984E-01  2.70091E+00
  2.12891E-01  2.69421E+00
  2.16797E-01  2.68744E+00
  2.20703E-01  2.68060E+00
  2.24609E-01  2.67370E+00
  2.28516E-01  2.66673E+00
  2.32422E-01  2.65969E+00
  2.36328E-01  2.65259E+00
  2.40234E-01  2.64541E+00
  2.44141E-01  2.63817E+00
  2.48047E-01  2.63086E+00
  2.51953E-01  2.62348E+00
  2.55859E-01  2.61603E+00
  2.59766E-01  2.60851E+00
  2.63672E-01  2.60093E+00
  2.67578E-01  2.59327E+00
  2.71484E-01  2.58555E+00
  2.75391E-01  2.57776E+00
  2.79297E-01  2.56989E+00
  2.83203E-01  2.56196E+00
  2.87109E-01  2.55395E+00
  2.91016E-01  2.54588E+00
  2.94922E-01  2.53773E+00
  2.98828E-01  2.52951E+00
  3.02734E-01  2.52122E+00
  3.06641E-01  2.51286E+00
  3.10547E-01  2.50442E+00
  3.14453E-01  2.49591E+00
  3.18359E-01  2.48732E+00
  3.22266E-01  2.47866E+00
  3.26172E-01  2.46993E+00
  3.30078E-01  2.46112E+00
  3.33984E-01  2.45224E+00
  3.37891E-01  2.44328E+00
  3.41797E-01  2.43425E+00
  3.45703E-01  2.42513E+00
  3.49609E-01  2.41594E+00
  3.53516E-01  2.40667E+00
  3.57422E-01  2.39732E+00
  3.61328E-01  2.38789E+00
  3.65234E-01  2.37838E+00
  3.69141E-01  2.36879E+00
  3.73047E-01  2.35912E+00
  3.76953E-01  2.34937E+00
  3.80859E-01  2.33954E+00
  3.84766E-01  2.32962E+00
  3.88672E-01  2.31961E+00
  3.92578E-01  2.30952E+00
  3.96484E-01  2.29934E+00
  4.00391E-01  2.28908E+00
  4.04297E-01  2.27872E+00
  4.08203E-01  2.26828E+00
  4.12109E-01  2.25774E+00
  4.16016E-01  2.24712E+00
  4.19922E-01  2.23640E+00
  4.23828E-01  2.22559E+00
  4.27734E-01  2.21468E+00
  4.31641E-01  2.20369E+00
  4.35547E-01  2.19259E+00
  4.39453E-01  2.18140E+00
  4.43359E-01  2.17011E+00
  4.47266E-01  2.15871E+00
  4.51172E-01  2.14722E+00
  4.55078E-01  2.13562E+00
  4.58984E-01  2.12392E+00
  4.62891E-01  2.11211E+00
  4.66797E-01  2.10019E+00
  4.70703E-01  2.08816E+00
  4.74609E-01  2.07602E+00
  4.78516E-01  2.06377E+00
  4.82422E-01  2.05140E+00
  4.86328E-01  2.03892E+00
  4.90234E-01  2.02631E+00
  4.94141E-01  2.01358E+00
  4.98047E-01  2.00072E+00
  5.01953E-01  1.98773E+00
  5.05859E-01  1.97462E+00
  5.09766E-01  1.96136E+00
  5.13672E-01  1.94797E+00
  5.17578E-01  1.93444E+00
  5.21484E-01  1.92076E+00
  5.25391E-01  1.90694E+00
  5.29297E-01  1.89297E+00
  5.33203E-01  1.87884E+00
  5.37109E-01  1.86455E+00
  5.41016E-01  1.85010E+00
  5.44922E-01  1.83548E+00
  5.48828E-01  1.82069E+00
  5.52734E-01  1.80572E+00
  5.56641E-01  1.79057E+00
  5.60547E-01  1.77523E+00
  5.64453E-01  1.75969E+00
  5.68359E-01  1.74396E+00
  5.72266E-01  1.72801E+00
  5.76172E-01  1.71185E+00
  5.80078E-01  1.69547E+00
  5.83984E-01  1.67885E+00
  5.87891E-01  1.66200E+00
  5.91797E-01  1.64490E+00
  5.95703E-01  1.62753E+00
  5.99609E-01  1.60989E+00
  6.03516E-01  1.59197E+00
  6.07422E-01  1.57375E+00
  6.11328E-01  1.55522E+00
  6.15234E-01  1.53636E+00
  6.19141E-01  1.51714E+00
  6.23047E-01  1.49756E+00
  6.26953E-01  1.47759E+00
  6.30859E-01  1.45720E+00
  6.34766E-01  1.43638E+00
  6.38672E-01  1.41510E+00
  6.42578E-01  1.39331E+00
  6.46484E-01  1.37099E+00
  6.50391E-01  1.34809E+00
  6.54297E-01  1.32456E+00
  6.58203E-01  1.30036E+00
  6.62109E-01  1.27542E+00
  6.66016E-01  1.24966E+00
  6.69922E-01  1.22299E+00
  6.73828E-01  1.19532E+00
  6.77734E-01  1.16653E+00
  6.81641E-01  1.13644E+00
  6.85547E-01  1.10488E+00
  6.89453E-01  1.07158E+00
  6.93359E-01  1.03618E+00
  6.97266E-01  9.97801E-01
  7.01172E-01  9.50863E-01
  7.05078E-01  8.51478E-01
  7.08984E-01  3.96975E-02
  7.12891E-01  3.83723E-02
  7.16797E-01  3.79002E-02
  7.20703E-01  3.72827E-02
  7.24609E-01  3.66959E-02
  7.28516E-01  3.61157E-02
  7.32422E-01  3.55522E-02
  7.36328E-01  3.49870E-02
  7.40234E-01  3.44374E-02
  7.44141E-01  3.38870E-02
  7.48047E-01  3.33627E-02
  7.51953E-01  3.28564E-02
  7.55859E-01  3.23801E-02
  7.59766E-01  3.18985E-02
  7.63672E-01  3.14123E-02
  7.67578E-01  3.09250E-02
  7.71484E-01  3.04560E-02
  7.75391E-01  3.00002E-02
  7.79297E-01  2.95559E-02
  7.83203E-01  2.91198E-02
  7.87109E-01  2.86921E-02
  7.91016E-01  2.82651E-02
  7.94922E-01  2.78596E-02
  7.98828E-01  2.74635E-02
  8.02734E-01  2.70768E-02
  8.06641E-01  2.66925E-02
  8.10547E-01  2.63069E-02
  8.14453E-01  2.59202E-02
  8.18359E-01  2.55420E-02
  8.22266E-01  2.51739E-02
  8.26172E-01  2.48240E-02
  8.30078E-01  2.44802E-02
  8.33984E-01  2.41445E-02
  8.37891E-01  2.38144E-02
  8.41797E-01  2.34879E-02
  8.45703E-01  2.31615E-02
  8.49609E-01  2.28348E-02
  8.53516E-01  2.25133E-02
  8.57422E-01  2.21981E-02
  8.61328E-01  2.18884E-02
  8.65234E-01  2.15847E-02
  8.69141E-01  2.12862E-02
  8.73047E-01  2.10041E-02
  8.76953E-01  2.07286E-02
  8.80859E-01  2.04572E-02
  8.84766E-01  2.01902E-02
  8.88672E-01  1.99274E-02
  8.92578E-01  1.96676E-02
  8.96484E-01  1.94110E-02
  9.00391E-01  1.91592E-02
  9.04297E-01  1.89105E-02
  9.08203E-01  1.86649E-02
  9.12109E-01  1.84228E-02
  9.16016E-01  1.81849E-02
  9.19922E-01  1.79502E-02
  9.23828E-01  1.77130E-02
  9.27734E-01  1.74745E-02
  9.31641E-01  1.72376E-02
  9.35547E-01  1.70048E-02
  9.39453E-01  1.67745E-02
  9.43359E-01  1.65465E-02
  9.47266E-01  1.63209E-02
  9.51172E-01  1.60985E-02
  9.55078E-01  1.58777E-02
  9.58984E-01  1.56586E-02
  9.62891E-01  1.54459E-02
  9.66797E-01  1.52354E-02
  9.70703E-01  1.50252E-02
  9.74609E-01  1.48148E-02
  9.78516E-01  1.46069E-02
  9.82422E-01  1.44023E-02
  9.86328E-01  1.42003E-02
  9.90234E-01  1.40029E-02
  9.94141E-01  1.38747E-02
  9.98047E-01  1.38345E-02
  1.00195E+00  1.38345E-02
