 -1.95312E-03  2.96355E+00
  1.95312E-03  2.96393E+00
  5.85938E-03  2.95979E+00
  9.76562E-03  2.95630E+00
  1.36719E-02  2.95288E+00
  1.75781E-02  2.94943E+00
  2.14844E-02  2.94592E+00
  2.53906E-02  2.94236E+00
  2.92969E-02  2.93874E+00
  3.32031E-02  2.93505E+00
  3.71094E-02  2.93130E+00
  4.10156E-02  2.92749E+00
  4.49219E-02  2.92360E+00
  4.88281E-02  2.91965E+00
  5.27344E-02  2.91564E+00
  5.66406E-02  2.91156E+00
  6.05469E-02  2.90741E+00
  6.44531E-02  2.90320E+00
  6.83594E-02  2.89892E+00
  7.22656E-02  2.89457E+00
  7.61719E-02  2.89016E+00
  8.00781E-02  2.88569E+00
  8.39844E-02  2.88115E+00
  8.78906E-02  2.87654E+00
  9.17969E-02  2.87186E+00
  9.57031E-02  2.86712E+00
  9.96094E-02  2.86232E+00
  1.03516E-01  2.85745E+00
  1.07422E-01  2.85251E+00
  1.11328E-01  2.84751E+00
  1.15234E-01  2.84244E+00
  1.19141E-01  2.83731E+00
  1.23047E-01  2.83212E+00
  1.26953E-01  2.82686E+00
  1.30859E-01  2.82153E+00
  1.34766E-01  2.81614E+00
  1.38672E-01  2.81068E+00
  1.42578E-01  2.80516E+00
  1.46484E-01  2.79957E+00
  1.50391E-01  2.79392E+00
  1.54297E-01  2.78821E+00
  1.58203E-01  2.78243E+00
  1.62109E-01  2.77658E+00
  1.66016E-01  2.77067E+00
  1.69922E-01  2.76469E+00
  1.73828E-01  2.75864E+00
  1.77734E-01  2.75253E+00
  1.81641E-01  2.74635E+00
  1.85547E-01  2.74011E+00
  1.89453E-01  2.73380E+00
  1.93359E-01  2.72743E+00
  1.97266E-01  2.72099E+00
  2.01172E-01  2.71448E+00
  2.05078E-01  2.70791E+00
  2.08984E-01  2.70128E+00
  2.12891E-01  2.69457E+00
  2.16797E-01  2.68780E+00
  2.20703E-01  2.68097E+00
  2.24609E-01  2.67407E+00
  2.28516E-01  2.66710E+00
  2.32422E-01  2.66006E+00
  2.36328E-01  2.65295E+00
  2.40234E-01  2.64578E+00
  2.44141E-01  2.63853E+00
  2.48047E-01  2.63122E+00
  2.51953E-01  2.62384E+00
  2.55859E-01  2.61639E+00
  2.59766E-01  2.60888E+00
  2.63672E-01  2.60129E+00
  2.67578E-01  2.59363E+00
  2.71484E-01  2.58591E+00
  2.75391E-01  2.57811E+00
  2.79297E-01  2.57025E+00
  2.83203E-01  2.56231E+00
  2.87109E-01  2.55431E+00
  2.91016E-01  2.54623E+00
  2.94922E-01  2.53808E+00
  2.98828E-01  2.52986E+00
  3.02734E-01  2.52157E+00
  3.06641E-01  2.51321E+00
  3.10547E-01  2.50477E+00
  3.14453E-01  2.49626E+00
  3.18359E-01  2.48767E+00
  3.22266E-01  2.47902E+00
  3.26172E-01  2.47028E+00
  3.30078E-01  2.46148E+00
  3.33984E-01  2.45259E+00
  3.37891E-01  2.44363E+00
  3.41797E-01  2.43460E+00
  3.45703E-01  2.42548E+00
  3.49609E-01  2.41629E+00
  3.53516E-01  2.40702E+00
  3.57422E-01  2.39767E+00
  3.61328E-01  2.38824E+00
  3.65234E-01  2.37873E+00
  3.69141E-01  2.36914E+00
  3.73047E-01  2.35947E+00
  3.76953E-01  2.34972E+00
  3.80859E-01  2.33988E+00
  3.84766E-01  2.32996E+00
  3.88672E-01  2.31995E+00
  3.92578E-01  2.30986E+00
  3.96484E-01  2.29968E+00
  4.00391E-01  2.28941E+00
  4.04297E-01  2.27906E+00
  4.08203E-01  2.26861E+00
  4.12109E-01  2.25808E+00
  4.16016E-01  2.24745E+00
  4.19922E-01  2.23674E+00
  4.23828E-01  2.22593E+00
  4.27734E-01  2.21502E+00
  4.31641E-01  2.20402E+00
  4.35547E-01  2.19293E+00
  4.39453E-01  2.18173E+00
  4.43359E-01  2.17044E+00
  4.47266E-01  2.15905E+00
  4.51172E-01  2.14755E+00
  4.55078E-01  2.13595E+00
  4.58984E-01  2.12425E+00
  4.62891E-01  2.11244E+00
  4.66797E-01  2.10052E+00
  4.70703E-01  2.08849E+00
  4.74609E-01  2.07635E+00
  4.78516E-01  2.06409E+00
  4.82422E-01  2.05172E+00
  4.86328E-01  2.03923E+00
  4.90234E-01  2.02662E+00
  4.94141E-01  2.01389E+00
  4.98047E-01  2.00103E+00
  5.01953E-01  1.98804E+00
  5.05859E-01  1.97492E+00
  5.09766E-01  1.96167E+00
  5.13672E-01  1.94828E+00
  5.17578E-01  1.93475E+00
  5.21484E-01  1.92107E+00
  5.25391E-01  1.90725E+00
  5.29297E-01  1.89327E+00
  5.33203E-01  1.87914E+00
  5.37109E-01  1.86486E+00
  5.41016E-01  1.85040E+00
  5.44922E-01  1.83578E+00
  5.48828E-01  1.82099E+00
  5.52734E-01  1.80602E+00
  5.56641E-01  1.79088E+00
  5.60547E-01  1.77554E+00
  5.64453E-01  1.76000E+00
  5.68359E-01  1.74426E+00
  5.72266E-01  1.72832E+00
  5.76172E-01  1.71216E+00
  5.80078E-01  1.69578E+00
  5.83984E-01  1.67916E+00
  5.87891E-01  1.66230E+00
  5.91797E-01  1.64520E+00
  5.95703E-01  1.62783E+00
  5.99609E-01  1.61020E+00
  6.03516E-01  1.59227E+00
  6.07422E-01  1.57405E+00
  6.11328E-01  1.55551E+00
  6.15234E-01  1.53665E+00
  6.19141E-01  1.51744E+00
  6.23047E-01  1.49786E+00
  6.26953E-01  1.47789E+00
  6.30859E-01  1.45750E+00
  6.34766E-01  1.43668E+00
  6.38672E-01  1.41540E+00
  6.42578E-01  1.39361E+00
  6.46484E-01  1.37129E+00
  6.50391E-01  1.34839E+00
  6.54297E-01  1.32486E+00
  6.58203E-01  1.30065E+00
  6.62109E-01  1.27570E+00
  6.66016E-01  1.24993E+00
  6.69922E-01  1.22326E+00
  6.73828E-01  1.19558E+00
  6.77734E-01  1.16677E+00
  6.81641E-01  1.13667E+00
  6.85547E-01  1.10507E+00
  6.89453E-01  1.07172E+00
  6.93359E-01  1.03624E+00
  6.97266E-01  9.97740E-01
  7.01172E-01  9.50561E-01
  7.05078E-01  8.50557E-01
  7.08984E-01  3.64676E-02
  7.12891E-01  3.53627E-02
  7.16797E-01  3.49322E-02
  7.20703E-01  3.43597E-02
  7.24609E-01  3.37966E-02
  7.28516E-01  3.32523E-02
  7.32422E-01  3.27477E-02
  7.36328E-01  3.22621E-02
  7.40234E-01  3.17671E-02
  7.44141E-01  3.12642E-02
  7.48047E-01  3.07659E-02
  7.51953E-01  3.02869E-02
  7.55859E-01  2.98205E-02
  7.59766E-01  2.93650E-02
  7.63672E-01  2.89202E-02
  7.67578E-01  2.84799E-02
  7.71484E-01  2.80546E-02
  7.75391E-01  2.76470E-02
  7.79297E-01  2.72492E-02
  7.83203E-01  2.68548E-02
  7.87109E-01  2.64578E-02
  7.91016E-01  2.60583E-02
  7.94922E-01  2.56651E-02
  7.98828E-01  2.52828E-02
  8.02734E-01  2.49219E-02
  8.06641E-01  2.45705E-02
  8.10547E-01  2.42262E-02
  8.14453E-01  2.38865E-02
  8.18359E-01  2.35496E-02
  8.22266E-01  2.32131E-02
  8.26172E-01  2.28749E-02
  8.30078E-01  2.25420E-02
  8.33984E-01  2.22167E-02
  8.37891E-01  2.18981E-02
  8.41797E-01  2.15871E-02
  8.45703E-01  2.12827E-02
  8.49609E-01  2.09955E-02
  8.53516E-01  2.07144E-02
  8.57422E-01  2.04382E-02
  8.61328E-01  2.01652E-02
  8.65234E-01  1.98972E-02
  8.69141E-01  1.96341E-02
  8.73047E-01  1.93756E-02
  8.76953E-01  1.91196E-02
  8.80859E-01  1.88681E-02
  8.84766E-01  1.86208E-02
  8.88672E-01  1.83767E-02
  8.92578E-01  1.81363E-02
  8.96484E-01  1.78990E-02
  9.00391E-01  1.76585E-02
  9.04297E-01  1.74173E-02
  9.08203E-01  1.71794E-02
  9.12109E-01  1.69453E-02
  9.16016E-01  1.67153E-02
  9.19922E-01  1.64883E-02
  9.23828E-01  1.62642E-02
  9.27734E-01  1.60438E-02
  9.31641E-01  1.58267E-02
  9.35547E-01  1.56126E-02
  9.39453E-01  1.54054E-02
  9.43359E-01  1.52006E-02
  9.47266E-01  1.49969E-02
  9.51172E-01  1.47937E-02
  9.55078E-01  1.45942E-02
  9.58984E-01  1.43976E-02
  9.62891E-01  1.42029E-02
  9.66797E-01  1.40097E-02
  9.70703E-01  1.38179E-02
  9.74609E-01  1.36277E-02
  9.78516E-01  1.34390E-02
  9.82422E-01  1.32523E-02
  9.86328E-01  1.30690E-02
  9.90234E-01  1.28920E-02
  9.94141E-01  1.27859E-02
  9.98047E-01  1.27460E-02
  1.00195E+00  1.27460E-02
