 -1.95312E-03  2.96480E+00
  1.95312E-03  2.96518E+00
  5.85938E-03  2.96104E+00
  9.76562E-03  2.95755E+00
  1.36719E-02  2.95413E+00
  1.75781E-02  2.95068E+00
  2.14844E-02  2.94718E+00
  2.53906E-02  2.94362E+00
  2.92969E-02  2.94000E+00
  3.32031E-02  2.93631E+00
  3.71094E-02  2.93256E+00
  4.10156E-02  2.92874E+00
  4.49219E-02  2.92486E+00
  4.88281E-02  2.92091E+00
  5.27344E-02  2.91690E+00
  5.66406E-02  2.91282E+00
  6.05469E-02  2.90867E+00
  6.44531E-02  2.90446E+00
  6.83594E-02  2.90018E+00
  7.22656E-02  2.89584E+00
  7.61719E-02  2.89143E+00
  8.00781E-02  2.88695E+00
  8.39844E-02  2.88241E+00
  8.78906E-02  2.87780E+00
  9.17969E-02  2.87313E+00
  9.57031E-02  2.86839E+00
  9.96094E-02  2.86358E+00
  1.03516E-01  2.85871E+00
  1.07422E-01  2.85377E+00
  1.11328E-01  2.84877E+00
  1.15234E-01  2.84370E+00
  1.19141E-01  2.83857E+00
  1.23047E-01  2.83338E+00
  1.26953E-01  2.82811E+00
  1.30859E-01  2.82279E+00
  1.34766E-01  2.81739E+00
  1.38672E-01  2.81194E+00
  1.42578E-01  2.80641E+00
  1.46484E-01  2.80082E+00
  1.50391E-01  2.79517E+00
  1.54297E-01  2.78946E+00
  1.58203E-01  2.78367E+00
  1.62109E-01  2.77783E+00
  1.66016E-01  2.77191E+00
  1.69922E-01  2.76593E+00
  1.73828E-01  2.75989E+00
  1.77734E-01  2.75377E+00
  1.81641E-01  2.74760E+00
  1.85547E-01  2.74135E+00
  1.89453E-01  2.73505E+00
  1.93359E-01  2.72867E+00
  1.97266E-01  2.72223E+00
  2.01172E-01  2.71573E+00
  2.05078E-01  2.70916E+00
  2.08984E-01  2.70252E+00
  2.12891E-01  2.69581E+00
  2.16797E-01  2.68904E+00
  2.20703E-01  2.68221E+00
  2.24609E-01  2.67530E+00
  2.28516E-01  2.66833E+00
  2.32422E-01  2.66130E+00
  2.36328E-01  2.65419E+00
  2.40234E-01  2.64702E+00
  2.44141E-01  2.63978E+00
  2.48047E-01  2.63247E+00
  2.51953E-01  2.62509E+00
  2.55859E-01  2.61764E+00
  2.59766E-01  2.61012E+00
  2.63672E-01  2.60254E+00
  2.67578E-01  2.59488E+00
  2.71484E-01  2.58716E+00
  2.75391E-01  2.57936E+00
  2.79297E-01  2.57150E+00
  2.83203E-01  2.56356E+00
  2.87109E-01  2.55556E+00
  2.91016E-01  2.54748E+00
  2.94922E-01  2.53933E+00
  2.98828E-01  2.53112E+00
  3.02734E-01  2.52283E+00
  3.06641E-01  2.51446E+00
  3.10547E-01  2.50603E+00
  3.14453E-01  2.49752E+00
  3.18359E-01  2.48893E+00
  3.22266E-01  2.48027E+00
  3.26172E-01  2.47154E+00
  3.30078E-01  2.46273E+00
  3.33984E-01  2.45385E+00
  3.37891E-01  2.44489E+00
  3.41797E-01  2.43585E+00
  3.45703E-01  2.42674E+00
  3.49609E-01  2.41754E+00
  3.53516E-01  2.40827E+00
  3.57422E-01  2.39892E+00
  3.61328E-01  2.38949E+00
  3.65234E-01  2.37998E+00
  3.69141E-01  2.37039E+00
  3.73047E-01  2.36071E+00
  3.76953E-01  2.35096E+00
  3.80859E-01  2.34112E+00
  3.84766E-01  2.33120E+00
  3.88672E-01  2.32119E+00
  3.92578E-01  2.31110E+00
  3.96484E-01  2.30091E+00
  4.00391E-01  2.29064E+00
  4.04297E-01  2.28028E+00
  4.08203E-01  2.26983E+00
  4.12109E-01  2.25930E+00
  4.16016E-01  2.24867E+00
  4.19922E-01  2.23795E+00
  4.23828E-01  2.22714E+00
  4.27734E-01  2.21623E+00
  4.31641E-01  2.20523E+00
  4.35547E-01  2.19412E+00
  4.39453E-01  2.18293E+00
  4.43359E-01  2.17163E+00
  4.47266E-01  2.16023E+00
  4.51172E-01  2.14873E+00
  4.55078E-01  2.13713E+00
  4.58984E-01  2.12542E+00
  4.62891E-01  2.11361E+00
  4.66797E-01  2.10168E+00
  4.70703E-01  2.08965E+00
  4.74609E-01  2.07750E+00
  4.78516E-01  2.06524E+00
  4.82422E-01  2.05286E+00
  4.86328E-01  2.04037E+00
  4.90234E-01  2.02775E+00
  4.94141E-01  2.01501E+00
  4.98047E-01  2.00215E+00
  5.01953E-01  1.98915E+00
  5.05859E-01  1.97602E+00
  5.09766E-01  1.96276E+00
  5.13672E-01  1.94935E+00
  5.17578E-01  1.93581E+00
  5.21484E-01  1.92211E+00
  5.25391E-01  1.90827E+00
  5.29297E-01  1.89428E+00
  5.33203E-01  1.88012E+00
  5.37109E-01  1.86581E+00
  5.41016E-01  1.85132E+00
  5.44922E-01  1.83667E+00
  5.48828E-01  1.82183E+00
  5.52734E-01  1.80682E+00
  5.56641E-01  1.79162E+00
  5.60547E-01  1.77623E+00
  5.64453E-01  1.76063E+00
  5.68359E-01  1.74483E+00
  5.72266E-01  1.72881E+00
  5.76172E-01  1.71258E+00
  5.80078E-01  1.69611E+00
  5.83984E-01  1.67940E+00
  5.87891E-01  1.66245E+00
  5.91797E-01  1.64523E+00
  5.95703E-01  1.62775E+00
  5.99609E-01  1.60998E+00
  6.03516E-01  1.59191E+00
  6.07422E-01  1.57352E+00
  6.11328E-01  1.55481E+00
  6.15234E-01  1.53576E+00
  6.19141E-01  1.51635E+00
  6.23047E-01  1.49655E+00
  6.26953E-01  1.47636E+00
  6.30859E-01  1.45573E+00
  6.34766E-01  1.43464E+00
  6.38672E-01  1.41307E+00
  6.42578E-01  1.39098E+00
  6.46484E-01  1.36831E+00
  6.50391E-01  1.34504E+00
  6.54297E-01  1.32110E+00
  6.58203E-01  1.29643E+00
  6.62109E-01  1.27097E+00
  6.66016E-01  1.24463E+00
  6.69922E-01  1.21731E+00
  6.73828E-01  1.18889E+00
  6.77734E-01  1.15922E+00
  6.81641E-01  1.12812E+00
  6.85547E-01  1.09535E+00
  6.89453E-01  1.06060E+00
  6.93359E-01  1.02340E+00
  6.97266E-01  9.82531E-01
  7.01172E-01  9.30663E-01
  7.05078E-01  8.18491E-01
  7.08984E-01  1.31309E-02
  7.12891E-01  1.29410E-02
  7.16797E-01  1.27282E-02
  7.20703E-01  1.25225E-02
  7.24609E-01  1.23182E-02
  7.28516E-01  1.21235E-02
  7.32422E-01  1.19308E-02
  7.36328E-01  1.17419E-02
  7.40234E-01  1.15530E-02
  7.44141E-01  1.13709E-02
  7.48047E-01  1.11928E-02
  7.51953E-01  1.10204E-02
  7.55859E-01  1.08469E-02
  7.59766E-01  1.06786E-02
  7.63672E-01  1.05135E-02
  7.67578E-01  1.03532E-02
  7.71484E-01  1.01947E-02
  7.75391E-01  1.00393E-02
  7.79297E-01  9.88706E-03
  7.83203E-01  9.73878E-03
  7.87109E-01  9.59196E-03
  7.91016E-01  9.44781E-03
  7.94922E-01  9.30842E-03
  7.98828E-01  9.16932E-03
  8.02734E-01  9.03410E-03
  8.06641E-01  8.90153E-03
  8.10547E-01  8.77158E-03
  8.14453E-01  8.64330E-03
  8.18359E-01  8.51773E-03
  8.22266E-01  8.39387E-03
  8.26172E-01  8.27348E-03
  8.30078E-01  8.15439E-03
  8.33984E-01  8.03789E-03
  8.37891E-01  7.92293E-03
  8.41797E-01  7.81072E-03
  8.45703E-01  7.70010E-03
  8.49609E-01  7.59153E-03
  8.53516E-01  7.48502E-03
  8.57422E-01  7.38011E-03
  8.61328E-01  7.27692E-03
  8.65234E-01  7.17576E-03
  8.69141E-01  7.07604E-03
  8.73047E-01  6.97812E-03
  8.76953E-01  6.88203E-03
  8.80859E-01  6.78756E-03
  8.84766E-01  6.69455E-03
  8.88672E-01  6.60298E-03
  8.92578E-01  6.51303E-03
  8.96484E-01  6.42460E-03
  9.00391E-01  6.33768E-03
  9.04297E-01  6.25219E-03
  9.08203E-01  6.16796E-03
  9.12109E-01  6.08511E-03
  9.16016E-01  6.00370E-03
  9.19922E-01  5.92350E-03
  9.23828E-01  5.84460E-03
  9.27734E-01  5.76704E-03
  9.31641E-01  5.69057E-03
  9.35547E-01  5.61552E-03
  9.39453E-01  5.54144E-03
  9.43359E-01  5.46875E-03
  9.47266E-01  5.39702E-03
  9.51172E-01  5.32674E-03
  9.55078E-01  5.25746E-03
  9.58984E-01  5.18958E-03
  9.62891E-01  5.12291E-03
  9.66797E-01  5.05773E-03
  9.70703E-01  4.99431E-03
  9.74609E-01  4.93310E-03
  9.78516E-01  4.87484E-03
  9.82422E-01  4.82100E-03
  9.86328E-01  4.77277E-03
  9.90234E-01  4.73103E-03
  9.94141E-01  4.69489E-03
  9.98047E-01  4.67518E-03
  1.00195E+00  4.67518E-03
