 -1.95312E-03  2.96490E+00
  1.95312E-03  2.96528E+00
  5.85938E-03  2.96114E+00
  9.76562E-03  2.95766E+00
  1.36719E-02  2.95423E+00
  1.75781E-02  2.95078E+00
  2.14844E-02  2.94728E+00
  2.53906E-02  2.94372E+00
  2.92969E-02  2.94010E+00
  3.32031E-02  2.93641E+00
  3.71094E-02  2.93266E+00
  4.10156E-02  2.92885E+00
  4.49219E-02  2.92496E+00
  4.88281E-02  2.92101E+00
  5.27344E-02  2.91700E+00
  5.66406E-02  2.91292E+00
  6.05469E-02  2.90877E+00
  6.44531E-02  2.90456E+00
  6.83594E-02  2.90028E+00
  7.22656E-02  2.89594E+00
  7.61719E-02  2.89153E+00
  8.00781E-02  2.88705E+00
  8.39844E-02  2.88251E+00
  8.78906E-02  2.87790E+00
  9.17969E-02  2.87323E+00
  9.57031E-02  2.86849E+00
  9.96094E-02  2.86368E+00
  1.03516E-01  2.85881E+00
  1.07422E-01  2.85387E+00
  1.11328E-01  2.84887E+00
  1.15234E-01  2.84381E+00
  1.19141E-01  2.83867E+00
  1.23047E-01  2.83348E+00
  1.26953E-01  2.82821E+00
  1.30859E-01  2.82289E+00
  1.34766E-01  2.81749E+00
  1.38672E-01  2.81204E+00
  1.42578E-01  2.80651E+00
  1.46484E-01  2.80093E+00
  1.50391E-01  2.79528E+00
  1.54297E-01  2.78956E+00
  1.58203E-01  2.78378E+00
  1.62109E-01  2.77793E+00
  1.66016E-01  2.77201E+00
  1.69922E-01  2.76603E+00
  1.73828E-01  2.75999E+00
  1.77734E-01  2.75388E+00
  1.81641E-01  2.74770E+00
  1.85547E-01  2.74146E+00
  1.89453E-01  2.73515E+00
  1.93359E-01  2.72878E+00
  1.97266E-01  2.72234E+00
  2.01172E-01  2.71583E+00
  2.05078E-01  2.70926E+00
  2.08984E-01  2.70262E+00
  2.12891E-01  2.69592E+00
  2.16797E-01  2.68915E+00
  2.20703E-01  2.68231E+00
  2.24609E-01  2.67541E+00
  2.28516E-01  2.66844E+00
  2.32422E-01  2.66140E+00
  2.36328E-01  2.65430E+00
  2.40234E-01  2.64712E+00
  2.44141E-01  2.63988E+00
  2.48047E-01  2.63257E+00
  2.51953E-01  2.62519E+00
  2.55859E-01  2.61774E+00
  2.59766E-01  2.61023E+00
  2.63672E-01  2.60264E+00
  2.67578E-01  2.59498E+00
  2.71484E-01  2.58726E+00
  2.75391E-01  2.57947E+00
  2.79297E-01  2.57160E+00
  2.83203E-01  2.56367E+00
  2.87109E-01  2.55567E+00
  2.91016E-01  2.54759E+00
  2.94922E-01  2.53944E+00
  2.98828E-01  2.53122E+00
  3.02734E-01  2.52293E+00
  3.06641E-01  2.51457E+00
  3.10547E-01  2.50614E+00
  3.14453E-01  2.49763E+00
  3.18359E-01  2.48904E+00
  3.22266E-01  2.48038E+00
  3.26172E-01  2.47165E+00
  3.30078E-01  2.46284E+00
  3.33984E-01  2.45396E+00
  3.37891E-01  2.44500E+00
  3.41797E-01  2.43596E+00
  3.45703E-01  2.42685E+00
  3.49609E-01  2.41765E+00
  3.53516E-01  2.40838E+00
  3.57422E-01  2.39903E+00
  3.61328E-01  2.38960E+00
  3.65234E-01  2.38009E+00
  3.69141E-01  2.37050E+00
  3.73047E-01  2.36082E+00
  3.76953E-01  2.35107E+00
  3.80859E-01  2.34123E+00
  3.84766E-01  2.33131E+00
  3.88672E-01  2.32130E+00
  3.92578E-01  2.31120E+00
  3.96484E-01  2.30102E+00
  4.00391E-01  2.29075E+00
  4.04297E-01  2.28039E+00
  4.08203E-01  2.26994E+00
  4.12109E-01  2.25940E+00
  4.16016E-01  2.24877E+00
  4.19922E-01  2.23805E+00
  4.23828E-01  2.22724E+00
  4.27734E-01  2.21633E+00
  4.31641E-01  2.20532E+00
  4.35547E-01  2.19422E+00
  4.39453E-01  2.18303E+00
  4.43359E-01  2.17173E+00
  4.47266E-01  2.16033E+00
  4.51172E-01  2.14883E+00
  4.55078E-01  2.13722E+00
  4.58984E-01  2.12551E+00
  4.62891E-01  2.11369E+00
  4.66797E-01  2.10176E+00
  4.70703E-01  2.08973E+00
  4.74609E-01  2.07758E+00
  4.78516E-01  2.06531E+00
  4.82422E-01  2.05293E+00
  4.86328E-01  2.04043E+00
  4.90234E-01  2.02781E+00
  4.94141E-01  2.01506E+00
  4.98047E-01  2.00219E+00
  5.01953E-01  1.98918E+00
  5.05859E-01  1.97604E+00
  5.09766E-01  1.96277E+00
  5.13672E-01  1.94935E+00
  5.17578E-01  1.93580E+00
  5.21484E-01  1.92209E+00
  5.25391E-01  1.90824E+00
  5.29297E-01  1.89422E+00
  5.33203E-01  1.88006E+00
  5.37109E-01  1.86573E+00
  5.41016E-01  1.85123E+00
  5.44922E-01  1.83655E+00
  5.48828E-01  1.82170E+00
  5.52734E-01  1.80667E+00
  5.56641E-01  1.79145E+00
  5.60547E-01  1.77604E+00
  5.64453E-01  1.76042E+00
  5.68359E-01  1.74459E+00
  5.72266E-01  1.72855E+00
  5.76172E-01  1.71229E+00
  5.80078E-01  1.69580E+00
  5.83984E-01  1.67907E+00
  5.87891E-01  1.66208E+00
  5.91797E-01  1.64483E+00
  5.95703E-01  1.62731E+00
  5.99609E-01  1.60951E+00
  6.03516E-01  1.59140E+00
  6.07422E-01  1.57299E+00
  6.11328E-01  1.55424E+00
  6.15234E-01  1.53515E+00
  6.19141E-01  1.51569E+00
  6.23047E-01  1.49585E+00
  6.26953E-01  1.47560E+00
  6.30859E-01  1.45492E+00
  6.34766E-01  1.43377E+00
  6.38672E-01  1.41213E+00
  6.42578E-01  1.38996E+00
  6.46484E-01  1.36721E+00
  6.50391E-01  1.34384E+00
  6.54297E-01  1.31980E+00
  6.58203E-01  1.29503E+00
  6.62109E-01  1.26944E+00
  6.66016E-01  1.24296E+00
  6.69922E-01  1.21549E+00
  6.73828E-01  1.18690E+00
  6.77734E-01  1.15705E+00
  6.81641E-01  1.12573E+00
  6.85547E-01  1.09271E+00
  6.89453E-01  1.05765E+00
  6.93359E-01  1.02006E+00
  6.97266E-01  9.78640E-01
  7.01172E-01  9.25599E-01
  7.05078E-01  8.10374E-01
  7.08984E-01  1.02414E-02
  7.12891E-01  1.01005E-02
  7.16797E-01  9.93257E-03
  7.20703E-01  9.77047E-03
  7.24609E-01  9.60943E-03
  7.28516E-01  9.45627E-03
  7.32422E-01  9.30510E-03
  7.36328E-01  9.15689E-03
  7.40234E-01  9.00898E-03
  7.44141E-01  8.86646E-03
  7.48047E-01  8.72643E-03
  7.51953E-01  8.59109E-03
  7.55859E-01  8.45551E-03
  7.59766E-01  8.32428E-03
  7.63672E-01  8.19530E-03
  7.67578E-01  8.06976E-03
  7.71484E-01  7.94509E-03
  7.75391E-01  7.82452E-03
  7.79297E-01  7.70539E-03
  7.83203E-01  7.58952E-03
  7.87109E-01  7.47382E-03
  7.91016E-01  7.36206E-03
  7.94922E-01  7.25151E-03
  7.98828E-01  7.14469E-03
  8.02734E-01  7.03811E-03
  8.06641E-01  6.93444E-03
  8.10547E-01  6.83221E-03
  8.14453E-01  6.73274E-03
  8.18359E-01  6.63386E-03
  8.22266E-01  6.53785E-03
  8.26172E-01  6.44380E-03
  8.30078E-01  6.35023E-03
  8.33984E-01  6.25963E-03
  8.37891E-01  6.16974E-03
  8.41797E-01  6.08211E-03
  8.45703E-01  5.99541E-03
  8.49609E-01  5.91103E-03
  8.53516E-01  5.82734E-03
  8.57422E-01  5.74610E-03
  8.61328E-01  5.66526E-03
  8.65234E-01  5.58657E-03
  8.69141E-01  5.50896E-03
  8.73047E-01  5.43264E-03
  8.76953E-01  5.35774E-03
  8.80859E-01  5.28430E-03
  8.84766E-01  5.21189E-03
  8.88672E-01  5.14084E-03
  8.92578E-01  5.07087E-03
  8.96484E-01  5.00219E-03
  9.00391E-01  4.93456E-03
  9.04297E-01  4.86814E-03
  9.08203E-01  4.80277E-03
  9.12109E-01  4.73854E-03
  9.16016E-01  4.67546E-03
  9.19922E-01  4.61342E-03
  9.23828E-01  4.55228E-03
  9.27734E-01  4.49212E-03
  9.31641E-01  4.43312E-03
  9.35547E-01  4.37508E-03
  9.39453E-01  4.31802E-03
  9.43359E-01  4.26193E-03
  9.47266E-01  4.20675E-03
  9.51172E-01  4.15288E-03
  9.55078E-01  4.09977E-03
  9.58984E-01  4.04790E-03
  9.62891E-01  3.99720E-03
  9.66797E-01  3.94816E-03
  9.70703E-01  3.90052E-03
  9.74609E-01  3.85521E-03
  9.78516E-01  3.81238E-03
  9.82422E-01  3.77267E-03
  9.86328E-01  3.73638E-03
  9.90234E-01  3.70344E-03
  9.94141E-01  3.67257E-03
  9.98047E-01  3.65755E-03
  1.00195E+00  3.65755E-03
