 -1.95312E-03  2.96446E+00
  1.95312E-03  2.96484E+00
  5.85938E-03  2.96070E+00
  9.76562E-03  2.95721E+00
  1.36719E-02  2.95379E+00
  1.75781E-02  2.95034E+00
  2.14844E-02  2.94684E+00
  2.53906E-02  2.94327E+00
  2.92969E-02  2.93965E+00
  3.32031E-02  2.93597E+00
  3.71094E-02  2.93222E+00
  4.10156E-02  2.92840E+00
  4.49219E-02  2.92452E+00
  4.88281E-02  2.92057E+00
  5.27344E-02  2.91655E+00
  5.66406E-02  2.91247E+00
  6.05469E-02  2.90833E+00
  6.44531E-02  2.90412E+00
  6.83594E-02  2.89984E+00
  7.22656E-02  2.89549E+00
  7.61719E-02  2.89108E+00
  8.00781E-02  2.88661E+00
  8.39844E-02  2.88207E+00
  8.78906E-02  2.87746E+00
  9.17969E-02  2.87279E+00
  9.57031E-02  2.86805E+00
  9.96094E-02  2.86324E+00
  1.03516E-01  2.85837E+00
  1.07422E-01  2.85343E+00
  1.11328E-01  2.84843E+00
  1.15234E-01  2.84337E+00
  1.19141E-01  2.83823E+00
  1.23047E-01  2.83304E+00
  1.26953E-01  2.82778E+00
  1.30859E-01  2.82245E+00
  1.34766E-01  2.81706E+00
  1.38672E-01  2.81160E+00
  1.42578E-01  2.80608E+00
  1.46484E-01  2.80050E+00
  1.50391E-01  2.79484E+00
  1.54297E-01  2.78913E+00
  1.58203E-01  2.78334E+00
  1.62109E-01  2.77750E+00
  1.66016E-01  2.77158E+00
  1.69922E-01  2.76560E+00
  1.73828E-01  2.75956E+00
  1.77734E-01  2.75344E+00
  1.81641E-01  2.74727E+00
  1.85547E-01  2.74102E+00
  1.89453E-01  2.73471E+00
  1.93359E-01  2.72834E+00
  1.97266E-01  2.72190E+00
  2.01172E-01  2.71539E+00
  2.05078E-01  2.70882E+00
  2.08984E-01  2.70219E+00
  2.12891E-01  2.69548E+00
  2.16797E-01  2.68871E+00
  2.20703E-01  2.68188E+00
  2.24609E-01  2.67497E+00
  2.28516E-01  2.66800E+00
  2.32422E-01  2.66096E+00
  2.36328E-01  2.65386E+00
  2.40234E-01  2.64668E+00
  2.44141E-01  2.63944E+00
  2.48047E-01  2.63213E+00
  2.51953E-01  2.62475E+00
  2.55859E-01  2.61730E+00
  2.59766E-01  2.60978E+00
  2.63672E-01  2.60220E+00
  2.67578E-01  2.59454E+00
  2.71484E-01  2.58682E+00
  2.75391E-01  2.57902E+00
  2.79297E-01  2.57116E+00
  2.83203E-01  2.56322E+00
  2.87109E-01  2.55522E+00
  2.91016E-01  2.54714E+00
  2.94922E-01  2.53900E+00
  2.98828E-01  2.53078E+00
  3.02734E-01  2.52249E+00
  3.06641E-01  2.51412E+00
  3.10547E-01  2.50569E+00
  3.14453E-01  2.49718E+00
  3.18359E-01  2.48859E+00
  3.22266E-01  2.47993E+00
  3.26172E-01  2.47120E+00
  3.30078E-01  2.46239E+00
  3.33984E-01  2.45351E+00
  3.37891E-01  2.44455E+00
  3.41797E-01  2.43551E+00
  3.45703E-01  2.42640E+00
  3.49609E-01  2.41721E+00
  3.53516E-01  2.40793E+00
  3.57422E-01  2.39858E+00
  3.61328E-01  2.38915E+00
  3.65234E-01  2.37964E+00
  3.69141E-01  2.37006E+00
  3.73047E-01  2.36038E+00
  3.76953E-01  2.35063E+00
  3.80859E-01  2.34079E+00
  3.84766E-01  2.33087E+00
  3.88672E-01  2.32086E+00
  3.92578E-01  2.31077E+00
  3.96484E-01  2.30059E+00
  4.00391E-01  2.29032E+00
  4.04297E-01  2.27996E+00
  4.08203E-01  2.26952E+00
  4.12109E-01  2.25898E+00
  4.16016E-01  2.24835E+00
  4.19922E-01  2.23764E+00
  4.23828E-01  2.22682E+00
  4.27734E-01  2.21592E+00
  4.31641E-01  2.20492E+00
  4.35547E-01  2.19382E+00
  4.39453E-01  2.18262E+00
  4.43359E-01  2.17133E+00
  4.47266E-01  2.15994E+00
  4.51172E-01  2.14844E+00
  4.55078E-01  2.13684E+00
  4.58984E-01  2.12513E+00
  4.62891E-01  2.11332E+00
  4.66797E-01  2.10140E+00
  4.70703E-01  2.08937E+00
  4.74609E-01  2.07722E+00
  4.78516E-01  2.06497E+00
  4.82422E-01  2.05260E+00
  4.86328E-01  2.04010E+00
  4.90234E-01  2.02749E+00
  4.94141E-01  2.01476E+00
  4.98047E-01  2.00190E+00
  5.01953E-01  1.98891E+00
  5.05859E-01  1.97578E+00
  5.09766E-01  1.96253E+00
  5.13672E-01  1.94913E+00
  5.17578E-01  1.93560E+00
  5.21484E-01  1.92192E+00
  5.25391E-01  1.90809E+00
  5.29297E-01  1.89411E+00
  5.33203E-01  1.87997E+00
  5.37109E-01  1.86568E+00
  5.41016E-01  1.85122E+00
  5.44922E-01  1.83660E+00
  5.48828E-01  1.82180E+00
  5.52734E-01  1.80682E+00
  5.56641E-01  1.79167E+00
  5.60547E-01  1.77632E+00
  5.64453E-01  1.76078E+00
  5.68359E-01  1.74503E+00
  5.72266E-01  1.72908E+00
  5.76172E-01  1.71291E+00
  5.80078E-01  1.69652E+00
  5.83984E-01  1.67989E+00
  5.87891E-01  1.66303E+00
  5.91797E-01  1.64592E+00
  5.95703E-01  1.62854E+00
  5.99609E-01  1.61088E+00
  6.03516E-01  1.59294E+00
  6.07422E-01  1.57470E+00
  6.11328E-01  1.55613E+00
  6.15234E-01  1.53723E+00
  6.19141E-01  1.51798E+00
  6.23047E-01  1.49835E+00
  6.26953E-01  1.47832E+00
  6.30859E-01  1.45787E+00
  6.34766E-01  1.43697E+00
  6.38672E-01  1.41559E+00
  6.42578E-01  1.39369E+00
  6.46484E-01  1.37124E+00
  6.50391E-01  1.34820E+00
  6.54297E-01  1.32450E+00
  6.58203E-01  1.30010E+00
  6.62109E-01  1.27492E+00
  6.66016E-01  1.24888E+00
  6.69922E-01  1.22189E+00
  6.73828E-01  1.19384E+00
  6.77734E-01  1.16459E+00
  6.81641E-01  1.13396E+00
  6.85547E-01  1.10176E+00
  6.89453E-01  1.06770E+00
  6.93359E-01  1.03134E+00
  6.97266E-01  9.91642E-01
  7.01172E-01  9.42199E-01
  7.05078E-01  8.36355E-01
  7.08984E-01  2.03708E-02
  7.12891E-01  2.00225E-02
  7.16797E-01  1.97368E-02
  7.20703E-01  1.94274E-02
  7.24609E-01  1.91258E-02
  7.28516E-01  1.88249E-02
  7.32422E-01  1.85364E-02
  7.36328E-01  1.82513E-02
  7.40234E-01  1.79626E-02
  7.44141E-01  1.76689E-02
  7.48047E-01  1.73737E-02
  7.51953E-01  1.70851E-02
  7.55859E-01  1.68078E-02
  7.59766E-01  1.65292E-02
  7.63672E-01  1.62591E-02
  7.67578E-01  1.59968E-02
  7.71484E-01  1.57432E-02
  7.75391E-01  1.55011E-02
  7.79297E-01  1.52689E-02
  7.83203E-01  1.50397E-02
  7.87109E-01  1.48121E-02
  7.91016E-01  1.45923E-02
  7.94922E-01  1.43780E-02
  7.98828E-01  1.41680E-02
  8.02734E-01  1.39622E-02
  8.06641E-01  1.37597E-02
  8.10547E-01  1.35609E-02
  8.14453E-01  1.33651E-02
  8.18359E-01  1.31728E-02
  8.22266E-01  1.29841E-02
  8.26172E-01  1.27985E-02
  8.30078E-01  1.26160E-02
  8.33984E-01  1.24370E-02
  8.37891E-01  1.22614E-02
  8.41797E-01  1.20889E-02
  8.45703E-01  1.19190E-02
  8.49609E-01  1.17518E-02
  8.53516E-01  1.15878E-02
  8.57422E-01  1.14270E-02
  8.61328E-01  1.12688E-02
  8.65234E-01  1.11131E-02
  8.69141E-01  1.09600E-02
  8.73047E-01  1.08095E-02
  8.76953E-01  1.06616E-02
  8.80859E-01  1.05158E-02
  8.84766E-01  1.03724E-02
  8.88672E-01  1.02313E-02
  8.92578E-01  1.00928E-02
  8.96484E-01  9.95662E-03
  9.00391E-01  9.82206E-03
  9.04297E-01  9.68975E-03
  9.08203E-01  9.55925E-03
  9.12109E-01  9.43085E-03
  9.16016E-01  9.30438E-03
  9.19922E-01  9.18004E-03
  9.23828E-01  9.05723E-03
  9.27734E-01  8.93628E-03
  9.31641E-01  8.81678E-03
  9.35547E-01  8.69960E-03
  9.39453E-01  8.58379E-03
  9.43359E-01  8.46951E-03
  9.47266E-01  8.35674E-03
  9.51172E-01  8.24601E-03
  9.55078E-01  8.13661E-03
  9.58984E-01  8.02847E-03
  9.62891E-01  7.92205E-03
  9.66797E-01  7.81754E-03
  9.70703E-01  7.71443E-03
  9.74609E-01  7.61349E-03
  9.78516E-01  7.51486E-03
  9.82422E-01  7.42051E-03
  9.86328E-01  7.33392E-03
  9.90234E-01  7.26202E-03
  9.94141E-01  7.21336E-03
  9.98047E-01  7.18473E-03
  1.00195E+00  7.18473E-03
