 -1.95312E-03  2.96489E+00
  1.95312E-03  2.96527E+00
  5.85938E-03  2.96113E+00
  9.76562E-03  2.95765E+00
  1.36719E-02  2.95422E+00
  1.75781E-02  2.95077E+00
  2.14844E-02  2.94727E+00
  2.53906E-02  2.94371E+00
  2.92969E-02  2.94009E+00
  3.32031E-02  2.93640E+00
  3.71094E-02  2.93265E+00
  4.10156E-02  2.92884E+00
  4.49219E-02  2.92495E+00
  4.88281E-02  2.92100E+00
  5.27344E-02  2.91699E+00
  5.66406E-02  2.91291E+00
  6.05469E-02  2.90876E+00
  6.44531E-02  2.90455E+00
  6.83594E-02  2.90027E+00
  7.22656E-02  2.89593E+00
  7.61719E-02  2.89152E+00
  8.00781E-02  2.88704E+00
  8.39844E-02  2.88250E+00
  8.78906E-02  2.87789E+00
  9.17969E-02  2.87322E+00
  9.57031E-02  2.86848E+00
  9.96094E-02  2.86367E+00
  1.03516E-01  2.85880E+00
  1.07422E-01  2.85386E+00
  1.11328E-01  2.84886E+00
  1.15234E-01  2.84380E+00
  1.19141E-01  2.83866E+00
  1.23047E-01  2.83347E+00
  1.26953E-01  2.82820E+00
  1.30859E-01  2.82288E+00
  1.34766E-01  2.81748E+00
  1.38672E-01  2.81203E+00
  1.42578E-01  2.80650E+00
  1.46484E-01  2.80092E+00
  1.50391E-01  2.79526E+00
  1.54297E-01  2.78955E+00
  1.58203E-01  2.78377E+00
  1.62109E-01  2.77792E+00
  1.66016E-01  2.77200E+00
  1.69922E-01  2.76602E+00
  1.73828E-01  2.75998E+00
  1.77734E-01  2.75387E+00
  1.81641E-01  2.74769E+00
  1.85547E-01  2.74145E+00
  1.89453E-01  2.73514E+00
  1.93359E-01  2.72877E+00
  1.97266E-01  2.72233E+00
  2.01172E-01  2.71582E+00
  2.05078E-01  2.70925E+00
  2.08984E-01  2.70262E+00
  2.12891E-01  2.69591E+00
  2.16797E-01  2.68914E+00
  2.20703E-01  2.68230E+00
  2.24609E-01  2.67540E+00
  2.28516E-01  2.66843E+00
  2.32422E-01  2.66140E+00
  2.36328E-01  2.65429E+00
  2.40234E-01  2.64711E+00
  2.44141E-01  2.63987E+00
  2.48047E-01  2.63256E+00
  2.51953E-01  2.62518E+00
  2.55859E-01  2.61774E+00
  2.59766E-01  2.61022E+00
  2.63672E-01  2.60263E+00
  2.67578E-01  2.59498E+00
  2.71484E-01  2.58725E+00
  2.75391E-01  2.57946E+00
  2.79297E-01  2.57160E+00
  2.83203E-01  2.56366E+00
  2.87109E-01  2.55566E+00
  2.91016E-01  2.54758E+00
  2.94922E-01  2.53943E+00
  2.98828E-01  2.53121E+00
  3.02734E-01  2.52292E+00
  3.06641E-01  2.51456E+00
  3.10547E-01  2.50613E+00
  3.14453E-01  2.49762E+00
  3.18359E-01  2.48903E+00
  3.22266E-01  2.48037E+00
  3.26172E-01  2.47164E+00
  3.30078E-01  2.46283E+00
  3.33984E-01  2.45395E+00
  3.37891E-01  2.44499E+00
  3.41797E-01  2.43595E+00
  3.45703E-01  2.42684E+00
  3.49609E-01  2.41764E+00
  3.53516E-01  2.40837E+00
  3.57422E-01  2.39902E+00
  3.61328E-01  2.38959E+00
  3.65234E-01  2.38007E+00
  3.69141E-01  2.37048E+00
  3.73047E-01  2.36081E+00
  3.76953E-01  2.35106E+00
  3.80859E-01  2.34122E+00
  3.84766E-01  2.33130E+00
  3.88672E-01  2.32129E+00
  3.92578E-01  2.31119E+00
  3.96484E-01  2.30101E+00
  4.00391E-01  2.29074E+00
  4.04297E-01  2.28038E+00
  4.08203E-01  2.26993E+00
  4.12109E-01  2.25939E+00
  4.16016E-01  2.24876E+00
  4.19922E-01  2.23804E+00
  4.23828E-01  2.22723E+00
  4.27734E-01  2.21632E+00
  4.31641E-01  2.20532E+00
  4.35547E-01  2.19421E+00
  4.39453E-01  2.18301E+00
  4.43359E-01  2.17172E+00
  4.47266E-01  2.16032E+00
  4.51172E-01  2.14882E+00
  4.55078E-01  2.13721E+00
  4.58984E-01  2.12550E+00
  4.62891E-01  2.11368E+00
  4.66797E-01  2.10176E+00
  4.70703E-01  2.08972E+00
  4.74609E-01  2.07757E+00
  4.78516E-01  2.06531E+00
  4.82422E-01  2.05293E+00
  4.86328E-01  2.04043E+00
  4.90234E-01  2.02781E+00
  4.94141E-01  2.01506E+00
  4.98047E-01  2.00219E+00
  5.01953E-01  1.98918E+00
  5.05859E-01  1.97604E+00
  5.09766E-01  1.96277E+00
  5.13672E-01  1.94936E+00
  5.17578E-01  1.93580E+00
  5.21484E-01  1.92210E+00
  5.25391E-01  1.90824E+00
  5.29297E-01  1.89424E+00
  5.33203E-01  1.88007E+00
  5.37109E-01  1.86574E+00
  5.41016E-01  1.85124E+00
  5.44922E-01  1.83657E+00
  5.48828E-01  1.82173E+00
  5.52734E-01  1.80670E+00
  5.56641E-01  1.79148E+00
  5.60547E-01  1.77607E+00
  5.64453E-01  1.76045E+00
  5.68359E-01  1.74463E+00
  5.72266E-01  1.72859E+00
  5.76172E-01  1.71233E+00
  5.80078E-01  1.69584E+00
  5.83984E-01  1.67911E+00
  5.87891E-01  1.66212E+00
  5.91797E-01  1.64487E+00
  5.95703E-01  1.62736E+00
  5.99609E-01  1.60956E+00
  6.03516E-01  1.59145E+00
  6.07422E-01  1.57303E+00
  6.11328E-01  1.55429E+00
  6.15234E-01  1.53520E+00
  6.19141E-01  1.51574E+00
  6.23047E-01  1.49591E+00
  6.26953E-01  1.47566E+00
  6.30859E-01  1.45498E+00
  6.34766E-01  1.43384E+00
  6.38672E-01  1.41221E+00
  6.42578E-01  1.39004E+00
  6.46484E-01  1.36730E+00
  6.50391E-01  1.34393E+00
  6.54297E-01  1.31990E+00
  6.58203E-01  1.29513E+00
  6.62109E-01  1.26955E+00
  6.66016E-01  1.24308E+00
  6.69922E-01  1.21563E+00
  6.73828E-01  1.18705E+00
  6.77734E-01  1.15720E+00
  6.81641E-01  1.12590E+00
  6.85547E-01  1.09288E+00
  6.89453E-01  1.05783E+00
  6.93359E-01  1.02027E+00
  6.97266E-01  9.78885E-01
  7.01172E-01  9.25914E-01
  7.05078E-01  8.10877E-01
  7.08984E-01  1.04552E-02
  7.12891E-01  1.03118E-02
  7.16797E-01  1.01414E-02
  7.20703E-01  9.97676E-03
  7.24609E-01  9.81176E-03
  7.28516E-01  9.65346E-03
  7.32422E-01  9.49813E-03
  7.36328E-01  9.34894E-03
  7.40234E-01  9.19914E-03
  7.44141E-01  9.05308E-03
  7.48047E-01  8.90914E-03
  7.51953E-01  8.77081E-03
  7.55859E-01  8.63363E-03
  7.59766E-01  8.49911E-03
  7.63672E-01  8.36671E-03
  7.67578E-01  8.23904E-03
  7.71484E-01  8.11246E-03
  7.75391E-01  7.98872E-03
  7.79297E-01  7.86697E-03
  7.83203E-01  7.74917E-03
  7.87109E-01  7.63139E-03
  7.91016E-01  7.51705E-03
  7.94922E-01  7.40389E-03
  7.98828E-01  7.29485E-03
  8.02734E-01  7.18641E-03
  8.06641E-01  7.08046E-03
  8.10547E-01  6.97603E-03
  8.14453E-01  6.87459E-03
  8.18359E-01  6.77376E-03
  8.22266E-01  6.67532E-03
  8.26172E-01  6.57960E-03
  8.30078E-01  6.48420E-03
  8.33984E-01  6.39153E-03
  8.37891E-01  6.29978E-03
  8.41797E-01  6.21027E-03
  8.45703E-01  6.12170E-03
  8.49609E-01  6.03560E-03
  8.53516E-01  5.95017E-03
  8.57422E-01  5.86725E-03
  8.61328E-01  5.78480E-03
  8.65234E-01  5.70438E-03
  8.69141E-01  5.62521E-03
  8.73047E-01  5.54726E-03
  8.76953E-01  5.47071E-03
  8.80859E-01  5.39569E-03
  8.84766E-01  5.32174E-03
  8.88672E-01  5.24914E-03
  8.92578E-01  5.17766E-03
  8.96484E-01  5.10746E-03
  9.00391E-01  5.03839E-03
  9.04297E-01  4.97061E-03
  9.08203E-01  4.90401E-03
  9.12109E-01  4.83836E-03
  9.16016E-01  4.77385E-03
  9.19922E-01  4.71042E-03
  9.23828E-01  4.64792E-03
  9.27734E-01  4.58655E-03
  9.31641E-01  4.52633E-03
  9.35547E-01  4.46697E-03
  9.39453E-01  4.40859E-03
  9.43359E-01  4.35122E-03
  9.47266E-01  4.29496E-03
  9.51172E-01  4.23984E-03
  9.55078E-01  4.18548E-03
  9.58984E-01  4.13239E-03
  9.62891E-01  4.08060E-03
  9.66797E-01  4.03034E-03
  9.70703E-01  3.98158E-03
  9.74609E-01  3.93496E-03
  9.78516E-01  3.89116E-03
  9.82422E-01  3.85047E-03
  9.86328E-01  3.81336E-03
  9.90234E-01  3.77983E-03
  9.94141E-01  3.74852E-03
  9.98047E-01  3.73313E-03
  1.00195E+00  3.73313E-03
