 -1.95312E-03  2.96363E+00
  1.95312E-03  2.96401E+00
  5.85938E-03  2.95987E+00
  9.76562E-03  2.95638E+00
  1.36719E-02  2.95296E+00
  1.75781E-02  2.94951E+00
  2.14844E-02  2.94601E+00
  2.53906E-02  2.94245E+00
  2.92969E-02  2.93882E+00
  3.32031E-02  2.93514E+00
  3.71094E-02  2.93139E+00
  4.10156E-02  2.92757E+00
  4.49219E-02  2.92369E+00
  4.88281E-02  2.91974E+00
  5.27344E-02  2.91572E+00
  5.66406E-02  2.91164E+00
  6.05469E-02  2.90749E+00
  6.44531E-02  2.90328E+00
  6.83594E-02  2.89900E+00
  7.22656E-02  2.89466E+00
  7.61719E-02  2.89025E+00
  8.00781E-02  2.88577E+00
  8.39844E-02  2.88123E+00
  8.78906E-02  2.87662E+00
  9.17969E-02  2.87195E+00
  9.57031E-02  2.86721E+00
  9.96094E-02  2.86241E+00
  1.03516E-01  2.85753E+00
  1.07422E-01  2.85260E+00
  1.11328E-01  2.84760E+00
  1.15234E-01  2.84253E+00
  1.19141E-01  2.83740E+00
  1.23047E-01  2.83221E+00
  1.26953E-01  2.82695E+00
  1.30859E-01  2.82162E+00
  1.34766E-01  2.81623E+00
  1.38672E-01  2.81077E+00
  1.42578E-01  2.80525E+00
  1.46484E-01  2.79967E+00
  1.50391E-01  2.79401E+00
  1.54297E-01  2.78830E+00
  1.58203E-01  2.78252E+00
  1.62109E-01  2.77667E+00
  1.66016E-01  2.77076E+00
  1.69922E-01  2.76478E+00
  1.73828E-01  2.75873E+00
  1.77734E-01  2.75262E+00
  1.81641E-01  2.74644E+00
  1.85547E-01  2.74020E+00
  1.89453E-01  2.73389E+00
  1.93359E-01  2.72752E+00
  1.97266E-01  2.72108E+00
  2.01172E-01  2.71458E+00
  2.05078E-01  2.70801E+00
  2.08984E-01  2.70137E+00
  2.12891E-01  2.69467E+00
  2.16797E-01  2.68790E+00
  2.20703E-01  2.68106E+00
  2.24609E-01  2.67416E+00
  2.28516E-01  2.66719E+00
  2.32422E-01  2.66015E+00
  2.36328E-01  2.65304E+00
  2.40234E-01  2.64587E+00
  2.44141E-01  2.63863E+00
  2.48047E-01  2.63132E+00
  2.51953E-01  2.62394E+00
  2.55859E-01  2.61649E+00
  2.59766E-01  2.60897E+00
  2.63672E-01  2.60138E+00
  2.67578E-01  2.59373E+00
  2.71484E-01  2.58600E+00
  2.75391E-01  2.57821E+00
  2.79297E-01  2.57034E+00
  2.83203E-01  2.56241E+00
  2.87109E-01  2.55440E+00
  2.91016E-01  2.54632E+00
  2.94922E-01  2.53818E+00
  2.98828E-01  2.52996E+00
  3.02734E-01  2.52167E+00
  3.06641E-01  2.51330E+00
  3.10547E-01  2.50487E+00
  3.14453E-01  2.49636E+00
  3.18359E-01  2.48777E+00
  3.22266E-01  2.47911E+00
  3.26172E-01  2.47038E+00
  3.30078E-01  2.46158E+00
  3.33984E-01  2.45269E+00
  3.37891E-01  2.44373E+00
  3.41797E-01  2.43470E+00
  3.45703E-01  2.42558E+00
  3.49609E-01  2.41639E+00
  3.53516E-01  2.40712E+00
  3.57422E-01  2.39777E+00
  3.61328E-01  2.38834E+00
  3.65234E-01  2.37883E+00
  3.69141E-01  2.36924E+00
  3.73047E-01  2.35957E+00
  3.76953E-01  2.34982E+00
  3.80859E-01  2.33998E+00
  3.84766E-01  2.33006E+00
  3.88672E-01  2.32006E+00
  3.92578E-01  2.30996E+00
  3.96484E-01  2.29978E+00
  4.00391E-01  2.28952E+00
  4.04297E-01  2.27916E+00
  4.08203E-01  2.26872E+00
  4.12109E-01  2.25818E+00
  4.16016E-01  2.24756E+00
  4.19922E-01  2.23684E+00
  4.23828E-01  2.22603E+00
  4.27734E-01  2.21513E+00
  4.31641E-01  2.20413E+00
  4.35547E-01  2.19303E+00
  4.39453E-01  2.18184E+00
  4.43359E-01  2.17055E+00
  4.47266E-01  2.15916E+00
  4.51172E-01  2.14766E+00
  4.55078E-01  2.13606E+00
  4.58984E-01  2.12436E+00
  4.62891E-01  2.11255E+00
  4.66797E-01  2.10063E+00
  4.70703E-01  2.08860E+00
  4.74609E-01  2.07646E+00
  4.78516E-01  2.06420E+00
  4.82422E-01  2.05184E+00
  4.86328E-01  2.03935E+00
  4.90234E-01  2.02674E+00
  4.94141E-01  2.01400E+00
  4.98047E-01  2.00115E+00
  5.01953E-01  1.98816E+00
  5.05859E-01  1.97504E+00
  5.09766E-01  1.96179E+00
  5.13672E-01  1.94840E+00
  5.17578E-01  1.93486E+00
  5.21484E-01  1.92119E+00
  5.25391E-01  1.90736E+00
  5.29297E-01  1.89339E+00
  5.33203E-01  1.87926E+00
  5.37109E-01  1.86497E+00
  5.41016E-01  1.85052E+00
  5.44922E-01  1.83590E+00
  5.48828E-01  1.82111E+00
  5.52734E-01  1.80614E+00
  5.56641E-01  1.79099E+00
  5.60547E-01  1.77565E+00
  5.64453E-01  1.76011E+00
  5.68359E-01  1.74437E+00
  5.72266E-01  1.72842E+00
  5.76172E-01  1.71227E+00
  5.80078E-01  1.69589E+00
  5.83984E-01  1.67927E+00
  5.87891E-01  1.66242E+00
  5.91797E-01  1.64532E+00
  5.95703E-01  1.62796E+00
  5.99609E-01  1.61032E+00
  6.03516E-01  1.59240E+00
  6.07422E-01  1.57417E+00
  6.11328E-01  1.55564E+00
  6.15234E-01  1.53677E+00
  6.19141E-01  1.51756E+00
  6.23047E-01  1.49798E+00
  6.26953E-01  1.47801E+00
  6.30859E-01  1.45763E+00
  6.34766E-01  1.43681E+00
  6.38672E-01  1.41552E+00
  6.42578E-01  1.39374E+00
  6.46484E-01  1.37141E+00
  6.50391E-01  1.34851E+00
  6.54297E-01  1.32498E+00
  6.58203E-01  1.30077E+00
  6.62109E-01  1.27581E+00
  6.66016E-01  1.25003E+00
  6.69922E-01  1.22335E+00
  6.73828E-01  1.19565E+00
  6.77734E-01  1.16682E+00
  6.81641E-01  1.13669E+00
  6.85547E-01  1.10505E+00
  6.89453E-01  1.07163E+00
  6.93359E-01  1.03607E+00
  6.97266E-01  9.97455E-01
  7.01172E-01  9.50079E-01
  7.05078E-01  8.49554E-01
  7.08984E-01  3.42060E-02
  7.12891E-01  3.32368E-02
  7.16797E-01  3.28446E-02
  7.20703E-01  3.23350E-02
  7.24609E-01  3.18359E-02
  7.28516E-01  3.13238E-02
  7.32422E-01  3.08148E-02
  7.36328E-01  3.03245E-02
  7.40234E-01  2.98455E-02
  7.44141E-01  2.93775E-02
  7.48047E-01  2.89212E-02
  7.51953E-01  2.84714E-02
  7.55859E-01  2.80389E-02
  7.59766E-01  2.76248E-02
  7.63672E-01  2.72204E-02
  7.67578E-01  2.68184E-02
  7.71484E-01  2.64147E-02
  7.75391E-01  2.60080E-02
  7.79297E-01  2.56063E-02
  7.83203E-01  2.52175E-02
  7.87109E-01  2.48523E-02
  7.91016E-01  2.44979E-02
  7.94922E-01  2.41496E-02
  7.98828E-01  2.38067E-02
  8.02734E-01  2.34640E-02
  8.06641E-01  2.31193E-02
  8.10547E-01  2.27743E-02
  8.14453E-01  2.24346E-02
  8.18359E-01  2.21026E-02
  8.22266E-01  2.17787E-02
  8.26172E-01  2.14625E-02
  8.30078E-01  2.11600E-02
  8.33984E-01  2.08720E-02
  8.37891E-01  2.05892E-02
  8.41797E-01  2.03109E-02
  8.45703E-01  2.00365E-02
  8.49609E-01  1.97670E-02
  8.53516E-01  1.95011E-02
  8.57422E-01  1.92392E-02
  8.61328E-01  1.89823E-02
  8.65234E-01  1.87303E-02
  8.69141E-01  1.84816E-02
  8.73047E-01  1.82367E-02
  8.76953E-01  1.79962E-02
  8.80859E-01  1.77536E-02
  8.84766E-01  1.75089E-02
  8.88672E-01  1.72666E-02
  8.92578E-01  1.70283E-02
  8.96484E-01  1.67938E-02
  9.00391E-01  1.65626E-02
  9.04297E-01  1.63359E-02
  9.08203E-01  1.61134E-02
  9.12109E-01  1.58936E-02
  9.16016E-01  1.56772E-02
  9.19922E-01  1.54683E-02
  9.23828E-01  1.52635E-02
  9.27734E-01  1.50610E-02
  9.31641E-01  1.48589E-02
  9.35547E-01  1.46597E-02
  9.39453E-01  1.44650E-02
  9.43359E-01  1.42725E-02
  9.47266E-01  1.40823E-02
  9.51172E-01  1.38942E-02
  9.55078E-01  1.37077E-02
  9.58984E-01  1.35231E-02
  9.62891E-01  1.33402E-02
  9.66797E-01  1.31591E-02
  9.70703E-01  1.29796E-02
  9.74609E-01  1.28016E-02
  9.78516E-01  1.26252E-02
  9.82422E-01  1.24511E-02
  9.86328E-01  1.22809E-02
  9.90234E-01  1.21190E-02
  9.94141E-01  1.20253E-02
  9.98047E-01  1.19861E-02
  1.00195E+00  1.19861E-02
