 -1.95312E-03  2.96478E+00
  1.95312E-03  2.96516E+00
  5.85938E-03  2.96102E+00
  9.76562E-03  2.95753E+00
  1.36719E-02  2.95411E+00
  1.75781E-02  2.95066E+00
  2.14844E-02  2.94716E+00
  2.53906E-02  2.94360E+00
  2.92969E-02  2.93998E+00
  3.32031E-02  2.93629E+00
  3.71094E-02  2.93254E+00
  4.10156E-02  2.92873E+00
  4.49219E-02  2.92484E+00
  4.88281E-02  2.92089E+00
  5.27344E-02  2.91688E+00
  5.66406E-02  2.91280E+00
  6.05469E-02  2.90865E+00
  6.44531E-02  2.90444E+00
  6.83594E-02  2.90016E+00
  7.22656E-02  2.89582E+00
  7.61719E-02  2.89141E+00
  8.00781E-02  2.88693E+00
  8.39844E-02  2.88239E+00
  8.78906E-02  2.87778E+00
  9.17969E-02  2.87310E+00
  9.57031E-02  2.86837E+00
  9.96094E-02  2.86356E+00
  1.03516E-01  2.85869E+00
  1.07422E-01  2.85375E+00
  1.11328E-01  2.84875E+00
  1.15234E-01  2.84368E+00
  1.19141E-01  2.83855E+00
  1.23047E-01  2.83335E+00
  1.26953E-01  2.82809E+00
  1.30859E-01  2.82276E+00
  1.34766E-01  2.81737E+00
  1.38672E-01  2.81191E+00
  1.42578E-01  2.80639E+00
  1.46484E-01  2.80080E+00
  1.50391E-01  2.79515E+00
  1.54297E-01  2.78944E+00
  1.58203E-01  2.78365E+00
  1.62109E-01  2.77781E+00
  1.66016E-01  2.77189E+00
  1.69922E-01  2.76591E+00
  1.73828E-01  2.75986E+00
  1.77734E-01  2.75375E+00
  1.81641E-01  2.74757E+00
  1.85547E-01  2.74133E+00
  1.89453E-01  2.73502E+00
  1.93359E-01  2.72865E+00
  1.97266E-01  2.72221E+00
  2.01172E-01  2.71571E+00
  2.05078E-01  2.70914E+00
  2.08984E-01  2.70250E+00
  2.12891E-01  2.69579E+00
  2.16797E-01  2.68902E+00
  2.20703E-01  2.68219E+00
  2.24609E-01  2.67528E+00
  2.28516E-01  2.66831E+00
  2.32422E-01  2.66127E+00
  2.36328E-01  2.65417E+00
  2.40234E-01  2.64700E+00
  2.44141E-01  2.63975E+00
  2.48047E-01  2.63244E+00
  2.51953E-01  2.62507E+00
  2.55859E-01  2.61762E+00
  2.59766E-01  2.61010E+00
  2.63672E-01  2.60251E+00
  2.67578E-01  2.59486E+00
  2.71484E-01  2.58713E+00
  2.75391E-01  2.57934E+00
  2.79297E-01  2.57147E+00
  2.83203E-01  2.56354E+00
  2.87109E-01  2.55554E+00
  2.91016E-01  2.54746E+00
  2.94922E-01  2.53931E+00
  2.98828E-01  2.53109E+00
  3.02734E-01  2.52280E+00
  3.06641E-01  2.51444E+00
  3.10547E-01  2.50601E+00
  3.14453E-01  2.49749E+00
  3.18359E-01  2.48891E+00
  3.22266E-01  2.48025E+00
  3.26172E-01  2.47152E+00
  3.30078E-01  2.46271E+00
  3.33984E-01  2.45382E+00
  3.37891E-01  2.44487E+00
  3.41797E-01  2.43583E+00
  3.45703E-01  2.42671E+00
  3.49609E-01  2.41752E+00
  3.53516E-01  2.40824E+00
  3.57422E-01  2.39889E+00
  3.61328E-01  2.38946E+00
  3.65234E-01  2.37995E+00
  3.69141E-01  2.37036E+00
  3.73047E-01  2.36069E+00
  3.76953E-01  2.35094E+00
  3.80859E-01  2.34110E+00
  3.84766E-01  2.33117E+00
  3.88672E-01  2.32116E+00
  3.92578E-01  2.31107E+00
  3.96484E-01  2.30089E+00
  4.00391E-01  2.29062E+00
  4.04297E-01  2.28026E+00
  4.08203E-01  2.26981E+00
  4.12109E-01  2.25927E+00
  4.16016E-01  2.24864E+00
  4.19922E-01  2.23793E+00
  4.23828E-01  2.22711E+00
  4.27734E-01  2.21621E+00
  4.31641E-01  2.20520E+00
  4.35547E-01  2.19410E+00
  4.39453E-01  2.18290E+00
  4.43359E-01  2.17161E+00
  4.47266E-01  2.16021E+00
  4.51172E-01  2.14871E+00
  4.55078E-01  2.13711E+00
  4.58984E-01  2.12540E+00
  4.62891E-01  2.11359E+00
  4.66797E-01  2.10166E+00
  4.70703E-01  2.08963E+00
  4.74609E-01  2.07748E+00
  4.78516E-01  2.06522E+00
  4.82422E-01  2.05285E+00
  4.86328E-01  2.04035E+00
  4.90234E-01  2.02774E+00
  4.94141E-01  2.01500E+00
  4.98047E-01  2.00213E+00
  5.01953E-01  1.98914E+00
  5.05859E-01  1.97601E+00
  5.09766E-01  1.96275E+00
  5.13672E-01  1.94934E+00
  5.17578E-01  1.93580E+00
  5.21484E-01  1.92211E+00
  5.25391E-01  1.90827E+00
  5.29297E-01  1.89428E+00
  5.33203E-01  1.88013E+00
  5.37109E-01  1.86582E+00
  5.41016E-01  1.85135E+00
  5.44922E-01  1.83670E+00
  5.48828E-01  1.82187E+00
  5.52734E-01  1.80687E+00
  5.56641E-01  1.79168E+00
  5.60547E-01  1.77629E+00
  5.64453E-01  1.76070E+00
  5.68359E-01  1.74491E+00
  5.72266E-01  1.72891E+00
  5.76172E-01  1.71268E+00
  5.80078E-01  1.69623E+00
  5.83984E-01  1.67953E+00
  5.87891E-01  1.66258E+00
  5.91797E-01  1.64538E+00
  5.95703E-01  1.62790E+00
  5.99609E-01  1.61014E+00
  6.03516E-01  1.59208E+00
  6.07422E-01  1.57372E+00
  6.11328E-01  1.55502E+00
  6.15234E-01  1.53598E+00
  6.19141E-01  1.51658E+00
  6.23047E-01  1.49681E+00
  6.26953E-01  1.47663E+00
  6.30859E-01  1.45602E+00
  6.34766E-01  1.43495E+00
  6.38672E-01  1.41340E+00
  6.42578E-01  1.39133E+00
  6.46484E-01  1.36869E+00
  6.50391E-01  1.34545E+00
  6.54297E-01  1.32154E+00
  6.58203E-01  1.29690E+00
  6.62109E-01  1.27147E+00
  6.66016E-01  1.24516E+00
  6.69922E-01  1.21788E+00
  6.73828E-01  1.18950E+00
  6.77734E-01  1.15989E+00
  6.81641E-01  1.12884E+00
  6.85547E-01  1.09614E+00
  6.89453E-01  1.06147E+00
  6.93359E-01  1.02436E+00
  6.97266E-01  9.83626E-01
  7.01172E-01  9.32057E-01
  7.05078E-01  8.20690E-01
  7.08984E-01  1.39644E-02
  7.12891E-01  1.37597E-02
  7.16797E-01  1.35358E-02
  7.20703E-01  1.33214E-02
  7.24609E-01  1.31064E-02
  7.28516E-01  1.28971E-02
  7.32422E-01  1.26883E-02
  7.36328E-01  1.24884E-02
  7.40234E-01  1.22929E-02
  7.44141E-01  1.21015E-02
  7.48047E-01  1.19093E-02
  7.51953E-01  1.17230E-02
  7.55859E-01  1.15419E-02
  7.59766E-01  1.13650E-02
  7.63672E-01  1.11889E-02
  7.67578E-01  1.10168E-02
  7.71484E-01  1.08487E-02
  7.75391E-01  1.06844E-02
  7.79297E-01  1.05226E-02
  7.83203E-01  1.03630E-02
  7.87109E-01  1.02090E-02
  7.91016E-01  1.00558E-02
  7.94922E-01  9.90613E-03
  7.98828E-01  9.75950E-03
  8.02734E-01  9.61575E-03
  8.06641E-01  9.47359E-03
  8.10547E-01  9.33554E-03
  8.14453E-01  9.19924E-03
  8.18359E-01  9.06650E-03
  8.22266E-01  8.93519E-03
  8.26172E-01  8.80645E-03
  8.30078E-01  8.67941E-03
  8.33984E-01  8.55569E-03
  8.37891E-01  8.43416E-03
  8.41797E-01  8.31424E-03
  8.45703E-01  8.19646E-03
  8.49609E-01  8.08104E-03
  8.53516E-01  7.96759E-03
  8.57422E-01  7.85623E-03
  8.61328E-01  7.74672E-03
  8.65234E-01  7.63903E-03
  8.69141E-01  7.53301E-03
  8.73047E-01  7.42889E-03
  8.76953E-01  7.32646E-03
  8.80859E-01  7.22578E-03
  8.84766E-01  7.12694E-03
  8.88672E-01  7.02960E-03
  8.92578E-01  6.93388E-03
  8.96484E-01  6.83965E-03
  9.00391E-01  6.74692E-03
  9.04297E-01  6.65592E-03
  9.08203E-01  6.56633E-03
  9.12109E-01  6.47803E-03
  9.16016E-01  6.39127E-03
  9.19922E-01  6.30584E-03
  9.23828E-01  6.22170E-03
  9.27734E-01  6.13902E-03
  9.31641E-01  6.05745E-03
  9.35547E-01  5.97739E-03
  9.39453E-01  5.89841E-03
  9.43359E-01  5.82087E-03
  9.47266E-01  5.74431E-03
  9.51172E-01  5.66923E-03
  9.55078E-01  5.59524E-03
  9.58984E-01  5.52265E-03
  9.62891E-01  5.45135E-03
  9.66797E-01  5.38152E-03
  9.70703E-01  5.31345E-03
  9.74609E-01  5.24761E-03
  9.78516E-01  5.18472E-03
  9.82422E-01  5.12632E-03
  9.86328E-01  5.07416E-03
  9.90234E-01  5.02968E-03
  9.94141E-01  4.99203E-03
  9.98047E-01  4.97100E-03
  1.00195E+00  4.97100E-03
