 -1.95312E-03  2.96495E+00
  1.95312E-03  2.96533E+00
  5.85938E-03  2.96119E+00
  9.76562E-03  2.95770E+00
  1.36719E-02  2.95428E+00
  1.75781E-02  2.95083E+00
  2.14844E-02  2.94732E+00
  2.53906E-02  2.94376E+00
  2.92969E-02  2.94014E+00
  3.32031E-02  2.93646E+00
  3.71094E-02  2.93271E+00
  4.10156E-02  2.92889E+00
  4.49219E-02  2.92501E+00
  4.88281E-02  2.92106E+00
  5.27344E-02  2.91705E+00
  5.66406E-02  2.91296E+00
  6.05469E-02  2.90882E+00
  6.44531E-02  2.90461E+00
  6.83594E-02  2.90033E+00
  7.22656E-02  2.89598E+00
  7.61719E-02  2.89157E+00
  8.00781E-02  2.88710E+00
  8.39844E-02  2.88255E+00
  8.78906E-02  2.87795E+00
  9.17969E-02  2.87327E+00
  9.57031E-02  2.86853E+00
  9.96094E-02  2.86373E+00
  1.03516E-01  2.85886E+00
  1.07422E-01  2.85392E+00
  1.11328E-01  2.84892E+00
  1.15234E-01  2.84385E+00
  1.19141E-01  2.83872E+00
  1.23047E-01  2.83352E+00
  1.26953E-01  2.82826E+00
  1.30859E-01  2.82293E+00
  1.34766E-01  2.81754E+00
  1.38672E-01  2.81208E+00
  1.42578E-01  2.80656E+00
  1.46484E-01  2.80097E+00
  1.50391E-01  2.79532E+00
  1.54297E-01  2.78960E+00
  1.58203E-01  2.78382E+00
  1.62109E-01  2.77797E+00
  1.66016E-01  2.77206E+00
  1.69922E-01  2.76608E+00
  1.73828E-01  2.76003E+00
  1.77734E-01  2.75392E+00
  1.81641E-01  2.74775E+00
  1.85547E-01  2.74150E+00
  1.89453E-01  2.73520E+00
  1.93359E-01  2.72882E+00
  1.97266E-01  2.72238E+00
  2.01172E-01  2.71588E+00
  2.05078E-01  2.70931E+00
  2.08984E-01  2.70267E+00
  2.12891E-01  2.69596E+00
  2.16797E-01  2.68919E+00
  2.20703E-01  2.68236E+00
  2.24609E-01  2.67545E+00
  2.28516E-01  2.66848E+00
  2.32422E-01  2.66145E+00
  2.36328E-01  2.65434E+00
  2.40234E-01  2.64717E+00
  2.44141E-01  2.63992E+00
  2.48047E-01  2.63261E+00
  2.51953E-01  2.62523E+00
  2.55859E-01  2.61779E+00
  2.59766E-01  2.61027E+00
  2.63672E-01  2.60268E+00
  2.67578E-01  2.59503E+00
  2.71484E-01  2.58730E+00
  2.75391E-01  2.57951E+00
  2.79297E-01  2.57165E+00
  2.83203E-01  2.56371E+00
  2.87109E-01  2.55571E+00
  2.91016E-01  2.54763E+00
  2.94922E-01  2.53949E+00
  2.98828E-01  2.53127E+00
  3.02734E-01  2.52298E+00
  3.06641E-01  2.51462E+00
  3.10547E-01  2.50618E+00
  3.14453E-01  2.49767E+00
  3.18359E-01  2.48909E+00
  3.22266E-01  2.48043E+00
  3.26172E-01  2.47170E+00
  3.30078E-01  2.46289E+00
  3.33984E-01  2.45401E+00
  3.37891E-01  2.44505E+00
  3.41797E-01  2.43601E+00
  3.45703E-01  2.42689E+00
  3.49609E-01  2.41770E+00
  3.53516E-01  2.40842E+00
  3.57422E-01  2.39907E+00
  3.61328E-01  2.38964E+00
  3.65234E-01  2.38013E+00
  3.69141E-01  2.37054E+00
  3.73047E-01  2.36087E+00
  3.76953E-01  2.35111E+00
  3.80859E-01  2.34128E+00
  3.84766E-01  2.33135E+00
  3.88672E-01  2.32134E+00
  3.92578E-01  2.31125E+00
  3.96484E-01  2.30106E+00
  4.00391E-01  2.29079E+00
  4.04297E-01  2.28043E+00
  4.08203E-01  2.26998E+00
  4.12109E-01  2.25944E+00
  4.16016E-01  2.24881E+00
  4.19922E-01  2.23810E+00
  4.23828E-01  2.22728E+00
  4.27734E-01  2.21637E+00
  4.31641E-01  2.20537E+00
  4.35547E-01  2.19426E+00
  4.39453E-01  2.18307E+00
  4.43359E-01  2.17177E+00
  4.47266E-01  2.16037E+00
  4.51172E-01  2.14886E+00
  4.55078E-01  2.13726E+00
  4.58984E-01  2.12555E+00
  4.62891E-01  2.11373E+00
  4.66797E-01  2.10180E+00
  4.70703E-01  2.08976E+00
  4.74609E-01  2.07761E+00
  4.78516E-01  2.06534E+00
  4.82422E-01  2.05296E+00
  4.86328E-01  2.04045E+00
  4.90234E-01  2.02783E+00
  4.94141E-01  2.01508E+00
  4.98047E-01  2.00220E+00
  5.01953E-01  1.98919E+00
  5.05859E-01  1.97604E+00
  5.09766E-01  1.96276E+00
  5.13672E-01  1.94934E+00
  5.17578E-01  1.93578E+00
  5.21484E-01  1.92207E+00
  5.25391E-01  1.90820E+00
  5.29297E-01  1.89418E+00
  5.33203E-01  1.88001E+00
  5.37109E-01  1.86567E+00
  5.41016E-01  1.85116E+00
  5.44922E-01  1.83648E+00
  5.48828E-01  1.82162E+00
  5.52734E-01  1.80658E+00
  5.56641E-01  1.79135E+00
  5.60547E-01  1.77593E+00
  5.64453E-01  1.76030E+00
  5.68359E-01  1.74447E+00
  5.72266E-01  1.72842E+00
  5.76172E-01  1.71215E+00
  5.80078E-01  1.69564E+00
  5.83984E-01  1.67890E+00
  5.87891E-01  1.66190E+00
  5.91797E-01  1.64464E+00
  5.95703E-01  1.62711E+00
  5.99609E-01  1.60929E+00
  6.03516E-01  1.59117E+00
  6.07422E-01  1.57274E+00
  6.11328E-01  1.55397E+00
  6.15234E-01  1.53487E+00
  6.19141E-01  1.51539E+00
  6.23047E-01  1.49553E+00
  6.26953E-01  1.47527E+00
  6.30859E-01  1.45456E+00
  6.34766E-01  1.43340E+00
  6.38672E-01  1.41174E+00
  6.42578E-01  1.38954E+00
  6.46484E-01  1.36677E+00
  6.50391E-01  1.34338E+00
  6.54297E-01  1.31931E+00
  6.58203E-01  1.29451E+00
  6.62109E-01  1.26889E+00
  6.66016E-01  1.24238E+00
  6.69922E-01  1.21487E+00
  6.73828E-01  1.18624E+00
  6.77734E-01  1.15633E+00
  6.81641E-01  1.12495E+00
  6.85547E-01  1.09185E+00
  6.89453E-01  1.05669E+00
  6.93359E-01  1.01898E+00
  6.97266E-01  9.77384E-01
  7.01172E-01  9.23943E-01
  7.05078E-01  8.07654E-01
  7.08984E-01  9.22897E-03
  7.12891E-01  9.10493E-03
  7.16797E-01  8.95495E-03
  7.20703E-01  8.80879E-03
  7.24609E-01  8.66304E-03
  7.28516E-01  8.52384E-03
  7.32422E-01  8.38672E-03
  7.36328E-01  8.25362E-03
  7.40234E-01  8.12050E-03
  7.44141E-01  7.99207E-03
  7.48047E-01  7.86554E-03
  7.51953E-01  7.74339E-03
  7.55859E-01  7.62142E-03
  7.59766E-01  7.50290E-03
  7.63672E-01  7.38586E-03
  7.67578E-01  7.27303E-03
  7.71484E-01  7.16051E-03
  7.75391E-01  7.05117E-03
  7.79297E-01  6.94285E-03
  7.83203E-01  6.83869E-03
  7.87109E-01  6.73527E-03
  7.91016E-01  6.63462E-03
  7.94922E-01  6.53430E-03
  7.98828E-01  6.43751E-03
  8.02734E-01  6.34153E-03
  8.06641E-01  6.24873E-03
  8.10547E-01  6.15589E-03
  8.14453E-01  6.06627E-03
  8.18359E-01  5.97755E-03
  8.22266E-01  5.89094E-03
  8.26172E-01  5.80476E-03
  8.30078E-01  5.72187E-03
  8.33984E-01  5.63944E-03
  8.37891E-01  5.55845E-03
  8.41797E-01  5.47980E-03
  8.45703E-01  5.40163E-03
  8.49609E-01  5.32563E-03
  8.53516E-01  5.25022E-03
  8.57422E-01  5.17680E-03
  8.61328E-01  5.10405E-03
  8.65234E-01  5.03333E-03
  8.69141E-01  4.96295E-03
  8.73047E-01  4.89493E-03
  8.76953E-01  4.82725E-03
  8.80859E-01  4.76106E-03
  8.84766E-01  4.69587E-03
  8.88672E-01  4.63186E-03
  8.92578E-01  4.56879E-03
  8.96484E-01  4.50714E-03
  9.00391E-01  4.44637E-03
  9.04297E-01  4.38667E-03
  9.08203E-01  4.32776E-03
  9.12109E-01  4.27004E-03
  9.16016E-01  4.21341E-03
  9.19922E-01  4.15753E-03
  9.23828E-01  4.10255E-03
  9.27734E-01  4.04867E-03
  9.31641E-01  3.99570E-03
  9.35547E-01  3.94351E-03
  9.39453E-01  3.89245E-03
  9.43359E-01  3.84217E-03
  9.47266E-01  3.79273E-03
  9.51172E-01  3.74440E-03
  9.55078E-01  3.69691E-03
  9.58984E-01  3.65066E-03
  9.62891E-01  3.60548E-03
  9.66797E-01  3.56200E-03
  9.70703E-01  3.51993E-03
  9.74609E-01  3.47981E-03
  9.78516E-01  3.44195E-03
  9.82422E-01  3.40673E-03
  9.86328E-01  3.37412E-03
  9.90234E-01  3.34389E-03
  9.94141E-01  3.31537E-03
  9.98047E-01  3.30195E-03
  1.00195E+00  3.30195E-03
