 -1.95312E-03  2.96485E+00
  1.95312E-03  2.96523E+00
  5.85938E-03  2.96108E+00
  9.76562E-03  2.95760E+00
  1.36719E-02  2.95418E+00
  1.75781E-02  2.95072E+00
  2.14844E-02  2.94722E+00
  2.53906E-02  2.94366E+00
  2.92969E-02  2.94004E+00
  3.32031E-02  2.93636E+00
  3.71094E-02  2.93261E+00
  4.10156E-02  2.92879E+00
  4.49219E-02  2.92491E+00
  4.88281E-02  2.92096E+00
  5.27344E-02  2.91694E+00
  5.66406E-02  2.91286E+00
  6.05469E-02  2.90872E+00
  6.44531E-02  2.90451E+00
  6.83594E-02  2.90023E+00
  7.22656E-02  2.89588E+00
  7.61719E-02  2.89147E+00
  8.00781E-02  2.88699E+00
  8.39844E-02  2.88245E+00
  8.78906E-02  2.87785E+00
  9.17969E-02  2.87317E+00
  9.57031E-02  2.86843E+00
  9.96094E-02  2.86363E+00
  1.03516E-01  2.85875E+00
  1.07422E-01  2.85382E+00
  1.11328E-01  2.84882E+00
  1.15234E-01  2.84375E+00
  1.19141E-01  2.83862E+00
  1.23047E-01  2.83342E+00
  1.26953E-01  2.82816E+00
  1.30859E-01  2.82283E+00
  1.34766E-01  2.81744E+00
  1.38672E-01  2.81198E+00
  1.42578E-01  2.80646E+00
  1.46484E-01  2.80087E+00
  1.50391E-01  2.79522E+00
  1.54297E-01  2.78950E+00
  1.58203E-01  2.78372E+00
  1.62109E-01  2.77787E+00
  1.66016E-01  2.77196E+00
  1.69922E-01  2.76598E+00
  1.73828E-01  2.75993E+00
  1.77734E-01  2.75382E+00
  1.81641E-01  2.74764E+00
  1.85547E-01  2.74140E+00
  1.89453E-01  2.73509E+00
  1.93359E-01  2.72872E+00
  1.97266E-01  2.72228E+00
  2.01172E-01  2.71578E+00
  2.05078E-01  2.70921E+00
  2.08984E-01  2.70257E+00
  2.12891E-01  2.69586E+00
  2.16797E-01  2.68909E+00
  2.20703E-01  2.68226E+00
  2.24609E-01  2.67536E+00
  2.28516E-01  2.66839E+00
  2.32422E-01  2.66135E+00
  2.36328E-01  2.65424E+00
  2.40234E-01  2.64707E+00
  2.44141E-01  2.63983E+00
  2.48047E-01  2.63252E+00
  2.51953E-01  2.62514E+00
  2.55859E-01  2.61769E+00
  2.59766E-01  2.61017E+00
  2.63672E-01  2.60258E+00
  2.67578E-01  2.59493E+00
  2.71484E-01  2.58720E+00
  2.75391E-01  2.57941E+00
  2.79297E-01  2.57155E+00
  2.83203E-01  2.56361E+00
  2.87109E-01  2.55561E+00
  2.91016E-01  2.54753E+00
  2.94922E-01  2.53938E+00
  2.98828E-01  2.53117E+00
  3.02734E-01  2.52288E+00
  3.06641E-01  2.51451E+00
  3.10547E-01  2.50608E+00
  3.14453E-01  2.49757E+00
  3.18359E-01  2.48898E+00
  3.22266E-01  2.48032E+00
  3.26172E-01  2.47159E+00
  3.30078E-01  2.46278E+00
  3.33984E-01  2.45390E+00
  3.37891E-01  2.44494E+00
  3.41797E-01  2.43590E+00
  3.45703E-01  2.42678E+00
  3.49609E-01  2.41759E+00
  3.53516E-01  2.40832E+00
  3.57422E-01  2.39897E+00
  3.61328E-01  2.38954E+00
  3.65234E-01  2.38003E+00
  3.69141E-01  2.37043E+00
  3.73047E-01  2.36076E+00
  3.76953E-01  2.35101E+00
  3.80859E-01  2.34117E+00
  3.84766E-01  2.33125E+00
  3.88672E-01  2.32124E+00
  3.92578E-01  2.31114E+00
  3.96484E-01  2.30096E+00
  4.00391E-01  2.29069E+00
  4.04297E-01  2.28033E+00
  4.08203E-01  2.26988E+00
  4.12109E-01  2.25934E+00
  4.16016E-01  2.24871E+00
  4.19922E-01  2.23799E+00
  4.23828E-01  2.22718E+00
  4.27734E-01  2.21627E+00
  4.31641E-01  2.20527E+00
  4.35547E-01  2.19417E+00
  4.39453E-01  2.18297E+00
  4.43359E-01  2.17167E+00
  4.47266E-01  2.16027E+00
  4.51172E-01  2.14877E+00
  4.55078E-01  2.13717E+00
  4.58984E-01  2.12546E+00
  4.62891E-01  2.11365E+00
  4.66797E-01  2.10172E+00
  4.70703E-01  2.08969E+00
  4.74609E-01  2.07754E+00
  4.78516E-01  2.06528E+00
  4.82422E-01  2.05290E+00
  4.86328E-01  2.04040E+00
  4.90234E-01  2.02778E+00
  4.94141E-01  2.01504E+00
  4.98047E-01  2.00217E+00
  5.01953E-01  1.98917E+00
  5.05859E-01  1.97604E+00
  5.09766E-01  1.96277E+00
  5.13672E-01  1.94936E+00
  5.17578E-01  1.93581E+00
  5.21484E-01  1.92211E+00
  5.25391E-01  1.90826E+00
  5.29297E-01  1.89426E+00
  5.33203E-01  1.88010E+00
  5.37109E-01  1.86578E+00
  5.41016E-01  1.85129E+00
  5.44922E-01  1.83663E+00
  5.48828E-01  1.82178E+00
  5.52734E-01  1.80676E+00
  5.56641E-01  1.79155E+00
  5.60547E-01  1.77615E+00
  5.64453E-01  1.76055E+00
  5.68359E-01  1.74473E+00
  5.72266E-01  1.72871E+00
  5.76172E-01  1.71246E+00
  5.80078E-01  1.69598E+00
  5.83984E-01  1.67926E+00
  5.87891E-01  1.66229E+00
  5.91797E-01  1.64506E+00
  5.95703E-01  1.62756E+00
  5.99609E-01  1.60977E+00
  6.03516E-01  1.59169E+00
  6.07422E-01  1.57329E+00
  6.11328E-01  1.55457E+00
  6.15234E-01  1.53549E+00
  6.19141E-01  1.51606E+00
  6.23047E-01  1.49624E+00
  6.26953E-01  1.47602E+00
  6.30859E-01  1.45536E+00
  6.34766E-01  1.43425E+00
  6.38672E-01  1.41265E+00
  6.42578E-01  1.39051E+00
  6.46484E-01  1.36781E+00
  6.50391E-01  1.34448E+00
  6.54297E-01  1.32049E+00
  6.58203E-01  1.29577E+00
  6.62109E-01  1.27025E+00
  6.66016E-01  1.24385E+00
  6.69922E-01  1.21645E+00
  6.73828E-01  1.18795E+00
  6.77734E-01  1.15819E+00
  6.81641E-01  1.12698E+00
  6.85547E-01  1.09409E+00
  6.89453E-01  1.05919E+00
  6.93359E-01  1.02182E+00
  6.97266E-01  9.80710E-01
  7.01172E-01  9.28315E-01
  7.05078E-01  8.14765E-01
  7.08984E-01  1.18409E-02
  7.12891E-01  1.16743E-02
  7.16797E-01  1.14825E-02
  7.20703E-01  1.12966E-02
  7.24609E-01  1.11107E-02
  7.28516E-01  1.09322E-02
  7.32422E-01  1.07570E-02
  7.36328E-01  1.05883E-02
  7.40234E-01  1.04184E-02
  7.44141E-01  1.02527E-02
  7.48047E-01  1.00900E-02
  7.51953E-01  9.93375E-03
  7.55859E-01  9.77896E-03
  7.59766E-01  9.62728E-03
  7.63672E-01  9.47716E-03
  7.67578E-01  9.33259E-03
  7.71484E-01  9.18953E-03
  7.75391E-01  9.04991E-03
  7.79297E-01  8.91156E-03
  7.83203E-01  8.77785E-03
  7.87109E-01  8.64556E-03
  7.91016E-01  8.51571E-03
  7.94922E-01  8.38870E-03
  7.98828E-01  8.26520E-03
  8.02734E-01  8.14229E-03
  8.06641E-01  8.02197E-03
  8.10547E-01  7.90476E-03
  8.14453E-01  7.78865E-03
  8.18359E-01  7.67625E-03
  8.22266E-01  7.56470E-03
  8.26172E-01  7.45543E-03
  8.30078E-01  7.34786E-03
  8.33984E-01  7.24297E-03
  8.37891E-01  7.13916E-03
  8.41797E-01  7.03820E-03
  8.45703E-01  6.93798E-03
  8.49609E-01  6.84033E-03
  8.53516E-01  6.74370E-03
  8.57422E-01  6.64914E-03
  8.61328E-01  6.55633E-03
  8.65234E-01  6.46497E-03
  8.69141E-01  6.37512E-03
  8.73047E-01  6.28706E-03
  8.76953E-01  6.20026E-03
  8.80859E-01  6.11504E-03
  8.84766E-01  6.03122E-03
  8.88672E-01  5.94891E-03
  8.92578E-01  5.86796E-03
  8.96484E-01  5.78830E-03
  9.00391E-01  5.71004E-03
  9.04297E-01  5.63296E-03
  9.08203E-01  5.55718E-03
  9.12109E-01  5.48274E-03
  9.16016E-01  5.40943E-03
  9.19922E-01  5.33728E-03
  9.23828E-01  5.26640E-03
  9.27734E-01  5.19655E-03
  9.31641E-01  5.12793E-03
  9.35547E-01  5.06052E-03
  9.39453E-01  4.99403E-03
  9.43359E-01  4.92882E-03
  9.47266E-01  4.86453E-03
  9.51172E-01  4.80154E-03
  9.55078E-01  4.73941E-03
  9.58984E-01  4.67870E-03
  9.62891E-01  4.61924E-03
  9.66797E-01  4.56129E-03
  9.70703E-01  4.50505E-03
  9.74609E-01  4.45096E-03
  9.78516E-01  4.39970E-03
  9.82422E-01  4.35243E-03
  9.86328E-01  4.30986E-03
  9.90234E-01  4.27211E-03
  9.94141E-01  4.23824E-03
  9.98047E-01  4.22065E-03
  1.00195E+00  4.22065E-03
