 -1.95312E-03  2.96498E+00
  1.95312E-03  2.96536E+00
  5.85938E-03  2.96121E+00
  9.76562E-03  2.95773E+00
  1.36719E-02  2.95431E+00
  1.75781E-02  2.95085E+00
  2.14844E-02  2.94735E+00
  2.53906E-02  2.94379E+00
  2.92969E-02  2.94017E+00
  3.32031E-02  2.93649E+00
  3.71094E-02  2.93274E+00
  4.10156E-02  2.92892E+00
  4.49219E-02  2.92504E+00
  4.88281E-02  2.92109E+00
  5.27344E-02  2.91707E+00
  5.66406E-02  2.91299E+00
  6.05469E-02  2.90884E+00
  6.44531E-02  2.90463E+00
  6.83594E-02  2.90035E+00
  7.22656E-02  2.89601E+00
  7.61719E-02  2.89160E+00
  8.00781E-02  2.88712E+00
  8.39844E-02  2.88258E+00
  8.78906E-02  2.87797E+00
  9.17969E-02  2.87330E+00
  9.57031E-02  2.86856E+00
  9.96094E-02  2.86375E+00
  1.03516E-01  2.85888E+00
  1.07422E-01  2.85395E+00
  1.11328E-01  2.84895E+00
  1.15234E-01  2.84388E+00
  1.19141E-01  2.83875E+00
  1.23047E-01  2.83355E+00
  1.26953E-01  2.82829E+00
  1.30859E-01  2.82296E+00
  1.34766E-01  2.81757E+00
  1.38672E-01  2.81211E+00
  1.42578E-01  2.80659E+00
  1.46484E-01  2.80100E+00
  1.50391E-01  2.79535E+00
  1.54297E-01  2.78963E+00
  1.58203E-01  2.78385E+00
  1.62109E-01  2.77800E+00
  1.66016E-01  2.77209E+00
  1.69922E-01  2.76611E+00
  1.73828E-01  2.76006E+00
  1.77734E-01  2.75395E+00
  1.81641E-01  2.74778E+00
  1.85547E-01  2.74153E+00
  1.89453E-01  2.73523E+00
  1.93359E-01  2.72885E+00
  1.97266E-01  2.72241E+00
  2.01172E-01  2.71591E+00
  2.05078E-01  2.70934E+00
  2.08984E-01  2.70270E+00
  2.12891E-01  2.69599E+00
  2.16797E-01  2.68922E+00
  2.20703E-01  2.68238E+00
  2.24609E-01  2.67548E+00
  2.28516E-01  2.66851E+00
  2.32422E-01  2.66147E+00
  2.36328E-01  2.65437E+00
  2.40234E-01  2.64719E+00
  2.44141E-01  2.63995E+00
  2.48047E-01  2.63264E+00
  2.51953E-01  2.62526E+00
  2.55859E-01  2.61781E+00
  2.59766E-01  2.61030E+00
  2.63672E-01  2.60271E+00
  2.67578E-01  2.59505E+00
  2.71484E-01  2.58733E+00
  2.75391E-01  2.57954E+00
  2.79297E-01  2.57168E+00
  2.83203E-01  2.56374E+00
  2.87109E-01  2.55574E+00
  2.91016E-01  2.54766E+00
  2.94922E-01  2.53952E+00
  2.98828E-01  2.53130E+00
  3.02734E-01  2.52301E+00
  3.06641E-01  2.51464E+00
  3.10547E-01  2.50621E+00
  3.14453E-01  2.49770E+00
  3.18359E-01  2.48911E+00
  3.22266E-01  2.48046E+00
  3.26172E-01  2.47172E+00
  3.30078E-01  2.46292E+00
  3.33984E-01  2.45403E+00
  3.37891E-01  2.44507E+00
  3.41797E-01  2.43604E+00
  3.45703E-01  2.42692E+00
  3.49609E-01  2.41773E+00
  3.53516E-01  2.40845E+00
  3.57422E-01  2.39910E+00
  3.61328E-01  2.38967E+00
  3.65234E-01  2.38016E+00
  3.69141E-01  2.37057E+00
  3.73047E-01  2.36090E+00
  3.76953E-01  2.35114E+00
  3.80859E-01  2.34130E+00
  3.84766E-01  2.33138E+00
  3.88672E-01  2.32137E+00
  3.92578E-01  2.31127E+00
  3.96484E-01  2.30109E+00
  4.00391E-01  2.29082E+00
  4.04297E-01  2.28046E+00
  4.08203E-01  2.27001E+00
  4.12109E-01  2.25947E+00
  4.16016E-01  2.24884E+00
  4.19922E-01  2.23812E+00
  4.23828E-01  2.22731E+00
  4.27734E-01  2.21640E+00
  4.31641E-01  2.20539E+00
  4.35547E-01  2.19429E+00
  4.39453E-01  2.18309E+00
  4.43359E-01  2.17179E+00
  4.47266E-01  2.16039E+00
  4.51172E-01  2.14889E+00
  4.55078E-01  2.13728E+00
  4.58984E-01  2.12557E+00
  4.62891E-01  2.11375E+00
  4.66797E-01  2.10182E+00
  4.70703E-01  2.08978E+00
  4.74609E-01  2.07762E+00
  4.78516E-01  2.06536E+00
  4.82422E-01  2.05297E+00
  4.86328E-01  2.04047E+00
  4.90234E-01  2.02784E+00
  4.94141E-01  2.01509E+00
  4.98047E-01  2.00220E+00
  5.01953E-01  1.98919E+00
  5.05859E-01  1.97604E+00
  5.09766E-01  1.96276E+00
  5.13672E-01  1.94933E+00
  5.17578E-01  1.93577E+00
  5.21484E-01  1.92205E+00
  5.25391E-01  1.90818E+00
  5.29297E-01  1.89416E+00
  5.33203E-01  1.87998E+00
  5.37109E-01  1.86564E+00
  5.41016E-01  1.85113E+00
  5.44922E-01  1.83645E+00
  5.48828E-01  1.82158E+00
  5.52734E-01  1.80654E+00
  5.56641E-01  1.79130E+00
  5.60547E-01  1.77587E+00
  5.64453E-01  1.76024E+00
  5.68359E-01  1.74440E+00
  5.72266E-01  1.72834E+00
  5.76172E-01  1.71206E+00
  5.80078E-01  1.69555E+00
  5.83984E-01  1.67880E+00
  5.87891E-01  1.66180E+00
  5.91797E-01  1.64453E+00
  5.95703E-01  1.62699E+00
  5.99609E-01  1.60916E+00
  6.03516E-01  1.59103E+00
  6.07422E-01  1.57259E+00
  6.11328E-01  1.55382E+00
  6.15234E-01  1.53471E+00
  6.19141E-01  1.51522E+00
  6.23047E-01  1.49536E+00
  6.26953E-01  1.47508E+00
  6.30859E-01  1.45437E+00
  6.34766E-01  1.43319E+00
  6.38672E-01  1.41152E+00
  6.42578E-01  1.38931E+00
  6.46484E-01  1.36653E+00
  6.50391E-01  1.34312E+00
  6.54297E-01  1.31904E+00
  6.58203E-01  1.29421E+00
  6.62109E-01  1.26857E+00
  6.66016E-01  1.24203E+00
  6.69922E-01  1.21450E+00
  6.73828E-01  1.18583E+00
  6.77734E-01  1.15589E+00
  6.81641E-01  1.12446E+00
  6.85547E-01  1.09131E+00
  6.89453E-01  1.05611E+00
  6.93359E-01  1.01833E+00
  6.97266E-01  9.76633E-01
  7.01172E-01  9.22939E-01
  7.05078E-01  8.05971E-01
  7.08984E-01  8.67099E-03
  7.12891E-01  8.55443E-03
  7.16797E-01  8.41163E-03
  7.20703E-01  8.27592E-03
  7.24609E-01  8.14138E-03
  7.28516E-01  8.00984E-03
  7.32422E-01  7.87906E-03
  7.36328E-01  7.75391E-03
  7.40234E-01  7.62988E-03
  7.44141E-01  7.51003E-03
  7.48047E-01  7.39035E-03
  7.51953E-01  7.27442E-03
  7.55859E-01  7.15940E-03
  7.59766E-01  7.04922E-03
  7.63672E-01  6.93914E-03
  7.67578E-01  6.83212E-03
  7.71484E-01  6.72617E-03
  7.75391E-01  6.62421E-03
  7.79297E-01  6.52306E-03
  7.83203E-01  6.42486E-03
  7.87109E-01  6.32674E-03
  7.91016E-01  6.23207E-03
  7.94922E-01  6.13821E-03
  7.98828E-01  6.04762E-03
  8.02734E-01  5.95719E-03
  8.06641E-01  5.86977E-03
  8.10547E-01  5.78273E-03
  8.14453E-01  5.69880E-03
  8.18359E-01  5.61468E-03
  8.22266E-01  5.53337E-03
  8.26172E-01  5.45309E-03
  8.30078E-01  5.37495E-03
  8.33984E-01  5.29690E-03
  8.37891E-01  5.22176E-03
  8.41797E-01  5.14733E-03
  8.45703E-01  5.07398E-03
  8.49609E-01  5.00259E-03
  8.53516E-01  4.93165E-03
  8.57422E-01  4.86283E-03
  8.61328E-01  4.79442E-03
  8.65234E-01  4.72797E-03
  8.69141E-01  4.66220E-03
  8.73047E-01  4.59823E-03
  8.76953E-01  4.53429E-03
  8.80859E-01  4.47255E-03
  8.84766E-01  4.41100E-03
  8.88672E-01  4.35116E-03
  8.92578E-01  4.29212E-03
  8.96484E-01  4.23415E-03
  9.00391E-01  4.17691E-03
  9.04297E-01  4.12098E-03
  9.08203E-01  4.06586E-03
  9.12109E-01  4.01174E-03
  9.16016E-01  3.95835E-03
  9.19922E-01  3.90609E-03
  9.23828E-01  3.85466E-03
  9.27734E-01  3.80412E-03
  9.31641E-01  3.75439E-03
  9.35547E-01  3.70555E-03
  9.39453E-01  3.65768E-03
  9.43359E-01  3.61056E-03
  9.47266E-01  3.56433E-03
  9.51172E-01  3.51907E-03
  9.55078E-01  3.47474E-03
  9.58984E-01  3.43162E-03
  9.62891E-01  3.38949E-03
  9.66797E-01  3.34900E-03
  9.70703E-01  3.30988E-03
  9.74609E-01  3.27264E-03
  9.78516E-01  3.23742E-03
  9.82422E-01  3.20452E-03
  9.86328E-01  3.17382E-03
  9.90234E-01  3.14505E-03
  9.94141E-01  3.11797E-03
  9.98047E-01  3.10541E-03
  1.00195E+00  3.10541E-03
