 -1.95312E-03  2.96494E+00
  1.95312E-03  2.96532E+00
  5.85938E-03  2.96118E+00
  9.76562E-03  2.95769E+00
  1.36719E-02  2.95427E+00
  1.75781E-02  2.95082E+00
  2.14844E-02  2.94732E+00
  2.53906E-02  2.94376E+00
  2.92969E-02  2.94013E+00
  3.32031E-02  2.93645E+00
  3.71094E-02  2.93270E+00
  4.10156E-02  2.92888E+00
  4.49219E-02  2.92500E+00
  4.88281E-02  2.92105E+00
  5.27344E-02  2.91704E+00
  5.66406E-02  2.91295E+00
  6.05469E-02  2.90881E+00
  6.44531E-02  2.90460E+00
  6.83594E-02  2.90032E+00
  7.22656E-02  2.89597E+00
  7.61719E-02  2.89156E+00
  8.00781E-02  2.88709E+00
  8.39844E-02  2.88255E+00
  8.78906E-02  2.87794E+00
  9.17969E-02  2.87326E+00
  9.57031E-02  2.86852E+00
  9.96094E-02  2.86372E+00
  1.03516E-01  2.85885E+00
  1.07422E-01  2.85391E+00
  1.11328E-01  2.84891E+00
  1.15234E-01  2.84384E+00
  1.19141E-01  2.83871E+00
  1.23047E-01  2.83351E+00
  1.26953E-01  2.82825E+00
  1.30859E-01  2.82292E+00
  1.34766E-01  2.81753E+00
  1.38672E-01  2.81207E+00
  1.42578E-01  2.80655E+00
  1.46484E-01  2.80096E+00
  1.50391E-01  2.79531E+00
  1.54297E-01  2.78959E+00
  1.58203E-01  2.78381E+00
  1.62109E-01  2.77796E+00
  1.66016E-01  2.77205E+00
  1.69922E-01  2.76607E+00
  1.73828E-01  2.76002E+00
  1.77734E-01  2.75391E+00
  1.81641E-01  2.74774E+00
  1.85547E-01  2.74150E+00
  1.89453E-01  2.73519E+00
  1.93359E-01  2.72882E+00
  1.97266E-01  2.72238E+00
  2.01172E-01  2.71587E+00
  2.05078E-01  2.70930E+00
  2.08984E-01  2.70266E+00
  2.12891E-01  2.69595E+00
  2.16797E-01  2.68918E+00
  2.20703E-01  2.68235E+00
  2.24609E-01  2.67544E+00
  2.28516E-01  2.66847E+00
  2.32422E-01  2.66144E+00
  2.36328E-01  2.65433E+00
  2.40234E-01  2.64716E+00
  2.44141E-01  2.63992E+00
  2.48047E-01  2.63261E+00
  2.51953E-01  2.62523E+00
  2.55859E-01  2.61778E+00
  2.59766E-01  2.61026E+00
  2.63672E-01  2.60267E+00
  2.67578E-01  2.59502E+00
  2.71484E-01  2.58729E+00
  2.75391E-01  2.57950E+00
  2.79297E-01  2.57164E+00
  2.83203E-01  2.56370E+00
  2.87109E-01  2.55570E+00
  2.91016E-01  2.54762E+00
  2.94922E-01  2.53948E+00
  2.98828E-01  2.53126E+00
  3.02734E-01  2.52297E+00
  3.06641E-01  2.51461E+00
  3.10547E-01  2.50617E+00
  3.14453E-01  2.49766E+00
  3.18359E-01  2.48908E+00
  3.22266E-01  2.48042E+00
  3.26172E-01  2.47169E+00
  3.30078E-01  2.46288E+00
  3.33984E-01  2.45400E+00
  3.37891E-01  2.44504E+00
  3.41797E-01  2.43600E+00
  3.45703E-01  2.42688E+00
  3.49609E-01  2.41769E+00
  3.53516E-01  2.40842E+00
  3.57422E-01  2.39906E+00
  3.61328E-01  2.38963E+00
  3.65234E-01  2.38012E+00
  3.69141E-01  2.37053E+00
  3.73047E-01  2.36086E+00
  3.76953E-01  2.35110E+00
  3.80859E-01  2.34126E+00
  3.84766E-01  2.33134E+00
  3.88672E-01  2.32133E+00
  3.92578E-01  2.31124E+00
  3.96484E-01  2.30105E+00
  4.00391E-01  2.29078E+00
  4.04297E-01  2.28042E+00
  4.08203E-01  2.26998E+00
  4.12109E-01  2.25944E+00
  4.16016E-01  2.24881E+00
  4.19922E-01  2.23809E+00
  4.23828E-01  2.22727E+00
  4.27734E-01  2.21636E+00
  4.31641E-01  2.20536E+00
  4.35547E-01  2.19426E+00
  4.39453E-01  2.18306E+00
  4.43359E-01  2.17176E+00
  4.47266E-01  2.16036E+00
  4.51172E-01  2.14886E+00
  4.55078E-01  2.13725E+00
  4.58984E-01  2.12554E+00
  4.62891E-01  2.11372E+00
  4.66797E-01  2.10179E+00
  4.70703E-01  2.08975E+00
  4.74609E-01  2.07760E+00
  4.78516E-01  2.06533E+00
  4.82422E-01  2.05295E+00
  4.86328E-01  2.04045E+00
  4.90234E-01  2.02782E+00
  4.94141E-01  2.01507E+00
  4.98047E-01  2.00220E+00
  5.01953E-01  1.98919E+00
  5.05859E-01  1.97604E+00
  5.09766E-01  1.96276E+00
  5.13672E-01  1.94934E+00
  5.17578E-01  1.93578E+00
  5.21484E-01  1.92207E+00
  5.25391E-01  1.90821E+00
  5.29297E-01  1.89419E+00
  5.33203E-01  1.88001E+00
  5.37109E-01  1.86567E+00
  5.41016E-01  1.85117E+00
  5.44922E-01  1.83649E+00
  5.48828E-01  1.82163E+00
  5.52734E-01  1.80659E+00
  5.56641E-01  1.79136E+00
  5.60547E-01  1.77594E+00
  5.64453E-01  1.76031E+00
  5.68359E-01  1.74448E+00
  5.72266E-01  1.72843E+00
  5.76172E-01  1.71216E+00
  5.80078E-01  1.69565E+00
  5.83984E-01  1.67891E+00
  5.87891E-01  1.66192E+00
  5.91797E-01  1.64466E+00
  5.95703E-01  1.62712E+00
  5.99609E-01  1.60931E+00
  6.03516E-01  1.59119E+00
  6.07422E-01  1.57276E+00
  6.11328E-01  1.55400E+00
  6.15234E-01  1.53489E+00
  6.19141E-01  1.51542E+00
  6.23047E-01  1.49556E+00
  6.26953E-01  1.47530E+00
  6.30859E-01  1.45460E+00
  6.34766E-01  1.43344E+00
  6.38672E-01  1.41178E+00
  6.42578E-01  1.38959E+00
  6.46484E-01  1.36682E+00
  6.50391E-01  1.34344E+00
  6.54297E-01  1.31938E+00
  6.58203E-01  1.29458E+00
  6.62109E-01  1.26897E+00
  6.66016E-01  1.24247E+00
  6.69922E-01  1.21497E+00
  6.73828E-01  1.18634E+00
  6.77734E-01  1.15645E+00
  6.81641E-01  1.12508E+00
  6.85547E-01  1.09200E+00
  6.89453E-01  1.05687E+00
  6.93359E-01  1.01919E+00
  6.97266E-01  9.77643E-01
  7.01172E-01  9.24287E-01
  7.05078E-01  8.08204E-01
  7.08984E-01  9.42210E-03
  7.12891E-01  9.29478E-03
  7.16797E-01  9.14108E-03
  7.20703E-01  8.99434E-03
  7.24609E-01  8.84627E-03
  7.28516E-01  8.70294E-03
  7.32422E-01  8.56139E-03
  7.36328E-01  8.42614E-03
  7.40234E-01  8.29178E-03
  7.44141E-01  8.16008E-03
  7.48047E-01  8.03018E-03
  7.51953E-01  7.90545E-03
  7.55859E-01  7.78173E-03
  7.59766E-01  7.66098E-03
  7.63672E-01  7.54103E-03
  7.67578E-01  7.42572E-03
  7.71484E-01  7.31116E-03
  7.75391E-01  7.19991E-03
  7.79297E-01  7.08908E-03
  7.83203E-01  6.98229E-03
  7.87109E-01  6.87679E-03
  7.91016E-01  6.77434E-03
  7.94922E-01  6.67199E-03
  7.98828E-01  6.57315E-03
  8.02734E-01  6.47495E-03
  8.06641E-01  6.38024E-03
  8.10547E-01  6.28559E-03
  8.14453E-01  6.19398E-03
  8.18359E-01  6.10350E-03
  8.22266E-01  6.01533E-03
  8.26172E-01  5.92731E-03
  8.30078E-01  5.84223E-03
  8.33984E-01  5.75857E-03
  8.37891E-01  5.67561E-03
  8.41797E-01  5.59521E-03
  8.45703E-01  5.51547E-03
  8.49609E-01  5.43785E-03
  8.53516E-01  5.36092E-03
  8.57422E-01  5.28601E-03
  8.61328E-01  5.21166E-03
  8.65234E-01  5.13958E-03
  8.69141E-01  5.06768E-03
  8.73047E-01  4.99804E-03
  8.76953E-01  4.92903E-03
  8.80859E-01  4.86131E-03
  8.84766E-01  4.79470E-03
  8.88672E-01  4.72938E-03
  8.92578E-01  4.66512E-03
  8.96484E-01  4.60209E-03
  9.00391E-01  4.53997E-03
  9.04297E-01  4.47894E-03
  9.08203E-01  4.41878E-03
  9.12109E-01  4.35991E-03
  9.16016E-01  4.30202E-03
  9.19922E-01  4.24489E-03
  9.23828E-01  4.18869E-03
  9.27734E-01  4.13373E-03
  9.31641E-01  4.07957E-03
  9.35547E-01  4.02620E-03
  9.39453E-01  3.97395E-03
  9.43359E-01  3.92265E-03
  9.47266E-01  3.87213E-03
  9.51172E-01  3.82271E-03
  9.55078E-01  3.77413E-03
  9.58984E-01  3.72680E-03
  9.62891E-01  3.68055E-03
  9.66797E-01  3.63600E-03
  9.70703E-01  3.59289E-03
  9.74609E-01  3.55181E-03
  9.78516E-01  3.51303E-03
  9.82422E-01  3.47697E-03
  9.86328E-01  3.44367E-03
  9.90234E-01  3.41289E-03
  9.94141E-01  3.38394E-03
  9.98047E-01  3.37017E-03
  1.00195E+00  3.37017E-03
