 -1.95312E-03  2.96568E+00
  1.95312E-03  2.96606E+00
  5.85938E-03  2.96192E+00
  9.76562E-03  2.95844E+00
  1.36719E-02  2.95501E+00
  1.75781E-02  2.95156E+00
  2.14844E-02  2.94806E+00
  2.53906E-02  2.94450E+00
  2.92969E-02  2.94088E+00
  3.32031E-02  2.93719E+00
  3.71094E-02  2.93344E+00
  4.10156E-02  2.92962E+00
  4.49219E-02  2.92574E+00
  4.88281E-02  2.92179E+00
  5.27344E-02  2.91778E+00
  5.66406E-02  2.91370E+00
  6.05469E-02  2.90955E+00
  6.44531E-02  2.90534E+00
  6.83594E-02  2.90106E+00
  7.22656E-02  2.89672E+00
  7.61719E-02  2.89230E+00
  8.00781E-02  2.88783E+00
  8.39844E-02  2.88329E+00
  8.78906E-02  2.87868E+00
  9.17969E-02  2.87401E+00
  9.57031E-02  2.86927E+00
  9.96094E-02  2.86446E+00
  1.03516E-01  2.85959E+00
  1.07422E-01  2.85465E+00
  1.11328E-01  2.84965E+00
  1.15234E-01  2.84459E+00
  1.19141E-01  2.83946E+00
  1.23047E-01  2.83426E+00
  1.26953E-01  2.82900E+00
  1.30859E-01  2.82367E+00
  1.34766E-01  2.81828E+00
  1.38672E-01  2.81282E+00
  1.42578E-01  2.80730E+00
  1.46484E-01  2.80171E+00
  1.50391E-01  2.79606E+00
  1.54297E-01  2.79035E+00
  1.58203E-01  2.78456E+00
  1.62109E-01  2.77872E+00
  1.66016E-01  2.77280E+00
  1.69922E-01  2.76682E+00
  1.73828E-01  2.76078E+00
  1.77734E-01  2.75466E+00
  1.81641E-01  2.74849E+00
  1.85547E-01  2.74224E+00
  1.89453E-01  2.73593E+00
  1.93359E-01  2.72956E+00
  1.97266E-01  2.72312E+00
  2.01172E-01  2.71662E+00
  2.05078E-01  2.71005E+00
  2.08984E-01  2.70341E+00
  2.12891E-01  2.69670E+00
  2.16797E-01  2.68993E+00
  2.20703E-01  2.68310E+00
  2.24609E-01  2.67619E+00
  2.28516E-01  2.66922E+00
  2.32422E-01  2.66218E+00
  2.36328E-01  2.65508E+00
  2.40234E-01  2.64790E+00
  2.44141E-01  2.64066E+00
  2.48047E-01  2.63335E+00
  2.51953E-01  2.62597E+00
  2.55859E-01  2.61852E+00
  2.59766E-01  2.61100E+00
  2.63672E-01  2.60341E+00
  2.67578E-01  2.59575E+00
  2.71484E-01  2.58802E+00
  2.75391E-01  2.58023E+00
  2.79297E-01  2.57236E+00
  2.83203E-01  2.56442E+00
  2.87109E-01  2.55642E+00
  2.91016E-01  2.54834E+00
  2.94922E-01  2.54019E+00
  2.98828E-01  2.53196E+00
  3.02734E-01  2.52367E+00
  3.06641E-01  2.51531E+00
  3.10547E-01  2.50687E+00
  3.14453E-01  2.49835E+00
  3.18359E-01  2.48976E+00
  3.22266E-01  2.48110E+00
  3.26172E-01  2.47236E+00
  3.30078E-01  2.46355E+00
  3.33984E-01  2.45466E+00
  3.37891E-01  2.44570E+00
  3.41797E-01  2.43666E+00
  3.45703E-01  2.42754E+00
  3.49609E-01  2.41834E+00
  3.53516E-01  2.40906E+00
  3.57422E-01  2.39970E+00
  3.61328E-01  2.39027E+00
  3.65234E-01  2.38075E+00
  3.69141E-01  2.37115E+00
  3.73047E-01  2.36147E+00
  3.76953E-01  2.35171E+00
  3.80859E-01  2.34186E+00
  3.84766E-01  2.33193E+00
  3.88672E-01  2.32191E+00
  3.92578E-01  2.31181E+00
  3.96484E-01  2.30162E+00
  4.00391E-01  2.29134E+00
  4.04297E-01  2.28097E+00
  4.08203E-01  2.27050E+00
  4.12109E-01  2.25995E+00
  4.16016E-01  2.24931E+00
  4.19922E-01  2.23858E+00
  4.23828E-01  2.22775E+00
  4.27734E-01  2.21682E+00
  4.31641E-01  2.20580E+00
  4.35547E-01  2.19468E+00
  4.39453E-01  2.18346E+00
  4.43359E-01  2.17214E+00
  4.47266E-01  2.16072E+00
  4.51172E-01  2.14919E+00
  4.55078E-01  2.13756E+00
  4.58984E-01  2.12582E+00
  4.62891E-01  2.11397E+00
  4.66797E-01  2.10201E+00
  4.70703E-01  2.08994E+00
  4.74609E-01  2.07775E+00
  4.78516E-01  2.06544E+00
  4.82422E-01  2.05302E+00
  4.86328E-01  2.04048E+00
  4.90234E-01  2.02780E+00
  4.94141E-01  2.01501E+00
  4.98047E-01  2.00209E+00
  5.01953E-01  1.98904E+00
  5.05859E-01  1.97585E+00
  5.09766E-01  1.96252E+00
  5.13672E-01  1.94905E+00
  5.17578E-01  1.93544E+00
  5.21484E-01  1.92168E+00
  5.25391E-01  1.90777E+00
  5.29297E-01  1.89369E+00
  5.33203E-01  1.87946E+00
  5.37109E-01  1.86507E+00
  5.41016E-01  1.85050E+00
  5.44922E-01  1.83576E+00
  5.48828E-01  1.82084E+00
  5.52734E-01  1.80574E+00
  5.56641E-01  1.79044E+00
  5.60547E-01  1.77495E+00
  5.64453E-01  1.75925E+00
  5.68359E-01  1.74334E+00
  5.72266E-01  1.72721E+00
  5.76172E-01  1.71086E+00
  5.80078E-01  1.69427E+00
  5.83984E-01  1.67743E+00
  5.87891E-01  1.66035E+00
  5.91797E-01  1.64299E+00
  5.95703E-01  1.62535E+00
  5.99609E-01  1.60742E+00
  6.03516E-01  1.58919E+00
  6.07422E-01  1.57065E+00
  6.11328E-01  1.55177E+00
  6.15234E-01  1.53254E+00
  6.19141E-01  1.51293E+00
  6.23047E-01  1.49292E+00
  6.26953E-01  1.47249E+00
  6.30859E-01  1.45162E+00
  6.34766E-01  1.43027E+00
  6.38672E-01  1.40840E+00
  6.42578E-01  1.38599E+00
  6.46484E-01  1.36298E+00
  6.50391E-01  1.33933E+00
  6.54297E-01  1.31498E+00
  6.58203E-01  1.28986E+00
  6.62109E-01  1.26390E+00
  6.66016E-01  1.23700E+00
  6.69922E-01  1.20906E+00
  6.73828E-01  1.17993E+00
  6.77734E-01  1.14946E+00
  6.81641E-01  1.11743E+00
  6.85547E-01  1.08357E+00
  6.89453E-01  1.04749E+00
  6.93359E-01  1.00862E+00
  6.97266E-01  9.65309E-01
  7.01172E-01  9.07717E-01
  7.05078E-01  7.80201E-01
  7.08984E-01  1.57159E-03
  7.12891E-01  1.55203E-03
  7.16797E-01  1.52621E-03
  7.20703E-01  1.50146E-03
  7.24609E-01  1.47667E-03
  7.28516E-01  1.45306E-03
  7.32422E-01  1.42946E-03
  7.36328E-01  1.40693E-03
  7.40234E-01  1.38439E-03
  7.44141E-01  1.36275E-03
  7.48047E-01  1.34109E-03
  7.51953E-01  1.32028E-03
  7.55859E-01  1.29947E-03
  7.59766E-01  1.27951E-03
  7.63672E-01  1.25955E-03
  7.67578E-01  1.24045E-03
  7.71484E-01  1.22136E-03
  7.75391E-01  1.20313E-03
  7.79297E-01  1.18487E-03
  7.83203E-01  1.16720E-03
  7.87109E-01  1.14956E-03
  7.91016E-01  1.13263E-03
  7.94922E-01  1.11574E-03
  7.98828E-01  1.09955E-03
  8.02734E-01  1.08342E-03
  8.06641E-01  1.06782E-03
  8.10547E-01  1.05218E-03
  8.14453E-01  1.03716E-03
  8.18359E-01  1.02220E-03
  8.22266E-01  1.00782E-03
  8.26172E-01  9.93487E-04
  8.30078E-01  9.79700E-04
  8.33984E-01  9.65942E-04
  8.37891E-01  9.52599E-04
  8.41797E-01  9.39285E-04
  8.45703E-01  9.26441E-04
  8.49609E-01  9.13689E-04
  8.53516E-01  9.01385E-04
  8.57422E-01  8.89118E-04
  8.61328E-01  8.77335E-04
  8.65234E-01  8.65554E-04
  8.69141E-01  8.54177E-04
  8.73047E-01  8.42784E-04
  8.76953E-01  8.31810E-04
  8.80859E-01  8.20852E-04
  8.84766E-01  8.10345E-04
  8.88672E-01  7.99831E-04
  8.92578E-01  7.89708E-04
  8.96484E-01  7.79574E-04
  9.00391E-01  7.69831E-04
  9.04297E-01  7.60087E-04
  9.08203E-01  7.50707E-04
  9.12109E-01  7.41314E-04
  9.16016E-01  7.32262E-04
  9.19922E-01  7.23208E-04
  9.23828E-01  7.14516E-04
  9.27734E-01  7.05825E-04
  9.31641E-01  6.97436E-04
  9.35547E-01  6.89024E-04
  9.39453E-01  6.80912E-04
  9.43359E-01  6.72795E-04
  9.47266E-01  6.64972E-04
  9.51172E-01  6.57123E-04
  9.55078E-01  6.49523E-04
  9.58984E-01  6.41926E-04
  9.62891E-01  6.34643E-04
  9.66797E-01  6.27335E-04
  9.70703E-01  6.20244E-04
  9.74609E-01  6.13344E-04
  9.78516E-01  6.06473E-04
  9.82422E-01  5.99955E-04
  9.86328E-01  5.93689E-04
  9.90234E-01  5.87928E-04
  9.94141E-01  5.82996E-04
  9.98047E-01  5.80695E-04
  1.00195E+00  5.80695E-04
