 -1.95312E-03  2.96517E+00
  1.95312E-03  2.96555E+00
  5.85938E-03  2.96141E+00
  9.76562E-03  2.95793E+00
  1.36719E-02  2.95450E+00
  1.75781E-02  2.95105E+00
  2.14844E-02  2.94755E+00
  2.53906E-02  2.94399E+00
  2.92969E-02  2.94037E+00
  3.32031E-02  2.93668E+00
  3.71094E-02  2.93293E+00
  4.10156E-02  2.92911E+00
  4.49219E-02  2.92523E+00
  4.88281E-02  2.92128E+00
  5.27344E-02  2.91727E+00
  5.66406E-02  2.91319E+00
  6.05469E-02  2.90904E+00
  6.44531E-02  2.90483E+00
  6.83594E-02  2.90055E+00
  7.22656E-02  2.89620E+00
  7.61719E-02  2.89179E+00
  8.00781E-02  2.88732E+00
  8.39844E-02  2.88278E+00
  8.78906E-02  2.87817E+00
  9.17969E-02  2.87350E+00
  9.57031E-02  2.86876E+00
  9.96094E-02  2.86396E+00
  1.03516E-01  2.85908E+00
  1.07422E-01  2.85415E+00
  1.11328E-01  2.84915E+00
  1.15234E-01  2.84408E+00
  1.19141E-01  2.83895E+00
  1.23047E-01  2.83375E+00
  1.26953E-01  2.82849E+00
  1.30859E-01  2.82317E+00
  1.34766E-01  2.81778E+00
  1.38672E-01  2.81232E+00
  1.42578E-01  2.80680E+00
  1.46484E-01  2.80121E+00
  1.50391E-01  2.79556E+00
  1.54297E-01  2.78984E+00
  1.58203E-01  2.78406E+00
  1.62109E-01  2.77821E+00
  1.66016E-01  2.77230E+00
  1.69922E-01  2.76632E+00
  1.73828E-01  2.76027E+00
  1.77734E-01  2.75416E+00
  1.81641E-01  2.74798E+00
  1.85547E-01  2.74174E+00
  1.89453E-01  2.73543E+00
  1.93359E-01  2.72906E+00
  1.97266E-01  2.72262E+00
  2.01172E-01  2.71611E+00
  2.05078E-01  2.70954E+00
  2.08984E-01  2.70291E+00
  2.12891E-01  2.69620E+00
  2.16797E-01  2.68943E+00
  2.20703E-01  2.68260E+00
  2.24609E-01  2.67569E+00
  2.28516E-01  2.66872E+00
  2.32422E-01  2.66168E+00
  2.36328E-01  2.65458E+00
  2.40234E-01  2.64741E+00
  2.44141E-01  2.64016E+00
  2.48047E-01  2.63285E+00
  2.51953E-01  2.62547E+00
  2.55859E-01  2.61802E+00
  2.59766E-01  2.61051E+00
  2.63672E-01  2.60292E+00
  2.67578E-01  2.59526E+00
  2.71484E-01  2.58754E+00
  2.75391E-01  2.57975E+00
  2.79297E-01  2.57188E+00
  2.83203E-01  2.56395E+00
  2.87109E-01  2.55594E+00
  2.91016E-01  2.54787E+00
  2.94922E-01  2.53972E+00
  2.98828E-01  2.53151E+00
  3.02734E-01  2.52322E+00
  3.06641E-01  2.51485E+00
  3.10547E-01  2.50642E+00
  3.14453E-01  2.49791E+00
  3.18359E-01  2.48932E+00
  3.22266E-01  2.48066E+00
  3.26172E-01  2.47193E+00
  3.30078E-01  2.46312E+00
  3.33984E-01  2.45424E+00
  3.37891E-01  2.44528E+00
  3.41797E-01  2.43624E+00
  3.45703E-01  2.42713E+00
  3.49609E-01  2.41793E+00
  3.53516E-01  2.40866E+00
  3.57422E-01  2.39930E+00
  3.61328E-01  2.38987E+00
  3.65234E-01  2.38036E+00
  3.69141E-01  2.37077E+00
  3.73047E-01  2.36110E+00
  3.76953E-01  2.35134E+00
  3.80859E-01  2.34150E+00
  3.84766E-01  2.33158E+00
  3.88672E-01  2.32156E+00
  3.92578E-01  2.31147E+00
  3.96484E-01  2.30128E+00
  4.00391E-01  2.29101E+00
  4.04297E-01  2.28064E+00
  4.08203E-01  2.27019E+00
  4.12109E-01  2.25965E+00
  4.16016E-01  2.24902E+00
  4.19922E-01  2.23829E+00
  4.23828E-01  2.22747E+00
  4.27734E-01  2.21656E+00
  4.31641E-01  2.20555E+00
  4.35547E-01  2.19444E+00
  4.39453E-01  2.18324E+00
  4.43359E-01  2.17193E+00
  4.47266E-01  2.16053E+00
  4.51172E-01  2.14901E+00
  4.55078E-01  2.13740E+00
  4.58984E-01  2.12568E+00
  4.62891E-01  2.11385E+00
  4.66797E-01  2.10191E+00
  4.70703E-01  2.08986E+00
  4.74609E-01  2.07769E+00
  4.78516E-01  2.06541E+00
  4.82422E-01  2.05300E+00
  4.86328E-01  2.04048E+00
  4.90234E-01  2.02784E+00
  4.94141E-01  2.01507E+00
  4.98047E-01  2.00217E+00
  5.01953E-01  1.98914E+00
  5.05859E-01  1.97598E+00
  5.09766E-01  1.96268E+00
  5.13672E-01  1.94924E+00
  5.17578E-01  1.93565E+00
  5.21484E-01  1.92192E+00
  5.25391E-01  1.90803E+00
  5.29297E-01  1.89399E+00
  5.33203E-01  1.87978E+00
  5.37109E-01  1.86541E+00
  5.41016E-01  1.85088E+00
  5.44922E-01  1.83617E+00
  5.48828E-01  1.82128E+00
  5.52734E-01  1.80621E+00
  5.56641E-01  1.79095E+00
  5.60547E-01  1.77549E+00
  5.64453E-01  1.75983E+00
  5.68359E-01  1.74396E+00
  5.72266E-01  1.72787E+00
  5.76172E-01  1.71156E+00
  5.80078E-01  1.69501E+00
  5.83984E-01  1.67822E+00
  5.87891E-01  1.66118E+00
  5.91797E-01  1.64387E+00
  5.95703E-01  1.62629E+00
  5.99609E-01  1.60842E+00
  6.03516E-01  1.59025E+00
  6.07422E-01  1.57177E+00
  6.11328E-01  1.55295E+00
  6.15234E-01  1.53379E+00
  6.19141E-01  1.51425E+00
  6.23047E-01  1.49433E+00
  6.26953E-01  1.47399E+00
  6.30859E-01  1.45321E+00
  6.34766E-01  1.43196E+00
  6.38672E-01  1.41020E+00
  6.42578E-01  1.38790E+00
  6.46484E-01  1.36502E+00
  6.50391E-01  1.34151E+00
  6.54297E-01  1.31731E+00
  6.58203E-01  1.29237E+00
  6.62109E-01  1.26659E+00
  6.66016E-01  1.23991E+00
  6.69922E-01  1.21219E+00
  6.73828E-01  1.18331E+00
  6.77734E-01  1.15313E+00
  6.81641E-01  1.12144E+00
  6.85547E-01  1.08797E+00
  6.89453E-01  1.05236E+00
  6.93359E-01  1.01410E+00
  6.97266E-01  9.71693E-01
  7.01172E-01  9.16392E-01
  7.05078E-01  7.95103E-01
  7.08984E-01  5.25901E-03
  7.12891E-01  5.19160E-03
  7.16797E-01  5.10489E-03
  7.20703E-01  5.02209E-03
  7.24609E-01  4.93930E-03
  7.28516E-01  4.86021E-03
  7.32422E-01  4.78049E-03
  7.36328E-01  4.70388E-03
  7.40234E-01  4.62764E-03
  7.44141E-01  4.55468E-03
  7.48047E-01  4.48209E-03
  7.51953E-01  4.41201E-03
  7.55859E-01  4.34204E-03
  7.59766E-01  4.27473E-03
  7.63672E-01  4.20789E-03
  7.67578E-01  4.14331E-03
  7.71484E-01  4.07904E-03
  7.75391E-01  4.01693E-03
  7.79297E-01  3.95510E-03
  7.83203E-01  3.89515E-03
  7.87109E-01  3.83571E-03
  7.91016E-01  3.77850E-03
  7.94922E-01  3.72161E-03
  7.98828E-01  3.66661E-03
  8.02734E-01  3.61156E-03
  8.06641E-01  3.55840E-03
  8.10547E-01  3.50552E-03
  8.14453E-01  3.45469E-03
  8.18359E-01  3.40398E-03
  8.22266E-01  3.35493E-03
  8.26172E-01  3.30587E-03
  8.30078E-01  3.25858E-03
  8.33984E-01  3.21160E-03
  8.37891E-01  3.16627E-03
  8.41797E-01  3.12087E-03
  8.45703E-01  3.07700E-03
  8.49609E-01  3.03324E-03
  8.53516E-01  2.99112E-03
  8.57422E-01  2.94896E-03
  8.61328E-01  2.90826E-03
  8.65234E-01  2.86767E-03
  8.69141E-01  2.82855E-03
  8.73047E-01  2.78935E-03
  8.76953E-01  2.75148E-03
  8.80859E-01  2.71388E-03
  8.84766E-01  2.67730E-03
  8.88672E-01  2.64078E-03
  8.92578E-01  2.60565E-03
  8.96484E-01  2.57073E-03
  9.00391E-01  2.53649E-03
  9.04297E-01  2.50306E-03
  9.08203E-01  2.46991E-03
  9.12109E-01  2.43772E-03
  9.16016E-01  2.40567E-03
  9.19922E-01  2.37476E-03
  9.23828E-01  2.34379E-03
  9.27734E-01  2.31399E-03
  9.31641E-01  2.28443E-03
  9.35547E-01  2.25577E-03
  9.39453E-01  2.22743E-03
  9.43359E-01  2.19990E-03
  9.47266E-01  2.17303E-03
  9.51172E-01  2.14687E-03
  9.55078E-01  2.12132E-03
  9.58984E-01  2.09654E-03
  9.62891E-01  2.07257E-03
  9.66797E-01  2.04925E-03
  9.70703E-01  2.02681E-03
  9.74609E-01  2.00526E-03
  9.78516E-01  1.98423E-03
  9.82422E-01  1.96402E-03
  9.86328E-01  1.94423E-03
  9.90234E-01  1.92498E-03
  9.94141E-01  1.90842E-03
  9.98047E-01  1.90081E-03
  1.00195E+00  1.90081E-03
