 -1.95312E-03  2.96571E+00
  1.95312E-03  2.96609E+00
  5.85938E-03  2.96195E+00
  9.76562E-03  2.95846E+00
  1.36719E-02  2.95504E+00
  1.75781E-02  2.95159E+00
  2.14844E-02  2.94809E+00
  2.53906E-02  2.94453E+00
  2.92969E-02  2.94090E+00
  3.32031E-02  2.93722E+00
  3.71094E-02  2.93347E+00
  4.10156E-02  2.92965E+00
  4.49219E-02  2.92577E+00
  4.88281E-02  2.92182E+00
  5.27344E-02  2.91780E+00
  5.66406E-02  2.91372E+00
  6.05469E-02  2.90958E+00
  6.44531E-02  2.90536E+00
  6.83594E-02  2.90109E+00
  7.22656E-02  2.89674E+00
  7.61719E-02  2.89233E+00
  8.00781E-02  2.88785E+00
  8.39844E-02  2.88331E+00
  8.78906E-02  2.87870E+00
  9.17969E-02  2.87403E+00
  9.57031E-02  2.86929E+00
  9.96094E-02  2.86449E+00
  1.03516E-01  2.85962E+00
  1.07422E-01  2.85468E+00
  1.11328E-01  2.84968E+00
  1.15234E-01  2.84461E+00
  1.19141E-01  2.83948E+00
  1.23047E-01  2.83428E+00
  1.26953E-01  2.82902E+00
  1.30859E-01  2.82370E+00
  1.34766E-01  2.81831E+00
  1.38672E-01  2.81285E+00
  1.42578E-01  2.80733E+00
  1.46484E-01  2.80174E+00
  1.50391E-01  2.79609E+00
  1.54297E-01  2.79037E+00
  1.58203E-01  2.78459E+00
  1.62109E-01  2.77874E+00
  1.66016E-01  2.77283E+00
  1.69922E-01  2.76685E+00
  1.73828E-01  2.76080E+00
  1.77734E-01  2.75469E+00
  1.81641E-01  2.74852E+00
  1.85547E-01  2.74227E+00
  1.89453E-01  2.73596E+00
  1.93359E-01  2.72959E+00
  1.97266E-01  2.72315E+00
  2.01172E-01  2.71664E+00
  2.05078E-01  2.71007E+00
  2.08984E-01  2.70343E+00
  2.12891E-01  2.69673E+00
  2.16797E-01  2.68996E+00
  2.20703E-01  2.68312E+00
  2.24609E-01  2.67622E+00
  2.28516E-01  2.66925E+00
  2.32422E-01  2.66221E+00
  2.36328E-01  2.65510E+00
  2.40234E-01  2.64793E+00
  2.44141E-01  2.64068E+00
  2.48047E-01  2.63337E+00
  2.51953E-01  2.62599E+00
  2.55859E-01  2.61854E+00
  2.59766E-01  2.61102E+00
  2.63672E-01  2.60343E+00
  2.67578E-01  2.59577E+00
  2.71484E-01  2.58805E+00
  2.75391E-01  2.58025E+00
  2.79297E-01  2.57239E+00
  2.83203E-01  2.56445E+00
  2.87109E-01  2.55644E+00
  2.91016E-01  2.54836E+00
  2.94922E-01  2.54021E+00
  2.98828E-01  2.53199E+00
  3.02734E-01  2.52369E+00
  3.06641E-01  2.51533E+00
  3.10547E-01  2.50689E+00
  3.14453E-01  2.49837E+00
  3.18359E-01  2.48978E+00
  3.22266E-01  2.48112E+00
  3.26172E-01  2.47239E+00
  3.30078E-01  2.46357E+00
  3.33984E-01  2.45468E+00
  3.37891E-01  2.44572E+00
  3.41797E-01  2.43668E+00
  3.45703E-01  2.42756E+00
  3.49609E-01  2.41836E+00
  3.53516E-01  2.40908E+00
  3.57422E-01  2.39972E+00
  3.61328E-01  2.39028E+00
  3.65234E-01  2.38077E+00
  3.69141E-01  2.37117E+00
  3.73047E-01  2.36149E+00
  3.76953E-01  2.35173E+00
  3.80859E-01  2.34188E+00
  3.84766E-01  2.33195E+00
  3.88672E-01  2.32193E+00
  3.92578E-01  2.31183E+00
  3.96484E-01  2.30163E+00
  4.00391E-01  2.29135E+00
  4.04297E-01  2.28098E+00
  4.08203E-01  2.27052E+00
  4.12109E-01  2.25997E+00
  4.16016E-01  2.24932E+00
  4.19922E-01  2.23859E+00
  4.23828E-01  2.22776E+00
  4.27734E-01  2.21683E+00
  4.31641E-01  2.20581E+00
  4.35547E-01  2.19469E+00
  4.39453E-01  2.18347E+00
  4.43359E-01  2.17215E+00
  4.47266E-01  2.16072E+00
  4.51172E-01  2.14920E+00
  4.55078E-01  2.13756E+00
  4.58984E-01  2.12582E+00
  4.62891E-01  2.11397E+00
  4.66797E-01  2.10201E+00
  4.70703E-01  2.08994E+00
  4.74609E-01  2.07775E+00
  4.78516E-01  2.06544E+00
  4.82422E-01  2.05302E+00
  4.86328E-01  2.04047E+00
  4.90234E-01  2.02780E+00
  4.94141E-01  2.01500E+00
  4.98047E-01  2.00208E+00
  5.01953E-01  1.98903E+00
  5.05859E-01  1.97584E+00
  5.09766E-01  1.96251E+00
  5.13672E-01  1.94904E+00
  5.17578E-01  1.93542E+00
  5.21484E-01  1.92166E+00
  5.25391E-01  1.90774E+00
  5.29297E-01  1.89367E+00
  5.33203E-01  1.87944E+00
  5.37109E-01  1.86504E+00
  5.41016E-01  1.85047E+00
  5.44922E-01  1.83573E+00
  5.48828E-01  1.82081E+00
  5.52734E-01  1.80570E+00
  5.56641E-01  1.79040E+00
  5.60547E-01  1.77491E+00
  5.64453E-01  1.75920E+00
  5.68359E-01  1.74329E+00
  5.72266E-01  1.72716E+00
  5.76172E-01  1.71080E+00
  5.80078E-01  1.69421E+00
  5.83984E-01  1.67737E+00
  5.87891E-01  1.66028E+00
  5.91797E-01  1.64292E+00
  5.95703E-01  1.62529E+00
  5.99609E-01  1.60736E+00
  6.03516E-01  1.58913E+00
  6.07422E-01  1.57058E+00
  6.11328E-01  1.55170E+00
  6.15234E-01  1.53246E+00
  6.19141E-01  1.51285E+00
  6.23047E-01  1.49284E+00
  6.26953E-01  1.47240E+00
  6.30859E-01  1.45152E+00
  6.34766E-01  1.43016E+00
  6.38672E-01  1.40829E+00
  6.42578E-01  1.38586E+00
  6.46484E-01  1.36284E+00
  6.50391E-01  1.33919E+00
  6.54297E-01  1.31483E+00
  6.58203E-01  1.28970E+00
  6.62109E-01  1.26373E+00
  6.66016E-01  1.23682E+00
  6.69922E-01  1.20887E+00
  6.73828E-01  1.17973E+00
  6.77734E-01  1.14925E+00
  6.81641E-01  1.11720E+00
  6.85547E-01  1.08331E+00
  6.89453E-01  1.04722E+00
  6.93359E-01  1.00833E+00
  6.97266E-01  9.64957E-01
  7.01172E-01  9.07206E-01
  7.05078E-01  7.79271E-01
  7.08984E-01  1.38754E-03
  7.12891E-01  1.37033E-03
  7.16797E-01  1.34761E-03
  7.20703E-01  1.32592E-03
  7.24609E-01  1.30418E-03
  7.28516E-01  1.28334E-03
  7.32422E-01  1.26249E-03
  7.36328E-01  1.24251E-03
  7.40234E-01  1.22253E-03
  7.44141E-01  1.20343E-03
  7.48047E-01  1.18434E-03
  7.51953E-01  1.16613E-03
  7.55859E-01  1.14795E-03
  7.59766E-01  1.13031E-03
  7.63672E-01  1.11270E-03
  7.67578E-01  1.09579E-03
  7.71484E-01  1.07897E-03
  7.75391E-01  1.06285E-03
  7.79297E-01  1.04678E-03
  7.83203E-01  1.03129E-03
  7.87109E-01  1.01576E-03
  7.91016E-01  1.00082E-03
  7.94922E-01  9.85940E-04
  7.98828E-01  9.71559E-04
  8.02734E-01  9.57317E-04
  8.06641E-01  9.43657E-04
  8.10547E-01  9.30013E-04
  8.14453E-01  9.16860E-04
  8.18359E-01  9.03698E-04
  8.22266E-01  8.90990E-04
  8.26172E-01  8.78278E-04
  8.30078E-01  8.66055E-04
  8.33984E-01  8.53884E-04
  8.37891E-01  8.42191E-04
  8.41797E-01  8.30506E-04
  8.45703E-01  8.19274E-04
  8.49609E-01  8.08053E-04
  8.53516E-01  7.97245E-04
  8.57422E-01  7.86422E-04
  8.61328E-01  7.75979E-04
  8.65234E-01  7.65542E-04
  8.69141E-01  7.55513E-04
  8.73047E-01  7.45496E-04
  8.76953E-01  7.35871E-04
  8.80859E-01  7.26232E-04
  8.84766E-01  7.16953E-04
  8.88672E-01  7.07670E-04
  8.92578E-01  6.98746E-04
  8.96484E-01  6.89813E-04
  9.00391E-01  6.81200E-04
  9.04297E-01  6.72572E-04
  9.08203E-01  6.64269E-04
  9.12109E-01  6.55980E-04
  9.16016E-01  6.48012E-04
  9.19922E-01  6.40027E-04
  9.23828E-01  6.32300E-04
  9.27734E-01  6.24569E-04
  9.31641E-01  6.17129E-04
  9.35547E-01  6.09684E-04
  9.39453E-01  6.02477E-04
  9.43359E-01  5.95280E-04
  9.47266E-01  5.88299E-04
  9.51172E-01  5.81309E-04
  9.55078E-01  5.74593E-04
  9.58984E-01  5.67889E-04
  9.62891E-01  5.61374E-04
  9.66797E-01  5.54882E-04
  9.70703E-01  5.48655E-04
  9.74609E-01  5.42477E-04
  9.78516E-01  5.36421E-04
  9.82422E-01  5.30698E-04
  9.86328E-01  5.25173E-04
  9.90234E-01  5.20075E-04
  9.94141E-01  5.15721E-04
  9.98047E-01  5.13668E-04
  1.00195E+00  5.13668E-04
