 -1.95312E-03  2.96519E+00
  1.95312E-03  2.96557E+00
  5.85938E-03  2.96143E+00
  9.76562E-03  2.95794E+00
  1.36719E-02  2.95452E+00
  1.75781E-02  2.95107E+00
  2.14844E-02  2.94757E+00
  2.53906E-02  2.94401E+00
  2.92969E-02  2.94038E+00
  3.32031E-02  2.93670E+00
  3.71094E-02  2.93295E+00
  4.10156E-02  2.92913E+00
  4.49219E-02  2.92525E+00
  4.88281E-02  2.92130E+00
  5.27344E-02  2.91728E+00
  5.66406E-02  2.91320E+00
  6.05469E-02  2.90906E+00
  6.44531E-02  2.90485E+00
  6.83594E-02  2.90057E+00
  7.22656E-02  2.89622E+00
  7.61719E-02  2.89181E+00
  8.00781E-02  2.88734E+00
  8.39844E-02  2.88280E+00
  8.78906E-02  2.87819E+00
  9.17969E-02  2.87352E+00
  9.57031E-02  2.86878E+00
  9.96094E-02  2.86398E+00
  1.03516E-01  2.85911E+00
  1.07422E-01  2.85417E+00
  1.11328E-01  2.84917E+00
  1.15234E-01  2.84410E+00
  1.19141E-01  2.83897E+00
  1.23047E-01  2.83377E+00
  1.26953E-01  2.82851E+00
  1.30859E-01  2.82319E+00
  1.34766E-01  2.81779E+00
  1.38672E-01  2.81234E+00
  1.42578E-01  2.80681E+00
  1.46484E-01  2.80123E+00
  1.50391E-01  2.79558E+00
  1.54297E-01  2.78986E+00
  1.58203E-01  2.78408E+00
  1.62109E-01  2.77823E+00
  1.66016E-01  2.77232E+00
  1.69922E-01  2.76634E+00
  1.73828E-01  2.76029E+00
  1.77734E-01  2.75418E+00
  1.81641E-01  2.74800E+00
  1.85547E-01  2.74176E+00
  1.89453E-01  2.73545E+00
  1.93359E-01  2.72908E+00
  1.97266E-01  2.72264E+00
  2.01172E-01  2.71613E+00
  2.05078E-01  2.70956E+00
  2.08984E-01  2.70292E+00
  2.12891E-01  2.69622E+00
  2.16797E-01  2.68945E+00
  2.20703E-01  2.68261E+00
  2.24609E-01  2.67571E+00
  2.28516E-01  2.66874E+00
  2.32422E-01  2.66170E+00
  2.36328E-01  2.65460E+00
  2.40234E-01  2.64742E+00
  2.44141E-01  2.64018E+00
  2.48047E-01  2.63287E+00
  2.51953E-01  2.62549E+00
  2.55859E-01  2.61804E+00
  2.59766E-01  2.61053E+00
  2.63672E-01  2.60294E+00
  2.67578E-01  2.59529E+00
  2.71484E-01  2.58756E+00
  2.75391E-01  2.57977E+00
  2.79297E-01  2.57190E+00
  2.83203E-01  2.56397E+00
  2.87109E-01  2.55596E+00
  2.91016E-01  2.54789E+00
  2.94922E-01  2.53974E+00
  2.98828E-01  2.53152E+00
  3.02734E-01  2.52323E+00
  3.06641E-01  2.51487E+00
  3.10547E-01  2.50643E+00
  3.14453E-01  2.49792E+00
  3.18359E-01  2.48934E+00
  3.22266E-01  2.48068E+00
  3.26172E-01  2.47195E+00
  3.30078E-01  2.46314E+00
  3.33984E-01  2.45426E+00
  3.37891E-01  2.44530E+00
  3.41797E-01  2.43626E+00
  3.45703E-01  2.42714E+00
  3.49609E-01  2.41795E+00
  3.53516E-01  2.40868E+00
  3.57422E-01  2.39932E+00
  3.61328E-01  2.38989E+00
  3.65234E-01  2.38038E+00
  3.69141E-01  2.37079E+00
  3.73047E-01  2.36111E+00
  3.76953E-01  2.35136E+00
  3.80859E-01  2.34151E+00
  3.84766E-01  2.33159E+00
  3.88672E-01  2.32158E+00
  3.92578E-01  2.31148E+00
  3.96484E-01  2.30129E+00
  4.00391E-01  2.29102E+00
  4.04297E-01  2.28066E+00
  4.08203E-01  2.27020E+00
  4.12109E-01  2.25966E+00
  4.16016E-01  2.24903E+00
  4.19922E-01  2.23830E+00
  4.23828E-01  2.22748E+00
  4.27734E-01  2.21657E+00
  4.31641E-01  2.20556E+00
  4.35547E-01  2.19445E+00
  4.39453E-01  2.18325E+00
  4.43359E-01  2.17194E+00
  4.47266E-01  2.16054E+00
  4.51172E-01  2.14902E+00
  4.55078E-01  2.13741E+00
  4.58984E-01  2.12569E+00
  4.62891E-01  2.11386E+00
  4.66797E-01  2.10192E+00
  4.70703E-01  2.08986E+00
  4.74609E-01  2.07769E+00
  4.78516E-01  2.06541E+00
  4.82422E-01  2.05301E+00
  4.86328E-01  2.04048E+00
  4.90234E-01  2.02784E+00
  4.94141E-01  2.01507E+00
  4.98047E-01  2.00217E+00
  5.01953E-01  1.98914E+00
  5.05859E-01  1.97597E+00
  5.09766E-01  1.96267E+00
  5.13672E-01  1.94923E+00
  5.17578E-01  1.93564E+00
  5.21484E-01  1.92190E+00
  5.25391E-01  1.90802E+00
  5.29297E-01  1.89397E+00
  5.33203E-01  1.87977E+00
  5.37109E-01  1.86540E+00
  5.41016E-01  1.85086E+00
  5.44922E-01  1.83615E+00
  5.48828E-01  1.82126E+00
  5.52734E-01  1.80619E+00
  5.56641E-01  1.79093E+00
  5.60547E-01  1.77547E+00
  5.64453E-01  1.75981E+00
  5.68359E-01  1.74394E+00
  5.72266E-01  1.72785E+00
  5.76172E-01  1.71154E+00
  5.80078E-01  1.69499E+00
  5.83984E-01  1.67820E+00
  5.87891E-01  1.66116E+00
  5.91797E-01  1.64385E+00
  5.95703E-01  1.62627E+00
  5.99609E-01  1.60839E+00
  6.03516E-01  1.59022E+00
  6.07422E-01  1.57174E+00
  6.11328E-01  1.55292E+00
  6.15234E-01  1.53376E+00
  6.19141E-01  1.51422E+00
  6.23047E-01  1.49429E+00
  6.26953E-01  1.47395E+00
  6.30859E-01  1.45316E+00
  6.34766E-01  1.43190E+00
  6.38672E-01  1.41014E+00
  6.42578E-01  1.38784E+00
  6.46484E-01  1.36495E+00
  6.50391E-01  1.34143E+00
  6.54297E-01  1.31723E+00
  6.58203E-01  1.29228E+00
  6.62109E-01  1.26649E+00
  6.66016E-01  1.23979E+00
  6.69922E-01  1.21207E+00
  6.73828E-01  1.18319E+00
  6.77734E-01  1.15300E+00
  6.81641E-01  1.12130E+00
  6.85547E-01  1.08781E+00
  6.89453E-01  1.05219E+00
  6.93359E-01  1.01390E+00
  6.97266E-01  9.71461E-01
  7.01172E-01  9.16077E-01
  7.05078E-01  7.94582E-01
  7.08984E-01  5.15056E-03
  7.12891E-01  5.08462E-03
  7.16797E-01  4.99970E-03
  7.20703E-01  4.91876E-03
  7.24609E-01  4.83787E-03
  7.28516E-01  4.75976E-03
  7.32422E-01  4.68159E-03
  7.36328E-01  4.60671E-03
  7.40234E-01  4.53223E-03
  7.44141E-01  4.46100E-03
  7.48047E-01  4.38980E-03
  7.51953E-01  4.32085E-03
  7.55859E-01  4.25228E-03
  7.59766E-01  4.18658E-03
  7.63672E-01  4.12107E-03
  7.67578E-01  4.05790E-03
  7.71484E-01  3.99507E-03
  7.75391E-01  3.93392E-03
  7.79297E-01  3.87323E-03
  7.83203E-01  3.81468E-03
  7.87109E-01  3.75663E-03
  7.91016E-01  3.70065E-03
  7.94922E-01  3.64487E-03
  7.98828E-01  3.59089E-03
  8.02734E-01  3.53690E-03
  8.06641E-01  3.48492E-03
  8.10547E-01  3.43326E-03
  8.14453E-01  3.38350E-03
  8.18359E-01  3.33373E-03
  8.22266E-01  3.28567E-03
  8.26172E-01  3.23766E-03
  8.30078E-01  3.19144E-03
  8.33984E-01  3.14543E-03
  8.37891E-01  3.10099E-03
  8.41797E-01  3.05650E-03
  8.45703E-01  3.01360E-03
  8.49609E-01  2.97083E-03
  8.53516E-01  2.92957E-03
  8.57422E-01  2.88825E-03
  8.61328E-01  2.84841E-03
  8.65234E-01  2.80868E-03
  8.69141E-01  2.77035E-03
  8.73047E-01  2.73195E-03
  8.76953E-01  2.69493E-03
  8.80859E-01  2.65811E-03
  8.84766E-01  2.62226E-03
  8.88672E-01  2.58656E-03
  8.92578E-01  2.55225E-03
  8.96484E-01  2.51794E-03
  9.00391E-01  2.48451E-03
  9.04297E-01  2.45166E-03
  9.08203E-01  2.41923E-03
  9.12109E-01  2.38774E-03
  9.16016E-01  2.35644E-03
  9.19922E-01  2.32619E-03
  9.23828E-01  2.29586E-03
  9.27734E-01  2.26667E-03
  9.31641E-01  2.23777E-03
  9.35547E-01  2.20978E-03
  9.39453E-01  2.18208E-03
  9.43359E-01  2.15515E-03
  9.47266E-01  2.12886E-03
  9.51172E-01  2.10331E-03
  9.55078E-01  2.07835E-03
  9.58984E-01  2.05408E-03
  9.62891E-01  2.03066E-03
  9.66797E-01  2.00786E-03
  9.70703E-01  1.98589E-03
  9.74609E-01  1.96480E-03
  9.78516E-01  1.94417E-03
  9.82422E-01  1.92434E-03
  9.86328E-01  1.90489E-03
  9.90234E-01  1.88599E-03
  9.94141E-01  1.86979E-03
  9.98047E-01  1.86233E-03
  1.00195E+00  1.86233E-03
