 -1.95312E-03  2.96571E+00
  1.95312E-03  2.96609E+00
  5.85938E-03  2.96194E+00
  9.76562E-03  2.95846E+00
  1.36719E-02  2.95504E+00
  1.75781E-02  2.95158E+00
  2.14844E-02  2.94808E+00
  2.53906E-02  2.94452E+00
  2.92969E-02  2.94090E+00
  3.32031E-02  2.93721E+00
  3.71094E-02  2.93346E+00
  4.10156E-02  2.92965E+00
  4.49219E-02  2.92576E+00
  4.88281E-02  2.92181E+00
  5.27344E-02  2.91780E+00
  5.66406E-02  2.91372E+00
  6.05469E-02  2.90957E+00
  6.44531E-02  2.90536E+00
  6.83594E-02  2.90108E+00
  7.22656E-02  2.89674E+00
  7.61719E-02  2.89232E+00
  8.00781E-02  2.88785E+00
  8.39844E-02  2.88331E+00
  8.78906E-02  2.87870E+00
  9.17969E-02  2.87403E+00
  9.57031E-02  2.86929E+00
  9.96094E-02  2.86448E+00
  1.03516E-01  2.85961E+00
  1.07422E-01  2.85468E+00
  1.11328E-01  2.84967E+00
  1.15234E-01  2.84461E+00
  1.19141E-01  2.83948E+00
  1.23047E-01  2.83428E+00
  1.26953E-01  2.82902E+00
  1.30859E-01  2.82369E+00
  1.34766E-01  2.81830E+00
  1.38672E-01  2.81285E+00
  1.42578E-01  2.80732E+00
  1.46484E-01  2.80174E+00
  1.50391E-01  2.79608E+00
  1.54297E-01  2.79037E+00
  1.58203E-01  2.78459E+00
  1.62109E-01  2.77874E+00
  1.66016E-01  2.77283E+00
  1.69922E-01  2.76684E+00
  1.73828E-01  2.76080E+00
  1.77734E-01  2.75469E+00
  1.81641E-01  2.74851E+00
  1.85547E-01  2.74227E+00
  1.89453E-01  2.73596E+00
  1.93359E-01  2.72958E+00
  1.97266E-01  2.72314E+00
  2.01172E-01  2.71664E+00
  2.05078E-01  2.71007E+00
  2.08984E-01  2.70343E+00
  2.12891E-01  2.69672E+00
  2.16797E-01  2.68995E+00
  2.20703E-01  2.68312E+00
  2.24609E-01  2.67621E+00
  2.28516E-01  2.66924E+00
  2.32422E-01  2.66220E+00
  2.36328E-01  2.65510E+00
  2.40234E-01  2.64792E+00
  2.44141E-01  2.64068E+00
  2.48047E-01  2.63337E+00
  2.51953E-01  2.62599E+00
  2.55859E-01  2.61854E+00
  2.59766E-01  2.61102E+00
  2.63672E-01  2.60343E+00
  2.67578E-01  2.59577E+00
  2.71484E-01  2.58804E+00
  2.75391E-01  2.58025E+00
  2.79297E-01  2.57238E+00
  2.83203E-01  2.56444E+00
  2.87109E-01  2.55643E+00
  2.91016E-01  2.54836E+00
  2.94922E-01  2.54021E+00
  2.98828E-01  2.53198E+00
  3.02734E-01  2.52369E+00
  3.06641E-01  2.51532E+00
  3.10547E-01  2.50688E+00
  3.14453E-01  2.49837E+00
  3.18359E-01  2.48978E+00
  3.22266E-01  2.48112E+00
  3.26172E-01  2.47238E+00
  3.30078E-01  2.46357E+00
  3.33984E-01  2.45468E+00
  3.37891E-01  2.44572E+00
  3.41797E-01  2.43667E+00
  3.45703E-01  2.42755E+00
  3.49609E-01  2.41835E+00
  3.53516E-01  2.40908E+00
  3.57422E-01  2.39972E+00
  3.61328E-01  2.39028E+00
  3.65234E-01  2.38077E+00
  3.69141E-01  2.37117E+00
  3.73047E-01  2.36149E+00
  3.76953E-01  2.35172E+00
  3.80859E-01  2.34188E+00
  3.84766E-01  2.33194E+00
  3.88672E-01  2.32193E+00
  3.92578E-01  2.31182E+00
  3.96484E-01  2.30163E+00
  4.00391E-01  2.29135E+00
  4.04297E-01  2.28098E+00
  4.08203E-01  2.27052E+00
  4.12109E-01  2.25997E+00
  4.16016E-01  2.24932E+00
  4.19922E-01  2.23859E+00
  4.23828E-01  2.22776E+00
  4.27734E-01  2.21683E+00
  4.31641E-01  2.20581E+00
  4.35547E-01  2.19469E+00
  4.39453E-01  2.18347E+00
  4.43359E-01  2.17215E+00
  4.47266E-01  2.16072E+00
  4.51172E-01  2.14919E+00
  4.55078E-01  2.13756E+00
  4.58984E-01  2.12582E+00
  4.62891E-01  2.11397E+00
  4.66797E-01  2.10201E+00
  4.70703E-01  2.08994E+00
  4.74609E-01  2.07775E+00
  4.78516E-01  2.06544E+00
  4.82422E-01  2.05302E+00
  4.86328E-01  2.04047E+00
  4.90234E-01  2.02780E+00
  4.94141E-01  2.01500E+00
  4.98047E-01  2.00208E+00
  5.01953E-01  1.98903E+00
  5.05859E-01  1.97584E+00
  5.09766E-01  1.96251E+00
  5.13672E-01  1.94904E+00
  5.17578E-01  1.93543E+00
  5.21484E-01  1.92167E+00
  5.25391E-01  1.90775E+00
  5.29297E-01  1.89368E+00
  5.33203E-01  1.87944E+00
  5.37109E-01  1.86505E+00
  5.41016E-01  1.85048E+00
  5.44922E-01  1.83574E+00
  5.48828E-01  1.82082E+00
  5.52734E-01  1.80571E+00
  5.56641E-01  1.79041E+00
  5.60547E-01  1.77492E+00
  5.64453E-01  1.75922E+00
  5.68359E-01  1.74331E+00
  5.72266E-01  1.72718E+00
  5.76172E-01  1.71082E+00
  5.80078E-01  1.69423E+00
  5.83984E-01  1.67739E+00
  5.87891E-01  1.66030E+00
  5.91797E-01  1.64294E+00
  5.95703E-01  1.62530E+00
  5.99609E-01  1.60737E+00
  6.03516E-01  1.58914E+00
  6.07422E-01  1.57059E+00
  6.11328E-01  1.55171E+00
  6.15234E-01  1.53247E+00
  6.19141E-01  1.51286E+00
  6.23047E-01  1.49285E+00
  6.26953E-01  1.47243E+00
  6.30859E-01  1.45155E+00
  6.34766E-01  1.43020E+00
  6.38672E-01  1.40833E+00
  6.42578E-01  1.38591E+00
  6.46484E-01  1.36290E+00
  6.50391E-01  1.33924E+00
  6.54297E-01  1.31489E+00
  6.58203E-01  1.28977E+00
  6.62109E-01  1.26380E+00
  6.66016E-01  1.23690E+00
  6.69922E-01  1.20896E+00
  6.73828E-01  1.17983E+00
  6.77734E-01  1.14935E+00
  6.81641E-01  1.11732E+00
  6.85547E-01  1.08344E+00
  6.89453E-01  1.04735E+00
  6.93359E-01  1.00846E+00
  6.97266E-01  9.65100E-01
  7.01172E-01  9.07389E-01
  7.05078E-01  7.79565E-01
  7.08984E-01  1.44627E-03
  7.12891E-01  1.42826E-03
  7.16797E-01  1.40451E-03
  7.20703E-01  1.38195E-03
  7.24609E-01  1.35933E-03
  7.28516E-01  1.33766E-03
  7.32422E-01  1.31595E-03
  7.36328E-01  1.29513E-03
  7.40234E-01  1.27430E-03
  7.44141E-01  1.25433E-03
  7.48047E-01  1.23436E-03
  7.51953E-01  1.21526E-03
  7.55859E-01  1.19616E-03
  7.59766E-01  1.17794E-03
  7.63672E-01  1.15975E-03
  7.67578E-01  1.14216E-03
  7.71484E-01  1.12452E-03
  7.75391E-01  1.10762E-03
  7.79297E-01  1.09078E-03
  7.83203E-01  1.07461E-03
  7.87109E-01  1.05852E-03
  7.91016E-01  1.04303E-03
  7.94922E-01  1.02749E-03
  7.98828E-01  1.01250E-03
  8.02734E-01  9.97562E-04
  8.06641E-01  9.83253E-04
  8.10547E-01  9.68958E-04
  8.14453E-01  9.55269E-04
  8.18359E-01  9.41595E-04
  8.22266E-01  9.28391E-04
  8.26172E-01  9.15157E-04
  8.30078E-01  9.02405E-04
  8.33984E-01  8.89672E-04
  8.37891E-01  8.77422E-04
  8.41797E-01  8.65243E-04
  8.45703E-01  8.53513E-04
  8.49609E-01  8.41796E-04
  8.53516E-01  8.30519E-04
  8.57422E-01  8.19267E-04
  8.61328E-01  8.08395E-04
  8.65234E-01  7.97516E-04
  8.69141E-01  7.87040E-04
  8.73047E-01  7.76577E-04
  8.76953E-01  7.66534E-04
  8.80859E-01  7.56487E-04
  8.84766E-01  7.46816E-04
  8.88672E-01  7.37135E-04
  8.92578E-01  7.27824E-04
  8.96484E-01  7.18511E-04
  9.00391E-01  7.09550E-04
  9.04297E-01  7.00572E-04
  9.08203E-01  6.91917E-04
  9.12109E-01  6.83255E-04
  9.16016E-01  6.74941E-04
  9.19922E-01  6.66631E-04
  9.23828E-01  6.58617E-04
  9.27734E-01  6.50575E-04
  9.31641E-01  6.42804E-04
  9.35547E-01  6.35048E-04
  9.39453E-01  6.27580E-04
  9.43359E-01  6.20088E-04
  9.47266E-01  6.12812E-04
  9.51172E-01  6.05561E-04
  9.55078E-01  5.98562E-04
  9.58984E-01  5.91562E-04
  9.62891E-01  5.84819E-04
  9.66797E-01  5.78054E-04
  9.70703E-01  5.71538E-04
  9.74609E-01  5.65154E-04
  9.78516E-01  5.58818E-04
  9.82422E-01  5.52835E-04
  9.86328E-01  5.47091E-04
  9.90234E-01  5.41762E-04
  9.94141E-01  5.37243E-04
  9.98047E-01  5.35111E-04
  1.00195E+00  5.35111E-04
