 -1.95312E-03  2.96560E+00
  1.95312E-03  2.96598E+00
  5.85938E-03  2.96184E+00
  9.76562E-03  2.95836E+00
  1.36719E-02  2.95493E+00
  1.75781E-02  2.95148E+00
  2.14844E-02  2.94798E+00
  2.53906E-02  2.94442E+00
  2.92969E-02  2.94080E+00
  3.32031E-02  2.93711E+00
  3.71094E-02  2.93336E+00
  4.10156E-02  2.92955E+00
  4.49219E-02  2.92566E+00
  4.88281E-02  2.92171E+00
  5.27344E-02  2.91770E+00
  5.66406E-02  2.91362E+00
  6.05469E-02  2.90947E+00
  6.44531E-02  2.90526E+00
  6.83594E-02  2.90098E+00
  7.22656E-02  2.89664E+00
  7.61719E-02  2.89223E+00
  8.00781E-02  2.88775E+00
  8.39844E-02  2.88321E+00
  8.78906E-02  2.87860E+00
  9.17969E-02  2.87393E+00
  9.57031E-02  2.86919E+00
  9.96094E-02  2.86438E+00
  1.03516E-01  2.85951E+00
  1.07422E-01  2.85457E+00
  1.11328E-01  2.84957E+00
  1.15234E-01  2.84451E+00
  1.19141E-01  2.83937E+00
  1.23047E-01  2.83418E+00
  1.26953E-01  2.82892E+00
  1.30859E-01  2.82359E+00
  1.34766E-01  2.81820E+00
  1.38672E-01  2.81274E+00
  1.42578E-01  2.80722E+00
  1.46484E-01  2.80163E+00
  1.50391E-01  2.79598E+00
  1.54297E-01  2.79027E+00
  1.58203E-01  2.78448E+00
  1.62109E-01  2.77864E+00
  1.66016E-01  2.77272E+00
  1.69922E-01  2.76674E+00
  1.73828E-01  2.76070E+00
  1.77734E-01  2.75459E+00
  1.81641E-01  2.74841E+00
  1.85547E-01  2.74217E+00
  1.89453E-01  2.73586E+00
  1.93359E-01  2.72948E+00
  1.97266E-01  2.72304E+00
  2.01172E-01  2.71654E+00
  2.05078E-01  2.70997E+00
  2.08984E-01  2.70333E+00
  2.12891E-01  2.69663E+00
  2.16797E-01  2.68986E+00
  2.20703E-01  2.68302E+00
  2.24609E-01  2.67612E+00
  2.28516E-01  2.66915E+00
  2.32422E-01  2.66211E+00
  2.36328E-01  2.65500E+00
  2.40234E-01  2.64783E+00
  2.44141E-01  2.64058E+00
  2.48047E-01  2.63327E+00
  2.51953E-01  2.62589E+00
  2.55859E-01  2.61844E+00
  2.59766E-01  2.61092E+00
  2.63672E-01  2.60334E+00
  2.67578E-01  2.59568E+00
  2.71484E-01  2.58795E+00
  2.75391E-01  2.58016E+00
  2.79297E-01  2.57229E+00
  2.83203E-01  2.56435E+00
  2.87109E-01  2.55635E+00
  2.91016E-01  2.54827E+00
  2.94922E-01  2.54012E+00
  2.98828E-01  2.53190E+00
  3.02734E-01  2.52360E+00
  3.06641E-01  2.51524E+00
  3.10547E-01  2.50680E+00
  3.14453E-01  2.49828E+00
  3.18359E-01  2.48969E+00
  3.22266E-01  2.48103E+00
  3.26172E-01  2.47230E+00
  3.30078E-01  2.46349E+00
  3.33984E-01  2.45460E+00
  3.37891E-01  2.44563E+00
  3.41797E-01  2.43659E+00
  3.45703E-01  2.42747E+00
  3.49609E-01  2.41827E+00
  3.53516E-01  2.40900E+00
  3.57422E-01  2.39964E+00
  3.61328E-01  2.39021E+00
  3.65234E-01  2.38069E+00
  3.69141E-01  2.37109E+00
  3.73047E-01  2.36142E+00
  3.76953E-01  2.35166E+00
  3.80859E-01  2.34181E+00
  3.84766E-01  2.33188E+00
  3.88672E-01  2.32186E+00
  3.92578E-01  2.31176E+00
  3.96484E-01  2.30157E+00
  4.00391E-01  2.29129E+00
  4.04297E-01  2.28092E+00
  4.08203E-01  2.27046E+00
  4.12109E-01  2.25992E+00
  4.16016E-01  2.24928E+00
  4.19922E-01  2.23854E+00
  4.23828E-01  2.22771E+00
  4.27734E-01  2.21679E+00
  4.31641E-01  2.20577E+00
  4.35547E-01  2.19465E+00
  4.39453E-01  2.18343E+00
  4.43359E-01  2.17212E+00
  4.47266E-01  2.16070E+00
  4.51172E-01  2.14917E+00
  4.55078E-01  2.13754E+00
  4.58984E-01  2.12580E+00
  4.62891E-01  2.11396E+00
  4.66797E-01  2.10200E+00
  4.70703E-01  2.08993E+00
  4.74609E-01  2.07774E+00
  4.78516E-01  2.06544E+00
  4.82422E-01  2.05302E+00
  4.86328E-01  2.04048E+00
  4.90234E-01  2.02781E+00
  4.94141E-01  2.01502E+00
  4.98047E-01  2.00210E+00
  5.01953E-01  1.98906E+00
  5.05859E-01  1.97587E+00
  5.09766E-01  1.96255E+00
  5.13672E-01  1.94909E+00
  5.17578E-01  1.93548E+00
  5.21484E-01  1.92172E+00
  5.25391E-01  1.90781E+00
  5.29297E-01  1.89375E+00
  5.33203E-01  1.87952E+00
  5.37109E-01  1.86513E+00
  5.41016E-01  1.85057E+00
  5.44922E-01  1.83584E+00
  5.48828E-01  1.82093E+00
  5.52734E-01  1.80583E+00
  5.56641E-01  1.79054E+00
  5.60547E-01  1.77506E+00
  5.64453E-01  1.75937E+00
  5.68359E-01  1.74347E+00
  5.72266E-01  1.72736E+00
  5.76172E-01  1.71101E+00
  5.80078E-01  1.69443E+00
  5.83984E-01  1.67761E+00
  5.87891E-01  1.66053E+00
  5.91797E-01  1.64319E+00
  5.95703E-01  1.62556E+00
  5.99609E-01  1.60765E+00
  6.03516E-01  1.58943E+00
  6.07422E-01  1.57090E+00
  6.11328E-01  1.55204E+00
  6.15234E-01  1.53282E+00
  6.19141E-01  1.51323E+00
  6.23047E-01  1.49325E+00
  6.26953E-01  1.47284E+00
  6.30859E-01  1.45199E+00
  6.34766E-01  1.43066E+00
  6.38672E-01  1.40883E+00
  6.42578E-01  1.38645E+00
  6.46484E-01  1.36347E+00
  6.50391E-01  1.33986E+00
  6.54297E-01  1.31556E+00
  6.58203E-01  1.29049E+00
  6.62109E-01  1.26458E+00
  6.66016E-01  1.23775E+00
  6.69922E-01  1.20988E+00
  6.73828E-01  1.18084E+00
  6.77734E-01  1.15045E+00
  6.81641E-01  1.11852E+00
  6.85547E-01  1.08477E+00
  6.89453E-01  1.04882E+00
  6.93359E-01  1.01011E+00
  6.97266E-01  9.67015E-01
  7.01172E-01  9.09995E-01
  7.05078E-01  7.84073E-01
  7.08984E-01  2.01675E-03
  7.12891E-01  1.99141E-03
  7.16797E-01  1.95803E-03
  7.20703E-01  1.92622E-03
  7.24609E-01  1.89456E-03
  7.28516E-01  1.86430E-03
  7.32422E-01  1.83401E-03
  7.36328E-01  1.80486E-03
  7.40234E-01  1.77570E-03
  7.44141E-01  1.74772E-03
  7.48047E-01  1.71989E-03
  7.51953E-01  1.69327E-03
  7.55859E-01  1.66661E-03
  7.59766E-01  1.64090E-03
  7.63672E-01  1.61518E-03
  7.67578E-01  1.59054E-03
  7.71484E-01  1.56593E-03
  7.75391E-01  1.54237E-03
  7.79297E-01  1.51888E-03
  7.83203E-01  1.49629E-03
  7.87109E-01  1.47366E-03
  7.91016E-01  1.45187E-03
  7.94922E-01  1.43007E-03
  7.98828E-01  1.40910E-03
  8.02734E-01  1.38813E-03
  8.06641E-01  1.36802E-03
  8.10547E-01  1.34794E-03
  8.14453E-01  1.32869E-03
  8.18359E-01  1.30941E-03
  8.22266E-01  1.29085E-03
  8.26172E-01  1.27227E-03
  8.30078E-01  1.25440E-03
  8.33984E-01  1.23653E-03
  8.37891E-01  1.21939E-03
  8.41797E-01  1.20226E-03
  8.45703E-01  1.18574E-03
  8.49609E-01  1.16920E-03
  8.53516E-01  1.15329E-03
  8.57422E-01  1.13740E-03
  8.61328E-01  1.12220E-03
  8.65234E-01  1.10702E-03
  8.69141E-01  1.09233E-03
  8.73047E-01  1.07760E-03
  8.76953E-01  1.06344E-03
  8.80859E-01  1.04933E-03
  8.84766E-01  1.03578E-03
  8.88672E-01  1.02224E-03
  8.92578E-01  1.00919E-03
  8.96484E-01  9.96135E-04
  9.00391E-01  9.83519E-04
  9.04297E-01  9.71009E-04
  9.08203E-01  9.58942E-04
  9.12109E-01  9.46880E-04
  9.16016E-01  9.35262E-04
  9.19922E-01  9.23673E-04
  9.23828E-01  9.12531E-04
  9.27734E-01  9.01378E-04
  9.31641E-01  8.90634E-04
  9.35547E-01  8.79905E-04
  9.39453E-01  8.69615E-04
  9.43359E-01  8.59320E-04
  9.47266E-01  8.49367E-04
  9.51172E-01  8.39413E-04
  9.55078E-01  8.29850E-04
  9.58984E-01  8.20267E-04
  9.62891E-01  8.10913E-04
  9.66797E-01  8.01771E-04
  9.70703E-01  7.92668E-04
  9.74609E-01  7.83944E-04
  9.78516E-01  7.75254E-04
  9.82422E-01  7.66845E-04
  9.86328E-01  7.58765E-04
  9.90234E-01  7.51331E-04
  9.94141E-01  7.45082E-04
  9.98047E-01  7.42123E-04
  1.00195E+00  7.42123E-04
