 -1.95312E-03  2.96558E+00
  1.95312E-03  2.96596E+00
  5.85938E-03  2.96182E+00
  9.76562E-03  2.95834E+00
  1.36719E-02  2.95491E+00
  1.75781E-02  2.95146E+00
  2.14844E-02  2.94796E+00
  2.53906E-02  2.94440E+00
  2.92969E-02  2.94078E+00
  3.32031E-02  2.93709E+00
  3.71094E-02  2.93334E+00
  4.10156E-02  2.92952E+00
  4.49219E-02  2.92564E+00
  4.88281E-02  2.92169E+00
  5.27344E-02  2.91768E+00
  5.66406E-02  2.91360E+00
  6.05469E-02  2.90945E+00
  6.44531E-02  2.90524E+00
  6.83594E-02  2.90096E+00
  7.22656E-02  2.89661E+00
  7.61719E-02  2.89220E+00
  8.00781E-02  2.88773E+00
  8.39844E-02  2.88319E+00
  8.78906E-02  2.87858E+00
  9.17969E-02  2.87390E+00
  9.57031E-02  2.86916E+00
  9.96094E-02  2.86436E+00
  1.03516E-01  2.85949E+00
  1.07422E-01  2.85455E+00
  1.11328E-01  2.84955E+00
  1.15234E-01  2.84448E+00
  1.19141E-01  2.83935E+00
  1.23047E-01  2.83416E+00
  1.26953E-01  2.82890E+00
  1.30859E-01  2.82357E+00
  1.34766E-01  2.81818E+00
  1.38672E-01  2.81272E+00
  1.42578E-01  2.80720E+00
  1.46484E-01  2.80161E+00
  1.50391E-01  2.79596E+00
  1.54297E-01  2.79025E+00
  1.58203E-01  2.78447E+00
  1.62109E-01  2.77862E+00
  1.66016E-01  2.77270E+00
  1.69922E-01  2.76672E+00
  1.73828E-01  2.76068E+00
  1.77734E-01  2.75457E+00
  1.81641E-01  2.74839E+00
  1.85547E-01  2.74215E+00
  1.89453E-01  2.73584E+00
  1.93359E-01  2.72946E+00
  1.97266E-01  2.72302E+00
  2.01172E-01  2.71652E+00
  2.05078E-01  2.70995E+00
  2.08984E-01  2.70331E+00
  2.12891E-01  2.69661E+00
  2.16797E-01  2.68984E+00
  2.20703E-01  2.68300E+00
  2.24609E-01  2.67610E+00
  2.28516E-01  2.66913E+00
  2.32422E-01  2.66209E+00
  2.36328E-01  2.65498E+00
  2.40234E-01  2.64781E+00
  2.44141E-01  2.64056E+00
  2.48047E-01  2.63325E+00
  2.51953E-01  2.62587E+00
  2.55859E-01  2.61842E+00
  2.59766E-01  2.61090E+00
  2.63672E-01  2.60332E+00
  2.67578E-01  2.59566E+00
  2.71484E-01  2.58793E+00
  2.75391E-01  2.58014E+00
  2.79297E-01  2.57227E+00
  2.83203E-01  2.56433E+00
  2.87109E-01  2.55632E+00
  2.91016E-01  2.54825E+00
  2.94922E-01  2.54010E+00
  2.98828E-01  2.53188E+00
  3.02734E-01  2.52358E+00
  3.06641E-01  2.51522E+00
  3.10547E-01  2.50678E+00
  3.14453E-01  2.49826E+00
  3.18359E-01  2.48967E+00
  3.22266E-01  2.48101E+00
  3.26172E-01  2.47228E+00
  3.30078E-01  2.46347E+00
  3.33984E-01  2.45458E+00
  3.37891E-01  2.44562E+00
  3.41797E-01  2.43658E+00
  3.45703E-01  2.42746E+00
  3.49609E-01  2.41826E+00
  3.53516E-01  2.40898E+00
  3.57422E-01  2.39963E+00
  3.61328E-01  2.39019E+00
  3.65234E-01  2.38068E+00
  3.69141E-01  2.37108E+00
  3.73047E-01  2.36140E+00
  3.76953E-01  2.35164E+00
  3.80859E-01  2.34180E+00
  3.84766E-01  2.33187E+00
  3.88672E-01  2.32185E+00
  3.92578E-01  2.31175E+00
  3.96484E-01  2.30156E+00
  4.00391E-01  2.29128E+00
  4.04297E-01  2.28091E+00
  4.08203E-01  2.27045E+00
  4.12109E-01  2.25991E+00
  4.16016E-01  2.24927E+00
  4.19922E-01  2.23853E+00
  4.23828E-01  2.22771E+00
  4.27734E-01  2.21678E+00
  4.31641E-01  2.20576E+00
  4.35547E-01  2.19465E+00
  4.39453E-01  2.18343E+00
  4.43359E-01  2.17211E+00
  4.47266E-01  2.16069E+00
  4.51172E-01  2.14916E+00
  4.55078E-01  2.13754E+00
  4.58984E-01  2.12580E+00
  4.62891E-01  2.11395E+00
  4.66797E-01  2.10200E+00
  4.70703E-01  2.08993E+00
  4.74609E-01  2.07774E+00
  4.78516E-01  2.06544E+00
  4.82422E-01  2.05302E+00
  4.86328E-01  2.04048E+00
  4.90234E-01  2.02782E+00
  4.94141E-01  2.01503E+00
  4.98047E-01  2.00211E+00
  5.01953E-01  1.98906E+00
  5.05859E-01  1.97588E+00
  5.09766E-01  1.96256E+00
  5.13672E-01  1.94910E+00
  5.17578E-01  1.93549E+00
  5.21484E-01  1.92173E+00
  5.25391E-01  1.90782E+00
  5.29297E-01  1.89376E+00
  5.33203E-01  1.87954E+00
  5.37109E-01  1.86515E+00
  5.41016E-01  1.85059E+00
  5.44922E-01  1.83586E+00
  5.48828E-01  1.82095E+00
  5.52734E-01  1.80586E+00
  5.56641E-01  1.79057E+00
  5.60547E-01  1.77509E+00
  5.64453E-01  1.75940E+00
  5.68359E-01  1.74351E+00
  5.72266E-01  1.72739E+00
  5.76172E-01  1.71105E+00
  5.80078E-01  1.69448E+00
  5.83984E-01  1.67766E+00
  5.87891E-01  1.66059E+00
  5.91797E-01  1.64325E+00
  5.95703E-01  1.62563E+00
  5.99609E-01  1.60773E+00
  6.03516E-01  1.58952E+00
  6.07422E-01  1.57099E+00
  6.11328E-01  1.55214E+00
  6.15234E-01  1.53292E+00
  6.19141E-01  1.51334E+00
  6.23047E-01  1.49336E+00
  6.26953E-01  1.47297E+00
  6.30859E-01  1.45212E+00
  6.34766E-01  1.43080E+00
  6.38672E-01  1.40897E+00
  6.42578E-01  1.38660E+00
  6.46484E-01  1.36364E+00
  6.50391E-01  1.34003E+00
  6.54297E-01  1.31573E+00
  6.58203E-01  1.29067E+00
  6.62109E-01  1.26477E+00
  6.66016E-01  1.23794E+00
  6.69922E-01  1.21008E+00
  6.73828E-01  1.18104E+00
  6.77734E-01  1.15066E+00
  6.81641E-01  1.11873E+00
  6.85547E-01  1.08497E+00
  6.89453E-01  1.04903E+00
  6.93359E-01  1.01034E+00
  6.97266E-01  9.67268E-01
  7.01172E-01  9.10313E-01
  7.05078E-01  7.84538E-01
  7.08984E-01  2.14614E-03
  7.12891E-01  2.11935E-03
  7.16797E-01  2.08411E-03
  7.20703E-01  2.05053E-03
  7.24609E-01  2.01670E-03
  7.28516E-01  1.98409E-03
  7.32422E-01  1.95177E-03
  7.36328E-01  1.92082E-03
  7.40234E-01  1.88998E-03
  7.44141E-01  1.86031E-03
  7.48047E-01  1.83058E-03
  7.51953E-01  1.80198E-03
  7.55859E-01  1.77352E-03
  7.59766E-01  1.74631E-03
  7.63672E-01  1.71909E-03
  7.67578E-01  1.69285E-03
  7.71484E-01  1.66664E-03
  7.75391E-01  1.64140E-03
  7.79297E-01  1.61621E-03
  7.83203E-01  1.59212E-03
  7.87109E-01  1.56805E-03
  7.91016E-01  1.54494E-03
  7.94922E-01  1.52181E-03
  7.98828E-01  1.49953E-03
  8.02734E-01  1.47724E-03
  8.06641E-01  1.45578E-03
  8.10547E-01  1.43432E-03
  8.14453E-01  1.41372E-03
  8.18359E-01  1.39314E-03
  8.22266E-01  1.37341E-03
  8.26172E-01  1.35366E-03
  8.30078E-01  1.33465E-03
  8.33984E-01  1.31561E-03
  8.37891E-01  1.29729E-03
  8.41797E-01  1.27897E-03
  8.45703E-01  1.26138E-03
  8.49609E-01  1.24380E-03
  8.53516E-01  1.22687E-03
  8.57422E-01  1.20990E-03
  8.61328E-01  1.19359E-03
  8.65234E-01  1.17729E-03
  8.69141E-01  1.16170E-03
  8.73047E-01  1.14613E-03
  8.76953E-01  1.13106E-03
  8.80859E-01  1.11596E-03
  8.84766E-01  1.10142E-03
  8.88672E-01  1.08696E-03
  8.92578E-01  1.07310E-03
  8.96484E-01  1.05921E-03
  9.00391E-01  1.04579E-03
  9.04297E-01  1.03241E-03
  9.08203E-01  1.01954E-03
  9.12109E-01  1.00666E-03
  9.16016E-01  9.94319E-04
  9.19922E-01  9.81956E-04
  9.23828E-01  9.70103E-04
  9.27734E-01  9.58257E-04
  9.31641E-01  9.46821E-04
  9.35547E-01  9.35391E-04
  9.39453E-01  9.24413E-04
  9.43359E-01  9.13481E-04
  9.47266E-01  9.02931E-04
  9.51172E-01  8.92362E-04
  9.55078E-01  8.82191E-04
  9.58984E-01  8.72079E-04
  9.62891E-01  8.62129E-04
  9.66797E-01  8.52464E-04
  9.70703E-01  8.42800E-04
  9.74609E-01  8.33524E-04
  9.78516E-01  8.24324E-04
  9.82422E-01  8.15384E-04
  9.86328E-01  8.06774E-04
  9.90234E-01  7.98858E-04
  9.94141E-01  7.92197E-04
  9.98047E-01  7.89067E-04
  1.00195E+00  7.89067E-04
