 -1.95312E-03  2.96566E+00
  1.95312E-03  2.96604E+00
  5.85938E-03  2.96190E+00
  9.76562E-03  2.95842E+00
  1.36719E-02  2.95499E+00
  1.75781E-02  2.95154E+00
  2.14844E-02  2.94804E+00
  2.53906E-02  2.94448E+00
  2.92969E-02  2.94086E+00
  3.32031E-02  2.93717E+00
  3.71094E-02  2.93342E+00
  4.10156E-02  2.92960E+00
  4.49219E-02  2.92572E+00
  4.88281E-02  2.92177E+00
  5.27344E-02  2.91776E+00
  5.66406E-02  2.91368E+00
  6.05469E-02  2.90953E+00
  6.44531E-02  2.90532E+00
  6.83594E-02  2.90104E+00
  7.22656E-02  2.89669E+00
  7.61719E-02  2.89228E+00
  8.00781E-02  2.88781E+00
  8.39844E-02  2.88326E+00
  8.78906E-02  2.87866E+00
  9.17969E-02  2.87398E+00
  9.57031E-02  2.86924E+00
  9.96094E-02  2.86444E+00
  1.03516E-01  2.85957E+00
  1.07422E-01  2.85463E+00
  1.11328E-01  2.84963E+00
  1.15234E-01  2.84456E+00
  1.19141E-01  2.83943E+00
  1.23047E-01  2.83424E+00
  1.26953E-01  2.82898E+00
  1.30859E-01  2.82365E+00
  1.34766E-01  2.81826E+00
  1.38672E-01  2.81280E+00
  1.42578E-01  2.80728E+00
  1.46484E-01  2.80169E+00
  1.50391E-01  2.79604E+00
  1.54297E-01  2.79032E+00
  1.58203E-01  2.78454E+00
  1.62109E-01  2.77869E+00
  1.66016E-01  2.77278E+00
  1.69922E-01  2.76680E+00
  1.73828E-01  2.76075E+00
  1.77734E-01  2.75464E+00
  1.81641E-01  2.74846E+00
  1.85547E-01  2.74222E+00
  1.89453E-01  2.73591E+00
  1.93359E-01  2.72954E+00
  1.97266E-01  2.72310E+00
  2.01172E-01  2.71659E+00
  2.05078E-01  2.71002E+00
  2.08984E-01  2.70339E+00
  2.12891E-01  2.69668E+00
  2.16797E-01  2.68991E+00
  2.20703E-01  2.68308E+00
  2.24609E-01  2.67617E+00
  2.28516E-01  2.66920E+00
  2.32422E-01  2.66216E+00
  2.36328E-01  2.65506E+00
  2.40234E-01  2.64788E+00
  2.44141E-01  2.64064E+00
  2.48047E-01  2.63333E+00
  2.51953E-01  2.62594E+00
  2.55859E-01  2.61850E+00
  2.59766E-01  2.61098E+00
  2.63672E-01  2.60339E+00
  2.67578E-01  2.59573E+00
  2.71484E-01  2.58800E+00
  2.75391E-01  2.58021E+00
  2.79297E-01  2.57234E+00
  2.83203E-01  2.56440E+00
  2.87109E-01  2.55640E+00
  2.91016E-01  2.54832E+00
  2.94922E-01  2.54017E+00
  2.98828E-01  2.53195E+00
  3.02734E-01  2.52365E+00
  3.06641E-01  2.51529E+00
  3.10547E-01  2.50685E+00
  3.14453E-01  2.49833E+00
  3.18359E-01  2.48974E+00
  3.22266E-01  2.48108E+00
  3.26172E-01  2.47235E+00
  3.30078E-01  2.46354E+00
  3.33984E-01  2.45465E+00
  3.37891E-01  2.44568E+00
  3.41797E-01  2.43664E+00
  3.45703E-01  2.42752E+00
  3.49609E-01  2.41832E+00
  3.53516E-01  2.40904E+00
  3.57422E-01  2.39969E+00
  3.61328E-01  2.39025E+00
  3.65234E-01  2.38073E+00
  3.69141E-01  2.37114E+00
  3.73047E-01  2.36146E+00
  3.76953E-01  2.35169E+00
  3.80859E-01  2.34185E+00
  3.84766E-01  2.33192E+00
  3.88672E-01  2.32190E+00
  3.92578E-01  2.31180E+00
  3.96484E-01  2.30160E+00
  4.00391E-01  2.29132E+00
  4.04297E-01  2.28095E+00
  4.08203E-01  2.27049E+00
  4.12109E-01  2.25994E+00
  4.16016E-01  2.24930E+00
  4.19922E-01  2.23857E+00
  4.23828E-01  2.22774E+00
  4.27734E-01  2.21681E+00
  4.31641E-01  2.20579E+00
  4.35547E-01  2.19467E+00
  4.39453E-01  2.18345E+00
  4.43359E-01  2.17213E+00
  4.47266E-01  2.16071E+00
  4.51172E-01  2.14918E+00
  4.55078E-01  2.13755E+00
  4.58984E-01  2.12582E+00
  4.62891E-01  2.11397E+00
  4.66797E-01  2.10201E+00
  4.70703E-01  2.08993E+00
  4.74609E-01  2.07775E+00
  4.78516E-01  2.06544E+00
  4.82422E-01  2.05302E+00
  4.86328E-01  2.04048E+00
  4.90234E-01  2.02781E+00
  4.94141E-01  2.01501E+00
  4.98047E-01  2.00209E+00
  5.01953E-01  1.98904E+00
  5.05859E-01  1.97585E+00
  5.09766E-01  1.96253E+00
  5.13672E-01  1.94906E+00
  5.17578E-01  1.93545E+00
  5.21484E-01  1.92169E+00
  5.25391E-01  1.90778E+00
  5.29297E-01  1.89371E+00
  5.33203E-01  1.87948E+00
  5.37109E-01  1.86508E+00
  5.41016E-01  1.85052E+00
  5.44922E-01  1.83578E+00
  5.48828E-01  1.82086E+00
  5.52734E-01  1.80576E+00
  5.56641E-01  1.79047E+00
  5.60547E-01  1.77498E+00
  5.64453E-01  1.75928E+00
  5.68359E-01  1.74337E+00
  5.72266E-01  1.72724E+00
  5.76172E-01  1.71089E+00
  5.80078E-01  1.69430E+00
  5.83984E-01  1.67747E+00
  5.87891E-01  1.66038E+00
  5.91797E-01  1.64302E+00
  5.95703E-01  1.62539E+00
  5.99609E-01  1.60746E+00
  6.03516E-01  1.58923E+00
  6.07422E-01  1.57068E+00
  6.11328E-01  1.55180E+00
  6.15234E-01  1.53257E+00
  6.19141E-01  1.51296E+00
  6.23047E-01  1.49296E+00
  6.26953E-01  1.47253E+00
  6.30859E-01  1.45166E+00
  6.34766E-01  1.43031E+00
  6.38672E-01  1.40844E+00
  6.42578E-01  1.38603E+00
  6.46484E-01  1.36303E+00
  6.50391E-01  1.33938E+00
  6.54297E-01  1.31504E+00
  6.58203E-01  1.28992E+00
  6.62109E-01  1.26397E+00
  6.66016E-01  1.23707E+00
  6.69922E-01  1.20913E+00
  6.73828E-01  1.18000E+00
  6.77734E-01  1.14953E+00
  6.81641E-01  1.11750E+00
  6.85547E-01  1.08363E+00
  6.89453E-01  1.04757E+00
  6.93359E-01  1.00871E+00
  6.97266E-01  9.65393E-01
  7.01172E-01  9.07818E-01
  7.05078E-01  7.80360E-01
  7.08984E-01  1.67245E-03
  7.12891E-01  1.65161E-03
  7.16797E-01  1.62415E-03
  7.20703E-01  1.59798E-03
  7.24609E-01  1.57174E-03
  7.28516E-01  1.54654E-03
  7.32422E-01  1.52130E-03
  7.36328E-01  1.49711E-03
  7.40234E-01  1.47302E-03
  7.44141E-01  1.45000E-03
  7.48047E-01  1.42699E-03
  7.51953E-01  1.40494E-03
  7.55859E-01  1.38285E-03
  7.59766E-01  1.36162E-03
  7.63672E-01  1.34038E-03
  7.67578E-01  1.31998E-03
  7.71484E-01  1.29958E-03
  7.75391E-01  1.28004E-03
  7.79297E-01  1.26050E-03
  7.83203E-01  1.24181E-03
  7.87109E-01  1.22313E-03
  7.91016E-01  1.20516E-03
  7.94922E-01  1.18712E-03
  7.98828E-01  1.16979E-03
  8.02734E-01  1.15247E-03
  8.06641E-01  1.13588E-03
  8.10547E-01  1.11931E-03
  8.14453E-01  1.10341E-03
  8.18359E-01  1.08744E-03
  8.22266E-01  1.07205E-03
  8.26172E-01  1.05667E-03
  8.30078E-01  1.04195E-03
  8.33984E-01  1.02724E-03
  8.37891E-01  1.01315E-03
  8.41797E-01  9.99050E-04
  8.45703E-01  9.85403E-04
  8.49609E-01  9.71736E-04
  8.53516E-01  9.58591E-04
  8.57422E-01  9.45496E-04
  8.61328E-01  9.32899E-04
  8.65234E-01  9.20324E-04
  8.69141E-01  9.08247E-04
  8.73047E-01  8.96163E-04
  8.76953E-01  8.84488E-04
  8.80859E-01  8.72803E-04
  8.84766E-01  8.61560E-04
  8.88672E-01  8.50349E-04
  8.92578E-01  8.39577E-04
  8.96484E-01  8.28801E-04
  9.00391E-01  8.18416E-04
  9.04297E-01  8.08033E-04
  9.08203E-01  7.98058E-04
  9.12109E-01  7.88072E-04
  9.16016E-01  7.78454E-04
  9.19922E-01  7.68825E-04
  9.23828E-01  7.59562E-04
  9.27734E-01  7.50306E-04
  9.31641E-01  7.41402E-04
  9.35547E-01  7.32473E-04
  9.39453E-01  7.23855E-04
  9.43359E-01  7.15242E-04
  9.47266E-01  7.06950E-04
  9.51172E-01  6.98635E-04
  9.55078E-01  6.90569E-04
  9.58984E-01  6.82499E-04
  9.62891E-01  6.74762E-04
  9.66797E-01  6.67031E-04
  9.70703E-01  6.59472E-04
  9.74609E-01  6.52157E-04
  9.78516E-01  6.44864E-04
  9.82422E-01  6.37915E-04
  9.86328E-01  6.31232E-04
  9.90234E-01  6.25100E-04
  9.94141E-01  6.19874E-04
  9.98047E-01  6.17428E-04
  1.00195E+00  6.17428E-04
