 -1.95312E-03  2.96565E+00
  1.95312E-03  2.96603E+00
  5.85938E-03  2.96189E+00
  9.76562E-03  2.95841E+00
  1.36719E-02  2.95498E+00
  1.75781E-02  2.95153E+00
  2.14844E-02  2.94803E+00
  2.53906E-02  2.94447E+00
  2.92969E-02  2.94085E+00
  3.32031E-02  2.93716E+00
  3.71094E-02  2.93341E+00
  4.10156E-02  2.92960E+00
  4.49219E-02  2.92571E+00
  4.88281E-02  2.92176E+00
  5.27344E-02  2.91775E+00
  5.66406E-02  2.91367E+00
  6.05469E-02  2.90952E+00
  6.44531E-02  2.90531E+00
  6.83594E-02  2.90103E+00
  7.22656E-02  2.89669E+00
  7.61719E-02  2.89227E+00
  8.00781E-02  2.88780E+00
  8.39844E-02  2.88326E+00
  8.78906E-02  2.87865E+00
  9.17969E-02  2.87397E+00
  9.57031E-02  2.86923E+00
  9.96094E-02  2.86443E+00
  1.03516E-01  2.85956E+00
  1.07422E-01  2.85462E+00
  1.11328E-01  2.84962E+00
  1.15234E-01  2.84456E+00
  1.19141E-01  2.83942E+00
  1.23047E-01  2.83423E+00
  1.26953E-01  2.82897E+00
  1.30859E-01  2.82364E+00
  1.34766E-01  2.81825E+00
  1.38672E-01  2.81279E+00
  1.42578E-01  2.80727E+00
  1.46484E-01  2.80169E+00
  1.50391E-01  2.79603E+00
  1.54297E-01  2.79032E+00
  1.58203E-01  2.78454E+00
  1.62109E-01  2.77869E+00
  1.66016E-01  2.77277E+00
  1.69922E-01  2.76679E+00
  1.73828E-01  2.76075E+00
  1.77734E-01  2.75464E+00
  1.81641E-01  2.74846E+00
  1.85547E-01  2.74222E+00
  1.89453E-01  2.73591E+00
  1.93359E-01  2.72953E+00
  1.97266E-01  2.72309E+00
  2.01172E-01  2.71659E+00
  2.05078E-01  2.71002E+00
  2.08984E-01  2.70338E+00
  2.12891E-01  2.69668E+00
  2.16797E-01  2.68991E+00
  2.20703E-01  2.68307E+00
  2.24609E-01  2.67617E+00
  2.28516E-01  2.66920E+00
  2.32422E-01  2.66216E+00
  2.36328E-01  2.65505E+00
  2.40234E-01  2.64787E+00
  2.44141E-01  2.64063E+00
  2.48047E-01  2.63332E+00
  2.51953E-01  2.62594E+00
  2.55859E-01  2.61849E+00
  2.59766E-01  2.61097E+00
  2.63672E-01  2.60338E+00
  2.67578E-01  2.59572E+00
  2.71484E-01  2.58800E+00
  2.75391E-01  2.58020E+00
  2.79297E-01  2.57234E+00
  2.83203E-01  2.56440E+00
  2.87109E-01  2.55639E+00
  2.91016E-01  2.54831E+00
  2.94922E-01  2.54016E+00
  2.98828E-01  2.53194E+00
  3.02734E-01  2.52365E+00
  3.06641E-01  2.51528E+00
  3.10547E-01  2.50684E+00
  3.14453E-01  2.49833E+00
  3.18359E-01  2.48974E+00
  3.22266E-01  2.48108E+00
  3.26172E-01  2.47234E+00
  3.30078E-01  2.46353E+00
  3.33984E-01  2.45464E+00
  3.37891E-01  2.44568E+00
  3.41797E-01  2.43663E+00
  3.45703E-01  2.42751E+00
  3.49609E-01  2.41831E+00
  3.53516E-01  2.40904E+00
  3.57422E-01  2.39968E+00
  3.61328E-01  2.39024E+00
  3.65234E-01  2.38073E+00
  3.69141E-01  2.37113E+00
  3.73047E-01  2.36145E+00
  3.76953E-01  2.35169E+00
  3.80859E-01  2.34184E+00
  3.84766E-01  2.33191E+00
  3.88672E-01  2.32190E+00
  3.92578E-01  2.31179E+00
  3.96484E-01  2.30160E+00
  4.00391E-01  2.29132E+00
  4.04297E-01  2.28095E+00
  4.08203E-01  2.27049E+00
  4.12109E-01  2.25994E+00
  4.16016E-01  2.24930E+00
  4.19922E-01  2.23856E+00
  4.23828E-01  2.22774E+00
  4.27734E-01  2.21681E+00
  4.31641E-01  2.20579E+00
  4.35547E-01  2.19467E+00
  4.39453E-01  2.18345E+00
  4.43359E-01  2.17213E+00
  4.47266E-01  2.16071E+00
  4.51172E-01  2.14918E+00
  4.55078E-01  2.13755E+00
  4.58984E-01  2.12581E+00
  4.62891E-01  2.11397E+00
  4.66797E-01  2.10201E+00
  4.70703E-01  2.08993E+00
  4.74609E-01  2.07775E+00
  4.78516E-01  2.06544E+00
  4.82422E-01  2.05302E+00
  4.86328E-01  2.04048E+00
  4.90234E-01  2.02781E+00
  4.94141E-01  2.01502E+00
  4.98047E-01  2.00209E+00
  5.01953E-01  1.98904E+00
  5.05859E-01  1.97586E+00
  5.09766E-01  1.96253E+00
  5.13672E-01  1.94906E+00
  5.17578E-01  1.93546E+00
  5.21484E-01  1.92170E+00
  5.25391E-01  1.90778E+00
  5.29297E-01  1.89371E+00
  5.33203E-01  1.87949E+00
  5.37109E-01  1.86509E+00
  5.41016E-01  1.85053E+00
  5.44922E-01  1.83579E+00
  5.48828E-01  1.82087E+00
  5.52734E-01  1.80577E+00
  5.56641E-01  1.79048E+00
  5.60547E-01  1.77499E+00
  5.64453E-01  1.75929E+00
  5.68359E-01  1.74338E+00
  5.72266E-01  1.72725E+00
  5.76172E-01  1.71090E+00
  5.80078E-01  1.69431E+00
  5.83984E-01  1.67747E+00
  5.87891E-01  1.66039E+00
  5.91797E-01  1.64303E+00
  5.95703E-01  1.62539E+00
  5.99609E-01  1.60747E+00
  6.03516E-01  1.58924E+00
  6.07422E-01  1.57070E+00
  6.11328E-01  1.55182E+00
  6.15234E-01  1.53258E+00
  6.19141E-01  1.51298E+00
  6.23047E-01  1.49297E+00
  6.26953E-01  1.47255E+00
  6.30859E-01  1.45168E+00
  6.34766E-01  1.43033E+00
  6.38672E-01  1.40847E+00
  6.42578E-01  1.38606E+00
  6.46484E-01  1.36305E+00
  6.50391E-01  1.33940E+00
  6.54297E-01  1.31506E+00
  6.58203E-01  1.28995E+00
  6.62109E-01  1.26399E+00
  6.66016E-01  1.23711E+00
  6.69922E-01  1.20918E+00
  6.73828E-01  1.18006E+00
  6.77734E-01  1.14960E+00
  6.81641E-01  1.11758E+00
  6.85547E-01  1.08373E+00
  6.89453E-01  1.04767E+00
  6.93359E-01  1.00883E+00
  6.97266E-01  9.65544E-01
  7.01172E-01  9.08024E-01
  7.05078E-01  7.80750E-01
  7.08984E-01  1.70759E-03
  7.12891E-01  1.68626E-03
  7.16797E-01  1.65814E-03
  7.20703E-01  1.63143E-03
  7.24609E-01  1.60467E-03
  7.28516E-01  1.57898E-03
  7.32422E-01  1.55327E-03
  7.36328E-01  1.52859E-03
  7.40234E-01  1.50390E-03
  7.44141E-01  1.48031E-03
  7.48047E-01  1.45683E-03
  7.51953E-01  1.43433E-03
  7.55859E-01  1.41180E-03
  7.59766E-01  1.39014E-03
  7.63672E-01  1.36847E-03
  7.67578E-01  1.34764E-03
  7.71484E-01  1.32680E-03
  7.75391E-01  1.30680E-03
  7.79297E-01  1.28682E-03
  7.83203E-01  1.26770E-03
  7.87109E-01  1.24859E-03
  7.91016E-01  1.23029E-03
  7.94922E-01  1.21193E-03
  7.98828E-01  1.19424E-03
  8.02734E-01  1.17656E-03
  8.06641E-01  1.15959E-03
  8.10547E-01  1.14263E-03
  8.14453E-01  1.12638E-03
  8.18359E-01  1.11011E-03
  8.22266E-01  1.09437E-03
  8.26172E-01  1.07870E-03
  8.30078E-01  1.06363E-03
  8.33984E-01  1.04858E-03
  8.37891E-01  1.03414E-03
  8.41797E-01  1.01974E-03
  8.45703E-01  1.00586E-03
  8.49609E-01  9.91954E-04
  8.53516E-01  9.78468E-04
  8.57422E-01  9.65095E-04
  8.61328E-01  9.52216E-04
  8.65234E-01  9.39359E-04
  8.69141E-01  9.27021E-04
  8.73047E-01  9.14691E-04
  8.76953E-01  9.02778E-04
  8.80859E-01  8.90848E-04
  8.84766E-01  8.79361E-04
  8.88672E-01  8.67910E-04
  8.92578E-01  8.56898E-04
  8.96484E-01  8.45896E-04
  9.00391E-01  8.35288E-04
  9.04297E-01  8.24679E-04
  9.08203E-01  8.14489E-04
  9.12109E-01  8.04292E-04
  9.16016E-01  7.94480E-04
  9.19922E-01  7.84653E-04
  9.23828E-01  7.75193E-04
  9.27734E-01  7.65739E-04
  9.31641E-01  7.56664E-04
  9.35547E-01  7.47565E-04
  9.39453E-01  7.38780E-04
  9.43359E-01  7.29982E-04
  9.47266E-01  7.21511E-04
  9.51172E-01  7.13026E-04
  9.55078E-01  7.04823E-04
  9.58984E-01  6.96602E-04
  9.62891E-01  6.88691E-04
  9.66797E-01  6.80799E-04
  9.70703E-01  6.73085E-04
  9.74609E-01  6.65647E-04
  9.78516E-01  6.58193E-04
  9.82422E-01  6.51081E-04
  9.86328E-01  6.44278E-04
  9.90234E-01  6.38010E-04
  9.94141E-01  6.32666E-04
  9.98047E-01  6.30171E-04
  1.00195E+00  6.30171E-04
