 -1.95312E-03  2.96561E+00
  1.95312E-03  2.96599E+00
  5.85938E-03  2.96184E+00
  9.76562E-03  2.95836E+00
  1.36719E-02  2.95494E+00
  1.75781E-02  2.95149E+00
  2.14844E-02  2.94798E+00
  2.53906E-02  2.94442E+00
  2.92969E-02  2.94080E+00
  3.32031E-02  2.93712E+00
  3.71094E-02  2.93337E+00
  4.10156E-02  2.92955E+00
  4.49219E-02  2.92567E+00
  4.88281E-02  2.92172E+00
  5.27344E-02  2.91770E+00
  5.66406E-02  2.91362E+00
  6.05469E-02  2.90947E+00
  6.44531E-02  2.90526E+00
  6.83594E-02  2.90098E+00
  7.22656E-02  2.89664E+00
  7.61719E-02  2.89223E+00
  8.00781E-02  2.88775E+00
  8.39844E-02  2.88321E+00
  8.78906E-02  2.87860E+00
  9.17969E-02  2.87393E+00
  9.57031E-02  2.86919E+00
  9.96094E-02  2.86438E+00
  1.03516E-01  2.85951E+00
  1.07422E-01  2.85458E+00
  1.11328E-01  2.84957E+00
  1.15234E-01  2.84451E+00
  1.19141E-01  2.83938E+00
  1.23047E-01  2.83418E+00
  1.26953E-01  2.82892E+00
  1.30859E-01  2.82359E+00
  1.34766E-01  2.81820E+00
  1.38672E-01  2.81274E+00
  1.42578E-01  2.80722E+00
  1.46484E-01  2.80164E+00
  1.50391E-01  2.79598E+00
  1.54297E-01  2.79027E+00
  1.58203E-01  2.78449E+00
  1.62109E-01  2.77864E+00
  1.66016E-01  2.77273E+00
  1.69922E-01  2.76675E+00
  1.73828E-01  2.76070E+00
  1.77734E-01  2.75459E+00
  1.81641E-01  2.74841E+00
  1.85547E-01  2.74217E+00
  1.89453E-01  2.73586E+00
  1.93359E-01  2.72948E+00
  1.97266E-01  2.72305E+00
  2.01172E-01  2.71654E+00
  2.05078E-01  2.70997E+00
  2.08984E-01  2.70333E+00
  2.12891E-01  2.69663E+00
  2.16797E-01  2.68986E+00
  2.20703E-01  2.68302E+00
  2.24609E-01  2.67612E+00
  2.28516E-01  2.66915E+00
  2.32422E-01  2.66211E+00
  2.36328E-01  2.65500E+00
  2.40234E-01  2.64783E+00
  2.44141E-01  2.64059E+00
  2.48047E-01  2.63328E+00
  2.51953E-01  2.62590E+00
  2.55859E-01  2.61845E+00
  2.59766E-01  2.61093E+00
  2.63672E-01  2.60334E+00
  2.67578E-01  2.59568E+00
  2.71484E-01  2.58795E+00
  2.75391E-01  2.58016E+00
  2.79297E-01  2.57229E+00
  2.83203E-01  2.56436E+00
  2.87109E-01  2.55635E+00
  2.91016E-01  2.54827E+00
  2.94922E-01  2.54012E+00
  2.98828E-01  2.53190E+00
  3.02734E-01  2.52360E+00
  3.06641E-01  2.51524E+00
  3.10547E-01  2.50680E+00
  3.14453E-01  2.49828E+00
  3.18359E-01  2.48970E+00
  3.22266E-01  2.48104E+00
  3.26172E-01  2.47230E+00
  3.30078E-01  2.46349E+00
  3.33984E-01  2.45460E+00
  3.37891E-01  2.44564E+00
  3.41797E-01  2.43659E+00
  3.45703E-01  2.42748E+00
  3.49609E-01  2.41828E+00
  3.53516E-01  2.40900E+00
  3.57422E-01  2.39964E+00
  3.61328E-01  2.39021E+00
  3.65234E-01  2.38069E+00
  3.69141E-01  2.37110E+00
  3.73047E-01  2.36142E+00
  3.76953E-01  2.35166E+00
  3.80859E-01  2.34181E+00
  3.84766E-01  2.33188E+00
  3.88672E-01  2.32187E+00
  3.92578E-01  2.31176E+00
  3.96484E-01  2.30157E+00
  4.00391E-01  2.29129E+00
  4.04297E-01  2.28092E+00
  4.08203E-01  2.27047E+00
  4.12109E-01  2.25992E+00
  4.16016E-01  2.24928E+00
  4.19922E-01  2.23854E+00
  4.23828E-01  2.22771E+00
  4.27734E-01  2.21679E+00
  4.31641E-01  2.20577E+00
  4.35547E-01  2.19465E+00
  4.39453E-01  2.18344E+00
  4.43359E-01  2.17212E+00
  4.47266E-01  2.16070E+00
  4.51172E-01  2.14917E+00
  4.55078E-01  2.13754E+00
  4.58984E-01  2.12581E+00
  4.62891E-01  2.11396E+00
  4.66797E-01  2.10200E+00
  4.70703E-01  2.08993E+00
  4.74609E-01  2.07774E+00
  4.78516E-01  2.06544E+00
  4.82422E-01  2.05302E+00
  4.86328E-01  2.04048E+00
  4.90234E-01  2.02781E+00
  4.94141E-01  2.01502E+00
  4.98047E-01  2.00210E+00
  5.01953E-01  1.98905E+00
  5.05859E-01  1.97587E+00
  5.09766E-01  1.96255E+00
  5.13672E-01  1.94908E+00
  5.17578E-01  1.93548E+00
  5.21484E-01  1.92172E+00
  5.25391E-01  1.90781E+00
  5.29297E-01  1.89375E+00
  5.33203E-01  1.87952E+00
  5.37109E-01  1.86513E+00
  5.41016E-01  1.85057E+00
  5.44922E-01  1.83584E+00
  5.48828E-01  1.82093E+00
  5.52734E-01  1.80583E+00
  5.56641E-01  1.79054E+00
  5.60547E-01  1.77506E+00
  5.64453E-01  1.75937E+00
  5.68359E-01  1.74347E+00
  5.72266E-01  1.72735E+00
  5.76172E-01  1.71100E+00
  5.80078E-01  1.69443E+00
  5.83984E-01  1.67760E+00
  5.87891E-01  1.66052E+00
  5.91797E-01  1.64317E+00
  5.95703E-01  1.62555E+00
  5.99609E-01  1.60763E+00
  6.03516E-01  1.58942E+00
  6.07422E-01  1.57089E+00
  6.11328E-01  1.55202E+00
  6.15234E-01  1.53281E+00
  6.19141E-01  1.51322E+00
  6.23047E-01  1.49323E+00
  6.26953E-01  1.47283E+00
  6.30859E-01  1.45198E+00
  6.34766E-01  1.43065E+00
  6.38672E-01  1.40881E+00
  6.42578E-01  1.38643E+00
  6.46484E-01  1.36346E+00
  6.50391E-01  1.33984E+00
  6.54297E-01  1.31553E+00
  6.58203E-01  1.29046E+00
  6.62109E-01  1.26455E+00
  6.66016E-01  1.23771E+00
  6.69922E-01  1.20984E+00
  6.73828E-01  1.18079E+00
  6.77734E-01  1.15041E+00
  6.81641E-01  1.11847E+00
  6.85547E-01  1.08471E+00
  6.89453E-01  1.04877E+00
  6.93359E-01  1.01005E+00
  6.97266E-01  9.66955E-01
  7.01172E-01  9.09909E-01
  7.05078E-01  7.83912E-01
  7.08984E-01  1.97503E-03
  7.12891E-01  1.95031E-03
  7.16797E-01  1.91765E-03
  7.20703E-01  1.88668E-03
  7.24609E-01  1.85571E-03
  7.28516E-01  1.82603E-03
  7.32422E-01  1.79629E-03
  7.36328E-01  1.76766E-03
  7.40234E-01  1.73913E-03
  7.44141E-01  1.71184E-03
  7.48047E-01  1.68466E-03
  7.51953E-01  1.65851E-03
  7.55859E-01  1.63232E-03
  7.59766E-01  1.60712E-03
  7.63672E-01  1.58197E-03
  7.67578E-01  1.55786E-03
  7.71484E-01  1.53383E-03
  7.75391E-01  1.51081E-03
  7.79297E-01  1.48777E-03
  7.83203E-01  1.46560E-03
  7.87109E-01  1.44340E-03
  7.91016E-01  1.42204E-03
  7.94922E-01  1.40069E-03
  7.98828E-01  1.38018E-03
  8.02734E-01  1.35969E-03
  8.06641E-01  1.34005E-03
  8.10547E-01  1.32040E-03
  8.14453E-01  1.30156E-03
  8.18359E-01  1.28266E-03
  8.22266E-01  1.26445E-03
  8.26172E-01  1.24625E-03
  8.30078E-01  1.22876E-03
  8.33984E-01  1.21128E-03
  8.37891E-01  1.19449E-03
  8.41797E-01  1.17772E-03
  8.45703E-01  1.16154E-03
  8.49609E-01  1.14536E-03
  8.53516E-01  1.12982E-03
  8.57422E-01  1.11429E-03
  8.61328E-01  1.09940E-03
  8.65234E-01  1.08452E-03
  8.69141E-01  1.07012E-03
  8.73047E-01  1.05570E-03
  8.76953E-01  1.04182E-03
  8.80859E-01  1.02804E-03
  8.84766E-01  1.01481E-03
  8.88672E-01  1.00154E-03
  8.92578E-01  9.88739E-04
  8.96484E-01  9.75959E-04
  9.00391E-01  9.63655E-04
  9.04297E-01  9.51374E-04
  9.08203E-01  9.39555E-04
  9.12109E-01  9.27743E-04
  9.16016E-01  9.16376E-04
  9.19922E-01  9.05035E-04
  9.23828E-01  8.94115E-04
  9.27734E-01  8.83176E-04
  9.31641E-01  8.72654E-04
  9.35547E-01  8.62151E-04
  9.39453E-01  8.52072E-04
  9.43359E-01  8.41973E-04
  9.47266E-01  8.32214E-04
  9.51172E-01  8.22460E-04
  9.55078E-01  8.13083E-04
  9.58984E-01  8.03685E-04
  9.62891E-01  7.94528E-04
  9.66797E-01  7.85563E-04
  9.70703E-01  7.76637E-04
  9.74609E-01  7.68080E-04
  9.78516E-01  7.59544E-04
  9.82422E-01  7.51304E-04
  9.86328E-01  7.43406E-04
  9.90234E-01  7.36145E-04
  9.94141E-01  7.29998E-04
  9.98047E-01  7.27119E-04
  1.00195E+00  7.27119E-04
