 -1.95312E-03  2.96579E+00
  1.95312E-03  2.96617E+00
  5.85938E-03  2.96203E+00
  9.76562E-03  2.95855E+00
  1.36719E-02  2.95513E+00
  1.75781E-02  2.95167E+00
  2.14844E-02  2.94817E+00
  2.53906E-02  2.94461E+00
  2.92969E-02  2.94099E+00
  3.32031E-02  2.93730E+00
  3.71094E-02  2.93355E+00
  4.10156E-02  2.92974E+00
  4.49219E-02  2.92585E+00
  4.88281E-02  2.92190E+00
  5.27344E-02  2.91789E+00
  5.66406E-02  2.91381E+00
  6.05469E-02  2.90966E+00
  6.44531E-02  2.90545E+00
  6.83594E-02  2.90117E+00
  7.22656E-02  2.89683E+00
  7.61719E-02  2.89242E+00
  8.00781E-02  2.88794E+00
  8.39844E-02  2.88340E+00
  8.78906E-02  2.87879E+00
  9.17969E-02  2.87411E+00
  9.57031E-02  2.86938E+00
  9.96094E-02  2.86457E+00
  1.03516E-01  2.85970E+00
  1.07422E-01  2.85476E+00
  1.11328E-01  2.84976E+00
  1.15234E-01  2.84470E+00
  1.19141E-01  2.83957E+00
  1.23047E-01  2.83437E+00
  1.26953E-01  2.82911E+00
  1.30859E-01  2.82378E+00
  1.34766E-01  2.81839E+00
  1.38672E-01  2.81293E+00
  1.42578E-01  2.80741E+00
  1.46484E-01  2.80182E+00
  1.50391E-01  2.79617E+00
  1.54297E-01  2.79046E+00
  1.58203E-01  2.78467E+00
  1.62109E-01  2.77883E+00
  1.66016E-01  2.77291E+00
  1.69922E-01  2.76693E+00
  1.73828E-01  2.76089E+00
  1.77734E-01  2.75478E+00
  1.81641E-01  2.74860E+00
  1.85547E-01  2.74236E+00
  1.89453E-01  2.73605E+00
  1.93359E-01  2.72967E+00
  1.97266E-01  2.72323E+00
  2.01172E-01  2.71673E+00
  2.05078E-01  2.71015E+00
  2.08984E-01  2.70352E+00
  2.12891E-01  2.69681E+00
  2.16797E-01  2.69004E+00
  2.20703E-01  2.68320E+00
  2.24609E-01  2.67630E+00
  2.28516E-01  2.66933E+00
  2.32422E-01  2.66229E+00
  2.36328E-01  2.65518E+00
  2.40234E-01  2.64801E+00
  2.44141E-01  2.64076E+00
  2.48047E-01  2.63345E+00
  2.51953E-01  2.62607E+00
  2.55859E-01  2.61862E+00
  2.59766E-01  2.61110E+00
  2.63672E-01  2.60351E+00
  2.67578E-01  2.59585E+00
  2.71484E-01  2.58812E+00
  2.75391E-01  2.58033E+00
  2.79297E-01  2.57246E+00
  2.83203E-01  2.56452E+00
  2.87109E-01  2.55651E+00
  2.91016E-01  2.54843E+00
  2.94922E-01  2.54028E+00
  2.98828E-01  2.53206E+00
  3.02734E-01  2.52377E+00
  3.06641E-01  2.51540E+00
  3.10547E-01  2.50696E+00
  3.14453E-01  2.49844E+00
  3.18359E-01  2.48986E+00
  3.22266E-01  2.48119E+00
  3.26172E-01  2.47246E+00
  3.30078E-01  2.46364E+00
  3.33984E-01  2.45476E+00
  3.37891E-01  2.44579E+00
  3.41797E-01  2.43675E+00
  3.45703E-01  2.42763E+00
  3.49609E-01  2.41842E+00
  3.53516E-01  2.40915E+00
  3.57422E-01  2.39979E+00
  3.61328E-01  2.39035E+00
  3.65234E-01  2.38083E+00
  3.69141E-01  2.37123E+00
  3.73047E-01  2.36155E+00
  3.76953E-01  2.35178E+00
  3.80859E-01  2.34193E+00
  3.84766E-01  2.33200E+00
  3.88672E-01  2.32198E+00
  3.92578E-01  2.31187E+00
  3.96484E-01  2.30168E+00
  4.00391E-01  2.29140E+00
  4.04297E-01  2.28102E+00
  4.08203E-01  2.27056E+00
  4.12109E-01  2.26001E+00
  4.16016E-01  2.24937E+00
  4.19922E-01  2.23863E+00
  4.23828E-01  2.22779E+00
  4.27734E-01  2.21687E+00
  4.31641E-01  2.20584E+00
  4.35547E-01  2.19472E+00
  4.39453E-01  2.18350E+00
  4.43359E-01  2.17217E+00
  4.47266E-01  2.16075E+00
  4.51172E-01  2.14922E+00
  4.55078E-01  2.13758E+00
  4.58984E-01  2.12584E+00
  4.62891E-01  2.11398E+00
  4.66797E-01  2.10202E+00
  4.70703E-01  2.08994E+00
  4.74609E-01  2.07775E+00
  4.78516E-01  2.06544E+00
  4.82422E-01  2.05301E+00
  4.86328E-01  2.04046E+00
  4.90234E-01  2.02778E+00
  4.94141E-01  2.01498E+00
  4.98047E-01  2.00205E+00
  5.01953E-01  1.98899E+00
  5.05859E-01  1.97580E+00
  5.09766E-01  1.96247E+00
  5.13672E-01  1.94899E+00
  5.17578E-01  1.93537E+00
  5.21484E-01  1.92160E+00
  5.25391E-01  1.90768E+00
  5.29297E-01  1.89360E+00
  5.33203E-01  1.87936E+00
  5.37109E-01  1.86495E+00
  5.41016E-01  1.85038E+00
  5.44922E-01  1.83563E+00
  5.48828E-01  1.82070E+00
  5.52734E-01  1.80559E+00
  5.56641E-01  1.79028E+00
  5.60547E-01  1.77478E+00
  5.64453E-01  1.75907E+00
  5.68359E-01  1.74316E+00
  5.72266E-01  1.72702E+00
  5.76172E-01  1.71066E+00
  5.80078E-01  1.69406E+00
  5.83984E-01  1.67722E+00
  5.87891E-01  1.66012E+00
  5.91797E-01  1.64275E+00
  5.95703E-01  1.62510E+00
  5.99609E-01  1.60716E+00
  6.03516E-01  1.58892E+00
  6.07422E-01  1.57036E+00
  6.11328E-01  1.55147E+00
  6.15234E-01  1.53222E+00
  6.19141E-01  1.51260E+00
  6.23047E-01  1.49258E+00
  6.26953E-01  1.47213E+00
  6.30859E-01  1.45124E+00
  6.34766E-01  1.42986E+00
  6.38672E-01  1.40798E+00
  6.42578E-01  1.38554E+00
  6.46484E-01  1.36251E+00
  6.50391E-01  1.33884E+00
  6.54297E-01  1.31446E+00
  6.58203E-01  1.28930E+00
  6.62109E-01  1.26331E+00
  6.66016E-01  1.23638E+00
  6.69922E-01  1.20839E+00
  6.73828E-01  1.17921E+00
  6.77734E-01  1.14868E+00
  6.81641E-01  1.11657E+00
  6.85547E-01  1.08262E+00
  6.89453E-01  1.04647E+00
  6.93359E-01  1.00748E+00
  6.97266E-01  9.63975E-01
  7.01172E-01  9.05876E-01
  7.05078E-01  7.77012E-01
  7.08984E-01  9.76287E-04
  7.12891E-01  9.64212E-04
  7.16797E-01  9.48335E-04
  7.20703E-01  9.33121E-04
  7.24609E-01  9.17879E-04
  7.28516E-01  9.03231E-04
  7.32422E-01  8.88585E-04
  7.36328E-01  8.74592E-04
  7.40234E-01  8.60700E-04
  7.44141E-01  8.47356E-04
  7.48047E-01  8.34050E-04
  7.51953E-01  8.21283E-04
  7.55859E-01  8.08548E-04
  7.59766E-01  7.96324E-04
  7.63672E-01  7.84082E-04
  7.67578E-01  7.72274E-04
  7.71484E-01  7.60487E-04
  7.75391E-01  7.49132E-04
  7.79297E-01  7.37812E-04
  7.83203E-01  7.26986E-04
  7.87109E-01  7.16175E-04
  7.91016E-01  7.05811E-04
  7.94922E-01  6.95444E-04
  7.98828E-01  6.85481E-04
  8.02734E-01  6.75509E-04
  8.06641E-01  6.65925E-04
  8.10547E-01  6.56338E-04
  8.14453E-01  6.47112E-04
  8.18359E-01  6.37878E-04
  8.22266E-01  6.29007E-04
  8.26172E-01  6.20138E-04
  8.30078E-01  6.11640E-04
  8.33984E-01  6.03138E-04
  8.37891E-01  5.94951E-04
  8.41797E-01  5.86753E-04
  8.45703E-01  5.78865E-04
  8.49609E-01  5.70988E-04
  8.53516E-01  5.63406E-04
  8.57422E-01  5.55834E-04
  8.61328E-01  5.48526E-04
  8.65234E-01  5.41204E-04
  8.69141E-01  5.34131E-04
  8.73047E-01  5.27100E-04
  8.76953E-01  5.20324E-04
  8.80859E-01  5.13548E-04
  8.84766E-01  5.07026E-04
  8.88672E-01  5.00507E-04
  8.92578E-01  4.94156E-04
  8.96484E-01  4.87864E-04
  9.00391E-01  4.81751E-04
  9.04297E-01  4.75664E-04
  9.08203E-01  4.69784E-04
  9.12109E-01  4.63914E-04
  9.16016E-01  4.58230E-04
  9.19922E-01  4.52543E-04
  9.23828E-01  4.47030E-04
  9.27734E-01  4.41522E-04
  9.31641E-01  4.36191E-04
  9.35547E-01  4.30882E-04
  9.39453E-01  4.25749E-04
  9.43359E-01  4.20629E-04
  9.47266E-01  4.15668E-04
  9.51172E-01  4.10705E-04
  9.55078E-01  4.05909E-04
  9.58984E-01  4.01130E-04
  9.62891E-01  3.96533E-04
  9.66797E-01  3.91947E-04
  9.70703E-01  3.87528E-04
  9.74609E-01  3.83116E-04
  9.78516E-01  3.78966E-04
  9.82422E-01  3.74946E-04
  9.86328E-01  3.71026E-04
  9.90234E-01  3.67437E-04
  9.94141E-01  3.64346E-04
  9.98047E-01  3.62907E-04
  1.00195E+00  3.62907E-04
