 -1.95312E-03  2.96548E+00
  1.95312E-03  2.96586E+00
  5.85938E-03  2.96172E+00
  9.76562E-03  2.95824E+00
  1.36719E-02  2.95481E+00
  1.75781E-02  2.95136E+00
  2.14844E-02  2.94786E+00
  2.53906E-02  2.94430E+00
  2.92969E-02  2.94068E+00
  3.32031E-02  2.93699E+00
  3.71094E-02  2.93324E+00
  4.10156E-02  2.92943E+00
  4.49219E-02  2.92554E+00
  4.88281E-02  2.92159E+00
  5.27344E-02  2.91758E+00
  5.66406E-02  2.91350E+00
  6.05469E-02  2.90935E+00
  6.44531E-02  2.90514E+00
  6.83594E-02  2.90086E+00
  7.22656E-02  2.89652E+00
  7.61719E-02  2.89211E+00
  8.00781E-02  2.88763E+00
  8.39844E-02  2.88309E+00
  8.78906E-02  2.87849E+00
  9.17969E-02  2.87381E+00
  9.57031E-02  2.86907E+00
  9.96094E-02  2.86427E+00
  1.03516E-01  2.85940E+00
  1.07422E-01  2.85446E+00
  1.11328E-01  2.84946E+00
  1.15234E-01  2.84439E+00
  1.19141E-01  2.83926E+00
  1.23047E-01  2.83407E+00
  1.26953E-01  2.82880E+00
  1.30859E-01  2.82348E+00
  1.34766E-01  2.81809E+00
  1.38672E-01  2.81263E+00
  1.42578E-01  2.80711E+00
  1.46484E-01  2.80152E+00
  1.50391E-01  2.79587E+00
  1.54297E-01  2.79016E+00
  1.58203E-01  2.78437E+00
  1.62109E-01  2.77853E+00
  1.66016E-01  2.77261E+00
  1.69922E-01  2.76663E+00
  1.73828E-01  2.76059E+00
  1.77734E-01  2.75448E+00
  1.81641E-01  2.74830E+00
  1.85547E-01  2.74206E+00
  1.89453E-01  2.73575E+00
  1.93359E-01  2.72938E+00
  1.97266E-01  2.72294E+00
  2.01172E-01  2.71643E+00
  2.05078E-01  2.70986E+00
  2.08984E-01  2.70322E+00
  2.12891E-01  2.69652E+00
  2.16797E-01  2.68975E+00
  2.20703E-01  2.68291E+00
  2.24609E-01  2.67601E+00
  2.28516E-01  2.66904E+00
  2.32422E-01  2.66200E+00
  2.36328E-01  2.65489E+00
  2.40234E-01  2.64772E+00
  2.44141E-01  2.64047E+00
  2.48047E-01  2.63316E+00
  2.51953E-01  2.62578E+00
  2.55859E-01  2.61833E+00
  2.59766E-01  2.61081E+00
  2.63672E-01  2.60323E+00
  2.67578E-01  2.59557E+00
  2.71484E-01  2.58785E+00
  2.75391E-01  2.58005E+00
  2.79297E-01  2.57219E+00
  2.83203E-01  2.56425E+00
  2.87109E-01  2.55624E+00
  2.91016E-01  2.54817E+00
  2.94922E-01  2.54002E+00
  2.98828E-01  2.53180E+00
  3.02734E-01  2.52351E+00
  3.06641E-01  2.51514E+00
  3.10547E-01  2.50670E+00
  3.14453E-01  2.49819E+00
  3.18359E-01  2.48960E+00
  3.22266E-01  2.48094E+00
  3.26172E-01  2.47221E+00
  3.30078E-01  2.46340E+00
  3.33984E-01  2.45451E+00
  3.37891E-01  2.44555E+00
  3.41797E-01  2.43651E+00
  3.45703E-01  2.42739E+00
  3.49609E-01  2.41819E+00
  3.53516E-01  2.40892E+00
  3.57422E-01  2.39956E+00
  3.61328E-01  2.39013E+00
  3.65234E-01  2.38061E+00
  3.69141E-01  2.37102E+00
  3.73047E-01  2.36134E+00
  3.76953E-01  2.35158E+00
  3.80859E-01  2.34174E+00
  3.84766E-01  2.33181E+00
  3.88672E-01  2.32180E+00
  3.92578E-01  2.31169E+00
  3.96484E-01  2.30150E+00
  4.00391E-01  2.29123E+00
  4.04297E-01  2.28086E+00
  4.08203E-01  2.27040E+00
  4.12109E-01  2.25985E+00
  4.16016E-01  2.24922E+00
  4.19922E-01  2.23848E+00
  4.23828E-01  2.22766E+00
  4.27734E-01  2.21674E+00
  4.31641E-01  2.20572E+00
  4.35547E-01  2.19461E+00
  4.39453E-01  2.18339E+00
  4.43359E-01  2.17208E+00
  4.47266E-01  2.16066E+00
  4.51172E-01  2.14914E+00
  4.55078E-01  2.13751E+00
  4.58984E-01  2.12578E+00
  4.62891E-01  2.11394E+00
  4.66797E-01  2.10198E+00
  4.70703E-01  2.08992E+00
  4.74609E-01  2.07773E+00
  4.78516E-01  2.06544E+00
  4.82422E-01  2.05302E+00
  4.86328E-01  2.04048E+00
  4.90234E-01  2.02782E+00
  4.94141E-01  2.01503E+00
  4.98047E-01  2.00212E+00
  5.01953E-01  1.98908E+00
  5.05859E-01  1.97590E+00
  5.09766E-01  1.96258E+00
  5.13672E-01  1.94912E+00
  5.17578E-01  1.93552E+00
  5.21484E-01  1.92177E+00
  5.25391E-01  1.90786E+00
  5.29297E-01  1.89380E+00
  5.33203E-01  1.87958E+00
  5.37109E-01  1.86520E+00
  5.41016E-01  1.85065E+00
  5.44922E-01  1.83592E+00
  5.48828E-01  1.82102E+00
  5.52734E-01  1.80593E+00
  5.56641E-01  1.79064E+00
  5.60547E-01  1.77517E+00
  5.64453E-01  1.75949E+00
  5.68359E-01  1.74360E+00
  5.72266E-01  1.72749E+00
  5.76172E-01  1.71115E+00
  5.80078E-01  1.69459E+00
  5.83984E-01  1.67778E+00
  5.87891E-01  1.66071E+00
  5.91797E-01  1.64338E+00
  5.95703E-01  1.62577E+00
  5.99609E-01  1.60787E+00
  6.03516E-01  1.58967E+00
  6.07422E-01  1.57115E+00
  6.11328E-01  1.55230E+00
  6.15234E-01  1.53309E+00
  6.19141E-01  1.51352E+00
  6.23047E-01  1.49355E+00
  6.26953E-01  1.47316E+00
  6.30859E-01  1.45233E+00
  6.34766E-01  1.43102E+00
  6.38672E-01  1.40921E+00
  6.42578E-01  1.38685E+00
  6.46484E-01  1.36390E+00
  6.50391E-01  1.34031E+00
  6.54297E-01  1.31603E+00
  6.58203E-01  1.29099E+00
  6.62109E-01  1.26512E+00
  6.66016E-01  1.23832E+00
  6.69922E-01  1.21047E+00
  6.73828E-01  1.18146E+00
  6.77734E-01  1.15111E+00
  6.81641E-01  1.11923E+00
  6.85547E-01  1.08553E+00
  6.89453E-01  1.04965E+00
  6.93359E-01  1.01103E+00
  6.97266E-01  9.68067E-01
  7.01172E-01  9.11413E-01
  7.05078E-01  7.86492E-01
  7.08984E-01  2.64286E-03
  7.12891E-01  2.60950E-03
  7.16797E-01  2.56597E-03
  7.20703E-01  2.52434E-03
  7.24609E-01  2.48263E-03
  7.28516E-01  2.44271E-03
  7.32422E-01  2.40282E-03
  7.36328E-01  2.36474E-03
  7.40234E-01  2.32669E-03
  7.44141E-01  2.29003E-03
  7.48047E-01  2.25333E-03
  7.51953E-01  2.21816E-03
  7.55859E-01  2.18311E-03
  7.59766E-01  2.14964E-03
  7.63672E-01  2.11591E-03
  7.67578E-01  2.08347E-03
  7.71484E-01  2.05129E-03
  7.75391E-01  2.02026E-03
  7.79297E-01  1.98931E-03
  7.83203E-01  1.95946E-03
  7.87109E-01  1.92973E-03
  7.91016E-01  1.90117E-03
  7.94922E-01  1.87262E-03
  7.98828E-01  1.84512E-03
  8.02734E-01  1.81758E-03
  8.06641E-01  1.79103E-03
  8.10547E-01  1.76461E-03
  8.14453E-01  1.73919E-03
  8.18359E-01  1.71388E-03
  8.22266E-01  1.68951E-03
  8.26172E-01  1.66512E-03
  8.30078E-01  1.64155E-03
  8.33984E-01  1.61796E-03
  8.37891E-01  1.59528E-03
  8.41797E-01  1.57264E-03
  8.45703E-01  1.55089E-03
  8.49609E-01  1.52916E-03
  8.53516E-01  1.50822E-03
  8.57422E-01  1.48724E-03
  8.61328E-01  1.46702E-03
  8.65234E-01  1.44681E-03
  8.69141E-01  1.42741E-03
  8.73047E-01  1.40801E-03
  8.76953E-01  1.38932E-03
  8.80859E-01  1.37062E-03
  8.84766E-01  1.35263E-03
  8.88672E-01  1.33466E-03
  8.92578E-01  1.31745E-03
  8.96484E-01  1.30023E-03
  9.00391E-01  1.28360E-03
  9.04297E-01  1.26698E-03
  9.08203E-01  1.25104E-03
  9.12109E-01  1.23515E-03
  9.16016E-01  1.21982E-03
  9.19922E-01  1.20448E-03
  9.23828E-01  1.18981E-03
  9.27734E-01  1.17514E-03
  9.31641E-01  1.16102E-03
  9.35547E-01  1.14692E-03
  9.39453E-01  1.13348E-03
  9.43359E-01  1.11997E-03
  9.47266E-01  1.10696E-03
  9.51172E-01  1.09421E-03
  9.55078E-01  1.08162E-03
  9.58984E-01  1.06943E-03
  9.62891E-01  1.05728E-03
  9.66797E-01  1.04556E-03
  9.70703E-01  1.03389E-03
  9.74609E-01  1.02250E-03
  9.78516E-01  1.01138E-03
  9.82422E-01  1.00048E-03
  9.86328E-01  9.89868E-04
  9.90234E-01  9.80057E-04
  9.94141E-01  9.71902E-04
  9.98047E-01  9.68053E-04
  1.00195E+00  9.68053E-04
