 -1.95312E-03  2.96551E+00
  1.95312E-03  2.96589E+00
  5.85938E-03  2.96175E+00
  9.76562E-03  2.95827E+00
  1.36719E-02  2.95484E+00
  1.75781E-02  2.95139E+00
  2.14844E-02  2.94789E+00
  2.53906E-02  2.94433E+00
  2.92969E-02  2.94071E+00
  3.32031E-02  2.93702E+00
  3.71094E-02  2.93327E+00
  4.10156E-02  2.92945E+00
  4.49219E-02  2.92557E+00
  4.88281E-02  2.92162E+00
  5.27344E-02  2.91761E+00
  5.66406E-02  2.91353E+00
  6.05469E-02  2.90938E+00
  6.44531E-02  2.90517E+00
  6.83594E-02  2.90089E+00
  7.22656E-02  2.89654E+00
  7.61719E-02  2.89213E+00
  8.00781E-02  2.88766E+00
  8.39844E-02  2.88312E+00
  8.78906E-02  2.87851E+00
  9.17969E-02  2.87384E+00
  9.57031E-02  2.86910E+00
  9.96094E-02  2.86429E+00
  1.03516E-01  2.85942E+00
  1.07422E-01  2.85449E+00
  1.11328E-01  2.84948E+00
  1.15234E-01  2.84442E+00
  1.19141E-01  2.83929E+00
  1.23047E-01  2.83409E+00
  1.26953E-01  2.82883E+00
  1.30859E-01  2.82350E+00
  1.34766E-01  2.81811E+00
  1.38672E-01  2.81265E+00
  1.42578E-01  2.80713E+00
  1.46484E-01  2.80155E+00
  1.50391E-01  2.79589E+00
  1.54297E-01  2.79018E+00
  1.58203E-01  2.78440E+00
  1.62109E-01  2.77855E+00
  1.66016E-01  2.77264E+00
  1.69922E-01  2.76666E+00
  1.73828E-01  2.76061E+00
  1.77734E-01  2.75450E+00
  1.81641E-01  2.74833E+00
  1.85547E-01  2.74208E+00
  1.89453E-01  2.73577E+00
  1.93359E-01  2.72940E+00
  1.97266E-01  2.72296E+00
  2.01172E-01  2.71645E+00
  2.05078E-01  2.70988E+00
  2.08984E-01  2.70325E+00
  2.12891E-01  2.69654E+00
  2.16797E-01  2.68977E+00
  2.20703E-01  2.68293E+00
  2.24609E-01  2.67603E+00
  2.28516E-01  2.66906E+00
  2.32422E-01  2.66202E+00
  2.36328E-01  2.65491E+00
  2.40234E-01  2.64774E+00
  2.44141E-01  2.64050E+00
  2.48047E-01  2.63318E+00
  2.51953E-01  2.62580E+00
  2.55859E-01  2.61836E+00
  2.59766E-01  2.61084E+00
  2.63672E-01  2.60325E+00
  2.67578E-01  2.59559E+00
  2.71484E-01  2.58787E+00
  2.75391E-01  2.58008E+00
  2.79297E-01  2.57221E+00
  2.83203E-01  2.56427E+00
  2.87109E-01  2.55627E+00
  2.91016E-01  2.54819E+00
  2.94922E-01  2.54004E+00
  2.98828E-01  2.53182E+00
  3.02734E-01  2.52353E+00
  3.06641E-01  2.51516E+00
  3.10547E-01  2.50672E+00
  3.14453E-01  2.49821E+00
  3.18359E-01  2.48962E+00
  3.22266E-01  2.48096E+00
  3.26172E-01  2.47223E+00
  3.30078E-01  2.46342E+00
  3.33984E-01  2.45453E+00
  3.37891E-01  2.44557E+00
  3.41797E-01  2.43653E+00
  3.45703E-01  2.42741E+00
  3.49609E-01  2.41821E+00
  3.53516E-01  2.40893E+00
  3.57422E-01  2.39958E+00
  3.61328E-01  2.39014E+00
  3.65234E-01  2.38063E+00
  3.69141E-01  2.37103E+00
  3.73047E-01  2.36136E+00
  3.76953E-01  2.35160E+00
  3.80859E-01  2.34175E+00
  3.84766E-01  2.33182E+00
  3.88672E-01  2.32181E+00
  3.92578E-01  2.31171E+00
  3.96484E-01  2.30152E+00
  4.00391E-01  2.29124E+00
  4.04297E-01  2.28087E+00
  4.08203E-01  2.27042E+00
  4.12109E-01  2.25987E+00
  4.16016E-01  2.24923E+00
  4.19922E-01  2.23850E+00
  4.23828E-01  2.22767E+00
  4.27734E-01  2.21675E+00
  4.31641E-01  2.20573E+00
  4.35547E-01  2.19461E+00
  4.39453E-01  2.18340E+00
  4.43359E-01  2.17209E+00
  4.47266E-01  2.16067E+00
  4.51172E-01  2.14915E+00
  4.55078E-01  2.13752E+00
  4.58984E-01  2.12578E+00
  4.62891E-01  2.11394E+00
  4.66797E-01  2.10199E+00
  4.70703E-01  2.08992E+00
  4.74609E-01  2.07774E+00
  4.78516E-01  2.06544E+00
  4.82422E-01  2.05302E+00
  4.86328E-01  2.04048E+00
  4.90234E-01  2.02782E+00
  4.94141E-01  2.01503E+00
  4.98047E-01  2.00212E+00
  5.01953E-01  1.98907E+00
  5.05859E-01  1.97589E+00
  5.09766E-01  1.96257E+00
  5.13672E-01  1.94911E+00
  5.17578E-01  1.93551E+00
  5.21484E-01  1.92176E+00
  5.25391E-01  1.90785E+00
  5.29297E-01  1.89379E+00
  5.33203E-01  1.87957E+00
  5.37109E-01  1.86519E+00
  5.41016E-01  1.85063E+00
  5.44922E-01  1.83591E+00
  5.48828E-01  1.82100E+00
  5.52734E-01  1.80591E+00
  5.56641E-01  1.79063E+00
  5.60547E-01  1.77515E+00
  5.64453E-01  1.75947E+00
  5.68359E-01  1.74358E+00
  5.72266E-01  1.72747E+00
  5.76172E-01  1.71113E+00
  5.80078E-01  1.69457E+00
  5.83984E-01  1.67775E+00
  5.87891E-01  1.66069E+00
  5.91797E-01  1.64336E+00
  5.95703E-01  1.62575E+00
  5.99609E-01  1.60785E+00
  6.03516E-01  1.58964E+00
  6.07422E-01  1.57112E+00
  6.11328E-01  1.55227E+00
  6.15234E-01  1.53307E+00
  6.19141E-01  1.51349E+00
  6.23047E-01  1.49352E+00
  6.26953E-01  1.47313E+00
  6.30859E-01  1.45230E+00
  6.34766E-01  1.43099E+00
  6.38672E-01  1.40918E+00
  6.42578E-01  1.38682E+00
  6.46484E-01  1.36387E+00
  6.50391E-01  1.34028E+00
  6.54297E-01  1.31600E+00
  6.58203E-01  1.29096E+00
  6.62109E-01  1.26508E+00
  6.66016E-01  1.23828E+00
  6.69922E-01  1.21044E+00
  6.73828E-01  1.18143E+00
  6.77734E-01  1.15109E+00
  6.81641E-01  1.11921E+00
  6.85547E-01  1.08551E+00
  6.89453E-01  1.04963E+00
  6.93359E-01  1.01101E+00
  6.97266E-01  9.68043E-01
  7.01172E-01  9.11382E-01
  7.05078E-01  7.86435E-01
  7.08984E-01  2.53517E-03
  7.12891E-01  2.50310E-03
  7.16797E-01  2.46133E-03
  7.20703E-01  2.42138E-03
  7.24609E-01  2.38140E-03
  7.28516E-01  2.34327E-03
  7.32422E-01  2.30518E-03
  7.36328E-01  2.26850E-03
  7.40234E-01  2.23175E-03
  7.44141E-01  2.19659E-03
  7.48047E-01  2.16155E-03
  7.51953E-01  2.12803E-03
  7.55859E-01  2.09434E-03
  7.59766E-01  2.06189E-03
  7.63672E-01  2.02966E-03
  7.67578E-01  1.99882E-03
  7.71484E-01  1.96784E-03
  7.75391E-01  1.93806E-03
  7.79297E-01  1.90831E-03
  7.83203E-01  1.87978E-03
  7.87109E-01  1.85131E-03
  7.91016E-01  1.82389E-03
  7.94922E-01  1.79644E-03
  7.98828E-01  1.76996E-03
  8.02734E-01  1.74357E-03
  8.06641E-01  1.71820E-03
  8.10547E-01  1.69295E-03
  8.14453E-01  1.66866E-03
  8.18359E-01  1.64436E-03
  8.22266E-01  1.62092E-03
  8.26172E-01  1.59745E-03
  8.30078E-01  1.57484E-03
  8.33984E-01  1.55226E-03
  8.37891E-01  1.53056E-03
  8.41797E-01  1.50890E-03
  8.45703E-01  1.48808E-03
  8.49609E-01  1.46722E-03
  8.53516E-01  1.44710E-03
  8.57422E-01  1.42698E-03
  8.61328E-01  1.40764E-03
  8.65234E-01  1.38830E-03
  8.69141E-01  1.36972E-03
  8.73047E-01  1.35112E-03
  8.76953E-01  1.33320E-03
  8.80859E-01  1.31529E-03
  8.84766E-01  1.29811E-03
  8.88672E-01  1.28096E-03
  8.92578E-01  1.26447E-03
  8.96484E-01  1.24791E-03
  9.00391E-01  1.23197E-03
  9.04297E-01  1.21607E-03
  9.08203E-01  1.20083E-03
  9.12109E-01  1.18559E-03
  9.16016E-01  1.17091E-03
  9.19922E-01  1.15625E-03
  9.23828E-01  1.14216E-03
  9.27734E-01  1.12807E-03
  9.31641E-01  1.11459E-03
  9.35547E-01  1.10113E-03
  9.39453E-01  1.08815E-03
  9.43359E-01  1.07521E-03
  9.47266E-01  1.06279E-03
  9.51172E-01  1.05047E-03
  9.55078E-01  1.03844E-03
  9.58984E-01  1.02668E-03
  9.62891E-01  1.01502E-03
  9.66797E-01  1.00375E-03
  9.70703E-01  9.92496E-04
  9.74609E-01  9.81565E-04
  9.78516E-01  9.70853E-04
  9.82422E-01  9.60374E-04
  9.86328E-01  9.50186E-04
  9.90234E-01  9.40790E-04
  9.94141E-01  9.32965E-04
  9.98047E-01  9.29266E-04
  1.00195E+00  9.29266E-04
