 -1.95312E-03  2.96519E+00
  1.95312E-03  2.96557E+00
  5.85938E-03  2.96143E+00
  9.76562E-03  2.95795E+00
  1.36719E-02  2.95452E+00
  1.75781E-02  2.95107E+00
  2.14844E-02  2.94757E+00
  2.53906E-02  2.94401E+00
  2.92969E-02  2.94039E+00
  3.32031E-02  2.93670E+00
  3.71094E-02  2.93295E+00
  4.10156E-02  2.92914E+00
  4.49219E-02  2.92525E+00
  4.88281E-02  2.92130E+00
  5.27344E-02  2.91729E+00
  5.66406E-02  2.91321E+00
  6.05469E-02  2.90906E+00
  6.44531E-02  2.90485E+00
  6.83594E-02  2.90057E+00
  7.22656E-02  2.89623E+00
  7.61719E-02  2.89182E+00
  8.00781E-02  2.88734E+00
  8.39844E-02  2.88280E+00
  8.78906E-02  2.87820E+00
  9.17969E-02  2.87352E+00
  9.57031E-02  2.86878E+00
  9.96094E-02  2.86398E+00
  1.03516E-01  2.85911E+00
  1.07422E-01  2.85417E+00
  1.11328E-01  2.84917E+00
  1.15234E-01  2.84411E+00
  1.19141E-01  2.83897E+00
  1.23047E-01  2.83378E+00
  1.26953E-01  2.82852E+00
  1.30859E-01  2.82319E+00
  1.34766E-01  2.81780E+00
  1.38672E-01  2.81234E+00
  1.42578E-01  2.80682E+00
  1.46484E-01  2.80123E+00
  1.50391E-01  2.79558E+00
  1.54297E-01  2.78986E+00
  1.58203E-01  2.78408E+00
  1.62109E-01  2.77823E+00
  1.66016E-01  2.77232E+00
  1.69922E-01  2.76634E+00
  1.73828E-01  2.76029E+00
  1.77734E-01  2.75418E+00
  1.81641E-01  2.74801E+00
  1.85547E-01  2.74176E+00
  1.89453E-01  2.73546E+00
  1.93359E-01  2.72908E+00
  1.97266E-01  2.72264E+00
  2.01172E-01  2.71614E+00
  2.05078E-01  2.70957E+00
  2.08984E-01  2.70293E+00
  2.12891E-01  2.69622E+00
  2.16797E-01  2.68945E+00
  2.20703E-01  2.68262E+00
  2.24609E-01  2.67571E+00
  2.28516E-01  2.66874E+00
  2.32422E-01  2.66171E+00
  2.36328E-01  2.65460E+00
  2.40234E-01  2.64743E+00
  2.44141E-01  2.64019E+00
  2.48047E-01  2.63287E+00
  2.51953E-01  2.62550E+00
  2.55859E-01  2.61805E+00
  2.59766E-01  2.61053E+00
  2.63672E-01  2.60294E+00
  2.67578E-01  2.59529E+00
  2.71484E-01  2.58757E+00
  2.75391E-01  2.57977E+00
  2.79297E-01  2.57191E+00
  2.83203E-01  2.56397E+00
  2.87109E-01  2.55597E+00
  2.91016E-01  2.54789E+00
  2.94922E-01  2.53975E+00
  2.98828E-01  2.53153E+00
  3.02734E-01  2.52324E+00
  3.06641E-01  2.51487E+00
  3.10547E-01  2.50644E+00
  3.14453E-01  2.49793E+00
  3.18359E-01  2.48934E+00
  3.22266E-01  2.48068E+00
  3.26172E-01  2.47195E+00
  3.30078E-01  2.46314E+00
  3.33984E-01  2.45426E+00
  3.37891E-01  2.44530E+00
  3.41797E-01  2.43626E+00
  3.45703E-01  2.42715E+00
  3.49609E-01  2.41795E+00
  3.53516E-01  2.40868E+00
  3.57422E-01  2.39933E+00
  3.61328E-01  2.38990E+00
  3.65234E-01  2.38038E+00
  3.69141E-01  2.37079E+00
  3.73047E-01  2.36112E+00
  3.76953E-01  2.35136E+00
  3.80859E-01  2.34152E+00
  3.84766E-01  2.33159E+00
  3.88672E-01  2.32158E+00
  3.92578E-01  2.31148E+00
  3.96484E-01  2.30130E+00
  4.00391E-01  2.29102E+00
  4.04297E-01  2.28066E+00
  4.08203E-01  2.27021E+00
  4.12109E-01  2.25967E+00
  4.16016E-01  2.24903E+00
  4.19922E-01  2.23831E+00
  4.23828E-01  2.22749E+00
  4.27734E-01  2.21657E+00
  4.31641E-01  2.20556E+00
  4.35547E-01  2.19446E+00
  4.39453E-01  2.18325E+00
  4.43359E-01  2.17195E+00
  4.47266E-01  2.16054E+00
  4.51172E-01  2.14903E+00
  4.55078E-01  2.13741E+00
  4.58984E-01  2.12569E+00
  4.62891E-01  2.11386E+00
  4.66797E-01  2.10192E+00
  4.70703E-01  2.08986E+00
  4.74609E-01  2.07769E+00
  4.78516E-01  2.06541E+00
  4.82422E-01  2.05301E+00
  4.86328E-01  2.04048E+00
  4.90234E-01  2.02784E+00
  4.94141E-01  2.01507E+00
  4.98047E-01  2.00217E+00
  5.01953E-01  1.98914E+00
  5.05859E-01  1.97597E+00
  5.09766E-01  1.96267E+00
  5.13672E-01  1.94923E+00
  5.17578E-01  1.93564E+00
  5.21484E-01  1.92190E+00
  5.25391E-01  1.90801E+00
  5.29297E-01  1.89397E+00
  5.33203E-01  1.87976E+00
  5.37109E-01  1.86539E+00
  5.41016E-01  1.85086E+00
  5.44922E-01  1.83614E+00
  5.48828E-01  1.82125E+00
  5.52734E-01  1.80618E+00
  5.56641E-01  1.79092E+00
  5.60547E-01  1.77546E+00
  5.64453E-01  1.75980E+00
  5.68359E-01  1.74393E+00
  5.72266E-01  1.72784E+00
  5.76172E-01  1.71153E+00
  5.80078E-01  1.69498E+00
  5.83984E-01  1.67819E+00
  5.87891E-01  1.66115E+00
  5.91797E-01  1.64385E+00
  5.95703E-01  1.62626E+00
  5.99609E-01  1.60839E+00
  6.03516E-01  1.59022E+00
  6.07422E-01  1.57173E+00
  6.11328E-01  1.55292E+00
  6.15234E-01  1.53375E+00
  6.19141E-01  1.51421E+00
  6.23047E-01  1.49428E+00
  6.26953E-01  1.47394E+00
  6.30859E-01  1.45316E+00
  6.34766E-01  1.43190E+00
  6.38672E-01  1.41013E+00
  6.42578E-01  1.38783E+00
  6.46484E-01  1.36495E+00
  6.50391E-01  1.34143E+00
  6.54297E-01  1.31722E+00
  6.58203E-01  1.29227E+00
  6.62109E-01  1.26649E+00
  6.66016E-01  1.23979E+00
  6.69922E-01  1.21206E+00
  6.73828E-01  1.18319E+00
  6.77734E-01  1.15300E+00
  6.81641E-01  1.12129E+00
  6.85547E-01  1.08781E+00
  6.89453E-01  1.05218E+00
  6.93359E-01  1.01389E+00
  6.97266E-01  9.71446E-01
  7.01172E-01  9.16051E-01
  7.05078E-01  7.94526E-01
  7.08984E-01  5.04427E-03
  7.12891E-01  4.97978E-03
  7.16797E-01  4.89673E-03
  7.20703E-01  4.81749E-03
  7.24609E-01  4.73787E-03
  7.28516E-01  4.66120E-03
  7.32422E-01  4.58473E-03
  7.36328E-01  4.51161E-03
  7.40234E-01  4.43887E-03
  7.44141E-01  4.36925E-03
  7.48047E-01  4.29905E-03
  7.51953E-01  4.23173E-03
  7.55859E-01  4.16482E-03
  7.59766E-01  4.10027E-03
  7.63672E-01  4.03599E-03
  7.67578E-01  3.97435E-03
  7.71484E-01  3.91246E-03
  7.75391E-01  3.85269E-03
  7.79297E-01  3.79315E-03
  7.83203E-01  3.73597E-03
  7.87109E-01  3.67923E-03
  7.91016E-01  3.62440E-03
  7.94922E-01  3.56961E-03
  7.98828E-01  3.51665E-03
  8.02734E-01  3.46382E-03
  8.06641E-01  3.41305E-03
  8.10547E-01  3.36256E-03
  8.14453E-01  3.31378E-03
  8.18359E-01  3.26494E-03
  8.22266E-01  3.21782E-03
  8.26172E-01  3.17088E-03
  8.30078E-01  3.12574E-03
  8.33984E-01  3.08068E-03
  8.37891E-01  3.03708E-03
  8.41797E-01  2.99346E-03
  8.45703E-01  2.95147E-03
  8.49609E-01  2.90961E-03
  8.53516E-01  2.86918E-03
  8.57422E-01  2.82873E-03
  8.61328E-01  2.78979E-03
  8.65234E-01  2.75091E-03
  8.69141E-01  2.71332E-03
  8.73047E-01  2.67573E-03
  8.76953E-01  2.63955E-03
  8.80859E-01  2.60337E-03
  8.84766E-01  2.56827E-03
  8.88672E-01  2.53340E-03
  8.92578E-01  2.49986E-03
  8.96484E-01  2.46622E-03
  9.00391E-01  2.43359E-03
  9.04297E-01  2.40141E-03
  9.08203E-01  2.36968E-03
  9.12109E-01  2.33877E-03
  9.16016E-01  2.30819E-03
  9.19922E-01  2.27858E-03
  9.23828E-01  2.24893E-03
  9.27734E-01  2.22044E-03
  9.31641E-01  2.19205E-03
  9.35547E-01  2.16472E-03
  9.39453E-01  2.13764E-03
  9.43359E-01  2.11135E-03
  9.47266E-01  2.08559E-03
  9.51172E-01  2.06065E-03
  9.55078E-01  2.03625E-03
  9.58984E-01  2.01249E-03
  9.62891E-01  1.98961E-03
  9.66797E-01  1.96731E-03
  9.70703E-01  1.94581E-03
  9.74609E-01  1.92514E-03
  9.78516E-01  1.90491E-03
  9.82422E-01  1.88545E-03
  9.86328E-01  1.86635E-03
  9.90234E-01  1.84779E-03
  9.94141E-01  1.83193E-03
  9.98047E-01  1.82464E-03
  1.00195E+00  1.82464E-03
