 -1.95312E-03  2.96526E+00
  1.95312E-03  2.96564E+00
  5.85938E-03  2.96150E+00
  9.76562E-03  2.95802E+00
  1.36719E-02  2.95459E+00
  1.75781E-02  2.95114E+00
  2.14844E-02  2.94764E+00
  2.53906E-02  2.94408E+00
  2.92969E-02  2.94046E+00
  3.32031E-02  2.93677E+00
  3.71094E-02  2.93302E+00
  4.10156E-02  2.92920E+00
  4.49219E-02  2.92532E+00
  4.88281E-02  2.92137E+00
  5.27344E-02  2.91736E+00
  5.66406E-02  2.91328E+00
  6.05469E-02  2.90913E+00
  6.44531E-02  2.90492E+00
  6.83594E-02  2.90064E+00
  7.22656E-02  2.89630E+00
  7.61719E-02  2.89189E+00
  8.00781E-02  2.88741E+00
  8.39844E-02  2.88287E+00
  8.78906E-02  2.87826E+00
  9.17969E-02  2.87359E+00
  9.57031E-02  2.86885E+00
  9.96094E-02  2.86405E+00
  1.03516E-01  2.85918E+00
  1.07422E-01  2.85424E+00
  1.11328E-01  2.84924E+00
  1.15234E-01  2.84417E+00
  1.19141E-01  2.83904E+00
  1.23047E-01  2.83385E+00
  1.26953E-01  2.82859E+00
  1.30859E-01  2.82326E+00
  1.34766E-01  2.81787E+00
  1.38672E-01  2.81241E+00
  1.42578E-01  2.80689E+00
  1.46484E-01  2.80130E+00
  1.50391E-01  2.79565E+00
  1.54297E-01  2.78993E+00
  1.58203E-01  2.78415E+00
  1.62109E-01  2.77831E+00
  1.66016E-01  2.77239E+00
  1.69922E-01  2.76641E+00
  1.73828E-01  2.76037E+00
  1.77734E-01  2.75426E+00
  1.81641E-01  2.74808E+00
  1.85547E-01  2.74184E+00
  1.89453E-01  2.73553E+00
  1.93359E-01  2.72915E+00
  1.97266E-01  2.72271E+00
  2.01172E-01  2.71621E+00
  2.05078E-01  2.70964E+00
  2.08984E-01  2.70300E+00
  2.12891E-01  2.69630E+00
  2.16797E-01  2.68953E+00
  2.20703E-01  2.68269E+00
  2.24609E-01  2.67579E+00
  2.28516E-01  2.66882E+00
  2.32422E-01  2.66178E+00
  2.36328E-01  2.65467E+00
  2.40234E-01  2.64750E+00
  2.44141E-01  2.64026E+00
  2.48047E-01  2.63295E+00
  2.51953E-01  2.62557E+00
  2.55859E-01  2.61812E+00
  2.59766E-01  2.61060E+00
  2.63672E-01  2.60301E+00
  2.67578E-01  2.59536E+00
  2.71484E-01  2.58764E+00
  2.75391E-01  2.57984E+00
  2.79297E-01  2.57198E+00
  2.83203E-01  2.56404E+00
  2.87109E-01  2.55604E+00
  2.91016E-01  2.54796E+00
  2.94922E-01  2.53982E+00
  2.98828E-01  2.53160E+00
  3.02734E-01  2.52331E+00
  3.06641E-01  2.51495E+00
  3.10547E-01  2.50651E+00
  3.14453E-01  2.49800E+00
  3.18359E-01  2.48941E+00
  3.22266E-01  2.48075E+00
  3.26172E-01  2.47202E+00
  3.30078E-01  2.46321E+00
  3.33984E-01  2.45433E+00
  3.37891E-01  2.44537E+00
  3.41797E-01  2.43633E+00
  3.45703E-01  2.42721E+00
  3.49609E-01  2.41802E+00
  3.53516E-01  2.40874E+00
  3.57422E-01  2.39939E+00
  3.61328E-01  2.38996E+00
  3.65234E-01  2.38045E+00
  3.69141E-01  2.37085E+00
  3.73047E-01  2.36118E+00
  3.76953E-01  2.35142E+00
  3.80859E-01  2.34158E+00
  3.84766E-01  2.33165E+00
  3.88672E-01  2.32164E+00
  3.92578E-01  2.31154E+00
  3.96484E-01  2.30135E+00
  4.00391E-01  2.29108E+00
  4.04297E-01  2.28071E+00
  4.08203E-01  2.27026E+00
  4.12109E-01  2.25971E+00
  4.16016E-01  2.24908E+00
  4.19922E-01  2.23836E+00
  4.23828E-01  2.22754E+00
  4.27734E-01  2.21662E+00
  4.31641E-01  2.20561E+00
  4.35547E-01  2.19450E+00
  4.39453E-01  2.18329E+00
  4.43359E-01  2.17198E+00
  4.47266E-01  2.16057E+00
  4.51172E-01  2.14906E+00
  4.55078E-01  2.13744E+00
  4.58984E-01  2.12571E+00
  4.62891E-01  2.11388E+00
  4.66797E-01  2.10193E+00
  4.70703E-01  2.08987E+00
  4.74609E-01  2.07770E+00
  4.78516E-01  2.06542E+00
  4.82422E-01  2.05301E+00
  4.86328E-01  2.04048E+00
  4.90234E-01  2.02783E+00
  4.94141E-01  2.01506E+00
  4.98047E-01  2.00215E+00
  5.01953E-01  1.98912E+00
  5.05859E-01  1.97595E+00
  5.09766E-01  1.96264E+00
  5.13672E-01  1.94919E+00
  5.17578E-01  1.93560E+00
  5.21484E-01  1.92186E+00
  5.25391E-01  1.90797E+00
  5.29297E-01  1.89392E+00
  5.33203E-01  1.87971E+00
  5.37109E-01  1.86534E+00
  5.41016E-01  1.85080E+00
  5.44922E-01  1.83608E+00
  5.48828E-01  1.82118E+00
  5.52734E-01  1.80611E+00
  5.56641E-01  1.79084E+00
  5.60547E-01  1.77537E+00
  5.64453E-01  1.75970E+00
  5.68359E-01  1.74383E+00
  5.72266E-01  1.72773E+00
  5.76172E-01  1.71141E+00
  5.80078E-01  1.69486E+00
  5.83984E-01  1.67806E+00
  5.87891E-01  1.66101E+00
  5.91797E-01  1.64369E+00
  5.95703E-01  1.62610E+00
  5.99609E-01  1.60822E+00
  6.03516E-01  1.59004E+00
  6.07422E-01  1.57154E+00
  6.11328E-01  1.55271E+00
  6.15234E-01  1.53353E+00
  6.19141E-01  1.51397E+00
  6.23047E-01  1.49403E+00
  6.26953E-01  1.47367E+00
  6.30859E-01  1.45286E+00
  6.34766E-01  1.43159E+00
  6.38672E-01  1.40981E+00
  6.42578E-01  1.38748E+00
  6.46484E-01  1.36458E+00
  6.50391E-01  1.34103E+00
  6.54297E-01  1.31680E+00
  6.58203E-01  1.29182E+00
  6.62109E-01  1.26599E+00
  6.66016E-01  1.23925E+00
  6.69922E-01  1.21147E+00
  6.73828E-01  1.18253E+00
  6.77734E-01  1.15227E+00
  6.81641E-01  1.12048E+00
  6.85547E-01  1.08692E+00
  6.89453E-01  1.05120E+00
  6.93359E-01  1.01280E+00
  6.97266E-01  9.70183E-01
  7.01172E-01  9.14347E-01
  7.05078E-01  7.91627E-01
  7.08984E-01  4.35883E-03
  7.12891E-01  4.30387E-03
  7.16797E-01  4.23245E-03
  7.20703E-01  4.16313E-03
  7.24609E-01  4.09405E-03
  7.28516E-01  4.02805E-03
  7.32422E-01  3.96259E-03
  7.36328E-01  3.89981E-03
  7.40234E-01  3.83679E-03
  7.44141E-01  3.77609E-03
  7.48047E-01  3.71553E-03
  7.51953E-01  3.65717E-03
  7.55859E-01  3.59883E-03
  7.59766E-01  3.54307E-03
  7.63672E-01  3.48764E-03
  7.67578E-01  3.43430E-03
  7.71484E-01  3.38101E-03
  7.75391E-01  3.32952E-03
  7.79297E-01  3.27811E-03
  7.83203E-01  3.22867E-03
  7.87109E-01  3.17937E-03
  7.91016E-01  3.13214E-03
  7.94922E-01  3.08492E-03
  7.98828E-01  3.03935E-03
  8.02734E-01  2.99373E-03
  8.06641E-01  2.94978E-03
  8.10547E-01  2.90606E-03
  8.14453E-01  2.86406E-03
  8.18359E-01  2.82202E-03
  8.22266E-01  2.78146E-03
  8.26172E-01  2.74088E-03
  8.30078E-01  2.70184E-03
  8.33984E-01  2.66283E-03
  8.37891E-01  2.62532E-03
  8.41797E-01  2.58774E-03
  8.45703E-01  2.55155E-03
  8.49609E-01  2.51541E-03
  8.53516E-01  2.48053E-03
  8.57422E-01  2.44563E-03
  8.61328E-01  2.41206E-03
  8.65234E-01  2.37856E-03
  8.69141E-01  2.34614E-03
  8.73047E-01  2.31371E-03
  8.76953E-01  2.28254E-03
  8.80859E-01  2.25145E-03
  8.84766E-01  2.22130E-03
  8.88672E-01  2.19119E-03
  8.92578E-01  2.16220E-03
  8.96484E-01  2.13329E-03
  9.00391E-01  2.10519E-03
  9.04297E-01  2.07730E-03
  9.08203E-01  2.05045E-03
  9.12109E-01  2.02350E-03
  9.16016E-01  1.99741E-03
  9.19922E-01  1.97184E-03
  9.23828E-01  1.94656E-03
  9.27734E-01  1.92211E-03
  9.31641E-01  1.89781E-03
  9.35547E-01  1.87450E-03
  9.39453E-01  1.85126E-03
  9.43359E-01  1.82899E-03
  9.47266E-01  1.80691E-03
  9.51172E-01  1.78558E-03
  9.55078E-01  1.76467E-03
  9.58984E-01  1.74441E-03
  9.62891E-01  1.72472E-03
  9.66797E-01  1.70558E-03
  9.70703E-01  1.68705E-03
  9.74609E-01  1.66906E-03
  9.78516E-01  1.65138E-03
  9.82422E-01  1.63429E-03
  9.86328E-01  1.61741E-03
  9.90234E-01  1.60117E-03
  9.94141E-01  1.58758E-03
  9.98047E-01  1.58126E-03
  1.00195E+00  1.58126E-03
