 -1.95312E-03  9.53929E+00
  1.95312E-03  9.53980E+00
  5.85938E-03  9.53508E+00
  9.76562E-03  9.53040E+00
  1.36719E-02  9.52519E+00
  1.75781E-02  9.51937E+00
  2.14844E-02  9.51290E+00
  2.53906E-02  9.50580E+00
  2.92969E-02  9.49805E+00
  3.32031E-02  9.48965E+00
  3.71094E-02  9.48062E+00
  4.10156E-02  9.47094E+00
  4.49219E-02  9.46062E+00
  4.88281E-02  9.44966E+00
  5.27344E-02  9.43806E+00
  5.66406E-02  9.42583E+00
  6.05469E-02  9.41295E+00
  6.44531E-02  9.39944E+00
  6.83594E-02  9.38529E+00
  7.22656E-02  9.37050E+00
  7.61719E-02  9.35508E+00
  8.00781E-02  9.33901E+00
  8.39844E-02  9.32231E+00
  8.78906E-02  9.30497E+00
  9.17969E-02  9.28698E+00
  9.57031E-02  9.26835E+00
  9.96094E-02  9.24907E+00
  1.03516E-01  9.22915E+00
  1.07422E-01  9.20858E+00
  1.11328E-01  9.18735E+00
  1.15234E-01  9.16547E+00
  1.19141E-01  9.14292E+00
  1.23047E-01  9.11972E+00
  1.26953E-01  9.09585E+00
  1.30859E-01  9.07130E+00
  1.34766E-01  9.04608E+00
  1.38672E-01  9.02018E+00
  1.42578E-01  8.99359E+00
  1.46484E-01  8.96631E+00
  1.50391E-01  8.93833E+00
  1.54297E-01  8.90963E+00
  1.58203E-01  8.88023E+00
  1.62109E-01  8.85011E+00
  1.66016E-01  8.81927E+00
  1.69922E-01  8.78768E+00
  1.73828E-01  8.75535E+00
  1.77734E-01  8.72226E+00
  1.81641E-01  8.68842E+00
  1.85547E-01  8.65379E+00
  1.89453E-01  8.61838E+00
  1.93359E-01  8.58217E+00
  1.97266E-01  8.54515E+00
  2.01172E-01  8.50730E+00
  2.05078E-01  8.46861E+00
  2.08984E-01  8.42907E+00
  2.12891E-01  8.38866E+00
  2.16797E-01  8.34735E+00
  2.20703E-01  8.30514E+00
  2.24609E-01  8.26200E+00
  2.28516E-01  8.21792E+00
  2.32422E-01  8.17287E+00
  2.36328E-01  8.12683E+00
  2.40234E-01  8.07978E+00
  2.44141E-01  8.03168E+00
  2.48047E-01  7.98252E+00
  2.51953E-01  7.93225E+00
  2.55859E-01  7.88086E+00
  2.59766E-01  7.82830E+00
  2.63672E-01  7.77454E+00
  2.67578E-01  7.71954E+00
  2.71484E-01  7.66327E+00
  2.75391E-01  7.60567E+00
  2.79297E-01  7.54670E+00
  2.83203E-01  7.48631E+00
  2.87109E-01  7.42443E+00
  2.91016E-01  7.36101E+00
  2.94922E-01  7.29598E+00
  2.98828E-01  7.22928E+00
  3.02734E-01  7.16081E+00
  3.06641E-01  7.09051E+00
  3.10547E-01  7.01827E+00
  3.14453E-01  6.94398E+00
  3.18359E-01  6.86755E+00
  3.22266E-01  6.78883E+00
  3.26172E-01  6.70769E+00
  3.30078E-01  6.62398E+00
  3.33984E-01  6.53751E+00
  3.37891E-01  6.44810E+00
  3.41797E-01  6.35551E+00
  3.45703E-01  6.25936E+00
  3.49609E-01  6.15580E+00
  3.53516E-01  5.94388E+00
  3.57422E-01  2.28627E-12
  3.61328E-01  2.23072E-12
  3.65234E-01  2.15859E-12
  3.69141E-01  2.09246E-12
  3.73047E-01  2.02621E-12
  3.76953E-01  1.96538E-12
  3.80859E-01  1.90445E-12
  3.84766E-01  1.84838E-12
  3.88672E-01  1.79224E-12
  3.92578E-01  1.74053E-12
  3.96484E-01  1.68874E-12
  4.00391E-01  1.64096E-12
  4.04297E-01  1.59310E-12
  4.08203E-01  1.54887E-12
  4.12109E-01  1.50458E-12
  4.16016E-01  1.46358E-12
  4.19922E-01  1.42252E-12
  4.23828E-01  1.38444E-12
  4.27734E-01  1.34632E-12
  4.31641E-01  1.31089E-12
  4.35547E-01  1.27543E-12
  4.39453E-01  1.24244E-12
  4.43359E-01  1.20940E-12
  4.47266E-01  1.17865E-12
  4.51172E-01  1.14785E-12
  4.55078E-01  1.11914E-12
  4.58984E-01  1.09039E-12
  4.62891E-01  1.06357E-12
  4.66797E-01  1.03672E-12
  4.70703E-01  1.01165E-12
  4.74609E-01  9.86547E-13
  4.78516E-01  9.63064E-13
  4.82422E-01  9.39556E-13
  4.86328E-01  9.17538E-13
  4.90234E-01  8.95503E-13
  4.94141E-01  8.74856E-13
  4.98047E-01  8.54189E-13
  5.01953E-01  8.34796E-13
  5.05859E-01  8.15387E-13
  5.09766E-01  7.97159E-13
  5.13672E-01  7.78914E-13
  5.17578E-01  7.61756E-13
  5.21484E-01  7.44583E-13
  5.25391E-01  7.28421E-13
  5.29297E-01  7.12244E-13
  5.33203E-01  6.97001E-13
  5.37109E-01  6.81744E-13
  5.41016E-01  6.67353E-13
  5.44922E-01  6.52952E-13
  5.48828E-01  6.39360E-13
  5.52734E-01  6.25760E-13
  5.56641E-01  6.12920E-13
  5.60547E-01  6.00070E-13
  5.64453E-01  5.87930E-13
  5.68359E-01  5.75780E-13
  5.72266E-01  5.64288E-13
  5.76172E-01  5.52788E-13
  5.80078E-01  5.41906E-13
  5.83984E-01  5.31015E-13
  5.87891E-01  5.20703E-13
  5.91797E-01  5.10381E-13
  5.95703E-01  5.00600E-13
  5.99609E-01  4.90812E-13
  6.03516E-01  4.81515E-13
  6.07422E-01  4.72210E-13
  6.11328E-01  4.63364E-13
  6.15234E-01  4.54513E-13
  6.19141E-01  4.46104E-13
  6.23047E-01  4.37694E-13
  6.26953E-01  4.29706E-13
  6.30859E-01  4.21713E-13
  6.34766E-01  4.14114E-13
  6.38672E-01  4.06509E-13
  6.42578E-01  3.99267E-13
  6.46484E-01  3.92021E-13
  6.50391E-01  3.85119E-13
  6.54297E-01  3.78214E-13
  6.58203E-01  3.71637E-13
  6.62109E-01  3.65056E-13
  6.66016E-01  3.58786E-13
  6.69922E-01  3.52512E-13
  6.73828E-01  3.46531E-13
  6.77734E-01  3.40545E-13
  6.81641E-01  3.34828E-13
  6.85547E-01  3.29108E-13
  6.89453E-01  3.23642E-13
  6.93359E-01  3.18173E-13
  6.97266E-01  3.12946E-13
  7.01172E-01  3.07717E-13
  7.05078E-01  3.02718E-13
  7.08984E-01  2.97716E-13
  7.12891E-01  2.92934E-13
  7.16797E-01  2.88149E-13
  7.20703E-01  2.83574E-13
  7.24609E-01  2.78996E-13
  7.28516E-01  2.74616E-13
  7.32422E-01  2.70232E-13
  7.36328E-01  2.66035E-13
  7.40234E-01  2.61834E-13
  7.44141E-01  2.57808E-13
  7.48047E-01  2.53782E-13
  7.51953E-01  2.49919E-13
  7.55859E-01  2.46055E-13
  7.59766E-01  2.42348E-13
  7.63672E-01  2.38640E-13
  7.67578E-01  2.35082E-13
  7.71484E-01  2.31521E-13
  7.75391E-01  2.28105E-13
  7.79297E-01  2.24687E-13
  7.83203E-01  2.21404E-13
  7.87109E-01  2.18119E-13
  7.91016E-01  2.14964E-13
  7.94922E-01  2.11808E-13
  7.98828E-01  2.08775E-13
  8.02734E-01  2.05741E-13
  8.06641E-01  2.02826E-13
  8.10547E-01  1.99908E-13
  8.14453E-01  1.97103E-13
  8.18359E-01  1.94297E-13
  8.22266E-01  1.91597E-13
  8.26172E-01  1.88896E-13
  8.30078E-01  1.86297E-13
  8.33984E-01  1.83697E-13
  8.37891E-01  1.81194E-13
  8.41797E-01  1.78690E-13
  8.45703E-01  1.76279E-13
  8.49609E-01  1.73866E-13
  8.53516E-01  1.71543E-13
  8.57422E-01  1.69218E-13
  8.61328E-01  1.66979E-13
  8.65234E-01  1.64739E-13
  8.69141E-01  1.62581E-13
  8.73047E-01  1.60421E-13
  8.76953E-01  1.58339E-13
  8.80859E-01  1.56257E-13
  8.84766E-01  1.54249E-13
  8.88672E-01  1.52241E-13
  8.92578E-01  1.50304E-13
  8.96484E-01  1.48367E-13
  9.00391E-01  1.46498E-13
  9.04297E-01  1.44629E-13
  9.08203E-01  1.42825E-13
  9.12109E-01  1.41021E-13
  9.16016E-01  1.39282E-13
  9.19922E-01  1.37541E-13
  9.23828E-01  1.35862E-13
  9.27734E-01  1.34183E-13
  9.31641E-01  1.32564E-13
  9.35547E-01  1.30943E-13
  9.39453E-01  1.29382E-13
  9.43359E-01  1.27820E-13
  9.47266E-01  1.26316E-13
  9.51172E-01  1.24811E-13
  9.55078E-01  1.23363E-13
  9.58984E-01  1.21915E-13
  9.62891E-01  1.20526E-13
  9.66797E-01  1.19136E-13
  9.70703E-01  1.17810E-13
  9.74609E-01  1.16481E-13
  9.78516E-01  1.15228E-13
  9.82422E-01  1.13972E-13
  9.86328E-01  1.12820E-13
  9.90234E-01  1.11674E-13
  9.94141E-01  1.10775E-13
  9.98047E-01  1.10338E-13
  1.00195E+00  1.10338E-13
