 -1.95312E-03  9.53932E+00
  1.95312E-03  9.53983E+00
  5.85938E-03  9.53510E+00
  9.76562E-03  9.53043E+00
  1.36719E-02  9.52522E+00
  1.75781E-02  9.51939E+00
  2.14844E-02  9.51293E+00
  2.53906E-02  9.50583E+00
  2.92969E-02  9.49807E+00
  3.32031E-02  9.48968E+00
  3.71094E-02  9.48064E+00
  4.10156E-02  9.47096E+00
  4.49219E-02  9.46064E+00
  4.88281E-02  9.44968E+00
  5.27344E-02  9.43808E+00
  5.66406E-02  9.42585E+00
  6.05469E-02  9.41297E+00
  6.44531E-02  9.39946E+00
  6.83594E-02  9.38531E+00
  7.22656E-02  9.37053E+00
  7.61719E-02  9.35510E+00
  8.00781E-02  9.33903E+00
  8.39844E-02  9.32233E+00
  8.78906E-02  9.30498E+00
  9.17969E-02  9.28700E+00
  9.57031E-02  9.26836E+00
  9.96094E-02  9.24909E+00
  1.03516E-01  9.22917E+00
  1.07422E-01  9.20860E+00
  1.11328E-01  9.18737E+00
  1.15234E-01  9.16549E+00
  1.19141E-01  9.14295E+00
  1.23047E-01  9.11974E+00
  1.26953E-01  9.09587E+00
  1.30859E-01  9.07132E+00
  1.34766E-01  9.04610E+00
  1.38672E-01  9.02020E+00
  1.42578E-01  8.99361E+00
  1.46484E-01  8.96632E+00
  1.50391E-01  8.93834E+00
  1.54297E-01  8.90965E+00
  1.58203E-01  8.88025E+00
  1.62109E-01  8.85013E+00
  1.66016E-01  8.81928E+00
  1.69922E-01  8.78769E+00
  1.73828E-01  8.75536E+00
  1.77734E-01  8.72227E+00
  1.81641E-01  8.68843E+00
  1.85547E-01  8.65380E+00
  1.89453E-01  8.61839E+00
  1.93359E-01  8.58218E+00
  1.97266E-01  8.54516E+00
  2.01172E-01  8.50731E+00
  2.05078E-01  8.46862E+00
  2.08984E-01  8.42908E+00
  2.12891E-01  8.38867E+00
  2.16797E-01  8.34736E+00
  2.20703E-01  8.30515E+00
  2.24609E-01  8.26201E+00
  2.28516E-01  8.21792E+00
  2.32422E-01  8.17287E+00
  2.36328E-01  8.12683E+00
  2.40234E-01  8.07978E+00
  2.44141E-01  8.03168E+00
  2.48047E-01  7.98252E+00
  2.51953E-01  7.93225E+00
  2.55859E-01  7.88085E+00
  2.59766E-01  7.82829E+00
  2.63672E-01  7.77454E+00
  2.67578E-01  7.71954E+00
  2.71484E-01  7.66327E+00
  2.75391E-01  7.60567E+00
  2.79297E-01  7.54670E+00
  2.83203E-01  7.48630E+00
  2.87109E-01  7.42443E+00
  2.91016E-01  7.36100E+00
  2.94922E-01  7.29598E+00
  2.98828E-01  7.22927E+00
  3.02734E-01  7.16080E+00
  3.06641E-01  7.09050E+00
  3.10547E-01  7.01826E+00
  3.14453E-01  6.94397E+00
  3.18359E-01  6.86753E+00
  3.22266E-01  6.78882E+00
  3.26172E-01  6.70768E+00
  3.30078E-01  6.62396E+00
  3.33984E-01  6.53750E+00
  3.37891E-01  6.44809E+00
  3.41797E-01  6.35550E+00
  3.45703E-01  6.25935E+00
  3.49609E-01  6.15579E+00
  3.53516E-01  5.94387E+00
  3.57422E-01  1.64969E-12
  3.61328E-01  1.60961E-12
  3.65234E-01  1.55756E-12
  3.69141E-01  1.50982E-12
  3.73047E-01  1.46200E-12
  3.76953E-01  1.41809E-12
  3.80859E-01  1.37412E-12
  3.84766E-01  1.33366E-12
  3.88672E-01  1.29315E-12
  3.92578E-01  1.25582E-12
  3.96484E-01  1.21844E-12
  4.00391E-01  1.18394E-12
  4.04297E-01  1.14938E-12
  4.08203E-01  1.11745E-12
  4.12109E-01  1.08547E-12
  4.16016E-01  1.05586E-12
  4.19922E-01  1.02622E-12
  4.23828E-01  9.98723E-13
  4.27734E-01  9.71201E-13
  4.31641E-01  9.45655E-13
  4.35547E-01  9.20074E-13
  4.39453E-01  8.96290E-13
  4.43359E-01  8.72478E-13
  4.47266E-01  8.50307E-13
  4.51172E-01  8.28110E-13
  4.55078E-01  8.07412E-13
  4.58984E-01  7.86690E-13
  4.62891E-01  7.67348E-13
  4.66797E-01  7.47985E-13
  4.70703E-01  7.29894E-13
  4.74609E-01  7.11784E-13
  4.78516E-01  6.94840E-13
  4.82422E-01  6.77885E-13
  4.86328E-01  6.62012E-13
  4.90234E-01  6.46122E-13
  4.94141E-01  6.31235E-13
  4.98047E-01  6.16331E-13
  5.01953E-01  6.02344E-13
  5.05859E-01  5.88347E-13
  5.09766E-01  5.75200E-13
  5.13672E-01  5.62043E-13
  5.17578E-01  5.49669E-13
  5.21484E-01  5.37280E-13
  5.25391E-01  5.25611E-13
  5.29297E-01  5.13931E-13
  5.33203E-01  5.02919E-13
  5.37109E-01  4.91902E-13
  5.41016E-01  4.81511E-13
  5.44922E-01  4.71113E-13
  5.48828E-01  4.61305E-13
  5.52734E-01  4.51488E-13
  5.56641E-01  4.42222E-13
  5.60547E-01  4.32949E-13
  5.64453E-01  4.24189E-13
  5.68359E-01  4.15419E-13
  5.72266E-01  4.07124E-13
  5.76172E-01  3.98822E-13
  5.80078E-01  3.90964E-13
  5.83984E-01  3.83101E-13
  5.87891E-01  3.75654E-13
  5.91797E-01  3.68203E-13
  5.95703E-01  3.61138E-13
  5.99609E-01  3.54070E-13
  6.03516E-01  3.47366E-13
  6.07422E-01  3.40657E-13
  6.11328E-01  3.34289E-13
  6.15234E-01  3.27916E-13
  6.19141E-01  3.21859E-13
  6.23047E-01  3.15798E-13
  6.26953E-01  3.10031E-13
  6.30859E-01  3.04263E-13
  6.34766E-01  2.98775E-13
  6.38672E-01  2.93283E-13
  6.42578E-01  2.88058E-13
  6.46484E-01  2.82830E-13
  6.50391E-01  2.77853E-13
  6.54297E-01  2.72874E-13
  6.58203E-01  2.68134E-13
  6.62109E-01  2.63390E-13
  6.66016E-01  2.58872E-13
  6.69922E-01  2.54350E-13
  6.73828E-01  2.50035E-13
  6.77734E-01  2.45716E-13
  6.81641E-01  2.41592E-13
  6.85547E-01  2.37463E-13
  6.89453E-01  2.33519E-13
  6.93359E-01  2.29571E-13
  6.97266E-01  2.25801E-13
  7.01172E-01  2.22028E-13
  7.05078E-01  2.18422E-13
  7.08984E-01  2.14814E-13
  7.12891E-01  2.11363E-13
  7.16797E-01  2.07910E-13
  7.20703E-01  2.04605E-13
  7.24609E-01  2.01300E-13
  7.28516E-01  1.98135E-13
  7.32422E-01  1.94969E-13
  7.36328E-01  1.91939E-13
  7.40234E-01  1.88906E-13
  7.44141E-01  1.86002E-13
  7.48047E-01  1.83095E-13
  7.51953E-01  1.80309E-13
  7.55859E-01  1.77522E-13
  7.59766E-01  1.74848E-13
  7.63672E-01  1.72172E-13
  7.67578E-01  1.69605E-13
  7.71484E-01  1.67037E-13
  7.75391E-01  1.64571E-13
  7.79297E-01  1.62104E-13
  7.83203E-01  1.59736E-13
  7.87109E-01  1.57367E-13
  7.91016E-01  1.55091E-13
  7.94922E-01  1.52815E-13
  7.98828E-01  1.50628E-13
  8.02734E-01  1.48440E-13
  8.06641E-01  1.46337E-13
  8.10547E-01  1.44232E-13
  8.14453E-01  1.42209E-13
  8.18359E-01  1.40184E-13
  8.22266E-01  1.38237E-13
  8.26172E-01  1.36288E-13
  8.30078E-01  1.34413E-13
  8.33984E-01  1.32537E-13
  8.37891E-01  1.30732E-13
  8.41797E-01  1.28925E-13
  8.45703E-01  1.27185E-13
  8.49609E-01  1.25445E-13
  8.53516E-01  1.23769E-13
  8.57422E-01  1.22091E-13
  8.61328E-01  1.20476E-13
  8.65234E-01  1.18859E-13
  8.69141E-01  1.17301E-13
  8.73047E-01  1.15743E-13
  8.76953E-01  1.14241E-13
  8.80859E-01  1.12739E-13
  8.84766E-01  1.11290E-13
  8.88672E-01  1.09841E-13
  8.92578E-01  1.08444E-13
  8.96484E-01  1.07045E-13
  9.00391E-01  1.05697E-13
  9.04297E-01  1.04348E-13
  9.08203E-01  1.03047E-13
  9.12109E-01  1.01746E-13
  9.16016E-01  1.00491E-13
  9.19922E-01  9.92345E-14
  9.23828E-01  9.80235E-14
  9.27734E-01  9.68117E-14
  9.31641E-01  9.56436E-14
  9.35547E-01  9.44746E-14
  9.39453E-01  9.33483E-14
  9.43359E-01  9.22211E-14
  9.47266E-01  9.11359E-14
  9.51172E-01  9.00500E-14
  9.55078E-01  8.90061E-14
  9.58984E-01  8.79611E-14
  9.62891E-01  8.69591E-14
  9.66797E-01  8.59561E-14
  9.70703E-01  8.49988E-14
  9.74609E-01  8.40408E-14
  9.78516E-01  8.31358E-14
  9.82422E-01  8.22300E-14
  9.86328E-01  8.13992E-14
  9.90234E-01  8.05719E-14
  9.94141E-01  7.99228E-14
  9.98047E-01  7.96083E-14
  1.00195E+00  7.96083E-14
