 -1.95312E-03  9.53728E+00
  1.95312E-03  9.53813E+00
  5.85938E-03  9.53341E+00
  9.76562E-03  9.52873E+00
  1.36719E-02  9.52352E+00
  1.75781E-02  9.51769E+00
  2.14844E-02  9.51123E+00
  2.53906E-02  9.50413E+00
  2.92969E-02  9.49638E+00
  3.32031E-02  9.48799E+00
  3.71094E-02  9.47896E+00
  4.10156E-02  9.46928E+00
  4.49219E-02  9.45897E+00
  4.88281E-02  9.44801E+00
  5.27344E-02  9.43641E+00
  5.66406E-02  9.42418E+00
  6.05469E-02  9.41131E+00
  6.44531E-02  9.39780E+00
  6.83594E-02  9.38365E+00
  7.22656E-02  9.36886E+00
  7.61719E-02  9.35344E+00
  8.00781E-02  9.33738E+00
  8.39844E-02  9.32068E+00
  8.78906E-02  9.30334E+00
  9.17969E-02  9.28536E+00
  9.57031E-02  9.26674E+00
  9.96094E-02  9.24747E+00
  1.03516E-01  9.22756E+00
  1.07422E-01  9.20699E+00
  1.11328E-01  9.18578E+00
  1.15234E-01  9.16390E+00
  1.19141E-01  9.14137E+00
  1.23047E-01  9.11818E+00
  1.26953E-01  9.09432E+00
  1.30859E-01  9.06978E+00
  1.34766E-01  9.04458E+00
  1.38672E-01  9.01869E+00
  1.42578E-01  8.99212E+00
  1.46484E-01  8.96485E+00
  1.50391E-01  8.93689E+00
  1.54297E-01  8.90822E+00
  1.58203E-01  8.87884E+00
  1.62109E-01  8.84875E+00
  1.66016E-01  8.81792E+00
  1.69922E-01  8.78636E+00
  1.73828E-01  8.75406E+00
  1.77734E-01  8.72100E+00
  1.81641E-01  8.68719E+00
  1.85547E-01  8.65259E+00
  1.89453E-01  8.61721E+00
  1.93359E-01  8.58104E+00
  1.97266E-01  8.54405E+00
  2.01172E-01  8.50624E+00
  2.05078E-01  8.46760E+00
  2.08984E-01  8.42810E+00
  2.12891E-01  8.38773E+00
  2.16797E-01  8.34648E+00
  2.20703E-01  8.30432E+00
  2.24609E-01  8.26124E+00
  2.28516E-01  8.21721E+00
  2.32422E-01  8.17222E+00
  2.36328E-01  8.12624E+00
  2.40234E-01  8.07926E+00
  2.44141E-01  8.03124E+00
  2.48047E-01  7.98216E+00
  2.51953E-01  7.93198E+00
  2.55859E-01  7.88068E+00
  2.59766E-01  7.82821E+00
  2.63672E-01  7.77456E+00
  2.67578E-01  7.71967E+00
  2.71484E-01  7.66352E+00
  2.75391E-01  7.60604E+00
  2.79297E-01  7.54720E+00
  2.83203E-01  7.48693E+00
  2.87109E-01  7.42520E+00
  2.91016E-01  7.36194E+00
  2.94922E-01  7.29708E+00
  2.98828E-01  7.23055E+00
  3.02734E-01  7.16227E+00
  3.06641E-01  7.09216E+00
  3.10547E-01  7.02014E+00
  3.14453E-01  6.94609E+00
  3.18359E-01  6.86990E+00
  3.22266E-01  6.79145E+00
  3.26172E-01  6.71059E+00
  3.30078E-01  6.62717E+00
  3.33984E-01  6.54102E+00
  3.37891E-01  6.45193E+00
  3.41797E-01  6.35968E+00
  3.45703E-01  6.26390E+00
  3.49609E-01  6.16078E+00
  3.53516E-01  5.94981E+00
  3.57422E-01  1.36690E-02
  3.61328E-01  1.33340E-02
  3.65234E-01  1.29020E-02
  3.69141E-01  1.25059E-02
  3.73047E-01  1.21093E-02
  3.76953E-01  1.17452E-02
  3.80859E-01  1.13805E-02
  3.84766E-01  1.10449E-02
  3.88672E-01  1.07089E-02
  3.92578E-01  1.03991E-02
  3.96484E-01  1.00889E-02
  4.00391E-01  9.80265E-03
  4.04297E-01  9.51600E-03
  4.08203E-01  9.25120E-03
  4.12109E-01  8.98603E-03
  4.16016E-01  8.74056E-03
  4.19922E-01  8.49470E-03
  4.23828E-01  8.26674E-03
  4.27734E-01  8.03846E-03
  4.31641E-01  7.82653E-03
  4.35547E-01  7.61429E-03
  4.39453E-01  7.41702E-03
  4.43359E-01  7.21950E-03
  4.47266E-01  7.03570E-03
  4.51172E-01  6.85170E-03
  4.55078E-01  6.68021E-03
  4.58984E-01  6.50850E-03
  4.62891E-01  6.34827E-03
  4.66797E-01  6.18785E-03
  4.70703E-01  6.03795E-03
  4.74609E-01  5.88790E-03
  4.78516E-01  5.74758E-03
  4.82422E-01  5.60714E-03
  4.86328E-01  5.47571E-03
  4.90234E-01  5.34414E-03
  4.94141E-01  5.22079E-03
  4.98047E-01  5.09732E-03
  5.01953E-01  4.98145E-03
  5.05859E-01  4.86549E-03
  5.09766E-01  4.75659E-03
  5.13672E-01  4.64757E-03
  5.17578E-01  4.54496E-03
  5.21484E-01  4.44228E-03
  5.25391E-01  4.34557E-03
  5.29297E-01  4.24878E-03
  5.33203E-01  4.15765E-03
  5.37109E-01  4.06645E-03
  5.41016E-01  3.98058E-03
  5.44922E-01  3.89463E-03
  5.48828E-01  3.81361E-03
  5.52734E-01  3.73250E-03
  5.56641E-01  3.65582E-03
  5.60547E-01  3.57906E-03
  5.64453E-01  3.50643E-03
  5.68359E-01  3.43378E-03
  5.72266E-01  3.36511E-03
  5.76172E-01  3.29642E-03
  5.80078E-01  3.23153E-03
  5.83984E-01  3.16660E-03
  5.87891E-01  3.10510E-03
  5.91797E-01  3.04354E-03
  5.95703E-01  2.98512E-03
  5.99609E-01  2.92664E-03
  6.03516E-01  2.87113E-03
  6.07422E-01  2.81560E-03
  6.11328E-01  2.76292E-03
  6.15234E-01  2.71021E-03
  6.19141E-01  2.66018E-03
  6.23047E-01  2.61010E-03
  6.26953E-01  2.56246E-03
  6.30859E-01  2.51477E-03
  6.34766E-01  2.46941E-03
  6.38672E-01  2.42400E-03
  6.42578E-01  2.38080E-03
  6.46484E-01  2.33757E-03
  6.50391E-01  2.29642E-03
  6.54297E-01  2.25525E-03
  6.58203E-01  2.21607E-03
  6.62109E-01  2.17687E-03
  6.66016E-01  2.13957E-03
  6.69922E-01  2.10223E-03
  6.73828E-01  2.06657E-03
  6.77734E-01  2.03088E-03
  6.81641E-01  1.99675E-03
  6.85547E-01  1.96260E-03
  6.89453E-01  1.92995E-03
  6.93359E-01  1.89729E-03
  6.97266E-01  1.86613E-03
  7.01172E-01  1.83497E-03
  7.05078E-01  1.80527E-03
  7.08984E-01  1.77555E-03
  7.12891E-01  1.74715E-03
  7.16797E-01  1.71872E-03
  7.20703E-01  1.69144E-03
  7.24609E-01  1.66413E-03
  7.28516E-01  1.63790E-03
  7.32422E-01  1.61166E-03
  7.36328E-01  1.58652E-03
  7.40234E-01  1.56142E-03
  7.44141E-01  1.53743E-03
  7.48047E-01  1.51345E-03
  7.51953E-01  1.49050E-03
  7.55859E-01  1.46755E-03
  7.59766E-01  1.44553E-03
  7.63672E-01  1.42347E-03
  7.67578E-01  1.40225E-03
  7.71484E-01  1.38107E-03
  7.75391E-01  1.36073E-03
  7.79297E-01  1.34037E-03
  7.83203E-01  1.32084E-03
  7.87109E-01  1.30139E-03
  7.91016E-01  1.28232E-03
  7.94922E-01  1.26376E-03
  7.98828E-01  1.24530E-03
  8.02734E-01  1.22755E-03
  8.06641E-01  1.20985E-03
  8.10547E-01  1.19290E-03
  8.14453E-01  1.17594E-03
  8.18359E-01  1.15959E-03
  8.22266E-01  1.14321E-03
  8.26172E-01  1.12736E-03
  8.30078E-01  1.11150E-03
  8.33984E-01  1.09619E-03
  8.37891E-01  1.08091E-03
  8.41797E-01  1.06621E-03
  8.45703E-01  1.05156E-03
  8.49609E-01  1.03748E-03
  8.53516E-01  1.02342E-03
  8.57422E-01  1.00989E-03
  8.61328E-01  9.96342E-04
  8.65234E-01  9.83205E-04
  8.69141E-01  9.70063E-04
  8.73047E-01  9.57366E-04
  8.76953E-01  9.44723E-04
  8.80859E-01  9.32539E-04
  8.84766E-01  9.20360E-04
  8.88672E-01  9.08560E-04
  8.92578E-01  8.96791E-04
  8.96484E-01  8.85464E-04
  9.00391E-01  8.74150E-04
  9.04297E-01  8.63196E-04
  9.08203E-01  8.52298E-04
  9.12109E-01  8.41779E-04
  9.16016E-01  8.31216E-04
  9.19922E-01  8.20921E-04
  9.23828E-01  8.10788E-04
  9.27734E-01  8.00756E-04
  9.31641E-01  7.90966E-04
  9.35547E-01  7.81398E-04
  9.39453E-01  7.71985E-04
  9.43359E-01  7.62710E-04
  9.47266E-01  7.53692E-04
  9.51172E-01  7.44866E-04
  9.55078E-01  7.36091E-04
  9.58984E-01  7.27506E-04
  9.62891E-01  7.19140E-04
  9.66797E-01  7.10865E-04
  9.70703E-01  7.02920E-04
  9.74609E-01  6.95137E-04
  9.78516E-01  6.87605E-04
  9.82422E-01  6.80322E-04
  9.86328E-01  6.73103E-04
  9.90234E-01  6.66506E-04
  9.94141E-01  6.60991E-04
  9.98047E-01  6.58389E-04
  1.00195E+00  6.58389E-04
