 -1.95312E-03  9.53917E+00
  1.95312E-03  9.53967E+00
  5.85938E-03  9.53495E+00
  9.76562E-03  9.53028E+00
  1.36719E-02  9.52506E+00
  1.75781E-02  9.51924E+00
  2.14844E-02  9.51278E+00
  2.53906E-02  9.50568E+00
  2.92969E-02  9.49792E+00
  3.32031E-02  9.48953E+00
  3.71094E-02  9.48050E+00
  4.10156E-02  9.47082E+00
  4.49219E-02  9.46050E+00
  4.88281E-02  9.44954E+00
  5.27344E-02  9.43794E+00
  5.66406E-02  9.42571E+00
  6.05469E-02  9.41284E+00
  6.44531E-02  9.39933E+00
  6.83594E-02  9.38518E+00
  7.22656E-02  9.37039E+00
  7.61719E-02  9.35497E+00
  8.00781E-02  9.33890E+00
  8.39844E-02  9.32220E+00
  8.78906E-02  9.30486E+00
  9.17969E-02  9.28687E+00
  9.57031E-02  9.26824E+00
  9.96094E-02  9.24897E+00
  1.03516E-01  9.22905E+00
  1.07422E-01  9.20848E+00
  1.11328E-01  9.18726E+00
  1.15234E-01  9.16537E+00
  1.19141E-01  9.14283E+00
  1.23047E-01  9.11963E+00
  1.26953E-01  9.09576E+00
  1.30859E-01  9.07122E+00
  1.34766E-01  9.04600E+00
  1.38672E-01  9.02010E+00
  1.42578E-01  8.99351E+00
  1.46484E-01  8.96623E+00
  1.50391E-01  8.93825E+00
  1.54297E-01  8.90956E+00
  1.58203E-01  8.88016E+00
  1.62109E-01  8.85004E+00
  1.66016E-01  8.81920E+00
  1.69922E-01  8.78761E+00
  1.73828E-01  8.75528E+00
  1.77734E-01  8.72220E+00
  1.81641E-01  8.68836E+00
  1.85547E-01  8.65374E+00
  1.89453E-01  8.61833E+00
  1.93359E-01  8.58212E+00
  1.97266E-01  8.54510E+00
  2.01172E-01  8.50726E+00
  2.05078E-01  8.46858E+00
  2.08984E-01  8.42904E+00
  2.12891E-01  8.38863E+00
  2.16797E-01  8.34733E+00
  2.20703E-01  8.30512E+00
  2.24609E-01  8.26199E+00
  2.28516E-01  8.21791E+00
  2.32422E-01  8.17287E+00
  2.36328E-01  8.12683E+00
  2.40234E-01  8.07978E+00
  2.44141E-01  8.03169E+00
  2.48047E-01  7.98253E+00
  2.51953E-01  7.93227E+00
  2.55859E-01  7.88088E+00
  2.59766E-01  7.82832E+00
  2.63672E-01  7.77457E+00
  2.67578E-01  7.71958E+00
  2.71484E-01  7.66331E+00
  2.75391E-01  7.60572E+00
  2.79297E-01  7.54675E+00
  2.83203E-01  7.48636E+00
  2.87109E-01  7.42449E+00
  2.91016E-01  7.36107E+00
  2.94922E-01  7.29605E+00
  2.98828E-01  7.22934E+00
  3.02734E-01  7.16088E+00
  3.06641E-01  7.09058E+00
  3.10547E-01  7.01834E+00
  3.14453E-01  6.94406E+00
  3.18359E-01  6.86763E+00
  3.22266E-01  6.78892E+00
  3.26172E-01  6.70778E+00
  3.30078E-01  6.62407E+00
  3.33984E-01  6.53761E+00
  3.37891E-01  6.44819E+00
  3.41797E-01  6.35560E+00
  3.45703E-01  6.25945E+00
  3.49609E-01  6.15589E+00
  3.53516E-01  5.94396E+00
  3.57422E-01  2.20783E-10
  3.61328E-01  2.15421E-10
  3.65234E-01  2.08459E-10
  3.69141E-01  2.02073E-10
  3.73047E-01  1.95678E-10
  3.76953E-01  1.89801E-10
  3.80859E-01  1.83915E-10
  3.84766E-01  1.78500E-10
  3.88672E-01  1.73077E-10
  3.92578E-01  1.68079E-10
  3.96484E-01  1.63075E-10
  4.00391E-01  1.58457E-10
  4.04297E-01  1.53832E-10
  4.08203E-01  1.49556E-10
  4.12109E-01  1.45275E-10
  4.16016E-01  1.41313E-10
  4.19922E-01  1.37345E-10
  4.23828E-01  1.33665E-10
  4.27734E-01  1.29981E-10
  4.31641E-01  1.26560E-10
  4.35547E-01  1.23135E-10
  4.39453E-01  1.19953E-10
  4.43359E-01  1.16766E-10
  4.47266E-01  1.13799E-10
  4.51172E-01  1.10828E-10
  4.55078E-01  1.08060E-10
  4.58984E-01  1.05288E-10
  4.62891E-01  1.02699E-10
  4.66797E-01  1.00109E-10
  4.70703E-01  9.76874E-11
  4.74609E-01  9.52637E-11
  4.78516E-01  9.29961E-11
  4.82422E-01  9.07263E-11
  4.86328E-01  8.86005E-11
  4.90234E-01  8.64730E-11
  4.94141E-01  8.44795E-11
  4.98047E-01  8.24840E-11
  5.01953E-01  8.06117E-11
  5.05859E-01  7.87376E-11
  5.09766E-01  7.69777E-11
  5.13672E-01  7.52161E-11
  5.17578E-01  7.35606E-11
  5.21484E-01  7.19036E-11
  5.25391E-01  7.03439E-11
  5.29297E-01  6.87824E-11
  5.33203E-01  6.73104E-11
  5.37109E-01  6.58370E-11
  5.41016E-01  6.44467E-11
  5.44922E-01  6.30555E-11
  5.48828E-01  6.17425E-11
  5.52734E-01  6.04282E-11
  5.56641E-01  5.91872E-11
  5.60547E-01  5.79456E-11
  5.64453E-01  5.67721E-11
  5.68359E-01  5.55982E-11
  5.72266E-01  5.44883E-11
  5.76172E-01  5.33772E-11
  5.80078E-01  5.23255E-11
  5.83984E-01  5.12730E-11
  5.87891E-01  5.02761E-11
  5.91797E-01  4.92784E-11
  5.95703E-01  4.83327E-11
  5.99609E-01  4.73864E-11
  6.03516E-01  4.64887E-11
  6.07422E-01  4.55906E-11
  6.11328E-01  4.47383E-11
  6.15234E-01  4.38854E-11
  6.19141E-01  4.30754E-11
  6.23047E-01  4.22648E-11
  6.26953E-01  4.14938E-11
  6.30859E-01  4.07222E-11
  6.34766E-01  3.99879E-11
  6.38672E-01  3.92531E-11
  6.42578E-01  3.85536E-11
  6.46484E-01  3.78537E-11
  6.50391E-01  3.71872E-11
  6.54297E-01  3.65203E-11
  6.58203E-01  3.58853E-11
  6.62109E-01  3.52499E-11
  6.66016E-01  3.46445E-11
  6.69922E-01  3.40387E-11
  6.73828E-01  3.34615E-11
  6.77734E-01  3.28838E-11
  6.81641E-01  3.23323E-11
  6.85547E-01  3.17804E-11
  6.89453E-01  3.12530E-11
  6.93359E-01  3.07253E-11
  6.97266E-01  3.02205E-11
  7.01172E-01  2.97158E-11
  7.05078E-01  2.92330E-11
  7.08984E-01  2.87501E-11
  7.12891E-01  2.82882E-11
  7.16797E-01  2.78262E-11
  7.20703E-01  2.73840E-11
  7.24609E-01  2.69416E-11
  7.28516E-01  2.65180E-11
  7.32422E-01  2.60942E-11
  7.36328E-01  2.56884E-11
  7.40234E-01  2.52823E-11
  7.44141E-01  2.48934E-11
  7.48047E-01  2.45044E-11
  7.51953E-01  2.41315E-11
  7.55859E-01  2.37584E-11
  7.59766E-01  2.34007E-11
  7.63672E-01  2.30426E-11
  7.67578E-01  2.26992E-11
  7.71484E-01  2.23555E-11
  7.75391E-01  2.20256E-11
  7.79297E-01  2.16955E-11
  7.83203E-01  2.13786E-11
  7.87109E-01  2.10614E-11
  7.91016E-01  2.07568E-11
  7.94922E-01  2.04520E-11
  7.98828E-01  2.01592E-11
  8.02734E-01  1.98663E-11
  8.06641E-01  1.95848E-11
  8.10547E-01  1.93032E-11
  8.14453E-01  1.90324E-11
  8.18359E-01  1.87614E-11
  8.22266E-01  1.85008E-11
  8.26172E-01  1.82401E-11
  8.30078E-01  1.79891E-11
  8.33984E-01  1.77381E-11
  8.37891E-01  1.74964E-11
  8.41797E-01  1.72547E-11
  8.45703E-01  1.70219E-11
  8.49609E-01  1.67889E-11
  8.53516E-01  1.65646E-11
  8.57422E-01  1.63402E-11
  8.61328E-01  1.61240E-11
  8.65234E-01  1.59076E-11
  8.69141E-01  1.56991E-11
  8.73047E-01  1.54905E-11
  8.76953E-01  1.52895E-11
  8.80859E-01  1.50884E-11
  8.84766E-01  1.48945E-11
  8.88672E-01  1.47005E-11
  8.92578E-01  1.45136E-11
  8.96484E-01  1.43265E-11
  9.00391E-01  1.41460E-11
  9.04297E-01  1.39655E-11
  9.08203E-01  1.37914E-11
  9.12109E-01  1.36172E-11
  9.16016E-01  1.34492E-11
  9.19922E-01  1.32811E-11
  9.23828E-01  1.31190E-11
  9.27734E-01  1.29568E-11
  9.31641E-01  1.28005E-11
  9.35547E-01  1.26440E-11
  9.39453E-01  1.24933E-11
  9.43359E-01  1.23424E-11
  9.47266E-01  1.21972E-11
  9.51172E-01  1.20519E-11
  9.55078E-01  1.19121E-11
  9.58984E-01  1.17723E-11
  9.62891E-01  1.16382E-11
  9.66797E-01  1.15039E-11
  9.70703E-01  1.13758E-11
  9.74609E-01  1.12476E-11
  9.78516E-01  1.11265E-11
  9.82422E-01  1.10053E-11
  9.86328E-01  1.08941E-11
  9.90234E-01  1.07833E-11
  9.94141E-01  1.06965E-11
  9.98047E-01  1.06544E-11
  1.00195E+00  1.06544E-11
