 -1.95312E-03  9.53849E+00
  1.95312E-03  9.53899E+00
  5.85938E-03  9.53427E+00
  9.76562E-03  9.52959E+00
  1.36719E-02  9.52438E+00
  1.75781E-02  9.51856E+00
  2.14844E-02  9.51210E+00
  2.53906E-02  9.50500E+00
  2.92969E-02  9.49725E+00
  3.32031E-02  9.48886E+00
  3.71094E-02  9.47983E+00
  4.10156E-02  9.47015E+00
  4.49219E-02  9.45983E+00
  4.88281E-02  9.44887E+00
  5.27344E-02  9.43727E+00
  5.66406E-02  9.42504E+00
  6.05469E-02  9.41218E+00
  6.44531E-02  9.39867E+00
  6.83594E-02  9.38452E+00
  7.22656E-02  9.36974E+00
  7.61719E-02  9.35431E+00
  8.00781E-02  9.33825E+00
  8.39844E-02  9.32156E+00
  8.78906E-02  9.30422E+00
  9.17969E-02  9.28624E+00
  9.57031E-02  9.26761E+00
  9.96094E-02  9.24834E+00
  1.03516E-01  9.22843E+00
  1.07422E-01  9.20786E+00
  1.11328E-01  9.18664E+00
  1.15234E-01  9.16477E+00
  1.19141E-01  9.14223E+00
  1.23047E-01  9.11904E+00
  1.26953E-01  9.09518E+00
  1.30859E-01  9.07064E+00
  1.34766E-01  9.04543E+00
  1.38672E-01  9.01954E+00
  1.42578E-01  8.99297E+00
  1.46484E-01  8.96570E+00
  1.50391E-01  8.93774E+00
  1.54297E-01  8.90906E+00
  1.58203E-01  8.87968E+00
  1.62109E-01  8.84958E+00
  1.66016E-01  8.81875E+00
  1.69922E-01  8.78719E+00
  1.73828E-01  8.75488E+00
  1.77734E-01  8.72182E+00
  1.81641E-01  8.68799E+00
  1.85547E-01  8.65339E+00
  1.89453E-01  8.61800E+00
  1.93359E-01  8.58181E+00
  1.97266E-01  8.54481E+00
  2.01172E-01  8.50699E+00
  2.05078E-01  8.46833E+00
  2.08984E-01  8.42882E+00
  2.12891E-01  8.38843E+00
  2.16797E-01  8.34716E+00
  2.20703E-01  8.30497E+00
  2.24609E-01  8.26187E+00
  2.28516E-01  8.21781E+00
  2.32422E-01  8.17279E+00
  2.36328E-01  8.12678E+00
  2.40234E-01  8.07977E+00
  2.44141E-01  8.03171E+00
  2.48047E-01  7.98258E+00
  2.51953E-01  7.93235E+00
  2.55859E-01  7.88099E+00
  2.59766E-01  7.82848E+00
  2.63672E-01  7.77476E+00
  2.67578E-01  7.71980E+00
  2.71484E-01  7.66356E+00
  2.75391E-01  7.60600E+00
  2.79297E-01  7.54707E+00
  2.83203E-01  7.48671E+00
  2.87109E-01  7.42488E+00
  2.91016E-01  7.36150E+00
  2.94922E-01  7.29650E+00
  2.98828E-01  7.22984E+00
  3.02734E-01  7.16141E+00
  3.06641E-01  7.09115E+00
  3.10547E-01  7.01895E+00
  3.14453E-01  6.94471E+00
  3.18359E-01  6.86831E+00
  3.22266E-01  6.78963E+00
  3.26172E-01  6.70854E+00
  3.30078E-01  6.62488E+00
  3.33984E-01  6.53845E+00
  3.37891E-01  6.44909E+00
  3.41797E-01  6.35655E+00
  3.45703E-01  6.26045E+00
  3.49609E-01  6.15695E+00
  3.53516E-01  5.94513E+00
  3.57422E-01  2.75860E-04
  3.61328E-01  2.69154E-04
  3.65234E-01  2.60446E-04
  3.69141E-01  2.52468E-04
  3.73047E-01  2.44475E-04
  3.76953E-01  2.37138E-04
  3.80859E-01  2.29792E-04
  3.84766E-01  2.23035E-04
  3.88672E-01  2.16269E-04
  3.92578E-01  2.10035E-04
  3.96484E-01  2.03791E-04
  4.00391E-01  1.98029E-04
  4.04297E-01  1.92257E-04
  4.08203E-01  1.86919E-04
  4.12109E-01  1.81573E-04
  4.16016E-01  1.76621E-04
  4.19922E-01  1.71663E-04
  4.23828E-01  1.67062E-04
  4.27734E-01  1.62456E-04
  4.31641E-01  1.58180E-04
  4.35547E-01  1.53898E-04
  4.39453E-01  1.49918E-04
  4.43359E-01  1.45932E-04
  4.47266E-01  1.42222E-04
  4.51172E-01  1.38507E-04
  4.55078E-01  1.35045E-04
  4.58984E-01  1.31580E-04
  4.62891E-01  1.28346E-04
  4.66797E-01  1.25109E-04
  4.70703E-01  1.22083E-04
  4.74609E-01  1.19055E-04
  4.78516E-01  1.16224E-04
  4.82422E-01  1.13390E-04
  4.86328E-01  1.10736E-04
  4.90234E-01  1.08080E-04
  4.94141E-01  1.05589E-04
  4.98047E-01  1.03097E-04
  5.01953E-01  1.00757E-04
  5.05859E-01  9.84143E-05
  5.09766E-01  9.62134E-05
  5.13672E-01  9.40108E-05
  5.17578E-01  9.19394E-05
  5.21484E-01  8.98662E-05
  5.25391E-01  8.79143E-05
  5.29297E-01  8.59611E-05
  5.33203E-01  8.41209E-05
  5.37109E-01  8.22798E-05
  5.41016E-01  8.05444E-05
  5.44922E-01  7.88074E-05
  5.48828E-01  7.71695E-05
  5.52734E-01  7.55300E-05
  5.56641E-01  7.39815E-05
  5.60547E-01  7.24317E-05
  5.64453E-01  7.09664E-05
  5.68359E-01  6.95002E-05
  5.72266E-01  6.81129E-05
  5.76172E-01  6.67242E-05
  5.80078E-01  6.54090E-05
  5.83984E-01  6.40924E-05
  5.87891E-01  6.28442E-05
  5.91797E-01  6.15954E-05
  5.95703E-01  6.04109E-05
  5.99609E-01  5.92261E-05
  6.03516E-01  5.81031E-05
  6.07422E-01  5.69792E-05
  6.11328E-01  5.59130E-05
  6.15234E-01  5.48459E-05
  6.19141E-01  5.38322E-05
  6.23047E-01  5.28177E-05
  6.26953E-01  5.18532E-05
  6.30859E-01  5.08881E-05
  6.34766E-01  4.99703E-05
  6.38672E-01  4.90521E-05
  6.42578E-01  4.81787E-05
  6.46484E-01  4.73048E-05
  6.50391E-01  4.64733E-05
  6.54297E-01  4.56411E-05
  6.58203E-01  4.48481E-05
  6.62109E-01  4.40545E-05
  6.66016E-01  4.32970E-05
  6.69922E-01  4.25395E-05
  6.73828E-01  4.18162E-05
  6.77734E-01  4.10928E-05
  6.81641E-01  4.04021E-05
  6.85547E-01  3.97112E-05
  6.89453E-01  3.90515E-05
  6.93359E-01  3.83914E-05
  6.97266E-01  3.77611E-05
  7.01172E-01  3.71304E-05
  7.05078E-01  3.65280E-05
  7.08984E-01  3.59253E-05
  7.12891E-01  3.53487E-05
  7.16797E-01  3.47718E-05
  7.20703E-01  3.42197E-05
  7.24609E-01  3.36673E-05
  7.28516E-01  3.31380E-05
  7.32422E-01  3.26086E-05
  7.36328E-01  3.21012E-05
  7.40234E-01  3.15938E-05
  7.44141E-01  3.11075E-05
  7.48047E-01  3.06210E-05
  7.51953E-01  3.01548E-05
  7.55859E-01  2.96883E-05
  7.59766E-01  2.92410E-05
  7.63672E-01  2.87935E-05
  7.67578E-01  2.83642E-05
  7.71484E-01  2.79347E-05
  7.75391E-01  2.75227E-05
  7.79297E-01  2.71104E-05
  7.83203E-01  2.67148E-05
  7.87109E-01  2.63189E-05
  7.91016E-01  2.59388E-05
  7.94922E-01  2.55585E-05
  7.98828E-01  2.51931E-05
  8.02734E-01  2.48275E-05
  8.06641E-01  2.44760E-05
  8.10547E-01  2.41244E-05
  8.14453E-01  2.37863E-05
  8.18359E-01  2.34480E-05
  8.22266E-01  2.31226E-05
  8.26172E-01  2.27970E-05
  8.30078E-01  2.24837E-05
  8.33984E-01  2.21702E-05
  8.37891E-01  2.18684E-05
  8.41797E-01  2.15665E-05
  8.45703E-01  2.12758E-05
  8.49609E-01  2.09849E-05
  8.53516E-01  2.07046E-05
  8.57422E-01  2.04241E-05
  8.61328E-01  2.01539E-05
  8.65234E-01  1.98834E-05
  8.69141E-01  1.96227E-05
  8.73047E-01  1.93618E-05
  8.76953E-01  1.91105E-05
  8.80859E-01  1.88589E-05
  8.84766E-01  1.86164E-05
  8.88672E-01  1.83738E-05
  8.92578E-01  1.81399E-05
  8.96484E-01  1.79058E-05
  9.00391E-01  1.76802E-05
  9.04297E-01  1.74545E-05
  9.08203E-01  1.72367E-05
  9.12109E-01  1.70188E-05
  9.16016E-01  1.68086E-05
  9.19922E-01  1.65982E-05
  9.23828E-01  1.63953E-05
  9.27734E-01  1.61922E-05
  9.31641E-01  1.59964E-05
  9.35547E-01  1.58005E-05
  9.39453E-01  1.56120E-05
  9.43359E-01  1.54233E-05
  9.47266E-01  1.52420E-05
  9.51172E-01  1.50606E-05
  9.55078E-01  1.48862E-05
  9.58984E-01  1.47116E-05
  9.62891E-01  1.45440E-05
  9.66797E-01  1.43762E-05
  9.70703E-01  1.42160E-05
  9.74609E-01  1.40559E-05
  9.78516E-01  1.39055E-05
  9.82422E-01  1.37557E-05
  9.86328E-01  1.36177E-05
  9.90234E-01  1.34789E-05
  9.94141E-01  1.33672E-05
  9.98047E-01  1.33146E-05
  1.00195E+00  1.33146E-05
