 -1.95312E-03  9.53898E+00
  1.95312E-03  9.53949E+00
  5.85938E-03  9.53476E+00
  9.76562E-03  9.53009E+00
  1.36719E-02  9.52488E+00
  1.75781E-02  9.51905E+00
  2.14844E-02  9.51259E+00
  2.53906E-02  9.50548E+00
  2.92969E-02  9.49773E+00
  3.32031E-02  9.48934E+00
  3.71094E-02  9.48030E+00
  4.10156E-02  9.47063E+00
  4.49219E-02  9.46031E+00
  4.88281E-02  9.44935E+00
  5.27344E-02  9.43775E+00
  5.66406E-02  9.42551E+00
  6.05469E-02  9.41265E+00
  6.44531E-02  9.39914E+00
  6.83594E-02  9.38499E+00
  7.22656E-02  9.37021E+00
  7.61719E-02  9.35478E+00
  8.00781E-02  9.33872E+00
  8.39844E-02  9.32202E+00
  8.78906E-02  9.30468E+00
  9.17969E-02  9.28670E+00
  9.57031E-02  9.26807E+00
  9.96094E-02  9.24880E+00
  1.03516E-01  9.22888E+00
  1.07422E-01  9.20832E+00
  1.11328E-01  9.18709E+00
  1.15234E-01  9.16521E+00
  1.19141E-01  9.14268E+00
  1.23047E-01  9.11947E+00
  1.26953E-01  9.09561E+00
  1.30859E-01  9.07107E+00
  1.34766E-01  9.04585E+00
  1.38672E-01  9.01995E+00
  1.42578E-01  8.99337E+00
  1.46484E-01  8.96609E+00
  1.50391E-01  8.93812E+00
  1.54297E-01  8.90943E+00
  1.58203E-01  8.88003E+00
  1.62109E-01  8.84992E+00
  1.66016E-01  8.81908E+00
  1.69922E-01  8.78751E+00
  1.73828E-01  8.75518E+00
  1.77734E-01  8.72211E+00
  1.81641E-01  8.68827E+00
  1.85547E-01  8.65366E+00
  1.89453E-01  8.61826E+00
  1.93359E-01  8.58205E+00
  1.97266E-01  8.54504E+00
  2.01172E-01  8.50720E+00
  2.05078E-01  8.46853E+00
  2.08984E-01  8.42900E+00
  2.12891E-01  8.38859E+00
  2.16797E-01  8.34730E+00
  2.20703E-01  8.30510E+00
  2.24609E-01  8.26198E+00
  2.28516E-01  8.21791E+00
  2.32422E-01  8.17287E+00
  2.36328E-01  8.12684E+00
  2.40234E-01  8.07980E+00
  2.44141E-01  8.03172E+00
  2.48047E-01  7.98256E+00
  2.51953E-01  7.93231E+00
  2.55859E-01  7.88092E+00
  2.59766E-01  7.82838E+00
  2.63672E-01  7.77463E+00
  2.67578E-01  7.71965E+00
  2.71484E-01  7.66338E+00
  2.75391E-01  7.60580E+00
  2.79297E-01  7.54684E+00
  2.83203E-01  7.48645E+00
  2.87109E-01  7.42459E+00
  2.91016E-01  7.36118E+00
  2.94922E-01  7.29616E+00
  2.98828E-01  7.22947E+00
  3.02734E-01  7.16101E+00
  3.06641E-01  7.09072E+00
  3.10547E-01  7.01849E+00
  3.14453E-01  6.94422E+00
  3.18359E-01  6.86779E+00
  3.22266E-01  6.78908E+00
  3.26172E-01  6.70796E+00
  3.30078E-01  6.62425E+00
  3.33984E-01  6.53780E+00
  3.37891E-01  6.44840E+00
  3.41797E-01  6.35582E+00
  3.45703E-01  6.25968E+00
  3.49609E-01  6.15614E+00
  3.53516E-01  5.94424E+00
  3.57422E-01  7.86926E-08
  3.61328E-01  7.67811E-08
  3.65234E-01  7.42992E-08
  3.69141E-01  7.20232E-08
  3.73047E-01  6.97440E-08
  3.76953E-01  6.76506E-08
  3.80859E-01  6.55537E-08
  3.84766E-01  6.36242E-08
  3.88672E-01  6.16916E-08
  3.92578E-01  5.99104E-08
  3.96484E-01  5.81270E-08
  4.00391E-01  5.64815E-08
  4.04297E-01  5.48336E-08
  4.08203E-01  5.33104E-08
  4.12109E-01  5.17853E-08
  4.16016E-01  5.03736E-08
  4.19922E-01  4.89602E-08
  4.23828E-01  4.76496E-08
  4.27734E-01  4.63375E-08
  4.31641E-01  4.51193E-08
  4.35547E-01  4.38996E-08
  4.39453E-01  4.27647E-08
  4.43359E-01  4.16287E-08
  4.47266E-01  4.05707E-08
  4.51172E-01  3.95114E-08
  4.55078E-01  3.85233E-08
  4.58984E-01  3.75342E-08
  4.62891E-01  3.66106E-08
  4.66797E-01  3.56863E-08
  4.70703E-01  3.48227E-08
  4.74609E-01  3.39582E-08
  4.78516E-01  3.31499E-08
  4.82422E-01  3.23407E-08
  4.86328E-01  3.15829E-08
  4.90234E-01  3.08244E-08
  4.94141E-01  3.01130E-08
  4.98047E-01  2.94014E-08
  5.01953E-01  2.87338E-08
  5.05859E-01  2.80656E-08
  5.09766E-01  2.74379E-08
  5.13672E-01  2.68097E-08
  5.17578E-01  2.62192E-08
  5.21484E-01  2.56281E-08
  5.25391E-01  2.50719E-08
  5.29297E-01  2.45151E-08
  5.33203E-01  2.39907E-08
  5.37109E-01  2.34659E-08
  5.41016E-01  2.29709E-08
  5.44922E-01  2.24754E-08
  5.48828E-01  2.20077E-08
  5.52734E-01  2.15396E-08
  5.56641E-01  2.10975E-08
  5.60547E-01  2.06551E-08
  5.64453E-01  2.02369E-08
  5.68359E-01  1.98185E-08
  5.72266E-01  1.94228E-08
  5.76172E-01  1.90269E-08
  5.80078E-01  1.86522E-08
  5.83984E-01  1.82771E-08
  5.87891E-01  1.79219E-08
  5.91797E-01  1.75665E-08
  5.95703E-01  1.72297E-08
  5.99609E-01  1.68927E-08
  6.03516E-01  1.65732E-08
  6.07422E-01  1.62534E-08
  6.11328E-01  1.59498E-08
  6.15234E-01  1.56457E-08
  6.19141E-01  1.53563E-08
  6.23047E-01  1.50668E-08
  6.26953E-01  1.47915E-08
  6.30859E-01  1.45161E-08
  6.34766E-01  1.42543E-08
  6.38672E-01  1.39924E-08
  6.42578E-01  1.37433E-08
  6.46484E-01  1.34940E-08
  6.50391E-01  1.32565E-08
  6.54297E-01  1.30188E-08
  6.58203E-01  1.27923E-08
  6.62109E-01  1.25657E-08
  6.66016E-01  1.23497E-08
  6.69922E-01  1.21336E-08
  6.73828E-01  1.19275E-08
  6.77734E-01  1.17214E-08
  6.81641E-01  1.15247E-08
  6.85547E-01  1.13279E-08
  6.89453E-01  1.11400E-08
  6.93359E-01  1.09519E-08
  6.97266E-01  1.07720E-08
  7.01172E-01  1.05921E-08
  7.05078E-01  1.04200E-08
  7.08984E-01  1.02479E-08
  7.12891E-01  1.00833E-08
  7.16797E-01  9.91851E-09
  7.20703E-01  9.76089E-09
  7.24609E-01  9.60321E-09
  7.28516E-01  9.45233E-09
  7.32422E-01  9.30137E-09
  7.36328E-01  9.15686E-09
  7.40234E-01  9.01228E-09
  7.44141E-01  8.87376E-09
  7.48047E-01  8.73514E-09
  7.51953E-01  8.60224E-09
  7.55859E-01  8.46932E-09
  7.59766E-01  8.34175E-09
  7.63672E-01  8.21417E-09
  7.67578E-01  8.09167E-09
  7.71484E-01  7.96918E-09
  7.75391E-01  7.85158E-09
  7.79297E-01  7.73387E-09
  7.83203E-01  7.62093E-09
  7.87109E-01  7.50790E-09
  7.91016E-01  7.39932E-09
  7.94922E-01  7.29066E-09
  7.98828E-01  7.18626E-09
  8.02734E-01  7.08181E-09
  8.06641E-01  6.98142E-09
  8.10547E-01  6.88098E-09
  8.14453E-01  6.78441E-09
  8.18359E-01  6.68781E-09
  8.22266E-01  6.59489E-09
  8.26172E-01  6.50192E-09
  8.30078E-01  6.41247E-09
  8.33984E-01  6.32296E-09
  8.37891E-01  6.23682E-09
  8.41797E-01  6.15062E-09
  8.45703E-01  6.06763E-09
  8.49609E-01  5.98460E-09
  8.53516E-01  5.90463E-09
  8.57422E-01  5.82461E-09
  8.61328E-01  5.74754E-09
  8.65234E-01  5.67042E-09
  8.69141E-01  5.59612E-09
  8.73047E-01  5.52177E-09
  8.76953E-01  5.45013E-09
  8.80859E-01  5.37844E-09
  8.84766E-01  5.30934E-09
  8.88672E-01  5.24020E-09
  8.92578E-01  5.17355E-09
  8.96484E-01  5.10684E-09
  9.00391E-01  5.04254E-09
  9.04297E-01  4.97818E-09
  9.08203E-01  4.91613E-09
  9.12109E-01  4.85403E-09
  9.16016E-01  4.79416E-09
  9.19922E-01  4.73423E-09
  9.23828E-01  4.67646E-09
  9.27734E-01  4.61865E-09
  9.31641E-01  4.56293E-09
  9.35547E-01  4.50715E-09
  9.39453E-01  4.45342E-09
  9.43359E-01  4.39963E-09
  9.47266E-01  4.34787E-09
  9.51172E-01  4.29606E-09
  9.55078E-01  4.24625E-09
  9.58984E-01  4.19639E-09
  9.62891E-01  4.14860E-09
  9.66797E-01  4.10075E-09
  9.70703E-01  4.05509E-09
  9.74609E-01  4.00938E-09
  9.78516E-01  3.96619E-09
  9.82422E-01  3.92299E-09
  9.86328E-01  3.88335E-09
  9.90234E-01  3.84388E-09
  9.94141E-01  3.81292E-09
  9.98047E-01  3.79792E-09
  1.00195E+00  3.79792E-09
