 -1.95312E-03  9.39194E+00
  1.95312E-03  9.39258E+00
  5.85938E-03  9.38785E+00
  9.76562E-03  9.38314E+00
  1.36719E-02  9.37788E+00
  1.75781E-02  9.37199E+00
  2.14844E-02  9.36545E+00
  2.53906E-02  9.35825E+00
  2.92969E-02  9.35039E+00
  3.32031E-02  9.34187E+00
  3.71094E-02  9.33270E+00
  4.10156E-02  9.32287E+00
  4.49219E-02  9.31239E+00
  4.88281E-02  9.30125E+00
  5.27344E-02  9.28946E+00
  5.66406E-02  9.27701E+00
  6.05469E-02  9.26392E+00
  6.44531E-02  9.25017E+00
  6.83594E-02  9.23577E+00
  7.22656E-02  9.22071E+00
  7.61719E-02  9.20500E+00
  8.00781E-02  9.18863E+00
  8.39844E-02  9.17161E+00
  8.78906E-02  9.15392E+00
  9.17969E-02  9.13558E+00
  9.57031E-02  9.11659E+00
  9.96094E-02  9.09692E+00
  1.03516E-01  9.07659E+00
  1.07422E-01  9.05559E+00
  1.11328E-01  9.03392E+00
  1.15234E-01  9.01158E+00
  1.19141E-01  8.98856E+00
  1.23047E-01  8.96485E+00
  1.26953E-01  8.94046E+00
  1.30859E-01  8.91537E+00
  1.34766E-01  8.88958E+00
  1.38672E-01  8.86309E+00
  1.42578E-01  8.83589E+00
  1.46484E-01  8.80798E+00
  1.50391E-01  8.77935E+00
  1.54297E-01  8.75000E+00
  1.58203E-01  8.71990E+00
  1.62109E-01  8.68906E+00
  1.66016E-01  8.65748E+00
  1.69922E-01  8.62513E+00
  1.73828E-01  8.59200E+00
  1.77734E-01  8.55810E+00
  1.81641E-01  8.52341E+00
  1.85547E-01  8.48791E+00
  1.89453E-01  8.45160E+00
  1.93359E-01  8.41446E+00
  1.97266E-01  8.37648E+00
  2.01172E-01  8.33764E+00
  2.05078E-01  8.29793E+00
  2.08984E-01  8.25733E+00
  2.12891E-01  8.21582E+00
  2.16797E-01  8.17338E+00
  2.20703E-01  8.13000E+00
  2.24609E-01  8.08565E+00
  2.28516E-01  8.04031E+00
  2.32422E-01  7.99396E+00
  2.36328E-01  7.94657E+00
  2.40234E-01  7.89811E+00
  2.44141E-01  7.84856E+00
  2.48047E-01  7.79789E+00
  2.51953E-01  7.74607E+00
  2.55859E-01  7.69305E+00
  2.59766E-01  7.63880E+00
  2.63672E-01  7.58329E+00
  2.67578E-01  7.52647E+00
  2.71484E-01  7.46828E+00
  2.75391E-01  7.40869E+00
  2.79297E-01  7.34763E+00
  2.83203E-01  7.28506E+00
  2.87109E-01  7.22091E+00
  2.91016E-01  7.15509E+00
  2.94922E-01  7.08755E+00
  2.98828E-01  7.01821E+00
  3.02734E-01  6.94697E+00
  3.06641E-01  6.87372E+00
  3.10547E-01  6.79838E+00
  3.14453E-01  6.72081E+00
  3.18359E-01  6.64088E+00
  3.22266E-01  6.55845E+00
  3.26172E-01  6.47335E+00
  3.30078E-01  6.38541E+00
  3.33984E-01  6.29439E+00
  3.37891E-01  6.20006E+00
  3.41797E-01  6.10214E+00
  3.45703E-01  6.00016E+00
  3.49609E-01  5.88947E+00
  3.53516E-01  5.66197E+00
  3.57422E-01  1.74081E-01
  3.61328E-01  1.65527E-01
  3.65234E-01  1.61598E-01
  3.69141E-01  1.56498E-01
  3.73047E-01  1.51840E-01
  3.76953E-01  1.47180E-01
  3.80859E-01  1.42902E-01
  3.84766E-01  1.38619E-01
  3.88672E-01  1.34660E-01
  3.92578E-01  1.30686E-01
  3.96484E-01  1.27007E-01
  4.00391E-01  1.23322E-01
  4.04297E-01  1.19946E-01
  4.08203E-01  1.16571E-01
  4.12109E-01  1.13431E-01
  4.16016E-01  1.10304E-01
  4.19922E-01  1.07386E-01
  4.23828E-01  1.04456E-01
  4.27734E-01  1.01705E-01
  4.31641E-01  9.89567E-02
  4.35547E-01  9.63976E-02
  4.39453E-01  9.38313E-02
  4.43359E-01  9.14490E-02
  4.47266E-01  8.91024E-02
  4.51172E-01  8.69019E-02
  4.55078E-01  8.47168E-02
  4.58984E-01  8.27143E-02
  4.62891E-01  8.07070E-02
  4.66797E-01  7.87908E-02
  4.70703E-01  7.68741E-02
  4.74609E-01  7.50436E-02
  4.78516E-01  7.32081E-02
  4.82422E-01  7.14429E-02
  4.86328E-01  6.96833E-02
  4.90234E-01  6.80207E-02
  4.94141E-01  6.63919E-02
  4.98047E-01  6.48355E-02
  5.01953E-01  6.33179E-02
  5.05859E-01  6.19214E-02
  5.09766E-01  6.05590E-02
  5.13672E-01  5.92055E-02
  5.17578E-01  5.78455E-02
  5.21484E-01  5.65081E-02
  5.25391E-01  5.52155E-02
  5.29297E-01  5.39836E-02
  5.33203E-01  5.27931E-02
  5.37109E-01  5.16276E-02
  5.41016E-01  5.04838E-02
  5.44922E-01  4.94003E-02
  5.48828E-01  4.84164E-02
  5.52734E-01  4.75233E-02
  5.56641E-01  4.66175E-02
  5.60547E-01  4.56914E-02
  5.64453E-01  4.47621E-02
  5.68359E-01  4.38401E-02
  5.72266E-01  4.29413E-02
  5.76172E-01  4.20781E-02
  5.80078E-01  4.12493E-02
  5.83984E-01  4.04474E-02
  5.87891E-01  3.96630E-02
  5.91797E-01  3.88921E-02
  5.95703E-01  3.81378E-02
  5.99609E-01  3.74025E-02
  6.03516E-01  3.66903E-02
  6.07422E-01  3.59988E-02
  6.11328E-01  3.53249E-02
  6.15234E-01  3.46644E-02
  6.19141E-01  3.40201E-02
  6.23047E-01  3.33927E-02
  6.26953E-01  3.27816E-02
  6.30859E-01  3.21840E-02
  6.34766E-01  3.15979E-02
  6.38672E-01  3.10289E-02
  6.42578E-01  3.04735E-02
  6.46484E-01  2.99300E-02
  6.50391E-01  2.93990E-02
  6.54297E-01  2.88807E-02
  6.58203E-01  2.83764E-02
  6.62109E-01  2.78832E-02
  6.66016E-01  2.73992E-02
  6.69922E-01  2.69275E-02
  6.73828E-01  2.64692E-02
  6.77734E-01  2.60195E-02
  6.81641E-01  2.55781E-02
  6.85547E-01  2.51482E-02
  6.89453E-01  2.47289E-02
  6.93359E-01  2.43174E-02
  6.97266E-01  2.39156E-02
  7.01172E-01  2.35216E-02
  7.05078E-01  2.31373E-02
  7.08984E-01  2.27587E-02
  7.12891E-01  2.23914E-02
  7.16797E-01  2.20320E-02
  7.20703E-01  2.16779E-02
  7.24609E-01  2.13293E-02
  7.28516E-01  2.09915E-02
  7.32422E-01  2.06638E-02
  7.36328E-01  2.03401E-02
  7.40234E-01  2.00201E-02
  7.44141E-01  1.97103E-02
  7.48047E-01  1.94069E-02
  7.51953E-01  1.91081E-02
  7.55859E-01  1.88171E-02
  7.59766E-01  1.85301E-02
  7.63672E-01  1.82510E-02
  7.67578E-01  1.79745E-02
  7.71484E-01  1.77055E-02
  7.75391E-01  1.74431E-02
  7.79297E-01  1.71820E-02
  7.83203E-01  1.69290E-02
  7.87109E-01  1.66823E-02
  7.91016E-01  1.64350E-02
  7.94922E-01  1.61951E-02
  7.98828E-01  1.59618E-02
  8.02734E-01  1.57318E-02
  8.06641E-01  1.55073E-02
  8.10547E-01  1.52850E-02
  8.14453E-01  1.50664E-02
  8.18359E-01  1.48547E-02
  8.22266E-01  1.46436E-02
  8.26172E-01  1.44398E-02
  8.30078E-01  1.42393E-02
  8.33984E-01  1.40403E-02
  8.37891E-01  1.38468E-02
  8.41797E-01  1.36581E-02
  8.45703E-01  1.34698E-02
  8.49609E-01  1.32859E-02
  8.53516E-01  1.31052E-02
  8.57422E-01  1.29296E-02
  8.61328E-01  1.27542E-02
  8.65234E-01  1.25841E-02
  8.69141E-01  1.24167E-02
  8.73047E-01  1.22513E-02
  8.76953E-01  1.20897E-02
  8.80859E-01  1.19307E-02
  8.84766E-01  1.17728E-02
  8.88672E-01  1.16209E-02
  8.92578E-01  1.14698E-02
  8.96484E-01  1.13208E-02
  9.00391E-01  1.11761E-02
  9.04297E-01  1.10330E-02
  9.08203E-01  1.08916E-02
  9.12109E-01  1.07544E-02
  9.16016E-01  1.06185E-02
  9.19922E-01  1.04854E-02
  9.23828E-01  1.03562E-02
  9.27734E-01  1.02270E-02
  9.31641E-01  1.01020E-02
  9.35547E-01  9.97711E-03
  9.39453E-01  9.85639E-03
  9.43359E-01  9.73815E-03
  9.47266E-01  9.62133E-03
  9.51172E-01  9.50705E-03
  9.55078E-01  9.39526E-03
  9.58984E-01  9.28630E-03
  9.62891E-01  9.17931E-03
  9.66797E-01  9.07474E-03
  9.70703E-01  8.97286E-03
  9.74609E-01  8.87514E-03
  9.78516E-01  8.77869E-03
  9.82422E-01  8.68566E-03
  9.86328E-01  8.59720E-03
  9.90234E-01  8.51312E-03
  9.94141E-01  8.44195E-03
  9.98047E-01  8.40874E-03
  1.00195E+00  8.40874E-03
