 -1.95312E-03  9.53917E+00
  1.95312E-03  9.53968E+00
  5.85938E-03  9.53496E+00
  9.76562E-03  9.53028E+00
  1.36719E-02  9.52507E+00
  1.75781E-02  9.51924E+00
  2.14844E-02  9.51278E+00
  2.53906E-02  9.50568E+00
  2.92969E-02  9.49793E+00
  3.32031E-02  9.48954E+00
  3.71094E-02  9.48050E+00
  4.10156E-02  9.47082E+00
  4.49219E-02  9.46051E+00
  4.88281E-02  9.44955E+00
  5.27344E-02  9.43795E+00
  5.66406E-02  9.42571E+00
  6.05469E-02  9.41284E+00
  6.44531E-02  9.39933E+00
  6.83594E-02  9.38518E+00
  7.22656E-02  9.37040E+00
  7.61719E-02  9.35497E+00
  8.00781E-02  9.33891E+00
  8.39844E-02  9.32221E+00
  8.78906E-02  9.30486E+00
  9.17969E-02  9.28688E+00
  9.57031E-02  9.26825E+00
  9.96094E-02  9.24898E+00
  1.03516E-01  9.22906E+00
  1.07422E-01  9.20849E+00
  1.11328E-01  9.18726E+00
  1.15234E-01  9.16538E+00
  1.19141E-01  9.14284E+00
  1.23047E-01  9.11963E+00
  1.26953E-01  9.09576E+00
  1.30859E-01  9.07122E+00
  1.34766E-01  9.04600E+00
  1.38672E-01  9.02010E+00
  1.42578E-01  8.99352E+00
  1.46484E-01  8.96623E+00
  1.50391E-01  8.93825E+00
  1.54297E-01  8.90956E+00
  1.58203E-01  8.88016E+00
  1.62109E-01  8.85005E+00
  1.66016E-01  8.81920E+00
  1.69922E-01  8.78762E+00
  1.73828E-01  8.75529E+00
  1.77734E-01  8.72220E+00
  1.81641E-01  8.68836E+00
  1.85547E-01  8.65374E+00
  1.89453E-01  8.61833E+00
  1.93359E-01  8.58212E+00
  1.97266E-01  8.54510E+00
  2.01172E-01  8.50726E+00
  2.05078E-01  8.46858E+00
  2.08984E-01  8.42904E+00
  2.12891E-01  8.38863E+00
  2.16797E-01  8.34733E+00
  2.20703E-01  8.30513E+00
  2.24609E-01  8.26199E+00
  2.28516E-01  8.21791E+00
  2.32422E-01  8.17286E+00
  2.36328E-01  8.12683E+00
  2.40234E-01  8.07978E+00
  2.44141E-01  8.03169E+00
  2.48047E-01  7.98253E+00
  2.51953E-01  7.93227E+00
  2.55859E-01  7.88088E+00
  2.59766E-01  7.82832E+00
  2.63672E-01  7.77457E+00
  2.67578E-01  7.71957E+00
  2.71484E-01  7.66331E+00
  2.75391E-01  7.60571E+00
  2.79297E-01  7.54675E+00
  2.83203E-01  7.48636E+00
  2.87109E-01  7.42448E+00
  2.91016E-01  7.36107E+00
  2.94922E-01  7.29604E+00
  2.98828E-01  7.22934E+00
  3.02734E-01  7.16088E+00
  3.06641E-01  7.09058E+00
  3.10547E-01  7.01834E+00
  3.14453E-01  6.94406E+00
  3.18359E-01  6.86763E+00
  3.22266E-01  6.78891E+00
  3.26172E-01  6.70778E+00
  3.30078E-01  6.62407E+00
  3.33984E-01  6.53760E+00
  3.37891E-01  6.44819E+00
  3.41797E-01  6.35560E+00
  3.45703E-01  6.25945E+00
  3.49609E-01  6.15589E+00
  3.53516E-01  5.94396E+00
  3.57422E-01  1.59271E-10
  3.61328E-01  1.55402E-10
  3.65234E-01  1.50378E-10
  3.69141E-01  1.45774E-10
  3.73047E-01  1.41162E-10
  3.76953E-01  1.36925E-10
  3.80859E-01  1.32681E-10
  3.84766E-01  1.28777E-10
  3.88672E-01  1.24868E-10
  3.92578E-01  1.21262E-10
  3.96484E-01  1.17652E-10
  4.00391E-01  1.14321E-10
  4.04297E-01  1.10985E-10
  4.08203E-01  1.07901E-10
  4.12109E-01  1.04813E-10
  4.16016E-01  1.01955E-10
  4.19922E-01  9.90928E-11
  4.23828E-01  9.64399E-11
  4.27734E-01  9.37835E-11
  4.31641E-01  9.13177E-11
  4.35547E-01  8.88489E-11
  4.39453E-01  8.65535E-11
  4.43359E-01  8.42550E-11
  4.47266E-01  8.21146E-11
  4.51172E-01  7.99716E-11
  4.55078E-01  7.79734E-11
  4.58984E-01  7.59727E-11
  4.62891E-01  7.41039E-11
  4.66797E-01  7.22331E-11
  4.70703E-01  7.04849E-11
  4.74609E-01  6.87348E-11
  4.78516E-01  6.70980E-11
  4.82422E-01  6.54598E-11
  4.86328E-01  6.39259E-11
  4.90234E-01  6.23905E-11
  4.94141E-01  6.09510E-11
  4.98047E-01  5.95100E-11
  5.01953E-01  5.81582E-11
  5.05859E-01  5.68051E-11
  5.09766E-01  5.55346E-11
  5.13672E-01  5.42630E-11
  5.17578E-01  5.30674E-11
  5.21484E-01  5.18709E-11
  5.25391E-01  5.07449E-11
  5.29297E-01  4.96178E-11
  5.33203E-01  4.85564E-11
  5.37109E-01  4.74940E-11
  5.41016E-01  4.64926E-11
  5.44922E-01  4.54902E-11
  5.48828E-01  4.45441E-11
  5.52734E-01  4.35970E-11
  5.56641E-01  4.27022E-11
  5.60547E-01  4.18068E-11
  5.64453E-01  4.09604E-11
  5.68359E-01  4.01134E-11
  5.72266E-01  3.93123E-11
  5.76172E-01  3.85107E-11
  5.80078E-01  3.77519E-11
  5.83984E-01  3.69927E-11
  5.87891E-01  3.62735E-11
  5.91797E-01  3.55537E-11
  5.95703E-01  3.48718E-11
  5.99609E-01  3.41892E-11
  6.03516E-01  3.35423E-11
  6.07422E-01  3.28948E-11
  6.11328E-01  3.22805E-11
  6.15234E-01  3.16657E-11
  6.19141E-01  3.10815E-11
  6.23047E-01  3.04965E-11
  6.26953E-01  2.99394E-11
  6.30859E-01  2.93819E-11
  6.34766E-01  2.88516E-11
  6.38672E-01  2.83211E-11
  6.42578E-01  2.78166E-11
  6.46484E-01  2.73117E-11
  6.50391E-01  2.68313E-11
  6.54297E-01  2.63505E-11
  6.58203E-01  2.58921E-11
  6.62109E-01  2.54335E-11
  6.66016E-01  2.49961E-11
  6.69922E-01  2.45585E-11
  6.73828E-01  2.41412E-11
  6.77734E-01  2.37237E-11
  6.81641E-01  2.33254E-11
  6.85547E-01  2.29270E-11
  6.89453E-01  2.25467E-11
  6.93359E-01  2.21661E-11
  6.97266E-01  2.18024E-11
  7.01172E-01  2.14384E-11
  7.05078E-01  2.10902E-11
  7.08984E-01  2.07419E-11
  7.12891E-01  2.04087E-11
  7.16797E-01  2.00753E-11
  7.20703E-01  1.97562E-11
  7.24609E-01  1.94371E-11
  7.28516E-01  1.91315E-11
  7.32422E-01  1.88259E-11
  7.36328E-01  1.85332E-11
  7.40234E-01  1.82405E-11
  7.44141E-01  1.79601E-11
  7.48047E-01  1.76795E-11
  7.51953E-01  1.74105E-11
  7.55859E-01  1.71415E-11
  7.59766E-01  1.68834E-11
  7.63672E-01  1.66252E-11
  7.67578E-01  1.63774E-11
  7.71484E-01  1.61295E-11
  7.75391E-01  1.58914E-11
  7.79297E-01  1.56534E-11
  7.83203E-01  1.54247E-11
  7.87109E-01  1.51959E-11
  7.91016E-01  1.49762E-11
  7.94922E-01  1.47563E-11
  7.98828E-01  1.45451E-11
  8.02734E-01  1.43336E-11
  8.06641E-01  1.41304E-11
  8.10547E-01  1.39271E-11
  8.14453E-01  1.37317E-11
  8.18359E-01  1.35361E-11
  8.22266E-01  1.33480E-11
  8.26172E-01  1.31598E-11
  8.30078E-01  1.29788E-11
  8.33984E-01  1.27976E-11
  8.37891E-01  1.26233E-11
  8.41797E-01  1.24488E-11
  8.45703E-01  1.22809E-11
  8.49609E-01  1.21128E-11
  8.53516E-01  1.19510E-11
  8.57422E-01  1.17890E-11
  8.61328E-01  1.16331E-11
  8.65234E-01  1.14770E-11
  8.69141E-01  1.13266E-11
  8.73047E-01  1.11761E-11
  8.76953E-01  1.10311E-11
  8.80859E-01  1.08860E-11
  8.84766E-01  1.07461E-11
  8.88672E-01  1.06062E-11
  8.92578E-01  1.04712E-11
  8.96484E-01  1.03362E-11
  9.00391E-01  1.02061E-11
  9.04297E-01  1.00758E-11
  9.08203E-01  9.95024E-12
  9.12109E-01  9.82455E-12
  9.16016E-01  9.70337E-12
  9.19922E-01  9.58207E-12
  9.23828E-01  9.46516E-12
  9.27734E-01  9.34814E-12
  9.31641E-01  9.23533E-12
  9.35547E-01  9.12247E-12
  9.39453E-01  9.01372E-12
  9.43359E-01  8.90486E-12
  9.47266E-01  8.80008E-12
  9.51172E-01  8.69519E-12
  9.55078E-01  8.59438E-12
  9.58984E-01  8.49346E-12
  9.62891E-01  8.39671E-12
  9.66797E-01  8.29987E-12
  9.70703E-01  8.20745E-12
  9.74609E-01  8.11494E-12
  9.78516E-01  8.02758E-12
  9.82422E-01  7.94012E-12
  9.86328E-01  7.85988E-12
  9.90234E-01  7.78001E-12
  9.94141E-01  7.71736E-12
  9.98047E-01  7.68698E-12
  1.00195E+00  7.68698E-12
