 -1.95312E-03  9.24552E+00
  1.95312E-03  9.24687E+00
  5.85938E-03  9.24205E+00
  9.76562E-03  9.23731E+00
  1.36719E-02  9.23201E+00
  1.75781E-02  9.22605E+00
  2.14844E-02  9.21943E+00
  2.53906E-02  9.21213E+00
  2.92969E-02  9.20415E+00
  3.32031E-02  9.19550E+00
  3.71094E-02  9.18618E+00
  4.10156E-02  9.17618E+00
  4.49219E-02  9.16551E+00
  4.88281E-02  9.15418E+00
  5.27344E-02  9.14217E+00
  5.66406E-02  9.12950E+00
  6.05469E-02  9.11615E+00
  6.44531E-02  9.10214E+00
  6.83594E-02  9.08746E+00
  7.22656E-02  9.07210E+00
  7.61719E-02  9.05607E+00
  8.00781E-02  9.03937E+00
  8.39844E-02  9.02200E+00
  8.78906E-02  9.00395E+00
  9.17969E-02  8.98523E+00
  9.57031E-02  8.96582E+00
  9.96094E-02  8.94573E+00
  1.03516E-01  8.92496E+00
  1.07422E-01  8.90351E+00
  1.11328E-01  8.88136E+00
  1.15234E-01  8.85851E+00
  1.19141E-01  8.83497E+00
  1.23047E-01  8.81072E+00
  1.26953E-01  8.78577E+00
  1.30859E-01  8.76011E+00
  1.34766E-01  8.73373E+00
  1.38672E-01  8.70664E+00
  1.42578E-01  8.67880E+00
  1.46484E-01  8.65023E+00
  1.50391E-01  8.62091E+00
  1.54297E-01  8.59083E+00
  1.58203E-01  8.56000E+00
  1.62109E-01  8.52840E+00
  1.66016E-01  8.49602E+00
  1.69922E-01  8.46286E+00
  1.73828E-01  8.42889E+00
  1.77734E-01  8.39411E+00
  1.81641E-01  8.35851E+00
  1.85547E-01  8.32207E+00
  1.89453E-01  8.28478E+00
  1.93359E-01  8.24662E+00
  1.97266E-01  8.20759E+00
  2.01172E-01  8.16766E+00
  2.05078E-01  8.12682E+00
  2.08984E-01  8.08504E+00
  2.12891E-01  8.04231E+00
  2.16797E-01  7.99862E+00
  2.20703E-01  7.95393E+00
  2.24609E-01  7.90822E+00
  2.28516E-01  7.86148E+00
  2.32422E-01  7.81366E+00
  2.36328E-01  7.76475E+00
  2.40234E-01  7.71471E+00
  2.44141E-01  7.66352E+00
  2.48047E-01  7.61113E+00
  2.51953E-01  7.55751E+00
  2.55859E-01  7.50262E+00
  2.59766E-01  7.44643E+00
  2.63672E-01  7.38888E+00
  2.67578E-01  7.32993E+00
  2.71484E-01  7.26952E+00
  2.75391E-01  7.20760E+00
  2.79297E-01  7.14410E+00
  2.83203E-01  7.07896E+00
  2.87109E-01  7.01210E+00
  2.91016E-01  6.94345E+00
  2.94922E-01  6.87292E+00
  2.98828E-01  6.80041E+00
  3.02734E-01  6.72581E+00
  3.06641E-01  6.64902E+00
  3.10547E-01  6.56990E+00
  3.14453E-01  6.48832E+00
  3.18359E-01  6.40411E+00
  3.22266E-01  6.31708E+00
  3.26172E-01  6.22704E+00
  3.30078E-01  6.13377E+00
  3.33984E-01  6.03699E+00
  3.37891E-01  5.93640E+00
  3.41797E-01  5.83162E+00
  3.45703E-01  5.72204E+00
  3.49609E-01  5.60177E+00
  3.53516E-01  5.35319E+00
  3.57422E-01  3.34038E-01
  3.61328E-01  3.02835E-01
  3.65234E-01  2.95739E-01
  3.69141E-01  2.86645E-01
  3.73047E-01  2.78250E-01
  3.76953E-01  2.69850E-01
  3.80859E-01  2.62103E-01
  3.84766E-01  2.54347E-01
  3.88672E-01  2.47187E-01
  3.92578E-01  2.40018E-01
  3.96484E-01  2.33390E-01
  4.00391E-01  2.26753E-01
  4.04297E-01  2.20602E-01
  4.08203E-01  2.14446E-01
  4.12109E-01  2.08727E-01
  4.16016E-01  2.03001E-01
  4.19922E-01  1.97673E-01
  4.23828E-01  1.92340E-01
  4.27734E-01  1.87396E-01
  4.31641E-01  1.82459E-01
  4.35547E-01  1.77856E-01
  4.39453E-01  1.73243E-01
  4.43359E-01  1.68925E-01
  4.47266E-01  1.64613E-01
  4.51172E-01  1.60591E-01
  4.55078E-01  1.56566E-01
  4.58984E-01  1.52797E-01
  4.62891E-01  1.49027E-01
  4.66797E-01  1.45492E-01
  4.70703E-01  1.41954E-01
  4.74609E-01  1.38624E-01
  4.78516E-01  1.35299E-01
  4.82422E-01  1.32175E-01
  4.86328E-01  1.29077E-01
  4.90234E-01  1.26161E-01
  4.94141E-01  1.23238E-01
  4.98047E-01  1.20493E-01
  5.01953E-01  1.17743E-01
  5.05859E-01  1.15105E-01
  5.09766E-01  1.12485E-01
  5.13672E-01  1.10024E-01
  5.17578E-01  1.07604E-01
  5.21484E-01  1.05274E-01
  5.25391E-01  1.02972E-01
  5.29297E-01  1.00834E-01
  5.33203E-01  9.87033E-02
  5.37109E-01  9.66047E-02
  5.41016E-01  9.45931E-02
  5.44922E-01  9.26164E-02
  5.48828E-01  9.07248E-02
  5.52734E-01  8.88525E-02
  5.56641E-01  8.70840E-02
  5.60547E-01  8.53174E-02
  5.64453E-01  8.36421E-02
  5.68359E-01  8.19832E-02
  5.72266E-01  8.03884E-02
  5.76172E-01  7.87947E-02
  5.80078E-01  7.72746E-02
  5.83984E-01  7.57469E-02
  5.87891E-01  7.42608E-02
  5.91797E-01  7.28006E-02
  5.95703E-01  7.14258E-02
  5.99609E-01  7.00894E-02
  6.03516E-01  6.87774E-02
  6.07422E-01  6.75087E-02
  6.11328E-01  6.63195E-02
  6.15234E-01  6.51469E-02
  6.19141E-01  6.39618E-02
  6.23047E-01  6.27762E-02
  6.26953E-01  6.15940E-02
  6.30859E-01  6.04435E-02
  6.34766E-01  5.93370E-02
  6.38672E-01  5.82767E-02
  6.42578E-01  5.72442E-02
  6.46484E-01  5.62308E-02
  6.50391E-01  5.52383E-02
  6.54297E-01  5.42727E-02
  6.58203E-01  5.33332E-02
  6.62109E-01  5.24123E-02
  6.66016E-01  5.15139E-02
  6.69922E-01  5.06339E-02
  6.73828E-01  4.97574E-02
  6.77734E-01  4.88940E-02
  6.81641E-01  4.80451E-02
  6.85547E-01  4.72219E-02
  6.89453E-01  4.64298E-02
  6.93359E-01  4.56708E-02
  6.97266E-01  4.49349E-02
  7.01172E-01  4.42117E-02
  7.05078E-01  4.35062E-02
  7.08984E-01  4.28114E-02
  7.12891E-01  4.21246E-02
  7.16797E-01  4.14612E-02
  7.20703E-01  4.08030E-02
  7.24609E-01  4.01574E-02
  7.28516E-01  3.95287E-02
  7.32422E-01  3.89123E-02
  7.36328E-01  3.83095E-02
  7.40234E-01  3.77173E-02
  7.44141E-01  3.71387E-02
  7.48047E-01  3.65743E-02
  7.51953E-01  3.60189E-02
  7.55859E-01  3.54742E-02
  7.59766E-01  3.49378E-02
  7.63672E-01  3.44180E-02
  7.67578E-01  3.39037E-02
  7.71484E-01  3.33982E-02
  7.75391E-01  3.29055E-02
  7.79297E-01  3.24221E-02
  7.83203E-01  3.19471E-02
  7.87109E-01  3.14835E-02
  7.91016E-01  3.10271E-02
  7.94922E-01  3.05788E-02
  7.98828E-01  3.01417E-02
  8.02734E-01  2.97123E-02
  8.06641E-01  2.92901E-02
  8.10547E-01  2.88769E-02
  8.14453E-01  2.84671E-02
  8.18359E-01  2.80709E-02
  8.22266E-01  2.76783E-02
  8.26172E-01  2.72908E-02
  8.30078E-01  2.69143E-02
  8.33984E-01  2.65440E-02
  8.37891E-01  2.61813E-02
  8.41797E-01  2.58229E-02
  8.45703E-01  2.54718E-02
  8.49609E-01  2.51291E-02
  8.53516E-01  2.47902E-02
  8.57422E-01  2.44594E-02
  8.61328E-01  2.41331E-02
  8.65234E-01  2.38098E-02
  8.69141E-01  2.34968E-02
  8.73047E-01  2.31847E-02
  8.76953E-01  2.28830E-02
  8.80859E-01  2.25819E-02
  8.84766E-01  2.22887E-02
  8.88672E-01  2.19988E-02
  8.92578E-01  2.17147E-02
  8.96484E-01  2.14366E-02
  9.00391E-01  2.11629E-02
  9.04297E-01  2.08935E-02
  9.08203E-01  2.06280E-02
  9.12109E-01  2.03681E-02
  9.16016E-01  2.01116E-02
  9.19922E-01  1.98601E-02
  9.23828E-01  1.96124E-02
  9.27734E-01  1.93676E-02
  9.31641E-01  1.91279E-02
  9.35547E-01  1.88931E-02
  9.39453E-01  1.86602E-02
  9.43359E-01  1.84318E-02
  9.47266E-01  1.82084E-02
  9.51172E-01  1.79895E-02
  9.55078E-01  1.77736E-02
  9.58984E-01  1.75638E-02
  9.62891E-01  1.73565E-02
  9.66797E-01  1.71551E-02
  9.70703E-01  1.69598E-02
  9.74609E-01  1.67682E-02
  9.78516E-01  1.65846E-02
  9.82422E-01  1.64087E-02
  9.86328E-01  1.62412E-02
  9.90234E-01  1.60866E-02
  9.94141E-01  1.59542E-02
  9.98047E-01  1.58917E-02
  1.00195E+00  1.58917E-02
