 -1.95312E-03  4.71134E+00
  1.95312E-03  4.71267E+00
  5.85938E-03  4.70711E+00
  9.76562E-03  4.70090E+00
  1.36719E-02  4.69340E+00
  1.75781E-02  4.68455E+00
  2.14844E-02  4.67433E+00
  2.53906E-02  4.66275E+00
  2.92969E-02  4.64981E+00
  3.32031E-02  4.63554E+00
  3.71094E-02  4.61993E+00
  4.10156E-02  4.60300E+00
  4.49219E-02  4.58475E+00
  4.88281E-02  4.56520E+00
  5.27344E-02  4.54436E+00
  5.66406E-02  4.52224E+00
  6.05469E-02  4.49885E+00
  6.44531E-02  4.47419E+00
  6.83594E-02  4.44830E+00
  7.22656E-02  4.42116E+00
  7.61719E-02  4.39280E+00
  8.00781E-02  4.36324E+00
  8.39844E-02  4.33248E+00
  8.78906E-02  4.30054E+00
  9.17969E-02  4.26744E+00
  9.57031E-02  4.23321E+00
  9.96094E-02  4.19786E+00
  1.03516E-01  4.16141E+00
  1.07422E-01  4.12390E+00
  1.11328E-01  4.08535E+00
  1.15234E-01  4.04580E+00
  1.19141E-01  4.00527E+00
  1.23047E-01  3.96382E+00
  1.26953E-01  3.92148E+00
  1.30859E-01  3.87829E+00
  1.34766E-01  3.83432E+00
  1.38672E-01  3.78962E+00
  1.42578E-01  3.74424E+00
  1.46484E-01  3.69826E+00
  1.50391E-01  3.65173E+00
  1.54297E-01  3.60475E+00
  1.58203E-01  3.55738E+00
  1.62109E-01  3.50970E+00
  1.66016E-01  3.46181E+00
  1.69922E-01  3.41379E+00
  1.73828E-01  3.36573E+00
  1.77734E-01  3.31771E+00
  1.81641E-01  3.26982E+00
  1.85547E-01  3.22216E+00
  1.89453E-01  3.17480E+00
  1.93359E-01  3.12784E+00
  1.97266E-01  3.08134E+00
  2.01172E-01  3.03537E+00
  2.05078E-01  2.99000E+00
  2.08984E-01  2.94528E+00
  2.12891E-01  2.90126E+00
  2.16797E-01  2.85798E+00
  2.20703E-01  2.81547E+00
  2.24609E-01  2.77374E+00
  2.28516E-01  2.73281E+00
  2.32422E-01  2.69269E+00
  2.36328E-01  2.65338E+00
  2.40234E-01  2.61488E+00
  2.44141E-01  2.57717E+00
  2.48047E-01  2.54025E+00
  2.51953E-01  2.50410E+00
  2.55859E-01  2.46870E+00
  2.59766E-01  2.43403E+00
  2.63672E-01  2.40008E+00
  2.67578E-01  2.36682E+00
  2.71484E-01  2.33424E+00
  2.75391E-01  2.30231E+00
  2.79297E-01  2.27103E+00
  2.83203E-01  2.24036E+00
  2.87109E-01  2.21029E+00
  2.91016E-01  2.18080E+00
  2.94922E-01  2.15189E+00
  2.98828E-01  2.12352E+00
  3.02734E-01  2.09569E+00
  3.06641E-01  2.06838E+00
  3.10547E-01  2.04158E+00
  3.14453E-01  2.01527E+00
  3.18359E-01  1.98944E+00
  3.22266E-01  1.96408E+00
  3.26172E-01  1.93917E+00
  3.30078E-01  1.91471E+00
  3.33984E-01  1.89068E+00
  3.37891E-01  1.86707E+00
  3.41797E-01  1.84388E+00
  3.45703E-01  1.82109E+00
  3.49609E-01  1.79868E+00
  3.53516E-01  1.77666E+00
  3.57422E-01  1.75502E+00
  3.61328E-01  1.73373E+00
  3.65234E-01  1.71281E+00
  3.69141E-01  1.69223E+00
  3.73047E-01  1.67200E+00
  3.76953E-01  1.65209E+00
  3.80859E-01  1.63251E+00
  3.84766E-01  1.61326E+00
  3.88672E-01  1.59431E+00
  3.92578E-01  1.57566E+00
  3.96484E-01  1.55731E+00
  4.00391E-01  1.53926E+00
  4.04297E-01  1.52150E+00
  4.08203E-01  1.50400E+00
  4.12109E-01  1.48679E+00
  4.16016E-01  1.46984E+00
  4.19922E-01  1.45315E+00
  4.23828E-01  1.43673E+00
  4.27734E-01  1.42056E+00
  4.31641E-01  1.40462E+00
  4.35547E-01  1.38893E+00
  4.39453E-01  1.37347E+00
  4.43359E-01  1.35825E+00
  4.47266E-01  1.34326E+00
  4.51172E-01  1.32851E+00
  4.55078E-01  1.31397E+00
  4.58984E-01  1.29964E+00
  4.62891E-01  1.28551E+00
  4.66797E-01  1.27159E+00
  4.70703E-01  1.25786E+00
  4.74609E-01  1.24434E+00
  4.78516E-01  1.23102E+00
  4.82422E-01  1.21789E+00
  4.86328E-01  1.20495E+00
  4.90234E-01  1.19222E+00
  4.94141E-01  1.17966E+00
  4.98047E-01  1.16727E+00
  5.01953E-01  1.15505E+00
  5.05859E-01  1.14300E+00
  5.09766E-01  1.13112E+00
  5.13672E-01  1.11940E+00
  5.17578E-01  1.10784E+00
  5.21484E-01  1.09645E+00
  5.25391E-01  1.08521E+00
  5.29297E-01  1.07412E+00
  5.33203E-01  1.06318E+00
  5.37109E-01  1.05240E+00
  5.41016E-01  1.04176E+00
  5.44922E-01  1.03127E+00
  5.48828E-01  1.02093E+00
  5.52734E-01  1.01074E+00
  5.56641E-01  1.00066E+00
  5.60547E-01  9.90717E-01
  5.64453E-01  9.80905E-01
  5.68359E-01  9.71225E-01
  5.72266E-01  9.61677E-01
  5.76172E-01  9.52257E-01
  5.80078E-01  9.42959E-01
  5.83984E-01  9.33781E-01
  5.87891E-01  9.24720E-01
  5.91797E-01  9.15775E-01
  5.95703E-01  9.06945E-01
  5.99609E-01  8.98229E-01
  6.03516E-01  8.89624E-01
  6.07422E-01  8.81130E-01
  6.11328E-01  8.72742E-01
  6.15234E-01  8.64462E-01
  6.19141E-01  8.56286E-01
  6.23047E-01  8.48212E-01
  6.26953E-01  8.40239E-01
  6.30859E-01  8.32367E-01
  6.34766E-01  8.24594E-01
  6.38672E-01  8.16922E-01
  6.42578E-01  8.09347E-01
  6.46484E-01  8.01863E-01
  6.50391E-01  7.94470E-01
  6.54297E-01  7.87168E-01
  6.58203E-01  7.79956E-01
  6.62109E-01  7.72830E-01
  6.66016E-01  7.65792E-01
  6.69922E-01  7.58837E-01
  6.73828E-01  7.51970E-01
  6.77734E-01  7.45181E-01
  6.81641E-01  7.38476E-01
  6.85547E-01  7.31850E-01
  6.89453E-01  7.25303E-01
  6.93359E-01  7.18835E-01
  6.97266E-01  7.12442E-01
  7.01172E-01  7.06124E-01
  7.05078E-01  6.99883E-01
  7.08984E-01  6.93715E-01
  7.12891E-01  6.87617E-01
  7.16797E-01  6.81593E-01
  7.20703E-01  6.75638E-01
  7.24609E-01  6.69751E-01
  7.28516E-01  6.63931E-01
  7.32422E-01  6.58181E-01
  7.36328E-01  6.52497E-01
  7.40234E-01  6.46878E-01
  7.44141E-01  6.41323E-01
  7.48047E-01  6.35832E-01
  7.51953E-01  6.30403E-01
  7.55859E-01  6.25034E-01
  7.59766E-01  6.19728E-01
  7.63672E-01  6.14483E-01
  7.67578E-01  6.09295E-01
  7.71484E-01  6.04167E-01
  7.75391E-01  5.99095E-01
  7.79297E-01  5.94077E-01
  7.83203E-01  5.89119E-01
  7.87109E-01  5.84217E-01
  7.91016E-01  5.79370E-01
  7.94922E-01  5.74576E-01
  7.98828E-01  5.69835E-01
  8.02734E-01  5.65147E-01
  8.06641E-01  5.60510E-01
  8.10547E-01  5.55921E-01
  8.14453E-01  5.51383E-01
  8.18359E-01  5.46892E-01
  8.22266E-01  5.42452E-01
  8.26172E-01  5.38058E-01
  8.30078E-01  5.33713E-01
  8.33984E-01  5.29414E-01
  8.37891E-01  5.25161E-01
  8.41797E-01  5.20954E-01
  8.45703E-01  5.16792E-01
  8.49609E-01  5.12673E-01
  8.53516E-01  5.08599E-01
  8.57422E-01  5.04569E-01
  8.61328E-01  5.00579E-01
  8.65234E-01  4.96630E-01
  8.69141E-01  4.92722E-01
  8.73047E-01  4.88854E-01
  8.76953E-01  4.85027E-01
  8.80859E-01  4.81241E-01
  8.84766E-01  4.77497E-01
  8.88672E-01  4.73788E-01
  8.92578E-01  4.70119E-01
  8.96484E-01  4.66487E-01
  9.00391E-01  4.62892E-01
  9.04297E-01  4.59331E-01
  9.08203E-01  4.55809E-01
  9.12109E-01  4.52323E-01
  9.16016E-01  4.48873E-01
  9.19922E-01  4.45457E-01
  9.23828E-01  4.42075E-01
  9.27734E-01  4.38727E-01
  9.31641E-01  4.35411E-01
  9.35547E-01  4.32127E-01
  9.39453E-01  4.28875E-01
  9.43359E-01  4.25652E-01
  9.47266E-01  4.22457E-01
  9.51172E-01  4.19286E-01
  9.55078E-01  4.16138E-01
  9.58984E-01  4.13008E-01
  9.62891E-01  4.09896E-01
  9.66797E-01  4.06797E-01
  9.70703E-01  4.03708E-01
  9.74609E-01  4.00628E-01
  9.78516E-01  3.97556E-01
  9.82422E-01  3.94494E-01
  9.86328E-01  3.91440E-01
  9.90234E-01  3.88385E-01
  9.94141E-01  3.85318E-01
  9.98047E-01  3.82942E-01
  1.00195E+00  3.82943E-01
