 -1.95312E-03  9.53857E+00
  1.95312E-03  9.53908E+00
  5.85938E-03  9.53435E+00
  9.76562E-03  9.52968E+00
  1.36719E-02  9.52447E+00
  1.75781E-02  9.51864E+00
  2.14844E-02  9.51218E+00
  2.53906E-02  9.50508E+00
  2.92969E-02  9.49733E+00
  3.32031E-02  9.48894E+00
  3.71094E-02  9.47991E+00
  4.10156E-02  9.47023E+00
  4.49219E-02  9.45992E+00
  4.88281E-02  9.44895E+00
  5.27344E-02  9.43735E+00
  5.66406E-02  9.42512E+00
  6.05469E-02  9.41225E+00
  6.44531E-02  9.39875E+00
  6.83594E-02  9.38460E+00
  7.22656E-02  9.36981E+00
  7.61719E-02  9.35439E+00
  8.00781E-02  9.33834E+00
  8.39844E-02  9.32164E+00
  8.78906E-02  9.30430E+00
  9.17969E-02  9.28632E+00
  9.57031E-02  9.26770E+00
  9.96094E-02  9.24843E+00
  1.03516E-01  9.22851E+00
  1.07422E-01  9.20794E+00
  1.11328E-01  9.18672E+00
  1.15234E-01  9.16485E+00
  1.19141E-01  9.14231E+00
  1.23047E-01  9.11912E+00
  1.26953E-01  9.09525E+00
  1.30859E-01  9.07072E+00
  1.34766E-01  9.04552E+00
  1.38672E-01  9.01962E+00
  1.42578E-01  8.99305E+00
  1.46484E-01  8.96578E+00
  1.50391E-01  8.93782E+00
  1.54297E-01  8.90914E+00
  1.58203E-01  8.87976E+00
  1.62109E-01  8.84965E+00
  1.66016E-01  8.81882E+00
  1.69922E-01  8.78725E+00
  1.73828E-01  8.75494E+00
  1.77734E-01  8.72188E+00
  1.81641E-01  8.68805E+00
  1.85547E-01  8.65345E+00
  1.89453E-01  8.61806E+00
  1.93359E-01  8.58187E+00
  1.97266E-01  8.54486E+00
  2.01172E-01  8.50704E+00
  2.05078E-01  8.46838E+00
  2.08984E-01  8.42886E+00
  2.12891E-01  8.38847E+00
  2.16797E-01  8.34719E+00
  2.20703E-01  8.30501E+00
  2.24609E-01  8.26190E+00
  2.28516E-01  8.21784E+00
  2.32422E-01  8.17282E+00
  2.36328E-01  8.12680E+00
  2.40234E-01  8.07978E+00
  2.44141E-01  8.03172E+00
  2.48047E-01  7.98259E+00
  2.51953E-01  7.93235E+00
  2.55859E-01  7.88099E+00
  2.59766E-01  7.82847E+00
  2.63672E-01  7.77474E+00
  2.67578E-01  7.71977E+00
  2.71484E-01  7.66353E+00
  2.75391E-01  7.60597E+00
  2.79297E-01  7.54704E+00
  2.83203E-01  7.48667E+00
  2.87109E-01  7.42483E+00
  2.91016E-01  7.36144E+00
  2.94922E-01  7.29645E+00
  2.98828E-01  7.22978E+00
  3.02734E-01  7.16135E+00
  3.06641E-01  7.09108E+00
  3.10547E-01  7.01887E+00
  3.14453E-01  6.94462E+00
  3.18359E-01  6.86821E+00
  3.22266E-01  6.78953E+00
  3.26172E-01  6.70844E+00
  3.30078E-01  6.62476E+00
  3.33984E-01  6.53833E+00
  3.37891E-01  6.44896E+00
  3.41797E-01  6.35641E+00
  3.45703E-01  6.26030E+00
  3.49609E-01  6.15679E+00
  3.53516E-01  5.94494E+00
  3.57422E-01  1.03607E-04
  3.61328E-01  1.01087E-04
  3.65234E-01  9.78153E-05
  3.69141E-01  9.48165E-05
  3.73047E-01  9.18134E-05
  3.76953E-01  8.90559E-05
  3.80859E-01  8.62943E-05
  3.84766E-01  8.37541E-05
  3.88672E-01  8.12101E-05
  3.92578E-01  7.88659E-05
  3.96484E-01  7.65180E-05
  4.00391E-01  7.43515E-05
  4.04297E-01  7.21819E-05
  4.08203E-01  7.01769E-05
  4.12109E-01  6.81689E-05
  4.16016E-01  6.63092E-05
  4.19922E-01  6.44478E-05
  4.23828E-01  6.27220E-05
  4.27734E-01  6.09938E-05
  4.31641E-01  5.93888E-05
  4.35547E-01  5.77820E-05
  4.39453E-01  5.62878E-05
  4.43359E-01  5.47918E-05
  4.47266E-01  5.33985E-05
  4.51172E-01  5.20037E-05
  4.55078E-01  5.07036E-05
  4.58984E-01  4.94022E-05
  4.62891E-01  4.81878E-05
  4.66797E-01  4.69720E-05
  4.70703E-01  4.58361E-05
  4.74609E-01  4.46992E-05
  4.78516E-01  4.36361E-05
  4.82422E-01  4.25720E-05
  4.86328E-01  4.15757E-05
  4.90234E-01  4.05783E-05
  4.94141E-01  3.96429E-05
  4.98047E-01  3.87068E-05
  5.01953E-01  3.78283E-05
  5.05859E-01  3.69487E-05
  5.09766E-01  3.61221E-05
  5.13672E-01  3.52946E-05
  5.17578E-01  3.45158E-05
  5.21484E-01  3.37366E-05
  5.25391E-01  3.30031E-05
  5.29297E-01  3.22689E-05
  5.33203E-01  3.15777E-05
  5.37109E-01  3.08859E-05
  5.41016E-01  3.02340E-05
  5.44922E-01  2.95815E-05
  5.48828E-01  2.89663E-05
  5.52734E-01  2.83506E-05
  5.56641E-01  2.77689E-05
  5.60547E-01  2.71868E-05
  5.64453E-01  2.66367E-05
  5.68359E-01  2.60862E-05
  5.72266E-01  2.55657E-05
  5.76172E-01  2.50449E-05
  5.80078E-01  2.45519E-05
  5.83984E-01  2.40586E-05
  5.87891E-01  2.35913E-05
  5.91797E-01  2.31236E-05
  5.95703E-01  2.26804E-05
  5.99609E-01  2.22368E-05
  6.03516E-01  2.18159E-05
  6.07422E-01  2.13946E-05
  6.11328E-01  2.09945E-05
  6.15234E-01  2.05941E-05
  6.19141E-01  2.02136E-05
  6.23047E-01  1.98329E-05
  6.26953E-01  1.94709E-05
  6.30859E-01  1.91089E-05
  6.34766E-01  1.87646E-05
  6.38672E-01  1.84202E-05
  6.42578E-01  1.80926E-05
  6.46484E-01  1.77648E-05
  6.50391E-01  1.74529E-05
  6.54297E-01  1.71408E-05
  6.58203E-01  1.68435E-05
  6.62109E-01  1.65458E-05
  6.66016E-01  1.62617E-05
  6.69922E-01  1.59774E-05
  6.73828E-01  1.57059E-05
  6.77734E-01  1.54343E-05
  6.81641E-01  1.51749E-05
  6.85547E-01  1.49155E-05
  6.89453E-01  1.46677E-05
  6.93359E-01  1.44199E-05
  6.97266E-01  1.41830E-05
  7.01172E-01  1.39460E-05
  7.05078E-01  1.37194E-05
  7.08984E-01  1.34927E-05
  7.12891E-01  1.32758E-05
  7.16797E-01  1.30589E-05
  7.20703E-01  1.28514E-05
  7.24609E-01  1.26437E-05
  7.28516E-01  1.24451E-05
  7.32422E-01  1.22463E-05
  7.36328E-01  1.20559E-05
  7.40234E-01  1.18654E-05
  7.44141E-01  1.16829E-05
  7.48047E-01  1.15002E-05
  7.51953E-01  1.13251E-05
  7.55859E-01  1.11499E-05
  7.59766E-01  1.09818E-05
  7.63672E-01  1.08137E-05
  7.67578E-01  1.06524E-05
  7.71484E-01  1.04911E-05
  7.75391E-01  1.03362E-05
  7.79297E-01  1.01813E-05
  7.83203E-01  1.00326E-05
  7.87109E-01  9.88375E-06
  7.91016E-01  9.74083E-06
  7.94922E-01  9.59786E-06
  7.98828E-01  9.46045E-06
  8.02734E-01  9.32295E-06
  8.06641E-01  9.19082E-06
  8.10547E-01  9.05854E-06
  8.14453E-01  8.93139E-06
  8.18359E-01  8.80411E-06
  8.22266E-01  8.68170E-06
  8.26172E-01  8.55923E-06
  8.30078E-01  8.44135E-06
  8.33984E-01  8.32342E-06
  8.37891E-01  8.20994E-06
  8.41797E-01  8.09638E-06
  8.45703E-01  7.98707E-06
  8.49609E-01  7.87767E-06
  8.53516E-01  7.77237E-06
  8.57422E-01  7.66700E-06
  8.61328E-01  7.56556E-06
  8.65234E-01  7.46403E-06
  8.69141E-01  7.36625E-06
  8.73047E-01  7.26842E-06
  8.76953E-01  7.17414E-06
  8.80859E-01  7.07981E-06
  8.84766E-01  6.98890E-06
  8.88672E-01  6.89792E-06
  8.92578E-01  6.81021E-06
  8.96484E-01  6.72244E-06
  9.00391E-01  6.63779E-06
  9.04297E-01  6.55308E-06
  9.08203E-01  6.47139E-06
  9.12109E-01  6.38965E-06
  9.16016E-01  6.31082E-06
  9.19922E-01  6.23193E-06
  9.23828E-01  6.15588E-06
  9.27734E-01  6.07978E-06
  9.31641E-01  6.00646E-06
  9.35547E-01  5.93310E-06
  9.39453E-01  5.86249E-06
  9.43359E-01  5.79183E-06
  9.47266E-01  5.72388E-06
  9.51172E-01  5.65589E-06
  9.55078E-01  5.59056E-06
  9.58984E-01  5.52515E-06
  9.62891E-01  5.46236E-06
  9.66797E-01  5.39948E-06
  9.70703E-01  5.33926E-06
  9.74609E-01  5.27897E-06
  9.78516E-01  5.22177E-06
  9.82422E-01  5.16458E-06
  9.86328E-01  5.11184E-06
  9.90234E-01  5.05995E-06
  9.94141E-01  5.01920E-06
  9.98047E-01  4.99944E-06
  1.00195E+00  4.99944E-06
