 -1.95312E-03  9.53925E+00
  1.95312E-03  9.53976E+00
  5.85938E-03  9.53503E+00
  9.76562E-03  9.53036E+00
  1.36719E-02  9.52515E+00
  1.75781E-02  9.51932E+00
  2.14844E-02  9.51286E+00
  2.53906E-02  9.50576E+00
  2.92969E-02  9.49801E+00
  3.32031E-02  9.48961E+00
  3.71094E-02  9.48058E+00
  4.10156E-02  9.47090E+00
  4.49219E-02  9.46058E+00
  4.88281E-02  9.44962E+00
  5.27344E-02  9.43802E+00
  5.66406E-02  9.42579E+00
  6.05469E-02  9.41291E+00
  6.44531E-02  9.39941E+00
  6.83594E-02  9.38526E+00
  7.22656E-02  9.37047E+00
  7.61719E-02  9.35504E+00
  8.00781E-02  9.33898E+00
  8.39844E-02  9.32228E+00
  8.78906E-02  9.30493E+00
  9.17969E-02  9.28694E+00
  9.57031E-02  9.26831E+00
  9.96094E-02  9.24904E+00
  1.03516E-01  9.22912E+00
  1.07422E-01  9.20855E+00
  1.11328E-01  9.18732E+00
  1.15234E-01  9.16543E+00
  1.19141E-01  9.14289E+00
  1.23047E-01  9.11969E+00
  1.26953E-01  9.09581E+00
  1.30859E-01  9.07127E+00
  1.34766E-01  9.04605E+00
  1.38672E-01  9.02015E+00
  1.42578E-01  8.99356E+00
  1.46484E-01  8.96628E+00
  1.50391E-01  8.93830E+00
  1.54297E-01  8.90961E+00
  1.58203E-01  8.88020E+00
  1.62109E-01  8.85009E+00
  1.66016E-01  8.81924E+00
  1.69922E-01  8.78766E+00
  1.73828E-01  8.75533E+00
  1.77734E-01  8.72224E+00
  1.81641E-01  8.68840E+00
  1.85547E-01  8.65377E+00
  1.89453E-01  8.61836E+00
  1.93359E-01  8.58215E+00
  1.97266E-01  8.54513E+00
  2.01172E-01  8.50728E+00
  2.05078E-01  8.46860E+00
  2.08984E-01  8.42906E+00
  2.12891E-01  8.38865E+00
  2.16797E-01  8.34734E+00
  2.20703E-01  8.30513E+00
  2.24609E-01  8.26200E+00
  2.28516E-01  8.21792E+00
  2.32422E-01  8.17287E+00
  2.36328E-01  8.12683E+00
  2.40234E-01  8.07978E+00
  2.44141E-01  8.03169E+00
  2.48047E-01  7.98252E+00
  2.51953E-01  7.93226E+00
  2.55859E-01  7.88086E+00
  2.59766E-01  7.82831E+00
  2.63672E-01  7.77455E+00
  2.67578E-01  7.71955E+00
  2.71484E-01  7.66328E+00
  2.75391E-01  7.60569E+00
  2.79297E-01  7.54672E+00
  2.83203E-01  7.48633E+00
  2.87109E-01  7.42445E+00
  2.91016E-01  7.36103E+00
  2.94922E-01  7.29600E+00
  2.98828E-01  7.22930E+00
  3.02734E-01  7.16083E+00
  3.06641E-01  7.09053E+00
  3.10547E-01  7.01829E+00
  3.14453E-01  6.94401E+00
  3.18359E-01  6.86757E+00
  3.22266E-01  6.78886E+00
  3.26172E-01  6.70772E+00
  3.30078E-01  6.62401E+00
  3.33984E-01  6.53754E+00
  3.37891E-01  6.44813E+00
  3.41797E-01  6.35554E+00
  3.45703E-01  6.25938E+00
  3.49609E-01  6.15582E+00
  3.53516E-01  5.94390E+00
  3.57422E-01  1.16943E-11
  3.61328E-01  1.14100E-11
  3.65234E-01  1.10409E-11
  3.69141E-01  1.07027E-11
  3.73047E-01  1.03639E-11
  3.76953E-01  1.00528E-11
  3.80859E-01  9.74115E-12
  3.84766E-01  9.45454E-12
  3.88672E-01  9.16747E-12
  3.92578E-01  8.90290E-12
  3.96484E-01  8.63799E-12
  4.00391E-01  8.39355E-12
  4.04297E-01  8.14875E-12
  4.08203E-01  7.92238E-12
  4.12109E-01  7.69569E-12
  4.16016E-01  7.48584E-12
  4.19922E-01  7.27568E-12
  4.23828E-01  7.08077E-12
  4.27734E-01  6.88564E-12
  4.31641E-01  6.70440E-12
  4.35547E-01  6.52295E-12
  4.39453E-01  6.35424E-12
  4.43359E-01  6.18534E-12
  4.47266E-01  6.02807E-12
  4.51172E-01  5.87066E-12
  4.55078E-01  5.72398E-12
  4.58984E-01  5.57714E-12
  4.62891E-01  5.44009E-12
  4.66797E-01  5.30293E-12
  4.70703E-01  5.17481E-12
  4.74609E-01  5.04655E-12
  4.78516E-01  4.92660E-12
  4.82422E-01  4.80650E-12
  4.86328E-01  4.69396E-12
  4.90234E-01  4.58134E-12
  4.94141E-01  4.47571E-12
  4.98047E-01  4.36996E-12
  5.01953E-01  4.27069E-12
  5.05859E-01  4.17132E-12
  5.09766E-01  4.07793E-12
  5.13672E-01  3.98446E-12
  5.17578E-01  3.89655E-12
  5.21484E-01  3.80860E-12
  5.25391E-01  3.72582E-12
  5.29297E-01  3.64299E-12
  5.33203E-01  3.56501E-12
  5.37109E-01  3.48696E-12
  5.41016E-01  3.41341E-12
  5.44922E-01  3.33978E-12
  5.48828E-01  3.27028E-12
  5.52734E-01  3.20073E-12
  5.56641E-01  3.13506E-12
  5.60547E-01  3.06935E-12
  5.64453E-01  3.00726E-12
  5.68359E-01  2.94513E-12
  5.72266E-01  2.88637E-12
  5.76172E-01  2.82755E-12
  5.80078E-01  2.77186E-12
  5.83984E-01  2.71614E-12
  5.87891E-01  2.66335E-12
  5.91797E-01  2.61051E-12
  5.95703E-01  2.56041E-12
  5.99609E-01  2.51028E-12
  6.03516E-01  2.46269E-12
  6.07422E-01  2.41508E-12
  6.11328E-01  2.36987E-12
  6.15234E-01  2.32464E-12
  6.19141E-01  2.28167E-12
  6.23047E-01  2.23869E-12
  6.26953E-01  2.19784E-12
  6.30859E-01  2.15698E-12
  6.34766E-01  2.11814E-12
  6.38672E-01  2.07927E-12
  6.42578E-01  2.04232E-12
  6.46484E-01  2.00534E-12
  6.50391E-01  1.97011E-12
  6.54297E-01  1.93484E-12
  6.58203E-01  1.90119E-12
  6.62109E-01  1.86753E-12
  6.66016E-01  1.83540E-12
  6.69922E-01  1.80326E-12
  6.73828E-01  1.77260E-12
  6.77734E-01  1.74194E-12
  6.81641E-01  1.71268E-12
  6.85547E-01  1.68341E-12
  6.89453E-01  1.65544E-12
  6.93359E-01  1.62747E-12
  6.97266E-01  1.60073E-12
  7.01172E-01  1.57398E-12
  7.05078E-01  1.54842E-12
  7.08984E-01  1.52284E-12
  7.12891E-01  1.49839E-12
  7.16797E-01  1.47393E-12
  7.20703E-01  1.45053E-12
  7.24609E-01  1.42711E-12
  7.28516E-01  1.40470E-12
  7.32422E-01  1.38227E-12
  7.36328E-01  1.36078E-12
  7.40234E-01  1.33928E-12
  7.44141E-01  1.31867E-12
  7.48047E-01  1.29806E-12
  7.51953E-01  1.27829E-12
  7.55859E-01  1.25852E-12
  7.59766E-01  1.23956E-12
  7.63672E-01  1.22058E-12
  7.67578E-01  1.20239E-12
  7.71484E-01  1.18418E-12
  7.75391E-01  1.16671E-12
  7.79297E-01  1.14924E-12
  7.83203E-01  1.13246E-12
  7.87109E-01  1.11567E-12
  7.91016E-01  1.09954E-12
  7.94922E-01  1.08341E-12
  7.98828E-01  1.06790E-12
  8.02734E-01  1.05239E-12
  8.06641E-01  1.03748E-12
  8.10547E-01  1.02256E-12
  8.14453E-01  1.00821E-12
  8.18359E-01  9.93848E-13
  8.22266E-01  9.80040E-13
  8.26172E-01  9.66223E-13
  8.30078E-01  9.52928E-13
  8.33984E-01  9.39623E-13
  8.37891E-01  9.26819E-13
  8.41797E-01  9.14007E-13
  8.45703E-01  9.01677E-13
  8.49609E-01  8.89337E-13
  8.53516E-01  8.77452E-13
  8.57422E-01  8.65563E-13
  8.61328E-01  8.54111E-13
  8.65234E-01  8.42652E-13
  8.69141E-01  8.31611E-13
  8.73047E-01  8.20565E-13
  8.76953E-01  8.09917E-13
  8.80859E-01  7.99264E-13
  8.84766E-01  7.88994E-13
  8.88672E-01  7.78718E-13
  8.92578E-01  7.68811E-13
  8.96484E-01  7.58899E-13
  9.00391E-01  7.49341E-13
  9.04297E-01  7.39777E-13
  9.08203E-01  7.30555E-13
  9.12109E-01  7.21327E-13
  9.16016E-01  7.12428E-13
  9.19922E-01  7.03524E-13
  9.23828E-01  6.94937E-13
  9.27734E-01  6.86348E-13
  9.31641E-01  6.78067E-13
  9.35547E-01  6.69779E-13
  9.39453E-01  6.61795E-13
  9.43359E-01  6.53805E-13
  9.47266E-01  6.46112E-13
  9.51172E-01  6.38413E-13
  9.55078E-01  6.31012E-13
  9.58984E-01  6.23603E-13
  9.62891E-01  6.16500E-13
  9.66797E-01  6.09389E-13
  9.70703E-01  6.02602E-13
  9.74609E-01  5.95807E-13
  9.78516E-01  5.89392E-13
  9.82422E-01  5.82972E-13
  9.86328E-01  5.77081E-13
  9.90234E-01  5.71214E-13
  9.94141E-01  5.66616E-13
  9.98047E-01  5.64385E-13
  1.00195E+00  5.64385E-13
