 -1.95312E-03  9.51425E+00
  1.95312E-03  9.51509E+00
  5.85938E-03  9.51036E+00
  9.76562E-03  9.50568E+00
  1.36719E-02  9.50046E+00
  1.75781E-02  9.49463E+00
  2.14844E-02  9.48815E+00
  2.53906E-02  9.48103E+00
  2.92969E-02  9.47326E+00
  3.32031E-02  9.46484E+00
  3.71094E-02  9.45579E+00
  4.10156E-02  9.44608E+00
  4.49219E-02  9.43574E+00
  4.88281E-02  9.42475E+00
  5.27344E-02  9.41312E+00
  5.66406E-02  9.40085E+00
  6.05469E-02  9.38794E+00
  6.44531E-02  9.37440E+00
  6.83594E-02  9.36021E+00
  7.22656E-02  9.34539E+00
  7.61719E-02  9.32992E+00
  8.00781E-02  9.31381E+00
  8.39844E-02  9.29707E+00
  8.78906E-02  9.27968E+00
  9.17969E-02  9.26165E+00
  9.57031E-02  9.24298E+00
  9.96094E-02  9.22365E+00
  1.03516E-01  9.20367E+00
  1.07422E-01  9.18305E+00
  1.11328E-01  9.16177E+00
  1.15234E-01  9.13983E+00
  1.19141E-01  9.11723E+00
  1.23047E-01  9.09396E+00
  1.26953E-01  9.07002E+00
  1.30859E-01  9.04540E+00
  1.34766E-01  9.02011E+00
  1.38672E-01  8.99413E+00
  1.42578E-01  8.96746E+00
  1.46484E-01  8.94010E+00
  1.50391E-01  8.91203E+00
  1.54297E-01  8.88326E+00
  1.58203E-01  8.85376E+00
  1.62109E-01  8.82355E+00
  1.66016E-01  8.79261E+00
  1.69922E-01  8.76093E+00
  1.73828E-01  8.72850E+00
  1.77734E-01  8.69532E+00
  1.81641E-01  8.66136E+00
  1.85547E-01  8.62663E+00
  1.89453E-01  8.59111E+00
  1.93359E-01  8.55479E+00
  1.97266E-01  8.51765E+00
  2.01172E-01  8.47968E+00
  2.05078E-01  8.44086E+00
  2.08984E-01  8.40119E+00
  2.12891E-01  8.36064E+00
  2.16797E-01  8.31920E+00
  2.20703E-01  8.27686E+00
  2.24609E-01  8.23358E+00
  2.28516E-01  8.18935E+00
  2.32422E-01  8.14416E+00
  2.36328E-01  8.09796E+00
  2.40234E-01  8.05075E+00
  2.44141E-01  8.00249E+00
  2.48047E-01  7.95317E+00
  2.51953E-01  7.90274E+00
  2.55859E-01  7.85118E+00
  2.59766E-01  7.79845E+00
  2.63672E-01  7.74451E+00
  2.67578E-01  7.68933E+00
  2.71484E-01  7.63286E+00
  2.75391E-01  7.57506E+00
  2.79297E-01  7.51588E+00
  2.83203E-01  7.45528E+00
  2.87109E-01  7.39318E+00
  2.91016E-01  7.32954E+00
  2.94922E-01  7.26428E+00
  2.98828E-01  7.19734E+00
  3.02734E-01  7.12863E+00
  3.06641E-01  7.05807E+00
  3.10547E-01  6.98557E+00
  3.14453E-01  6.91101E+00
  3.18359E-01  6.83430E+00
  3.22266E-01  6.75529E+00
  3.26172E-01  6.67384E+00
  3.30078E-01  6.58981E+00
  3.33984E-01  6.50300E+00
  3.37891E-01  6.41323E+00
  3.41797E-01  6.32026E+00
  3.45703E-01  6.22371E+00
  3.49609E-01  6.11967E+00
  3.53516E-01  5.90670E+00
  3.57422E-01  4.89235E-02
  3.61328E-01  4.76576E-02
  3.65234E-01  4.61311E-02
  3.69141E-01  4.47202E-02
  3.73047E-01  4.33076E-02
  3.76953E-01  4.20019E-02
  3.80859E-01  4.06975E-02
  3.84766E-01  3.95043E-02
  3.88672E-01  3.83183E-02
  3.92578E-01  3.72159E-02
  3.96484E-01  3.61113E-02
  4.00391E-01  3.50850E-02
  4.04297E-01  3.40588E-02
  4.08203E-01  3.31120E-02
  4.12109E-01  3.21736E-02
  4.16016E-01  3.13005E-02
  4.19922E-01  3.04216E-02
  4.23828E-01  2.95983E-02
  4.27734E-01  2.87859E-02
  4.31641E-01  2.80285E-02
  4.35547E-01  2.72751E-02
  4.39453E-01  2.65703E-02
  4.43359E-01  2.58634E-02
  4.47266E-01  2.52019E-02
  4.51172E-01  2.45479E-02
  4.55078E-01  2.39377E-02
  4.58984E-01  2.33247E-02
  4.62891E-01  2.27461E-02
  4.66797E-01  2.21759E-02
  4.70703E-01  2.16417E-02
  4.74609E-01  2.11059E-02
  4.78516E-01  2.05983E-02
  4.82422E-01  2.00972E-02
  4.86328E-01  1.96284E-02
  4.90234E-01  1.91590E-02
  4.94141E-01  1.87133E-02
  4.98047E-01  1.82712E-02
  5.01953E-01  1.78571E-02
  5.05859E-01  1.74439E-02
  5.09766E-01  1.70513E-02
  5.13672E-01  1.66600E-02
  5.17578E-01  1.62928E-02
  5.21484E-01  1.59259E-02
  5.25391E-01  1.55761E-02
  5.29297E-01  1.52353E-02
  5.33203E-01  1.49017E-02
  5.37109E-01  1.45843E-02
  5.41016E-01  1.42673E-02
  5.44922E-01  1.39677E-02
  5.48828E-01  1.36679E-02
  5.52734E-01  1.33849E-02
  5.56641E-01  1.31019E-02
  5.60547E-01  1.28353E-02
  5.64453E-01  1.25683E-02
  5.68359E-01  1.23154E-02
  5.72266E-01  1.20621E-02
  5.76172E-01  1.18220E-02
  5.80078E-01  1.15818E-02
  5.83984E-01  1.13546E-02
  5.87891E-01  1.11275E-02
  5.91797E-01  1.09127E-02
  5.95703E-01  1.06976E-02
  5.99609E-01  1.04935E-02
  6.03516E-01  1.02892E-02
  6.07422E-01  1.00950E-02
  6.11328E-01  9.90085E-03
  6.15234E-01  9.71647E-03
  6.19141E-01  9.53198E-03
  6.23047E-01  9.35634E-03
  6.26953E-01  9.18048E-03
  6.30859E-01  9.01294E-03
  6.34766E-01  8.84552E-03
  6.38672E-01  8.68685E-03
  6.42578E-01  8.52884E-03
  6.46484E-01  8.37795E-03
  6.50391E-01  8.22659E-03
  6.54297E-01  8.08127E-03
  6.58203E-01  7.93631E-03
  6.62109E-01  7.79837E-03
  6.66016E-01  7.66164E-03
  6.69922E-01  7.53081E-03
  6.73828E-01  7.39960E-03
  6.77734E-01  7.27329E-03
  6.81641E-01  7.14769E-03
  6.85547E-01  7.02791E-03
  6.89453E-01  6.90875E-03
  6.93359E-01  6.79371E-03
  6.97266E-01  6.67873E-03
  7.01172E-01  6.56867E-03
  7.05078E-01  6.46006E-03
  7.08984E-01  6.35589E-03
  7.12891E-01  6.25148E-03
  7.16797E-01  6.15045E-03
  7.20703E-01  6.04991E-03
  7.24609E-01  5.95358E-03
  7.28516E-01  5.85814E-03
  7.32422E-01  5.76649E-03
  7.36328E-01  5.67477E-03
  7.40234E-01  5.58623E-03
  7.44141E-01  5.49776E-03
  7.48047E-01  5.41302E-03
  7.51953E-01  5.32964E-03
  7.55859E-01  5.24842E-03
  7.59766E-01  5.16703E-03
  7.63672E-01  5.08828E-03
  7.67578E-01  5.01191E-03
  7.71484E-01  4.93670E-03
  7.75391E-01  4.86329E-03
  7.79297E-01  4.79095E-03
  7.83203E-01  4.71969E-03
  7.87109E-01  4.64966E-03
  7.91016E-01  4.58175E-03
  7.94922E-01  4.51515E-03
  7.98828E-01  4.45028E-03
  8.02734E-01  4.38551E-03
  8.06641E-01  4.32283E-03
  8.10547E-01  4.26074E-03
  8.14453E-01  4.19993E-03
  8.18359E-01  4.14088E-03
  8.22266E-01  4.08227E-03
  8.26172E-01  4.02540E-03
  8.30078E-01  3.96960E-03
  8.33984E-01  3.91429E-03
  8.37891E-01  3.86059E-03
  8.41797E-01  3.80720E-03
  8.45703E-01  3.75575E-03
  8.49609E-01  3.70540E-03
  8.53516E-01  3.65483E-03
  8.57422E-01  3.60515E-03
  8.61328E-01  3.55717E-03
  8.65234E-01  3.51033E-03
  8.69141E-01  3.46383E-03
  8.73047E-01  3.41798E-03
  8.76953E-01  3.37306E-03
  8.80859E-01  3.32924E-03
  8.84766E-01  3.28626E-03
  8.88672E-01  3.24383E-03
  8.92578E-01  3.20268E-03
  8.96484E-01  3.16186E-03
  9.00391E-01  3.12150E-03
  9.04297E-01  3.08158E-03
  9.08203E-01  3.04304E-03
  9.12109E-01  3.00553E-03
  9.16016E-01  2.96826E-03
  9.19922E-01  2.93135E-03
  9.23828E-01  2.89530E-03
  9.27734E-01  2.86015E-03
  9.31641E-01  2.82566E-03
  9.35547E-01  2.79166E-03
  9.39453E-01  2.75794E-03
  9.43359E-01  2.72493E-03
  9.47266E-01  2.69259E-03
  9.51172E-01  2.66114E-03
  9.55078E-01  2.62985E-03
  9.58984E-01  2.59926E-03
  9.62891E-01  2.56928E-03
  9.66797E-01  2.54056E-03
  9.70703E-01  2.51185E-03
  9.74609E-01  2.48369E-03
  9.78516E-01  2.45668E-03
  9.82422E-01  2.43003E-03
  9.86328E-01  2.40479E-03
  9.90234E-01  2.38143E-03
  9.94141E-01  2.36157E-03
  9.98047E-01  2.35227E-03
  1.00195E+00  2.35227E-03
