 -1.95312E-03  9.53891E+00
  1.95312E-03  9.53942E+00
  5.85938E-03  9.53469E+00
  9.76562E-03  9.53001E+00
  1.36719E-02  9.52480E+00
  1.75781E-02  9.51898E+00
  2.14844E-02  9.51252E+00
  2.53906E-02  9.50542E+00
  2.92969E-02  9.49767E+00
  3.32031E-02  9.48927E+00
  3.71094E-02  9.48024E+00
  4.10156E-02  9.47056E+00
  4.49219E-02  9.46025E+00
  4.88281E-02  9.44929E+00
  5.27344E-02  9.43769E+00
  5.66406E-02  9.42545E+00
  6.05469E-02  9.41258E+00
  6.44531E-02  9.39907E+00
  6.83594E-02  9.38493E+00
  7.22656E-02  9.37014E+00
  7.61719E-02  9.35472E+00
  8.00781E-02  9.33866E+00
  8.39844E-02  9.32195E+00
  8.78906E-02  9.30461E+00
  9.17969E-02  9.28663E+00
  9.57031E-02  9.26800E+00
  9.96094E-02  9.24873E+00
  1.03516E-01  9.22881E+00
  1.07422E-01  9.20825E+00
  1.11328E-01  9.18702E+00
  1.15234E-01  9.16514E+00
  1.19141E-01  9.14261E+00
  1.23047E-01  9.11941E+00
  1.26953E-01  9.09554E+00
  1.30859E-01  9.07101E+00
  1.34766E-01  9.04579E+00
  1.38672E-01  9.01990E+00
  1.42578E-01  8.99331E+00
  1.46484E-01  8.96604E+00
  1.50391E-01  8.93806E+00
  1.54297E-01  8.90938E+00
  1.58203E-01  8.87999E+00
  1.62109E-01  8.84988E+00
  1.66016E-01  8.81904E+00
  1.69922E-01  8.78746E+00
  1.73828E-01  8.75514E+00
  1.77734E-01  8.72207E+00
  1.81641E-01  8.68823E+00
  1.85547E-01  8.65362E+00
  1.89453E-01  8.61822E+00
  1.93359E-01  8.58202E+00
  1.97266E-01  8.54502E+00
  2.01172E-01  8.50718E+00
  2.05078E-01  8.46851E+00
  2.08984E-01  8.42898E+00
  2.12891E-01  8.38859E+00
  2.16797E-01  8.34730E+00
  2.20703E-01  8.30510E+00
  2.24609E-01  8.26198E+00
  2.28516E-01  8.21791E+00
  2.32422E-01  8.17287E+00
  2.36328E-01  8.12684E+00
  2.40234E-01  8.07981E+00
  2.44141E-01  8.03173E+00
  2.48047E-01  7.98258E+00
  2.51953E-01  7.93233E+00
  2.55859E-01  7.88095E+00
  2.59766E-01  7.82841E+00
  2.63672E-01  7.77466E+00
  2.67578E-01  7.71968E+00
  2.71484E-01  7.66343E+00
  2.75391E-01  7.60584E+00
  2.79297E-01  7.54689E+00
  2.83203E-01  7.48651E+00
  2.87109E-01  7.42464E+00
  2.91016E-01  7.36124E+00
  2.94922E-01  7.29622E+00
  2.98828E-01  7.22953E+00
  3.02734E-01  7.16108E+00
  3.06641E-01  7.09079E+00
  3.10547E-01  7.01857E+00
  3.14453E-01  6.94430E+00
  3.18359E-01  6.86787E+00
  3.22266E-01  6.78917E+00
  3.26172E-01  6.70805E+00
  3.30078E-01  6.62435E+00
  3.33984E-01  6.53790E+00
  3.37891E-01  6.44850E+00
  3.41797E-01  6.35593E+00
  3.45703E-01  6.25979E+00
  3.49609E-01  6.15625E+00
  3.53516E-01  5.94435E+00
  3.57422E-01  5.57994E-07
  3.61328E-01  5.44431E-07
  3.65234E-01  5.26818E-07
  3.69141E-01  5.10680E-07
  3.73047E-01  4.94514E-07
  3.76953E-01  4.79670E-07
  3.80859E-01  4.64803E-07
  3.84766E-01  4.51133E-07
  3.88672E-01  4.37442E-07
  3.92578E-01  4.24828E-07
  3.96484E-01  4.12196E-07
  4.00391E-01  4.00537E-07
  4.04297E-01  3.88862E-07
  4.08203E-01  3.78064E-07
  4.12109E-01  3.67252E-07
  4.16016E-01  3.57237E-07
  4.19922E-01  3.47209E-07
  4.23828E-01  3.37904E-07
  4.27734E-01  3.28588E-07
  4.31641E-01  3.19934E-07
  4.35547E-01  3.11272E-07
  4.39453E-01  3.03219E-07
  4.43359E-01  2.95156E-07
  4.47266E-01  2.87648E-07
  4.51172E-01  2.80134E-07
  4.55078E-01  2.73129E-07
  4.58984E-01  2.66119E-07
  4.62891E-01  2.59577E-07
  4.66797E-01  2.53028E-07
  4.70703E-01  2.46908E-07
  4.74609E-01  2.40780E-07
  4.78516E-01  2.35051E-07
  4.82422E-01  2.29316E-07
  4.86328E-01  2.23948E-07
  4.90234E-01  2.18573E-07
  4.94141E-01  2.13536E-07
  4.98047E-01  2.08494E-07
  5.01953E-01  2.03762E-07
  5.05859E-01  1.99025E-07
  5.09766E-01  1.94574E-07
  5.13672E-01  1.90119E-07
  5.17578E-01  1.85930E-07
  5.21484E-01  1.81737E-07
  5.25391E-01  1.77790E-07
  5.29297E-01  1.73839E-07
  5.33203E-01  1.70116E-07
  5.37109E-01  1.66391E-07
  5.41016E-01  1.62880E-07
  5.44922E-01  1.59366E-07
  5.48828E-01  1.56052E-07
  5.52734E-01  1.52735E-07
  5.56641E-01  1.49604E-07
  5.60547E-01  1.46470E-07
  5.64453E-01  1.43508E-07
  5.68359E-01  1.40545E-07
  5.72266E-01  1.37741E-07
  5.76172E-01  1.34936E-07
  5.80078E-01  1.32280E-07
  5.83984E-01  1.29622E-07
  5.87891E-01  1.27102E-07
  5.91797E-01  1.24580E-07
  5.95703E-01  1.22187E-07
  5.99609E-01  1.19792E-07
  6.03516E-01  1.17519E-07
  6.07422E-01  1.15245E-07
  6.11328E-01  1.13089E-07
  6.15234E-01  1.10931E-07
  6.19141E-01  1.08882E-07
  6.23047E-01  1.06831E-07
  6.26953E-01  1.04882E-07
  6.30859E-01  1.02931E-07
  6.34766E-01  1.01074E-07
  6.38672E-01  9.92171E-08
  6.42578E-01  9.74499E-08
  6.46484E-01  9.56819E-08
  6.50391E-01  9.39990E-08
  6.54297E-01  9.23153E-08
  6.58203E-01  9.07119E-08
  6.62109E-01  8.91074E-08
  6.66016E-01  8.75771E-08
  6.69922E-01  8.60456E-08
  6.73828E-01  8.45833E-08
  6.77734E-01  8.31206E-08
  6.81641E-01  8.17236E-08
  6.85547E-01  8.03263E-08
  6.89453E-01  7.89918E-08
  6.93359E-01  7.76562E-08
  6.97266E-01  7.63809E-08
  7.01172E-01  7.51047E-08
  7.05078E-01  7.38855E-08
  7.08984E-01  7.26656E-08
  7.12891E-01  7.14999E-08
  7.16797E-01  7.03332E-08
  7.20703E-01  6.92167E-08
  7.24609E-01  6.81000E-08
  7.28516E-01  6.70307E-08
  7.32422E-01  6.59605E-08
  7.36328E-01  6.49354E-08
  7.40234E-01  6.39092E-08
  7.44141E-01  6.29262E-08
  7.48047E-01  6.19424E-08
  7.51953E-01  6.09993E-08
  7.55859E-01  6.00560E-08
  7.59766E-01  5.91511E-08
  7.63672E-01  5.82457E-08
  7.67578E-01  5.73769E-08
  7.71484E-01  5.65077E-08
  7.75391E-01  5.56735E-08
  7.79297E-01  5.48389E-08
  7.83203E-01  5.40377E-08
  7.87109E-01  5.32361E-08
  7.91016E-01  5.24664E-08
  7.94922E-01  5.16963E-08
  7.98828E-01  5.09563E-08
  8.02734E-01  5.02159E-08
  8.06641E-01  4.95043E-08
  8.10547E-01  4.87922E-08
  8.14453E-01  4.81075E-08
  8.18359E-01  4.74224E-08
  8.22266E-01  4.67634E-08
  8.26172E-01  4.61041E-08
  8.30078E-01  4.54697E-08
  8.33984E-01  4.48350E-08
  8.37891E-01  4.42241E-08
  8.41797E-01  4.36128E-08
  8.45703E-01  4.30244E-08
  8.49609E-01  4.24356E-08
  8.53516E-01  4.18686E-08
  8.57422E-01  4.13014E-08
  8.61328E-01  4.07550E-08
  8.65234E-01  4.02083E-08
  8.69141E-01  3.96815E-08
  8.73047E-01  3.91545E-08
  8.76953E-01  3.86464E-08
  8.80859E-01  3.81383E-08
  8.84766E-01  3.76482E-08
  8.88672E-01  3.71580E-08
  8.92578E-01  3.66854E-08
  8.96484E-01  3.62123E-08
  9.00391E-01  3.57564E-08
  9.04297E-01  3.53000E-08
  9.08203E-01  3.48600E-08
  9.12109E-01  3.44196E-08
  9.16016E-01  3.39950E-08
  9.19922E-01  3.35700E-08
  9.23828E-01  3.31604E-08
  9.27734E-01  3.27505E-08
  9.31641E-01  3.23553E-08
  9.35547E-01  3.19599E-08
  9.39453E-01  3.15789E-08
  9.43359E-01  3.11977E-08
  9.47266E-01  3.08307E-08
  9.51172E-01  3.04633E-08
  9.55078E-01  3.01100E-08
  9.58984E-01  2.97566E-08
  9.62891E-01  2.94176E-08
  9.66797E-01  2.90782E-08
  9.70703E-01  2.87544E-08
  9.74609E-01  2.84302E-08
  9.78516E-01  2.81241E-08
  9.82422E-01  2.78177E-08
  9.86328E-01  2.75365E-08
  9.90234E-01  2.72568E-08
  9.94141E-01  2.70372E-08
  9.98047E-01  2.69308E-08
  1.00195E+00  2.69308E-08
