 -1.95312E-03  9.49607E+00
  1.95312E-03  9.49728E+00
  5.85938E-03  9.49251E+00
  9.76562E-03  9.48783E+00
  1.36719E-02  9.48261E+00
  1.75781E-02  9.47677E+00
  2.14844E-02  9.47028E+00
  2.53906E-02  9.46315E+00
  2.92969E-02  9.45537E+00
  3.32031E-02  9.44694E+00
  3.71094E-02  9.43787E+00
  4.10156E-02  9.42815E+00
  4.49219E-02  9.41778E+00
  4.88281E-02  9.40677E+00
  5.27344E-02  9.39511E+00
  5.66406E-02  9.38282E+00
  6.05469E-02  9.36988E+00
  6.44531E-02  9.35630E+00
  6.83594E-02  9.34208E+00
  7.22656E-02  9.32722E+00
  7.61719E-02  9.31172E+00
  8.00781E-02  9.29558E+00
  8.39844E-02  9.27879E+00
  8.78906E-02  9.26136E+00
  9.17969E-02  9.24329E+00
  9.57031E-02  9.22457E+00
  9.96094E-02  9.20519E+00
  1.03516E-01  9.18516E+00
  1.07422E-01  9.16448E+00
  1.11328E-01  9.14314E+00
  1.15234E-01  9.12115E+00
  1.19141E-01  9.09848E+00
  1.23047E-01  9.07514E+00
  1.26953E-01  9.05114E+00
  1.30859E-01  9.02645E+00
  1.34766E-01  9.00109E+00
  1.38672E-01  8.97503E+00
  1.42578E-01  8.94829E+00
  1.46484E-01  8.92084E+00
  1.50391E-01  8.89269E+00
  1.54297E-01  8.86384E+00
  1.58203E-01  8.83426E+00
  1.62109E-01  8.80396E+00
  1.66016E-01  8.77292E+00
  1.69922E-01  8.74114E+00
  1.73828E-01  8.70861E+00
  1.77734E-01  8.67532E+00
  1.81641E-01  8.64125E+00
  1.85547E-01  8.60640E+00
  1.89453E-01  8.57076E+00
  1.93359E-01  8.53431E+00
  1.97266E-01  8.49704E+00
  2.01172E-01  8.45894E+00
  2.05078E-01  8.41999E+00
  2.08984E-01  8.38018E+00
  2.12891E-01  8.33948E+00
  2.16797E-01  8.29789E+00
  2.20703E-01  8.25539E+00
  2.24609E-01  8.21195E+00
  2.28516E-01  8.16757E+00
  2.32422E-01  8.12221E+00
  2.36328E-01  8.07584E+00
  2.40234E-01  8.02845E+00
  2.44141E-01  7.98001E+00
  2.48047E-01  7.93049E+00
  2.51953E-01  7.87987E+00
  2.55859E-01  7.82809E+00
  2.59766E-01  7.77515E+00
  2.63672E-01  7.72099E+00
  2.67578E-01  7.66557E+00
  2.71484E-01  7.60886E+00
  2.75391E-01  7.55081E+00
  2.79297E-01  7.49137E+00
  2.83203E-01  7.43049E+00
  2.87109E-01  7.36810E+00
  2.91016E-01  7.30416E+00
  2.94922E-01  7.23859E+00
  2.98828E-01  7.17131E+00
  3.02734E-01  7.10225E+00
  3.06641E-01  7.03132E+00
  3.10547E-01  6.95842E+00
  3.14453E-01  6.88345E+00
  3.18359E-01  6.80628E+00
  3.22266E-01  6.72680E+00
  3.26172E-01  6.64485E+00
  3.30078E-01  6.56027E+00
  3.33984E-01  6.47289E+00
  3.37891E-01  6.38249E+00
  3.41797E-01  6.28884E+00
  3.45703E-01  6.19153E+00
  3.49609E-01  6.08659E+00
  3.53516E-01  5.87166E+00
  3.57422E-01  6.73658E-02
  3.61328E-01  6.54758E-02
  3.65234E-01  6.33418E-02
  3.69141E-01  6.14156E-02
  3.73047E-01  5.95110E-02
  3.76953E-01  5.77521E-02
  3.80859E-01  5.59842E-02
  3.84766E-01  5.43352E-02
  3.88672E-01  5.26849E-02
  3.92578E-01  5.11509E-02
  3.96484E-01  4.96416E-02
  4.00391E-01  4.82757E-02
  4.04297E-01  4.69086E-02
  4.08203E-01  4.55927E-02
  4.12109E-01  4.42945E-02
  4.16016E-01  4.30837E-02
  4.19922E-01  4.18722E-02
  4.23828E-01  4.07323E-02
  4.27734E-01  3.96318E-02
  4.31641E-01  3.86023E-02
  4.35547E-01  3.75682E-02
  4.39453E-01  3.65877E-02
  4.43359E-01  3.56242E-02
  4.47266E-01  3.47030E-02
  4.51172E-01  3.38120E-02
  4.55078E-01  3.29563E-02
  4.58984E-01  3.21472E-02
  4.62891E-01  3.13341E-02
  4.66797E-01  3.05559E-02
  4.70703E-01  2.97940E-02
  4.74609E-01  2.90845E-02
  4.78516E-01  2.83805E-02
  4.82422E-01  2.77020E-02
  4.86328E-01  2.70340E-02
  4.90234E-01  2.64049E-02
  4.94141E-01  2.57825E-02
  4.98047E-01  2.51875E-02
  5.01953E-01  2.45987E-02
  5.05859E-01  2.40439E-02
  5.09766E-01  2.34946E-02
  5.13672E-01  2.29697E-02
  5.17578E-01  2.24495E-02
  5.21484E-01  2.19547E-02
  5.25391E-01  2.14689E-02
  5.29297E-01  2.10065E-02
  5.33203E-01  2.05434E-02
  5.37109E-01  2.01048E-02
  5.41016E-01  1.96720E-02
  5.44922E-01  1.92579E-02
  5.48828E-01  1.88472E-02
  5.52734E-01  1.84577E-02
  5.56641E-01  1.80680E-02
  5.60547E-01  1.76987E-02
  5.64453E-01  1.73313E-02
  5.68359E-01  1.69829E-02
  5.72266E-01  1.66341E-02
  5.76172E-01  1.63039E-02
  5.80078E-01  1.59740E-02
  5.83984E-01  1.56617E-02
  5.87891E-01  1.53488E-02
  5.91797E-01  1.50512E-02
  5.95703E-01  1.47534E-02
  5.99609E-01  1.44709E-02
  6.03516E-01  1.41897E-02
  6.07422E-01  1.39238E-02
  6.11328E-01  1.36572E-02
  6.15234E-01  1.34017E-02
  6.19141E-01  1.31466E-02
  6.23047E-01  1.29038E-02
  6.26953E-01  1.26626E-02
  6.30859E-01  1.24336E-02
  6.34766E-01  1.22045E-02
  6.38672E-01  1.19842E-02
  6.42578E-01  1.17671E-02
  6.46484E-01  1.15565E-02
  6.50391E-01  1.13477E-02
  6.54297E-01  1.11479E-02
  6.58203E-01  1.09494E-02
  6.62109E-01  1.07606E-02
  6.66016E-01  1.05717E-02
  6.69922E-01  1.03897E-02
  6.73828E-01  1.02083E-02
  6.77734E-01  1.00356E-02
  6.81641E-01  9.86500E-03
  6.85547E-01  9.69918E-03
  6.89453E-01  9.53407E-03
  6.93359E-01  9.37282E-03
  6.97266E-01  9.21619E-03
  7.01172E-01  9.06544E-03
  7.05078E-01  8.91665E-03
  7.08984E-01  8.76994E-03
  7.12891E-01  8.62637E-03
  7.16797E-01  8.48649E-03
  7.20703E-01  8.35072E-03
  7.24609E-01  8.21623E-03
  7.28516E-01  8.08472E-03
  7.32422E-01  7.95681E-03
  7.36328E-01  7.83158E-03
  7.40234E-01  7.70884E-03
  7.44141E-01  7.58893E-03
  7.48047E-01  7.46946E-03
  7.51953E-01  7.35362E-03
  7.55859E-01  7.24107E-03
  7.59766E-01  7.13132E-03
  7.63672E-01  7.02246E-03
  7.67578E-01  6.91532E-03
  7.71484E-01  6.81160E-03
  7.75391E-01  6.70952E-03
  7.79297E-01  6.60995E-03
  7.83203E-01  6.51166E-03
  7.87109E-01  6.41481E-03
  7.91016E-01  6.32127E-03
  7.94922E-01  6.22907E-03
  7.98828E-01  6.13890E-03
  8.02734E-01  6.04955E-03
  8.06641E-01  5.96182E-03
  8.10547E-01  5.87702E-03
  8.14453E-01  5.79341E-03
  8.18359E-01  5.71187E-03
  8.22266E-01  5.63119E-03
  8.26172E-01  5.55179E-03
  8.30078E-01  5.47449E-03
  8.33984E-01  5.39870E-03
  8.37891E-01  5.32377E-03
  8.41797E-01  5.25127E-03
  8.45703E-01  5.17970E-03
  8.49609E-01  5.10821E-03
  8.53516E-01  5.03899E-03
  8.57422E-01  4.97166E-03
  8.61328E-01  4.90517E-03
  8.65234E-01  4.83891E-03
  8.69141E-01  4.77481E-03
  8.73047E-01  4.71237E-03
  8.76953E-01  4.65062E-03
  8.80859E-01  4.58965E-03
  8.84766E-01  4.53006E-03
  8.88672E-01  4.47156E-03
  8.92578E-01  4.41400E-03
  8.96484E-01  4.35779E-03
  9.00391E-01  4.30230E-03
  9.04297E-01  4.24730E-03
  9.08203E-01  4.19388E-03
  9.12109E-01  4.14223E-03
  9.16016E-01  4.09087E-03
  9.19922E-01  4.03988E-03
  9.23828E-01  3.98997E-03
  9.27734E-01  3.94158E-03
  9.31641E-01  3.89372E-03
  9.35547E-01  3.84665E-03
  9.39453E-01  3.80033E-03
  9.43359E-01  3.75556E-03
  9.47266E-01  3.71130E-03
  9.51172E-01  3.66764E-03
  9.55078E-01  3.62455E-03
  9.58984E-01  3.58303E-03
  9.62891E-01  3.54165E-03
  9.66797E-01  3.50098E-03
  9.70703E-01  3.46211E-03
  9.74609E-01  3.42365E-03
  9.78516E-01  3.38644E-03
  9.82422E-01  3.35012E-03
  9.86328E-01  3.31492E-03
  9.90234E-01  3.28254E-03
  9.94141E-01  3.25527E-03
  9.98047E-01  3.24246E-03
  1.00195E+00  3.24246E-03
