 -1.95312E-03  9.53919E+00
  1.95312E-03  9.53969E+00
  5.85938E-03  9.53497E+00
  9.76562E-03  9.53029E+00
  1.36719E-02  9.52508E+00
  1.75781E-02  9.51926E+00
  2.14844E-02  9.51280E+00
  2.53906E-02  9.50569E+00
  2.92969E-02  9.49794E+00
  3.32031E-02  9.48955E+00
  3.71094E-02  9.48051E+00
  4.10156E-02  9.47084E+00
  4.49219E-02  9.46052E+00
  4.88281E-02  9.44956E+00
  5.27344E-02  9.43796E+00
  5.66406E-02  9.42572E+00
  6.05469E-02  9.41285E+00
  6.44531E-02  9.39934E+00
  6.83594E-02  9.38519E+00
  7.22656E-02  9.37041E+00
  7.61719E-02  9.35498E+00
  8.00781E-02  9.33892E+00
  8.39844E-02  9.32222E+00
  8.78906E-02  9.30487E+00
  9.17969E-02  9.28689E+00
  9.57031E-02  9.26826E+00
  9.96094E-02  9.24898E+00
  1.03516E-01  9.22906E+00
  1.07422E-01  9.20849E+00
  1.11328E-01  9.18727E+00
  1.15234E-01  9.16538E+00
  1.19141E-01  9.14284E+00
  1.23047E-01  9.11964E+00
  1.26953E-01  9.09577E+00
  1.30859E-01  9.07123E+00
  1.34766E-01  9.04601E+00
  1.38672E-01  9.02011E+00
  1.42578E-01  8.99352E+00
  1.46484E-01  8.96624E+00
  1.50391E-01  8.93826E+00
  1.54297E-01  8.90957E+00
  1.58203E-01  8.88017E+00
  1.62109E-01  8.85005E+00
  1.66016E-01  8.81920E+00
  1.69922E-01  8.78762E+00
  1.73828E-01  8.75529E+00
  1.77734E-01  8.72221E+00
  1.81641E-01  8.68836E+00
  1.85547E-01  8.65374E+00
  1.89453E-01  8.61834E+00
  1.93359E-01  8.58212E+00
  1.97266E-01  8.54511E+00
  2.01172E-01  8.50726E+00
  2.05078E-01  8.46858E+00
  2.08984E-01  8.42904E+00
  2.12891E-01  8.38863E+00
  2.16797E-01  8.34733E+00
  2.20703E-01  8.30512E+00
  2.24609E-01  8.26199E+00
  2.28516E-01  8.21791E+00
  2.32422E-01  8.17286E+00
  2.36328E-01  8.12683E+00
  2.40234E-01  8.07978E+00
  2.44141E-01  8.03169E+00
  2.48047E-01  7.98253E+00
  2.51953E-01  7.93227E+00
  2.55859E-01  7.88088E+00
  2.59766E-01  7.82832E+00
  2.63672E-01  7.77457E+00
  2.67578E-01  7.71957E+00
  2.71484E-01  7.66330E+00
  2.75391E-01  7.60571E+00
  2.79297E-01  7.54674E+00
  2.83203E-01  7.48635E+00
  2.87109E-01  7.42448E+00
  2.91016E-01  7.36106E+00
  2.94922E-01  7.29603E+00
  2.98828E-01  7.22933E+00
  3.02734E-01  7.16087E+00
  3.06641E-01  7.09057E+00
  3.10547E-01  7.01833E+00
  3.14453E-01  6.94405E+00
  3.18359E-01  6.86762E+00
  3.22266E-01  6.78890E+00
  3.26172E-01  6.70777E+00
  3.30078E-01  6.62406E+00
  3.33984E-01  6.53759E+00
  3.37891E-01  6.44818E+00
  3.41797E-01  6.35559E+00
  3.45703E-01  6.25943E+00
  3.49609E-01  6.15588E+00
  3.53516E-01  5.94394E+00
  3.57422E-01  1.14920E-10
  3.61328E-01  1.12130E-10
  3.65234E-01  1.08506E-10
  3.69141E-01  1.05185E-10
  3.73047E-01  1.01857E-10
  3.76953E-01  9.88002E-11
  3.80859E-01  9.57382E-11
  3.84766E-01  9.29200E-11
  3.88672E-01  9.00976E-11
  3.92578E-01  8.74957E-11
  3.96484E-01  8.48901E-11
  4.00391E-01  8.24856E-11
  4.04297E-01  8.00778E-11
  4.08203E-01  7.78517E-11
  4.12109E-01  7.56229E-11
  4.16016E-01  7.35596E-11
  4.19922E-01  7.14935E-11
  4.23828E-01  6.95784E-11
  4.27734E-01  6.76606E-11
  4.31641E-01  6.58794E-11
  4.35547E-01  6.40964E-11
  4.39453E-01  6.24389E-11
  4.43359E-01  6.07797E-11
  4.47266E-01  5.92354E-11
  4.51172E-01  5.76892E-11
  4.55078E-01  5.62478E-11
  4.58984E-01  5.48051E-11
  4.62891E-01  5.34585E-11
  4.66797E-01  5.21104E-11
  4.70703E-01  5.08502E-11
  4.74609E-01  4.95889E-11
  4.78516E-01  4.84088E-11
  4.82422E-01  4.72274E-11
  4.86328E-01  4.61208E-11
  4.90234E-01  4.50132E-11
  4.94141E-01  4.39749E-11
  4.98047E-01  4.29357E-11
  5.01953E-01  4.19609E-11
  5.05859E-01  4.09851E-11
  5.09766E-01  4.00685E-11
  5.13672E-01  3.91511E-11
  5.17578E-01  3.82890E-11
  5.21484E-01  3.74260E-11
  5.25391E-01  3.66143E-11
  5.29297E-01  3.58019E-11
  5.33203E-01  3.50365E-11
  5.37109E-01  3.42704E-11
  5.41016E-01  3.35473E-11
  5.44922E-01  3.28237E-11
  5.48828E-01  3.21405E-11
  5.52734E-01  3.14568E-11
  5.56641E-01  3.08108E-11
  5.60547E-01  3.01642E-11
  5.64453E-01  2.95533E-11
  5.68359E-01  2.89418E-11
  5.72266E-01  2.83635E-11
  5.76172E-01  2.77850E-11
  5.80078E-01  2.72377E-11
  5.83984E-01  2.66898E-11
  5.87891E-01  2.61709E-11
  5.91797E-01  2.56515E-11
  5.95703E-01  2.51592E-11
  5.99609E-01  2.46665E-11
  6.03516E-01  2.41991E-11
  6.07422E-01  2.37314E-11
  6.11328E-01  2.32875E-11
  6.15234E-01  2.28433E-11
  6.19141E-01  2.24217E-11
  6.23047E-01  2.19997E-11
  6.26953E-01  2.15987E-11
  6.30859E-01  2.11974E-11
  6.34766E-01  2.08154E-11
  6.38672E-01  2.04331E-11
  6.42578E-01  2.00691E-11
  6.46484E-01  1.97049E-11
  6.50391E-01  1.93579E-11
  6.54297E-01  1.90107E-11
  6.58203E-01  1.86800E-11
  6.62109E-01  1.83490E-11
  6.66016E-01  1.80337E-11
  6.69922E-01  1.77181E-11
  6.73828E-01  1.74173E-11
  6.77734E-01  1.71163E-11
  6.81641E-01  1.68293E-11
  6.85547E-01  1.65421E-11
  6.89453E-01  1.62678E-11
  6.93359E-01  1.59933E-11
  6.97266E-01  1.57308E-11
  7.01172E-01  1.54683E-11
  7.05078E-01  1.52170E-11
  7.08984E-01  1.49657E-11
  7.12891E-01  1.47253E-11
  7.16797E-01  1.44848E-11
  7.20703E-01  1.42546E-11
  7.24609E-01  1.40243E-11
  7.28516E-01  1.38039E-11
  7.32422E-01  1.35833E-11
  7.36328E-01  1.33720E-11
  7.40234E-01  1.31606E-11
  7.44141E-01  1.29581E-11
  7.48047E-01  1.27555E-11
  7.51953E-01  1.25613E-11
  7.55859E-01  1.23671E-11
  7.59766E-01  1.21808E-11
  7.63672E-01  1.19945E-11
  7.67578E-01  1.18157E-11
  7.71484E-01  1.16368E-11
  7.75391E-01  1.14651E-11
  7.79297E-01  1.12934E-11
  7.83203E-01  1.11284E-11
  7.87109E-01  1.09633E-11
  7.91016E-01  1.08048E-11
  7.94922E-01  1.06461E-11
  7.98828E-01  1.04937E-11
  8.02734E-01  1.03412E-11
  8.06641E-01  1.01946E-11
  8.10547E-01  1.00480E-11
  8.14453E-01  9.90703E-12
  8.18359E-01  9.76597E-12
  8.22266E-01  9.63029E-12
  8.26172E-01  9.49455E-12
  8.30078E-01  9.36396E-12
  8.33984E-01  9.23327E-12
  8.37891E-01  9.10751E-12
  8.41797E-01  8.98166E-12
  8.45703E-01  8.86051E-12
  8.49609E-01  8.73925E-12
  8.53516E-01  8.62251E-12
  8.57422E-01  8.50567E-12
  8.61328E-01  8.39311E-12
  8.65234E-01  8.28052E-12
  8.69141E-01  8.17202E-12
  8.73047E-01  8.06344E-12
  8.76953E-01  7.95880E-12
  8.80859E-01  7.85409E-12
  8.84766E-01  7.75316E-12
  8.88672E-01  7.65217E-12
  8.92578E-01  7.55482E-12
  8.96484E-01  7.45741E-12
  9.00391E-01  7.36351E-12
  9.04297E-01  7.26955E-12
  9.08203E-01  7.17893E-12
  9.12109E-01  7.08825E-12
  9.16016E-01  7.00081E-12
  9.19922E-01  6.91331E-12
  9.23828E-01  6.82894E-12
  9.27734E-01  6.74452E-12
  9.31641E-01  6.66314E-12
  9.35547E-01  6.58170E-12
  9.39453E-01  6.50323E-12
  9.43359E-01  6.42470E-12
  9.47266E-01  6.34910E-12
  9.51172E-01  6.27344E-12
  9.55078E-01  6.20070E-12
  9.58984E-01  6.12791E-12
  9.62891E-01  6.05810E-12
  9.66797E-01  5.98823E-12
  9.70703E-01  5.92155E-12
  9.74609E-01  5.85480E-12
  9.78516E-01  5.79176E-12
  9.82422E-01  5.72867E-12
  9.86328E-01  5.67078E-12
  9.90234E-01  5.61314E-12
  9.94141E-01  5.56794E-12
  9.98047E-01  5.54603E-12
  1.00195E+00  5.54603E-12
