 -1.95312E-03  9.53986E+00
  1.95312E-03  9.54020E+00
  5.85938E-03  9.53545E+00
  9.76562E-03  9.53077E+00
  1.36719E-02  9.52557E+00
  1.75781E-02  9.51974E+00
  2.14844E-02  9.51328E+00
  2.53906E-02  9.50617E+00
  2.92969E-02  9.49842E+00
  3.32031E-02  9.49002E+00
  3.71094E-02  9.48098E+00
  4.10156E-02  9.47130E+00
  4.49219E-02  9.46098E+00
  4.88281E-02  9.45002E+00
  5.27344E-02  9.43842E+00
  5.66406E-02  9.42618E+00
  6.05469E-02  9.41330E+00
  6.44531E-02  9.39979E+00
  6.83594E-02  9.38564E+00
  7.22656E-02  9.37084E+00
  7.61719E-02  9.35541E+00
  8.00781E-02  9.33934E+00
  8.39844E-02  9.32264E+00
  8.78906E-02  9.30529E+00
  9.17969E-02  9.28730E+00
  9.57031E-02  9.26866E+00
  9.96094E-02  9.24938E+00
  1.03516E-01  9.22945E+00
  1.07422E-01  9.20888E+00
  1.11328E-01  9.18764E+00
  1.15234E-01  9.16575E+00
  1.19141E-01  9.14320E+00
  1.23047E-01  9.11999E+00
  1.26953E-01  9.09611E+00
  1.30859E-01  9.07156E+00
  1.34766E-01  9.04633E+00
  1.38672E-01  9.02042E+00
  1.42578E-01  8.99382E+00
  1.46484E-01  8.96654E+00
  1.50391E-01  8.93855E+00
  1.54297E-01  8.90985E+00
  1.58203E-01  8.88044E+00
  1.62109E-01  8.85031E+00
  1.66016E-01  8.81946E+00
  1.69922E-01  8.78787E+00
  1.73828E-01  8.75553E+00
  1.77734E-01  8.72244E+00
  1.81641E-01  8.68858E+00
  1.85547E-01  8.65395E+00
  1.89453E-01  8.61853E+00
  1.93359E-01  8.58230E+00
  1.97266E-01  8.54527E+00
  2.01172E-01  8.50741E+00
  2.05078E-01  8.46871E+00
  2.08984E-01  8.42916E+00
  2.12891E-01  8.38874E+00
  2.16797E-01  8.34742E+00
  2.20703E-01  8.30520E+00
  2.24609E-01  8.26206E+00
  2.28516E-01  8.21796E+00
  2.32422E-01  8.17290E+00
  2.36328E-01  8.12685E+00
  2.40234E-01  8.07978E+00
  2.44141E-01  8.03168E+00
  2.48047E-01  7.98251E+00
  2.51953E-01  7.93223E+00
  2.55859E-01  7.88082E+00
  2.59766E-01  7.82825E+00
  2.63672E-01  7.77449E+00
  2.67578E-01  7.71948E+00
  2.71484E-01  7.66320E+00
  2.75391E-01  7.60559E+00
  2.79297E-01  7.54661E+00
  2.83203E-01  7.48621E+00
  2.87109E-01  7.42432E+00
  2.91016E-01  7.36089E+00
  2.94922E-01  7.29585E+00
  2.98828E-01  7.22914E+00
  3.02734E-01  7.16066E+00
  3.06641E-01  7.09035E+00
  3.10547E-01  7.01810E+00
  3.14453E-01  6.94381E+00
  3.18359E-01  6.86736E+00
  3.22266E-01  6.78863E+00
  3.26172E-01  6.70748E+00
  3.30078E-01  6.62376E+00
  3.33984E-01  6.53729E+00
  3.37891E-01  6.44787E+00
  3.41797E-01  6.35527E+00
  3.45703E-01  6.25910E+00
  3.49609E-01  6.15554E+00
  3.53516E-01  5.94358E+00
  3.57422E-01  5.22770E-20
  3.61328E-01  5.10078E-20
  3.65234E-01  4.93595E-20
  3.69141E-01  4.78479E-20
  3.73047E-01  4.63339E-20
  3.76953E-01  4.49425E-20
  3.80859E-01  4.35492E-20
  3.84766E-01  4.22671E-20
  3.88672E-01  4.09830E-20
  3.92578E-01  3.97995E-20
  3.96484E-01  3.86143E-20
  4.00391E-01  3.75207E-20
  4.04297E-01  3.64256E-20
  4.08203E-01  3.54132E-20
  4.12109E-01  3.43993E-20
  4.16016E-01  3.34610E-20
  4.19922E-01  3.25214E-20
  4.23828E-01  3.16500E-20
  4.27734E-01  3.07777E-20
  4.31641E-01  2.99675E-20
  4.35547E-01  2.91566E-20
  4.39453E-01  2.84030E-20
  4.43359E-01  2.76483E-20
  4.47266E-01  2.69457E-20
  4.51172E-01  2.62423E-20
  4.55078E-01  2.55868E-20
  4.58984E-01  2.49305E-20
  4.62891E-01  2.43177E-20
  4.66797E-01  2.37044E-20
  4.70703E-01  2.31311E-20
  4.74609E-01  2.25572E-20
  4.78516E-01  2.20203E-20
  4.82422E-01  2.14829E-20
  4.86328E-01  2.09794E-20
  4.90234E-01  2.04757E-20
  4.94141E-01  2.00035E-20
  4.98047E-01  1.95309E-20
  5.01953E-01  1.90875E-20
  5.05859E-01  1.86437E-20
  5.09766E-01  1.82269E-20
  5.13672E-01  1.78097E-20
  5.17578E-01  1.74176E-20
  5.21484E-01  1.70252E-20
  5.25391E-01  1.66560E-20
  5.29297E-01  1.62864E-20
  5.33203E-01  1.59380E-20
  5.37109E-01  1.55893E-20
  5.41016E-01  1.52602E-20
  5.44922E-01  1.49309E-20
  5.48828E-01  1.46200E-20
  5.52734E-01  1.43089E-20
  5.56641E-01  1.40150E-20
  5.60547E-01  1.37210E-20
  5.64453E-01  1.34430E-20
  5.68359E-01  1.31649E-20
  5.72266E-01  1.29021E-20
  5.76172E-01  1.26390E-20
  5.80078E-01  1.23900E-20
  5.83984E-01  1.21408E-20
  5.87891E-01  1.19047E-20
  5.91797E-01  1.16685E-20
  5.95703E-01  1.14445E-20
  5.99609E-01  1.12204E-20
  6.03516E-01  1.10078E-20
  6.07422E-01  1.07951E-20
  6.11328E-01  1.05933E-20
  6.15234E-01  1.03913E-20
  6.19141E-01  1.01995E-20
  6.23047E-01  1.00076E-20
  6.26953E-01  9.82510E-21
  6.30859E-01  9.64248E-21
  6.34766E-01  9.46862E-21
  6.38672E-01  9.29466E-21
  6.42578E-01  9.12905E-21
  6.46484E-01  8.96331E-21
  6.50391E-01  8.80550E-21
  6.54297E-01  8.64757E-21
  6.58203E-01  8.49716E-21
  6.62109E-01  8.34666E-21
  6.66016E-01  8.20326E-21
  6.69922E-01  8.05976E-21
  6.73828E-01  7.92302E-21
  6.77734E-01  7.78619E-21
  6.81641E-01  7.65566E-21
  6.85547E-01  7.52501E-21
  6.89453E-01  7.40017E-21
  6.93359E-01  7.27525E-21
  6.97266E-01  7.15582E-21
  7.01172E-01  7.03627E-21
  7.05078E-01  6.92200E-21
  7.08984E-01  6.80764E-21
  7.12891E-01  6.69829E-21
  7.16797E-01  6.58888E-21
  7.20703E-01  6.48418E-21
  7.24609E-01  6.37942E-21
  7.28516E-01  6.27912E-21
  7.32422E-01  6.17879E-21
  7.36328E-01  6.08268E-21
  7.40234E-01  5.98653E-21
  7.44141E-01  5.89442E-21
  7.48047E-01  5.80227E-21
  7.51953E-01  5.71398E-21
  7.55859E-01  5.62563E-21
  7.59766E-01  5.54092E-21
  7.63672E-01  5.45615E-21
  7.67578E-01  5.37483E-21
  7.71484E-01  5.29345E-21
  7.75391E-01  5.21535E-21
  7.79297E-01  5.13719E-21
  7.83203E-01  5.06214E-21
  7.87109E-01  4.98706E-21
  7.91016E-01  4.91494E-21
  7.94922E-01  4.84278E-21
  7.98828E-01  4.77344E-21
  8.02734E-01  4.70408E-21
  8.06641E-01  4.63741E-21
  8.10547E-01  4.57072E-21
  8.14453E-01  4.50659E-21
  8.18359E-01  4.44242E-21
  8.22266E-01  4.38072E-21
  8.26172E-01  4.31897E-21
  8.30078E-01  4.25956E-21
  8.33984E-01  4.20013E-21
  8.37891E-01  4.14290E-21
  8.41797E-01  4.08566E-21
  8.45703E-01  4.03054E-21
  8.49609E-01  3.97538E-21
  8.53516E-01  3.92228E-21
  8.57422E-01  3.86913E-21
  8.61328E-01  3.81792E-21
  8.65234E-01  3.76670E-21
  8.69141E-01  3.71735E-21
  8.73047E-01  3.66796E-21
  8.76953E-01  3.62036E-21
  8.80859E-01  3.57273E-21
  8.84766E-01  3.52683E-21
  8.88672E-01  3.48089E-21
  8.92578E-01  3.43661E-21
  8.96484E-01  3.39231E-21
  9.00391E-01  3.34958E-21
  9.04297E-01  3.30684E-21
  9.08203E-01  3.26561E-21
  9.12109E-01  3.22436E-21
  9.16016E-01  3.18459E-21
  9.19922E-01  3.14478E-21
  9.23828E-01  3.10640E-21
  9.27734E-01  3.06800E-21
  9.31641E-01  3.03098E-21
  9.35547E-01  2.99393E-21
  9.39453E-01  2.95824E-21
  9.43359E-01  2.92252E-21
  9.47266E-01  2.88813E-21
  9.51172E-01  2.85371E-21
  9.55078E-01  2.82062E-21
  9.58984E-01  2.78751E-21
  9.62891E-01  2.75576E-21
  9.66797E-01  2.72398E-21
  9.70703E-01  2.69364E-21
  9.74609E-01  2.66328E-21
  9.78516E-01  2.63460E-21
  9.82422E-01  2.60590E-21
  9.86328E-01  2.57957E-21
  9.90234E-01  2.55334E-21
  9.94141E-01  2.53278E-21
  9.98047E-01  2.52282E-21
  1.00195E+00  2.52282E-21
