 -1.95312E-03  9.53997E+00
  1.95312E-03  9.54030E+00
  5.85938E-03  9.53556E+00
  9.76562E-03  9.53088E+00
  1.36719E-02  9.52567E+00
  1.75781E-02  9.51985E+00
  2.14844E-02  9.51339E+00
  2.53906E-02  9.50628E+00
  2.92969E-02  9.49853E+00
  3.32031E-02  9.49013E+00
  3.71094E-02  9.48109E+00
  4.10156E-02  9.47141E+00
  4.49219E-02  9.46109E+00
  4.88281E-02  9.45012E+00
  5.27344E-02  9.43852E+00
  5.66406E-02  9.42628E+00
  6.05469E-02  9.41340E+00
  6.44531E-02  9.39989E+00
  6.83594E-02  9.38574E+00
  7.22656E-02  9.37094E+00
  7.61719E-02  9.35551E+00
  8.00781E-02  9.33944E+00
  8.39844E-02  9.32273E+00
  8.78906E-02  9.30538E+00
  9.17969E-02  9.28739E+00
  9.57031E-02  9.26875E+00
  9.96094E-02  9.24946E+00
  1.03516E-01  9.22954E+00
  1.07422E-01  9.20896E+00
  1.11328E-01  9.18772E+00
  1.15234E-01  9.16583E+00
  1.19141E-01  9.14328E+00
  1.23047E-01  9.12007E+00
  1.26953E-01  9.09619E+00
  1.30859E-01  9.07163E+00
  1.34766E-01  9.04640E+00
  1.38672E-01  9.02049E+00
  1.42578E-01  8.99389E+00
  1.46484E-01  8.96661E+00
  1.50391E-01  8.93861E+00
  1.54297E-01  8.90991E+00
  1.58203E-01  8.88050E+00
  1.62109E-01  8.85037E+00
  1.66016E-01  8.81951E+00
  1.69922E-01  8.78792E+00
  1.73828E-01  8.75558E+00
  1.77734E-01  8.72248E+00
  1.81641E-01  8.68862E+00
  1.85547E-01  8.65399E+00
  1.89453E-01  8.61856E+00
  1.93359E-01  8.58233E+00
  1.97266E-01  8.54529E+00
  2.01172E-01  8.50743E+00
  2.05078E-01  8.46873E+00
  2.08984E-01  8.42917E+00
  2.12891E-01  8.38874E+00
  2.16797E-01  8.34743E+00
  2.20703E-01  8.30520E+00
  2.24609E-01  8.26206E+00
  2.28516E-01  8.21796E+00
  2.32422E-01  8.17290E+00
  2.36328E-01  8.12685E+00
  2.40234E-01  8.07979E+00
  2.44141E-01  8.03169E+00
  2.48047E-01  7.98251E+00
  2.51953E-01  7.93223E+00
  2.55859E-01  7.88082E+00
  2.59766E-01  7.82825E+00
  2.63672E-01  7.77448E+00
  2.67578E-01  7.71947E+00
  2.71484E-01  7.66318E+00
  2.75391E-01  7.60557E+00
  2.79297E-01  7.54659E+00
  2.83203E-01  7.48618E+00
  2.87109E-01  7.42429E+00
  2.91016E-01  7.36086E+00
  2.94922E-01  7.29581E+00
  2.98828E-01  7.22910E+00
  3.02734E-01  7.16062E+00
  3.06641E-01  7.09030E+00
  3.10547E-01  7.01805E+00
  3.14453E-01  6.94375E+00
  3.18359E-01  6.86730E+00
  3.22266E-01  6.78857E+00
  3.26172E-01  6.70742E+00
  3.30078E-01  6.62369E+00
  3.33984E-01  6.53721E+00
  3.37891E-01  6.44779E+00
  3.41797E-01  6.35518E+00
  3.45703E-01  6.25901E+00
  3.49609E-01  6.15544E+00
  3.53516E-01  5.94349E+00
  3.57422E-01  1.40016E-23
  3.61328E-01  1.36615E-23
  3.65234E-01  1.32199E-23
  3.69141E-01  1.28152E-23
  3.73047E-01  1.24099E-23
  3.76953E-01  1.20377E-23
  3.80859E-01  1.16649E-23
  3.84766E-01  1.13219E-23
  3.88672E-01  1.09783E-23
  3.92578E-01  1.06615E-23
  3.96484E-01  1.03443E-23
  4.00391E-01  1.00513E-23
  4.04297E-01  9.75795E-24
  4.08203E-01  9.48667E-24
  4.12109E-01  9.21505E-24
  4.16016E-01  8.96349E-24
  4.19922E-01  8.71163E-24
  4.23828E-01  8.47817E-24
  4.27734E-01  8.24444E-24
  4.31641E-01  8.02744E-24
  4.35547E-01  7.81014E-24
  4.39453E-01  7.60810E-24
  4.43359E-01  7.40580E-24
  4.47266E-01  7.21756E-24
  4.51172E-01  7.02909E-24
  4.55078E-01  6.85344E-24
  4.58984E-01  6.67757E-24
  4.62891E-01  6.51344E-24
  4.66797E-01  6.34917E-24
  4.70703E-01  6.19573E-24
  4.74609E-01  6.04211E-24
  4.78516E-01  5.89837E-24
  4.82422E-01  5.75450E-24
  4.86328E-01  5.61975E-24
  4.90234E-01  5.48486E-24
  4.94141E-01  5.35835E-24
  4.98047E-01  5.23172E-24
  5.01953E-01  5.11288E-24
  5.05859E-01  4.99393E-24
  5.09766E-01  4.88221E-24
  5.13672E-01  4.77040E-24
  5.17578E-01  4.66525E-24
  5.21484E-01  4.56002E-24
  5.25391E-01  4.46102E-24
  5.29297E-01  4.36192E-24
  5.33203E-01  4.26864E-24
  5.37109E-01  4.17528E-24
  5.41016E-01  4.08731E-24
  5.44922E-01  3.99924E-24
  5.48828E-01  3.91610E-24
  5.52734E-01  3.83291E-24
  5.56641E-01  3.75428E-24
  5.60547E-01  3.67562E-24
  5.64453E-01  3.60122E-24
  5.68359E-01  3.52675E-24
  5.72266E-01  3.45628E-24
  5.76172E-01  3.38574E-24
  5.80078E-01  3.31898E-24
  5.83984E-01  3.25216E-24
  5.87891E-01  3.18889E-24
  5.91797E-01  3.12559E-24
  5.95703E-01  3.06561E-24
  5.99609E-01  3.00558E-24
  6.03516E-01  2.94863E-24
  6.07422E-01  2.89165E-24
  6.11328E-01  2.83754E-24
  6.15234E-01  2.78339E-24
  6.19141E-01  2.73195E-24
  6.23047E-01  2.68050E-24
  6.26953E-01  2.63159E-24
  6.30859E-01  2.58267E-24
  6.34766E-01  2.53616E-24
  6.38672E-01  2.48962E-24
  6.42578E-01  2.44533E-24
  6.46484E-01  2.40101E-24
  6.50391E-01  2.35876E-24
  6.54297E-01  2.31649E-24
  6.58203E-01  2.27619E-24
  6.62109E-01  2.23587E-24
  6.66016E-01  2.19741E-24
  6.69922E-01  2.15894E-24
  6.73828E-01  2.12224E-24
  6.77734E-01  2.08553E-24
  6.81641E-01  2.05051E-24
  6.85547E-01  2.01547E-24
  6.89453E-01  1.98203E-24
  6.93359E-01  1.94857E-24
  6.97266E-01  1.91662E-24
  7.01172E-01  1.88465E-24
  7.05078E-01  1.85407E-24
  7.08984E-01  1.82349E-24
  7.12891E-01  1.79422E-24
  7.16797E-01  1.76493E-24
  7.20703E-01  1.73689E-24
  7.24609E-01  1.70883E-24
  7.28516E-01  1.68198E-24
  7.32422E-01  1.65511E-24
  7.36328E-01  1.62937E-24
  7.40234E-01  1.60362E-24
  7.44141E-01  1.57894E-24
  7.48047E-01  1.55425E-24
  7.51953E-01  1.53058E-24
  7.55859E-01  1.50690E-24
  7.59766E-01  1.48419E-24
  7.63672E-01  1.46148E-24
  7.67578E-01  1.43969E-24
  7.71484E-01  1.41789E-24
  7.75391E-01  1.39698E-24
  7.79297E-01  1.37604E-24
  7.83203E-01  1.35595E-24
  7.87109E-01  1.33584E-24
  7.91016E-01  1.31653E-24
  7.94922E-01  1.29720E-24
  7.98828E-01  1.27863E-24
  8.02734E-01  1.26005E-24
  8.06641E-01  1.24219E-24
  8.10547E-01  1.22432E-24
  8.14453E-01  1.20714E-24
  8.18359E-01  1.18995E-24
  8.22266E-01  1.17341E-24
  8.26172E-01  1.15687E-24
  8.30078E-01  1.14095E-24
  8.33984E-01  1.12503E-24
  8.37891E-01  1.10971E-24
  8.41797E-01  1.09437E-24
  8.45703E-01  1.07961E-24
  8.49609E-01  1.06484E-24
  8.53516E-01  1.05061E-24
  8.57422E-01  1.03638E-24
  8.61328E-01  1.02267E-24
  8.65234E-01  1.00895E-24
  8.69141E-01  9.95731E-25
  8.73047E-01  9.82500E-25
  8.76953E-01  9.69755E-25
  8.80859E-01  9.56999E-25
  8.84766E-01  9.44702E-25
  8.88672E-01  9.32395E-25
  8.92578E-01  9.20534E-25
  8.96484E-01  9.08665E-25
  9.00391E-01  8.97221E-25
  9.04297E-01  8.85769E-25
  9.08203E-01  8.74726E-25
  9.12109E-01  8.63676E-25
  9.16016E-01  8.53020E-25
  9.19922E-01  8.42359E-25
  9.23828E-01  8.32082E-25
  9.27734E-01  8.21796E-25
  9.31641E-01  8.11881E-25
  9.35547E-01  8.01958E-25
  9.39453E-01  7.92396E-25
  9.43359E-01  7.82829E-25
  9.47266E-01  7.73617E-25
  9.51172E-01  7.64397E-25
  9.55078E-01  7.55535E-25
  9.58984E-01  7.46665E-25
  9.62891E-01  7.38159E-25
  9.66797E-01  7.29645E-25
  9.70703E-01  7.21519E-25
  9.74609E-01  7.13386E-25
  9.78516E-01  7.05704E-25
  9.82422E-01  6.98018E-25
  9.86328E-01  6.90964E-25
  9.90234E-01  6.83940E-25
  9.94141E-01  6.78432E-25
  9.98047E-01  6.75762E-25
  1.00195E+00  6.75762E-25
