 -1.95312E-03  9.53974E+00
  1.95312E-03  9.54008E+00
  5.85938E-03  9.53534E+00
  9.76562E-03  9.53066E+00
  1.36719E-02  9.52545E+00
  1.75781E-02  9.51963E+00
  2.14844E-02  9.51317E+00
  2.53906E-02  9.50606E+00
  2.92969E-02  9.49831E+00
  3.32031E-02  9.48991E+00
  3.71094E-02  9.48087E+00
  4.10156E-02  9.47120E+00
  4.49219E-02  9.46087E+00
  4.88281E-02  9.44991E+00
  5.27344E-02  9.43831E+00
  5.66406E-02  9.42607E+00
  6.05469E-02  9.41320E+00
  6.44531E-02  9.39969E+00
  6.83594E-02  9.38554E+00
  7.22656E-02  9.37075E+00
  7.61719E-02  9.35532E+00
  8.00781E-02  9.33925E+00
  8.39844E-02  9.32254E+00
  8.78906E-02  9.30519E+00
  9.17969E-02  9.28720E+00
  9.57031E-02  9.26857E+00
  9.96094E-02  9.24929E+00
  1.03516E-01  9.22937E+00
  1.07422E-01  9.20880E+00
  1.11328E-01  9.18756E+00
  1.15234E-01  9.16568E+00
  1.19141E-01  9.14313E+00
  1.23047E-01  9.11992E+00
  1.26953E-01  9.09604E+00
  1.30859E-01  9.07149E+00
  1.34766E-01  9.04626E+00
  1.38672E-01  9.02036E+00
  1.42578E-01  8.99376E+00
  1.46484E-01  8.96648E+00
  1.50391E-01  8.93849E+00
  1.54297E-01  8.90979E+00
  1.58203E-01  8.88038E+00
  1.62109E-01  8.85026E+00
  1.66016E-01  8.81941E+00
  1.69922E-01  8.78781E+00
  1.73828E-01  8.75548E+00
  1.77734E-01  8.72239E+00
  1.81641E-01  8.68853E+00
  1.85547E-01  8.65390E+00
  1.89453E-01  8.61848E+00
  1.93359E-01  8.58226E+00
  1.97266E-01  8.54524E+00
  2.01172E-01  8.50738E+00
  2.05078E-01  8.46869E+00
  2.08984E-01  8.42914E+00
  2.12891E-01  8.38872E+00
  2.16797E-01  8.34740E+00
  2.20703E-01  8.30519E+00
  2.24609E-01  8.26204E+00
  2.28516E-01  8.21794E+00
  2.32422E-01  8.17289E+00
  2.36328E-01  8.12684E+00
  2.40234E-01  8.07978E+00
  2.44141E-01  8.03169E+00
  2.48047E-01  7.98251E+00
  2.51953E-01  7.93224E+00
  2.55859E-01  7.88083E+00
  2.59766E-01  7.82827E+00
  2.63672E-01  7.77450E+00
  2.67578E-01  7.71950E+00
  2.71484E-01  7.66322E+00
  2.75391E-01  7.60561E+00
  2.79297E-01  7.54664E+00
  2.83203E-01  7.48623E+00
  2.87109E-01  7.42435E+00
  2.91016E-01  7.36092E+00
  2.94922E-01  7.29589E+00
  2.98828E-01  7.22918E+00
  3.02734E-01  7.16071E+00
  3.06641E-01  7.09039E+00
  3.10547E-01  7.01815E+00
  3.14453E-01  6.94386E+00
  3.18359E-01  6.86741E+00
  3.22266E-01  6.78869E+00
  3.26172E-01  6.70755E+00
  3.30078E-01  6.62383E+00
  3.33984E-01  6.53736E+00
  3.37891E-01  6.44794E+00
  3.41797E-01  6.35533E+00
  3.45703E-01  6.25917E+00
  3.49609E-01  6.15561E+00
  3.53516E-01  5.94365E+00
  3.57422E-01  4.49373E-17
  3.61328E-01  4.38450E-17
  3.65234E-01  4.24266E-17
  3.69141E-01  4.11269E-17
  3.73047E-01  3.98250E-17
  3.76953E-01  3.86292E-17
  3.80859E-01  3.74319E-17
  3.84766E-01  3.63305E-17
  3.88672E-01  3.52273E-17
  3.92578E-01  3.42108E-17
  3.96484E-01  3.31927E-17
  4.00391E-01  3.22534E-17
  4.04297E-01  3.13127E-17
  4.08203E-01  3.04429E-17
  4.12109E-01  2.95718E-17
  4.16016E-01  2.87654E-17
  4.19922E-01  2.79579E-17
  4.23828E-01  2.72090E-17
  4.27734E-01  2.64592E-17
  4.31641E-01  2.57628E-17
  4.35547E-01  2.50655E-17
  4.39453E-01  2.44172E-17
  4.43359E-01  2.37682E-17
  4.47266E-01  2.31639E-17
  4.51172E-01  2.25590E-17
  4.55078E-01  2.19953E-17
  4.58984E-01  2.14309E-17
  4.62891E-01  2.09044E-17
  4.66797E-01  2.03772E-17
  4.70703E-01  1.98848E-17
  4.74609E-01  1.93920E-17
  4.78516E-01  1.89311E-17
  4.82422E-01  1.84696E-17
  4.86328E-01  1.80372E-17
  4.90234E-01  1.76045E-17
  4.94141E-01  1.71986E-17
  4.98047E-01  1.67924E-17
  5.01953E-01  1.64109E-17
  5.05859E-01  1.60291E-17
  5.09766E-01  1.56702E-17
  5.13672E-01  1.53111E-17
  5.17578E-01  1.49733E-17
  5.21484E-01  1.46353E-17
  5.25391E-01  1.43172E-17
  5.29297E-01  1.39988E-17
  5.33203E-01  1.36992E-17
  5.37109E-01  1.33992E-17
  5.41016E-01  1.31166E-17
  5.44922E-01  1.28336E-17
  5.48828E-01  1.25666E-17
  5.52734E-01  1.22993E-17
  5.56641E-01  1.20470E-17
  5.60547E-01  1.17944E-17
  5.64453E-01  1.15558E-17
  5.68359E-01  1.13171E-17
  5.72266E-01  1.10913E-17
  5.76172E-01  1.08653E-17
  5.80078E-01  1.06513E-17
  5.83984E-01  1.04372E-17
  5.87891E-01  1.02343E-17
  5.91797E-01  1.00313E-17
  5.95703E-01  9.83880E-18
  5.99609E-01  9.64616E-18
  6.03516E-01  9.46331E-18
  6.07422E-01  9.28036E-18
  6.11328E-01  9.10665E-18
  6.15234E-01  8.93283E-18
  6.19141E-01  8.76771E-18
  6.23047E-01  8.60252E-18
  6.26953E-01  8.44555E-18
  6.30859E-01  8.28848E-18
  6.34766E-01  8.13924E-18
  6.38672E-01  7.98987E-18
  6.42578E-01  7.84785E-18
  6.46484E-01  7.70572E-18
  6.50391E-01  7.57038E-18
  6.54297E-01  7.43489E-18
  6.58203E-01  7.30563E-18
  6.62109E-01  7.17632E-18
  6.66016E-01  7.05284E-18
  6.69922E-01  6.92936E-18
  6.73828E-01  6.81154E-18
  6.77734E-01  6.69369E-18
  6.81641E-01  6.58128E-18
  6.85547E-01  6.46878E-18
  6.89453E-01  6.36132E-18
  6.93359E-01  6.25382E-18
  6.97266E-01  6.15107E-18
  7.01172E-01  6.04829E-18
  7.05078E-01  5.95005E-18
  7.08984E-01  5.85176E-18
  7.12891E-01  5.75779E-18
  7.16797E-01  5.66378E-18
  7.20703E-01  5.57388E-18
  7.24609E-01  5.48391E-18
  7.28516E-01  5.39777E-18
  7.32422E-01  5.31159E-18
  7.36328E-01  5.22901E-18
  7.40234E-01  5.14640E-18
  7.44141E-01  5.06721E-18
  7.48047E-01  4.98800E-18
  7.51953E-01  4.91205E-18
  7.55859E-01  4.83606E-18
  7.59766E-01  4.76319E-18
  7.63672E-01  4.69028E-18
  7.67578E-01  4.62036E-18
  7.71484E-01  4.55040E-18
  7.75391E-01  4.48328E-18
  7.79297E-01  4.41612E-18
  7.83203E-01  4.35164E-18
  7.87109E-01  4.28712E-18
  7.91016E-01  4.22516E-18
  7.94922E-01  4.16317E-18
  7.98828E-01  4.10359E-18
  8.02734E-01  4.04398E-18
  8.06641E-01  3.98667E-18
  8.10547E-01  3.92933E-18
  8.14453E-01  3.87420E-18
  8.18359E-01  3.81902E-18
  8.22266E-01  3.76595E-18
  8.26172E-01  3.71286E-18
  8.30078E-01  3.66178E-18
  8.33984E-01  3.61065E-18
  8.37891E-01  3.56145E-18
  8.41797E-01  3.51222E-18
  8.45703E-01  3.46484E-18
  8.49609E-01  3.41742E-18
  8.53516E-01  3.37175E-18
  8.57422E-01  3.32607E-18
  8.61328E-01  3.28206E-18
  8.65234E-01  3.23802E-18
  8.69141E-01  3.19559E-18
  8.73047E-01  3.15315E-18
  8.76953E-01  3.11223E-18
  8.80859E-01  3.07130E-18
  8.84766E-01  3.03183E-18
  8.88672E-01  2.99235E-18
  8.92578E-01  2.95428E-18
  8.96484E-01  2.91619E-18
  9.00391E-01  2.87946E-18
  9.04297E-01  2.84271E-18
  9.08203E-01  2.80727E-18
  9.12109E-01  2.77181E-18
  9.16016E-01  2.73762E-18
  9.19922E-01  2.70340E-18
  9.23828E-01  2.67041E-18
  9.27734E-01  2.63740E-18
  9.31641E-01  2.60557E-18
  9.35547E-01  2.57373E-18
  9.39453E-01  2.54305E-18
  9.43359E-01  2.51234E-18
  9.47266E-01  2.48278E-18
  9.51172E-01  2.45320E-18
  9.55078E-01  2.42476E-18
  9.58984E-01  2.39629E-18
  9.62891E-01  2.36899E-18
  9.66797E-01  2.34167E-18
  9.70703E-01  2.31559E-18
  9.74609E-01  2.28949E-18
  9.78516E-01  2.26483E-18
  9.82422E-01  2.24016E-18
  9.86328E-01  2.21752E-18
  9.90234E-01  2.19498E-18
  9.94141E-01  2.17730E-18
  9.98047E-01  2.16873E-18
  1.00195E+00  2.16873E-18
