 -1.95312E-03  9.53972E+00
  1.95312E-03  9.54006E+00
  5.85938E-03  9.53531E+00
  9.76562E-03  9.53064E+00
  1.36719E-02  9.52543E+00
  1.75781E-02  9.51960E+00
  2.14844E-02  9.51314E+00
  2.53906E-02  9.50604E+00
  2.92969E-02  9.49828E+00
  3.32031E-02  9.48989E+00
  3.71094E-02  9.48085E+00
  4.10156E-02  9.47117E+00
  4.49219E-02  9.46085E+00
  4.88281E-02  9.44989E+00
  5.27344E-02  9.43828E+00
  5.66406E-02  9.42604E+00
  6.05469E-02  9.41317E+00
  6.44531E-02  9.39966E+00
  6.83594E-02  9.38551E+00
  7.22656E-02  9.37072E+00
  7.61719E-02  9.35529E+00
  8.00781E-02  9.33922E+00
  8.39844E-02  9.32252E+00
  8.78906E-02  9.30517E+00
  9.17969E-02  9.28718E+00
  9.57031E-02  9.26855E+00
  9.96094E-02  9.24927E+00
  1.03516E-01  9.22935E+00
  1.07422E-01  9.20877E+00
  1.11328E-01  9.18754E+00
  1.15234E-01  9.16565E+00
  1.19141E-01  9.14311E+00
  1.23047E-01  9.11990E+00
  1.26953E-01  9.09602E+00
  1.30859E-01  9.07147E+00
  1.34766E-01  9.04625E+00
  1.38672E-01  9.02034E+00
  1.42578E-01  8.99375E+00
  1.46484E-01  8.96646E+00
  1.50391E-01  8.93847E+00
  1.54297E-01  8.90978E+00
  1.58203E-01  8.88037E+00
  1.62109E-01  8.85024E+00
  1.66016E-01  8.81939E+00
  1.69922E-01  8.78780E+00
  1.73828E-01  8.75547E+00
  1.77734E-01  8.72238E+00
  1.81641E-01  8.68853E+00
  1.85547E-01  8.65389E+00
  1.89453E-01  8.61848E+00
  1.93359E-01  8.58226E+00
  1.97266E-01  8.54523E+00
  2.01172E-01  8.50737E+00
  2.05078E-01  8.46868E+00
  2.08984E-01  8.42913E+00
  2.12891E-01  8.38871E+00
  2.16797E-01  8.34740E+00
  2.20703E-01  8.30518E+00
  2.24609E-01  8.26203E+00
  2.28516E-01  8.21794E+00
  2.32422E-01  8.17289E+00
  2.36328E-01  8.12684E+00
  2.40234E-01  8.07978E+00
  2.44141E-01  8.03168E+00
  2.48047E-01  7.98251E+00
  2.51953E-01  7.93224E+00
  2.55859E-01  7.88083E+00
  2.59766E-01  7.82827E+00
  2.63672E-01  7.77450E+00
  2.67578E-01  7.71950E+00
  2.71484E-01  7.66322E+00
  2.75391E-01  7.60562E+00
  2.79297E-01  7.54664E+00
  2.83203E-01  7.48624E+00
  2.87109E-01  7.42435E+00
  2.91016E-01  7.36093E+00
  2.94922E-01  7.29589E+00
  2.98828E-01  7.22918E+00
  3.02734E-01  7.16071E+00
  3.06641E-01  7.09040E+00
  3.10547E-01  7.01815E+00
  3.14453E-01  6.94387E+00
  3.18359E-01  6.86743E+00
  3.22266E-01  6.78871E+00
  3.26172E-01  6.70756E+00
  3.30078E-01  6.62385E+00
  3.33984E-01  6.53737E+00
  3.37891E-01  6.44796E+00
  3.41797E-01  6.35536E+00
  3.45703E-01  6.25921E+00
  3.49609E-01  6.15565E+00
  3.53516E-01  5.94371E+00
  3.57422E-01  1.95234E-16
  3.61328E-01  1.90489E-16
  3.65234E-01  1.84327E-16
  3.69141E-01  1.78676E-16
  3.73047E-01  1.73018E-16
  3.76953E-01  1.67822E-16
  3.80859E-01  1.62618E-16
  3.84766E-01  1.57831E-16
  3.88672E-01  1.53037E-16
  3.92578E-01  1.48621E-16
  3.96484E-01  1.44198E-16
  4.00391E-01  1.40114E-16
  4.04297E-01  1.36026E-16
  4.08203E-01  1.32247E-16
  4.12109E-01  1.28463E-16
  4.16016E-01  1.24959E-16
  4.19922E-01  1.21450E-16
  4.23828E-01  1.18198E-16
  4.27734E-01  1.14941E-16
  4.31641E-01  1.11918E-16
  4.35547E-01  1.08890E-16
  4.39453E-01  1.06075E-16
  4.43359E-01  1.03257E-16
  4.47266E-01  1.00632E-16
  4.51172E-01  9.80042E-17
  4.55078E-01  9.55540E-17
  4.58984E-01  9.31011E-17
  4.62891E-01  9.08123E-17
  4.66797E-01  8.85210E-17
  4.70703E-01  8.63800E-17
  4.74609E-01  8.42371E-17
  4.78516E-01  8.22327E-17
  4.82422E-01  8.02268E-17
  4.86328E-01  7.83492E-17
  4.90234E-01  7.64696E-17
  4.94141E-01  7.47075E-17
  4.98047E-01  7.29440E-17
  5.01953E-01  7.12889E-17
  5.05859E-01  6.96325E-17
  5.09766E-01  6.80764E-17
  5.13672E-01  6.65187E-17
  5.17578E-01  6.50526E-17
  5.21484E-01  6.35851E-17
  5.25391E-01  6.22031E-17
  5.29297E-01  6.08201E-17
  5.33203E-01  5.95168E-17
  5.37109E-01  5.82127E-17
  5.41016E-01  5.69835E-17
  5.44922E-01  5.57531E-17
  5.48828E-01  5.45927E-17
  5.52734E-01  5.34315E-17
  5.56641E-01  5.23355E-17
  5.60547E-01  5.12384E-17
  5.64453E-01  5.02012E-17
  5.68359E-01  4.91632E-17
  5.72266E-01  4.81816E-17
  5.76172E-01  4.71992E-17
  5.80078E-01  4.62696E-17
  5.83984E-01  4.53393E-17
  5.87891E-01  4.44581E-17
  5.91797E-01  4.35762E-17
  5.95703E-01  4.27404E-17
  5.99609E-01  4.19039E-17
  6.03516E-01  4.11105E-17
  6.07422E-01  4.03166E-17
  6.11328E-01  3.95626E-17
  6.15234E-01  3.88080E-17
  6.19141E-01  3.80907E-17
  6.23047E-01  3.73731E-17
  6.26953E-01  3.66906E-17
  6.30859E-01  3.60078E-17
  6.34766E-01  3.53584E-17
  6.38672E-01  3.47086E-17
  6.42578E-01  3.40904E-17
  6.46484E-01  3.34720E-17
  6.50391E-01  3.28835E-17
  6.54297E-01  3.22945E-17
  6.58203E-01  3.17339E-17
  6.62109E-01  3.11729E-17
  6.66016E-01  3.06381E-17
  6.69922E-01  3.01028E-17
  6.73828E-01  2.95916E-17
  6.77734E-01  2.90803E-17
  6.81641E-01  2.85916E-17
  6.85547E-01  2.81028E-17
  6.89453E-01  2.76358E-17
  6.93359E-01  2.71687E-17
  6.97266E-01  2.67225E-17
  7.01172E-01  2.62761E-17
  7.05078E-01  2.58493E-17
  7.08984E-01  2.54222E-17
  7.12891E-01  2.50138E-17
  7.16797E-01  2.46051E-17
  7.20703E-01  2.42141E-17
  7.24609E-01  2.38229E-17
  7.28516E-01  2.34485E-17
  7.32422E-01  2.30740E-17
  7.36328E-01  2.27154E-17
  7.40234E-01  2.23567E-17
  7.44141E-01  2.20129E-17
  7.48047E-01  2.16690E-17
  7.51953E-01  2.13392E-17
  7.55859E-01  2.10092E-17
  7.59766E-01  2.06927E-17
  7.63672E-01  2.03760E-17
  7.67578E-01  2.00721E-17
  7.71484E-01  1.97682E-17
  7.75391E-01  1.94764E-17
  7.79297E-01  1.91845E-17
  7.83203E-01  1.89043E-17
  7.87109E-01  1.86239E-17
  7.91016E-01  1.83547E-17
  7.94922E-01  1.80853E-17
  7.98828E-01  1.78265E-17
  8.02734E-01  1.75675E-17
  8.06641E-01  1.73186E-17
  8.10547E-01  1.70696E-17
  8.14453E-01  1.68301E-17
  8.18359E-01  1.65905E-17
  8.22266E-01  1.63600E-17
  8.26172E-01  1.61294E-17
  8.30078E-01  1.59075E-17
  8.33984E-01  1.56855E-17
  8.37891E-01  1.54718E-17
  8.41797E-01  1.52579E-17
  8.45703E-01  1.50520E-17
  8.49609E-01  1.48460E-17
  8.53516E-01  1.46477E-17
  8.57422E-01  1.44492E-17
  8.61328E-01  1.42580E-17
  8.65234E-01  1.40666E-17
  8.69141E-01  1.38823E-17
  8.73047E-01  1.36979E-17
  8.76953E-01  1.35202E-17
  8.80859E-01  1.33423E-17
  8.84766E-01  1.31709E-17
  8.88672E-01  1.29994E-17
  8.92578E-01  1.28340E-17
  8.96484E-01  1.26685E-17
  9.00391E-01  1.25090E-17
  9.04297E-01  1.23493E-17
  9.08203E-01  1.21954E-17
  9.12109E-01  1.20413E-17
  9.16016E-01  1.18928E-17
  9.19922E-01  1.17441E-17
  9.23828E-01  1.16008E-17
  9.27734E-01  1.14574E-17
  9.31641E-01  1.13191E-17
  9.35547E-01  1.11808E-17
  9.39453E-01  1.10475E-17
  9.43359E-01  1.09141E-17
  9.47266E-01  1.07857E-17
  9.51172E-01  1.06572E-17
  9.55078E-01  1.05336E-17
  9.58984E-01  1.04100E-17
  9.62891E-01  1.02914E-17
  9.66797E-01  1.01727E-17
  9.70703E-01  1.00594E-17
  9.74609E-01  9.94598E-18
  9.78516E-01  9.83889E-18
  9.82422E-01  9.73173E-18
  9.86328E-01  9.63339E-18
  9.90234E-01  9.53546E-18
  9.94141E-01  9.45867E-18
  9.98047E-01  9.42142E-18
  1.00195E+00  9.42142E-18
