 -1.95312E-03  9.53920E+00
  1.95312E-03  9.53988E+00
  5.85938E-03  9.53516E+00
  9.76562E-03  9.53048E+00
  1.36719E-02  9.52527E+00
  1.75781E-02  9.51945E+00
  2.14844E-02  9.51299E+00
  2.53906E-02  9.50588E+00
  2.92969E-02  9.49813E+00
  3.32031E-02  9.48974E+00
  3.71094E-02  9.48070E+00
  4.10156E-02  9.47102E+00
  4.49219E-02  9.46070E+00
  4.88281E-02  9.44974E+00
  5.27344E-02  9.43814E+00
  5.66406E-02  9.42590E+00
  6.05469E-02  9.41303E+00
  6.44531E-02  9.39952E+00
  6.83594E-02  9.38538E+00
  7.22656E-02  9.37058E+00
  7.61719E-02  9.35515E+00
  8.00781E-02  9.33909E+00
  8.39844E-02  9.32238E+00
  8.78906E-02  9.30504E+00
  9.17969E-02  9.28705E+00
  9.57031E-02  9.26842E+00
  9.96094E-02  9.24914E+00
  1.03516E-01  9.22922E+00
  1.07422E-01  9.20865E+00
  1.11328E-01  9.18742E+00
  1.15234E-01  9.16554E+00
  1.19141E-01  9.14299E+00
  1.23047E-01  9.11978E+00
  1.26953E-01  9.09591E+00
  1.30859E-01  9.07136E+00
  1.34766E-01  9.04614E+00
  1.38672E-01  9.02024E+00
  1.42578E-01  8.99364E+00
  1.46484E-01  8.96636E+00
  1.50391E-01  8.93838E+00
  1.54297E-01  8.90969E+00
  1.58203E-01  8.88028E+00
  1.62109E-01  8.85016E+00
  1.66016E-01  8.81931E+00
  1.69922E-01  8.78773E+00
  1.73828E-01  8.75539E+00
  1.77734E-01  8.72231E+00
  1.81641E-01  8.68846E+00
  1.85547E-01  8.65383E+00
  1.89453E-01  8.61842E+00
  1.93359E-01  8.58220E+00
  1.97266E-01  8.54518E+00
  2.01172E-01  8.50733E+00
  2.05078E-01  8.46864E+00
  2.08984E-01  8.42910E+00
  2.12891E-01  8.38868E+00
  2.16797E-01  8.34737E+00
  2.20703E-01  8.30516E+00
  2.24609E-01  8.26202E+00
  2.28516E-01  8.21793E+00
  2.32422E-01  8.17288E+00
  2.36328E-01  8.12684E+00
  2.40234E-01  8.07978E+00
  2.44141E-01  8.03169E+00
  2.48047E-01  7.98252E+00
  2.51953E-01  7.93225E+00
  2.55859E-01  7.88085E+00
  2.59766E-01  7.82828E+00
  2.63672E-01  7.77452E+00
  2.67578E-01  7.71952E+00
  2.71484E-01  7.66325E+00
  2.75391E-01  7.60565E+00
  2.79297E-01  7.54668E+00
  2.83203E-01  7.48628E+00
  2.87109E-01  7.42440E+00
  2.91016E-01  7.36098E+00
  2.94922E-01  7.29595E+00
  2.98828E-01  7.22924E+00
  3.02734E-01  7.16078E+00
  3.06641E-01  7.09047E+00
  3.10547E-01  7.01822E+00
  3.14453E-01  6.94394E+00
  3.18359E-01  6.86750E+00
  3.22266E-01  6.78878E+00
  3.26172E-01  6.70764E+00
  3.30078E-01  6.62393E+00
  3.33984E-01  6.53746E+00
  3.37891E-01  6.44805E+00
  3.41797E-01  6.35545E+00
  3.45703E-01  6.25930E+00
  3.49609E-01  6.15574E+00
  3.53516E-01  5.94380E+00
  3.57422E-01  1.25137E-13
  3.61328E-01  1.22096E-13
  3.65234E-01  1.18148E-13
  3.69141E-01  1.14530E-13
  3.73047E-01  1.10906E-13
  3.76953E-01  1.07580E-13
  3.80859E-01  1.04248E-13
  3.84766E-01  1.01183E-13
  3.88672E-01  9.81133E-14
  3.92578E-01  9.52839E-14
  3.96484E-01  9.24503E-14
  4.00391E-01  8.98335E-14
  4.04297E-01  8.72128E-14
  4.08203E-01  8.47890E-14
  4.12109E-01  8.23621E-14
  4.16016E-01  8.01140E-14
  4.19922E-01  7.78630E-14
  4.23828E-01  7.57757E-14
  4.27734E-01  7.36859E-14
  4.31641E-01  7.17461E-14
  4.35547E-01  6.98039E-14
  4.39453E-01  6.79982E-14
  4.43359E-01  6.61902E-14
  4.47266E-01  6.45071E-14
  4.51172E-01  6.28220E-14
  4.55078E-01  6.12520E-14
  4.58984E-01  5.96801E-14
  4.62891E-01  5.82127E-14
  4.66797E-01  5.67442E-14
  4.70703E-01  5.53723E-14
  4.74609E-01  5.39991E-14
  4.78516E-01  5.27148E-14
  4.82422E-01  5.14290E-14
  4.86328E-01  5.02250E-14
  4.90234E-01  4.90198E-14
  4.94141E-01  4.78897E-14
  4.98047E-01  4.67585E-14
  5.01953E-01  4.56964E-14
  5.05859E-01  4.46335E-14
  5.09766E-01  4.36349E-14
  5.13672E-01  4.26355E-14
  5.17578E-01  4.16957E-14
  5.21484E-01  4.07552E-14
  5.25391E-01  3.98699E-14
  5.29297E-01  3.89838E-14
  5.33203E-01  3.81496E-14
  5.37109E-01  3.73146E-14
  5.41016E-01  3.65279E-14
  5.44922E-01  3.57405E-14
  5.48828E-01  3.49979E-14
  5.52734E-01  3.42545E-14
  5.56641E-01  3.35523E-14
  5.60547E-01  3.28495E-14
  5.64453E-01  3.21852E-14
  5.68359E-01  3.15203E-14
  5.72266E-01  3.08910E-14
  5.76172E-01  3.02611E-14
  5.80078E-01  2.96646E-14
  5.83984E-01  2.90676E-14
  5.87891E-01  2.85016E-14
  5.91797E-01  2.79354E-14
  5.95703E-01  2.73989E-14
  5.99609E-01  2.68622E-14
  6.03516E-01  2.63532E-14
  6.07422E-01  2.58439E-14
  6.11328E-01  2.53605E-14
  6.15234E-01  2.48767E-14
  6.19141E-01  2.44169E-14
  6.23047E-01  2.39569E-14
  6.26953E-01  2.35197E-14
  6.30859E-01  2.30821E-14
  6.34766E-01  2.26662E-14
  6.38672E-01  2.22500E-14
  6.42578E-01  2.18541E-14
  6.46484E-01  2.14580E-14
  6.50391E-01  2.10809E-14
  6.54297E-01  2.07034E-14
  6.58203E-01  2.03434E-14
  6.62109E-01  1.99832E-14
  6.66016E-01  1.96396E-14
  6.69922E-01  1.92958E-14
  6.73828E-01  1.89678E-14
  6.77734E-01  1.86397E-14
  6.81641E-01  1.83264E-14
  6.85547E-01  1.80131E-14
  6.89453E-01  1.77140E-14
  6.93359E-01  1.74147E-14
  6.97266E-01  1.71290E-14
  7.01172E-01  1.68432E-14
  7.05078E-01  1.65700E-14
  7.08984E-01  1.62967E-14
  7.12891E-01  1.60352E-14
  7.16797E-01  1.57736E-14
  7.20703E-01  1.55231E-14
  7.24609E-01  1.52726E-14
  7.28516E-01  1.50325E-14
  7.32422E-01  1.47924E-14
  7.36328E-01  1.45623E-14
  7.40234E-01  1.43323E-14
  7.44141E-01  1.41118E-14
  7.48047E-01  1.38911E-14
  7.51953E-01  1.36796E-14
  7.55859E-01  1.34680E-14
  7.59766E-01  1.32650E-14
  7.63672E-01  1.30620E-14
  7.67578E-01  1.28672E-14
  7.71484E-01  1.26723E-14
  7.75391E-01  1.24853E-14
  7.79297E-01  1.22982E-14
  7.83203E-01  1.21186E-14
  7.87109E-01  1.19389E-14
  7.91016E-01  1.17663E-14
  7.94922E-01  1.15936E-14
  7.98828E-01  1.14277E-14
  8.02734E-01  1.12616E-14
  8.06641E-01  1.11020E-14
  8.10547E-01  1.09423E-14
  8.14453E-01  1.07887E-14
  8.18359E-01  1.06351E-14
  8.22266E-01  1.04873E-14
  8.26172E-01  1.03394E-14
  8.30078E-01  1.01972E-14
  8.33984E-01  1.00548E-14
  8.37891E-01  9.91786E-15
  8.41797E-01  9.78080E-15
  8.45703E-01  9.64883E-15
  8.49609E-01  9.51683E-15
  8.53516E-01  9.38970E-15
  8.57422E-01  9.26247E-15
  8.61328E-01  9.13996E-15
  8.65234E-01  9.01733E-15
  8.69141E-01  8.89921E-15
  8.73047E-01  8.78096E-15
  8.76953E-01  8.66706E-15
  8.80859E-01  8.55305E-15
  8.84766E-01  8.44314E-15
  8.88672E-01  8.33319E-15
  8.92578E-01  8.22719E-15
  8.96484E-01  8.12111E-15
  9.00391E-01  8.01882E-15
  9.04297E-01  7.91646E-15
  9.08203E-01  7.81776E-15
  9.12109E-01  7.71899E-15
  9.16016E-01  7.62377E-15
  9.19922E-01  7.52849E-15
  9.23828E-01  7.43662E-15
  9.27734E-01  7.34470E-15
  9.31641E-01  7.25608E-15
  9.35547E-01  7.16739E-15
  9.39453E-01  7.08195E-15
  9.43359E-01  6.99644E-15
  9.47266E-01  6.91412E-15
  9.51172E-01  6.83172E-15
  9.55078E-01  6.75252E-15
  9.58984E-01  6.67324E-15
  9.62891E-01  6.59722E-15
  9.66797E-01  6.52112E-15
  9.70703E-01  6.44850E-15
  9.74609E-01  6.37581E-15
  9.78516E-01  6.30716E-15
  9.82422E-01  6.23845E-15
  9.86328E-01  6.17541E-15
  9.90234E-01  6.11264E-15
  9.94141E-01  6.06341E-15
  9.98047E-01  6.03954E-15
  1.00195E+00  6.03954E-15
