 -1.95312E-03  9.53991E+00
  1.95312E-03  9.54025E+00
  5.85938E-03  9.53550E+00
  9.76562E-03  9.53083E+00
  1.36719E-02  9.52562E+00
  1.75781E-02  9.51979E+00
  2.14844E-02  9.51333E+00
  2.53906E-02  9.50622E+00
  2.92969E-02  9.49847E+00
  3.32031E-02  9.49008E+00
  3.71094E-02  9.48103E+00
  4.10156E-02  9.47135E+00
  4.49219E-02  9.46103E+00
  4.88281E-02  9.45007E+00
  5.27344E-02  9.43846E+00
  5.66406E-02  9.42622E+00
  6.05469E-02  9.41335E+00
  6.44531E-02  9.39983E+00
  6.83594E-02  9.38568E+00
  7.22656E-02  9.37089E+00
  7.61719E-02  9.35546E+00
  8.00781E-02  9.33939E+00
  8.39844E-02  9.32268E+00
  8.78906E-02  9.30533E+00
  9.17969E-02  9.28734E+00
  9.57031E-02  9.26870E+00
  9.96094E-02  9.24942E+00
  1.03516E-01  9.22949E+00
  1.07422E-01  9.20892E+00
  1.11328E-01  9.18768E+00
  1.15234E-01  9.16579E+00
  1.19141E-01  9.14324E+00
  1.23047E-01  9.12003E+00
  1.26953E-01  9.09614E+00
  1.30859E-01  9.07159E+00
  1.34766E-01  9.04636E+00
  1.38672E-01  9.02045E+00
  1.42578E-01  8.99386E+00
  1.46484E-01  8.96657E+00
  1.50391E-01  8.93858E+00
  1.54297E-01  8.90988E+00
  1.58203E-01  8.88047E+00
  1.62109E-01  8.85034E+00
  1.66016E-01  8.81948E+00
  1.69922E-01  8.78789E+00
  1.73828E-01  8.75555E+00
  1.77734E-01  8.72246E+00
  1.81641E-01  8.68860E+00
  1.85547E-01  8.65396E+00
  1.89453E-01  8.61854E+00
  1.93359E-01  8.58232E+00
  1.97266E-01  8.54528E+00
  2.01172E-01  8.50742E+00
  2.05078E-01  8.46872E+00
  2.08984E-01  8.42917E+00
  2.12891E-01  8.38874E+00
  2.16797E-01  8.34743E+00
  2.20703E-01  8.30521E+00
  2.24609E-01  8.26206E+00
  2.28516E-01  8.21796E+00
  2.32422E-01  8.17290E+00
  2.36328E-01  8.12685E+00
  2.40234E-01  8.07979E+00
  2.44141E-01  8.03169E+00
  2.48047E-01  7.98251E+00
  2.51953E-01  7.93223E+00
  2.55859E-01  7.88082E+00
  2.59766E-01  7.82825E+00
  2.63672E-01  7.77448E+00
  2.67578E-01  7.71947E+00
  2.71484E-01  7.66319E+00
  2.75391E-01  7.60558E+00
  2.79297E-01  7.54660E+00
  2.83203E-01  7.48619E+00
  2.87109E-01  7.42431E+00
  2.91016E-01  7.36087E+00
  2.94922E-01  7.29584E+00
  2.98828E-01  7.22912E+00
  3.02734E-01  7.16065E+00
  3.06641E-01  7.09033E+00
  3.10547E-01  7.01807E+00
  3.14453E-01  6.94378E+00
  3.18359E-01  6.86733E+00
  3.22266E-01  6.78860E+00
  3.26172E-01  6.70745E+00
  3.30078E-01  6.62373E+00
  3.33984E-01  6.53725E+00
  3.37891E-01  6.44783E+00
  3.41797E-01  6.35523E+00
  3.45703E-01  6.25907E+00
  3.49609E-01  6.15550E+00
  3.53516E-01  5.94355E+00
  3.57422E-01  1.53964E-21
  3.61328E-01  1.50223E-21
  3.65234E-01  1.45365E-21
  3.69141E-01  1.40910E-21
  3.73047E-01  1.36448E-21
  3.76953E-01  1.32349E-21
  3.80859E-01  1.28245E-21
  3.84766E-01  1.24469E-21
  3.88672E-01  1.20688E-21
  3.92578E-01  1.17205E-21
  3.96484E-01  1.13716E-21
  4.00391E-01  1.10496E-21
  4.04297E-01  1.07271E-21
  4.08203E-01  1.04290E-21
  4.12109E-01  1.01306E-21
  4.16016E-01  9.85426E-22
  4.19922E-01  9.57757E-22
  4.23828E-01  9.32095E-22
  4.27734E-01  9.06412E-22
  4.31641E-01  8.82571E-22
  4.35547E-01  8.58698E-22
  4.39453E-01  8.36498E-22
  4.43359E-01  8.14273E-22
  4.47266E-01  7.93583E-22
  4.51172E-01  7.72867E-22
  4.55078E-01  7.53548E-22
  4.58984E-01  7.34210E-22
  4.62891E-01  7.16156E-22
  4.66797E-01  6.98087E-22
  4.70703E-01  6.81202E-22
  4.74609E-01  6.64299E-22
  4.78516E-01  6.48488E-22
  4.82422E-01  6.32662E-22
  4.86328E-01  6.17848E-22
  4.90234E-01  6.03020E-22
  4.94141E-01  5.89124E-22
  4.98047E-01  5.75214E-22
  5.01953E-01  5.62161E-22
  5.05859E-01  5.49097E-22
  5.09766E-01  5.36829E-22
  5.13672E-01  5.24547E-22
  5.17578E-01  5.13000E-22
  5.21484E-01  5.01439E-22
  5.25391E-01  4.90547E-22
  5.29297E-01  4.79645E-22
  5.33203E-01  4.69371E-22
  5.37109E-01  4.59087E-22
  5.41016E-01  4.49392E-22
  5.44922E-01  4.39687E-22
  5.48828E-01  4.30531E-22
  5.52734E-01  4.21370E-22
  5.56641E-01  4.12721E-22
  5.60547E-01  4.04068E-22
  5.64453E-01  3.95891E-22
  5.68359E-01  3.87707E-22
  5.72266E-01  3.79964E-22
  5.76172E-01  3.72216E-22
  5.80078E-01  3.64883E-22
  5.83984E-01  3.57545E-22
  5.87891E-01  3.50594E-22
  5.91797E-01  3.43639E-22
  5.95703E-01  3.37046E-22
  5.99609E-01  3.30449E-22
  6.03516E-01  3.24192E-22
  6.07422E-01  3.17930E-22
  6.11328E-01  3.11988E-22
  6.15234E-01  3.06040E-22
  6.19141E-01  3.00387E-22
  6.23047E-01  2.94730E-22
  6.26953E-01  2.89350E-22
  6.30859E-01  2.83966E-22
  6.34766E-01  2.78843E-22
  6.38672E-01  2.73719E-22
  6.42578E-01  2.68841E-22
  6.46484E-01  2.63962E-22
  6.50391E-01  2.59317E-22
  6.54297E-01  2.54669E-22
  6.58203E-01  2.50245E-22
  6.62109E-01  2.45818E-22
  6.66016E-01  2.41601E-22
  6.69922E-01  2.37380E-22
  6.73828E-01  2.33353E-22
  6.77734E-01  2.29324E-22
  6.81641E-01  2.25474E-22
  6.85547E-01  2.21622E-22
  6.89453E-01  2.17940E-22
  6.93359E-01  2.14257E-22
  6.97266E-01  2.10737E-22
  7.01172E-01  2.07216E-22
  7.05078E-01  2.03851E-22
  7.08984E-01  2.00483E-22
  7.12891E-01  1.97262E-22
  7.16797E-01  1.94039E-22
  7.20703E-01  1.90956E-22
  7.24609E-01  1.87870E-22
  7.28516E-01  1.84917E-22
  7.32422E-01  1.81962E-22
  7.36328E-01  1.79133E-22
  7.40234E-01  1.76303E-22
  7.44141E-01  1.73593E-22
  7.48047E-01  1.70880E-22
  7.51953E-01  1.68280E-22
  7.55859E-01  1.65678E-22
  7.59766E-01  1.63183E-22
  7.63672E-01  1.60686E-22
  7.67578E-01  1.58290E-22
  7.71484E-01  1.55893E-22
  7.75391E-01  1.53592E-22
  7.79297E-01  1.51290E-22
  7.83203E-01  1.49080E-22
  7.87109E-01  1.46868E-22
  7.91016E-01  1.44745E-22
  7.94922E-01  1.42620E-22
  7.98828E-01  1.40579E-22
  8.02734E-01  1.38537E-22
  8.06641E-01  1.36574E-22
  8.10547E-01  1.34610E-22
  8.14453E-01  1.32722E-22
  8.18359E-01  1.30832E-22
  8.22266E-01  1.29015E-22
  8.26172E-01  1.27196E-22
  8.30078E-01  1.25447E-22
  8.33984E-01  1.23695E-22
  8.37891E-01  1.22010E-22
  8.41797E-01  1.20324E-22
  8.45703E-01  1.18701E-22
  8.49609E-01  1.17076E-22
  8.53516E-01  1.15512E-22
  8.57422E-01  1.13947E-22
  8.61328E-01  1.12439E-22
  8.65234E-01  1.10930E-22
  8.69141E-01  1.09476E-22
  8.73047E-01  1.08022E-22
  8.76953E-01  1.06620E-22
  8.80859E-01  1.05218E-22
  8.84766E-01  1.03866E-22
  8.88672E-01  1.02513E-22
  8.92578E-01  1.01209E-22
  8.96484E-01  9.99044E-23
  9.00391E-01  9.86461E-23
  9.04297E-01  9.73871E-23
  9.08203E-01  9.61731E-23
  9.12109E-01  9.49581E-23
  9.16016E-01  9.37868E-23
  9.19922E-01  9.26146E-23
  9.23828E-01  9.14844E-23
  9.27734E-01  9.03533E-23
  9.31641E-01  8.92631E-23
  9.35547E-01  8.81721E-23
  9.39453E-01  8.71209E-23
  9.43359E-01  8.60690E-23
  9.47266E-01  8.50563E-23
  9.51172E-01  8.40428E-23
  9.55078E-01  8.30683E-23
  9.58984E-01  8.20932E-23
  9.62891E-01  8.11580E-23
  9.66797E-01  8.02218E-23
  9.70703E-01  7.93286E-23
  9.74609E-01  7.84343E-23
  9.78516E-01  7.75898E-23
  9.82422E-01  7.67446E-23
  9.86328E-01  7.59690E-23
  9.90234E-01  7.51967E-23
  9.94141E-01  7.45912E-23
  9.98047E-01  7.42976E-23
  1.00195E+00  7.42976E-23
