 -1.95312E-03  9.54001E+00
  1.95312E-03  9.54035E+00
  5.85938E-03  9.53560E+00
  9.76562E-03  9.53092E+00
  1.36719E-02  9.52571E+00
  1.75781E-02  9.51989E+00
  2.14844E-02  9.51343E+00
  2.53906E-02  9.50632E+00
  2.92969E-02  9.49856E+00
  3.32031E-02  9.49017E+00
  3.71094E-02  9.48113E+00
  4.10156E-02  9.47145E+00
  4.49219E-02  9.46113E+00
  4.88281E-02  9.45017E+00
  5.27344E-02  9.43856E+00
  5.66406E-02  9.42632E+00
  6.05469E-02  9.41344E+00
  6.44531E-02  9.39993E+00
  6.83594E-02  9.38578E+00
  7.22656E-02  9.37098E+00
  7.61719E-02  9.35555E+00
  8.00781E-02  9.33948E+00
  8.39844E-02  9.32277E+00
  8.78906E-02  9.30542E+00
  9.17969E-02  9.28743E+00
  9.57031E-02  9.26879E+00
  9.96094E-02  9.24951E+00
  1.03516E-01  9.22958E+00
  1.07422E-01  9.20900E+00
  1.11328E-01  9.18776E+00
  1.15234E-01  9.16587E+00
  1.19141E-01  9.14332E+00
  1.23047E-01  9.12010E+00
  1.26953E-01  9.09622E+00
  1.30859E-01  9.07166E+00
  1.34766E-01  9.04643E+00
  1.38672E-01  9.02052E+00
  1.42578E-01  8.99392E+00
  1.46484E-01  8.96663E+00
  1.50391E-01  8.93863E+00
  1.54297E-01  8.90993E+00
  1.58203E-01  8.88052E+00
  1.62109E-01  8.85039E+00
  1.66016E-01  8.81953E+00
  1.69922E-01  8.78794E+00
  1.73828E-01  8.75560E+00
  1.77734E-01  8.72250E+00
  1.81641E-01  8.68863E+00
  1.85547E-01  8.65400E+00
  1.89453E-01  8.61857E+00
  1.93359E-01  8.58234E+00
  1.97266E-01  8.54530E+00
  2.01172E-01  8.50744E+00
  2.05078E-01  8.46873E+00
  2.08984E-01  8.42917E+00
  2.12891E-01  8.38875E+00
  2.16797E-01  8.34743E+00
  2.20703E-01  8.30520E+00
  2.24609E-01  8.26205E+00
  2.28516E-01  8.21796E+00
  2.32422E-01  8.17290E+00
  2.36328E-01  8.12685E+00
  2.40234E-01  8.07979E+00
  2.44141E-01  8.03168E+00
  2.48047E-01  7.98250E+00
  2.51953E-01  7.93222E+00
  2.55859E-01  7.88081E+00
  2.59766E-01  7.82824E+00
  2.63672E-01  7.77447E+00
  2.67578E-01  7.71946E+00
  2.71484E-01  7.66317E+00
  2.75391E-01  7.60556E+00
  2.79297E-01  7.54658E+00
  2.83203E-01  7.48616E+00
  2.87109E-01  7.42427E+00
  2.91016E-01  7.36084E+00
  2.94922E-01  7.29580E+00
  2.98828E-01  7.22908E+00
  3.02734E-01  7.16060E+00
  3.06641E-01  7.09028E+00
  3.10547E-01  7.01802E+00
  3.14453E-01  6.94372E+00
  3.18359E-01  6.86727E+00
  3.22266E-01  6.78855E+00
  3.26172E-01  6.70739E+00
  3.30078E-01  6.62367E+00
  3.33984E-01  6.53719E+00
  3.37891E-01  6.44777E+00
  3.41797E-01  6.35517E+00
  3.45703E-01  6.25900E+00
  3.49609E-01  6.15543E+00
  3.53516E-01  5.94348E+00
  3.57422E-01  4.12419E-25
  3.61328E-01  4.02404E-25
  3.65234E-01  3.89403E-25
  3.69141E-01  3.77483E-25
  3.73047E-01  3.65543E-25
  3.76953E-01  3.54573E-25
  3.80859E-01  3.43586E-25
  3.84766E-01  3.33473E-25
  3.88672E-01  3.23346E-25
  3.92578E-01  3.14008E-25
  3.96484E-01  3.04658E-25
  4.00391E-01  2.96027E-25
  4.04297E-01  2.87385E-25
  4.08203E-01  2.79396E-25
  4.12109E-01  2.71397E-25
  4.16016E-01  2.63991E-25
  4.19922E-01  2.56577E-25
  4.23828E-01  2.49704E-25
  4.27734E-01  2.42821E-25
  4.31641E-01  2.36429E-25
  4.35547E-01  2.30029E-25
  4.39453E-01  2.24081E-25
  4.43359E-01  2.18126E-25
  4.47266E-01  2.12583E-25
  4.51172E-01  2.07034E-25
  4.55078E-01  2.01860E-25
  4.58984E-01  1.96683E-25
  4.62891E-01  1.91851E-25
  4.66797E-01  1.87013E-25
  4.70703E-01  1.82491E-25
  4.74609E-01  1.77964E-25
  4.78516E-01  1.73730E-25
  4.82422E-01  1.69490E-25
  4.86328E-01  1.65519E-25
  4.90234E-01  1.61544E-25
  4.94141E-01  1.57817E-25
  4.98047E-01  1.54088E-25
  5.01953E-01  1.50589E-25
  5.05859E-01  1.47087E-25
  5.09766E-01  1.43797E-25
  5.13672E-01  1.40504E-25
  5.17578E-01  1.37410E-25
  5.21484E-01  1.34312E-25
  5.25391E-01  1.31399E-25
  5.29297E-01  1.28483E-25
  5.33203E-01  1.25737E-25
  5.37109E-01  1.22987E-25
  5.41016E-01  1.20394E-25
  5.44922E-01  1.17798E-25
  5.48828E-01  1.15346E-25
  5.52734E-01  1.12892E-25
  5.56641E-01  1.10575E-25
  5.60547E-01  1.08255E-25
  5.64453E-01  1.06062E-25
  5.68359E-01  1.03867E-25
  5.72266E-01  1.01792E-25
  5.76172E-01  9.97150E-26
  5.80078E-01  9.77506E-26
  5.83984E-01  9.57844E-26
  5.87891E-01  9.39221E-26
  5.91797E-01  9.20581E-26
  5.95703E-01  9.02913E-26
  5.99609E-01  8.85231E-26
  6.03516E-01  8.68457E-26
  6.07422E-01  8.51672E-26
  6.11328E-01  8.35739E-26
  6.15234E-01  8.19799E-26
  6.19141E-01  8.04661E-26
  6.23047E-01  7.89516E-26
  6.26953E-01  7.75126E-26
  6.30859E-01  7.60724E-26
  6.34766E-01  7.47020E-26
  6.38672E-01  7.33305E-26
  6.42578E-01  7.20242E-26
  6.46484E-01  7.07173E-26
  6.50391E-01  6.94718E-26
  6.54297E-01  6.82262E-26
  6.58203E-01  6.70389E-26
  6.62109E-01  6.58512E-26
  6.66016E-01  6.47192E-26
  6.69922E-01  6.35864E-26
  6.73828E-01  6.25066E-26
  6.77734E-01  6.14263E-26
  6.81641E-01  6.03961E-26
  6.85547E-01  5.93652E-26
  6.89453E-01  5.83810E-26
  6.93359E-01  5.73960E-26
  6.97266E-01  5.64544E-26
  7.01172E-01  5.55121E-26
  7.05078E-01  5.46108E-26
  7.08984E-01  5.37088E-26
  7.12891E-01  5.28461E-26
  7.16797E-01  5.19829E-26
  7.20703E-01  5.11570E-26
  7.24609E-01  5.03305E-26
  7.28516E-01  4.95393E-26
  7.32422E-01  4.87477E-26
  7.36328E-01  4.79895E-26
  7.40234E-01  4.72308E-26
  7.44141E-01  4.65041E-26
  7.48047E-01  4.57769E-26
  7.51953E-01  4.50800E-26
  7.55859E-01  4.43828E-26
  7.59766E-01  4.37144E-26
  7.63672E-01  4.30455E-26
  7.67578E-01  4.24041E-26
  7.71484E-01  4.17621E-26
  7.75391E-01  4.11460E-26
  7.79297E-01  4.05295E-26
  7.83203E-01  3.99375E-26
  7.87109E-01  3.93451E-26
  7.91016E-01  3.87761E-26
  7.94922E-01  3.82069E-26
  7.98828E-01  3.76599E-26
  8.02734E-01  3.71125E-26
  8.06641E-01  3.65865E-26
  8.10547E-01  3.60602E-26
  8.14453E-01  3.55543E-26
  8.18359E-01  3.50480E-26
  8.22266E-01  3.45611E-26
  8.26172E-01  3.40739E-26
  8.30078E-01  3.36053E-26
  8.33984E-01  3.31363E-26
  8.37891E-01  3.26849E-26
  8.41797E-01  3.22333E-26
  8.45703E-01  3.17984E-26
  8.49609E-01  3.13634E-26
  8.53516E-01  3.09444E-26
  8.57422E-01  3.05250E-26
  8.61328E-01  3.01212E-26
  8.65234E-01  2.97171E-26
  8.69141E-01  2.93276E-26
  8.73047E-01  2.89379E-26
  8.76953E-01  2.85625E-26
  8.80859E-01  2.81868E-26
  8.84766E-01  2.78246E-26
  8.88672E-01  2.74622E-26
  8.92578E-01  2.71128E-26
  8.96484E-01  2.67632E-26
  9.00391E-01  2.64261E-26
  9.04297E-01  2.60889E-26
  9.08203E-01  2.57637E-26
  9.12109E-01  2.54383E-26
  9.16016E-01  2.51244E-26
  9.19922E-01  2.48104E-26
  9.23828E-01  2.45076E-26
  9.27734E-01  2.42047E-26
  9.31641E-01  2.39126E-26
  9.35547E-01  2.36203E-26
  9.39453E-01  2.33388E-26
  9.43359E-01  2.30569E-26
  9.47266E-01  2.27856E-26
  9.51172E-01  2.25141E-26
  9.55078E-01  2.22531E-26
  9.58984E-01  2.19918E-26
  9.62891E-01  2.17413E-26
  9.66797E-01  2.14905E-26
  9.70703E-01  2.12512E-26
  9.74609E-01  2.10117E-26
  9.78516E-01  2.07854E-26
  9.82422E-01  2.05590E-26
  9.86328E-01  2.03512E-26
  9.90234E-01  2.01444E-26
  9.94141E-01  1.99821E-26
  9.98047E-01  1.99035E-26
  1.00195E+00  1.99035E-26
