 -1.95312E-03  9.54001E+00
  1.95312E-03  9.54035E+00
  5.85938E-03  9.53560E+00
  9.76562E-03  9.53093E+00
  1.36719E-02  9.52572E+00
  1.75781E-02  9.51989E+00
  2.14844E-02  9.51343E+00
  2.53906E-02  9.50632E+00
  2.92969E-02  9.49857E+00
  3.32031E-02  9.49017E+00
  3.71094E-02  9.48113E+00
  4.10156E-02  9.47145E+00
  4.49219E-02  9.46113E+00
  4.88281E-02  9.45017E+00
  5.27344E-02  9.43856E+00
  5.66406E-02  9.42632E+00
  6.05469E-02  9.41345E+00
  6.44531E-02  9.39993E+00
  6.83594E-02  9.38578E+00
  7.22656E-02  9.37099E+00
  7.61719E-02  9.35555E+00
  8.00781E-02  9.33948E+00
  8.39844E-02  9.32277E+00
  8.78906E-02  9.30542E+00
  9.17969E-02  9.28743E+00
  9.57031E-02  9.26879E+00
  9.96094E-02  9.24951E+00
  1.03516E-01  9.22958E+00
  1.07422E-01  9.20900E+00
  1.11328E-01  9.18776E+00
  1.15234E-01  9.16587E+00
  1.19141E-01  9.14332E+00
  1.23047E-01  9.12010E+00
  1.26953E-01  9.09622E+00
  1.30859E-01  9.07166E+00
  1.34766E-01  9.04643E+00
  1.38672E-01  9.02052E+00
  1.42578E-01  8.99392E+00
  1.46484E-01  8.96663E+00
  1.50391E-01  8.93864E+00
  1.54297E-01  8.90993E+00
  1.58203E-01  8.88052E+00
  1.62109E-01  8.85039E+00
  1.66016E-01  8.81953E+00
  1.69922E-01  8.78794E+00
  1.73828E-01  8.75560E+00
  1.77734E-01  8.72250E+00
  1.81641E-01  8.68864E+00
  1.85547E-01  8.65400E+00
  1.89453E-01  8.61857E+00
  1.93359E-01  8.58234E+00
  1.97266E-01  8.54530E+00
  2.01172E-01  8.50744E+00
  2.05078E-01  8.46873E+00
  2.08984E-01  8.42917E+00
  2.12891E-01  8.38875E+00
  2.16797E-01  8.34743E+00
  2.20703E-01  8.30520E+00
  2.24609E-01  8.26205E+00
  2.28516E-01  8.21796E+00
  2.32422E-01  8.17290E+00
  2.36328E-01  8.12685E+00
  2.40234E-01  8.07979E+00
  2.44141E-01  8.03168E+00
  2.48047E-01  7.98250E+00
  2.51953E-01  7.93223E+00
  2.55859E-01  7.88081E+00
  2.59766E-01  7.82824E+00
  2.63672E-01  7.77447E+00
  2.67578E-01  7.71946E+00
  2.71484E-01  7.66317E+00
  2.75391E-01  7.60556E+00
  2.79297E-01  7.54658E+00
  2.83203E-01  7.48616E+00
  2.87109E-01  7.42427E+00
  2.91016E-01  7.36084E+00
  2.94922E-01  7.29580E+00
  2.98828E-01  7.22908E+00
  3.02734E-01  7.16059E+00
  3.06641E-01  7.09028E+00
  3.10547E-01  7.01802E+00
  3.14453E-01  6.94372E+00
  3.18359E-01  6.86727E+00
  3.22266E-01  6.78855E+00
  3.26172E-01  6.70739E+00
  3.30078E-01  6.62367E+00
  3.33984E-01  6.53719E+00
  3.37891E-01  6.44777E+00
  3.41797E-01  6.35517E+00
  3.45703E-01  6.25900E+00
  3.49609E-01  6.15543E+00
  3.53516E-01  5.94348E+00
  3.57422E-01  3.07426E-25
  3.61328E-01  2.99956E-25
  3.65234E-01  2.90256E-25
  3.69141E-01  2.81365E-25
  3.73047E-01  2.72459E-25
  3.76953E-01  2.64283E-25
  3.80859E-01  2.56095E-25
  3.84766E-01  2.48559E-25
  3.88672E-01  2.41015E-25
  3.92578E-01  2.34063E-25
  3.96484E-01  2.27100E-25
  4.00391E-01  2.20669E-25
  4.04297E-01  2.14231E-25
  4.08203E-01  2.08277E-25
  4.12109E-01  2.02316E-25
  4.16016E-01  1.96796E-25
  4.19922E-01  1.91270E-25
  4.23828E-01  1.86145E-25
  4.27734E-01  1.81015E-25
  4.31641E-01  1.76251E-25
  4.35547E-01  1.71482E-25
  4.39453E-01  1.67049E-25
  4.43359E-01  1.62611E-25
  4.47266E-01  1.58481E-25
  4.51172E-01  1.54347E-25
  4.55078E-01  1.50492E-25
  4.58984E-01  1.46633E-25
  4.62891E-01  1.43033E-25
  4.66797E-01  1.39428E-25
  4.70703E-01  1.36057E-25
  4.74609E-01  1.32682E-25
  4.78516E-01  1.29524E-25
  4.82422E-01  1.26362E-25
  4.86328E-01  1.23401E-25
  4.90234E-01  1.20436E-25
  4.94141E-01  1.17657E-25
  4.98047E-01  1.14875E-25
  5.01953E-01  1.12264E-25
  5.05859E-01  1.09652E-25
  5.09766E-01  1.07197E-25
  5.13672E-01  1.04741E-25
  5.17578E-01  1.02432E-25
  5.21484E-01  1.00121E-25
  5.25391E-01  9.79473E-26
  5.29297E-01  9.57714E-26
  5.33203E-01  9.37217E-26
  5.37109E-01  9.16702E-26
  5.41016E-01  8.97362E-26
  5.44922E-01  8.78007E-26
  5.48828E-01  8.59751E-26
  5.52734E-01  8.41480E-26
  5.56641E-01  8.24229E-26
  5.60547E-01  8.06962E-26
  5.64453E-01  7.90632E-26
  5.68359E-01  7.74294E-26
  5.72266E-01  7.58832E-26
  5.76172E-01  7.43362E-26
  5.80078E-01  7.28715E-26
  5.83984E-01  7.14057E-26
  5.87891E-01  7.00170E-26
  5.91797E-01  6.86273E-26
  5.95703E-01  6.73096E-26
  5.99609E-01  6.59910E-26
  6.03516E-01  6.47406E-26
  6.07422E-01  6.34891E-26
  6.11328E-01  6.23017E-26
  6.15234E-01  6.11134E-26
  6.19141E-01  5.99858E-26
  6.23047E-01  5.88572E-26
  6.26953E-01  5.77854E-26
  6.30859E-01  5.67126E-26
  6.34766E-01  5.56920E-26
  6.38672E-01  5.46702E-26
  6.42578E-01  5.36961E-26
  6.46484E-01  5.27217E-26
  6.50391E-01  5.17926E-26
  6.54297E-01  5.08634E-26
  6.58203E-01  4.99784E-26
  6.62109E-01  4.90931E-26
  6.66016E-01  4.82495E-26
  6.69922E-01  4.74052E-26
  6.73828E-01  4.65996E-26
  6.77734E-01  4.57935E-26
  6.81641E-01  4.50240E-26
  6.85547E-01  4.42541E-26
  6.89453E-01  4.35191E-26
  6.93359E-01  4.27837E-26
  6.97266E-01  4.20814E-26
  7.01172E-01  4.13788E-26
  7.05078E-01  4.07075E-26
  7.08984E-01  4.00357E-26
  7.12891E-01  3.93931E-26
  7.16797E-01  3.87501E-26
  7.20703E-01  3.81345E-26
  7.24609E-01  3.75186E-26
  7.28516E-01  3.69289E-26
  7.32422E-01  3.63388E-26
  7.36328E-01  3.57737E-26
  7.40234E-01  3.52083E-26
  7.44141E-01  3.46665E-26
  7.48047E-01  3.41245E-26
  7.51953E-01  3.36051E-26
  7.55859E-01  3.30855E-26
  7.59766E-01  3.25874E-26
  7.63672E-01  3.20889E-26
  7.67578E-01  3.16107E-26
  7.71484E-01  3.11323E-26
  7.75391E-01  3.06732E-26
  7.79297E-01  3.02137E-26
  7.83203E-01  2.97726E-26
  7.87109E-01  2.93311E-26
  7.91016E-01  2.89071E-26
  7.94922E-01  2.84828E-26
  7.98828E-01  2.80749E-26
  8.02734E-01  2.76671E-26
  8.06641E-01  2.72749E-26
  8.10547E-01  2.68825E-26
  8.14453E-01  2.65052E-26
  8.18359E-01  2.61276E-26
  8.22266E-01  2.57647E-26
  8.26172E-01  2.54014E-26
  8.30078E-01  2.50518E-26
  8.33984E-01  2.47021E-26
  8.37891E-01  2.43655E-26
  8.41797E-01  2.40288E-26
  8.45703E-01  2.37045E-26
  8.49609E-01  2.33802E-26
  8.53516E-01  2.30678E-26
  8.57422E-01  2.27553E-26
  8.61328E-01  2.24542E-26
  8.65234E-01  2.21529E-26
  8.69141E-01  2.18626E-26
  8.73047E-01  2.15722E-26
  8.76953E-01  2.12923E-26
  8.80859E-01  2.10122E-26
  8.84766E-01  2.07422E-26
  8.88672E-01  2.04721E-26
  8.92578E-01  2.02116E-26
  8.96484E-01  1.99510E-26
  9.00391E-01  1.96998E-26
  9.04297E-01  1.94484E-26
  9.08203E-01  1.92059E-26
  9.12109E-01  1.89633E-26
  9.16016E-01  1.87294E-26
  9.19922E-01  1.84953E-26
  9.23828E-01  1.82696E-26
  9.27734E-01  1.80438E-26
  9.31641E-01  1.78260E-26
  9.35547E-01  1.76082E-26
  9.39453E-01  1.73983E-26
  9.43359E-01  1.71882E-26
  9.47266E-01  1.69860E-26
  9.51172E-01  1.67835E-26
  9.55078E-01  1.65889E-26
  9.58984E-01  1.63942E-26
  9.62891E-01  1.62075E-26
  9.66797E-01  1.60205E-26
  9.70703E-01  1.58421E-26
  9.74609E-01  1.56635E-26
  9.78516E-01  1.54948E-26
  9.82422E-01  1.53261E-26
  9.86328E-01  1.51712E-26
  9.90234E-01  1.50170E-26
  9.94141E-01  1.48960E-26
  9.98047E-01  1.48374E-26
  1.00195E+00  1.48374E-26
