 -1.95312E-03  9.53991E+00
  1.95312E-03  9.54025E+00
  5.85938E-03  9.53550E+00
  9.76562E-03  9.53082E+00
  1.36719E-02  9.52561E+00
  1.75781E-02  9.51979E+00
  2.14844E-02  9.51332E+00
  2.53906E-02  9.50622E+00
  2.92969E-02  9.49847E+00
  3.32031E-02  9.49007E+00
  3.71094E-02  9.48103E+00
  4.10156E-02  9.47135E+00
  4.49219E-02  9.46102E+00
  4.88281E-02  9.45006E+00
  5.27344E-02  9.43846E+00
  5.66406E-02  9.42622E+00
  6.05469E-02  9.41335E+00
  6.44531E-02  9.39983E+00
  6.83594E-02  9.38568E+00
  7.22656E-02  9.37089E+00
  7.61719E-02  9.35545E+00
  8.00781E-02  9.33938E+00
  8.39844E-02  9.32267E+00
  8.78906E-02  9.30533E+00
  9.17969E-02  9.28733E+00
  9.57031E-02  9.26870E+00
  9.96094E-02  9.24941E+00
  1.03516E-01  9.22949E+00
  1.07422E-01  9.20891E+00
  1.11328E-01  9.18767E+00
  1.15234E-01  9.16578E+00
  1.19141E-01  9.14323E+00
  1.23047E-01  9.12002E+00
  1.26953E-01  9.09614E+00
  1.30859E-01  9.07159E+00
  1.34766E-01  9.04635E+00
  1.38672E-01  9.02045E+00
  1.42578E-01  8.99385E+00
  1.46484E-01  8.96656E+00
  1.50391E-01  8.93857E+00
  1.54297E-01  8.90987E+00
  1.58203E-01  8.88046E+00
  1.62109E-01  8.85034E+00
  1.66016E-01  8.81948E+00
  1.69922E-01  8.78789E+00
  1.73828E-01  8.75555E+00
  1.77734E-01  8.72245E+00
  1.81641E-01  8.68859E+00
  1.85547E-01  8.65396E+00
  1.89453E-01  8.61854E+00
  1.93359E-01  8.58231E+00
  1.97266E-01  8.54528E+00
  2.01172E-01  8.50742E+00
  2.05078E-01  8.46872E+00
  2.08984E-01  8.42916E+00
  2.12891E-01  8.38874E+00
  2.16797E-01  8.34743E+00
  2.20703E-01  8.30521E+00
  2.24609E-01  8.26206E+00
  2.28516E-01  8.21796E+00
  2.32422E-01  8.17290E+00
  2.36328E-01  8.12685E+00
  2.40234E-01  8.07979E+00
  2.44141E-01  8.03169E+00
  2.48047E-01  7.98251E+00
  2.51953E-01  7.93223E+00
  2.55859E-01  7.88082E+00
  2.59766E-01  7.82825E+00
  2.63672E-01  7.77448E+00
  2.67578E-01  7.71948E+00
  2.71484E-01  7.66319E+00
  2.75391E-01  7.60558E+00
  2.79297E-01  7.54660E+00
  2.83203E-01  7.48620E+00
  2.87109E-01  7.42431E+00
  2.91016E-01  7.36088E+00
  2.94922E-01  7.29584E+00
  2.98828E-01  7.22912E+00
  3.02734E-01  7.16065E+00
  3.06641E-01  7.09033E+00
  3.10547E-01  7.01807E+00
  3.14453E-01  6.94378E+00
  3.18359E-01  6.86733E+00
  3.22266E-01  6.78860E+00
  3.26172E-01  6.70746E+00
  3.30078E-01  6.62373E+00
  3.33984E-01  6.53726E+00
  3.37891E-01  6.44784E+00
  3.41797E-01  6.35524E+00
  3.45703E-01  6.25907E+00
  3.49609E-01  6.15550E+00
  3.53516E-01  5.94355E+00
  3.57422E-01  2.77032E-21
  3.61328E-01  2.70298E-21
  3.65234E-01  2.61554E-21
  3.69141E-01  2.53540E-21
  3.73047E-01  2.45514E-21
  3.76953E-01  2.38142E-21
  3.80859E-01  2.30760E-21
  3.84766E-01  2.23970E-21
  3.88672E-01  2.17170E-21
  3.92578E-01  2.10902E-21
  3.96484E-01  2.04626E-21
  4.00391E-01  1.98835E-21
  4.04297E-01  1.93036E-21
  4.08203E-01  1.87673E-21
  4.12109E-01  1.82304E-21
  4.16016E-01  1.77332E-21
  4.19922E-01  1.72353E-21
  4.23828E-01  1.67737E-21
  4.27734E-01  1.63115E-21
  4.31641E-01  1.58822E-21
  4.35547E-01  1.54524E-21
  4.39453E-01  1.50528E-21
  4.43359E-01  1.46527E-21
  4.47266E-01  1.42801E-21
  4.51172E-01  1.39071E-21
  4.55078E-01  1.35596E-21
  4.58984E-01  1.32117E-21
  4.62891E-01  1.28870E-21
  4.66797E-01  1.25620E-21
  4.70703E-01  1.22584E-21
  4.74609E-01  1.19546E-21
  4.78516E-01  1.16704E-21
  4.82422E-01  1.13859E-21
  4.86328E-01  1.11194E-21
  4.90234E-01  1.08527E-21
  4.94141E-01  1.06025E-21
  4.98047E-01  1.03521E-21
  5.01953E-01  1.01170E-21
  5.05859E-01  9.88166E-22
  5.09766E-01  9.66046E-22
  5.13672E-01  9.43907E-22
  5.17578E-01  9.23082E-22
  5.21484E-01  9.02243E-22
  5.25391E-01  8.82632E-22
  5.29297E-01  8.63006E-22
  5.33203E-01  8.44529E-22
  5.37109E-01  8.26033E-22
  5.41016E-01  8.08607E-22
  5.44922E-01  7.91166E-22
  5.48828E-01  7.74705E-22
  5.52734E-01  7.58230E-22
  5.56641E-01  7.42669E-22
  5.60547E-01  7.27100E-22
  5.64453E-01  7.12390E-22
  5.68359E-01  6.97669E-22
  5.72266E-01  6.83749E-22
  5.76172E-01  6.69816E-22
  5.80078E-01  6.56625E-22
  5.83984E-01  6.43426E-22
  5.87891E-01  6.30920E-22
  5.91797E-01  6.18405E-22
  5.95703E-01  6.06540E-22
  5.99609E-01  5.94666E-22
  6.03516E-01  5.83395E-22
  6.07422E-01  5.72117E-22
  6.11328E-01  5.61409E-22
  6.15234E-01  5.50694E-22
  6.19141E-01  5.40513E-22
  6.23047E-01  5.30329E-22
  6.26953E-01  5.20649E-22
  6.30859E-01  5.10967E-22
  6.34766E-01  5.01763E-22
  6.38672E-01  4.92552E-22
  6.42578E-01  4.83794E-22
  6.46484E-01  4.75031E-22
  6.50391E-01  4.66690E-22
  6.54297E-01  4.58340E-22
  6.58203E-01  4.50376E-22
  6.62109E-01  4.42404E-22
  6.66016E-01  4.34797E-22
  6.69922E-01  4.27184E-22
  6.73828E-01  4.19920E-22
  6.77734E-01  4.12654E-22
  6.81641E-01  4.05722E-22
  6.85547E-01  3.98788E-22
  6.89453E-01  3.92164E-22
  6.93359E-01  3.85536E-22
  6.97266E-01  3.79203E-22
  7.01172E-01  3.72866E-22
  7.05078E-01  3.66809E-22
  7.08984E-01  3.60749E-22
  7.12891E-01  3.54956E-22
  7.16797E-01  3.49159E-22
  7.20703E-01  3.43616E-22
  7.24609E-01  3.38069E-22
  7.28516E-01  3.32759E-22
  7.32422E-01  3.27447E-22
  7.36328E-01  3.22356E-22
  7.40234E-01  3.17264E-22
  7.44141E-01  3.12383E-22
  7.48047E-01  3.07499E-22
  7.51953E-01  3.02818E-22
  7.55859E-01  2.98134E-22
  7.59766E-01  2.93641E-22
  7.63672E-01  2.89146E-22
  7.67578E-01  2.84835E-22
  7.71484E-01  2.80522E-22
  7.75391E-01  2.76384E-22
  7.79297E-01  2.72244E-22
  7.83203E-01  2.68269E-22
  7.87109E-01  2.64291E-22
  7.91016E-01  2.60471E-22
  7.94922E-01  2.56649E-22
  7.98828E-01  2.52976E-22
  8.02734E-01  2.49302E-22
  8.06641E-01  2.45768E-22
  8.10547E-01  2.42235E-22
  8.14453E-01  2.38835E-22
  8.18359E-01  2.35434E-22
  8.22266E-01  2.32163E-22
  8.26172E-01  2.28890E-22
  8.30078E-01  2.25740E-22
  8.33984E-01  2.22588E-22
  8.37891E-01  2.19556E-22
  8.41797E-01  2.16521E-22
  8.45703E-01  2.13600E-22
  8.49609E-01  2.10676E-22
  8.53516E-01  2.07861E-22
  8.57422E-01  2.05044E-22
  8.61328E-01  2.02331E-22
  8.65234E-01  1.99617E-22
  8.69141E-01  1.97001E-22
  8.73047E-01  1.94384E-22
  8.76953E-01  1.91862E-22
  8.80859E-01  1.89339E-22
  8.84766E-01  1.86906E-22
  8.88672E-01  1.84472E-22
  8.92578E-01  1.82125E-22
  8.96484E-01  1.79777E-22
  9.00391E-01  1.77513E-22
  9.04297E-01  1.75247E-22
  9.08203E-01  1.73062E-22
  9.12109E-01  1.70876E-22
  9.16016E-01  1.68768E-22
  9.19922E-01  1.66659E-22
  9.23828E-01  1.64625E-22
  9.27734E-01  1.62590E-22
  9.31641E-01  1.60628E-22
  9.35547E-01  1.58665E-22
  9.39453E-01  1.56773E-22
  9.43359E-01  1.54880E-22
  9.47266E-01  1.53058E-22
  9.51172E-01  1.51234E-22
  9.55078E-01  1.49481E-22
  9.58984E-01  1.47726E-22
  9.62891E-01  1.46043E-22
  9.66797E-01  1.44359E-22
  9.70703E-01  1.42751E-22
  9.74609E-01  1.41142E-22
  9.78516E-01  1.39622E-22
  9.82422E-01  1.38101E-22
  9.86328E-01  1.36705E-22
  9.90234E-01  1.35316E-22
  9.94141E-01  1.34226E-22
  9.98047E-01  1.33698E-22
  1.00195E+00  1.33698E-22
