 -1.95312E-03  9.53984E+00
  1.95312E-03  9.54018E+00
  5.85938E-03  9.53544E+00
  9.76562E-03  9.53076E+00
  1.36719E-02  9.52555E+00
  1.75781E-02  9.51972E+00
  2.14844E-02  9.51326E+00
  2.53906E-02  9.50616E+00
  2.92969E-02  9.49840E+00
  3.32031E-02  9.49001E+00
  3.71094E-02  9.48097E+00
  4.10156E-02  9.47129E+00
  4.49219E-02  9.46097E+00
  4.88281E-02  9.45001E+00
  5.27344E-02  9.43840E+00
  5.66406E-02  9.42617E+00
  6.05469E-02  9.41329E+00
  6.44531E-02  9.39978E+00
  6.83594E-02  9.38563E+00
  7.22656E-02  9.37084E+00
  7.61719E-02  9.35540E+00
  8.00781E-02  9.33934E+00
  8.39844E-02  9.32263E+00
  8.78906E-02  9.30528E+00
  9.17969E-02  9.28729E+00
  9.57031E-02  9.26865E+00
  9.96094E-02  9.24937E+00
  1.03516E-01  9.22944E+00
  1.07422E-01  9.20887E+00
  1.11328E-01  9.18764E+00
  1.15234E-01  9.16574E+00
  1.19141E-01  9.14320E+00
  1.23047E-01  9.11998E+00
  1.26953E-01  9.09610E+00
  1.30859E-01  9.07155E+00
  1.34766E-01  9.04632E+00
  1.38672E-01  9.02041E+00
  1.42578E-01  8.99382E+00
  1.46484E-01  8.96653E+00
  1.50391E-01  8.93854E+00
  1.54297E-01  8.90984E+00
  1.58203E-01  8.88043E+00
  1.62109E-01  8.85031E+00
  1.66016E-01  8.81945E+00
  1.69922E-01  8.78786E+00
  1.73828E-01  8.75552E+00
  1.77734E-01  8.72243E+00
  1.81641E-01  8.68857E+00
  1.85547E-01  8.65394E+00
  1.89453E-01  8.61852E+00
  1.93359E-01  8.58230E+00
  1.97266E-01  8.54527E+00
  2.01172E-01  8.50741E+00
  2.05078E-01  8.46871E+00
  2.08984E-01  8.42916E+00
  2.12891E-01  8.38874E+00
  2.16797E-01  8.34742E+00
  2.20703E-01  8.30520E+00
  2.24609E-01  8.26205E+00
  2.28516E-01  8.21796E+00
  2.32422E-01  8.17290E+00
  2.36328E-01  8.12685E+00
  2.40234E-01  8.07979E+00
  2.44141E-01  8.03168E+00
  2.48047E-01  7.98251E+00
  2.51953E-01  7.93223E+00
  2.55859E-01  7.88082E+00
  2.59766E-01  7.82826E+00
  2.63672E-01  7.77449E+00
  2.67578E-01  7.71948E+00
  2.71484E-01  7.66320E+00
  2.75391E-01  7.60560E+00
  2.79297E-01  7.54662E+00
  2.83203E-01  7.48621E+00
  2.87109E-01  7.42432E+00
  2.91016E-01  7.36089E+00
  2.94922E-01  7.29586E+00
  2.98828E-01  7.22914E+00
  3.02734E-01  7.16067E+00
  3.06641E-01  7.09036E+00
  3.10547E-01  7.01810E+00
  3.14453E-01  6.94381E+00
  3.18359E-01  6.86737E+00
  3.22266E-01  6.78864E+00
  3.26172E-01  6.70749E+00
  3.30078E-01  6.62377E+00
  3.33984E-01  6.53730E+00
  3.37891E-01  6.44787E+00
  3.41797E-01  6.35527E+00
  3.45703E-01  6.25911E+00
  3.49609E-01  6.15554E+00
  3.53516E-01  5.94359E+00
  3.57422E-01  9.40749E-20
  3.61328E-01  9.17881E-20
  3.65234E-01  8.88186E-20
  3.69141E-01  8.60958E-20
  3.73047E-01  8.33694E-20
  3.76953E-01  8.08660E-20
  3.80859E-01  7.83586E-20
  3.84766E-01  7.60523E-20
  3.88672E-01  7.37426E-20
  3.92578E-01  7.16145E-20
  3.96484E-01  6.94829E-20
  4.00391E-01  6.75155E-20
  4.04297E-01  6.55453E-20
  4.08203E-01  6.37247E-20
  4.12109E-01  6.19014E-20
  4.16016E-01  6.02130E-20
  4.19922E-01  5.85223E-20
  4.23828E-01  5.69554E-20
  4.27734E-01  5.53863E-20
  4.31641E-01  5.39293E-20
  4.35547E-01  5.24703E-20
  4.39453E-01  5.11136E-20
  4.43359E-01  4.97554E-20
  4.47266E-01  4.84906E-20
  4.51172E-01  4.72243E-20
  4.55078E-01  4.60435E-20
  4.58984E-01  4.48617E-20
  4.62891E-01  4.37588E-20
  4.66797E-01  4.26548E-20
  4.70703E-01  4.16231E-20
  4.74609E-01  4.05907E-20
  4.78516E-01  3.96251E-20
  4.82422E-01  3.86586E-20
  4.86328E-01  3.77540E-20
  4.90234E-01  3.68483E-20
  4.94141E-01  3.59994E-20
  4.98047E-01  3.51495E-20
  5.01953E-01  3.43521E-20
  5.05859E-01  3.35537E-20
  5.09766E-01  3.28037E-20
  5.13672E-01  3.20529E-20
  5.17578E-01  3.13462E-20
  5.21484E-01  3.06389E-20
  5.25391E-01  2.99728E-20
  5.29297E-01  2.93064E-20
  5.33203E-01  2.86783E-20
  5.37109E-01  2.80500E-20
  5.41016E-01  2.74578E-20
  5.44922E-01  2.68650E-20
  5.48828E-01  2.63060E-20
  5.52734E-01  2.57466E-20
  5.56641E-01  2.52184E-20
  5.60547E-01  2.46897E-20
  5.64453E-01  2.41899E-20
  5.68359E-01  2.36898E-20
  5.72266E-01  2.32168E-20
  5.76172E-01  2.27435E-20
  5.80078E-01  2.22956E-20
  5.83984E-01  2.18474E-20
  5.87891E-01  2.14228E-20
  5.91797E-01  2.09979E-20
  5.95703E-01  2.05952E-20
  5.99609E-01  2.01921E-20
  6.03516E-01  1.98098E-20
  6.07422E-01  1.94271E-20
  6.11328E-01  1.90637E-20
  6.15234E-01  1.87000E-20
  6.19141E-01  1.83544E-20
  6.23047E-01  1.80085E-20
  6.26953E-01  1.76796E-20
  6.30859E-01  1.73506E-20
  6.34766E-01  1.70377E-20
  6.38672E-01  1.67247E-20
  6.42578E-01  1.64269E-20
  6.46484E-01  1.61289E-20
  6.50391E-01  1.58454E-20
  6.54297E-01  1.55617E-20
  6.58203E-01  1.52917E-20
  6.62109E-01  1.50214E-20
  6.66016E-01  1.47636E-20
  6.69922E-01  1.45056E-20
  6.73828E-01  1.42591E-20
  6.77734E-01  1.40127E-20
  6.81641E-01  1.37771E-20
  6.85547E-01  1.35416E-20
  6.89453E-01  1.33166E-20
  6.93359E-01  1.30915E-20
  6.97266E-01  1.28765E-20
  7.01172E-01  1.26614E-20
  7.05078E-01  1.24557E-20
  7.08984E-01  1.22499E-20
  7.12891E-01  1.20531E-20
  7.16797E-01  1.18562E-20
  7.20703E-01  1.16678E-20
  7.24609E-01  1.14793E-20
  7.28516E-01  1.12990E-20
  7.32422E-01  1.11185E-20
  7.36328E-01  1.09458E-20
  7.40234E-01  1.07729E-20
  7.44141E-01  1.06072E-20
  7.48047E-01  1.04415E-20
  7.51953E-01  1.02825E-20
  7.55859E-01  1.01235E-20
  7.59766E-01  9.97099E-21
  7.63672E-01  9.81839E-21
  7.67578E-01  9.67197E-21
  7.71484E-01  9.52547E-21
  7.75391E-01  9.38488E-21
  7.79297E-01  9.24422E-21
  7.83203E-01  9.10920E-21
  7.87109E-01  8.97412E-21
  7.91016E-01  8.84441E-21
  7.94922E-01  8.71462E-21
  7.98828E-01  8.58991E-21
  8.02734E-01  8.46511E-21
  8.06641E-01  8.34520E-21
  8.10547E-01  8.22520E-21
  8.14453E-01  8.10981E-21
  8.18359E-01  7.99435E-21
  8.22266E-01  7.88329E-21
  8.26172E-01  7.77213E-21
  8.30078E-01  7.66523E-21
  8.33984E-01  7.55823E-21
  8.37891E-01  7.45523E-21
  8.41797E-01  7.35218E-21
  8.45703E-01  7.25300E-21
  8.49609E-01  7.15373E-21
  8.53516E-01  7.05814E-21
  8.57422E-01  6.96249E-21
  8.61328E-01  6.87036E-21
  8.65234E-01  6.77818E-21
  8.69141E-01  6.68937E-21
  8.73047E-01  6.60050E-21
  8.76953E-01  6.51485E-21
  8.80859E-01  6.42916E-21
  8.84766E-01  6.34656E-21
  8.88672E-01  6.26390E-21
  8.92578E-01  6.18423E-21
  8.96484E-01  6.10449E-21
  9.00391E-01  6.02761E-21
  9.04297E-01  5.95068E-21
  9.08203E-01  5.87650E-21
  9.12109E-01  5.80226E-21
  9.16016E-01  5.73068E-21
  9.19922E-01  5.65905E-21
  9.23828E-01  5.58999E-21
  9.27734E-01  5.52088E-21
  9.31641E-01  5.45427E-21
  9.35547E-01  5.38761E-21
  9.39453E-01  5.32338E-21
  9.43359E-01  5.25911E-21
  9.47266E-01  5.19722E-21
  9.51172E-01  5.13529E-21
  9.55078E-01  5.07576E-21
  9.58984E-01  5.01616E-21
  9.62891E-01  4.95903E-21
  9.66797E-01  4.90182E-21
  9.70703E-01  4.84724E-21
  9.74609E-01  4.79260E-21
  9.78516E-01  4.74098E-21
  9.82422E-01  4.68935E-21
  9.86328E-01  4.64196E-21
  9.90234E-01  4.59478E-21
  9.94141E-01  4.55777E-21
  9.98047E-01  4.53984E-21
  1.00195E+00  4.53984E-21
