 -1.95312E-03  9.53982E+00
  1.95312E-03  9.54016E+00
  5.85938E-03  9.53541E+00
  9.76562E-03  9.53074E+00
  1.36719E-02  9.52553E+00
  1.75781E-02  9.51970E+00
  2.14844E-02  9.51324E+00
  2.53906E-02  9.50613E+00
  2.92969E-02  9.49838E+00
  3.32031E-02  9.48998E+00
  3.71094E-02  9.48095E+00
  4.10156E-02  9.47127E+00
  4.49219E-02  9.46095E+00
  4.88281E-02  9.44998E+00
  5.27344E-02  9.43838E+00
  5.66406E-02  9.42614E+00
  6.05469E-02  9.41327E+00
  6.44531E-02  9.39976E+00
  6.83594E-02  9.38561E+00
  7.22656E-02  9.37082E+00
  7.61719E-02  9.35539E+00
  8.00781E-02  9.33932E+00
  8.39844E-02  9.32261E+00
  8.78906E-02  9.30526E+00
  9.17969E-02  9.28727E+00
  9.57031E-02  9.26863E+00
  9.96094E-02  9.24935E+00
  1.03516E-01  9.22943E+00
  1.07422E-01  9.20885E+00
  1.11328E-01  9.18762E+00
  1.15234E-01  9.16573E+00
  1.19141E-01  9.14318E+00
  1.23047E-01  9.11997E+00
  1.26953E-01  9.09609E+00
  1.30859E-01  9.07153E+00
  1.34766E-01  9.04631E+00
  1.38672E-01  9.02040E+00
  1.42578E-01  8.99380E+00
  1.46484E-01  8.96652E+00
  1.50391E-01  8.93853E+00
  1.54297E-01  8.90983E+00
  1.58203E-01  8.88042E+00
  1.62109E-01  8.85029E+00
  1.66016E-01  8.81944E+00
  1.69922E-01  8.78785E+00
  1.73828E-01  8.75551E+00
  1.77734E-01  8.72242E+00
  1.81641E-01  8.68856E+00
  1.85547E-01  8.65393E+00
  1.89453E-01  8.61852E+00
  1.93359E-01  8.58229E+00
  1.97266E-01  8.54526E+00
  2.01172E-01  8.50740E+00
  2.05078E-01  8.46870E+00
  2.08984E-01  8.42915E+00
  2.12891E-01  8.38873E+00
  2.16797E-01  8.34742E+00
  2.20703E-01  8.30520E+00
  2.24609E-01  8.26205E+00
  2.28516E-01  8.21796E+00
  2.32422E-01  8.17290E+00
  2.36328E-01  8.12685E+00
  2.40234E-01  8.07979E+00
  2.44141E-01  8.03168E+00
  2.48047E-01  7.98251E+00
  2.51953E-01  7.93223E+00
  2.55859E-01  7.88083E+00
  2.59766E-01  7.82826E+00
  2.63672E-01  7.77449E+00
  2.67578E-01  7.71949E+00
  2.71484E-01  7.66321E+00
  2.75391E-01  7.60560E+00
  2.79297E-01  7.54662E+00
  2.83203E-01  7.48622E+00
  2.87109E-01  7.42433E+00
  2.91016E-01  7.36090E+00
  2.94922E-01  7.29587E+00
  2.98828E-01  7.22915E+00
  3.02734E-01  7.16068E+00
  3.06641E-01  7.09036E+00
  3.10547E-01  7.01811E+00
  3.14453E-01  6.94382E+00
  3.18359E-01  6.86737E+00
  3.22266E-01  6.78865E+00
  3.26172E-01  6.70750E+00
  3.30078E-01  6.62378E+00
  3.33984E-01  6.53731E+00
  3.37891E-01  6.44789E+00
  3.41797E-01  6.35528E+00
  3.45703E-01  6.25913E+00
  3.49609E-01  6.15557E+00
  3.53516E-01  5.94363E+00
  3.57422E-01  5.48161E-19
  3.61328E-01  5.34845E-19
  3.65234E-01  5.17551E-19
  3.69141E-01  5.01694E-19
  3.73047E-01  4.85811E-19
  3.76953E-01  4.71227E-19
  3.80859E-01  4.56619E-19
  3.84766E-01  4.43176E-19
  3.88672E-01  4.29715E-19
  3.92578E-01  4.17315E-19
  3.96484E-01  4.04898E-19
  4.00391E-01  3.93439E-19
  4.04297E-01  3.81965E-19
  4.08203E-01  3.71359E-19
  4.12109E-01  3.60740E-19
  4.16016E-01  3.50909E-19
  4.19922E-01  3.41064E-19
  4.23828E-01  3.31935E-19
  4.27734E-01  3.22795E-19
  4.31641E-01  3.14304E-19
  4.35547E-01  3.05801E-19
  4.39453E-01  2.97891E-19
  4.43359E-01  2.89972E-19
  4.47266E-01  2.82598E-19
  4.51172E-01  2.75215E-19
  4.55078E-01  2.68330E-19
  4.58984E-01  2.61438E-19
  4.62891E-01  2.55008E-19
  4.66797E-01  2.48569E-19
  4.70703E-01  2.42557E-19
  4.74609E-01  2.36538E-19
  4.78516E-01  2.30907E-19
  4.82422E-01  2.25272E-19
  4.86328E-01  2.19993E-19
  4.90234E-01  2.14709E-19
  4.94141E-01  2.09758E-19
  4.98047E-01  2.04803E-19
  5.01953E-01  2.00153E-19
  5.05859E-01  1.95499E-19
  5.09766E-01  1.91129E-19
  5.13672E-01  1.86754E-19
  5.17578E-01  1.82640E-19
  5.21484E-01  1.78523E-19
  5.25391E-01  1.74648E-19
  5.29297E-01  1.70770E-19
  5.33203E-01  1.67115E-19
  5.37109E-01  1.63457E-19
  5.41016E-01  1.60007E-19
  5.44922E-01  1.56554E-19
  5.48828E-01  1.53296E-19
  5.52734E-01  1.50035E-19
  5.56641E-01  1.46956E-19
  5.60547E-01  1.43875E-19
  5.64453E-01  1.40964E-19
  5.68359E-01  1.38050E-19
  5.72266E-01  1.35295E-19
  5.76172E-01  1.32538E-19
  5.80078E-01  1.29928E-19
  5.83984E-01  1.27317E-19
  5.87891E-01  1.24844E-19
  5.91797E-01  1.22369E-19
  5.95703E-01  1.20025E-19
  5.99609E-01  1.17678E-19
  6.03516E-01  1.15450E-19
  6.07422E-01  1.13219E-19
  6.11328E-01  1.11098E-19
  6.15234E-01  1.08977E-19
  6.19141E-01  1.06960E-19
  6.23047E-01  1.04944E-19
  6.26953E-01  1.03028E-19
  6.30859E-01  1.01111E-19
  6.34766E-01  9.92895E-20
  6.38672E-01  9.74660E-20
  6.42578E-01  9.57297E-20
  6.46484E-01  9.39925E-20
  6.50391E-01  9.23376E-20
  6.54297E-01  9.06820E-20
  6.58203E-01  8.91047E-20
  6.62109E-01  8.75269E-20
  6.66016E-01  8.60235E-20
  6.69922E-01  8.45191E-20
  6.73828E-01  8.30850E-20
  6.77734E-01  8.16498E-20
  6.81641E-01  8.02791E-20
  6.85547E-01  7.89079E-20
  6.89453E-01  7.75973E-20
  6.93359E-01  7.62862E-20
  6.97266E-01  7.50330E-20
  7.01172E-01  7.37794E-20
  7.05078E-01  7.25808E-20
  7.08984E-01  7.13814E-20
  7.12891E-01  7.02348E-20
  7.16797E-01  6.90876E-20
  7.20703E-01  6.79904E-20
  7.24609E-01  6.68927E-20
  7.28516E-01  6.58424E-20
  7.32422E-01  6.47913E-20
  7.36328E-01  6.37849E-20
  7.40234E-01  6.27779E-20
  7.44141E-01  6.18128E-20
  7.48047E-01  6.08473E-20
  7.51953E-01  5.99212E-20
  7.55859E-01  5.89948E-20
  7.59766E-01  5.81059E-20
  7.63672E-01  5.72170E-20
  7.67578E-01  5.63639E-20
  7.71484E-01  5.55102E-20
  7.75391E-01  5.46912E-20
  7.79297E-01  5.38716E-20
  7.83203E-01  5.30844E-20
  7.87109E-01  5.22968E-20
  7.91016E-01  5.15404E-20
  7.94922E-01  5.07836E-20
  7.98828E-01  5.00565E-20
  8.02734E-01  4.93290E-20
  8.06641E-01  4.86299E-20
  8.10547E-01  4.79305E-20
  8.14453E-01  4.72580E-20
  8.18359E-01  4.65850E-20
  8.22266E-01  4.59378E-20
  8.26172E-01  4.52902E-20
  8.30078E-01  4.46671E-20
  8.33984E-01  4.40436E-20
  8.37891E-01  4.34435E-20
  8.41797E-01  4.28431E-20
  8.45703E-01  4.22650E-20
  8.49609E-01  4.16866E-20
  8.53516E-01  4.11296E-20
  8.57422E-01  4.05723E-20
  8.61328E-01  4.00354E-20
  8.65234E-01  3.94983E-20
  8.69141E-01  3.89808E-20
  8.73047E-01  3.84629E-20
  8.76953E-01  3.79639E-20
  8.80859E-01  3.74646E-20
  8.84766E-01  3.69832E-20
  8.88672E-01  3.65017E-20
  8.92578E-01  3.60374E-20
  8.96484E-01  3.55728E-20
  9.00391E-01  3.51248E-20
  9.04297E-01  3.46766E-20
  9.08203E-01  3.42442E-20
  9.12109E-01  3.38117E-20
  9.16016E-01  3.33946E-20
  9.19922E-01  3.29772E-20
  9.23828E-01  3.25747E-20
  9.27734E-01  3.21720E-20
  9.31641E-01  3.17838E-20
  9.35547E-01  3.13953E-20
  9.39453E-01  3.10211E-20
  9.43359E-01  3.06465E-20
  9.47266E-01  3.02859E-20
  9.51172E-01  2.99249E-20
  9.55078E-01  2.95780E-20
  9.58984E-01  2.92307E-20
  9.62891E-01  2.88977E-20
  9.66797E-01  2.85644E-20
  9.70703E-01  2.82464E-20
  9.74609E-01  2.79279E-20
  9.78516E-01  2.76273E-20
  9.82422E-01  2.73263E-20
  9.86328E-01  2.70502E-20
  9.90234E-01  2.67753E-20
  9.94141E-01  2.65597E-20
  9.98047E-01  2.64551E-20
  1.00195E+00  2.64551E-20
