 -1.95312E-03  9.53973E+00
  1.95312E-03  9.54006E+00
  5.85938E-03  9.53532E+00
  9.76562E-03  9.53064E+00
  1.36719E-02  9.52543E+00
  1.75781E-02  9.51961E+00
  2.14844E-02  9.51314E+00
  2.53906E-02  9.50604E+00
  2.92969E-02  9.49829E+00
  3.32031E-02  9.48989E+00
  3.71094E-02  9.48086E+00
  4.10156E-02  9.47118E+00
  4.49219E-02  9.46086E+00
  4.88281E-02  9.44990E+00
  5.27344E-02  9.43829E+00
  5.66406E-02  9.42606E+00
  6.05469E-02  9.41318E+00
  6.44531E-02  9.39967E+00
  6.83594E-02  9.38552E+00
  7.22656E-02  9.37073E+00
  7.61719E-02  9.35530E+00
  8.00781E-02  9.33923E+00
  8.39844E-02  9.32252E+00
  8.78906E-02  9.30518E+00
  9.17969E-02  9.28719E+00
  9.57031E-02  9.26856E+00
  9.96094E-02  9.24928E+00
  1.03516E-01  9.22935E+00
  1.07422E-01  9.20878E+00
  1.11328E-01  9.18755E+00
  1.15234E-01  9.16566E+00
  1.19141E-01  9.14311E+00
  1.23047E-01  9.11990E+00
  1.26953E-01  9.09602E+00
  1.30859E-01  9.07148E+00
  1.34766E-01  9.04625E+00
  1.38672E-01  9.02034E+00
  1.42578E-01  8.99375E+00
  1.46484E-01  8.96646E+00
  1.50391E-01  8.93847E+00
  1.54297E-01  8.90978E+00
  1.58203E-01  8.88037E+00
  1.62109E-01  8.85025E+00
  1.66016E-01  8.81940E+00
  1.69922E-01  8.78780E+00
  1.73828E-01  8.75547E+00
  1.77734E-01  8.72238E+00
  1.81641E-01  8.68853E+00
  1.85547E-01  8.65390E+00
  1.89453E-01  8.61848E+00
  1.93359E-01  8.58226E+00
  1.97266E-01  8.54523E+00
  2.01172E-01  8.50738E+00
  2.05078E-01  8.46868E+00
  2.08984E-01  8.42913E+00
  2.12891E-01  8.38871E+00
  2.16797E-01  8.34740E+00
  2.20703E-01  8.30518E+00
  2.24609E-01  8.26203E+00
  2.28516E-01  8.21794E+00
  2.32422E-01  8.17289E+00
  2.36328E-01  8.12684E+00
  2.40234E-01  8.07978E+00
  2.44141E-01  8.03168E+00
  2.48047E-01  7.98251E+00
  2.51953E-01  7.93224E+00
  2.55859E-01  7.88084E+00
  2.59766E-01  7.82827E+00
  2.63672E-01  7.77450E+00
  2.67578E-01  7.71950E+00
  2.71484E-01  7.66322E+00
  2.75391E-01  7.60562E+00
  2.79297E-01  7.54664E+00
  2.83203E-01  7.48624E+00
  2.87109E-01  7.42435E+00
  2.91016E-01  7.36093E+00
  2.94922E-01  7.29589E+00
  2.98828E-01  7.22918E+00
  3.02734E-01  7.16071E+00
  3.06641E-01  7.09040E+00
  3.10547E-01  7.01815E+00
  3.14453E-01  6.94386E+00
  3.18359E-01  6.86742E+00
  3.22266E-01  6.78870E+00
  3.26172E-01  6.70756E+00
  3.30078E-01  6.62384E+00
  3.33984E-01  6.53737E+00
  3.37891E-01  6.44796E+00
  3.41797E-01  6.35536E+00
  3.45703E-01  6.25920E+00
  3.49609E-01  6.15564E+00
  3.53516E-01  5.94371E+00
  3.57422E-01  1.45521E-16
  3.61328E-01  1.41987E-16
  3.65234E-01  1.37397E-16
  3.69141E-01  1.33188E-16
  3.73047E-01  1.28973E-16
  3.76953E-01  1.25101E-16
  3.80859E-01  1.21224E-16
  3.84766E-01  1.17656E-16
  3.88672E-01  1.14082E-16
  3.92578E-01  1.10788E-16
  3.96484E-01  1.07491E-16
  4.00391E-01  1.04448E-16
  4.04297E-01  1.01401E-16
  4.08203E-01  9.85842E-17
  4.12109E-01  9.57640E-17
  4.16016E-01  9.31538E-17
  4.19922E-01  9.05401E-17
  4.23828E-01  8.81167E-17
  4.27734E-01  8.56902E-17
  4.31641E-01  8.34373E-17
  4.35547E-01  8.11815E-17
  4.39453E-01  7.90828E-17
  4.43359E-01  7.69817E-17
  4.47266E-01  7.50248E-17
  4.51172E-01  7.30656E-17
  4.55078E-01  7.12383E-17
  4.58984E-01  6.94092E-17
  4.62891E-01  6.77012E-17
  4.66797E-01  6.59920E-17
  4.70703E-01  6.43949E-17
  4.74609E-01  6.27965E-17
  4.78516E-01  6.13019E-17
  4.82422E-01  5.98056E-17
  4.86328E-01  5.84040E-17
  4.90234E-01  5.70013E-17
  4.94141E-01  5.56861E-17
  4.98047E-01  5.43701E-17
  5.01953E-01  5.31357E-17
  5.05859E-01  5.18999E-17
  5.09766E-01  5.07393E-17
  5.13672E-01  4.95777E-17
  5.17578E-01  4.84856E-17
  5.21484E-01  4.73927E-17
  5.25391E-01  4.63639E-17
  5.29297E-01  4.53344E-17
  5.33203E-01  4.43646E-17
  5.37109E-01  4.33940E-17
  5.41016E-01  4.24785E-17
  5.44922E-01  4.15623E-17
  5.48828E-01  4.06971E-17
  5.52734E-01  3.98315E-17
  5.56641E-01  3.90139E-17
  5.60547E-01  3.81958E-17
  5.64453E-01  3.74227E-17
  5.68359E-01  3.66490E-17
  5.72266E-01  3.59173E-17
  5.76172E-01  3.51851E-17
  5.80078E-01  3.44920E-17
  5.83984E-01  3.37986E-17
  5.87891E-01  3.31418E-17
  5.91797E-01  3.24846E-17
  5.95703E-01  3.18619E-17
  5.99609E-01  3.12388E-17
  6.03516E-01  3.06480E-17
  6.07422E-01  3.00566E-17
  6.11328E-01  2.94947E-17
  6.15234E-01  2.89322E-17
  6.19141E-01  2.83968E-17
  6.23047E-01  2.78615E-17
  6.26953E-01  2.73524E-17
  6.30859E-01  2.68432E-17
  6.34766E-01  2.63592E-17
  6.38672E-01  2.58749E-17
  6.42578E-01  2.54143E-17
  6.46484E-01  2.49533E-17
  6.50391E-01  2.45140E-17
  6.54297E-01  2.40745E-17
  6.58203E-01  2.36556E-17
  6.62109E-01  2.32366E-17
  6.66016E-01  2.28372E-17
  6.69922E-01  2.24375E-17
  6.73828E-01  2.20566E-17
  6.77734E-01  2.16754E-17
  6.81641E-01  2.13118E-17
  6.85547E-01  2.09479E-17
  6.89453E-01  2.06003E-17
  6.93359E-01  2.02524E-17
  6.97266E-01  1.99198E-17
  7.01172E-01  1.95870E-17
  7.05078E-01  1.92689E-17
  7.08984E-01  1.89505E-17
  7.12891E-01  1.86460E-17
  7.16797E-01  1.83414E-17
  7.20703E-01  1.80500E-17
  7.24609E-01  1.77584E-17
  7.28516E-01  1.74794E-17
  7.32422E-01  1.72003E-17
  7.36328E-01  1.69331E-17
  7.40234E-01  1.66657E-17
  7.44141E-01  1.64095E-17
  7.48047E-01  1.61532E-17
  7.51953E-01  1.59075E-17
  7.55859E-01  1.56616E-17
  7.59766E-01  1.54258E-17
  7.63672E-01  1.51898E-17
  7.67578E-01  1.49633E-17
  7.71484E-01  1.47367E-17
  7.75391E-01  1.45192E-17
  7.79297E-01  1.43016E-17
  7.83203E-01  1.40928E-17
  7.87109E-01  1.38837E-17
  7.91016E-01  1.36829E-17
  7.94922E-01  1.34820E-17
  7.98828E-01  1.32889E-17
  8.02734E-01  1.30958E-17
  8.06641E-01  1.29102E-17
  8.10547E-01  1.27244E-17
  8.14453E-01  1.25459E-17
  8.18359E-01  1.23672E-17
  8.22266E-01  1.21954E-17
  8.26172E-01  1.20235E-17
  8.30078E-01  1.18581E-17
  8.33984E-01  1.16925E-17
  8.37891E-01  1.15333E-17
  8.41797E-01  1.13739E-17
  8.45703E-01  1.12204E-17
  8.49609E-01  1.10669E-17
  8.53516E-01  1.09190E-17
  8.57422E-01  1.07710E-17
  8.61328E-01  1.06285E-17
  8.65234E-01  1.04859E-17
  8.69141E-01  1.03485E-17
  8.73047E-01  1.02110E-17
  8.76953E-01  1.00785E-17
  8.80859E-01  9.94595E-18
  8.84766E-01  9.81819E-18
  8.88672E-01  9.69034E-18
  8.92578E-01  9.56705E-18
  8.96484E-01  9.44374E-18
  9.00391E-01  9.32479E-18
  9.04297E-01  9.20581E-18
  9.08203E-01  9.09103E-18
  9.12109E-01  8.97623E-18
  9.16016E-01  8.86548E-18
  9.19922E-01  8.75467E-18
  9.23828E-01  8.64785E-18
  9.27734E-01  8.54093E-18
  9.31641E-01  8.43786E-18
  9.35547E-01  8.33472E-18
  9.39453E-01  8.23537E-18
  9.43359E-01  8.13592E-18
  9.47266E-01  8.04019E-18
  9.51172E-01  7.94438E-18
  9.55078E-01  7.85227E-18
  9.58984E-01  7.76008E-18
  9.62891E-01  7.67166E-18
  9.66797E-01  7.58317E-18
  9.70703E-01  7.49874E-18
  9.74609E-01  7.41423E-18
  9.78516E-01  7.33439E-18
  9.82422E-01  7.25448E-18
  9.86328E-01  7.18120E-18
  9.90234E-01  7.10817E-18
  9.94141E-01  7.05096E-18
  9.98047E-01  7.02319E-18
  1.00195E+00  7.02319E-18
