 -1.95312E-03  9.54001E+00
  1.95312E-03  9.54035E+00
  5.85938E-03  9.53561E+00
  9.76562E-03  9.53093E+00
  1.36719E-02  9.52572E+00
  1.75781E-02  9.51989E+00
  2.14844E-02  9.51343E+00
  2.53906E-02  9.50632E+00
  2.92969E-02  9.49857E+00
  3.32031E-02  9.49017E+00
  3.71094E-02  9.48114E+00
  4.10156E-02  9.47146E+00
  4.49219E-02  9.46113E+00
  4.88281E-02  9.45017E+00
  5.27344E-02  9.43856E+00
  5.66406E-02  9.42632E+00
  6.05469E-02  9.41345E+00
  6.44531E-02  9.39993E+00
  6.83594E-02  9.38578E+00
  7.22656E-02  9.37099E+00
  7.61719E-02  9.35556E+00
  8.00781E-02  9.33949E+00
  8.39844E-02  9.32278E+00
  8.78906E-02  9.30542E+00
  9.17969E-02  9.28743E+00
  9.57031E-02  9.26879E+00
  9.96094E-02  9.24951E+00
  1.03516E-01  9.22958E+00
  1.07422E-01  9.20900E+00
  1.11328E-01  9.18777E+00
  1.15234E-01  9.16587E+00
  1.19141E-01  9.14332E+00
  1.23047E-01  9.12010E+00
  1.26953E-01  9.09622E+00
  1.30859E-01  9.07166E+00
  1.34766E-01  9.04643E+00
  1.38672E-01  9.02052E+00
  1.42578E-01  8.99392E+00
  1.46484E-01  8.96663E+00
  1.50391E-01  8.93863E+00
  1.54297E-01  8.90993E+00
  1.58203E-01  8.88052E+00
  1.62109E-01  8.85039E+00
  1.66016E-01  8.81953E+00
  1.69922E-01  8.78794E+00
  1.73828E-01  8.75560E+00
  1.77734E-01  8.72250E+00
  1.81641E-01  8.68864E+00
  1.85547E-01  8.65400E+00
  1.89453E-01  8.61857E+00
  1.93359E-01  8.58234E+00
  1.97266E-01  8.54530E+00
  2.01172E-01  8.50744E+00
  2.05078E-01  8.46873E+00
  2.08984E-01  8.42917E+00
  2.12891E-01  8.38875E+00
  2.16797E-01  8.34743E+00
  2.20703E-01  8.30521E+00
  2.24609E-01  8.26206E+00
  2.28516E-01  8.21796E+00
  2.32422E-01  8.17290E+00
  2.36328E-01  8.12685E+00
  2.40234E-01  8.07978E+00
  2.44141E-01  8.03168E+00
  2.48047E-01  7.98250E+00
  2.51953E-01  7.93222E+00
  2.55859E-01  7.88081E+00
  2.59766E-01  7.82824E+00
  2.63672E-01  7.77447E+00
  2.67578E-01  7.71946E+00
  2.71484E-01  7.66317E+00
  2.75391E-01  7.60556E+00
  2.79297E-01  7.54658E+00
  2.83203E-01  7.48616E+00
  2.87109E-01  7.42427E+00
  2.91016E-01  7.36084E+00
  2.94922E-01  7.29580E+00
  2.98828E-01  7.22908E+00
  3.02734E-01  7.16059E+00
  3.06641E-01  7.09027E+00
  3.10547E-01  7.01802E+00
  3.14453E-01  6.94372E+00
  3.18359E-01  6.86727E+00
  3.22266E-01  6.78854E+00
  3.26172E-01  6.70739E+00
  3.30078E-01  6.62367E+00
  3.33984E-01  6.53719E+00
  3.37891E-01  6.44777E+00
  3.41797E-01  6.35517E+00
  3.45703E-01  6.25900E+00
  3.49609E-01  6.15543E+00
  3.53516E-01  5.94348E+00
  3.57422E-01  2.29176E-25
  3.61328E-01  2.23608E-25
  3.65234E-01  2.16376E-25
  3.69141E-01  2.09750E-25
  3.73047E-01  2.03113E-25
  3.76953E-01  1.97020E-25
  3.80859E-01  1.90918E-25
  3.84766E-01  1.85305E-25
  3.88672E-01  1.79683E-25
  3.92578E-01  1.74501E-25
  3.96484E-01  1.69312E-25
  4.00391E-01  1.64521E-25
  4.04297E-01  1.59722E-25
  4.08203E-01  1.55283E-25
  4.12109E-01  1.50839E-25
  4.16016E-01  1.46722E-25
  4.19922E-01  1.42600E-25
  4.23828E-01  1.38777E-25
  4.27734E-01  1.34950E-25
  4.31641E-01  1.31397E-25
  4.35547E-01  1.27840E-25
  4.39453E-01  1.24533E-25
  4.43359E-01  1.21221E-25
  4.47266E-01  1.18139E-25
  4.51172E-01  1.15052E-25
  4.55078E-01  1.12177E-25
  4.58984E-01  1.09298E-25
  4.62891E-01  1.06611E-25
  4.66797E-01  1.03921E-25
  4.70703E-01  1.01409E-25
  4.74609E-01  9.88937E-26
  4.78516E-01  9.65417E-26
  4.82422E-01  9.41869E-26
  4.86328E-01  9.19819E-26
  4.90234E-01  8.97747E-26
  4.94141E-01  8.77053E-26
  4.98047E-01  8.56337E-26
  5.01953E-01  8.36887E-26
  5.05859E-01  8.17421E-26
  5.09766E-01  7.99134E-26
  5.13672E-01  7.80831E-26
  5.17578E-01  7.63620E-26
  5.21484E-01  7.46393E-26
  5.25391E-01  7.30177E-26
  5.29297E-01  7.13953E-26
  5.33203E-01  6.98670E-26
  5.37109E-01  6.83379E-26
  5.41016E-01  6.68970E-26
  5.44922E-01  6.54548E-26
  5.48828E-01  6.40947E-26
  5.52734E-01  6.27332E-26
  5.56641E-01  6.14471E-26
  5.60547E-01  6.01602E-26
  5.64453E-01  5.89435E-26
  5.68359E-01  5.77260E-26
  5.72266E-01  5.65738E-26
  5.76172E-01  5.54204E-26
  5.80078E-01  5.43280E-26
  5.83984E-01  5.32347E-26
  5.87891E-01  5.21984E-26
  5.91797E-01  5.11614E-26
  5.95703E-01  5.01786E-26
  5.99609E-01  4.91954E-26
  6.03516E-01  4.82634E-26
  6.07422E-01  4.73306E-26
  6.11328E-01  4.64453E-26
  6.15234E-01  4.55593E-26
  6.19141E-01  4.47174E-26
  6.23047E-01  4.38748E-26
  6.26953E-01  4.30740E-26
  6.30859E-01  4.22727E-26
  6.34766E-01  4.15108E-26
  6.38672E-01  4.07484E-26
  6.42578E-01  4.00234E-26
  6.46484E-01  3.92979E-26
  6.50391E-01  3.86073E-26
  6.54297E-01  3.79160E-26
  6.58203E-01  3.72569E-26
  6.62109E-01  3.65974E-26
  6.66016E-01  3.59680E-26
  6.69922E-01  3.53386E-26
  6.73828E-01  3.47377E-26
  6.77734E-01  3.41368E-26
  6.81641E-01  3.35632E-26
  6.85547E-01  3.29892E-26
  6.89453E-01  3.24414E-26
  6.93359E-01  3.18933E-26
  6.97266E-01  3.13700E-26
  7.01172E-01  3.08464E-26
  7.05078E-01  3.03461E-26
  7.08984E-01  2.98455E-26
  7.12891E-01  2.93667E-26
  7.16797E-01  2.88877E-26
  7.20703E-01  2.84290E-26
  7.24609E-01  2.79702E-26
  7.28516E-01  2.75305E-26
  7.32422E-01  2.70909E-26
  7.36328E-01  2.66695E-26
  7.40234E-01  2.62482E-26
  7.44141E-01  2.58444E-26
  7.48047E-01  2.54403E-26
  7.51953E-01  2.50529E-26
  7.55859E-01  2.46653E-26
  7.59766E-01  2.42936E-26
  7.63672E-01  2.39217E-26
  7.67578E-01  2.35650E-26
  7.71484E-01  2.32081E-26
  7.75391E-01  2.28656E-26
  7.79297E-01  2.25229E-26
  7.83203E-01  2.21940E-26
  7.87109E-01  2.18649E-26
  7.91016E-01  2.15488E-26
  7.94922E-01  2.12325E-26
  7.98828E-01  2.09286E-26
  8.02734E-01  2.06245E-26
  8.06641E-01  2.03322E-26
  8.10547E-01  2.00397E-26
  8.14453E-01  1.97584E-26
  8.18359E-01  1.94771E-26
  8.22266E-01  1.92064E-26
  8.26172E-01  1.89356E-26
  8.30078E-01  1.86751E-26
  8.33984E-01  1.84144E-26
  8.37891E-01  1.81635E-26
  8.41797E-01  1.79125E-26
  8.45703E-01  1.76709E-26
  8.49609E-01  1.74291E-26
  8.53516E-01  1.71962E-26
  8.57422E-01  1.69633E-26
  8.61328E-01  1.67389E-26
  8.65234E-01  1.65143E-26
  8.69141E-01  1.62980E-26
  8.73047E-01  1.60815E-26
  8.76953E-01  1.58728E-26
  8.80859E-01  1.56640E-26
  8.84766E-01  1.54628E-26
  8.88672E-01  1.52614E-26
  8.92578E-01  1.50673E-26
  8.96484E-01  1.48730E-26
  9.00391E-01  1.46857E-26
  9.04297E-01  1.44982E-26
  9.08203E-01  1.43175E-26
  9.12109E-01  1.41366E-26
  9.16016E-01  1.39622E-26
  9.19922E-01  1.37877E-26
  9.23828E-01  1.36194E-26
  9.27734E-01  1.34510E-26
  9.31641E-01  1.32888E-26
  9.35547E-01  1.31263E-26
  9.39453E-01  1.29698E-26
  9.43359E-01  1.28133E-26
  9.47266E-01  1.26625E-26
  9.51172E-01  1.25116E-26
  9.55078E-01  1.23666E-26
  9.58984E-01  1.22214E-26
  9.62891E-01  1.20821E-26
  9.66797E-01  1.19428E-26
  9.70703E-01  1.18098E-26
  9.74609E-01  1.16766E-26
  9.78516E-01  1.15509E-26
  9.82422E-01  1.14251E-26
  9.86328E-01  1.13096E-26
  9.90234E-01  1.11947E-26
  9.94141E-01  1.11045E-26
  9.98047E-01  1.10608E-26
  1.00195E+00  1.10608E-26
