 -1.95312E-03  9.53963E+00
  1.95312E-03  9.53996E+00
  5.85938E-03  9.53522E+00
  9.76562E-03  9.53054E+00
  1.36719E-02  9.52533E+00
  1.75781E-02  9.51951E+00
  2.14844E-02  9.51305E+00
  2.53906E-02  9.50594E+00
  2.92969E-02  9.49819E+00
  3.32031E-02  9.48980E+00
  3.71094E-02  9.48076E+00
  4.10156E-02  9.47108E+00
  4.49219E-02  9.46076E+00
  4.88281E-02  9.44980E+00
  5.27344E-02  9.43820E+00
  5.66406E-02  9.42596E+00
  6.05469E-02  9.41309E+00
  6.44531E-02  9.39958E+00
  6.83594E-02  9.38543E+00
  7.22656E-02  9.37064E+00
  7.61719E-02  9.35521E+00
  8.00781E-02  9.33915E+00
  8.39844E-02  9.32244E+00
  8.78906E-02  9.30510E+00
  9.17969E-02  9.28711E+00
  9.57031E-02  9.26848E+00
  9.96094E-02  9.24920E+00
  1.03516E-01  9.22928E+00
  1.07422E-01  9.20871E+00
  1.11328E-01  9.18747E+00
  1.15234E-01  9.16559E+00
  1.19141E-01  9.14305E+00
  1.23047E-01  9.11984E+00
  1.26953E-01  9.09596E+00
  1.30859E-01  9.07141E+00
  1.34766E-01  9.04619E+00
  1.38672E-01  9.02028E+00
  1.42578E-01  8.99369E+00
  1.46484E-01  8.96641E+00
  1.50391E-01  8.93842E+00
  1.54297E-01  8.90973E+00
  1.58203E-01  8.88032E+00
  1.62109E-01  8.85020E+00
  1.66016E-01  8.81935E+00
  1.69922E-01  8.78776E+00
  1.73828E-01  8.75543E+00
  1.77734E-01  8.72234E+00
  1.81641E-01  8.68849E+00
  1.85547E-01  8.65386E+00
  1.89453E-01  8.61845E+00
  1.93359E-01  8.58223E+00
  1.97266E-01  8.54520E+00
  2.01172E-01  8.50735E+00
  2.05078E-01  8.46866E+00
  2.08984E-01  8.42911E+00
  2.12891E-01  8.38869E+00
  2.16797E-01  8.34738E+00
  2.20703E-01  8.30517E+00
  2.24609E-01  8.26202E+00
  2.28516E-01  8.21793E+00
  2.32422E-01  8.17288E+00
  2.36328E-01  8.12684E+00
  2.40234E-01  8.07978E+00
  2.44141E-01  8.03168E+00
  2.48047E-01  7.98251E+00
  2.51953E-01  7.93224E+00
  2.55859E-01  7.88084E+00
  2.59766E-01  7.82828E+00
  2.63672E-01  7.77452E+00
  2.67578E-01  7.71952E+00
  2.71484E-01  7.66324E+00
  2.75391E-01  7.60564E+00
  2.79297E-01  7.54666E+00
  2.83203E-01  7.48626E+00
  2.87109E-01  7.42438E+00
  2.91016E-01  7.36096E+00
  2.94922E-01  7.29592E+00
  2.98828E-01  7.22921E+00
  3.02734E-01  7.16074E+00
  3.06641E-01  7.09044E+00
  3.10547E-01  7.01819E+00
  3.14453E-01  6.94391E+00
  3.18359E-01  6.86746E+00
  3.22266E-01  6.78874E+00
  3.26172E-01  6.70760E+00
  3.30078E-01  6.62388E+00
  3.33984E-01  6.53742E+00
  3.37891E-01  6.44800E+00
  3.41797E-01  6.35540E+00
  3.45703E-01  6.25925E+00
  3.49609E-01  6.15568E+00
  3.53516E-01  5.94375E+00
  3.57422E-01  6.63085E-15
  3.61328E-01  6.46979E-15
  3.65234E-01  6.26064E-15
  3.69141E-01  6.06882E-15
  3.73047E-01  5.87670E-15
  3.76953E-01  5.70019E-15
  3.80859E-01  5.52342E-15
  3.84766E-01  5.36079E-15
  3.88672E-01  5.19792E-15
  3.92578E-01  5.04784E-15
  3.96484E-01  4.89756E-15
  4.00391E-01  4.75888E-15
  4.04297E-01  4.61999E-15
  4.08203E-01  4.49159E-15
  4.12109E-01  4.36302E-15
  4.16016E-01  4.24402E-15
  4.19922E-01  4.12486E-15
  4.23828E-01  4.01435E-15
  4.27734E-01  3.90369E-15
  4.31641E-01  3.80099E-15
  4.35547E-01  3.69816E-15
  4.39453E-01  3.60258E-15
  4.43359E-01  3.50686E-15
  4.47266E-01  3.41774E-15
  4.51172E-01  3.32854E-15
  4.55078E-01  3.24537E-15
  4.58984E-01  3.16210E-15
  4.62891E-01  3.08437E-15
  4.66797E-01  3.00655E-15
  4.70703E-01  2.93383E-15
  4.74609E-01  2.86104E-15
  4.78516E-01  2.79293E-15
  4.82422E-01  2.72476E-15
  4.86328E-01  2.66093E-15
  4.90234E-01  2.59705E-15
  4.94141E-01  2.53718E-15
  4.98047E-01  2.47726E-15
  5.01953E-01  2.42104E-15
  5.05859E-01  2.36476E-15
  5.09766E-01  2.31192E-15
  5.13672E-01  2.25901E-15
  5.17578E-01  2.20930E-15
  5.21484E-01  2.15953E-15
  5.25391E-01  2.11267E-15
  5.29297E-01  2.06576E-15
  5.33203E-01  2.02152E-15
  5.37109E-01  1.97725E-15
  5.41016E-01  1.93550E-15
  5.44922E-01  1.89371E-15
  5.48828E-01  1.85427E-15
  5.52734E-01  1.81481E-15
  5.56641E-01  1.77755E-15
  5.60547E-01  1.74025E-15
  5.64453E-01  1.70503E-15
  5.68359E-01  1.66978E-15
  5.72266E-01  1.63644E-15
  5.76172E-01  1.60307E-15
  5.80078E-01  1.57148E-15
  5.83984E-01  1.53987E-15
  5.87891E-01  1.50993E-15
  5.91797E-01  1.47997E-15
  5.95703E-01  1.45158E-15
  5.99609E-01  1.42316E-15
  6.03516E-01  1.39621E-15
  6.07422E-01  1.36923E-15
  6.11328E-01  1.34364E-15
  6.15234E-01  1.31803E-15
  6.19141E-01  1.29370E-15
  6.23047E-01  1.26935E-15
  6.26953E-01  1.24618E-15
  6.30859E-01  1.22300E-15
  6.34766E-01  1.20094E-15
  6.38672E-01  1.17888E-15
  6.42578E-01  1.15786E-15
  6.46484E-01  1.13685E-15
  6.50391E-01  1.11683E-15
  6.54297E-01  1.09681E-15
  6.58203E-01  1.07774E-15
  6.62109E-01  1.05866E-15
  6.66016E-01  1.04049E-15
  6.69922E-01  1.02231E-15
  6.73828E-01  1.00497E-15
  6.77734E-01  9.87620E-16
  6.81641E-01  9.71049E-16
  6.85547E-01  9.54473E-16
  6.89453E-01  9.38627E-16
  6.93359E-01  9.22769E-16
  6.97266E-01  9.07611E-16
  7.01172E-01  8.92445E-16
  7.05078E-01  8.77949E-16
  7.08984E-01  8.63447E-16
  7.12891E-01  8.49576E-16
  7.16797E-01  8.35697E-16
  7.20703E-01  8.22416E-16
  7.24609E-01  8.09128E-16
  7.28516E-01  7.96407E-16
  7.32422E-01  7.83680E-16
  7.36328E-01  7.71494E-16
  7.40234E-01  7.59301E-16
  7.44141E-01  7.47624E-16
  7.48047E-01  7.35940E-16
  7.51953E-01  7.24742E-16
  7.55859E-01  7.13539E-16
  7.59766E-01  7.02792E-16
  7.63672E-01  6.92041E-16
  7.67578E-01  6.81722E-16
  7.71484E-01  6.71401E-16
  7.75391E-01  6.61492E-16
  7.79297E-01  6.51577E-16
  7.83203E-01  6.42058E-16
  7.87109E-01  6.32534E-16
  7.91016E-01  6.23387E-16
  7.94922E-01  6.14235E-16
  7.98828E-01  6.05443E-16
  8.02734E-01  5.96646E-16
  8.06641E-01  5.88191E-16
  8.10547E-01  5.79733E-16
  8.14453E-01  5.71601E-16
  8.18359E-01  5.63462E-16
  8.22266E-01  5.55636E-16
  8.26172E-01  5.47805E-16
  8.30078E-01  5.40269E-16
  8.33984E-01  5.32730E-16
  8.37891E-01  5.25472E-16
  8.41797E-01  5.18209E-16
  8.45703E-01  5.11219E-16
  8.49609E-01  5.04222E-16
  8.53516E-01  4.97484E-16
  8.57422E-01  4.90743E-16
  8.61328E-01  4.84250E-16
  8.65234E-01  4.77752E-16
  8.69141E-01  4.71492E-16
  8.73047E-01  4.65227E-16
  8.76953E-01  4.59190E-16
  8.80859E-01  4.53149E-16
  8.84766E-01  4.47328E-16
  8.88672E-01  4.41503E-16
  8.92578E-01  4.35886E-16
  8.96484E-01  4.30266E-16
  9.00391E-01  4.24847E-16
  9.04297E-01  4.19425E-16
  9.08203E-01  4.14197E-16
  9.12109E-01  4.08964E-16
  9.16016E-01  4.03919E-16
  9.19922E-01  3.98871E-16
  9.23828E-01  3.94003E-16
  9.27734E-01  3.89132E-16
  9.31641E-01  3.84437E-16
  9.35547E-01  3.79738E-16
  9.39453E-01  3.75211E-16
  9.43359E-01  3.70680E-16
  9.47266E-01  3.66318E-16
  9.51172E-01  3.61953E-16
  9.55078E-01  3.57757E-16
  9.58984E-01  3.53557E-16
  9.62891E-01  3.49529E-16
  9.66797E-01  3.45497E-16
  9.70703E-01  3.41650E-16
  9.74609E-01  3.37799E-16
  9.78516E-01  3.34162E-16
  9.82422E-01  3.30521E-16
  9.86328E-01  3.27181E-16
  9.90234E-01  3.23856E-16
  9.94141E-01  3.21247E-16
  9.98047E-01  3.19983E-16
  1.00195E+00  3.19983E-16
