 -1.95312E-03  9.54002E+00
  1.95312E-03  9.54036E+00
  5.85938E-03  9.53561E+00
  9.76562E-03  9.53094E+00
  1.36719E-02  9.52573E+00
  1.75781E-02  9.51990E+00
  2.14844E-02  9.51344E+00
  2.53906E-02  9.50633E+00
  2.92969E-02  9.49858E+00
  3.32031E-02  9.49018E+00
  3.71094E-02  9.48114E+00
  4.10156E-02  9.47146E+00
  4.49219E-02  9.46114E+00
  4.88281E-02  9.45018E+00
  5.27344E-02  9.43857E+00
  5.66406E-02  9.42633E+00
  6.05469E-02  9.41346E+00
  6.44531E-02  9.39995E+00
  6.83594E-02  9.38579E+00
  7.22656E-02  9.37100E+00
  7.61719E-02  9.35556E+00
  8.00781E-02  9.33949E+00
  8.39844E-02  9.32279E+00
  8.78906E-02  9.30543E+00
  9.17969E-02  9.28744E+00
  9.57031E-02  9.26880E+00
  9.96094E-02  9.24951E+00
  1.03516E-01  9.22958E+00
  1.07422E-01  9.20901E+00
  1.11328E-01  9.18777E+00
  1.15234E-01  9.16588E+00
  1.19141E-01  9.14332E+00
  1.23047E-01  9.12011E+00
  1.26953E-01  9.09622E+00
  1.30859E-01  9.07167E+00
  1.34766E-01  9.04644E+00
  1.38672E-01  9.02052E+00
  1.42578E-01  8.99393E+00
  1.46484E-01  8.96663E+00
  1.50391E-01  8.93864E+00
  1.54297E-01  8.90994E+00
  1.58203E-01  8.88053E+00
  1.62109E-01  8.85040E+00
  1.66016E-01  8.81953E+00
  1.69922E-01  8.78794E+00
  1.73828E-01  8.75560E+00
  1.77734E-01  8.72250E+00
  1.81641E-01  8.68864E+00
  1.85547E-01  8.65400E+00
  1.89453E-01  8.61858E+00
  1.93359E-01  8.58235E+00
  1.97266E-01  8.54531E+00
  2.01172E-01  8.50744E+00
  2.05078E-01  8.46873E+00
  2.08984E-01  8.42917E+00
  2.12891E-01  8.38875E+00
  2.16797E-01  8.34743E+00
  2.20703E-01  8.30520E+00
  2.24609E-01  8.26205E+00
  2.28516E-01  8.21796E+00
  2.32422E-01  8.17290E+00
  2.36328E-01  8.12685E+00
  2.40234E-01  8.07978E+00
  2.44141E-01  8.03168E+00
  2.48047E-01  7.98250E+00
  2.51953E-01  7.93222E+00
  2.55859E-01  7.88081E+00
  2.59766E-01  7.82824E+00
  2.63672E-01  7.77447E+00
  2.67578E-01  7.71946E+00
  2.71484E-01  7.66317E+00
  2.75391E-01  7.60556E+00
  2.79297E-01  7.54657E+00
  2.83203E-01  7.48616E+00
  2.87109E-01  7.42427E+00
  2.91016E-01  7.36083E+00
  2.94922E-01  7.29579E+00
  2.98828E-01  7.22907E+00
  3.02734E-01  7.16059E+00
  3.06641E-01  7.09027E+00
  3.10547E-01  7.01801E+00
  3.14453E-01  6.94371E+00
  3.18359E-01  6.86726E+00
  3.22266E-01  6.78854E+00
  3.26172E-01  6.70739E+00
  3.30078E-01  6.62367E+00
  3.33984E-01  6.53719E+00
  3.37891E-01  6.44777E+00
  3.41797E-01  6.35516E+00
  3.45703E-01  6.25900E+00
  3.49609E-01  6.15543E+00
  3.53516E-01  5.94348E+00
  3.57422E-01  9.49556E-26
  3.61328E-01  9.26488E-26
  3.65234E-01  8.96529E-26
  3.69141E-01  8.69055E-26
  3.73047E-01  8.41536E-26
  3.76953E-01  8.16260E-26
  3.80859E-01  7.90947E-26
  3.84766E-01  7.67658E-26
  3.88672E-01  7.44336E-26
  3.92578E-01  7.22848E-26
  3.96484E-01  7.01332E-26
  4.00391E-01  6.81472E-26
  4.04297E-01  6.61584E-26
  4.08203E-01  6.43199E-26
  4.12109E-01  6.24789E-26
  4.16016E-01  6.07749E-26
  4.19922E-01  5.90685E-26
  4.23828E-01  5.74859E-26
  4.27734E-01  5.59016E-26
  4.31641E-01  5.44309E-26
  4.35547E-01  5.29587E-26
  4.39453E-01  5.15899E-26
  4.43359E-01  5.02191E-26
  4.47266E-01  4.89431E-26
  4.51172E-01  4.76656E-26
  4.55078E-01  4.64743E-26
  4.58984E-01  4.52817E-26
  4.62891E-01  4.41683E-26
  4.66797E-01  4.30539E-26
  4.70703E-01  4.20126E-26
  4.74609E-01  4.09701E-26
  4.78516E-01  3.99948E-26
  4.82422E-01  3.90187E-26
  4.86328E-01  3.81049E-26
  4.90234E-01  3.71903E-26
  4.94141E-01  3.63332E-26
  4.98047E-01  3.54752E-26
  5.01953E-01  3.46702E-26
  5.05859E-01  3.38644E-26
  5.09766E-01  3.31077E-26
  5.13672E-01  3.23502E-26
  5.17578E-01  3.16382E-26
  5.21484E-01  3.09254E-26
  5.25391E-01  3.02540E-26
  5.29297E-01  2.95819E-26
  5.33203E-01  2.89481E-26
  5.37109E-01  2.83141E-26
  5.41016E-01  2.77160E-26
  5.44922E-01  2.71175E-26
  5.48828E-01  2.65529E-26
  5.52734E-01  2.59878E-26
  5.56641E-01  2.54542E-26
  5.60547E-01  2.49204E-26
  5.64453E-01  2.44161E-26
  5.68359E-01  2.39114E-26
  5.72266E-01  2.34339E-26
  5.76172E-01  2.29561E-26
  5.80078E-01  2.25038E-26
  5.83984E-01  2.20511E-26
  5.87891E-01  2.16224E-26
  5.91797E-01  2.11935E-26
  5.95703E-01  2.07868E-26
  5.99609E-01  2.03799E-26
  6.03516E-01  1.99940E-26
  6.07422E-01  1.96078E-26
  6.11328E-01  1.92413E-26
  6.15234E-01  1.88745E-26
  6.19141E-01  1.85260E-26
  6.23047E-01  1.81772E-26
  6.26953E-01  1.78454E-26
  6.30859E-01  1.75134E-26
  6.34766E-01  1.71974E-26
  6.38672E-01  1.68814E-26
  6.42578E-01  1.65805E-26
  6.46484E-01  1.62796E-26
  6.50391E-01  1.59931E-26
  6.54297E-01  1.57064E-26
  6.58203E-01  1.54335E-26
  6.62109E-01  1.51604E-26
  6.66016E-01  1.49002E-26
  6.69922E-01  1.46399E-26
  6.73828E-01  1.43916E-26
  6.77734E-01  1.41431E-26
  6.81641E-01  1.39058E-26
  6.85547E-01  1.36683E-26
  6.89453E-01  1.34412E-26
  6.93359E-01  1.32141E-26
  6.97266E-01  1.29970E-26
  7.01172E-01  1.27799E-26
  7.05078E-01  1.25723E-26
  7.08984E-01  1.23646E-26
  7.12891E-01  1.21659E-26
  7.16797E-01  1.19672E-26
  7.20703E-01  1.17770E-26
  7.24609E-01  1.15867E-26
  7.28516E-01  1.14046E-26
  7.32422E-01  1.12223E-26
  7.36328E-01  1.10479E-26
  7.40234E-01  1.08733E-26
  7.44141E-01  1.07061E-26
  7.48047E-01  1.05388E-26
  7.51953E-01  1.03784E-26
  7.55859E-01  1.02180E-26
  7.59766E-01  1.00641E-26
  7.63672E-01  9.91011E-27
  7.67578E-01  9.76236E-27
  7.71484E-01  9.61451E-27
  7.75391E-01  9.47263E-27
  7.79297E-01  9.33066E-27
  7.83203E-01  9.19435E-27
  7.87109E-01  9.05795E-27
  7.91016E-01  8.92697E-27
  7.94922E-01  8.79592E-27
  7.98828E-01  8.67003E-27
  8.02734E-01  8.54407E-27
  8.06641E-01  8.42299E-27
  8.10547E-01  8.30187E-27
  8.14453E-01  8.18542E-27
  8.18359E-01  8.06888E-27
  8.22266E-01  7.95680E-27
  8.26172E-01  7.84465E-27
  8.30078E-01  7.73674E-27
  8.33984E-01  7.62875E-27
  8.37891E-01  7.52484E-27
  8.41797E-01  7.42083E-27
  8.45703E-01  7.32071E-27
  8.49609E-01  7.22053E-27
  8.53516E-01  7.12406E-27
  8.57422E-01  7.02751E-27
  8.61328E-01  6.93451E-27
  8.65234E-01  6.84144E-27
  8.69141E-01  6.75180E-27
  8.73047E-01  6.66209E-27
  8.76953E-01  6.57564E-27
  8.80859E-01  6.48915E-27
  8.84766E-01  6.40581E-27
  8.88672E-01  6.32238E-27
  8.92578E-01  6.24195E-27
  8.96484E-01  6.16148E-27
  9.00391E-01  6.08387E-27
  9.04297E-01  6.00623E-27
  9.08203E-01  5.93135E-27
  9.12109E-01  5.85643E-27
  9.16016E-01  5.78418E-27
  9.19922E-01  5.71188E-27
  9.23828E-01  5.64217E-27
  9.27734E-01  5.57242E-27
  9.31641E-01  5.50519E-27
  9.35547E-01  5.43790E-27
  9.39453E-01  5.37307E-27
  9.43359E-01  5.30819E-27
  9.47266E-01  5.24572E-27
  9.51172E-01  5.18321E-27
  9.55078E-01  5.12313E-27
  9.58984E-01  5.06298E-27
  9.62891E-01  5.00530E-27
  9.66797E-01  4.94758E-27
  9.70703E-01  4.89248E-27
  9.74609E-01  4.83733E-27
  9.78516E-01  4.78524E-27
  9.82422E-01  4.73312E-27
  9.86328E-01  4.68529E-27
  9.90234E-01  4.63766E-27
  9.94141E-01  4.60032E-27
  9.98047E-01  4.58221E-27
  1.00195E+00  4.58221E-27
