 -1.95312E-03  9.53987E+00
  1.95312E-03  9.54021E+00
  5.85938E-03  9.53547E+00
  9.76562E-03  9.53079E+00
  1.36719E-02  9.52558E+00
  1.75781E-02  9.51975E+00
  2.14844E-02  9.51329E+00
  2.53906E-02  9.50618E+00
  2.92969E-02  9.49843E+00
  3.32031E-02  9.49004E+00
  3.71094E-02  9.48100E+00
  4.10156E-02  9.47132E+00
  4.49219E-02  9.46100E+00
  4.88281E-02  9.45004E+00
  5.27344E-02  9.43843E+00
  5.66406E-02  9.42619E+00
  6.05469E-02  9.41331E+00
  6.44531E-02  9.39980E+00
  6.83594E-02  9.38565E+00
  7.22656E-02  9.37085E+00
  7.61719E-02  9.35542E+00
  8.00781E-02  9.33936E+00
  8.39844E-02  9.32265E+00
  8.78906E-02  9.30530E+00
  9.17969E-02  9.28731E+00
  9.57031E-02  9.26867E+00
  9.96094E-02  9.24939E+00
  1.03516E-01  9.22946E+00
  1.07422E-01  9.20889E+00
  1.11328E-01  9.18765E+00
  1.15234E-01  9.16576E+00
  1.19141E-01  9.14321E+00
  1.23047E-01  9.12000E+00
  1.26953E-01  9.09612E+00
  1.30859E-01  9.07156E+00
  1.34766E-01  9.04633E+00
  1.38672E-01  9.02043E+00
  1.42578E-01  8.99383E+00
  1.46484E-01  8.96654E+00
  1.50391E-01  8.93855E+00
  1.54297E-01  8.90985E+00
  1.58203E-01  8.88045E+00
  1.62109E-01  8.85032E+00
  1.66016E-01  8.81947E+00
  1.69922E-01  8.78787E+00
  1.73828E-01  8.75553E+00
  1.77734E-01  8.72244E+00
  1.81641E-01  8.68859E+00
  1.85547E-01  8.65395E+00
  1.89453E-01  8.61853E+00
  1.93359E-01  8.58231E+00
  1.97266E-01  8.54527E+00
  2.01172E-01  8.50741E+00
  2.05078E-01  8.46871E+00
  2.08984E-01  8.42916E+00
  2.12891E-01  8.38874E+00
  2.16797E-01  8.34742E+00
  2.20703E-01  8.30520E+00
  2.24609E-01  8.26205E+00
  2.28516E-01  8.21796E+00
  2.32422E-01  8.17290E+00
  2.36328E-01  8.12685E+00
  2.40234E-01  8.07979E+00
  2.44141E-01  8.03168E+00
  2.48047E-01  7.98251E+00
  2.51953E-01  7.93223E+00
  2.55859E-01  7.88082E+00
  2.59766E-01  7.82825E+00
  2.63672E-01  7.77449E+00
  2.67578E-01  7.71948E+00
  2.71484E-01  7.66320E+00
  2.75391E-01  7.60559E+00
  2.79297E-01  7.54661E+00
  2.83203E-01  7.48620E+00
  2.87109E-01  7.42432E+00
  2.91016E-01  7.36089E+00
  2.94922E-01  7.29585E+00
  2.98828E-01  7.22913E+00
  3.02734E-01  7.16066E+00
  3.06641E-01  7.09034E+00
  3.10547E-01  7.01809E+00
  3.14453E-01  6.94380E+00
  3.18359E-01  6.86735E+00
  3.22266E-01  6.78862E+00
  3.26172E-01  6.70747E+00
  3.30078E-01  6.62375E+00
  3.33984E-01  6.53728E+00
  3.37891E-01  6.44786E+00
  3.41797E-01  6.35526E+00
  3.45703E-01  6.25910E+00
  3.49609E-01  6.15552E+00
  3.53516E-01  5.94357E+00
  3.57422E-01  1.61427E-20
  3.61328E-01  1.57504E-20
  3.65234E-01  1.52409E-20
  3.69141E-01  1.47740E-20
  3.73047E-01  1.43063E-20
  3.76953E-01  1.38767E-20
  3.80859E-01  1.34466E-20
  3.84766E-01  1.30510E-20
  3.88672E-01  1.26549E-20
  3.92578E-01  1.22899E-20
  3.96484E-01  1.19244E-20
  4.00391E-01  1.15871E-20
  4.04297E-01  1.12493E-20
  4.08203E-01  1.09370E-20
  4.12109E-01  1.06243E-20
  4.16016E-01  1.03346E-20
  4.19922E-01  1.00446E-20
  4.23828E-01  9.77548E-21
  4.27734E-01  9.50603E-21
  4.31641E-01  9.25570E-21
  4.35547E-01  9.00509E-21
  4.39453E-01  8.77209E-21
  4.43359E-01  8.53882E-21
  4.47266E-01  8.32161E-21
  4.51172E-01  8.10420E-21
  4.55078E-01  7.90151E-21
  4.58984E-01  7.69866E-21
  4.62891E-01  7.50939E-21
  4.66797E-01  7.31990E-21
  4.70703E-01  7.14287E-21
  4.74609E-01  6.96562E-21
  4.78516E-01  6.79977E-21
  4.82422E-01  6.63383E-21
  4.86328E-01  6.47851E-21
  4.90234E-01  6.32303E-21
  4.94141E-01  6.17726E-21
  4.98047E-01  6.03137E-21
  5.01953E-01  5.89450E-21
  5.05859E-01  5.75748E-21
  5.09766E-01  5.62873E-21
  5.13672E-01  5.49987E-21
  5.17578E-01  5.37869E-21
  5.21484E-01  5.25740E-21
  5.25391E-01  5.14323E-21
  5.29297E-01  5.02895E-21
  5.33203E-01  4.92125E-21
  5.37109E-01  4.81349E-21
  5.41016E-01  4.71188E-21
  5.44922E-01  4.61021E-21
  5.48828E-01  4.51430E-21
  5.52734E-01  4.41831E-21
  5.56641E-01  4.32771E-21
  5.60547E-01  4.23705E-21
  5.64453E-01  4.15137E-21
  5.68359E-01  4.06562E-21
  5.72266E-01  3.98450E-21
  5.76172E-01  3.90335E-21
  5.80078E-01  3.82653E-21
  5.83984E-01  3.74965E-21
  5.87891E-01  3.67682E-21
  5.91797E-01  3.60391E-21
  5.95703E-01  3.53469E-21
  5.99609E-01  3.46542E-21
  6.03516E-01  3.39967E-21
  6.07422E-01  3.33388E-21
  6.11328E-01  3.27147E-21
  6.15234E-01  3.20902E-21
  6.19141E-01  3.14974E-21
  6.23047E-01  3.09042E-21
  6.26953E-01  3.03404E-21
  6.30859E-01  2.97761E-21
  6.34766E-01  2.92391E-21
  6.38672E-01  2.87019E-21
  6.42578E-01  2.81905E-21
  6.46484E-01  2.76789E-21
  6.50391E-01  2.71920E-21
  6.54297E-01  2.67047E-21
  6.58203E-01  2.62408E-21
  6.62109E-01  2.57766E-21
  6.66016E-01  2.53341E-21
  6.69922E-01  2.48912E-21
  6.73828E-01  2.44684E-21
  6.77734E-01  2.40453E-21
  6.81641E-01  2.36414E-21
  6.85547E-01  2.32371E-21
  6.89453E-01  2.28511E-21
  6.93359E-01  2.24649E-21
  6.97266E-01  2.20958E-21
  7.01172E-01  2.17266E-21
  7.05078E-01  2.13738E-21
  7.08984E-01  2.10208E-21
  7.12891E-01  2.06835E-21
  7.16797E-01  2.03460E-21
  7.20703E-01  2.00230E-21
  7.24609E-01  1.97000E-21
  7.28516E-01  1.93907E-21
  7.32422E-01  1.90812E-21
  7.36328E-01  1.87847E-21
  7.40234E-01  1.84880E-21
  7.44141E-01  1.82036E-21
  7.48047E-01  1.79191E-21
  7.51953E-01  1.76463E-21
  7.55859E-01  1.73734E-21
  7.59766E-01  1.71116E-21
  7.63672E-01  1.68498E-21
  7.67578E-01  1.65985E-21
  7.71484E-01  1.63471E-21
  7.75391E-01  1.61058E-21
  7.79297E-01  1.58643E-21
  7.83203E-01  1.56326E-21
  7.87109E-01  1.54007E-21
  7.91016E-01  1.51780E-21
  7.94922E-01  1.49551E-21
  7.98828E-01  1.47411E-21
  8.02734E-01  1.45269E-21
  8.06641E-01  1.43211E-21
  8.10547E-01  1.41151E-21
  8.14453E-01  1.39170E-21
  8.18359E-01  1.37189E-21
  8.22266E-01  1.35282E-21
  8.26172E-01  1.33375E-21
  8.30078E-01  1.31540E-21
  8.33984E-01  1.29704E-21
  8.37891E-01  1.27936E-21
  8.41797E-01  1.26168E-21
  8.45703E-01  1.24466E-21
  8.49609E-01  1.22763E-21
  8.53516E-01  1.21122E-21
  8.57422E-01  1.19481E-21
  8.61328E-01  1.17900E-21
  8.65234E-01  1.16319E-21
  8.69141E-01  1.14795E-21
  8.73047E-01  1.13270E-21
  8.76953E-01  1.11800E-21
  8.80859E-01  1.10330E-21
  8.84766E-01  1.08913E-21
  8.88672E-01  1.07494E-21
  8.92578E-01  1.06127E-21
  8.96484E-01  1.04758E-21
  9.00391E-01  1.03439E-21
  9.04297E-01  1.02119E-21
  9.08203E-01  1.00846E-21
  9.12109E-01  9.95719E-22
  9.16016E-01  9.83435E-22
  9.19922E-01  9.71143E-22
  9.23828E-01  9.59292E-22
  9.27734E-01  9.47432E-22
  9.31641E-01  9.36000E-22
  9.35547E-01  9.24559E-22
  9.39453E-01  9.13535E-22
  9.43359E-01  9.02503E-22
  9.47266E-01  8.91886E-22
  9.51172E-01  8.81259E-22
  9.55078E-01  8.71043E-22
  9.58984E-01  8.60815E-22
  9.62891E-01  8.51007E-22
  9.66797E-01  8.41195E-22
  9.70703E-01  8.31827E-22
  9.74609E-01  8.22451E-22
  9.78516E-01  8.13595E-22
  9.82422E-01  8.04732E-22
  9.86328E-01  7.96600E-22
  9.90234E-01  7.88503E-22
  9.94141E-01  7.82154E-22
  9.98047E-01  7.79075E-22
  1.00195E+00  7.79075E-22
