 -1.95312E-03  9.53991E+00
  1.95312E-03  9.54025E+00
  5.85938E-03  9.53551E+00
  9.76562E-03  9.53083E+00
  1.36719E-02  9.52562E+00
  1.75781E-02  9.51980E+00
  2.14844E-02  9.51333E+00
  2.53906E-02  9.50623E+00
  2.92969E-02  9.49848E+00
  3.32031E-02  9.49008E+00
  3.71094E-02  9.48104E+00
  4.10156E-02  9.47136E+00
  4.49219E-02  9.46103E+00
  4.88281E-02  9.45007E+00
  5.27344E-02  9.43847E+00
  5.66406E-02  9.42623E+00
  6.05469E-02  9.41335E+00
  6.44531E-02  9.39984E+00
  6.83594E-02  9.38569E+00
  7.22656E-02  9.37089E+00
  7.61719E-02  9.35546E+00
  8.00781E-02  9.33939E+00
  8.39844E-02  9.32268E+00
  8.78906E-02  9.30533E+00
  9.17969E-02  9.28734E+00
  9.57031E-02  9.26871E+00
  9.96094E-02  9.24942E+00
  1.03516E-01  9.22950E+00
  1.07422E-01  9.20892E+00
  1.11328E-01  9.18769E+00
  1.15234E-01  9.16579E+00
  1.19141E-01  9.14324E+00
  1.23047E-01  9.12003E+00
  1.26953E-01  9.09615E+00
  1.30859E-01  9.07159E+00
  1.34766E-01  9.04637E+00
  1.38672E-01  9.02046E+00
  1.42578E-01  8.99386E+00
  1.46484E-01  8.96657E+00
  1.50391E-01  8.93858E+00
  1.54297E-01  8.90988E+00
  1.58203E-01  8.88047E+00
  1.62109E-01  8.85034E+00
  1.66016E-01  8.81949E+00
  1.69922E-01  8.78790E+00
  1.73828E-01  8.75556E+00
  1.77734E-01  8.72246E+00
  1.81641E-01  8.68860E+00
  1.85547E-01  8.65397E+00
  1.89453E-01  8.61854E+00
  1.93359E-01  8.58232E+00
  1.97266E-01  8.54528E+00
  2.01172E-01  8.50742E+00
  2.05078E-01  8.46872E+00
  2.08984E-01  8.42916E+00
  2.12891E-01  8.38874E+00
  2.16797E-01  8.34743E+00
  2.20703E-01  8.30521E+00
  2.24609E-01  8.26206E+00
  2.28516E-01  8.21796E+00
  2.32422E-01  8.17290E+00
  2.36328E-01  8.12685E+00
  2.40234E-01  8.07979E+00
  2.44141E-01  8.03169E+00
  2.48047E-01  7.98251E+00
  2.51953E-01  7.93223E+00
  2.55859E-01  7.88082E+00
  2.59766E-01  7.82825E+00
  2.63672E-01  7.77448E+00
  2.67578E-01  7.71947E+00
  2.71484E-01  7.66319E+00
  2.75391E-01  7.60558E+00
  2.79297E-01  7.54660E+00
  2.83203E-01  7.48619E+00
  2.87109E-01  7.42430E+00
  2.91016E-01  7.36087E+00
  2.94922E-01  7.29583E+00
  2.98828E-01  7.22912E+00
  3.02734E-01  7.16064E+00
  3.06641E-01  7.09032E+00
  3.10547E-01  7.01807E+00
  3.14453E-01  6.94378E+00
  3.18359E-01  6.86733E+00
  3.22266E-01  6.78860E+00
  3.26172E-01  6.70745E+00
  3.30078E-01  6.62373E+00
  3.33984E-01  6.53725E+00
  3.37891E-01  6.44783E+00
  3.41797E-01  6.35523E+00
  3.45703E-01  6.25906E+00
  3.49609E-01  6.15549E+00
  3.53516E-01  5.94354E+00
  3.57422E-01  8.55513E-22
  3.61328E-01  8.34738E-22
  3.65234E-01  8.07765E-22
  3.69141E-01  7.83042E-22
  3.73047E-01  7.58276E-22
  3.76953E-01  7.35526E-22
  3.80859E-01  7.12738E-22
  3.84766E-01  6.91764E-22
  3.88672E-01  6.70758E-22
  3.92578E-01  6.51390E-22
  3.96484E-01  6.31995E-22
  4.00391E-01  6.14092E-22
  4.04297E-01  5.96165E-22
  4.08203E-01  5.79592E-22
  4.12109E-01  5.62996E-22
  4.16016E-01  5.47633E-22
  4.19922E-01  5.32249E-22
  4.23828E-01  5.17991E-22
  4.27734E-01  5.03714E-22
  4.31641E-01  4.90453E-22
  4.35547E-01  4.77176E-22
  4.39453E-01  4.64836E-22
  4.43359E-01  4.52482E-22
  4.47266E-01  4.40984E-22
  4.51172E-01  4.29472E-22
  4.55078E-01  4.18739E-22
  4.58984E-01  4.07997E-22
  4.62891E-01  3.97974E-22
  4.66797E-01  3.87940E-22
  4.70703E-01  3.78559E-22
  4.74609E-01  3.69171E-22
  4.78516E-01  3.60388E-22
  4.82422E-01  3.51595E-22
  4.86328E-01  3.43357E-22
  4.90234E-01  3.35111E-22
  4.94141E-01  3.27380E-22
  4.98047E-01  3.19643E-22
  5.01953E-01  3.12384E-22
  5.05859E-01  3.05118E-22
  5.09766E-01  2.98294E-22
  5.13672E-01  2.91464E-22
  5.17578E-01  2.85042E-22
  5.21484E-01  2.78616E-22
  5.25391E-01  2.72572E-22
  5.29297E-01  2.66521E-22
  5.33203E-01  2.60825E-22
  5.37109E-01  2.55123E-22
  5.41016E-01  2.49744E-22
  5.44922E-01  2.44359E-22
  5.48828E-01  2.39276E-22
  5.52734E-01  2.34187E-22
  5.56641E-01  2.29380E-22
  5.60547E-01  2.24569E-22
  5.64453E-01  2.20020E-22
  5.68359E-01  2.15467E-22
  5.72266E-01  2.11161E-22
  5.76172E-01  2.06851E-22
  5.80078E-01  2.02775E-22
  5.83984E-01  1.98697E-22
  5.87891E-01  1.94833E-22
  5.91797E-01  1.90967E-22
  5.95703E-01  1.87302E-22
  5.99609E-01  1.83634E-22
  6.03516E-01  1.80154E-22
  6.07422E-01  1.76672E-22
  6.11328E-01  1.73367E-22
  6.15234E-01  1.70060E-22
  6.19141E-01  1.66919E-22
  6.23047E-01  1.63776E-22
  6.26953E-01  1.60791E-22
  6.30859E-01  1.57803E-22
  6.34766E-01  1.54962E-22
  6.38672E-01  1.52118E-22
  6.42578E-01  1.49408E-22
  6.46484E-01  1.46697E-22
  6.50391E-01  1.44115E-22
  6.54297E-01  1.41530E-22
  6.58203E-01  1.39068E-22
  6.62109E-01  1.36603E-22
  6.66016E-01  1.34255E-22
  6.69922E-01  1.31905E-22
  6.73828E-01  1.29665E-22
  6.77734E-01  1.27423E-22
  6.81641E-01  1.25285E-22
  6.85547E-01  1.23146E-22
  6.89453E-01  1.21105E-22
  6.93359E-01  1.19061E-22
  6.97266E-01  1.17108E-22
  7.01172E-01  1.15154E-22
  7.05078E-01  1.13285E-22
  7.08984E-01  1.11414E-22
  7.12891E-01  1.09625E-22
  7.16797E-01  1.07834E-22
  7.20703E-01  1.06121E-22
  7.24609E-01  1.04407E-22
  7.28516E-01  1.02766E-22
  7.32422E-01  1.01123E-22
  7.36328E-01  9.95506E-23
  7.40234E-01  9.79771E-23
  7.44141E-01  9.64693E-23
  7.48047E-01  9.49606E-23
  7.51953E-01  9.35147E-23
  7.55859E-01  9.20682E-23
  7.59766E-01  9.06816E-23
  7.63672E-01  8.92942E-23
  7.67578E-01  8.79634E-23
  7.71484E-01  8.66318E-23
  7.75391E-01  8.53537E-23
  7.79297E-01  8.40749E-23
  7.83203E-01  8.28469E-23
  7.87109E-01  8.16180E-23
  7.91016E-01  8.04379E-23
  7.94922E-01  7.92570E-23
  7.98828E-01  7.81223E-23
  8.02734E-01  7.69868E-23
  8.06641E-01  7.58956E-23
  8.10547E-01  7.48037E-23
  8.14453E-01  7.37541E-23
  8.18359E-01  7.27040E-23
  8.22266E-01  7.16940E-23
  8.26172E-01  7.06834E-23
  8.30078E-01  6.97110E-23
  8.33984E-01  6.87382E-23
  8.37891E-01  6.78019E-23
  8.41797E-01  6.68649E-23
  8.45703E-01  6.59631E-23
  8.49609E-01  6.50603E-23
  8.53516E-01  6.41914E-23
  8.57422E-01  6.33215E-23
  8.61328E-01  6.24837E-23
  8.65234E-01  6.16455E-23
  8.69141E-01  6.08378E-23
  8.73047E-01  6.00293E-23
  8.76953E-01  5.92505E-23
  8.80859E-01  5.84711E-23
  8.84766E-01  5.77199E-23
  8.88672E-01  5.69681E-23
  8.92578E-01  5.62433E-23
  8.96484E-01  5.55181E-23
  9.00391E-01  5.48189E-23
  9.04297E-01  5.41192E-23
  9.08203E-01  5.34446E-23
  9.12109E-01  5.27696E-23
  9.16016E-01  5.21186E-23
  9.19922E-01  5.14672E-23
  9.23828E-01  5.08392E-23
  9.27734E-01  5.02106E-23
  9.31641E-01  4.96048E-23
  9.35547E-01  4.89985E-23
  9.39453E-01  4.84143E-23
  9.43359E-01  4.78297E-23
  9.47266E-01  4.72669E-23
  9.51172E-01  4.67037E-23
  9.55078E-01  4.61622E-23
  9.58984E-01  4.56202E-23
  9.62891E-01  4.51005E-23
  9.66797E-01  4.45803E-23
  9.70703E-01  4.40838E-23
  9.74609E-01  4.35869E-23
  9.78516E-01  4.31176E-23
  9.82422E-01  4.26479E-23
  9.86328E-01  4.22169E-23
  9.90234E-01  4.17878E-23
  9.94141E-01  4.14513E-23
  9.98047E-01  4.12881E-23
  1.00195E+00  4.12881E-23
