 -1.95312E-03  9.53961E+00
  1.95312E-03  9.53994E+00
  5.85938E-03  9.53520E+00
  9.76562E-03  9.53052E+00
  1.36719E-02  9.52532E+00
  1.75781E-02  9.51949E+00
  2.14844E-02  9.51303E+00
  2.53906E-02  9.50592E+00
  2.92969E-02  9.49817E+00
  3.32031E-02  9.48978E+00
  3.71094E-02  9.48074E+00
  4.10156E-02  9.47106E+00
  4.49219E-02  9.46074E+00
  4.88281E-02  9.44978E+00
  5.27344E-02  9.43818E+00
  5.66406E-02  9.42595E+00
  6.05469E-02  9.41307E+00
  6.44531E-02  9.39956E+00
  6.83594E-02  9.38541E+00
  7.22656E-02  9.37062E+00
  7.61719E-02  9.35520E+00
  8.00781E-02  9.33913E+00
  8.39844E-02  9.32243E+00
  8.78906E-02  9.30508E+00
  9.17969E-02  9.28709E+00
  9.57031E-02  9.26846E+00
  9.96094E-02  9.24918E+00
  1.03516E-01  9.22926E+00
  1.07422E-01  9.20869E+00
  1.11328E-01  9.18746E+00
  1.15234E-01  9.16557E+00
  1.19141E-01  9.14303E+00
  1.23047E-01  9.11982E+00
  1.26953E-01  9.09595E+00
  1.30859E-01  9.07140E+00
  1.34766E-01  9.04618E+00
  1.38672E-01  9.02027E+00
  1.42578E-01  8.99368E+00
  1.46484E-01  8.96640E+00
  1.50391E-01  8.93841E+00
  1.54297E-01  8.90972E+00
  1.58203E-01  8.88031E+00
  1.62109E-01  8.85019E+00
  1.66016E-01  8.81934E+00
  1.69922E-01  8.78775E+00
  1.73828E-01  8.75542E+00
  1.77734E-01  8.72233E+00
  1.81641E-01  8.68848E+00
  1.85547E-01  8.65386E+00
  1.89453E-01  8.61844E+00
  1.93359E-01  8.58222E+00
  1.97266E-01  8.54520E+00
  2.01172E-01  8.50734E+00
  2.05078E-01  8.46865E+00
  2.08984E-01  8.42910E+00
  2.12891E-01  8.38869E+00
  2.16797E-01  8.34738E+00
  2.20703E-01  8.30517E+00
  2.24609E-01  8.26202E+00
  2.28516E-01  8.21793E+00
  2.32422E-01  8.17288E+00
  2.36328E-01  8.12684E+00
  2.40234E-01  8.07978E+00
  2.44141E-01  8.03168E+00
  2.48047E-01  7.98251E+00
  2.51953E-01  7.93224E+00
  2.55859E-01  7.88084E+00
  2.59766E-01  7.82828E+00
  2.63672E-01  7.77452E+00
  2.67578E-01  7.71952E+00
  2.71484E-01  7.66324E+00
  2.75391E-01  7.60564E+00
  2.79297E-01  7.54667E+00
  2.83203E-01  7.48627E+00
  2.87109E-01  7.42439E+00
  2.91016E-01  7.36096E+00
  2.94922E-01  7.29593E+00
  2.98828E-01  7.22922E+00
  3.02734E-01  7.16075E+00
  3.06641E-01  7.09044E+00
  3.10547E-01  7.01820E+00
  3.14453E-01  6.94391E+00
  3.18359E-01  6.86747E+00
  3.22266E-01  6.78875E+00
  3.26172E-01  6.70761E+00
  3.30078E-01  6.62390E+00
  3.33984E-01  6.53743E+00
  3.37891E-01  6.44801E+00
  3.41797E-01  6.35542E+00
  3.45703E-01  6.25926E+00
  3.49609E-01  6.15570E+00
  3.53516E-01  5.94376E+00
  3.57422E-01  1.19322E-14
  3.61328E-01  1.16421E-14
  3.65234E-01  1.12654E-14
  3.69141E-01  1.09202E-14
  3.73047E-01  1.05744E-14
  3.76953E-01  1.02569E-14
  3.80859E-01  9.93894E-15
  3.84766E-01  9.64646E-15
  3.88672E-01  9.35355E-15
  3.92578E-01  9.08360E-15
  3.96484E-01  8.81325E-15
  4.00391E-01  8.56378E-15
  4.04297E-01  8.31396E-15
  4.08203E-01  8.08303E-15
  4.12109E-01  7.85176E-15
  4.16016E-01  7.63761E-15
  4.19922E-01  7.42319E-15
  4.23828E-01  7.22444E-15
  4.27734E-01  7.02537E-15
  4.31641E-01  6.84052E-15
  4.35547E-01  6.65544E-15
  4.39453E-01  6.48332E-15
  4.43359E-01  6.31100E-15
  4.47266E-01  6.15052E-15
  4.51172E-01  5.98989E-15
  4.55078E-01  5.84014E-15
  4.58984E-01  5.69026E-15
  4.62891E-01  5.55040E-15
  4.66797E-01  5.41040E-15
  4.70703E-01  5.27960E-15
  4.74609E-01  5.14867E-15
  4.78516E-01  5.02626E-15
  4.82422E-01  4.90372E-15
  4.86328E-01  4.78899E-15
  4.90234E-01  4.67412E-15
  4.94141E-01  4.56640E-15
  4.98047E-01  4.45860E-15
  5.01953E-01  4.35741E-15
  5.05859E-01  4.25611E-15
  5.09766E-01  4.16088E-15
  5.13672E-01  4.06556E-15
  5.17578E-01  3.97587E-15
  5.21484E-01  3.88613E-15
  5.25391E-01  3.80163E-15
  5.29297E-01  3.71709E-15
  5.33203E-01  3.63746E-15
  5.37109E-01  3.55779E-15
  5.41016E-01  3.48270E-15
  5.44922E-01  3.40756E-15
  5.48828E-01  3.33669E-15
  5.52734E-01  3.26574E-15
  5.56641E-01  3.19871E-15
  5.60547E-01  3.13165E-15
  5.64453E-01  3.06827E-15
  5.68359E-01  3.00484E-15
  5.72266E-01  2.94487E-15
  5.76172E-01  2.88486E-15
  5.80078E-01  2.82806E-15
  5.83984E-01  2.77121E-15
  5.87891E-01  2.71735E-15
  5.91797E-01  2.66346E-15
  5.95703E-01  2.61237E-15
  5.99609E-01  2.56123E-15
  6.03516E-01  2.51272E-15
  6.07422E-01  2.46416E-15
  6.11328E-01  2.41804E-15
  6.15234E-01  2.37189E-15
  6.19141E-01  2.32804E-15
  6.23047E-01  2.28417E-15
  6.26953E-01  2.24246E-15
  6.30859E-01  2.20075E-15
  6.34766E-01  2.16108E-15
  6.38672E-01  2.12139E-15
  6.42578E-01  2.08365E-15
  6.46484E-01  2.04588E-15
  6.50391E-01  2.00995E-15
  6.54297E-01  1.97400E-15
  6.58203E-01  1.93972E-15
  6.62109E-01  1.90542E-15
  6.66016E-01  1.87269E-15
  6.69922E-01  1.83993E-15
  6.73828E-01  1.80864E-15
  6.77734E-01  1.77735E-15
  6.81641E-01  1.74748E-15
  6.85547E-01  1.71760E-15
  6.89453E-01  1.68907E-15
  6.93359E-01  1.66053E-15
  6.97266E-01  1.63326E-15
  7.01172E-01  1.60597E-15
  7.05078E-01  1.57988E-15
  7.08984E-01  1.55377E-15
  7.12891E-01  1.52881E-15
  7.16797E-01  1.50384E-15
  7.20703E-01  1.47995E-15
  7.24609E-01  1.45606E-15
  7.28516E-01  1.43319E-15
  7.32422E-01  1.41031E-15
  7.36328E-01  1.38839E-15
  7.40234E-01  1.36646E-15
  7.44141E-01  1.34544E-15
  7.48047E-01  1.32441E-15
  7.51953E-01  1.30425E-15
  7.55859E-01  1.28407E-15
  7.59766E-01  1.26473E-15
  7.63672E-01  1.24537E-15
  7.67578E-01  1.22680E-15
  7.71484E-01  1.20822E-15
  7.75391E-01  1.19039E-15
  7.79297E-01  1.17255E-15
  7.83203E-01  1.15543E-15
  7.87109E-01  1.13830E-15
  7.91016E-01  1.12184E-15
  7.94922E-01  1.10538E-15
  7.98828E-01  1.08957E-15
  8.02734E-01  1.07374E-15
  8.06641E-01  1.05853E-15
  8.10547E-01  1.04330E-15
  8.14453E-01  1.02867E-15
  8.18359E-01  1.01402E-15
  8.22266E-01  9.99929E-16
  8.26172E-01  9.85834E-16
  8.30078E-01  9.72269E-16
  8.33984E-01  9.58693E-16
  8.37891E-01  9.45631E-16
  8.41797E-01  9.32562E-16
  8.45703E-01  9.19979E-16
  8.49609E-01  9.07387E-16
  8.53516E-01  8.95264E-16
  8.57422E-01  8.83132E-16
  8.61328E-01  8.71446E-16
  8.65234E-01  8.59753E-16
  8.69141E-01  8.48488E-16
  8.73047E-01  8.37217E-16
  8.76953E-01  8.26353E-16
  8.80859E-01  8.15485E-16
  8.84766E-01  8.05007E-16
  8.88672E-01  7.94524E-16
  8.92578E-01  7.84415E-16
  8.96484E-01  7.74303E-16
  9.00391E-01  7.64550E-16
  9.04297E-01  7.54792E-16
  9.08203E-01  7.45381E-16
  9.12109E-01  7.35965E-16
  9.16016E-01  7.26886E-16
  9.19922E-01  7.17801E-16
  9.23828E-01  7.09041E-16
  9.27734E-01  7.00276E-16
  9.31641E-01  6.91827E-16
  9.35547E-01  6.83372E-16
  9.39453E-01  6.75224E-16
  9.43359E-01  6.67071E-16
  9.47266E-01  6.59223E-16
  9.51172E-01  6.51367E-16
  9.55078E-01  6.43816E-16
  9.58984E-01  6.36256E-16
  9.62891E-01  6.29010E-16
  9.66797E-01  6.21754E-16
  9.70703E-01  6.14830E-16
  9.74609E-01  6.07900E-16
  9.78516E-01  6.01354E-16
  9.82422E-01  5.94803E-16
  9.86328E-01  5.88792E-16
  9.90234E-01  5.82807E-16
  9.94141E-01  5.78114E-16
  9.98047E-01  5.75837E-16
  1.00195E+00  5.75837E-16
