 -1.95312E-03  9.53995E+00
  1.95312E-03  9.54029E+00
  5.85938E-03  9.53554E+00
  9.76562E-03  9.53087E+00
  1.36719E-02  9.52566E+00
  1.75781E-02  9.51983E+00
  2.14844E-02  9.51337E+00
  2.53906E-02  9.50626E+00
  2.92969E-02  9.49851E+00
  3.32031E-02  9.49011E+00
  3.71094E-02  9.48107E+00
  4.10156E-02  9.47139E+00
  4.49219E-02  9.46107E+00
  4.88281E-02  9.45011E+00
  5.27344E-02  9.43850E+00
  5.66406E-02  9.42626E+00
  6.05469E-02  9.41339E+00
  6.44531E-02  9.39987E+00
  6.83594E-02  9.38572E+00
  7.22656E-02  9.37093E+00
  7.61719E-02  9.35549E+00
  8.00781E-02  9.33943E+00
  8.39844E-02  9.32272E+00
  8.78906E-02  9.30537E+00
  9.17969E-02  9.28737E+00
  9.57031E-02  9.26874E+00
  9.96094E-02  9.24946E+00
  1.03516E-01  9.22953E+00
  1.07422E-01  9.20895E+00
  1.11328E-01  9.18772E+00
  1.15234E-01  9.16582E+00
  1.19141E-01  9.14328E+00
  1.23047E-01  9.12006E+00
  1.26953E-01  9.09617E+00
  1.30859E-01  9.07162E+00
  1.34766E-01  9.04639E+00
  1.38672E-01  9.02048E+00
  1.42578E-01  8.99388E+00
  1.46484E-01  8.96659E+00
  1.50391E-01  8.93860E+00
  1.54297E-01  8.90990E+00
  1.58203E-01  8.88049E+00
  1.62109E-01  8.85036E+00
  1.66016E-01  8.81950E+00
  1.69922E-01  8.78791E+00
  1.73828E-01  8.75557E+00
  1.77734E-01  8.72247E+00
  1.81641E-01  8.68861E+00
  1.85547E-01  8.65398E+00
  1.89453E-01  8.61855E+00
  1.93359E-01  8.58233E+00
  1.97266E-01  8.54529E+00
  2.01172E-01  8.50743E+00
  2.05078E-01  8.46872E+00
  2.08984E-01  8.42917E+00
  2.12891E-01  8.38874E+00
  2.16797E-01  8.34743E+00
  2.20703E-01  8.30521E+00
  2.24609E-01  8.26206E+00
  2.28516E-01  8.21796E+00
  2.32422E-01  8.17290E+00
  2.36328E-01  8.12685E+00
  2.40234E-01  8.07979E+00
  2.44141E-01  8.03169E+00
  2.48047E-01  7.98251E+00
  2.51953E-01  7.93223E+00
  2.55859E-01  7.88082E+00
  2.59766E-01  7.82825E+00
  2.63672E-01  7.77448E+00
  2.67578E-01  7.71947E+00
  2.71484E-01  7.66319E+00
  2.75391E-01  7.60558E+00
  2.79297E-01  7.54659E+00
  2.83203E-01  7.48618E+00
  2.87109E-01  7.42429E+00
  2.91016E-01  7.36086E+00
  2.94922E-01  7.29582E+00
  2.98828E-01  7.22910E+00
  3.02734E-01  7.16063E+00
  3.06641E-01  7.09031E+00
  3.10547E-01  7.01806E+00
  3.14453E-01  6.94376E+00
  3.18359E-01  6.86731E+00
  3.22266E-01  6.78858E+00
  3.26172E-01  6.70743E+00
  3.30078E-01  6.62370E+00
  3.33984E-01  6.53723E+00
  3.37891E-01  6.44780E+00
  3.41797E-01  6.35519E+00
  3.45703E-01  6.25903E+00
  3.49609E-01  6.15545E+00
  3.53516E-01  5.94349E+00
  3.57422E-01  6.08203E-23
  3.61328E-01  5.93421E-23
  3.65234E-01  5.74225E-23
  3.69141E-01  5.56636E-23
  3.73047E-01  5.39018E-23
  3.76953E-01  5.22841E-23
  3.80859E-01  5.06641E-23
  3.84766E-01  4.91743E-23
  3.88672E-01  4.76822E-23
  3.92578E-01  4.63073E-23
  3.96484E-01  4.49305E-23
  4.00391E-01  4.36596E-23
  4.04297E-01  4.23868E-23
  4.08203E-01  4.12093E-23
  4.12109E-01  4.00305E-23
  4.16016E-01  3.89385E-23
  4.19922E-01  3.78451E-23
  4.23828E-01  3.68305E-23
  4.27734E-01  3.58149E-23
  4.31641E-01  3.48717E-23
  4.35547E-01  3.39274E-23
  4.39453E-01  3.30497E-23
  4.43359E-01  3.21709E-23
  4.47266E-01  3.13527E-23
  4.51172E-01  3.05335E-23
  4.55078E-01  2.97702E-23
  4.58984E-01  2.90061E-23
  4.62891E-01  2.82931E-23
  4.66797E-01  2.75793E-23
  4.70703E-01  2.69120E-23
  4.74609E-01  2.62443E-23
  4.78516E-01  2.56200E-23
  4.82422E-01  2.49950E-23
  4.86328E-01  2.44098E-23
  4.90234E-01  2.38240E-23
  4.94141E-01  2.32750E-23
  4.98047E-01  2.27254E-23
  5.01953E-01  2.22094E-23
  5.05859E-01  2.16930E-23
  5.09766E-01  2.12078E-23
  5.13672E-01  2.07221E-23
  5.17578E-01  2.02654E-23
  5.21484E-01  1.98083E-23
  5.25391E-01  1.93780E-23
  5.29297E-01  1.89473E-23
  5.33203E-01  1.85416E-23
  5.37109E-01  1.81356E-23
  5.41016E-01  1.77530E-23
  5.44922E-01  1.73701E-23
  5.48828E-01  1.70089E-23
  5.52734E-01  1.66475E-23
  5.56641E-01  1.63063E-23
  5.60547E-01  1.59647E-23
  5.64453E-01  1.56419E-23
  5.68359E-01  1.53189E-23
  5.72266E-01  1.50133E-23
  5.76172E-01  1.47075E-23
  5.80078E-01  1.44179E-23
  5.83984E-01  1.41281E-23
  5.87891E-01  1.38532E-23
  5.91797E-01  1.35782E-23
  5.95703E-01  1.33172E-23
  5.99609E-01  1.30561E-23
  6.03516E-01  1.28085E-23
  6.07422E-01  1.25608E-23
  6.11328E-01  1.23258E-23
  6.15234E-01  1.20907E-23
  6.19141E-01  1.18673E-23
  6.23047E-01  1.16438E-23
  6.26953E-01  1.14313E-23
  6.30859E-01  1.12186E-23
  6.34766E-01  1.10163E-23
  6.38672E-01  1.08139E-23
  6.42578E-01  1.06214E-23
  6.46484E-01  1.04287E-23
  6.50391E-01  1.02454E-23
  6.54297E-01  1.00619E-23
  6.58203E-01  9.88716E-24
  6.62109E-01  9.71224E-24
  6.66016E-01  9.54537E-24
  6.69922E-01  9.37838E-24
  6.73828E-01  9.21898E-24
  6.77734E-01  9.05952E-24
  6.81641E-01  8.90728E-24
  6.85547E-01  8.75494E-24
  6.89453E-01  8.60952E-24
  6.93359E-01  8.46400E-24
  6.97266E-01  8.32501E-24
  7.01172E-01  8.18594E-24
  7.05078E-01  8.05312E-24
  7.08984E-01  7.92022E-24
  7.12891E-01  7.79318E-24
  7.16797E-01  7.66604E-24
  7.20703E-01  7.54437E-24
  7.24609E-01  7.42263E-24
  7.28516E-01  7.30607E-24
  7.32422E-01  7.18939E-24
  7.36328E-01  7.07764E-24
  7.40234E-01  6.96579E-24
  7.44141E-01  6.85865E-24
  7.48047E-01  6.75144E-24
  7.51953E-01  6.64864E-24
  7.55859E-01  6.54581E-24
  7.59766E-01  6.44717E-24
  7.63672E-01  6.34849E-24
  7.67578E-01  6.25380E-24
  7.71484E-01  6.15906E-24
  7.75391E-01  6.06815E-24
  7.79297E-01  5.97720E-24
  7.83203E-01  5.88989E-24
  7.87109E-01  5.80254E-24
  7.91016E-01  5.71865E-24
  7.94922E-01  5.63471E-24
  7.98828E-01  5.55406E-24
  8.02734E-01  5.47338E-24
  8.06641E-01  5.39579E-24
  8.10547E-01  5.31819E-24
  8.14453E-01  5.24356E-24
  8.18359E-01  5.16888E-24
  8.22266E-01  5.09706E-24
  8.26172E-01  5.02520E-24
  8.30078E-01  4.95606E-24
  8.33984E-01  4.88687E-24
  8.37891E-01  4.82029E-24
  8.41797E-01  4.75367E-24
  8.45703E-01  4.68953E-24
  8.49609E-01  4.62536E-24
  8.53516E-01  4.56356E-24
  8.57422E-01  4.50174E-24
  8.61328E-01  4.44219E-24
  8.65234E-01  4.38258E-24
  8.69141E-01  4.32518E-24
  8.73047E-01  4.26772E-24
  8.76953E-01  4.21236E-24
  8.80859E-01  4.15694E-24
  8.84766E-01  4.10355E-24
  8.88672E-01  4.05010E-24
  8.92578E-01  3.99857E-24
  8.96484E-01  3.94703E-24
  9.00391E-01  3.89732E-24
  9.04297E-01  3.84757E-24
  9.08203E-01  3.79960E-24
  9.12109E-01  3.75160E-24
  9.16016E-01  3.70531E-24
  9.19922E-01  3.65900E-24
  9.23828E-01  3.61435E-24
  9.27734E-01  3.56966E-24
  9.31641E-01  3.52659E-24
  9.35547E-01  3.48349E-24
  9.39453E-01  3.44197E-24
  9.43359E-01  3.40041E-24
  9.47266E-01  3.36040E-24
  9.51172E-01  3.32035E-24
  9.55078E-01  3.28186E-24
  9.58984E-01  3.24333E-24
  9.62891E-01  3.20639E-24
  9.66797E-01  3.16940E-24
  9.70703E-01  3.13411E-24
  9.74609E-01  3.09878E-24
  9.78516E-01  3.06542E-24
  9.82422E-01  3.03202E-24
  9.86328E-01  3.00138E-24
  9.90234E-01  2.97087E-24
  9.94141E-01  2.94695E-24
  9.98047E-01  2.93534E-24
  1.00195E+00  2.93534E-24
