 -1.95312E-03  9.53979E+00
  1.95312E-03  9.54013E+00
  5.85938E-03  9.53539E+00
  9.76562E-03  9.53071E+00
  1.36719E-02  9.52550E+00
  1.75781E-02  9.51967E+00
  2.14844E-02  9.51321E+00
  2.53906E-02  9.50610E+00
  2.92969E-02  9.49835E+00
  3.32031E-02  9.48995E+00
  3.71094E-02  9.48092E+00
  4.10156E-02  9.47124E+00
  4.49219E-02  9.46092E+00
  4.88281E-02  9.44996E+00
  5.27344E-02  9.43835E+00
  5.66406E-02  9.42612E+00
  6.05469E-02  9.41324E+00
  6.44531E-02  9.39973E+00
  6.83594E-02  9.38558E+00
  7.22656E-02  9.37079E+00
  7.61719E-02  9.35536E+00
  8.00781E-02  9.33929E+00
  8.39844E-02  9.32259E+00
  8.78906E-02  9.30524E+00
  9.17969E-02  9.28725E+00
  9.57031E-02  9.26861E+00
  9.96094E-02  9.24933E+00
  1.03516E-01  9.22941E+00
  1.07422E-01  9.20883E+00
  1.11328E-01  9.18760E+00
  1.15234E-01  9.16571E+00
  1.19141E-01  9.14316E+00
  1.23047E-01  9.11995E+00
  1.26953E-01  9.09607E+00
  1.30859E-01  9.07152E+00
  1.34766E-01  9.04629E+00
  1.38672E-01  9.02038E+00
  1.42578E-01  8.99379E+00
  1.46484E-01  8.96650E+00
  1.50391E-01  8.93851E+00
  1.54297E-01  8.90981E+00
  1.58203E-01  8.88041E+00
  1.62109E-01  8.85028E+00
  1.66016E-01  8.81942E+00
  1.69922E-01  8.78783E+00
  1.73828E-01  8.75550E+00
  1.77734E-01  8.72241E+00
  1.81641E-01  8.68855E+00
  1.85547E-01  8.65392E+00
  1.89453E-01  8.61850E+00
  1.93359E-01  8.58228E+00
  1.97266E-01  8.54525E+00
  2.01172E-01  8.50739E+00
  2.05078E-01  8.46870E+00
  2.08984E-01  8.42915E+00
  2.12891E-01  8.38873E+00
  2.16797E-01  8.34741E+00
  2.20703E-01  8.30519E+00
  2.24609E-01  8.26205E+00
  2.28516E-01  8.21795E+00
  2.32422E-01  8.17289E+00
  2.36328E-01  8.12685E+00
  2.40234E-01  8.07979E+00
  2.44141E-01  8.03169E+00
  2.48047E-01  7.98251E+00
  2.51953E-01  7.93224E+00
  2.55859E-01  7.88083E+00
  2.59766E-01  7.82827E+00
  2.63672E-01  7.77450E+00
  2.67578E-01  7.71950E+00
  2.71484E-01  7.66321E+00
  2.75391E-01  7.60561E+00
  2.79297E-01  7.54663E+00
  2.83203E-01  7.48622E+00
  2.87109E-01  7.42434E+00
  2.91016E-01  7.36091E+00
  2.94922E-01  7.29587E+00
  2.98828E-01  7.22916E+00
  3.02734E-01  7.16069E+00
  3.06641E-01  7.09037E+00
  3.10547E-01  7.01813E+00
  3.14453E-01  6.94383E+00
  3.18359E-01  6.86739E+00
  3.22266E-01  6.78866E+00
  3.26172E-01  6.70751E+00
  3.30078E-01  6.62379E+00
  3.33984E-01  6.53732E+00
  3.37891E-01  6.44790E+00
  3.41797E-01  6.35529E+00
  3.45703E-01  6.25914E+00
  3.49609E-01  6.15557E+00
  3.53516E-01  5.94363E+00
  3.57422E-01  4.28514E-18
  3.61328E-01  4.18102E-18
  3.65234E-01  4.04580E-18
  3.69141E-01  3.92184E-18
  3.73047E-01  3.79768E-18
  3.76953E-01  3.68366E-18
  3.80859E-01  3.56945E-18
  3.84766E-01  3.46439E-18
  3.88672E-01  3.35918E-18
  3.92578E-01  3.26228E-18
  3.96484E-01  3.16523E-18
  4.00391E-01  3.07567E-18
  4.04297E-01  2.98599E-18
  4.08203E-01  2.90310E-18
  4.12109E-01  2.82009E-18
  4.16016E-01  2.74323E-18
  4.19922E-01  2.66626E-18
  4.23828E-01  2.59489E-18
  4.27734E-01  2.52341E-18
  4.31641E-01  2.45700E-18
  4.35547E-01  2.39050E-18
  4.39453E-01  2.32865E-18
  4.43359E-01  2.26674E-18
  4.47266E-01  2.20908E-18
  4.51172E-01  2.15136E-18
  4.55078E-01  2.09754E-18
  4.58984E-01  2.04368E-18
  4.62891E-01  1.99342E-18
  4.66797E-01  1.94310E-18
  4.70703E-01  1.89611E-18
  4.74609E-01  1.84906E-18
  4.78516E-01  1.80505E-18
  4.82422E-01  1.76098E-18
  4.86328E-01  1.71972E-18
  4.90234E-01  1.67843E-18
  4.94141E-01  1.63974E-18
  4.98047E-01  1.60101E-18
  5.01953E-01  1.56466E-18
  5.05859E-01  1.52829E-18
  5.09766E-01  1.49413E-18
  5.13672E-01  1.45993E-18
  5.17578E-01  1.42776E-18
  5.21484E-01  1.39558E-18
  5.25391E-01  1.36528E-18
  5.29297E-01  1.33495E-18
  5.33203E-01  1.30638E-18
  5.37109E-01  1.27777E-18
  5.41016E-01  1.25080E-18
  5.44922E-01  1.22380E-18
  5.48828E-01  1.19834E-18
  5.52734E-01  1.17285E-18
  5.56641E-01  1.14878E-18
  5.60547E-01  1.12470E-18
  5.64453E-01  1.10195E-18
  5.68359E-01  1.07919E-18
  5.72266E-01  1.05765E-18
  5.76172E-01  1.03610E-18
  5.80078E-01  1.01571E-18
  5.83984E-01  9.95299E-19
  5.87891E-01  9.75974E-19
  5.91797E-01  9.56630E-19
  5.95703E-01  9.38292E-19
  5.99609E-01  9.19935E-19
  6.03516E-01  9.02493E-19
  6.07422E-01  8.85037E-19
  6.11328E-01  8.68453E-19
  6.15234E-01  8.51865E-19
  6.19141E-01  8.36114E-19
  6.23047E-01  8.20358E-19
  6.26953E-01  8.05391E-19
  6.30859E-01  7.90413E-19
  6.34766E-01  7.76168E-19
  6.38672E-01  7.61910E-19
  6.42578E-01  7.48334E-19
  6.46484E-01  7.34752E-19
  6.50391E-01  7.21817E-19
  6.54297E-01  7.08878E-19
  6.58203E-01  6.96555E-19
  6.62109E-01  6.84223E-19
  6.66016E-01  6.72476E-19
  6.69922E-01  6.60720E-19
  6.73828E-01  6.49508E-19
  6.77734E-01  6.38286E-19
  6.81641E-01  6.27566E-19
  6.85547E-01  6.16842E-19
  6.89453E-01  6.06594E-19
  6.93359E-01  5.96344E-19
  6.97266E-01  5.86547E-19
  7.01172E-01  5.76744E-19
  7.05078E-01  5.67377E-19
  7.08984E-01  5.58003E-19
  7.12891E-01  5.49042E-19
  7.16797E-01  5.40075E-19
  7.20703E-01  5.31503E-19
  7.24609E-01  5.22926E-19
  7.28516E-01  5.14715E-19
  7.32422E-01  5.06498E-19
  7.36328E-01  4.98631E-19
  7.40234E-01  4.90759E-19
  7.44141E-01  4.83212E-19
  7.48047E-01  4.75663E-19
  7.51953E-01  4.68421E-19
  7.55859E-01  4.61178E-19
  7.59766E-01  4.54231E-19
  7.63672E-01  4.47278E-19
  7.67578E-01  4.40611E-19
  7.71484E-01  4.33939E-19
  7.75391E-01  4.27534E-19
  7.79297E-01  4.21125E-19
  7.83203E-01  4.14972E-19
  7.87109E-01  4.08815E-19
  7.91016E-01  4.02903E-19
  7.94922E-01  3.96987E-19
  7.98828E-01  3.91304E-19
  8.02734E-01  3.85618E-19
  8.06641E-01  3.80152E-19
  8.10547E-01  3.74685E-19
  8.14453E-01  3.69428E-19
  8.18359E-01  3.64168E-19
  8.22266E-01  3.59108E-19
  8.26172E-01  3.54045E-19
  8.30078E-01  3.49173E-19
  8.33984E-01  3.44300E-19
  8.37891E-01  3.39609E-19
  8.41797E-01  3.34915E-19
  8.45703E-01  3.30396E-19
  8.49609E-01  3.25874E-19
  8.53516E-01  3.21520E-19
  8.57422E-01  3.17164E-19
  8.61328E-01  3.12967E-19
  8.65234E-01  3.08769E-19
  8.69141E-01  3.04723E-19
  8.73047E-01  3.00675E-19
  8.76953E-01  2.96774E-19
  8.80859E-01  2.92871E-19
  8.84766E-01  2.89109E-19
  8.88672E-01  2.85344E-19
  8.92578E-01  2.81714E-19
  8.96484E-01  2.78082E-19
  9.00391E-01  2.74580E-19
  9.04297E-01  2.71075E-19
  9.08203E-01  2.67696E-19
  9.12109E-01  2.64315E-19
  9.16016E-01  2.61054E-19
  9.19922E-01  2.57791E-19
  9.23828E-01  2.54645E-19
  9.27734E-01  2.51496E-19
  9.31641E-01  2.48462E-19
  9.35547E-01  2.45425E-19
  9.39453E-01  2.42499E-19
  9.43359E-01  2.39571E-19
  9.47266E-01  2.36752E-19
  9.51172E-01  2.33930E-19
  9.55078E-01  2.31218E-19
  9.58984E-01  2.28504E-19
  9.62891E-01  2.25901E-19
  9.66797E-01  2.23295E-19
  9.70703E-01  2.20808E-19
  9.74609E-01  2.18320E-19
  9.78516E-01  2.15969E-19
  9.82422E-01  2.13617E-19
  9.86328E-01  2.11458E-19
  9.90234E-01  2.09309E-19
  9.94141E-01  2.07623E-19
  9.98047E-01  2.06806E-19
  1.00195E+00  2.06806E-19
