 -1.95312E-03  9.53976E+00
  1.95312E-03  9.54010E+00
  5.85938E-03  9.53536E+00
  9.76562E-03  9.53068E+00
  1.36719E-02  9.52547E+00
  1.75781E-02  9.51964E+00
  2.14844E-02  9.51318E+00
  2.53906E-02  9.50607E+00
  2.92969E-02  9.49832E+00
  3.32031E-02  9.48993E+00
  3.71094E-02  9.48089E+00
  4.10156E-02  9.47121E+00
  4.49219E-02  9.46089E+00
  4.88281E-02  9.44993E+00
  5.27344E-02  9.43832E+00
  5.66406E-02  9.42609E+00
  6.05469E-02  9.41321E+00
  6.44531E-02  9.39970E+00
  6.83594E-02  9.38555E+00
  7.22656E-02  9.37076E+00
  7.61719E-02  9.35533E+00
  8.00781E-02  9.33926E+00
  8.39844E-02  9.32255E+00
  8.78906E-02  9.30521E+00
  9.17969E-02  9.28722E+00
  9.57031E-02  9.26859E+00
  9.96094E-02  9.24930E+00
  1.03516E-01  9.22938E+00
  1.07422E-01  9.20881E+00
  1.11328E-01  9.18758E+00
  1.15234E-01  9.16569E+00
  1.19141E-01  9.14314E+00
  1.23047E-01  9.11993E+00
  1.26953E-01  9.09605E+00
  1.30859E-01  9.07150E+00
  1.34766E-01  9.04627E+00
  1.38672E-01  9.02036E+00
  1.42578E-01  8.99377E+00
  1.46484E-01  8.96648E+00
  1.50391E-01  8.93850E+00
  1.54297E-01  8.90980E+00
  1.58203E-01  8.88039E+00
  1.62109E-01  8.85027E+00
  1.66016E-01  8.81942E+00
  1.69922E-01  8.78782E+00
  1.73828E-01  8.75549E+00
  1.77734E-01  8.72239E+00
  1.81641E-01  8.68854E+00
  1.85547E-01  8.65391E+00
  1.89453E-01  8.61849E+00
  1.93359E-01  8.58227E+00
  1.97266E-01  8.54524E+00
  2.01172E-01  8.50738E+00
  2.05078E-01  8.46869E+00
  2.08984E-01  8.42914E+00
  2.12891E-01  8.38872E+00
  2.16797E-01  8.34741E+00
  2.20703E-01  8.30519E+00
  2.24609E-01  8.26204E+00
  2.28516E-01  8.21795E+00
  2.32422E-01  8.17289E+00
  2.36328E-01  8.12685E+00
  2.40234E-01  8.07979E+00
  2.44141E-01  8.03169E+00
  2.48047E-01  7.98251E+00
  2.51953E-01  7.93224E+00
  2.55859E-01  7.88083E+00
  2.59766E-01  7.82826E+00
  2.63672E-01  7.77450E+00
  2.67578E-01  7.71950E+00
  2.71484E-01  7.66321E+00
  2.75391E-01  7.60561E+00
  2.79297E-01  7.54663E+00
  2.83203E-01  7.48623E+00
  2.87109E-01  7.42435E+00
  2.91016E-01  7.36092E+00
  2.94922E-01  7.29588E+00
  2.98828E-01  7.22917E+00
  3.02734E-01  7.16070E+00
  3.06641E-01  7.09039E+00
  3.10547E-01  7.01814E+00
  3.14453E-01  6.94385E+00
  3.18359E-01  6.86741E+00
  3.22266E-01  6.78868E+00
  3.26172E-01  6.70754E+00
  3.30078E-01  6.62382E+00
  3.33984E-01  6.53735E+00
  3.37891E-01  6.44793E+00
  3.41797E-01  6.35532E+00
  3.45703E-01  6.25916E+00
  3.49609E-01  6.15559E+00
  3.53516E-01  5.94364E+00
  3.57422E-01  2.49741E-17
  3.61328E-01  2.43672E-17
  3.65234E-01  2.35791E-17
  3.69141E-01  2.28564E-17
  3.73047E-01  2.21325E-17
  3.76953E-01  2.14677E-17
  3.80859E-01  2.08020E-17
  3.84766E-01  2.01896E-17
  3.88672E-01  1.95763E-17
  3.92578E-01  1.90113E-17
  3.96484E-01  1.84455E-17
  4.00391E-01  1.79231E-17
  4.04297E-01  1.74001E-17
  4.08203E-01  1.69166E-17
  4.12109E-01  1.64325E-17
  4.16016E-01  1.59843E-17
  4.19922E-01  1.55355E-17
  4.23828E-01  1.51193E-17
  4.27734E-01  1.47027E-17
  4.31641E-01  1.43160E-17
  4.35547E-01  1.39287E-17
  4.39453E-01  1.35687E-17
  4.43359E-01  1.32081E-17
  4.47266E-01  1.28725E-17
  4.51172E-01  1.25365E-17
  4.55078E-01  1.22231E-17
  4.58984E-01  1.19094E-17
  4.62891E-01  1.16165E-17
  4.66797E-01  1.13234E-17
  4.70703E-01  1.10495E-17
  4.74609E-01  1.07754E-17
  4.78516E-01  1.05189E-17
  4.82422E-01  1.02622E-17
  4.86328E-01  1.00220E-17
  4.90234E-01  9.78149E-18
  4.94141E-01  9.55610E-18
  4.98047E-01  9.33048E-18
  5.01953E-01  9.11876E-18
  5.05859E-01  8.90686E-18
  5.09766E-01  8.70786E-18
  5.13672E-01  8.50866E-18
  5.17578E-01  8.32130E-18
  5.21484E-01  8.13372E-18
  5.25391E-01  7.95697E-18
  5.29297E-01  7.78015E-18
  5.33203E-01  7.61343E-18
  5.37109E-01  7.44664E-18
  5.41016E-01  7.28932E-18
  5.44922E-01  7.13195E-18
  5.48828E-01  6.98348E-18
  5.52734E-01  6.83486E-18
  5.56641E-01  6.69460E-18
  5.60547E-01  6.55426E-18
  5.64453E-01  6.42162E-18
  5.68359E-01  6.28886E-18
  5.72266E-01  6.16327E-18
  5.76172E-01  6.03759E-18
  5.80078E-01  5.91865E-18
  5.83984E-01  5.79962E-18
  5.87891E-01  5.68690E-18
  5.91797E-01  5.57409E-18
  5.95703E-01  5.46715E-18
  5.99609E-01  5.36015E-18
  6.03516E-01  5.25866E-18
  6.07422E-01  5.15710E-18
  6.11328E-01  5.06070E-18
  6.15234E-01  4.96421E-18
  6.19141E-01  4.87249E-18
  6.23047E-01  4.78071E-18
  6.26953E-01  4.69343E-18
  6.30859E-01  4.60610E-18
  6.34766E-01  4.52300E-18
  6.38672E-01  4.43988E-18
  6.42578E-01  4.36078E-18
  6.46484E-01  4.28163E-18
  6.50391E-01  4.20632E-18
  6.54297E-01  4.13094E-18
  6.58203E-01  4.05919E-18
  6.62109E-01  3.98739E-18
  6.66016E-01  3.91900E-18
  6.69922E-01  3.85054E-18
  6.73828E-01  3.78521E-18
  6.77734E-01  3.71983E-18
  6.81641E-01  3.65737E-18
  6.85547E-01  3.59487E-18
  6.89453E-01  3.53513E-18
  6.93359E-01  3.47538E-18
  6.97266E-01  3.41829E-18
  7.01172E-01  3.36118E-18
  7.05078E-01  3.30659E-18
  7.08984E-01  3.25196E-18
  7.12891E-01  3.19972E-18
  7.16797E-01  3.14744E-18
  7.20703E-01  3.09742E-18
  7.24609E-01  3.04738E-18
  7.28516E-01  2.99948E-18
  7.32422E-01  2.95156E-18
  7.36328E-01  2.90568E-18
  7.40234E-01  2.85978E-18
  7.44141E-01  2.81581E-18
  7.48047E-01  2.77181E-18
  7.51953E-01  2.72963E-18
  7.55859E-01  2.68742E-18
  7.59766E-01  2.64695E-18
  7.63672E-01  2.60644E-18
  7.67578E-01  2.56758E-18
  7.71484E-01  2.52869E-18
  7.75391E-01  2.49137E-18
  7.79297E-01  2.45403E-18
  7.83203E-01  2.41818E-18
  7.87109E-01  2.38231E-18
  7.91016E-01  2.34786E-18
  7.94922E-01  2.31340E-18
  7.98828E-01  2.28030E-18
  8.02734E-01  2.24717E-18
  8.06641E-01  2.21532E-18
  8.10547E-01  2.18347E-18
  8.14453E-01  2.15284E-18
  8.18359E-01  2.12219E-18
  8.22266E-01  2.09272E-18
  8.26172E-01  2.06322E-18
  8.30078E-01  2.03483E-18
  8.33984E-01  2.00644E-18
  8.37891E-01  1.97909E-18
  8.41797E-01  1.95174E-18
  8.45703E-01  1.92541E-18
  8.49609E-01  1.89906E-18
  8.53516E-01  1.87368E-18
  8.57422E-01  1.84829E-18
  8.61328E-01  1.82383E-18
  8.65234E-01  1.79936E-18
  8.69141E-01  1.77578E-18
  8.73047E-01  1.75219E-18
  8.76953E-01  1.72946E-18
  8.80859E-01  1.70671E-18
  8.84766E-01  1.68478E-18
  8.88672E-01  1.66284E-18
  8.92578E-01  1.64168E-18
  8.96484E-01  1.62052E-18
  9.00391E-01  1.60011E-18
  9.04297E-01  1.57969E-18
  9.08203E-01  1.56000E-18
  9.12109E-01  1.54029E-18
  9.16016E-01  1.52129E-18
  9.19922E-01  1.50227E-18
  9.23828E-01  1.48394E-18
  9.27734E-01  1.46560E-18
  9.31641E-01  1.44791E-18
  9.35547E-01  1.43021E-18
  9.39453E-01  1.41316E-18
  9.43359E-01  1.39610E-18
  9.47266E-01  1.37967E-18
  9.51172E-01  1.36323E-18
  9.55078E-01  1.34743E-18
  9.58984E-01  1.33161E-18
  9.62891E-01  1.31644E-18
  9.66797E-01  1.30125E-18
  9.70703E-01  1.28676E-18
  9.74609E-01  1.27226E-18
  9.78516E-01  1.25856E-18
  9.82422E-01  1.24485E-18
  9.86328E-01  1.23227E-18
  9.90234E-01  1.21974E-18
  9.94141E-01  1.20992E-18
  9.98047E-01  1.20516E-18
  1.00195E+00  1.20516E-18
