 -1.95312E-03  9.53979E+00
  1.95312E-03  9.54047E+00
  5.85938E-03  9.53575E+00
  9.76562E-03  9.53107E+00
  1.36719E-02  9.52586E+00
  1.75781E-02  9.52004E+00
  2.14844E-02  9.51357E+00
  2.53906E-02  9.50647E+00
  2.92969E-02  9.49871E+00
  3.32031E-02  9.49032E+00
  3.71094E-02  9.48128E+00
  4.10156E-02  9.47160E+00
  4.49219E-02  9.46127E+00
  4.88281E-02  9.45031E+00
  5.27344E-02  9.43870E+00
  5.66406E-02  9.42646E+00
  6.05469E-02  9.41358E+00
  6.44531E-02  9.40007E+00
  6.83594E-02  9.38591E+00
  7.22656E-02  9.37111E+00
  7.61719E-02  9.35568E+00
  8.00781E-02  9.33961E+00
  8.39844E-02  9.32290E+00
  8.78906E-02  9.30554E+00
  9.17969E-02  9.28755E+00
  9.57031E-02  9.26891E+00
  9.96094E-02  9.24962E+00
  1.03516E-01  9.22969E+00
  1.07422E-01  9.20911E+00
  1.11328E-01  9.18787E+00
  1.15234E-01  9.16598E+00
  1.19141E-01  9.14342E+00
  1.23047E-01  9.12021E+00
  1.26953E-01  9.09632E+00
  1.30859E-01  9.07176E+00
  1.34766E-01  9.04653E+00
  1.38672E-01  9.02061E+00
  1.42578E-01  8.99401E+00
  1.46484E-01  8.96672E+00
  1.50391E-01  8.93872E+00
  1.54297E-01  8.91002E+00
  1.58203E-01  8.88060E+00
  1.62109E-01  8.85047E+00
  1.66016E-01  8.81960E+00
  1.69922E-01  8.78800E+00
  1.73828E-01  8.75566E+00
  1.77734E-01  8.72255E+00
  1.81641E-01  8.68869E+00
  1.85547E-01  8.65405E+00
  1.89453E-01  8.61862E+00
  1.93359E-01  8.58239E+00
  1.97266E-01  8.54534E+00
  2.01172E-01  8.50747E+00
  2.05078E-01  8.46876E+00
  2.08984E-01  8.42920E+00
  2.12891E-01  8.38877E+00
  2.16797E-01  8.34745E+00
  2.20703E-01  8.30522E+00
  2.24609E-01  8.26207E+00
  2.28516E-01  8.21797E+00
  2.32422E-01  8.17291E+00
  2.36328E-01  8.12685E+00
  2.40234E-01  8.07979E+00
  2.44141E-01  8.03168E+00
  2.48047E-01  7.98249E+00
  2.51953E-01  7.93221E+00
  2.55859E-01  7.88080E+00
  2.59766E-01  7.82822E+00
  2.63672E-01  7.77445E+00
  2.67578E-01  7.71944E+00
  2.71484E-01  7.66315E+00
  2.75391E-01  7.60553E+00
  2.79297E-01  7.54654E+00
  2.83203E-01  7.48613E+00
  2.87109E-01  7.42423E+00
  2.91016E-01  7.36079E+00
  2.94922E-01  7.29574E+00
  2.98828E-01  7.22902E+00
  3.02734E-01  7.16054E+00
  3.06641E-01  7.09022E+00
  3.10547E-01  7.01796E+00
  3.14453E-01  6.94365E+00
  3.18359E-01  6.86720E+00
  3.22266E-01  6.78846E+00
  3.26172E-01  6.70731E+00
  3.30078E-01  6.62358E+00
  3.33984E-01  6.53709E+00
  3.37891E-01  6.44766E+00
  3.41797E-01  6.35505E+00
  3.45703E-01  6.25888E+00
  3.49609E-01  6.15530E+00
  3.53516E-01  5.94333E+00
  3.57422E-01  6.50432E-34
  3.61328E-01  6.34620E-34
  3.65234E-01  6.14087E-34
  3.69141E-01  5.95268E-34
  3.73047E-01  5.76420E-34
  3.76953E-01  5.59112E-34
  3.80859E-01  5.41778E-34
  3.84766E-01  5.25834E-34
  3.88672E-01  5.09867E-34
  3.92578E-01  4.95152E-34
  3.96484E-01  4.80415E-34
  4.00391E-01  4.66815E-34
  4.04297E-01  4.53196E-34
  4.08203E-01  4.40609E-34
  4.12109E-01  4.28003E-34
  4.16016E-01  4.16328E-34
  4.19922E-01  4.04641E-34
  4.23828E-01  3.93807E-34
  4.27734E-01  3.82956E-34
  4.31641E-01  3.72879E-34
  4.35547E-01  3.62791E-34
  4.39453E-01  3.53409E-34
  4.43359E-01  3.44016E-34
  4.47266E-01  3.35269E-34
  4.51172E-01  3.26512E-34
  4.55078E-01  3.18350E-34
  4.58984E-01  3.10179E-34
  4.62891E-01  3.02555E-34
  4.66797E-01  2.94923E-34
  4.70703E-01  2.87792E-34
  4.74609E-01  2.80656E-34
  4.78516E-01  2.73982E-34
  4.82422E-01  2.67302E-34
  4.86328E-01  2.61048E-34
  4.90234E-01  2.54787E-34
  4.94141E-01  2.48915E-34
  4.98047E-01  2.43039E-34
  5.01953E-01  2.37523E-34
  5.05859E-01  2.32002E-34
  5.09766E-01  2.26812E-34
  5.13672E-01  2.21617E-34
  5.17578E-01  2.16728E-34
  5.21484E-01  2.11836E-34
  5.25391E-01  2.07231E-34
  5.29297E-01  2.02622E-34
  5.33203E-01  1.98281E-34
  5.37109E-01  1.93938E-34
  5.41016E-01  1.89844E-34
  5.44922E-01  1.85747E-34
  5.48828E-01  1.81884E-34
  5.52734E-01  1.78017E-34
  5.56641E-01  1.74364E-34
  5.60547E-01  1.70708E-34
  5.64453E-01  1.67253E-34
  5.68359E-01  1.63795E-34
  5.72266E-01  1.60526E-34
  5.76172E-01  1.57255E-34
  5.80078E-01  1.54158E-34
  5.83984E-01  1.51059E-34
  5.87891E-01  1.48124E-34
  5.91797E-01  1.45186E-34
  5.95703E-01  1.42401E-34
  5.99609E-01  1.39614E-34
  6.03516E-01  1.36969E-34
  6.07422E-01  1.34323E-34
  6.11328E-01  1.31809E-34
  6.15234E-01  1.29293E-34
  6.19141E-01  1.26903E-34
  6.23047E-01  1.24512E-34
  6.26953E-01  1.22238E-34
  6.30859E-01  1.19964E-34
  6.34766E-01  1.17801E-34
  6.38672E-01  1.15638E-34
  6.42578E-01  1.13580E-34
  6.46484E-01  1.11521E-34
  6.50391E-01  1.09562E-34
  6.54297E-01  1.07602E-34
  6.58203E-01  1.05734E-34
  6.62109E-01  1.03864E-34
  6.66016E-01  1.02080E-34
  6.69922E-01  1.00295E-34
  6.73828E-01  9.85902E-35
  6.77734E-01  9.68849E-35
  6.81641E-01  9.52562E-35
  6.85547E-01  9.36271E-35
  6.89453E-01  9.20719E-35
  6.93359E-01  9.05160E-35
  6.97266E-01  8.90295E-35
  7.01172E-01  8.75420E-35
  7.05078E-01  8.61199E-35
  7.08984E-01  8.46970E-35
  7.12891E-01  8.33364E-35
  7.16797E-01  8.19750E-35
  7.20703E-01  8.06729E-35
  7.24609E-01  7.93701E-35
  7.28516E-01  7.81236E-35
  7.32422E-01  7.68763E-35
  7.36328E-01  7.56817E-35
  7.40234E-01  7.44863E-35
  7.44141E-01  7.33404E-35
  7.48047E-01  7.21942E-35
  7.51953E-01  7.10951E-35
  7.55859E-01  6.99955E-35
  7.59766E-01  6.89410E-35
  7.63672E-01  6.78859E-35
  7.67578E-01  6.68736E-35
  7.71484E-01  6.58607E-35
  7.75391E-01  6.48888E-35
  7.79297E-01  6.39164E-35
  7.83203E-01  6.29830E-35
  7.87109E-01  6.20492E-35
  7.91016E-01  6.11522E-35
  7.94922E-01  6.02549E-35
  7.98828E-01  5.93927E-35
  8.02734E-01  5.85298E-35
  8.06641E-01  5.77006E-35
  8.10547E-01  5.68709E-35
  8.14453E-01  5.60728E-35
  8.18359E-01  5.52744E-35
  8.22266E-01  5.45065E-35
  8.26172E-01  5.37382E-35
  8.30078E-01  5.29987E-35
  8.33984E-01  5.22588E-35
  8.37891E-01  5.15469E-35
  8.41797E-01  5.08345E-35
  8.45703E-01  5.01486E-35
  8.49609E-01  4.94621E-35
  8.53516E-01  4.88011E-35
  8.57422E-01  4.81400E-35
  8.61328E-01  4.75029E-35
  8.65234E-01  4.68655E-35
  8.69141E-01  4.62516E-35
  8.73047E-01  4.56372E-35
  8.76953E-01  4.50448E-35
  8.80859E-01  4.44526E-35
  8.84766E-01  4.38813E-35
  8.88672E-01  4.33098E-35
  8.92578E-01  4.27590E-35
  8.96484E-01  4.22077E-35
  9.00391E-01  4.16761E-35
  9.04297E-01  4.11441E-35
  9.08203E-01  4.06312E-35
  9.12109E-01  4.01178E-35
  9.16016E-01  3.96231E-35
  9.19922E-01  3.91277E-35
  9.23828E-01  3.86503E-35
  9.27734E-01  3.81725E-35
  9.31641E-01  3.77118E-35
  9.35547E-01  3.72509E-35
  9.39453E-01  3.68067E-35
  9.43359E-01  3.63624E-35
  9.47266E-01  3.59345E-35
  9.51172E-01  3.55064E-35
  9.55078E-01  3.50948E-35
  9.58984E-01  3.46827E-35
  9.62891E-01  3.42876E-35
  9.66797E-01  3.38921E-35
  9.70703E-01  3.35147E-35
  9.74609E-01  3.31369E-35
  9.78516E-01  3.27801E-35
  9.82422E-01  3.24230E-35
  9.86328E-01  3.20954E-35
  9.90234E-01  3.17692E-35
  9.94141E-01  3.15131E-35
  9.98047E-01  3.13887E-35
  1.00195E+00  3.13887E-35
