 -1.95312E-03  9.53968E+00
  1.95312E-03  9.54036E+00
  5.85938E-03  9.53564E+00
  9.76562E-03  9.53097E+00
  1.36719E-02  9.52575E+00
  1.75781E-02  9.51993E+00
  2.14844E-02  9.51347E+00
  2.53906E-02  9.50636E+00
  2.92969E-02  9.49861E+00
  3.32031E-02  9.49021E+00
  3.71094E-02  9.48117E+00
  4.10156E-02  9.47149E+00
  4.49219E-02  9.46117E+00
  4.88281E-02  9.45020E+00
  5.27344E-02  9.43860E+00
  5.66406E-02  9.42636E+00
  6.05469E-02  9.41348E+00
  6.44531E-02  9.39997E+00
  6.83594E-02  9.38581E+00
  7.22656E-02  9.37102E+00
  7.61719E-02  9.35559E+00
  8.00781E-02  9.33952E+00
  8.39844E-02  9.32281E+00
  8.78906E-02  9.30546E+00
  9.17969E-02  9.28746E+00
  9.57031E-02  9.26882E+00
  9.96094E-02  9.24954E+00
  1.03516E-01  9.22961E+00
  1.07422E-01  9.20903E+00
  1.11328E-01  9.18779E+00
  1.15234E-01  9.16590E+00
  1.19141E-01  9.14334E+00
  1.23047E-01  9.12013E+00
  1.26953E-01  9.09624E+00
  1.30859E-01  9.07168E+00
  1.34766E-01  9.04645E+00
  1.38672E-01  9.02054E+00
  1.42578E-01  8.99394E+00
  1.46484E-01  8.96664E+00
  1.50391E-01  8.93865E+00
  1.54297E-01  8.90995E+00
  1.58203E-01  8.88054E+00
  1.62109E-01  8.85041E+00
  1.66016E-01  8.81955E+00
  1.69922E-01  8.78795E+00
  1.73828E-01  8.75561E+00
  1.77734E-01  8.72251E+00
  1.81641E-01  8.68865E+00
  1.85547E-01  8.65401E+00
  1.89453E-01  8.61858E+00
  1.93359E-01  8.58236E+00
  1.97266E-01  8.54531E+00
  2.01172E-01  8.50745E+00
  2.05078E-01  8.46874E+00
  2.08984E-01  8.42918E+00
  2.12891E-01  8.38875E+00
  2.16797E-01  8.34743E+00
  2.20703E-01  8.30520E+00
  2.24609E-01  8.26205E+00
  2.28516E-01  8.21796E+00
  2.32422E-01  8.17290E+00
  2.36328E-01  8.12685E+00
  2.40234E-01  8.07978E+00
  2.44141E-01  8.03168E+00
  2.48047E-01  7.98250E+00
  2.51953E-01  7.93222E+00
  2.55859E-01  7.88081E+00
  2.59766E-01  7.82824E+00
  2.63672E-01  7.77446E+00
  2.67578E-01  7.71945E+00
  2.71484E-01  7.66316E+00
  2.75391E-01  7.60555E+00
  2.79297E-01  7.54656E+00
  2.83203E-01  7.48615E+00
  2.87109E-01  7.42426E+00
  2.91016E-01  7.36082E+00
  2.94922E-01  7.29578E+00
  2.98828E-01  7.22906E+00
  3.02734E-01  7.16058E+00
  3.06641E-01  7.09026E+00
  3.10547E-01  7.01800E+00
  3.14453E-01  6.94371E+00
  3.18359E-01  6.86726E+00
  3.22266E-01  6.78853E+00
  3.26172E-01  6.70737E+00
  3.30078E-01  6.62365E+00
  3.33984E-01  6.53717E+00
  3.37891E-01  6.44775E+00
  3.41797E-01  6.35514E+00
  3.45703E-01  6.25897E+00
  3.49609E-01  6.15540E+00
  3.53516E-01  5.94343E+00
  3.57422E-01  3.23917E-27
  3.61328E-01  3.16051E-27
  3.65234E-01  3.05839E-27
  3.69141E-01  2.96478E-27
  3.73047E-01  2.87100E-27
  3.76953E-01  2.78485E-27
  3.80859E-01  2.69856E-27
  3.84766E-01  2.61914E-27
  3.88672E-01  2.53960E-27
  3.92578E-01  2.46626E-27
  3.96484E-01  2.39283E-27
  4.00391E-01  2.32504E-27
  4.04297E-01  2.25717E-27
  4.08203E-01  2.19442E-27
  4.12109E-01  2.13160E-27
  4.16016E-01  2.07343E-27
  4.19922E-01  2.01519E-27
  4.23828E-01  1.96121E-27
  4.27734E-01  1.90715E-27
  4.31641E-01  1.85694E-27
  4.35547E-01  1.80668E-27
  4.39453E-01  1.75996E-27
  4.43359E-01  1.71318E-27
  4.47266E-01  1.66965E-27
  4.51172E-01  1.62606E-27
  4.55078E-01  1.58543E-27
  4.58984E-01  1.54476E-27
  4.62891E-01  1.50681E-27
  4.66797E-01  1.46882E-27
  4.70703E-01  1.43330E-27
  4.74609E-01  1.39776E-27
  4.78516E-01  1.36450E-27
  4.82422E-01  1.33120E-27
  4.86328E-01  1.30001E-27
  4.90234E-01  1.26879E-27
  4.94141E-01  1.23952E-27
  4.98047E-01  1.21023E-27
  5.01953E-01  1.18274E-27
  5.05859E-01  1.15524E-27
  5.09766E-01  1.12940E-27
  5.13672E-01  1.10354E-27
  5.17578E-01  1.07923E-27
  5.21484E-01  1.05490E-27
  5.25391E-01  1.03202E-27
  5.29297E-01  1.00912E-27
  5.33203E-01  9.87547E-28
  5.37109E-01  9.65954E-28
  5.41016E-01  9.45585E-28
  5.44922E-01  9.25197E-28
  5.48828E-01  9.05944E-28
  5.52734E-01  8.86677E-28
  5.56641E-01  8.68474E-28
  5.60547E-01  8.50254E-28
  5.64453E-01  8.33029E-28
  5.68359E-01  8.15792E-28
  5.72266E-01  7.99491E-28
  5.76172E-01  7.83177E-28
  5.80078E-01  7.67747E-28
  5.83984E-01  7.52303E-28
  5.87891E-01  7.37676E-28
  5.91797E-01  7.23038E-28
  5.95703E-01  7.09161E-28
  5.99609E-01  6.95274E-28
  6.03516E-01  6.82098E-28
  6.07422E-01  6.68914E-28
  6.11328E-01  6.56400E-28
  6.15234E-01  6.43880E-28
  6.19141E-01  6.31989E-28
  6.23047E-01  6.20092E-28
  6.26953E-01  6.08790E-28
  6.30859E-01  5.97478E-28
  6.34766E-01  5.86717E-28
  6.38672E-01  5.75946E-28
  6.42578E-01  5.65688E-28
  6.46484E-01  5.55423E-28
  6.50391E-01  5.45642E-28
  6.54297E-01  5.35859E-28
  6.58203E-01  5.26533E-28
  6.62109E-01  5.17205E-28
  6.66016E-01  5.08314E-28
  6.69922E-01  4.99416E-28
  6.73828E-01  4.90934E-28
  6.77734E-01  4.82448E-28
  6.81641E-01  4.74356E-28
  6.85547E-01  4.66259E-28
  6.89453E-01  4.58528E-28
  6.93359E-01  4.50792E-28
  6.97266E-01  4.43398E-28
  7.01172E-01  4.35997E-28
  7.05078E-01  4.28921E-28
  7.08984E-01  4.21836E-28
  7.12891E-01  4.15061E-28
  7.16797E-01  4.08280E-28
  7.20703E-01  4.01794E-28
  7.24609E-01  3.95303E-28
  7.28516E-01  3.89089E-28
  7.32422E-01  3.82871E-28
  7.36328E-01  3.76917E-28
  7.40234E-01  3.70959E-28
  7.44141E-01  3.65250E-28
  7.48047E-01  3.59538E-28
  7.51953E-01  3.54064E-28
  7.55859E-01  3.48588E-28
  7.59766E-01  3.43338E-28
  7.63672E-01  3.38086E-28
  7.67578E-01  3.33047E-28
  7.71484E-01  3.28005E-28
  7.75391E-01  3.23166E-28
  7.79297E-01  3.18323E-28
  7.83203E-01  3.13674E-28
  7.87109E-01  3.09022E-28
  7.91016E-01  3.04553E-28
  7.94922E-01  3.00082E-28
  7.98828E-01  2.95786E-28
  8.02734E-01  2.91487E-28
  8.06641E-01  2.87356E-28
  8.10547E-01  2.83222E-28
  8.14453E-01  2.79248E-28
  8.18359E-01  2.75272E-28
  8.22266E-01  2.71447E-28
  8.26172E-01  2.67621E-28
  8.30078E-01  2.63940E-28
  8.33984E-01  2.60256E-28
  8.37891E-01  2.56711E-28
  8.41797E-01  2.53165E-28
  8.45703E-01  2.49749E-28
  8.49609E-01  2.46332E-28
  8.53516E-01  2.43041E-28
  8.57422E-01  2.39748E-28
  8.61328E-01  2.36576E-28
  8.65234E-01  2.33402E-28
  8.69141E-01  2.30343E-28
  8.73047E-01  2.27283E-28
  8.76953E-01  2.24334E-28
  8.80859E-01  2.21383E-28
  8.84766E-01  2.18538E-28
  8.88672E-01  2.15692E-28
  8.92578E-01  2.12948E-28
  8.96484E-01  2.10202E-28
  9.00391E-01  2.07555E-28
  9.04297E-01  2.04906E-28
  9.08203E-01  2.02352E-28
  9.12109E-01  1.99795E-28
  9.16016E-01  1.97331E-28
  9.19922E-01  1.94864E-28
  9.23828E-01  1.92487E-28
  9.27734E-01  1.90107E-28
  9.31641E-01  1.87813E-28
  9.35547E-01  1.85517E-28
  9.39453E-01  1.83305E-28
  9.43359E-01  1.81092E-28
  9.47266E-01  1.78961E-28
  9.51172E-01  1.76829E-28
  9.55078E-01  1.74778E-28
  9.58984E-01  1.72726E-28
  9.62891E-01  1.70759E-28
  9.66797E-01  1.68789E-28
  9.70703E-01  1.66910E-28
  9.74609E-01  1.65028E-28
  9.78516E-01  1.63251E-28
  9.82422E-01  1.61473E-28
  9.86328E-01  1.59841E-28
  9.90234E-01  1.58217E-28
  9.94141E-01  1.56942E-28
  9.98047E-01  1.56325E-28
  1.00195E+00  1.56325E-28
