 -1.95312E-03  9.53969E+00
  1.95312E-03  9.54037E+00
  5.85938E-03  9.53565E+00
  9.76562E-03  9.53097E+00
  1.36719E-02  9.52576E+00
  1.75781E-02  9.51994E+00
  2.14844E-02  9.51347E+00
  2.53906E-02  9.50637E+00
  2.92969E-02  9.49862E+00
  3.32031E-02  9.49022E+00
  3.71094E-02  9.48118E+00
  4.10156E-02  9.47150E+00
  4.49219E-02  9.46117E+00
  4.88281E-02  9.45021E+00
  5.27344E-02  9.43861E+00
  5.66406E-02  9.42637E+00
  6.05469E-02  9.41349E+00
  6.44531E-02  9.39998E+00
  6.83594E-02  9.38582E+00
  7.22656E-02  9.37103E+00
  7.61719E-02  9.35559E+00
  8.00781E-02  9.33952E+00
  8.39844E-02  9.32281E+00
  8.78906E-02  9.30546E+00
  9.17969E-02  9.28747E+00
  9.57031E-02  9.26883E+00
  9.96094E-02  9.24954E+00
  1.03516E-01  9.22961E+00
  1.07422E-01  9.20903E+00
  1.11328E-01  9.18779E+00
  1.15234E-01  9.16590E+00
  1.19141E-01  9.14335E+00
  1.23047E-01  9.12013E+00
  1.26953E-01  9.09624E+00
  1.30859E-01  9.07169E+00
  1.34766E-01  9.04646E+00
  1.38672E-01  9.02054E+00
  1.42578E-01  8.99394E+00
  1.46484E-01  8.96665E+00
  1.50391E-01  8.93866E+00
  1.54297E-01  8.90996E+00
  1.58203E-01  8.88054E+00
  1.62109E-01  8.85041E+00
  1.66016E-01  8.81955E+00
  1.69922E-01  8.78795E+00
  1.73828E-01  8.75561E+00
  1.77734E-01  8.72251E+00
  1.81641E-01  8.68865E+00
  1.85547E-01  8.65401E+00
  1.89453E-01  8.61858E+00
  1.93359E-01  8.58235E+00
  1.97266E-01  8.54531E+00
  2.01172E-01  8.50745E+00
  2.05078E-01  8.46874E+00
  2.08984E-01  8.42918E+00
  2.12891E-01  8.38875E+00
  2.16797E-01  8.34743E+00
  2.20703E-01  8.30521E+00
  2.24609E-01  8.26206E+00
  2.28516E-01  8.21796E+00
  2.32422E-01  8.17290E+00
  2.36328E-01  8.12685E+00
  2.40234E-01  8.07979E+00
  2.44141E-01  8.03168E+00
  2.48047E-01  7.98250E+00
  2.51953E-01  7.93222E+00
  2.55859E-01  7.88081E+00
  2.59766E-01  7.82824E+00
  2.63672E-01  7.77446E+00
  2.67578E-01  7.71945E+00
  2.71484E-01  7.66316E+00
  2.75391E-01  7.60555E+00
  2.79297E-01  7.54656E+00
  2.83203E-01  7.48615E+00
  2.87109E-01  7.42426E+00
  2.91016E-01  7.36082E+00
  2.94922E-01  7.29578E+00
  2.98828E-01  7.22906E+00
  3.02734E-01  7.16057E+00
  3.06641E-01  7.09025E+00
  3.10547E-01  7.01800E+00
  3.14453E-01  6.94370E+00
  3.18359E-01  6.86725E+00
  3.22266E-01  6.78852E+00
  3.26172E-01  6.70737E+00
  3.30078E-01  6.62365E+00
  3.33984E-01  6.53717E+00
  3.37891E-01  6.44774E+00
  3.41797E-01  6.35513E+00
  3.45703E-01  6.25897E+00
  3.49609E-01  6.15539E+00
  3.53516E-01  5.94342E+00
  3.57422E-01  1.55429E-27
  3.61328E-01  1.51656E-27
  3.65234E-01  1.46755E-27
  3.69141E-01  1.42260E-27
  3.73047E-01  1.37759E-27
  3.76953E-01  1.33622E-27
  3.80859E-01  1.29479E-27
  3.84766E-01  1.25667E-27
  3.88672E-01  1.21850E-27
  3.92578E-01  1.18330E-27
  3.96484E-01  1.14807E-27
  4.00391E-01  1.11556E-27
  4.04297E-01  1.08300E-27
  4.08203E-01  1.05289E-27
  4.12109E-01  1.02275E-27
  4.16016E-01  9.94856E-28
  4.19922E-01  9.66919E-28
  4.23828E-01  9.41013E-28
  4.27734E-01  9.15072E-28
  4.31641E-01  8.90990E-28
  4.35547E-01  8.66876E-28
  4.39453E-01  8.44468E-28
  4.43359E-01  8.22033E-28
  4.47266E-01  8.01145E-28
  4.51172E-01  7.80231E-28
  4.55078E-01  7.60741E-28
  4.58984E-01  7.41228E-28
  4.62891E-01  7.23010E-28
  4.66797E-01  7.04772E-28
  4.70703E-01  6.87728E-28
  4.74609E-01  6.70667E-28
  4.78516E-01  6.54703E-28
  4.82422E-01  6.38723E-28
  4.86328E-01  6.23757E-28
  4.90234E-01  6.08776E-28
  4.94141E-01  5.94739E-28
  4.98047E-01  5.80689E-28
  5.01953E-01  5.67506E-28
  5.05859E-01  5.54311E-28
  5.09766E-01  5.41919E-28
  5.13672E-01  5.29516E-28
  5.17578E-01  5.17860E-28
  5.21484E-01  5.06192E-28
  5.25391E-01  4.95215E-28
  5.29297E-01  4.84227E-28
  5.33203E-01  4.73867E-28
  5.37109E-01  4.63496E-28
  5.41016E-01  4.53713E-28
  5.44922E-01  4.43920E-28
  5.48828E-01  4.34678E-28
  5.52734E-01  4.25427E-28
  5.56641E-01  4.16690E-28
  5.60547E-01  4.07945E-28
  5.64453E-01  3.99684E-28
  5.68359E-01  3.91416E-28
  5.72266E-01  3.83602E-28
  5.76172E-01  3.75780E-28
  5.80078E-01  3.68376E-28
  5.83984E-01  3.60966E-28
  5.87891E-01  3.53947E-28
  5.91797E-01  3.46924E-28
  5.95703E-01  3.40265E-28
  5.99609E-01  3.33603E-28
  6.03516E-01  3.27283E-28
  6.07422E-01  3.20959E-28
  6.11328E-01  3.14958E-28
  6.15234E-01  3.08952E-28
  6.19141E-01  3.03250E-28
  6.23047E-01  2.97543E-28
  6.26953E-01  2.92118E-28
  6.30859E-01  2.86687E-28
  6.34766E-01  2.81519E-28
  6.38672E-01  2.76347E-28
  6.42578E-01  2.71422E-28
  6.46484E-01  2.66495E-28
  6.50391E-01  2.61802E-28
  6.54297E-01  2.57108E-28
  6.58203E-01  2.52636E-28
  6.62109E-01  2.48160E-28
  6.66016E-01  2.43898E-28
  6.69922E-01  2.39632E-28
  6.73828E-01  2.35567E-28
  6.77734E-01  2.31499E-28
  6.81641E-01  2.27617E-28
  6.85547E-01  2.23732E-28
  6.89453E-01  2.20021E-28
  6.93359E-01  2.16307E-28
  6.97266E-01  2.12755E-28
  7.01172E-01  2.09202E-28
  7.05078E-01  2.05803E-28
  7.08984E-01  2.02404E-28
  7.12891E-01  1.99152E-28
  7.16797E-01  1.95899E-28
  7.20703E-01  1.92786E-28
  7.24609E-01  1.89671E-28
  7.28516E-01  1.86689E-28
  7.32422E-01  1.83706E-28
  7.36328E-01  1.80849E-28
  7.40234E-01  1.77990E-28
  7.44141E-01  1.75252E-28
  7.48047E-01  1.72512E-28
  7.51953E-01  1.69887E-28
  7.55859E-01  1.67260E-28
  7.59766E-01  1.64741E-28
  7.63672E-01  1.62221E-28
  7.67578E-01  1.59803E-28
  7.71484E-01  1.57384E-28
  7.75391E-01  1.55061E-28
  7.79297E-01  1.52738E-28
  7.83203E-01  1.50506E-28
  7.87109E-01  1.48274E-28
  7.91016E-01  1.46129E-28
  7.94922E-01  1.43984E-28
  7.98828E-01  1.41922E-28
  8.02734E-01  1.39860E-28
  8.06641E-01  1.37878E-28
  8.10547E-01  1.35895E-28
  8.14453E-01  1.33989E-28
  8.18359E-01  1.32081E-28
  8.22266E-01  1.30246E-28
  8.26172E-01  1.28411E-28
  8.30078E-01  1.26644E-28
  8.33984E-01  1.24877E-28
  8.37891E-01  1.23176E-28
  8.41797E-01  1.21474E-28
  8.45703E-01  1.19835E-28
  8.49609E-01  1.18195E-28
  8.53516E-01  1.16616E-28
  8.57422E-01  1.15036E-28
  8.61328E-01  1.13514E-28
  8.65234E-01  1.11991E-28
  8.69141E-01  1.10523E-28
  8.73047E-01  1.09054E-28
  8.76953E-01  1.07639E-28
  8.80859E-01  1.06223E-28
  8.84766E-01  1.04858E-28
  8.88672E-01  1.03492E-28
  8.92578E-01  1.02176E-28
  8.96484E-01  1.00859E-28
  9.00391E-01  9.95888E-29
  9.04297E-01  9.83178E-29
  9.08203E-01  9.70920E-29
  9.12109E-01  9.58658E-29
  9.16016E-01  9.46830E-29
  9.19922E-01  9.34997E-29
  9.23828E-01  9.23586E-29
  9.27734E-01  9.12168E-29
  9.31641E-01  9.01162E-29
  9.35547E-01  8.90148E-29
  9.39453E-01  8.79536E-29
  9.43359E-01  8.68915E-29
  9.47266E-01  8.58691E-29
  9.51172E-01  8.48458E-29
  9.55078E-01  8.38621E-29
  9.58984E-01  8.28776E-29
  9.62891E-01  8.19334E-29
  9.66797E-01  8.09885E-29
  9.70703E-01  8.00867E-29
  9.74609E-01  7.91839E-29
  9.78516E-01  7.83313E-29
  9.82422E-01  7.74779E-29
  9.86328E-01  7.66951E-29
  9.90234E-01  7.59154E-29
  9.94141E-01  7.53041E-29
  9.98047E-01  7.50076E-29
  1.00195E+00  7.50076E-29
