 -1.95312E-03  9.53972E+00
  1.95312E-03  9.54039E+00
  5.85938E-03  9.53568E+00
  9.76562E-03  9.53100E+00
  1.36719E-02  9.52579E+00
  1.75781E-02  9.51997E+00
  2.14844E-02  9.51350E+00
  2.53906E-02  9.50640E+00
  2.92969E-02  9.49864E+00
  3.32031E-02  9.49024E+00
  3.71094E-02  9.48120E+00
  4.10156E-02  9.47152E+00
  4.49219E-02  9.46120E+00
  4.88281E-02  9.45023E+00
  5.27344E-02  9.43863E+00
  5.66406E-02  9.42639E+00
  6.05469E-02  9.41351E+00
  6.44531E-02  9.40000E+00
  6.83594E-02  9.38584E+00
  7.22656E-02  9.37105E+00
  7.61719E-02  9.35561E+00
  8.00781E-02  9.33954E+00
  8.39844E-02  9.32283E+00
  8.78906E-02  9.30548E+00
  9.17969E-02  9.28748E+00
  9.57031E-02  9.26885E+00
  9.96094E-02  9.24956E+00
  1.03516E-01  9.22963E+00
  1.07422E-01  9.20905E+00
  1.11328E-01  9.18781E+00
  1.15234E-01  9.16592E+00
  1.19141E-01  9.14336E+00
  1.23047E-01  9.12015E+00
  1.26953E-01  9.09626E+00
  1.30859E-01  9.07170E+00
  1.34766E-01  9.04647E+00
  1.38672E-01  9.02056E+00
  1.42578E-01  8.99396E+00
  1.46484E-01  8.96667E+00
  1.50391E-01  8.93867E+00
  1.54297E-01  8.90997E+00
  1.58203E-01  8.88056E+00
  1.62109E-01  8.85043E+00
  1.66016E-01  8.81956E+00
  1.69922E-01  8.78797E+00
  1.73828E-01  8.75562E+00
  1.77734E-01  8.72252E+00
  1.81641E-01  8.68866E+00
  1.85547E-01  8.65402E+00
  1.89453E-01  8.61859E+00
  1.93359E-01  8.58237E+00
  1.97266E-01  8.54532E+00
  2.01172E-01  8.50745E+00
  2.05078E-01  8.46875E+00
  2.08984E-01  8.42919E+00
  2.12891E-01  8.38876E+00
  2.16797E-01  8.34744E+00
  2.20703E-01  8.30521E+00
  2.24609E-01  8.26206E+00
  2.28516E-01  8.21797E+00
  2.32422E-01  8.17291E+00
  2.36328E-01  8.12685E+00
  2.40234E-01  8.07979E+00
  2.44141E-01  8.03168E+00
  2.48047E-01  7.98250E+00
  2.51953E-01  7.93222E+00
  2.55859E-01  7.88081E+00
  2.59766E-01  7.82823E+00
  2.63672E-01  7.77446E+00
  2.67578E-01  7.71944E+00
  2.71484E-01  7.66316E+00
  2.75391E-01  7.60554E+00
  2.79297E-01  7.54656E+00
  2.83203E-01  7.48614E+00
  2.87109E-01  7.42425E+00
  2.91016E-01  7.36081E+00
  2.94922E-01  7.29577E+00
  2.98828E-01  7.22905E+00
  3.02734E-01  7.16057E+00
  3.06641E-01  7.09025E+00
  3.10547E-01  7.01799E+00
  3.14453E-01  6.94369E+00
  3.18359E-01  6.86724E+00
  3.22266E-01  6.78851E+00
  3.26172E-01  6.70736E+00
  3.30078E-01  6.62363E+00
  3.33984E-01  6.53714E+00
  3.37891E-01  6.44772E+00
  3.41797E-01  6.35511E+00
  3.45703E-01  6.25895E+00
  3.49609E-01  6.15537E+00
  3.53516E-01  5.94340E+00
  3.57422E-01  8.23814E-29
  3.61328E-01  8.03789E-29
  3.65234E-01  7.77784E-29
  3.69141E-01  7.53955E-29
  3.73047E-01  7.30086E-29
  3.76953E-01  7.08168E-29
  3.80859E-01  6.86214E-29
  3.84766E-01  6.66024E-29
  3.88672E-01  6.45802E-29
  3.92578E-01  6.27161E-29
  3.96484E-01  6.08500E-29
  4.00391E-01  5.91280E-29
  4.04297E-01  5.74035E-29
  4.08203E-01  5.58087E-29
  4.12109E-01  5.42119E-29
  4.16016E-01  5.27335E-29
  4.19922E-01  5.12533E-29
  4.23828E-01  4.98804E-29
  4.27734E-01  4.85059E-29
  4.31641E-01  4.72293E-29
  4.35547E-01  4.59511E-29
  4.39453E-01  4.47627E-29
  4.43359E-01  4.35728E-29
  4.47266E-01  4.24649E-29
  4.51172E-01  4.13559E-29
  4.55078E-01  4.03224E-29
  4.58984E-01  3.92878E-29
  4.62891E-01  3.83224E-29
  4.66797E-01  3.73560E-29
  4.70703E-01  3.64532E-29
  4.74609E-01  3.55495E-29
  4.78516E-01  3.47046E-29
  4.82422E-01  3.38587E-29
  4.86328E-01  3.30662E-29
  4.90234E-01  3.22728E-29
  4.94141E-01  3.15289E-29
  4.98047E-01  3.07843E-29
  5.01953E-01  3.00852E-29
  5.05859E-01  2.93854E-29
  5.09766E-01  2.87274E-29
  5.13672E-01  2.80690E-29
  5.17578E-01  2.74499E-29
  5.21484E-01  2.68301E-29
  5.25391E-01  2.62470E-29
  5.29297E-01  2.56632E-29
  5.33203E-01  2.51138E-29
  5.37109E-01  2.45639E-29
  5.41016E-01  2.40457E-29
  5.44922E-01  2.35271E-29
  5.48828E-01  2.30376E-29
  5.52734E-01  2.25476E-29
  5.56641E-01  2.20849E-29
  5.60547E-01  2.16219E-29
  5.64453E-01  2.11845E-29
  5.68359E-01  2.07468E-29
  5.72266E-01  2.03328E-29
  5.76172E-01  1.99185E-29
  5.80078E-01  1.95263E-29
  5.83984E-01  1.91337E-29
  5.87891E-01  1.87619E-29
  5.91797E-01  1.83897E-29
  5.95703E-01  1.80369E-29
  5.99609E-01  1.76837E-29
  6.03516E-01  1.73486E-29
  6.07422E-01  1.70132E-29
  6.11328E-01  1.66947E-29
  6.15234E-01  1.63761E-29
  6.19141E-01  1.60734E-29
  6.23047E-01  1.57705E-29
  6.26953E-01  1.54827E-29
  6.30859E-01  1.51947E-29
  6.34766E-01  1.49210E-29
  6.38672E-01  1.46472E-29
  6.42578E-01  1.43868E-29
  6.46484E-01  1.41262E-29
  6.50391E-01  1.38781E-29
  6.54297E-01  1.36298E-29
  6.58203E-01  1.33929E-29
  6.62109E-01  1.31559E-29
  6.66016E-01  1.29296E-29
  6.69922E-01  1.27033E-29
  6.73828E-01  1.24872E-29
  6.77734E-01  1.22712E-29
  6.81641E-01  1.20651E-29
  6.85547E-01  1.18588E-29
  6.89453E-01  1.16619E-29
  6.93359E-01  1.14648E-29
  6.97266E-01  1.12764E-29
  7.01172E-01  1.10880E-29
  7.05078E-01  1.09079E-29
  7.08984E-01  1.07277E-29
  7.12891E-01  1.05554E-29
  7.16797E-01  1.03830E-29
  7.20703E-01  1.02182E-29
  7.24609E-01  1.00533E-29
  7.28516E-01  9.89536E-30
  7.32422E-01  9.73735E-30
  7.36328E-01  9.58601E-30
  7.40234E-01  9.43454E-30
  7.44141E-01  9.28941E-30
  7.48047E-01  9.14418E-30
  7.51953E-01  9.00495E-30
  7.55859E-01  8.86565E-30
  7.59766E-01  8.73207E-30
  7.63672E-01  8.59841E-30
  7.67578E-01  8.47022E-30
  7.71484E-01  8.34196E-30
  7.75391E-01  8.21889E-30
  7.79297E-01  8.09576E-30
  7.83203E-01  7.97755E-30
  7.87109E-01  7.85930E-30
  7.91016E-01  7.74570E-30
  7.94922E-01  7.63202E-30
  7.98828E-01  7.52284E-30
  8.02734E-01  7.41353E-30
  8.06641E-01  7.30850E-30
  8.10547E-01  7.20338E-30
  8.14453E-01  7.10231E-30
  8.18359E-01  7.00118E-30
  8.22266E-01  6.90389E-30
  8.26172E-01  6.80653E-30
  8.30078E-01  6.71289E-30
  8.33984E-01  6.61918E-30
  8.37891E-01  6.52899E-30
  8.41797E-01  6.43873E-30
  8.45703E-01  6.35186E-30
  8.49609E-01  6.26493E-30
  8.53516E-01  6.18122E-30
  8.57422E-01  6.09746E-30
  8.61328E-01  6.01678E-30
  8.65234E-01  5.93605E-30
  8.69141E-01  5.85827E-30
  8.73047E-01  5.78045E-30
  8.76953E-01  5.70544E-30
  8.80859E-01  5.63040E-30
  8.84766E-01  5.55806E-30
  8.88672E-01  5.48567E-30
  8.92578E-01  5.41589E-30
  8.96484E-01  5.34606E-30
  9.00391E-01  5.27873E-30
  9.04297E-01  5.21135E-30
  9.08203E-01  5.14638E-30
  9.12109E-01  5.08137E-30
  9.16016E-01  5.01869E-30
  9.19922E-01  4.95597E-30
  9.23828E-01  4.89549E-30
  9.27734E-01  4.83497E-30
  9.31641E-01  4.77663E-30
  9.35547E-01  4.71825E-30
  9.39453E-01  4.66201E-30
  9.43359E-01  4.60571E-30
  9.47266E-01  4.55153E-30
  9.51172E-01  4.49729E-30
  9.55078E-01  4.44515E-30
  9.58984E-01  4.39295E-30
  9.62891E-01  4.34292E-30
  9.66797E-01  4.29283E-30
  9.70703E-01  4.24501E-30
  9.74609E-01  4.19716E-30
  9.78516E-01  4.15197E-30
  9.82422E-01  4.10674E-30
  9.86328E-01  4.06524E-30
  9.90234E-01  4.02391E-30
  9.94141E-01  3.99152E-30
  9.98047E-01  3.97581E-30
  1.00195E+00  3.97581E-30
