 -1.95312E-03  9.53968E+00
  1.95312E-03  9.54035E+00
  5.85938E-03  9.53563E+00
  9.76562E-03  9.53096E+00
  1.36719E-02  9.52575E+00
  1.75781E-02  9.51992E+00
  2.14844E-02  9.51346E+00
  2.53906E-02  9.50635E+00
  2.92969E-02  9.49860E+00
  3.32031E-02  9.49020E+00
  3.71094E-02  9.48116E+00
  4.10156E-02  9.47148E+00
  4.49219E-02  9.46116E+00
  4.88281E-02  9.45020E+00
  5.27344E-02  9.43859E+00
  5.66406E-02  9.42635E+00
  6.05469E-02  9.41347E+00
  6.44531E-02  9.39996E+00
  6.83594E-02  9.38581E+00
  7.22656E-02  9.37101E+00
  7.61719E-02  9.35558E+00
  8.00781E-02  9.33951E+00
  8.39844E-02  9.32280E+00
  8.78906E-02  9.30545E+00
  9.17969E-02  9.28745E+00
  9.57031E-02  9.26881E+00
  9.96094E-02  9.24953E+00
  1.03516E-01  9.22960E+00
  1.07422E-01  9.20902E+00
  1.11328E-01  9.18778E+00
  1.15234E-01  9.16589E+00
  1.19141E-01  9.14334E+00
  1.23047E-01  9.12012E+00
  1.26953E-01  9.09624E+00
  1.30859E-01  9.07168E+00
  1.34766E-01  9.04645E+00
  1.38672E-01  9.02054E+00
  1.42578E-01  8.99393E+00
  1.46484E-01  8.96664E+00
  1.50391E-01  8.93865E+00
  1.54297E-01  8.90995E+00
  1.58203E-01  8.88054E+00
  1.62109E-01  8.85041E+00
  1.66016E-01  8.81954E+00
  1.69922E-01  8.78795E+00
  1.73828E-01  8.75561E+00
  1.77734E-01  8.72251E+00
  1.81641E-01  8.68864E+00
  1.85547E-01  8.65400E+00
  1.89453E-01  8.61858E+00
  1.93359E-01  8.58235E+00
  1.97266E-01  8.54531E+00
  2.01172E-01  8.50744E+00
  2.05078E-01  8.46874E+00
  2.08984E-01  8.42918E+00
  2.12891E-01  8.38875E+00
  2.16797E-01  8.34743E+00
  2.20703E-01  8.30520E+00
  2.24609E-01  8.26206E+00
  2.28516E-01  8.21796E+00
  2.32422E-01  8.17290E+00
  2.36328E-01  8.12685E+00
  2.40234E-01  8.07979E+00
  2.44141E-01  8.03168E+00
  2.48047E-01  7.98250E+00
  2.51953E-01  7.93222E+00
  2.55859E-01  7.88081E+00
  2.59766E-01  7.82824E+00
  2.63672E-01  7.77446E+00
  2.67578E-01  7.71945E+00
  2.71484E-01  7.66316E+00
  2.75391E-01  7.60555E+00
  2.79297E-01  7.54656E+00
  2.83203E-01  7.48615E+00
  2.87109E-01  7.42426E+00
  2.91016E-01  7.36082E+00
  2.94922E-01  7.29578E+00
  2.98828E-01  7.22906E+00
  3.02734E-01  7.16058E+00
  3.06641E-01  7.09026E+00
  3.10547E-01  7.01800E+00
  3.14453E-01  6.94371E+00
  3.18359E-01  6.86726E+00
  3.22266E-01  6.78853E+00
  3.26172E-01  6.70738E+00
  3.30078E-01  6.62366E+00
  3.33984E-01  6.53718E+00
  3.37891E-01  6.44776E+00
  3.41797E-01  6.35515E+00
  3.45703E-01  6.25899E+00
  3.49609E-01  6.15542E+00
  3.53516E-01  5.94346E+00
  3.57422E-01  6.75054E-27
  3.61328E-01  6.58657E-27
  3.65234E-01  6.37369E-27
  3.69141E-01  6.17860E-27
  3.73047E-01  5.98320E-27
  3.76953E-01  5.80374E-27
  3.80859E-01  5.62401E-27
  3.84766E-01  5.45858E-27
  3.88672E-01  5.29289E-27
  3.92578E-01  5.14016E-27
  3.96484E-01  4.98719E-27
  4.00391E-01  4.84589E-27
  4.04297E-01  4.70444E-27
  4.08203E-01  4.57366E-27
  4.12109E-01  4.44270E-27
  4.16016E-01  4.32142E-27
  4.19922E-01  4.20002E-27
  4.23828E-01  4.08748E-27
  4.27734E-01  3.97480E-27
  4.31641E-01  3.87018E-27
  4.35547E-01  3.76542E-27
  4.39453E-01  3.66801E-27
  4.43359E-01  3.57049E-27
  4.47266E-01  3.47974E-27
  4.51172E-01  3.38888E-27
  4.55078E-01  3.30419E-27
  4.58984E-01  3.21941E-27
  4.62891E-01  3.14029E-27
  4.66797E-01  3.06111E-27
  4.70703E-01  2.98712E-27
  4.74609E-01  2.91305E-27
  4.78516E-01  2.84375E-27
  4.82422E-01  2.77438E-27
  4.86328E-01  2.70941E-27
  4.90234E-01  2.64436E-27
  4.94141E-01  2.58336E-27
  4.98047E-01  2.52231E-27
  5.01953E-01  2.46501E-27
  5.05859E-01  2.40767E-27
  5.09766E-01  2.35381E-27
  5.13672E-01  2.29990E-27
  5.17578E-01  2.24921E-27
  5.21484E-01  2.19849E-27
  5.25391E-01  2.15076E-27
  5.29297E-01  2.10300E-27
  5.33203E-01  2.05804E-27
  5.37109E-01  2.01303E-27
  5.41016E-01  1.97062E-27
  5.44922E-01  1.92815E-27
  5.48828E-01  1.88806E-27
  5.52734E-01  1.84794E-27
  5.56641E-01  1.81003E-27
  5.60547E-01  1.77209E-27
  5.64453E-01  1.73621E-27
  5.68359E-01  1.70030E-27
  5.72266E-01  1.66632E-27
  5.76172E-01  1.63232E-27
  5.80078E-01  1.60012E-27
  5.83984E-01  1.56791E-27
  5.87891E-01  1.53742E-27
  5.91797E-01  1.50691E-27
  5.95703E-01  1.47799E-27
  5.99609E-01  1.44905E-27
  6.03516E-01  1.42159E-27
  6.07422E-01  1.39412E-27
  6.11328E-01  1.36803E-27
  6.15234E-01  1.34193E-27
  6.19141E-01  1.31713E-27
  6.23047E-01  1.29232E-27
  6.26953E-01  1.26875E-27
  6.30859E-01  1.24517E-27
  6.34766E-01  1.22275E-27
  6.38672E-01  1.20031E-27
  6.42578E-01  1.17896E-27
  6.46484E-01  1.15758E-27
  6.50391E-01  1.13721E-27
  6.54297E-01  1.11683E-27
  6.58203E-01  1.09739E-27
  6.62109E-01  1.07795E-27
  6.66016E-01  1.05941E-27
  6.69922E-01  1.04086E-27
  6.73828E-01  1.02318E-27
  6.77734E-01  1.00548E-27
  6.81641E-01  9.88594E-28
  6.85547E-01  9.71701E-28
  6.89453E-01  9.55585E-28
  6.93359E-01  9.39460E-28
  6.97266E-01  9.24057E-28
  7.01172E-01  9.08642E-28
  7.05078E-01  8.93900E-28
  7.08984E-01  8.79152E-28
  7.12891E-01  8.65036E-28
  7.16797E-01  8.50912E-28
  7.20703E-01  8.37391E-28
  7.24609E-01  8.23867E-28
  7.28516E-01  8.10915E-28
  7.32422E-01  7.97962E-28
  7.36328E-01  7.85552E-28
  7.40234E-01  7.73135E-28
  7.44141E-01  7.61238E-28
  7.48047E-01  7.49333E-28
  7.51953E-01  7.37922E-28
  7.55859E-01  7.26506E-28
  7.59766E-01  7.15560E-28
  7.63672E-01  7.04609E-28
  7.67578E-01  6.94106E-28
  7.71484E-01  6.83597E-28
  7.75391E-01  6.73513E-28
  7.79297E-01  6.63422E-28
  7.83203E-01  6.53733E-28
  7.87109E-01  6.44039E-28
  7.91016E-01  6.34727E-28
  7.94922E-01  6.25408E-28
  7.98828E-01  6.16456E-28
  8.02734E-01  6.07497E-28
  8.06641E-01  5.98886E-28
  8.10547E-01  5.90270E-28
  8.14453E-01  5.81986E-28
  8.18359E-01  5.73698E-28
  8.22266E-01  5.65727E-28
  8.26172E-01  5.57753E-28
  8.30078E-01  5.50080E-28
  8.33984E-01  5.42403E-28
  8.37891E-01  5.35013E-28
  8.41797E-01  5.27621E-28
  8.45703E-01  5.20504E-28
  8.49609E-01  5.13382E-28
  8.53516E-01  5.06524E-28
  8.57422E-01  4.99661E-28
  8.61328E-01  4.93051E-28
  8.65234E-01  4.86437E-28
  8.69141E-01  4.80062E-28
  8.73047E-01  4.73685E-28
  8.76953E-01  4.67539E-28
  8.80859E-01  4.61389E-28
  8.84766E-01  4.55460E-28
  8.88672E-01  4.49527E-28
  8.92578E-01  4.43809E-28
  8.96484E-01  4.38086E-28
  9.00391E-01  4.32568E-28
  9.04297E-01  4.27047E-28
  9.08203E-01  4.21723E-28
  9.12109E-01  4.16396E-28
  9.16016E-01  4.11259E-28
  9.19922E-01  4.06120E-28
  9.23828E-01  4.01165E-28
  9.27734E-01  3.96205E-28
  9.31641E-01  3.91425E-28
  9.35547E-01  3.86641E-28
  9.39453E-01  3.82031E-28
  9.43359E-01  3.77417E-28
  9.47266E-01  3.72977E-28
  9.51172E-01  3.68532E-28
  9.55078E-01  3.64260E-28
  9.58984E-01  3.59983E-28
  9.62891E-01  3.55882E-28
  9.66797E-01  3.51777E-28
  9.70703E-01  3.47860E-28
  9.74609E-01  3.43939E-28
  9.78516E-01  3.40235E-28
  9.82422E-01  3.36529E-28
  9.86328E-01  3.33128E-28
  9.90234E-01  3.29743E-28
  9.94141E-01  3.27087E-28
  9.98047E-01  3.25800E-28
  1.00195E+00  3.25800E-28
