 -1.95312E-03  9.53974E+00
  1.95312E-03  9.54042E+00
  5.85938E-03  9.53570E+00
  9.76562E-03  9.53102E+00
  1.36719E-02  9.52581E+00
  1.75781E-02  9.51999E+00
  2.14844E-02  9.51352E+00
  2.53906E-02  9.50642E+00
  2.92969E-02  9.49866E+00
  3.32031E-02  9.49026E+00
  3.71094E-02  9.48122E+00
  4.10156E-02  9.47154E+00
  4.49219E-02  9.46122E+00
  4.88281E-02  9.45025E+00
  5.27344E-02  9.43864E+00
  5.66406E-02  9.42640E+00
  6.05469E-02  9.41353E+00
  6.44531E-02  9.40001E+00
  6.83594E-02  9.38586E+00
  7.22656E-02  9.37106E+00
  7.61719E-02  9.35563E+00
  8.00781E-02  9.33956E+00
  8.39844E-02  9.32285E+00
  8.78906E-02  9.30550E+00
  9.17969E-02  9.28750E+00
  9.57031E-02  9.26886E+00
  9.96094E-02  9.24958E+00
  1.03516E-01  9.22965E+00
  1.07422E-01  9.20907E+00
  1.11328E-01  9.18783E+00
  1.15234E-01  9.16594E+00
  1.19141E-01  9.14338E+00
  1.23047E-01  9.12017E+00
  1.26953E-01  9.09628E+00
  1.30859E-01  9.07172E+00
  1.34766E-01  9.04649E+00
  1.38672E-01  9.02058E+00
  1.42578E-01  8.99397E+00
  1.46484E-01  8.96668E+00
  1.50391E-01  8.93869E+00
  1.54297E-01  8.90998E+00
  1.58203E-01  8.88057E+00
  1.62109E-01  8.85044E+00
  1.66016E-01  8.81957E+00
  1.69922E-01  8.78798E+00
  1.73828E-01  8.75564E+00
  1.77734E-01  8.72254E+00
  1.81641E-01  8.68867E+00
  1.85547E-01  8.65403E+00
  1.89453E-01  8.61860E+00
  1.93359E-01  8.58237E+00
  1.97266E-01  8.54533E+00
  2.01172E-01  8.50746E+00
  2.05078E-01  8.46875E+00
  2.08984E-01  8.42919E+00
  2.12891E-01  8.38876E+00
  2.16797E-01  8.34744E+00
  2.20703E-01  8.30521E+00
  2.24609E-01  8.26206E+00
  2.28516E-01  8.21797E+00
  2.32422E-01  8.17291E+00
  2.36328E-01  8.12685E+00
  2.40234E-01  8.07979E+00
  2.44141E-01  8.03168E+00
  2.48047E-01  7.98249E+00
  2.51953E-01  7.93221E+00
  2.55859E-01  7.88080E+00
  2.59766E-01  7.82823E+00
  2.63672E-01  7.77445E+00
  2.67578E-01  7.71944E+00
  2.71484E-01  7.66315E+00
  2.75391E-01  7.60554E+00
  2.79297E-01  7.54655E+00
  2.83203E-01  7.48614E+00
  2.87109E-01  7.42424E+00
  2.91016E-01  7.36081E+00
  2.94922E-01  7.29576E+00
  2.98828E-01  7.22904E+00
  3.02734E-01  7.16056E+00
  3.06641E-01  7.09024E+00
  3.10547E-01  7.01798E+00
  3.14453E-01  6.94368E+00
  3.18359E-01  6.86722E+00
  3.22266E-01  6.78849E+00
  3.26172E-01  6.70734E+00
  3.30078E-01  6.62361E+00
  3.33984E-01  6.53713E+00
  3.37891E-01  6.44770E+00
  3.41797E-01  6.35509E+00
  3.45703E-01  6.25892E+00
  3.49609E-01  6.15534E+00
  3.53516E-01  5.94338E+00
  3.57422E-01  3.02499E-30
  3.61328E-01  2.95154E-30
  3.65234E-01  2.85616E-30
  3.69141E-01  2.76868E-30
  3.73047E-01  2.68107E-30
  3.76953E-01  2.60056E-30
  3.80859E-01  2.51993E-30
  3.84766E-01  2.44574E-30
  3.88672E-01  2.37144E-30
  3.92578E-01  2.30295E-30
  3.96484E-01  2.23438E-30
  4.00391E-01  2.17110E-30
  4.04297E-01  2.10773E-30
  4.08203E-01  2.04915E-30
  4.12109E-01  1.99048E-30
  4.16016E-01  1.93619E-30
  4.19922E-01  1.88182E-30
  4.23828E-01  1.83140E-30
  4.27734E-01  1.78092E-30
  4.31641E-01  1.73405E-30
  4.35547E-01  1.68713E-30
  4.39453E-01  1.64352E-30
  4.43359E-01  1.59985E-30
  4.47266E-01  1.55920E-30
  4.51172E-01  1.51849E-30
  4.55078E-01  1.48056E-30
  4.58984E-01  1.44259E-30
  4.62891E-01  1.40713E-30
  4.66797E-01  1.37163E-30
  4.70703E-01  1.33846E-30
  4.74609E-01  1.30526E-30
  4.78516E-01  1.27418E-30
  4.82422E-01  1.24308E-30
  4.86328E-01  1.21396E-30
  4.90234E-01  1.18480E-30
  4.94141E-01  1.15748E-30
  4.98047E-01  1.13014E-30
  5.01953E-01  1.10449E-30
  5.05859E-01  1.07881E-30
  5.09766E-01  1.05469E-30
  5.13672E-01  1.03055E-30
  5.17578E-01  1.00787E-30
  5.21484E-01  9.85162E-31
  5.25391E-01  9.63797E-31
  5.29297E-01  9.42408E-31
  5.33203E-01  9.22242E-31
  5.37109E-01  9.02062E-31
  5.41016E-01  8.83013E-31
  5.44922E-01  8.63959E-31
  5.48828E-01  8.45967E-31
  5.52734E-01  8.27962E-31
  5.56641E-01  8.10961E-31
  5.60547E-01  7.93946E-31
  5.64453E-01  7.77865E-31
  5.68359E-01  7.61775E-31
  5.72266E-01  7.46567E-31
  5.76172E-01  7.31345E-31
  5.80078E-01  7.16935E-31
  5.83984E-01  7.02514E-31
  5.87891E-01  6.88854E-31
  5.91797E-01  6.75183E-31
  5.95703E-01  6.62225E-31
  5.99609E-01  6.49259E-31
  6.03516E-01  6.36960E-31
  6.07422E-01  6.24651E-31
  6.11328E-01  6.12973E-31
  6.15234E-01  6.01286E-31
  6.19141E-01  5.90188E-31
  6.23047E-01  5.79081E-31
  6.26953E-01  5.68522E-31
  6.30859E-01  5.57954E-31
  6.34766E-01  5.47893E-31
  6.38672E-01  5.37826E-31
  6.42578E-01  5.28242E-31
  6.46484E-01  5.18653E-31
  6.50391E-01  5.09521E-31
  6.54297E-01  5.00382E-31
  6.58203E-01  4.91681E-31
  6.62109E-01  4.82972E-31
  6.66016E-01  4.74675E-31
  6.69922E-01  4.66373E-31
  6.73828E-01  4.58462E-31
  6.77734E-01  4.50545E-31
  6.81641E-01  4.42991E-31
  6.85547E-01  4.35431E-31
  6.89453E-01  4.28206E-31
  6.93359E-01  4.20978E-31
  6.97266E-01  4.14066E-31
  7.01172E-01  4.07149E-31
  7.05078E-01  4.00535E-31
  7.08984E-01  3.93919E-31
  7.12891E-01  3.87590E-31
  7.16797E-01  3.81259E-31
  7.20703E-01  3.75200E-31
  7.24609E-01  3.69139E-31
  7.28516E-01  3.63335E-31
  7.32422E-01  3.57529E-31
  7.36328E-01  3.51968E-31
  7.40234E-01  3.46405E-31
  7.44141E-01  3.41076E-31
  7.48047E-01  3.35744E-31
  7.51953E-01  3.30635E-31
  7.55859E-01  3.25523E-31
  7.59766E-01  3.20621E-31
  7.63672E-01  3.15717E-31
  7.67578E-01  3.11010E-31
  7.71484E-01  3.06302E-31
  7.75391E-01  3.01781E-31
  7.79297E-01  2.97259E-31
  7.83203E-01  2.92917E-31
  7.87109E-01  2.88572E-31
  7.91016E-01  2.84398E-31
  7.94922E-01  2.80222E-31
  7.98828E-01  2.76211E-31
  8.02734E-01  2.72197E-31
  8.06641E-01  2.68340E-31
  8.10547E-01  2.64481E-31
  8.14453E-01  2.60770E-31
  8.18359E-01  2.57057E-31
  8.22266E-01  2.53486E-31
  8.26172E-01  2.49914E-31
  8.30078E-01  2.46475E-31
  8.33984E-01  2.43037E-31
  8.37891E-01  2.39725E-31
  8.41797E-01  2.36413E-31
  8.45703E-01  2.33223E-31
  8.49609E-01  2.30032E-31
  8.53516E-01  2.26959E-31
  8.57422E-01  2.23883E-31
  8.61328E-01  2.20920E-31
  8.65234E-01  2.17956E-31
  8.69141E-01  2.15101E-31
  8.73047E-01  2.12243E-31
  8.76953E-01  2.09489E-31
  8.80859E-01  2.06733E-31
  8.84766E-01  2.04076E-31
  8.88672E-01  2.01419E-31
  8.92578E-01  1.98856E-31
  8.96484E-01  1.96292E-31
  9.00391E-01  1.93820E-31
  9.04297E-01  1.91347E-31
  9.08203E-01  1.88961E-31
  9.12109E-01  1.86575E-31
  9.16016E-01  1.84273E-31
  9.19922E-01  1.81970E-31
  9.23828E-01  1.79749E-31
  9.27734E-01  1.77527E-31
  9.31641E-01  1.75385E-31
  9.35547E-01  1.73241E-31
  9.39453E-01  1.71176E-31
  9.43359E-01  1.69109E-31
  9.47266E-01  1.67119E-31
  9.51172E-01  1.65127E-31
  9.55078E-01  1.63213E-31
  9.58984E-01  1.61297E-31
  9.62891E-01  1.59459E-31
  9.66797E-01  1.57620E-31
  9.70703E-01  1.55865E-31
  9.74609E-01  1.54108E-31
  9.78516E-01  1.52449E-31
  9.82422E-01  1.50788E-31
  9.86328E-01  1.49264E-31
  9.90234E-01  1.47747E-31
  9.94141E-01  1.46557E-31
  9.98047E-01  1.45980E-31
  1.00195E+00  1.45980E-31
