 -1.95312E-03  9.53967E+00
  1.95312E-03  9.54035E+00
  5.85938E-03  9.53563E+00
  9.76562E-03  9.53095E+00
  1.36719E-02  9.52574E+00
  1.75781E-02  9.51992E+00
  2.14844E-02  9.51345E+00
  2.53906E-02  9.50634E+00
  2.92969E-02  9.49859E+00
  3.32031E-02  9.49019E+00
  3.71094E-02  9.48116E+00
  4.10156E-02  9.47147E+00
  4.49219E-02  9.46115E+00
  4.88281E-02  9.45019E+00
  5.27344E-02  9.43858E+00
  5.66406E-02  9.42634E+00
  6.05469E-02  9.41347E+00
  6.44531E-02  9.39995E+00
  6.83594E-02  9.38580E+00
  7.22656E-02  9.37101E+00
  7.61719E-02  9.35557E+00
  8.00781E-02  9.33950E+00
  8.39844E-02  9.32279E+00
  8.78906E-02  9.30544E+00
  9.17969E-02  9.28744E+00
  9.57031E-02  9.26881E+00
  9.96094E-02  9.24953E+00
  1.03516E-01  9.22960E+00
  1.07422E-01  9.20901E+00
  1.11328E-01  9.18778E+00
  1.15234E-01  9.16588E+00
  1.19141E-01  9.14333E+00
  1.23047E-01  9.12012E+00
  1.26953E-01  9.09623E+00
  1.30859E-01  9.07168E+00
  1.34766E-01  9.04644E+00
  1.38672E-01  9.02053E+00
  1.42578E-01  8.99393E+00
  1.46484E-01  8.96664E+00
  1.50391E-01  8.93865E+00
  1.54297E-01  8.90994E+00
  1.58203E-01  8.88053E+00
  1.62109E-01  8.85040E+00
  1.66016E-01  8.81954E+00
  1.69922E-01  8.78795E+00
  1.73828E-01  8.75560E+00
  1.77734E-01  8.72250E+00
  1.81641E-01  8.68864E+00
  1.85547E-01  8.65400E+00
  1.89453E-01  8.61858E+00
  1.93359E-01  8.58235E+00
  1.97266E-01  8.54531E+00
  2.01172E-01  8.50744E+00
  2.05078E-01  8.46874E+00
  2.08984E-01  8.42918E+00
  2.12891E-01  8.38875E+00
  2.16797E-01  8.34743E+00
  2.20703E-01  8.30521E+00
  2.24609E-01  8.26206E+00
  2.28516E-01  8.21796E+00
  2.32422E-01  8.17290E+00
  2.36328E-01  8.12685E+00
  2.40234E-01  8.07978E+00
  2.44141E-01  8.03168E+00
  2.48047E-01  7.98250E+00
  2.51953E-01  7.93222E+00
  2.55859E-01  7.88081E+00
  2.59766E-01  7.82823E+00
  2.63672E-01  7.77446E+00
  2.67578E-01  7.71945E+00
  2.71484E-01  7.66316E+00
  2.75391E-01  7.60555E+00
  2.79297E-01  7.54657E+00
  2.83203E-01  7.48616E+00
  2.87109E-01  7.42426E+00
  2.91016E-01  7.36083E+00
  2.94922E-01  7.29578E+00
  2.98828E-01  7.22906E+00
  3.02734E-01  7.16058E+00
  3.06641E-01  7.09026E+00
  3.10547E-01  7.01800E+00
  3.14453E-01  6.94371E+00
  3.18359E-01  6.86726E+00
  3.22266E-01  6.78853E+00
  3.26172E-01  6.70738E+00
  3.30078E-01  6.62366E+00
  3.33984E-01  6.53718E+00
  3.37891E-01  6.44776E+00
  3.41797E-01  6.35515E+00
  3.45703E-01  6.25899E+00
  3.49609E-01  6.15542E+00
  3.53516E-01  5.94347E+00
  3.57422E-01  1.40687E-26
  3.61328E-01  1.37269E-26
  3.65234E-01  1.32831E-26
  3.69141E-01  1.28763E-26
  3.73047E-01  1.24690E-26
  3.76953E-01  1.20950E-26
  3.80859E-01  1.17204E-26
  3.84766E-01  1.13758E-26
  3.88672E-01  1.10307E-26
  3.92578E-01  1.07126E-26
  3.96484E-01  1.03940E-26
  4.00391E-01  1.00997E-26
  4.04297E-01  9.80503E-27
  4.08203E-01  9.53249E-27
  4.12109E-01  9.25959E-27
  4.16016E-01  9.00684E-27
  4.19922E-01  8.75377E-27
  4.23828E-01  8.51910E-27
  4.27734E-01  8.28415E-27
  4.31641E-01  8.06609E-27
  4.35547E-01  7.84776E-27
  4.39453E-01  7.64475E-27
  4.43359E-01  7.44148E-27
  4.47266E-01  7.25228E-27
  4.51172E-01  7.06284E-27
  4.55078E-01  6.88633E-27
  4.58984E-01  6.70961E-27
  4.62891E-01  6.54468E-27
  4.66797E-01  6.37957E-27
  4.70703E-01  6.22536E-27
  4.74609E-01  6.07099E-27
  4.78516E-01  5.92659E-27
  4.82422E-01  5.78203E-27
  4.86328E-01  5.64666E-27
  4.90234E-01  5.51116E-27
  4.94141E-01  5.38409E-27
  4.98047E-01  5.25690E-27
  5.01953E-01  5.13748E-27
  5.05859E-01  5.01798E-27
  5.09766E-01  4.90572E-27
  5.13672E-01  4.79335E-27
  5.17578E-01  4.68770E-27
  5.21484E-01  4.58194E-27
  5.25391E-01  4.48243E-27
  5.29297E-01  4.38283E-27
  5.33203E-01  4.28905E-27
  5.37109E-01  4.19519E-27
  5.41016E-01  4.10676E-27
  5.44922E-01  4.01826E-27
  5.48828E-01  3.93476E-27
  5.52734E-01  3.85118E-27
  5.56641E-01  3.77222E-27
  5.60547E-01  3.69321E-27
  5.64453E-01  3.61849E-27
  5.68359E-01  3.54373E-27
  5.72266E-01  3.47297E-27
  5.76172E-01  3.40213E-27
  5.80078E-01  3.33505E-27
  5.83984E-01  3.26792E-27
  5.87891E-01  3.20429E-27
  5.91797E-01  3.14064E-27
  5.95703E-01  3.08035E-27
  5.99609E-01  3.02001E-27
  6.03516E-01  2.96280E-27
  6.07422E-01  2.90555E-27
  6.11328E-01  2.85119E-27
  6.15234E-01  2.79679E-27
  6.19141E-01  2.74510E-27
  6.23047E-01  2.69339E-27
  6.26953E-01  2.64422E-27
  6.30859E-01  2.59505E-27
  6.34766E-01  2.54829E-27
  6.38672E-01  2.50151E-27
  6.42578E-01  2.45701E-27
  6.46484E-01  2.41248E-27
  6.50391E-01  2.37007E-27
  6.54297E-01  2.32762E-27
  6.58203E-01  2.28714E-27
  6.62109E-01  2.24664E-27
  6.66016E-01  2.20800E-27
  6.69922E-01  2.16935E-27
  6.73828E-01  2.13248E-27
  6.77734E-01  2.09557E-27
  6.81641E-01  2.06037E-27
  6.85547E-01  2.02514E-27
  6.89453E-01  1.99152E-27
  6.93359E-01  1.95788E-27
  6.97266E-01  1.92577E-27
  7.01172E-01  1.89364E-27
  7.05078E-01  1.86293E-27
  7.08984E-01  1.83220E-27
  7.12891E-01  1.80280E-27
  7.16797E-01  1.77339E-27
  7.20703E-01  1.74522E-27
  7.24609E-01  1.71705E-27
  7.28516E-01  1.69005E-27
  7.32422E-01  1.66306E-27
  7.36328E-01  1.63720E-27
  7.40234E-01  1.61133E-27
  7.44141E-01  1.58653E-27
  7.48047E-01  1.56173E-27
  7.51953E-01  1.53795E-27
  7.55859E-01  1.51415E-27
  7.59766E-01  1.49134E-27
  7.63672E-01  1.46851E-27
  7.67578E-01  1.44661E-27
  7.71484E-01  1.42470E-27
  7.75391E-01  1.40368E-27
  7.79297E-01  1.38265E-27
  7.83203E-01  1.36246E-27
  7.87109E-01  1.34225E-27
  7.91016E-01  1.32285E-27
  7.94922E-01  1.30343E-27
  7.98828E-01  1.28477E-27
  8.02734E-01  1.26610E-27
  8.06641E-01  1.24816E-27
  8.10547E-01  1.23020E-27
  8.14453E-01  1.21294E-27
  8.18359E-01  1.19566E-27
  8.22266E-01  1.17905E-27
  8.26172E-01  1.16242E-27
  8.30078E-01  1.14643E-27
  8.33984E-01  1.13043E-27
  8.37891E-01  1.11503E-27
  8.41797E-01  1.09962E-27
  8.45703E-01  1.08479E-27
  8.49609E-01  1.06994E-27
  8.53516E-01  1.05565E-27
  8.57422E-01  1.04135E-27
  8.61328E-01  1.02758E-27
  8.65234E-01  1.01379E-27
  8.69141E-01  1.00051E-27
  8.73047E-01  9.87214E-28
  8.76953E-01  9.74409E-28
  8.80859E-01  9.61591E-28
  8.84766E-01  9.49234E-28
  8.88672E-01  9.36872E-28
  8.92578E-01  9.24955E-28
  8.96484E-01  9.13028E-28
  9.00391E-01  9.01529E-28
  9.04297E-01  8.90021E-28
  9.08203E-01  8.78926E-28
  9.12109E-01  8.67822E-28
  9.16016E-01  8.57117E-28
  9.19922E-01  8.46404E-28
  9.23828E-01  8.36076E-28
  9.27734E-01  8.25739E-28
  9.31641E-01  8.15775E-28
  9.35547E-01  8.05806E-28
  9.39453E-01  7.96199E-28
  9.43359E-01  7.86586E-28
  9.47266E-01  7.77330E-28
  9.51172E-01  7.68067E-28
  9.55078E-01  7.59163E-28
  9.58984E-01  7.50250E-28
  9.62891E-01  7.41703E-28
  9.66797E-01  7.33147E-28
  9.70703E-01  7.24983E-28
  9.74609E-01  7.16810E-28
  9.78516E-01  7.09093E-28
  9.82422E-01  7.01369E-28
  9.86328E-01  6.94280E-28
  9.90234E-01  6.87224E-28
  9.94141E-01  6.81690E-28
  9.98047E-01  6.79006E-28
  1.00195E+00  6.79006E-28
