 -1.95312E-03  9.53978E+00
  1.95312E-03  9.54046E+00
  5.85938E-03  9.53574E+00
  9.76562E-03  9.53106E+00
  1.36719E-02  9.52585E+00
  1.75781E-02  9.52003E+00
  2.14844E-02  9.51356E+00
  2.53906E-02  9.50646E+00
  2.92969E-02  9.49870E+00
  3.32031E-02  9.49030E+00
  3.71094E-02  9.48127E+00
  4.10156E-02  9.47158E+00
  4.49219E-02  9.46126E+00
  4.88281E-02  9.45030E+00
  5.27344E-02  9.43869E+00
  5.66406E-02  9.42645E+00
  6.05469E-02  9.41357E+00
  6.44531E-02  9.40006E+00
  6.83594E-02  9.38590E+00
  7.22656E-02  9.37110E+00
  7.61719E-02  9.35567E+00
  8.00781E-02  9.33960E+00
  8.39844E-02  9.32288E+00
  8.78906E-02  9.30553E+00
  9.17969E-02  9.28754E+00
  9.57031E-02  9.26890E+00
  9.96094E-02  9.24962E+00
  1.03516E-01  9.22968E+00
  1.07422E-01  9.20910E+00
  1.11328E-01  9.18787E+00
  1.15234E-01  9.16597E+00
  1.19141E-01  9.14342E+00
  1.23047E-01  9.12020E+00
  1.26953E-01  9.09631E+00
  1.30859E-01  9.07176E+00
  1.34766E-01  9.04652E+00
  1.38672E-01  9.02061E+00
  1.42578E-01  8.99400E+00
  1.46484E-01  8.96671E+00
  1.50391E-01  8.93871E+00
  1.54297E-01  8.91001E+00
  1.58203E-01  8.88060E+00
  1.62109E-01  8.85046E+00
  1.66016E-01  8.81960E+00
  1.69922E-01  8.78800E+00
  1.73828E-01  8.75565E+00
  1.77734E-01  8.72255E+00
  1.81641E-01  8.68868E+00
  1.85547E-01  8.65404E+00
  1.89453E-01  8.61861E+00
  1.93359E-01  8.58238E+00
  1.97266E-01  8.54534E+00
  2.01172E-01  8.50747E+00
  2.05078E-01  8.46876E+00
  2.08984E-01  8.42920E+00
  2.12891E-01  8.38877E+00
  2.16797E-01  8.34745E+00
  2.20703E-01  8.30522E+00
  2.24609E-01  8.26206E+00
  2.28516E-01  8.21797E+00
  2.32422E-01  8.17291E+00
  2.36328E-01  8.12685E+00
  2.40234E-01  8.07978E+00
  2.44141E-01  8.03167E+00
  2.48047E-01  7.98249E+00
  2.51953E-01  7.93221E+00
  2.55859E-01  7.88080E+00
  2.59766E-01  7.82822E+00
  2.63672E-01  7.77444E+00
  2.67578E-01  7.71943E+00
  2.71484E-01  7.66314E+00
  2.75391E-01  7.60553E+00
  2.79297E-01  7.54654E+00
  2.83203E-01  7.48613E+00
  2.87109E-01  7.42423E+00
  2.91016E-01  7.36079E+00
  2.94922E-01  7.29575E+00
  2.98828E-01  7.22903E+00
  3.02734E-01  7.16054E+00
  3.06641E-01  7.09022E+00
  3.10547E-01  7.01796E+00
  3.14453E-01  6.94365E+00
  3.18359E-01  6.86720E+00
  3.22266E-01  6.78846E+00
  3.26172E-01  6.70731E+00
  3.30078E-01  6.62358E+00
  3.33984E-01  6.53710E+00
  3.37891E-01  6.44767E+00
  3.41797E-01  6.35506E+00
  3.45703E-01  6.25888E+00
  3.49609E-01  6.15531E+00
  3.53516E-01  5.94333E+00
  3.57422E-01  2.82521E-33
  3.61328E-01  2.75657E-33
  3.65234E-01  2.66743E-33
  3.69141E-01  2.58569E-33
  3.73047E-01  2.50381E-33
  3.76953E-01  2.42861E-33
  3.80859E-01  2.35329E-33
  3.84766E-01  2.28400E-33
  3.88672E-01  2.21461E-33
  3.92578E-01  2.15069E-33
  3.96484E-01  2.08667E-33
  4.00391E-01  2.02757E-33
  4.04297E-01  1.96840E-33
  4.08203E-01  1.91370E-33
  4.12109E-01  1.85894E-33
  4.16016E-01  1.80823E-33
  4.19922E-01  1.75746E-33
  4.23828E-01  1.71038E-33
  4.27734E-01  1.66323E-33
  4.31641E-01  1.61949E-33
  4.35547E-01  1.57568E-33
  4.39453E-01  1.53495E-33
  4.43359E-01  1.49417E-33
  4.47266E-01  1.45620E-33
  4.51172E-01  1.41819E-33
  4.55078E-01  1.38274E-33
  4.58984E-01  1.34726E-33
  4.62891E-01  1.31413E-33
  4.66797E-01  1.28098E-33
  4.70703E-01  1.24999E-33
  4.74609E-01  1.21898E-33
  4.78516E-01  1.18996E-33
  4.82422E-01  1.16092E-33
  4.86328E-01  1.13373E-33
  4.90234E-01  1.10652E-33
  4.94141E-01  1.08102E-33
  4.98047E-01  1.05550E-33
  5.01953E-01  1.03154E-33
  5.05859E-01  1.00757E-33
  5.09766E-01  9.85052E-34
  5.13672E-01  9.62519E-34
  5.17578E-01  9.41333E-34
  5.21484E-01  9.20124E-34
  5.25391E-01  9.00142E-34
  5.29297E-01  8.80146E-34
  5.33203E-01  8.61291E-34
  5.37109E-01  8.42426E-34
  5.41016E-01  8.24629E-34
  5.44922E-01  8.06825E-34
  5.48828E-01  7.90025E-34
  5.52734E-01  7.73209E-34
  5.56641E-01  7.57338E-34
  5.60547E-01  7.41455E-34
  5.64453E-01  7.26452E-34
  5.68359E-01  7.11435E-34
  5.72266E-01  6.97228E-34
  5.76172E-01  6.83009E-34
  5.80078E-01  6.69552E-34
  5.83984E-01  6.56086E-34
  5.87891E-01  6.43332E-34
  5.91797E-01  6.30568E-34
  5.95703E-01  6.18470E-34
  5.99609E-01  6.06364E-34
  6.03516E-01  5.94881E-34
  6.07422E-01  5.83392E-34
  6.11328E-01  5.72487E-34
  6.15234E-01  5.61574E-34
  6.19141E-01  5.51204E-34
  6.23047E-01  5.40825E-34
  6.26953E-01  5.30951E-34
  6.30859E-01  5.21074E-34
  6.34766E-01  5.11675E-34
  6.38672E-01  5.02270E-34
  6.42578E-01  4.93321E-34
  6.46484E-01  4.84366E-34
  6.50391E-01  4.75841E-34
  6.54297E-01  4.67313E-34
  6.58203E-01  4.59192E-34
  6.62109E-01  4.51066E-34
  6.66016E-01  4.43327E-34
  6.69922E-01  4.35582E-34
  6.73828E-01  4.28194E-34
  6.77734E-01  4.20800E-34
  6.81641E-01  4.13738E-34
  6.85547E-01  4.06672E-34
  6.89453E-01  3.99915E-34
  6.93359E-01  3.93159E-34
  6.97266E-01  3.86698E-34
  7.01172E-01  3.80239E-34
  7.05078E-01  3.74062E-34
  7.08984E-01  3.67883E-34
  7.12891E-01  3.61973E-34
  7.16797E-01  3.56059E-34
  7.20703E-01  3.50401E-34
  7.24609E-01  3.44740E-34
  7.28516E-01  3.39320E-34
  7.32422E-01  3.33898E-34
  7.36328E-01  3.28707E-34
  7.40234E-01  3.23513E-34
  7.44141E-01  3.18539E-34
  7.48047E-01  3.13561E-34
  7.51953E-01  3.08789E-34
  7.55859E-01  3.04016E-34
  7.59766E-01  2.99437E-34
  7.63672E-01  2.94855E-34
  7.67578E-01  2.90459E-34
  7.71484E-01  2.86061E-34
  7.75391E-01  2.81839E-34
  7.79297E-01  2.77614E-34
  7.83203E-01  2.73559E-34
  7.87109E-01  2.69500E-34
  7.91016E-01  2.65603E-34
  7.94922E-01  2.61704E-34
  7.98828E-01  2.57959E-34
  8.02734E-01  2.54212E-34
  8.06641E-01  2.50610E-34
  8.10547E-01  2.47005E-34
  8.14453E-01  2.43540E-34
  8.18359E-01  2.40074E-34
  8.22266E-01  2.36738E-34
  8.26172E-01  2.33402E-34
  8.30078E-01  2.30190E-34
  8.33984E-01  2.26979E-34
  8.37891E-01  2.23886E-34
  8.41797E-01  2.20792E-34
  8.45703E-01  2.17813E-34
  8.49609E-01  2.14832E-34
  8.53516E-01  2.11961E-34
  8.57422E-01  2.09089E-34
  8.61328E-01  2.06322E-34
  8.65234E-01  2.03554E-34
  8.69141E-01  2.00887E-34
  8.73047E-01  1.98217E-34
  8.76953E-01  1.95645E-34
  8.80859E-01  1.93072E-34
  8.84766E-01  1.90592E-34
  8.88672E-01  1.88109E-34
  8.92578E-01  1.85716E-34
  8.96484E-01  1.83322E-34
  9.00391E-01  1.81013E-34
  9.04297E-01  1.78703E-34
  9.08203E-01  1.76475E-34
  9.12109E-01  1.74246E-34
  9.16016E-01  1.72096E-34
  9.19922E-01  1.69945E-34
  9.23828E-01  1.67872E-34
  9.27734E-01  1.65796E-34
  9.31641E-01  1.63796E-34
  9.35547E-01  1.61794E-34
  9.39453E-01  1.59865E-34
  9.43359E-01  1.57935E-34
  9.47266E-01  1.56076E-34
  9.51172E-01  1.54216E-34
  9.55078E-01  1.52428E-34
  9.58984E-01  1.50639E-34
  9.62891E-01  1.48923E-34
  9.66797E-01  1.47205E-34
  9.70703E-01  1.45566E-34
  9.74609E-01  1.43925E-34
  9.78516E-01  1.42375E-34
  9.82422E-01  1.40824E-34
  9.86328E-01  1.39401E-34
  9.90234E-01  1.37984E-34
  9.94141E-01  1.36873E-34
  9.98047E-01  1.36334E-34
  1.00195E+00  1.36334E-34
