 -1.95312E-03  9.53973E+00
  1.95312E-03  9.54041E+00
  5.85938E-03  9.53569E+00
  9.76562E-03  9.53101E+00
  1.36719E-02  9.52580E+00
  1.75781E-02  9.51997E+00
  2.14844E-02  9.51351E+00
  2.53906E-02  9.50640E+00
  2.92969E-02  9.49865E+00
  3.32031E-02  9.49025E+00
  3.71094E-02  9.48121E+00
  4.10156E-02  9.47153E+00
  4.49219E-02  9.46121E+00
  4.88281E-02  9.45024E+00
  5.27344E-02  9.43864E+00
  5.66406E-02  9.42640E+00
  6.05469E-02  9.41352E+00
  6.44531E-02  9.40001E+00
  6.83594E-02  9.38585E+00
  7.22656E-02  9.37105E+00
  7.61719E-02  9.35562E+00
  8.00781E-02  9.33955E+00
  8.39844E-02  9.32284E+00
  8.78906E-02  9.30548E+00
  9.17969E-02  9.28749E+00
  9.57031E-02  9.26886E+00
  9.96094E-02  9.24957E+00
  1.03516E-01  9.22964E+00
  1.07422E-01  9.20906E+00
  1.11328E-01  9.18782E+00
  1.15234E-01  9.16593E+00
  1.19141E-01  9.14337E+00
  1.23047E-01  9.12016E+00
  1.26953E-01  9.09627E+00
  1.30859E-01  9.07171E+00
  1.34766E-01  9.04648E+00
  1.38672E-01  9.02056E+00
  1.42578E-01  8.99396E+00
  1.46484E-01  8.96667E+00
  1.50391E-01  8.93868E+00
  1.54297E-01  8.90998E+00
  1.58203E-01  8.88056E+00
  1.62109E-01  8.85043E+00
  1.66016E-01  8.81957E+00
  1.69922E-01  8.78797E+00
  1.73828E-01  8.75563E+00
  1.77734E-01  8.72253E+00
  1.81641E-01  8.68866E+00
  1.85547E-01  8.65403E+00
  1.89453E-01  8.61860E+00
  1.93359E-01  8.58237E+00
  1.97266E-01  8.54533E+00
  2.01172E-01  8.50745E+00
  2.05078E-01  8.46875E+00
  2.08984E-01  8.42919E+00
  2.12891E-01  8.38876E+00
  2.16797E-01  8.34744E+00
  2.20703E-01  8.30521E+00
  2.24609E-01  8.26206E+00
  2.28516E-01  8.21796E+00
  2.32422E-01  8.17290E+00
  2.36328E-01  8.12685E+00
  2.40234E-01  8.07978E+00
  2.44141E-01  8.03168E+00
  2.48047E-01  7.98249E+00
  2.51953E-01  7.93222E+00
  2.55859E-01  7.88080E+00
  2.59766E-01  7.82823E+00
  2.63672E-01  7.77445E+00
  2.67578E-01  7.71944E+00
  2.71484E-01  7.66315E+00
  2.75391E-01  7.60554E+00
  2.79297E-01  7.54655E+00
  2.83203E-01  7.48614E+00
  2.87109E-01  7.42425E+00
  2.91016E-01  7.36081E+00
  2.94922E-01  7.29577E+00
  2.98828E-01  7.22905E+00
  3.02734E-01  7.16056E+00
  3.06641E-01  7.09024E+00
  3.10547E-01  7.01798E+00
  3.14453E-01  6.94368E+00
  3.18359E-01  6.86723E+00
  3.22266E-01  6.78850E+00
  3.26172E-01  6.70735E+00
  3.30078E-01  6.62362E+00
  3.33984E-01  6.53714E+00
  3.37891E-01  6.44771E+00
  3.41797E-01  6.35510E+00
  3.45703E-01  6.25893E+00
  3.49609E-01  6.15535E+00
  3.53516E-01  5.94339E+00
  3.57422E-01  1.89658E-29
  3.61328E-01  1.85049E-29
  3.65234E-01  1.79065E-29
  3.69141E-01  1.73580E-29
  3.73047E-01  1.68085E-29
  3.76953E-01  1.63041E-29
  3.80859E-01  1.57989E-29
  3.84766E-01  1.53341E-29
  3.88672E-01  1.48686E-29
  3.92578E-01  1.44398E-29
  3.96484E-01  1.40102E-29
  4.00391E-01  1.36135E-29
  4.04297E-01  1.32163E-29
  4.08203E-01  1.28490E-29
  4.12109E-01  1.24813E-29
  4.16016E-01  1.21408E-29
  4.19922E-01  1.17999E-29
  4.23828E-01  1.14837E-29
  4.27734E-01  1.11672E-29
  4.31641E-01  1.08733E-29
  4.35547E-01  1.05791E-29
  4.39453E-01  1.03056E-29
  4.43359E-01  1.00317E-29
  4.47266E-01  9.77692E-30
  4.51172E-01  9.52181E-30
  4.55078E-01  9.28401E-30
  4.58984E-01  9.04596E-30
  4.62891E-01  8.82384E-30
  4.66797E-01  8.60146E-30
  4.70703E-01  8.39358E-30
  4.74609E-01  8.18545E-30
  4.78516E-01  7.99064E-30
  4.82422E-01  7.79561E-30
  4.86328E-01  7.61293E-30
  4.90234E-01  7.43007E-30
  4.94141E-01  7.25862E-30
  4.98047E-01  7.08701E-30
  5.01953E-01  6.92591E-30
  5.05859E-01  6.76470E-30
  5.09766E-01  6.61327E-30
  5.13672E-01  6.46168E-30
  5.17578E-01  6.31926E-30
  5.21484E-01  6.17668E-30
  5.25391E-01  6.04257E-30
  5.29297E-01  5.90833E-30
  5.33203E-01  5.78189E-30
  5.37109E-01  5.65533E-30
  5.41016E-01  5.53599E-30
  5.44922E-01  5.41659E-30
  5.48828E-01  5.30394E-30
  5.52734E-01  5.19120E-30
  5.56641E-01  5.08478E-30
  5.60547E-01  4.97826E-30
  5.64453E-01  4.87756E-30
  5.68359E-01  4.77676E-30
  5.72266E-01  4.68139E-30
  5.76172E-01  4.58595E-30
  5.80078E-01  4.49560E-30
  5.83984E-01  4.40518E-30
  5.87891E-01  4.31951E-30
  5.91797E-01  4.23378E-30
  5.95703E-01  4.15248E-30
  5.99609E-01  4.07114E-30
  6.03516E-01  3.99399E-30
  6.07422E-01  3.91677E-30
  6.11328E-01  3.84351E-30
  6.15234E-01  3.77018E-30
  6.19141E-01  3.70060E-30
  6.23047E-01  3.63096E-30
  6.26953E-01  3.56482E-30
  6.30859E-01  3.49862E-30
  6.34766E-01  3.43569E-30
  6.38672E-01  3.37269E-30
  6.42578E-01  3.31264E-30
  6.46484E-01  3.25252E-30
  6.50391E-01  3.19524E-30
  6.54297E-01  3.13791E-30
  6.58203E-01  3.08329E-30
  6.62109E-01  3.02866E-30
  6.66016E-01  2.97662E-30
  6.69922E-01  2.92453E-30
  6.73828E-01  2.87484E-30
  6.77734E-01  2.82511E-30
  6.81641E-01  2.77764E-30
  6.85547E-01  2.73014E-30
  6.89453E-01  2.68480E-30
  6.93359E-01  2.63942E-30
  6.97266E-01  2.59609E-30
  7.01172E-01  2.55273E-30
  7.05078E-01  2.51132E-30
  7.08984E-01  2.46987E-30
  7.12891E-01  2.43023E-30
  7.16797E-01  2.39056E-30
  7.20703E-01  2.35260E-30
  7.24609E-01  2.31460E-30
  7.28516E-01  2.27823E-30
  7.32422E-01  2.24183E-30
  7.36328E-01  2.20696E-30
  7.40234E-01  2.17208E-30
  7.44141E-01  2.13866E-30
  7.48047E-01  2.10522E-30
  7.51953E-01  2.07317E-30
  7.55859E-01  2.04111E-30
  7.59766E-01  2.01038E-30
  7.63672E-01  1.97962E-30
  7.67578E-01  1.95012E-30
  7.71484E-01  1.92061E-30
  7.75391E-01  1.89228E-30
  7.79297E-01  1.86394E-30
  7.83203E-01  1.83673E-30
  7.87109E-01  1.80949E-30
  7.91016E-01  1.78334E-30
  7.94922E-01  1.75716E-30
  7.98828E-01  1.73201E-30
  8.02734E-01  1.70684E-30
  8.06641E-01  1.68265E-30
  8.10547E-01  1.65844E-30
  8.14453E-01  1.63517E-30
  8.18359E-01  1.61188E-30
  8.22266E-01  1.58948E-30
  8.26172E-01  1.56707E-30
  8.30078E-01  1.54550E-30
  8.33984E-01  1.52393E-30
  8.37891E-01  1.50316E-30
  8.41797E-01  1.48239E-30
  8.45703E-01  1.46238E-30
  8.49609E-01  1.44237E-30
  8.53516E-01  1.42310E-30
  8.57422E-01  1.40382E-30
  8.61328E-01  1.38525E-30
  8.65234E-01  1.36666E-30
  8.69141E-01  1.34876E-30
  8.73047E-01  1.33084E-30
  8.76953E-01  1.31357E-30
  8.80859E-01  1.29629E-30
  8.84766E-01  1.27963E-30
  8.88672E-01  1.26297E-30
  8.92578E-01  1.24690E-30
  8.96484E-01  1.23082E-30
  9.00391E-01  1.21532E-30
  9.04297E-01  1.19981E-30
  9.08203E-01  1.18485E-30
  9.12109E-01  1.16989E-30
  9.16016E-01  1.15546E-30
  9.19922E-01  1.14101E-30
  9.23828E-01  1.12709E-30
  9.27734E-01  1.11316E-30
  9.31641E-01  1.09973E-30
  9.35547E-01  1.08629E-30
  9.39453E-01  1.07334E-30
  9.43359E-01  1.06038E-30
  9.47266E-01  1.04790E-30
  9.51172E-01  1.03541E-30
  9.55078E-01  1.02341E-30
  9.58984E-01  1.01139E-30
  9.62891E-01  9.99872E-31
  9.66797E-01  9.88339E-31
  9.70703E-01  9.77332E-31
  9.74609E-01  9.66314E-31
  9.78516E-01  9.55910E-31
  9.82422E-01  9.45498E-31
  9.86328E-01  9.35942E-31
  9.90234E-01  9.26427E-31
  9.94141E-01  9.18969E-31
  9.98047E-01  9.15349E-31
  1.00195E+00  9.15349E-31
