 -1.95312E-03  9.53971E+00
  1.95312E-03  9.54039E+00
  5.85938E-03  9.53567E+00
  9.76562E-03  9.53100E+00
  1.36719E-02  9.52578E+00
  1.75781E-02  9.51996E+00
  2.14844E-02  9.51350E+00
  2.53906E-02  9.50639E+00
  2.92969E-02  9.49864E+00
  3.32031E-02  9.49024E+00
  3.71094E-02  9.48120E+00
  4.10156E-02  9.47152E+00
  4.49219E-02  9.46120E+00
  4.88281E-02  9.45023E+00
  5.27344E-02  9.43863E+00
  5.66406E-02  9.42638E+00
  6.05469E-02  9.41351E+00
  6.44531E-02  9.39999E+00
  6.83594E-02  9.38584E+00
  7.22656E-02  9.37104E+00
  7.61719E-02  9.35561E+00
  8.00781E-02  9.33954E+00
  8.39844E-02  9.32283E+00
  8.78906E-02  9.30548E+00
  9.17969E-02  9.28748E+00
  9.57031E-02  9.26884E+00
  9.96094E-02  9.24956E+00
  1.03516E-01  9.22963E+00
  1.07422E-01  9.20904E+00
  1.11328E-01  9.18781E+00
  1.15234E-01  9.16591E+00
  1.19141E-01  9.14336E+00
  1.23047E-01  9.12014E+00
  1.26953E-01  9.09626E+00
  1.30859E-01  9.07170E+00
  1.34766E-01  9.04647E+00
  1.38672E-01  9.02055E+00
  1.42578E-01  8.99395E+00
  1.46484E-01  8.96666E+00
  1.50391E-01  8.93867E+00
  1.54297E-01  8.90997E+00
  1.58203E-01  8.88055E+00
  1.62109E-01  8.85042E+00
  1.66016E-01  8.81956E+00
  1.69922E-01  8.78796E+00
  1.73828E-01  8.75562E+00
  1.77734E-01  8.72252E+00
  1.81641E-01  8.68866E+00
  1.85547E-01  8.65402E+00
  1.89453E-01  8.61859E+00
  1.93359E-01  8.58236E+00
  1.97266E-01  8.54532E+00
  2.01172E-01  8.50745E+00
  2.05078E-01  8.46875E+00
  2.08984E-01  8.42919E+00
  2.12891E-01  8.38876E+00
  2.16797E-01  8.34744E+00
  2.20703E-01  8.30521E+00
  2.24609E-01  8.26206E+00
  2.28516E-01  8.21797E+00
  2.32422E-01  8.17290E+00
  2.36328E-01  8.12685E+00
  2.40234E-01  8.07979E+00
  2.44141E-01  8.03168E+00
  2.48047E-01  7.98250E+00
  2.51953E-01  7.93222E+00
  2.55859E-01  7.88081E+00
  2.59766E-01  7.82823E+00
  2.63672E-01  7.77446E+00
  2.67578E-01  7.71945E+00
  2.71484E-01  7.66316E+00
  2.75391E-01  7.60555E+00
  2.79297E-01  7.54656E+00
  2.83203E-01  7.48614E+00
  2.87109E-01  7.42425E+00
  2.91016E-01  7.36082E+00
  2.94922E-01  7.29577E+00
  2.98828E-01  7.22905E+00
  3.02734E-01  7.16057E+00
  3.06641E-01  7.09025E+00
  3.10547E-01  7.01799E+00
  3.14453E-01  6.94369E+00
  3.18359E-01  6.86724E+00
  3.22266E-01  6.78851E+00
  3.26172E-01  6.70736E+00
  3.30078E-01  6.62364E+00
  3.33984E-01  6.53716E+00
  3.37891E-01  6.44773E+00
  3.41797E-01  6.35512E+00
  3.45703E-01  6.25895E+00
  3.49609E-01  6.15537E+00
  3.53516E-01  5.94340E+00
  3.57422E-01  1.71700E-28
  3.61328E-01  1.67526E-28
  3.65234E-01  1.62105E-28
  3.69141E-01  1.57137E-28
  3.73047E-01  1.52161E-28
  3.76953E-01  1.47593E-28
  3.80859E-01  1.43017E-28
  3.84766E-01  1.38808E-28
  3.88672E-01  1.34593E-28
  3.92578E-01  1.30708E-28
  3.96484E-01  1.26817E-28
  4.00391E-01  1.23227E-28
  4.04297E-01  1.19632E-28
  4.08203E-01  1.16310E-28
  4.12109E-01  1.12982E-28
  4.16016E-01  1.09900E-28
  4.19922E-01  1.06815E-28
  4.23828E-01  1.03955E-28
  4.27734E-01  1.01091E-28
  4.31641E-01  9.84308E-29
  4.35547E-01  9.57678E-29
  4.39453E-01  9.32914E-29
  4.43359E-01  9.08121E-29
  4.47266E-01  8.85030E-29
  4.51172E-01  8.61916E-29
  4.55078E-01  8.40367E-29
  4.58984E-01  8.18798E-29
  4.62891E-01  7.98671E-29
  4.66797E-01  7.78523E-29
  4.70703E-01  7.59699E-29
  4.74609E-01  7.40856E-29
  4.78516E-01  7.23240E-29
  4.82422E-01  7.05605E-29
  4.86328E-01  6.89095E-29
  4.90234E-01  6.72566E-29
  4.94141E-01  6.57069E-29
  4.98047E-01  6.41556E-29
  5.01953E-01  6.26999E-29
  5.05859E-01  6.12427E-29
  5.09766E-01  5.98729E-29
  5.13672E-01  5.85016E-29
  5.17578E-01  5.72112E-29
  5.21484E-01  5.59200E-29
  5.25391E-01  5.47041E-29
  5.29297E-01  5.34876E-29
  5.33203E-01  5.23416E-29
  5.37109E-01  5.11950E-29
  5.41016E-01  5.01144E-29
  5.44922E-01  4.90328E-29
  5.48828E-01  4.80129E-29
  5.52734E-01  4.69921E-29
  5.56641E-01  4.60278E-29
  5.60547E-01  4.50627E-29
  5.64453E-01  4.41506E-29
  5.68359E-01  4.32378E-29
  5.72266E-01  4.23747E-29
  5.76172E-01  4.15111E-29
  5.80078E-01  4.06938E-29
  5.83984E-01  3.98758E-29
  5.87891E-01  3.91008E-29
  5.91797E-01  3.83253E-29
  5.95703E-01  3.75902E-29
  5.99609E-01  3.68545E-29
  6.03516E-01  3.61565E-29
  6.07422E-01  3.54579E-29
  6.11328E-01  3.47943E-29
  6.15234E-01  3.41304E-29
  6.19141E-01  3.34995E-29
  6.23047E-01  3.28681E-29
  6.26953E-01  3.22680E-29
  6.30859E-01  3.16675E-29
  6.34766E-01  3.10967E-29
  6.38672E-01  3.05254E-29
  6.42578E-01  2.99822E-29
  6.46484E-01  2.94386E-29
  6.50391E-01  2.89215E-29
  6.54297E-01  2.84040E-29
  6.58203E-01  2.79110E-29
  6.62109E-01  2.74175E-29
  6.66016E-01  2.69466E-29
  6.69922E-01  2.64755E-29
  6.73828E-01  2.60254E-29
  6.77734E-01  2.55753E-29
  6.81641E-01  2.51454E-29
  6.85547E-01  2.47153E-29
  6.89453E-01  2.43049E-29
  6.93359E-01  2.38941E-29
  6.97266E-01  2.35017E-29
  7.01172E-01  2.31090E-29
  7.05078E-01  2.27336E-29
  7.08984E-01  2.23580E-29
  7.12891E-01  2.19988E-29
  7.16797E-01  2.16394E-29
  7.20703E-01  2.12957E-29
  7.24609E-01  2.09517E-29
  7.28516E-01  2.06227E-29
  7.32422E-01  2.02934E-29
  7.36328E-01  1.99780E-29
  7.40234E-01  1.96625E-29
  7.44141E-01  1.93601E-29
  7.48047E-01  1.90575E-29
  7.51953E-01  1.87674E-29
  7.55859E-01  1.84772E-29
  7.59766E-01  1.81988E-29
  7.63672E-01  1.79202E-29
  7.67578E-01  1.76530E-29
  7.71484E-01  1.73856E-29
  7.75391E-01  1.71290E-29
  7.79297E-01  1.68723E-29
  7.83203E-01  1.66259E-29
  7.87109E-01  1.63794E-29
  7.91016E-01  1.61427E-29
  7.94922E-01  1.59058E-29
  7.98828E-01  1.56782E-29
  8.02734E-01  1.54504E-29
  8.06641E-01  1.52316E-29
  8.10547E-01  1.50125E-29
  8.14453E-01  1.48019E-29
  8.18359E-01  1.45912E-29
  8.22266E-01  1.43884E-29
  8.26172E-01  1.41856E-29
  8.30078E-01  1.39904E-29
  8.33984E-01  1.37951E-29
  8.37891E-01  1.36071E-29
  8.41797E-01  1.34191E-29
  8.45703E-01  1.32380E-29
  8.49609E-01  1.30568E-29
  8.53516E-01  1.28823E-29
  8.57422E-01  1.27077E-29
  8.61328E-01  1.25396E-29
  8.65234E-01  1.23714E-29
  8.69141E-01  1.22093E-29
  8.73047E-01  1.20470E-29
  8.76953E-01  1.18907E-29
  8.80859E-01  1.17343E-29
  8.84766E-01  1.15836E-29
  8.88672E-01  1.14327E-29
  8.92578E-01  1.12873E-29
  8.96484E-01  1.11418E-29
  9.00391E-01  1.10014E-29
  9.04297E-01  1.08610E-29
  9.08203E-01  1.07256E-29
  9.12109E-01  1.05901E-29
  9.16016E-01  1.04595E-29
  9.19922E-01  1.03287E-29
  9.23828E-01  1.02027E-29
  9.27734E-01  1.00765E-29
  9.31641E-01  9.95497E-30
  9.35547E-01  9.83331E-30
  9.39453E-01  9.71608E-30
  9.43359E-01  9.59875E-30
  9.47266E-01  9.48582E-30
  9.51172E-01  9.37280E-30
  9.55078E-01  9.26412E-30
  9.58984E-01  9.15538E-30
  9.62891E-01  9.05107E-30
  9.66797E-01  8.94669E-30
  9.70703E-01  8.84706E-30
  9.74609E-01  8.74732E-30
  9.78516E-01  8.65313E-30
  9.82422E-01  8.55888E-30
  9.86328E-01  8.47239E-30
  9.90234E-01  8.38626E-30
  9.94141E-01  8.31871E-30
  9.98047E-01  8.28598E-30
  1.00195E+00  8.28598E-30
