 -1.95312E-03  9.53972E+00
  1.95312E-03  9.54040E+00
  5.85938E-03  9.53568E+00
  9.76562E-03  9.53100E+00
  1.36719E-02  9.52579E+00
  1.75781E-02  9.51996E+00
  2.14844E-02  9.51350E+00
  2.53906E-02  9.50639E+00
  2.92969E-02  9.49864E+00
  3.32031E-02  9.49024E+00
  3.71094E-02  9.48120E+00
  4.10156E-02  9.47152E+00
  4.49219E-02  9.46120E+00
  4.88281E-02  9.45023E+00
  5.27344E-02  9.43863E+00
  5.66406E-02  9.42639E+00
  6.05469E-02  9.41351E+00
  6.44531E-02  9.39999E+00
  6.83594E-02  9.38584E+00
  7.22656E-02  9.37105E+00
  7.61719E-02  9.35561E+00
  8.00781E-02  9.33954E+00
  8.39844E-02  9.32283E+00
  8.78906E-02  9.30548E+00
  9.17969E-02  9.28748E+00
  9.57031E-02  9.26884E+00
  9.96094E-02  9.24956E+00
  1.03516E-01  9.22963E+00
  1.07422E-01  9.20905E+00
  1.11328E-01  9.18781E+00
  1.15234E-01  9.16592E+00
  1.19141E-01  9.14336E+00
  1.23047E-01  9.12015E+00
  1.26953E-01  9.09626E+00
  1.30859E-01  9.07170E+00
  1.34766E-01  9.04647E+00
  1.38672E-01  9.02056E+00
  1.42578E-01  8.99396E+00
  1.46484E-01  8.96667E+00
  1.50391E-01  8.93867E+00
  1.54297E-01  8.90997E+00
  1.58203E-01  8.88056E+00
  1.62109E-01  8.85043E+00
  1.66016E-01  8.81956E+00
  1.69922E-01  8.78796E+00
  1.73828E-01  8.75562E+00
  1.77734E-01  8.72252E+00
  1.81641E-01  8.68866E+00
  1.85547E-01  8.65402E+00
  1.89453E-01  8.61859E+00
  1.93359E-01  8.58236E+00
  1.97266E-01  8.54532E+00
  2.01172E-01  8.50745E+00
  2.05078E-01  8.46875E+00
  2.08984E-01  8.42919E+00
  2.12891E-01  8.38876E+00
  2.16797E-01  8.34744E+00
  2.20703E-01  8.30521E+00
  2.24609E-01  8.26206E+00
  2.28516E-01  8.21797E+00
  2.32422E-01  8.17290E+00
  2.36328E-01  8.12685E+00
  2.40234E-01  8.07979E+00
  2.44141E-01  8.03168E+00
  2.48047E-01  7.98250E+00
  2.51953E-01  7.93222E+00
  2.55859E-01  7.88081E+00
  2.59766E-01  7.82823E+00
  2.63672E-01  7.77446E+00
  2.67578E-01  7.71944E+00
  2.71484E-01  7.66316E+00
  2.75391E-01  7.60554E+00
  2.79297E-01  7.54655E+00
  2.83203E-01  7.48614E+00
  2.87109E-01  7.42425E+00
  2.91016E-01  7.36082E+00
  2.94922E-01  7.29577E+00
  2.98828E-01  7.22905E+00
  3.02734E-01  7.16057E+00
  3.06641E-01  7.09025E+00
  3.10547E-01  7.01799E+00
  3.14453E-01  6.94369E+00
  3.18359E-01  6.86724E+00
  3.22266E-01  6.78851E+00
  3.26172E-01  6.70736E+00
  3.30078E-01  6.62363E+00
  3.33984E-01  6.53715E+00
  3.37891E-01  6.44772E+00
  3.41797E-01  6.35511E+00
  3.45703E-01  6.25895E+00
  3.49609E-01  6.15537E+00
  3.53516E-01  5.94340E+00
  3.57422E-01  1.18927E-28
  3.61328E-01  1.16037E-28
  3.65234E-01  1.12283E-28
  3.69141E-01  1.08843E-28
  3.73047E-01  1.05397E-28
  3.76953E-01  1.02233E-28
  3.80859E-01  9.90646E-29
  3.84766E-01  9.61506E-29
  3.88672E-01  9.32326E-29
  3.92578E-01  9.05442E-29
  3.96484E-01  8.78518E-29
  4.00391E-01  8.53667E-29
  4.04297E-01  8.28782E-29
  4.08203E-01  8.05771E-29
  4.12109E-01  7.82726E-29
  4.16016E-01  7.61383E-29
  4.19922E-01  7.40012E-29
  4.23828E-01  7.20181E-29
  4.27734E-01  7.00328E-29
  4.31641E-01  6.81883E-29
  4.35547E-01  6.63420E-29
  4.39453E-01  6.46255E-29
  4.43359E-01  6.29070E-29
  4.47266E-01  6.13067E-29
  4.51172E-01  5.97051E-29
  4.55078E-01  5.82119E-29
  4.58984E-01  5.67176E-29
  4.62891E-01  5.53234E-29
  4.66797E-01  5.39275E-29
  4.70703E-01  5.26231E-29
  4.74609E-01  5.13171E-29
  4.78516E-01  5.00957E-29
  4.82422E-01  4.88734E-29
  4.86328E-01  4.77291E-29
  4.90234E-01  4.65836E-29
  4.94141E-01  4.55098E-29
  4.98047E-01  4.44351E-29
  5.01953E-01  4.34266E-29
  5.05859E-01  4.24172E-29
  5.09766E-01  4.14685E-29
  5.13672E-01  4.05191E-29
  5.17578E-01  3.96262E-29
  5.21484E-01  3.87325E-29
  5.25391E-01  3.78912E-29
  5.29297E-01  3.70493E-29
  5.33203E-01  3.62559E-29
  5.37109E-01  3.54619E-29
  5.41016E-01  3.47135E-29
  5.44922E-01  3.39645E-29
  5.48828E-01  3.32580E-29
  5.52734E-01  3.25511E-29
  5.56641E-01  3.18837E-29
  5.60547E-01  3.12157E-29
  5.64453E-01  3.05845E-29
  5.68359E-01  2.99529E-29
  5.72266E-01  2.93553E-29
  5.76172E-01  2.87574E-29
  5.80078E-01  2.81915E-29
  5.83984E-01  2.76250E-29
  5.87891E-01  2.70882E-29
  5.91797E-01  2.65508E-29
  5.95703E-01  2.60407E-29
  5.99609E-01  2.55303E-29
  6.03516E-01  2.50459E-29
  6.07422E-01  2.45612E-29
  6.11328E-01  2.41015E-29
  6.15234E-01  2.36416E-29
  6.19141E-01  2.32049E-29
  6.23047E-01  2.27679E-29
  6.26953E-01  2.23524E-29
  6.30859E-01  2.19366E-29
  6.34766E-01  2.15410E-29
  6.38672E-01  2.11452E-29
  6.42578E-01  2.07686E-29
  6.46484E-01  2.03917E-29
  6.50391E-01  2.00331E-29
  6.54297E-01  1.96742E-29
  6.58203E-01  1.93325E-29
  6.62109E-01  1.89905E-29
  6.66016E-01  1.86644E-29
  6.69922E-01  1.83381E-29
  6.73828E-01  1.80265E-29
  6.77734E-01  1.77148E-29
  6.81641E-01  1.74171E-29
  6.85547E-01  1.71193E-29
  6.89453E-01  1.68349E-29
  6.93359E-01  1.65503E-29
  6.97266E-01  1.62784E-29
  7.01172E-01  1.60065E-29
  7.05078E-01  1.57466E-29
  7.08984E-01  1.54866E-29
  7.12891E-01  1.52382E-29
  7.16797E-01  1.49895E-29
  7.20703E-01  1.47516E-29
  7.24609E-01  1.45136E-29
  7.28516E-01  1.42857E-29
  7.32422E-01  1.40577E-29
  7.36328E-01  1.38393E-29
  7.40234E-01  1.36206E-29
  7.44141E-01  1.34111E-29
  7.48047E-01  1.32014E-29
  7.51953E-01  1.30005E-29
  7.55859E-01  1.27994E-29
  7.59766E-01  1.26066E-29
  7.63672E-01  1.24137E-29
  7.67578E-01  1.22285E-29
  7.71484E-01  1.20433E-29
  7.75391E-01  1.18655E-29
  7.79297E-01  1.16876E-29
  7.83203E-01  1.15169E-29
  7.87109E-01  1.13461E-29
  7.91016E-01  1.11820E-29
  7.94922E-01  1.10178E-29
  7.98828E-01  1.08601E-29
  8.02734E-01  1.07024E-29
  8.06641E-01  1.05507E-29
  8.10547E-01  1.03990E-29
  8.14453E-01  1.02530E-29
  8.18359E-01  1.01070E-29
  8.22266E-01  9.96659E-30
  8.26172E-01  9.82606E-30
  8.30078E-01  9.69085E-30
  8.33984E-01  9.55557E-30
  8.37891E-01  9.42537E-30
  8.41797E-01  9.29510E-30
  8.45703E-01  9.16968E-30
  8.49609E-01  9.04420E-30
  8.53516E-01  8.92338E-30
  8.57422E-01  8.80249E-30
  8.61328E-01  8.68603E-30
  8.65234E-01  8.56949E-30
  8.69141E-01  8.45723E-30
  8.73047E-01  8.34490E-30
  8.76953E-01  8.23662E-30
  8.80859E-01  8.12831E-30
  8.84766E-01  8.02387E-30
  8.88672E-01  7.91938E-30
  8.92578E-01  7.81864E-30
  8.96484E-01  7.71782E-30
  9.00391E-01  7.62062E-30
  9.04297E-01  7.52337E-30
  9.08203E-01  7.42958E-30
  9.12109E-01  7.33572E-30
  9.16016E-01  7.24521E-30
  9.19922E-01  7.15463E-30
  9.23828E-01  7.06733E-30
  9.27734E-01  6.97995E-30
  9.31641E-01  6.89573E-30
  9.35547E-01  6.81144E-30
  9.39453E-01  6.73026E-30
  9.43359E-01  6.64900E-30
  9.47266E-01  6.57077E-30
  9.51172E-01  6.49247E-30
  9.55078E-01  6.41719E-30
  9.58984E-01  6.34184E-30
  9.62891E-01  6.26963E-30
  9.66797E-01  6.19730E-30
  9.70703E-01  6.12830E-30
  9.74609E-01  6.05922E-30
  9.78516E-01  5.99397E-30
  9.82422E-01  5.92867E-30
  9.86328E-01  5.86876E-30
  9.90234E-01  5.80910E-30
  9.94141E-01  5.76233E-30
  9.98047E-01  5.73964E-30
  1.00195E+00  5.73964E-30
