 -1.95312E-03  2.34645E+00
  1.95312E-03  2.34645E+00
  5.85938E-03  2.34634E+00
  9.76562E-03  2.34614E+00
  1.36719E-02  2.34583E+00
  1.75781E-02  2.34542E+00
  2.14844E-02  2.34491E+00
  2.53906E-02  2.34430E+00
  2.92969E-02  2.34359E+00
  3.32031E-02  2.34279E+00
  3.71094E-02  2.34188E+00
  4.10156E-02  2.34088E+00
  4.49219E-02  2.33978E+00
  4.88281E-02  2.33859E+00
  5.27344E-02  2.33730E+00
  5.66406E-02  2.33592E+00
  6.05469E-02  2.33444E+00
  6.44531E-02  2.33287E+00
  6.83594E-02  2.33121E+00
  7.22656E-02  2.32945E+00
  7.61719E-02  2.32761E+00
  8.00781E-02  2.32567E+00
  8.39844E-02  2.32363E+00
  8.78906E-02  2.32151E+00
  9.17969E-02  2.31930E+00
  9.57031E-02  2.31700E+00
  9.96094E-02  2.31461E+00
  1.03516E-01  2.31212E+00
  1.07422E-01  2.30955E+00
  1.11328E-01  2.30689E+00
  1.15234E-01  2.30415E+00
  1.19141E-01  2.30131E+00
  1.23047E-01  2.29839E+00
  1.26953E-01  2.29538E+00
  1.30859E-01  2.29228E+00
  1.34766E-01  2.28910E+00
  1.38672E-01  2.28582E+00
  1.42578E-01  2.28247E+00
  1.46484E-01  2.27902E+00
  1.50391E-01  2.27549E+00
  1.54297E-01  2.27188E+00
  1.58203E-01  2.26818E+00
  1.62109E-01  2.26439E+00
  1.66016E-01  2.26051E+00
  1.69922E-01  2.25656E+00
  1.73828E-01  2.25251E+00
  1.77734E-01  2.24839E+00
  1.81641E-01  2.24417E+00
  1.85547E-01  2.23987E+00
  1.89453E-01  2.23549E+00
  1.93359E-01  2.23102E+00
  1.97266E-01  2.22647E+00
  2.01172E-01  2.22183E+00
  2.05078E-01  2.21710E+00
  2.08984E-01  2.21230E+00
  2.12891E-01  2.20740E+00
  2.16797E-01  2.20243E+00
  2.20703E-01  2.19737E+00
  2.24609E-01  2.19222E+00
  2.28516E-01  2.18699E+00
  2.32422E-01  2.18167E+00
  2.36328E-01  2.17627E+00
  2.40234E-01  2.17078E+00
  2.44141E-01  2.16521E+00
  2.48047E-01  2.15955E+00
  2.51953E-01  2.15380E+00
  2.55859E-01  2.14797E+00
  2.59766E-01  2.14205E+00
  2.63672E-01  2.13605E+00
  2.67578E-01  2.12996E+00
  2.71484E-01  2.12378E+00
  2.75391E-01  2.11752E+00
  2.79297E-01  2.11117E+00
  2.83203E-01  2.10473E+00
  2.87109E-01  2.09821E+00
  2.91016E-01  2.09160E+00
  2.94922E-01  2.08490E+00
  2.98828E-01  2.07811E+00
  3.02734E-01  2.07124E+00
  3.06641E-01  2.06427E+00
  3.10547E-01  2.05722E+00
  3.14453E-01  2.05007E+00
  3.18359E-01  2.04284E+00
  3.22266E-01  2.03551E+00
  3.26172E-01  2.02809E+00
  3.30078E-01  2.02058E+00
  3.33984E-01  2.01298E+00
  3.37891E-01  2.00528E+00
  3.41797E-01  1.99749E+00
  3.45703E-01  1.98961E+00
  3.49609E-01  1.98163E+00
  3.53516E-01  1.97356E+00
  3.57422E-01  1.96540E+00
  3.61328E-01  1.95713E+00
  3.65234E-01  1.94877E+00
  3.69141E-01  1.94032E+00
  3.73047E-01  1.93176E+00
  3.76953E-01  1.92311E+00
  3.80859E-01  1.91436E+00
  3.84766E-01  1.90551E+00
  3.88672E-01  1.89655E+00
  3.92578E-01  1.88750E+00
  3.96484E-01  1.87834E+00
  4.00391E-01  1.86908E+00
  4.04297E-01  1.85972E+00
  4.08203E-01  1.85025E+00
  4.12109E-01  1.84067E+00
  4.16016E-01  1.83099E+00
  4.19922E-01  1.82120E+00
  4.23828E-01  1.81130E+00
  4.27734E-01  1.80129E+00
  4.31641E-01  1.79117E+00
  4.35547E-01  1.78093E+00
  4.39453E-01  1.77059E+00
  4.43359E-01  1.76013E+00
  4.47266E-01  1.74955E+00
  4.51172E-01  1.73886E+00
  4.55078E-01  1.72804E+00
  4.58984E-01  1.71711E+00
  4.62891E-01  1.70606E+00
  4.66797E-01  1.69488E+00
  4.70703E-01  1.68358E+00
  4.74609E-01  1.67216E+00
  4.78516E-01  1.66060E+00
  4.82422E-01  1.64892E+00
  4.86328E-01  1.63711E+00
  4.90234E-01  1.62517E+00
  4.94141E-01  1.61309E+00
  4.98047E-01  1.60087E+00
  5.01953E-01  1.58852E+00
  5.05859E-01  1.57603E+00
  5.09766E-01  1.56340E+00
  5.13672E-01  1.55063E+00
  5.17578E-01  1.53771E+00
  5.21484E-01  1.52464E+00
  5.25391E-01  1.51143E+00
  5.29297E-01  1.49806E+00
  5.33203E-01  1.48454E+00
  5.37109E-01  1.47086E+00
  5.41016E-01  1.45703E+00
  5.44922E-01  1.44303E+00
  5.48828E-01  1.42888E+00
  5.52734E-01  1.41455E+00
  5.56641E-01  1.40006E+00
  5.60547E-01  1.38540E+00
  5.64453E-01  1.37057E+00
  5.68359E-01  1.35556E+00
  5.72266E-01  1.34038E+00
  5.76172E-01  1.32501E+00
  5.80078E-01  1.30947E+00
  5.83984E-01  1.29374E+00
  5.87891E-01  1.27783E+00
  5.91797E-01  1.26173E+00
  5.95703E-01  1.24545E+00
  5.99609E-01  1.22897E+00
  6.03516E-01  1.21230E+00
  6.07422E-01  1.19544E+00
  6.11328E-01  1.17839E+00
  6.15234E-01  1.16115E+00
  6.19141E-01  1.14372E+00
  6.23047E-01  1.12610E+00
  6.26953E-01  1.10829E+00
  6.30859E-01  1.09030E+00
  6.34766E-01  1.07214E+00
  6.38672E-01  1.05380E+00
  6.42578E-01  1.03530E+00
  6.46484E-01  1.01664E+00
  6.50391E-01  9.97837E-01
  6.54297E-01  9.78909E-01
  6.58203E-01  9.59869E-01
  6.62109E-01  9.40737E-01
  6.66016E-01  9.21536E-01
  6.69922E-01  9.02295E-01
  6.73828E-01  8.83047E-01
  6.77734E-01  8.63823E-01
  6.81641E-01  8.44661E-01
  6.85547E-01  8.25606E-01
  6.89453E-01  8.06711E-01
  6.93359E-01  7.88025E-01
  6.97266E-01  7.69609E-01
  7.01172E-01  7.51515E-01
  7.05078E-01  7.33811E-01
  7.08984E-01  7.16548E-01
  7.12891E-01  6.99788E-01
  7.16797E-01  6.83581E-01
  7.20703E-01  6.67972E-01
  7.24609E-01  6.52999E-01
  7.28516E-01  6.38690E-01
  7.32422E-01  6.25064E-01
  7.36328E-01  6.12122E-01
  7.40234E-01  5.99858E-01
  7.44141E-01  5.88263E-01
  7.48047E-01  5.77310E-01
  7.51953E-01  5.66974E-01
  7.55859E-01  5.57217E-01
  7.59766E-01  5.47991E-01
  7.63672E-01  5.39259E-01
  7.67578E-01  5.30987E-01
  7.71484E-01  5.23136E-01
  7.75391E-01  5.15662E-01
  7.79297E-01  5.08534E-01
  7.83203E-01  5.01723E-01
  7.87109E-01  4.95192E-01
  7.91016E-01  4.88919E-01
  7.94922E-01  4.82883E-01
  7.98828E-01  4.77062E-01
  8.02734E-01  4.71432E-01
  8.06641E-01  4.65982E-01
  8.10547E-01  4.60700E-01
  8.14453E-01  4.55569E-01
  8.18359E-01  4.50581E-01
  8.22266E-01  4.45726E-01
  8.26172E-01  4.40995E-01
  8.30078E-01  4.36382E-01
  8.33984E-01  4.31881E-01
  8.37891E-01  4.27489E-01
  8.41797E-01  4.23195E-01
  8.45703E-01  4.19000E-01
  8.49609E-01  4.14898E-01
  8.53516E-01  4.10883E-01
  8.57422E-01  4.06954E-01
  8.61328E-01  4.03112E-01
  8.65234E-01  3.99356E-01
  8.69141E-01  3.95679E-01
  8.73047E-01  3.92075E-01
  8.76953E-01  3.88556E-01
  8.80859E-01  3.85101E-01
  8.84766E-01  3.81729E-01
  8.88672E-01  3.78426E-01
  8.92578E-01  3.75201E-01
  8.96484E-01  3.72037E-01
  9.00391E-01  3.68953E-01
  9.04297E-01  3.65933E-01
  9.08203E-01  3.62987E-01
  9.12109E-01  3.60116E-01
  9.16016E-01  3.57305E-01
  9.19922E-01  3.54569E-01
  9.23828E-01  3.51910E-01
  9.27734E-01  3.49325E-01
  9.31641E-01  3.46801E-01
  9.35547E-01  3.44356E-01
  9.39453E-01  3.41992E-01
  9.43359E-01  3.39712E-01
  9.47266E-01  3.37513E-01
  9.51172E-01  3.35389E-01
  9.55078E-01  3.33355E-01
  9.58984E-01  3.31417E-01
  9.62891E-01  3.29580E-01
  9.66797E-01  3.27853E-01
  9.70703E-01  3.26243E-01
  9.74609E-01  3.24759E-01
  9.78516E-01  3.23415E-01
  9.82422E-01  3.22223E-01
  9.86328E-01  3.21197E-01
  9.90234E-01  3.20375E-01
  9.94141E-01  3.19782E-01
  9.98047E-01  3.19463E-01
  1.00195E+00  3.19463E-01
