 -1.95312E-03  1.87212E+00
  1.95312E-03  1.87212E+00
  5.85938E-03  1.87200E+00
  9.76562E-03  1.87176E+00
  1.36719E-02  1.87141E+00
  1.75781E-02  1.87093E+00
  2.14844E-02  1.87035E+00
  2.53906E-02  1.86964E+00
  2.92969E-02  1.86883E+00
  3.32031E-02  1.86790E+00
  3.71094E-02  1.86686E+00
  4.10156E-02  1.86572E+00
  4.49219E-02  1.86446E+00
  4.88281E-02  1.86310E+00
  5.27344E-02  1.86163E+00
  5.66406E-02  1.86005E+00
  6.05469E-02  1.85837E+00
  6.44531E-02  1.85658E+00
  6.83594E-02  1.85470E+00
  7.22656E-02  1.85271E+00
  7.61719E-02  1.85062E+00
  8.00781E-02  1.84843E+00
  8.39844E-02  1.84614E+00
  8.78906E-02  1.84375E+00
  9.17969E-02  1.84126E+00
  9.57031E-02  1.83868E+00
  9.96094E-02  1.83600E+00
  1.03516E-01  1.83322E+00
  1.07422E-01  1.83036E+00
  1.11328E-01  1.82739E+00
  1.15234E-01  1.82434E+00
  1.19141E-01  1.82119E+00
  1.23047E-01  1.81795E+00
  1.26953E-01  1.81462E+00
  1.30859E-01  1.81120E+00
  1.34766E-01  1.80769E+00
  1.38672E-01  1.80410E+00
  1.42578E-01  1.80041E+00
  1.46484E-01  1.79664E+00
  1.50391E-01  1.79278E+00
  1.54297E-01  1.78884E+00
  1.58203E-01  1.78481E+00
  1.62109E-01  1.78070E+00
  1.66016E-01  1.77650E+00
  1.69922E-01  1.77222E+00
  1.73828E-01  1.76786E+00
  1.77734E-01  1.76342E+00
  1.81641E-01  1.75889E+00
  1.85547E-01  1.75429E+00
  1.89453E-01  1.74961E+00
  1.93359E-01  1.74485E+00
  1.97266E-01  1.74001E+00
  2.01172E-01  1.73510E+00
  2.05078E-01  1.73011E+00
  2.08984E-01  1.72504E+00
  2.12891E-01  1.71990E+00
  2.16797E-01  1.71468E+00
  2.20703E-01  1.70940E+00
  2.24609E-01  1.70404E+00
  2.28516E-01  1.69861E+00
  2.32422E-01  1.69310E+00
  2.36328E-01  1.68753E+00
  2.40234E-01  1.68189E+00
  2.44141E-01  1.67619E+00
  2.48047E-01  1.67041E+00
  2.51953E-01  1.66457E+00
  2.55859E-01  1.65866E+00
  2.59766E-01  1.65269E+00
  2.63672E-01  1.64666E+00
  2.67578E-01  1.64056E+00
  2.71484E-01  1.63440E+00
  2.75391E-01  1.62818E+00
  2.79297E-01  1.62190E+00
  2.83203E-01  1.61556E+00
  2.87109E-01  1.60917E+00
  2.91016E-01  1.60272E+00
  2.94922E-01  1.59621E+00
  2.98828E-01  1.58965E+00
  3.02734E-01  1.58303E+00
  3.06641E-01  1.57636E+00
  3.10547E-01  1.56965E+00
  3.14453E-01  1.56288E+00
  3.18359E-01  1.55607E+00
  3.22266E-01  1.54920E+00
  3.26172E-01  1.54230E+00
  3.30078E-01  1.53535E+00
  3.33984E-01  1.52835E+00
  3.37891E-01  1.52131E+00
  3.41797E-01  1.51424E+00
  3.45703E-01  1.50712E+00
  3.49609E-01  1.49997E+00
  3.53516E-01  1.49278E+00
  3.57422E-01  1.48555E+00
  3.61328E-01  1.47830E+00
  3.65234E-01  1.47101E+00
  3.69141E-01  1.46369E+00
  3.73047E-01  1.45634E+00
  3.76953E-01  1.44897E+00
  3.80859E-01  1.44157E+00
  3.84766E-01  1.43415E+00
  3.88672E-01  1.42671E+00
  3.92578E-01  1.41925E+00
  3.96484E-01  1.41177E+00
  4.00391E-01  1.40427E+00
  4.04297E-01  1.39676E+00
  4.08203E-01  1.38923E+00
  4.12109E-01  1.38170E+00
  4.16016E-01  1.37415E+00
  4.19922E-01  1.36660E+00
  4.23828E-01  1.35904E+00
  4.27734E-01  1.35148E+00
  4.31641E-01  1.34391E+00
  4.35547E-01  1.33635E+00
  4.39453E-01  1.32879E+00
  4.43359E-01  1.32123E+00
  4.47266E-01  1.31367E+00
  4.51172E-01  1.30613E+00
  4.55078E-01  1.29859E+00
  4.58984E-01  1.29106E+00
  4.62891E-01  1.28354E+00
  4.66797E-01  1.27604E+00
  4.70703E-01  1.26856E+00
  4.74609E-01  1.26109E+00
  4.78516E-01  1.25364E+00
  4.82422E-01  1.24621E+00
  4.86328E-01  1.23881E+00
  4.90234E-01  1.23143E+00
  4.94141E-01  1.22407E+00
  4.98047E-01  1.21674E+00
  5.01953E-01  1.20944E+00
  5.05859E-01  1.20218E+00
  5.09766E-01  1.19494E+00
  5.13672E-01  1.18773E+00
  5.17578E-01  1.18056E+00
  5.21484E-01  1.17342E+00
  5.25391E-01  1.16632E+00
  5.29297E-01  1.15926E+00
  5.33203E-01  1.15224E+00
  5.37109E-01  1.14525E+00
  5.41016E-01  1.13831E+00
  5.44922E-01  1.13141E+00
  5.48828E-01  1.12455E+00
  5.52734E-01  1.11773E+00
  5.56641E-01  1.11095E+00
  5.60547E-01  1.10423E+00
  5.64453E-01  1.09754E+00
  5.68359E-01  1.09090E+00
  5.72266E-01  1.08431E+00
  5.76172E-01  1.07777E+00
  5.80078E-01  1.07127E+00
  5.83984E-01  1.06482E+00
  5.87891E-01  1.05841E+00
  5.91797E-01  1.05205E+00
  5.95703E-01  1.04574E+00
  5.99609E-01  1.03948E+00
  6.03516E-01  1.03327E+00
  6.07422E-01  1.02710E+00
  6.11328E-01  1.02099E+00
  6.15234E-01  1.01492E+00
  6.19141E-01  1.00889E+00
  6.23047E-01  1.00292E+00
  6.26953E-01  9.96996E-01
  6.30859E-01  9.91119E-01
  6.34766E-01  9.85289E-01
  6.38672E-01  9.79507E-01
  6.42578E-01  9.73773E-01
  6.46484E-01  9.68086E-01
  6.50391E-01  9.62445E-01
  6.54297E-01  9.56849E-01
  6.58203E-01  9.51301E-01
  6.62109E-01  9.45799E-01
  6.66016E-01  9.40342E-01
  6.69922E-01  9.34930E-01
  6.73828E-01  9.29563E-01
  6.77734E-01  9.24241E-01
  6.81641E-01  9.18964E-01
  6.85547E-01  9.13731E-01
  6.89453E-01  9.08541E-01
  6.93359E-01  9.03395E-01
  6.97266E-01  8.98291E-01
  7.01172E-01  8.93230E-01
  7.05078E-01  8.88212E-01
  7.08984E-01  8.83237E-01
  7.12891E-01  8.78302E-01
  7.16797E-01  8.73410E-01
  7.20703E-01  8.68559E-01
  7.24609E-01  8.63748E-01
  7.28516E-01  8.58978E-01
  7.32422E-01  8.54249E-01
  7.36328E-01  8.49559E-01
  7.40234E-01  8.44909E-01
  7.44141E-01  8.40298E-01
  7.48047E-01  8.35729E-01
  7.51953E-01  8.31197E-01
  7.55859E-01  8.26704E-01
  7.59766E-01  8.22250E-01
  7.63672E-01  8.17836E-01
  7.67578E-01  8.13460E-01
  7.71484E-01  8.09122E-01
  7.75391E-01  8.04822E-01
  7.79297E-01  8.00560E-01
  7.83203E-01  7.96337E-01
  7.87109E-01  7.92151E-01
  7.91016E-01  7.88004E-01
  7.94922E-01  7.83895E-01
  7.98828E-01  7.79823E-01
  8.02734E-01  7.75790E-01
  8.06641E-01  7.71795E-01
  8.10547E-01  7.67839E-01
  8.14453E-01  7.63922E-01
  8.18359E-01  7.60043E-01
  8.22266E-01  7.56202E-01
  8.26172E-01  7.52401E-01
  8.30078E-01  7.48640E-01
  8.33984E-01  7.44918E-01
  8.37891E-01  7.41236E-01
  8.41797E-01  7.37595E-01
  8.45703E-01  7.33994E-01
  8.49609E-01  7.30436E-01
  8.53516E-01  7.26919E-01
  8.57422E-01  7.23445E-01
  8.61328E-01  7.20015E-01
  8.65234E-01  7.16628E-01
  8.69141E-01  7.13288E-01
  8.73047E-01  7.09993E-01
  8.76953E-01  7.06745E-01
  8.80859E-01  7.03546E-01
  8.84766E-01  7.00395E-01
  8.88672E-01  6.97296E-01
  8.92578E-01  6.94248E-01
  8.96484E-01  6.91254E-01
  9.00391E-01  6.88316E-01
  9.04297E-01  6.85436E-01
  9.08203E-01  6.82614E-01
  9.12109E-01  6.79853E-01
  9.16016E-01  6.77156E-01
  9.19922E-01  6.74526E-01
  9.23828E-01  6.71965E-01
  9.27734E-01  6.69475E-01
  9.31641E-01  6.67062E-01
  9.35547E-01  6.64727E-01
  9.39453E-01  6.62475E-01
  9.43359E-01  6.60310E-01
  9.47266E-01  6.58236E-01
  9.51172E-01  6.56260E-01
  9.55078E-01  6.54386E-01
  9.58984E-01  6.52620E-01
  9.62891E-01  6.50967E-01
  9.66797E-01  6.49437E-01
  9.70703E-01  6.48034E-01
  9.74609E-01  6.46771E-01
  9.78516E-01  6.45653E-01
  9.82422E-01  6.44691E-01
  9.86328E-01  6.43897E-01
  9.90234E-01  6.43281E-01
  9.94141E-01  6.42856E-01
  9.98047E-01  6.42636E-01
  1.00195E+00  6.42636E-01
