 -1.95312E-03  2.36340E+00
  1.95312E-03  2.36340E+00
  5.85938E-03  2.36330E+00
  9.76562E-03  2.36310E+00
  1.36719E-02  2.36279E+00
  1.75781E-02  2.36238E+00
  2.14844E-02  2.36188E+00
  2.53906E-02  2.36127E+00
  2.92969E-02  2.36057E+00
  3.32031E-02  2.35977E+00
  3.71094E-02  2.35887E+00
  4.10156E-02  2.35788E+00
  4.49219E-02  2.35679E+00
  4.88281E-02  2.35561E+00
  5.27344E-02  2.35433E+00
  5.66406E-02  2.35296E+00
  6.05469E-02  2.35149E+00
  6.44531E-02  2.34993E+00
  6.83594E-02  2.34828E+00
  7.22656E-02  2.34654E+00
  7.61719E-02  2.34471E+00
  8.00781E-02  2.34278E+00
  8.39844E-02  2.34077E+00
  8.78906E-02  2.33866E+00
  9.17969E-02  2.33647E+00
  9.57031E-02  2.33418E+00
  9.96094E-02  2.33181E+00
  1.03516E-01  2.32935E+00
  1.07422E-01  2.32680E+00
  1.11328E-01  2.32416E+00
  1.15234E-01  2.32143E+00
  1.19141E-01  2.31862E+00
  1.23047E-01  2.31572E+00
  1.26953E-01  2.31274E+00
  1.30859E-01  2.30966E+00
  1.34766E-01  2.30650E+00
  1.38672E-01  2.30326E+00
  1.42578E-01  2.29993E+00
  1.46484E-01  2.29651E+00
  1.50391E-01  2.29301E+00
  1.54297E-01  2.28942E+00
  1.58203E-01  2.28575E+00
  1.62109E-01  2.28199E+00
  1.66016E-01  2.27815E+00
  1.69922E-01  2.27422E+00
  1.73828E-01  2.27021E+00
  1.77734E-01  2.26611E+00
  1.81641E-01  2.26193E+00
  1.85547E-01  2.25767E+00
  1.89453E-01  2.25332E+00
  1.93359E-01  2.24888E+00
  1.97266E-01  2.24437E+00
  2.01172E-01  2.23976E+00
  2.05078E-01  2.23508E+00
  2.08984E-01  2.23031E+00
  2.12891E-01  2.22545E+00
  2.16797E-01  2.22051E+00
  2.20703E-01  2.21549E+00
  2.24609E-01  2.21038E+00
  2.28516E-01  2.20519E+00
  2.32422E-01  2.19991E+00
  2.36328E-01  2.19455E+00
  2.40234E-01  2.18911E+00
  2.44141E-01  2.18358E+00
  2.48047E-01  2.17796E+00
  2.51953E-01  2.17226E+00
  2.55859E-01  2.16648E+00
  2.59766E-01  2.16061E+00
  2.63672E-01  2.15465E+00
  2.67578E-01  2.14861E+00
  2.71484E-01  2.14248E+00
  2.75391E-01  2.13627E+00
  2.79297E-01  2.12996E+00
  2.83203E-01  2.12358E+00
  2.87109E-01  2.11710E+00
  2.91016E-01  2.11054E+00
  2.94922E-01  2.10389E+00
  2.98828E-01  2.09716E+00
  3.02734E-01  2.09033E+00
  3.06641E-01  2.08342E+00
  3.10547E-01  2.07642E+00
  3.14453E-01  2.06932E+00
  3.18359E-01  2.06214E+00
  3.22266E-01  2.05487E+00
  3.26172E-01  2.04750E+00
  3.30078E-01  2.04005E+00
  3.33984E-01  2.03250E+00
  3.37891E-01  2.02487E+00
  3.41797E-01  2.01714E+00
  3.45703E-01  2.00932E+00
  3.49609E-01  2.00140E+00
  3.53516E-01  1.99339E+00
  3.57422E-01  1.98528E+00
  3.61328E-01  1.97708E+00
  3.65234E-01  1.96878E+00
  3.69141E-01  1.96039E+00
  3.73047E-01  1.95189E+00
  3.76953E-01  1.94330E+00
  3.80859E-01  1.93461E+00
  3.84766E-01  1.92583E+00
  3.88672E-01  1.91694E+00
  3.92578E-01  1.90795E+00
  3.96484E-01  1.89885E+00
  4.00391E-01  1.88966E+00
  4.04297E-01  1.88036E+00
  4.08203E-01  1.87096E+00
  4.12109E-01  1.86144E+00
  4.16016E-01  1.85183E+00
  4.19922E-01  1.84210E+00
  4.23828E-01  1.83227E+00
  4.27734E-01  1.82233E+00
  4.31641E-01  1.81227E+00
  4.35547E-01  1.80210E+00
  4.39453E-01  1.79182E+00
  4.43359E-01  1.78143E+00
  4.47266E-01  1.77092E+00
  4.51172E-01  1.76029E+00
  4.55078E-01  1.74954E+00
  4.58984E-01  1.73867E+00
  4.62891E-01  1.72768E+00
  4.66797E-01  1.71656E+00
  4.70703E-01  1.70533E+00
  4.74609E-01  1.69396E+00
  4.78516E-01  1.68247E+00
  4.82422E-01  1.67084E+00
  4.86328E-01  1.65909E+00
  4.90234E-01  1.64720E+00
  4.94141E-01  1.63518E+00
  4.98047E-01  1.62302E+00
  5.01953E-01  1.61072E+00
  5.05859E-01  1.59827E+00
  5.09766E-01  1.58569E+00
  5.13672E-01  1.57296E+00
  5.17578E-01  1.56008E+00
  5.21484E-01  1.54705E+00
  5.25391E-01  1.53386E+00
  5.29297E-01  1.52052E+00
  5.33203E-01  1.50703E+00
  5.37109E-01  1.49337E+00
  5.41016E-01  1.47954E+00
  5.44922E-01  1.46556E+00
  5.48828E-01  1.45140E+00
  5.52734E-01  1.43707E+00
  5.56641E-01  1.42257E+00
  5.60547E-01  1.40789E+00
  5.64453E-01  1.39303E+00
  5.68359E-01  1.37798E+00
  5.72266E-01  1.36275E+00
  5.76172E-01  1.34733E+00
  5.80078E-01  1.33171E+00
  5.83984E-01  1.31590E+00
  5.87891E-01  1.29988E+00
  5.91797E-01  1.28366E+00
  5.95703E-01  1.26723E+00
  5.99609E-01  1.25060E+00
  6.03516E-01  1.23375E+00
  6.07422E-01  1.21668E+00
  6.11328E-01  1.19940E+00
  6.15234E-01  1.18189E+00
  6.19141E-01  1.16416E+00
  6.23047E-01  1.14620E+00
  6.26953E-01  1.12802E+00
  6.30859E-01  1.10962E+00
  6.34766E-01  1.09099E+00
  6.38672E-01  1.07214E+00
  6.42578E-01  1.05307E+00
  6.46484E-01  1.03379E+00
  6.50391E-01  1.01430E+00
  6.54297E-01  9.94616E-01
  6.58203E-01  9.74742E-01
  6.62109E-01  9.54693E-01
  6.66016E-01  9.34490E-01
  6.69922E-01  9.14155E-01
  6.73828E-01  8.93713E-01
  6.77734E-01  8.73198E-01
  6.81641E-01  8.52646E-01
  6.85547E-01  8.32101E-01
  6.89453E-01  8.11617E-01
  6.93359E-01  7.91255E-01
  6.97266E-01  7.71074E-01
  7.01172E-01  7.51152E-01
  7.05078E-01  7.31563E-01
  7.08984E-01  7.12388E-01
  7.12891E-01  6.93710E-01
  7.16797E-01  6.75611E-01
  7.20703E-01  6.58170E-01
  7.24609E-01  6.41447E-01
  7.28516E-01  6.25498E-01
  7.32422E-01  6.10367E-01
  7.36328E-01  5.96069E-01
  7.40234E-01  5.82619E-01
  7.44141E-01  5.69996E-01
  7.48047E-01  5.58181E-01
  7.51953E-01  5.47130E-01
  7.55859E-01  5.36798E-01
  7.59766E-01  5.27128E-01
  7.63672E-01  5.18058E-01
  7.67578E-01  5.09542E-01
  7.71484E-01  5.01523E-01
  7.75391E-01  4.93951E-01
  7.79297E-01  4.86777E-01
  7.83203E-01  4.79961E-01
  7.87109E-01  4.73466E-01
  7.91016E-01  4.67248E-01
  7.94922E-01  4.61288E-01
  7.98828E-01  4.55558E-01
  8.02734E-01  4.50030E-01
  8.06641E-01  4.44691E-01
  8.10547E-01  4.39523E-01
  8.14453E-01  4.34513E-01
  8.18359E-01  4.29641E-01
  8.22266E-01  4.24905E-01
  8.26172E-01  4.20295E-01
  8.30078E-01  4.15802E-01
  8.33984E-01  4.11420E-01
  8.37891E-01  4.07146E-01
  8.41797E-01  4.02972E-01
  8.45703E-01  3.98889E-01
  8.49609E-01  3.94898E-01
  8.53516E-01  3.91000E-01
  8.57422E-01  3.87184E-01
  8.61328E-01  3.83447E-01
  8.65234E-01  3.79798E-01
  8.69141E-01  3.76219E-01
  8.73047E-01  3.72725E-01
  8.76953E-01  3.69301E-01
  8.80859E-01  3.65949E-01
  8.84766E-01  3.62677E-01
  8.88672E-01  3.59463E-01
  8.92578E-01  3.56327E-01
  8.96484E-01  3.53264E-01
  9.00391E-01  3.50262E-01
  9.04297E-01  3.47328E-01
  9.08203E-01  3.44468E-01
  9.12109E-01  3.41678E-01
  9.16016E-01  3.38952E-01
  9.19922E-01  3.36284E-01
  9.23828E-01  3.33692E-01
  9.27734E-01  3.31176E-01
  9.31641E-01  3.28731E-01
  9.35547E-01  3.26361E-01
  9.39453E-01  3.24049E-01
  9.43359E-01  3.21813E-01
  9.47266E-01  3.19659E-01
  9.51172E-01  3.17586E-01
  9.55078E-01  3.15604E-01
  9.58984E-01  3.13712E-01
  9.62891E-01  3.11915E-01
  9.66797E-01  3.10221E-01
  9.70703E-01  3.08638E-01
  9.74609E-01  3.07172E-01
  9.78516E-01  3.05832E-01
  9.82422E-01  3.04642E-01
  9.86328E-01  3.03621E-01
  9.90234E-01  3.02795E-01
  9.94141E-01  3.02197E-01
  9.98047E-01  3.01874E-01
  1.00195E+00  3.01874E-01
