 -1.95312E-03  2.47791E+00
  1.95312E-03  2.47791E+00
  5.85938E-03  2.47781E+00
  9.76562E-03  2.47762E+00
  1.36719E-02  2.47733E+00
  1.75781E-02  2.47695E+00
  2.14844E-02  2.47647E+00
  2.53906E-02  2.47590E+00
  2.92969E-02  2.47524E+00
  3.32031E-02  2.47449E+00
  3.71094E-02  2.47364E+00
  4.10156E-02  2.47271E+00
  4.49219E-02  2.47168E+00
  4.88281E-02  2.47057E+00
  5.27344E-02  2.46937E+00
  5.66406E-02  2.46807E+00
  6.05469E-02  2.46669E+00
  6.44531E-02  2.46523E+00
  6.83594E-02  2.46367E+00
  7.22656E-02  2.46203E+00
  7.61719E-02  2.46030E+00
  8.00781E-02  2.45849E+00
  8.39844E-02  2.45659E+00
  8.78906E-02  2.45461E+00
  9.17969E-02  2.45254E+00
  9.57031E-02  2.45038E+00
  9.96094E-02  2.44815E+00
  1.03516E-01  2.44583E+00
  1.07422E-01  2.44342E+00
  1.11328E-01  2.44094E+00
  1.15234E-01  2.43837E+00
  1.19141E-01  2.43572E+00
  1.23047E-01  2.43298E+00
  1.26953E-01  2.43017E+00
  1.30859E-01  2.42727E+00
  1.34766E-01  2.42429E+00
  1.38672E-01  2.42123E+00
  1.42578E-01  2.41809E+00
  1.46484E-01  2.41487E+00
  1.50391E-01  2.41157E+00
  1.54297E-01  2.40819E+00
  1.58203E-01  2.40473E+00
  1.62109E-01  2.40119E+00
  1.66016E-01  2.39757E+00
  1.69922E-01  2.39387E+00
  1.73828E-01  2.39009E+00
  1.77734E-01  2.38623E+00
  1.81641E-01  2.38229E+00
  1.85547E-01  2.37827E+00
  1.89453E-01  2.37417E+00
  1.93359E-01  2.37000E+00
  1.97266E-01  2.36574E+00
  2.01172E-01  2.36140E+00
  2.05078E-01  2.35699E+00
  2.08984E-01  2.35250E+00
  2.12891E-01  2.34792E+00
  2.16797E-01  2.34327E+00
  2.20703E-01  2.33854E+00
  2.24609E-01  2.33373E+00
  2.28516E-01  2.32884E+00
  2.32422E-01  2.32388E+00
  2.36328E-01  2.31883E+00
  2.40234E-01  2.31370E+00
  2.44141E-01  2.30850E+00
  2.48047E-01  2.30322E+00
  2.51953E-01  2.29785E+00
  2.55859E-01  2.29241E+00
  2.59766E-01  2.28688E+00
  2.63672E-01  2.28128E+00
  2.67578E-01  2.27560E+00
  2.71484E-01  2.26983E+00
  2.75391E-01  2.26399E+00
  2.79297E-01  2.25806E+00
  2.83203E-01  2.25205E+00
  2.87109E-01  2.24597E+00
  2.91016E-01  2.23980E+00
  2.94922E-01  2.23355E+00
  2.98828E-01  2.22722E+00
  3.02734E-01  2.22080E+00
  3.06641E-01  2.21430E+00
  3.10547E-01  2.20772E+00
  3.14453E-01  2.20106E+00
  3.18359E-01  2.19431E+00
  3.22266E-01  2.18748E+00
  3.26172E-01  2.18057E+00
  3.30078E-01  2.17357E+00
  3.33984E-01  2.16648E+00
  3.37891E-01  2.15931E+00
  3.41797E-01  2.15206E+00
  3.45703E-01  2.14471E+00
  3.49609E-01  2.13728E+00
  3.53516E-01  2.12976E+00
  3.57422E-01  2.12215E+00
  3.61328E-01  2.11446E+00
  3.65234E-01  2.10667E+00
  3.69141E-01  2.09879E+00
  3.73047E-01  2.09083E+00
  3.76953E-01  2.08277E+00
  3.80859E-01  2.07462E+00
  3.84766E-01  2.06638E+00
  3.88672E-01  2.05804E+00
  3.92578E-01  2.04961E+00
  3.96484E-01  2.04108E+00
  4.00391E-01  2.03246E+00
  4.04297E-01  2.02374E+00
  4.08203E-01  2.01493E+00
  4.12109E-01  2.00601E+00
  4.16016E-01  1.99699E+00
  4.19922E-01  1.98788E+00
  4.23828E-01  1.97866E+00
  4.27734E-01  1.96934E+00
  4.31641E-01  1.95991E+00
  4.35547E-01  1.95038E+00
  4.39453E-01  1.94074E+00
  4.43359E-01  1.93100E+00
  4.47266E-01  1.92114E+00
  4.51172E-01  1.91118E+00
  4.55078E-01  1.90110E+00
  4.58984E-01  1.89091E+00
  4.62891E-01  1.88061E+00
  4.66797E-01  1.87018E+00
  4.70703E-01  1.85964E+00
  4.74609E-01  1.84898E+00
  4.78516E-01  1.83820E+00
  4.82422E-01  1.82730E+00
  4.86328E-01  1.81626E+00
  4.90234E-01  1.80510E+00
  4.94141E-01  1.79381E+00
  4.98047E-01  1.78239E+00
  5.01953E-01  1.77083E+00
  5.05859E-01  1.75914E+00
  5.09766E-01  1.74730E+00
  5.13672E-01  1.73532E+00
  5.17578E-01  1.72320E+00
  5.21484E-01  1.71093E+00
  5.25391E-01  1.69851E+00
  5.29297E-01  1.68593E+00
  5.33203E-01  1.67319E+00
  5.37109E-01  1.66030E+00
  5.41016E-01  1.64723E+00
  5.44922E-01  1.63400E+00
  5.48828E-01  1.62059E+00
  5.52734E-01  1.60700E+00
  5.56641E-01  1.59323E+00
  5.60547E-01  1.57927E+00
  5.64453E-01  1.56512E+00
  5.68359E-01  1.55077E+00
  5.72266E-01  1.53621E+00
  5.76172E-01  1.52144E+00
  5.80078E-01  1.50646E+00
  5.83984E-01  1.49125E+00
  5.87891E-01  1.47580E+00
  5.91797E-01  1.46012E+00
  5.95703E-01  1.44419E+00
  5.99609E-01  1.42800E+00
  6.03516E-01  1.41154E+00
  6.07422E-01  1.39481E+00
  6.11328E-01  1.37778E+00
  6.15234E-01  1.36046E+00
  6.19141E-01  1.34281E+00
  6.23047E-01  1.32484E+00
  6.26953E-01  1.30652E+00
  6.30859E-01  1.28785E+00
  6.34766E-01  1.26879E+00
  6.38672E-01  1.24933E+00
  6.42578E-01  1.22945E+00
  6.46484E-01  1.20912E+00
  6.50391E-01  1.18832E+00
  6.54297E-01  1.16701E+00
  6.58203E-01  1.14517E+00
  6.62109E-01  1.12276E+00
  6.66016E-01  1.09974E+00
  6.69922E-01  1.07605E+00
  6.73828E-01  1.05165E+00
  6.77734E-01  1.02648E+00
  6.81641E-01  1.00046E+00
  6.85547E-01  9.73518E-01
  6.89453E-01  9.45554E-01
  6.93359E-01  9.16458E-01
  6.97266E-01  8.86097E-01
  7.01172E-01  8.54305E-01
  7.05078E-01  8.20883E-01
  7.08984E-01  7.85571E-01
  7.12891E-01  7.48052E-01
  7.16797E-01  7.07881E-01
  7.20703E-01  6.64471E-01
  7.24609E-01  6.17113E-01
  7.28516E-01  5.65323E-01
  7.32422E-01  5.09925E-01
  7.36328E-01  4.54157E-01
  7.40234E-01  4.04794E-01
  7.44141E-01  3.67552E-01
  7.48047E-01  3.42793E-01
  7.51953E-01  3.27159E-01
  7.55859E-01  3.16917E-01
  7.59766E-01  3.09618E-01
  7.63672E-01  3.03850E-01
  7.67578E-01  2.98890E-01
  7.71484E-01  2.94363E-01
  7.75391E-01  2.90143E-01
  7.79297E-01  2.86137E-01
  7.83203E-01  2.82291E-01
  7.87109E-01  2.78581E-01
  7.91016E-01  2.74983E-01
  7.94922E-01  2.71482E-01
  7.98828E-01  2.68074E-01
  8.02734E-01  2.64752E-01
  8.06641E-01  2.61510E-01
  8.10547E-01  2.58342E-01
  8.14453E-01  2.55245E-01
  8.18359E-01  2.52214E-01
  8.22266E-01  2.49237E-01
  8.26172E-01  2.46303E-01
  8.30078E-01  2.43408E-01
  8.33984E-01  2.40575E-01
  8.37891E-01  2.37802E-01
  8.41797E-01  2.35089E-01
  8.45703E-01  2.32432E-01
  8.49609E-01  2.29831E-01
  8.53516E-01  2.27284E-01
  8.57422E-01  2.24788E-01
  8.61328E-01  2.22343E-01
  8.65234E-01  2.19948E-01
  8.69141E-01  2.17600E-01
  8.73047E-01  2.15302E-01
  8.76953E-01  2.13048E-01
  8.80859E-01  2.10840E-01
  8.84766E-01  2.08676E-01
  8.88672E-01  2.06556E-01
  8.92578E-01  2.04480E-01
  8.96484E-01  2.02446E-01
  9.00391E-01  2.00453E-01
  9.04297E-01  1.98502E-01
  9.08203E-01  1.96592E-01
  9.12109E-01  1.94721E-01
  9.16016E-01  1.92892E-01
  9.19922E-01  1.91101E-01
  9.23828E-01  1.89351E-01
  9.27734E-01  1.87644E-01
  9.31641E-01  1.85974E-01
  9.35547E-01  1.84344E-01
  9.39453E-01  1.82756E-01
  9.43359E-01  1.81212E-01
  9.47266E-01  1.79707E-01
  9.51172E-01  1.78246E-01
  9.55078E-01  1.76830E-01
  9.58984E-01  1.75462E-01
  9.62891E-01  1.74145E-01
  9.66797E-01  1.72880E-01
  9.70703E-01  1.71675E-01
  9.74609E-01  1.70533E-01
  9.78516E-01  1.69460E-01
  9.82422E-01  1.68472E-01
  9.86328E-01  1.67584E-01
  9.90234E-01  1.66820E-01
  9.94141E-01  1.66219E-01
  9.98047E-01  1.65875E-01
  1.00195E+00  1.65875E-01
