 -1.95312E-03  2.10711E+00
  1.95312E-03  2.10711E+00
  5.85938E-03  2.10700E+00
  9.76562E-03  2.10677E+00
  1.36719E-02  2.10643E+00
  1.75781E-02  2.10598E+00
  2.14844E-02  2.10542E+00
  2.53906E-02  2.10474E+00
  2.92969E-02  2.10397E+00
  3.32031E-02  2.10308E+00
  3.71094E-02  2.10208E+00
  4.10156E-02  2.10098E+00
  4.49219E-02  2.09978E+00
  4.88281E-02  2.09847E+00
  5.27344E-02  2.09706E+00
  5.66406E-02  2.09554E+00
  6.05469E-02  2.09392E+00
  6.44531E-02  2.09220E+00
  6.83594E-02  2.09038E+00
  7.22656E-02  2.08846E+00
  7.61719E-02  2.08643E+00
  8.00781E-02  2.08431E+00
  8.39844E-02  2.08209E+00
  8.78906E-02  2.07977E+00
  9.17969E-02  2.07735E+00
  9.57031E-02  2.07484E+00
  9.96094E-02  2.07223E+00
  1.03516E-01  2.06952E+00
  1.07422E-01  2.06672E+00
  1.11328E-01  2.06382E+00
  1.15234E-01  2.06083E+00
  1.19141E-01  2.05774E+00
  1.23047E-01  2.05456E+00
  1.26953E-01  2.05128E+00
  1.30859E-01  2.04791E+00
  1.34766E-01  2.04445E+00
  1.38672E-01  2.04090E+00
  1.42578E-01  2.03725E+00
  1.46484E-01  2.03351E+00
  1.50391E-01  2.02968E+00
  1.54297E-01  2.02576E+00
  1.58203E-01  2.02175E+00
  1.62109E-01  2.01765E+00
  1.66016E-01  2.01345E+00
  1.69922E-01  2.00917E+00
  1.73828E-01  2.00480E+00
  1.77734E-01  2.00033E+00
  1.81641E-01  1.99578E+00
  1.85547E-01  1.99114E+00
  1.89453E-01  1.98641E+00
  1.93359E-01  1.98159E+00
  1.97266E-01  1.97668E+00
  2.01172E-01  1.97168E+00
  2.05078E-01  1.96660E+00
  2.08984E-01  1.96143E+00
  2.12891E-01  1.95617E+00
  2.16797E-01  1.95082E+00
  2.20703E-01  1.94538E+00
  2.24609E-01  1.93986E+00
  2.28516E-01  1.93425E+00
  2.32422E-01  1.92856E+00
  2.36328E-01  1.92277E+00
  2.40234E-01  1.91690E+00
  2.44141E-01  1.91095E+00
  2.48047E-01  1.90490E+00
  2.51953E-01  1.89877E+00
  2.55859E-01  1.89256E+00
  2.59766E-01  1.88626E+00
  2.63672E-01  1.87987E+00
  2.67578E-01  1.87339E+00
  2.71484E-01  1.86683E+00
  2.75391E-01  1.86019E+00
  2.79297E-01  1.85346E+00
  2.83203E-01  1.84665E+00
  2.87109E-01  1.83975E+00
  2.91016E-01  1.83276E+00
  2.94922E-01  1.82569E+00
  2.98828E-01  1.81853E+00
  3.02734E-01  1.81130E+00
  3.06641E-01  1.80397E+00
  3.10547E-01  1.79656E+00
  3.14453E-01  1.78907E+00
  3.18359E-01  1.78149E+00
  3.22266E-01  1.77383E+00
  3.26172E-01  1.76608E+00
  3.30078E-01  1.75826E+00
  3.33984E-01  1.75034E+00
  3.37891E-01  1.74235E+00
  3.41797E-01  1.73427E+00
  3.45703E-01  1.72611E+00
  3.49609E-01  1.71787E+00
  3.53516E-01  1.70954E+00
  3.57422E-01  1.70113E+00
  3.61328E-01  1.69264E+00
  3.65234E-01  1.68407E+00
  3.69141E-01  1.67542E+00
  3.73047E-01  1.66669E+00
  3.76953E-01  1.65788E+00
  3.80859E-01  1.64899E+00
  3.84766E-01  1.64002E+00
  3.88672E-01  1.63097E+00
  3.92578E-01  1.62184E+00
  3.96484E-01  1.61264E+00
  4.00391E-01  1.60336E+00
  4.04297E-01  1.59400E+00
  4.08203E-01  1.58456E+00
  4.12109E-01  1.57506E+00
  4.16016E-01  1.56547E+00
  4.19922E-01  1.55582E+00
  4.23828E-01  1.54609E+00
  4.27734E-01  1.53629E+00
  4.31641E-01  1.52642E+00
  4.35547E-01  1.51648E+00
  4.39453E-01  1.50648E+00
  4.43359E-01  1.49640E+00
  4.47266E-01  1.48626E+00
  4.51172E-01  1.47606E+00
  4.55078E-01  1.46580E+00
  4.58984E-01  1.45547E+00
  4.62891E-01  1.44508E+00
  4.66797E-01  1.43464E+00
  4.70703E-01  1.42414E+00
  4.74609E-01  1.41359E+00
  4.78516E-01  1.40298E+00
  4.82422E-01  1.39233E+00
  4.86328E-01  1.38163E+00
  4.90234E-01  1.37088E+00
  4.94141E-01  1.36010E+00
  4.98047E-01  1.34927E+00
  5.01953E-01  1.33840E+00
  5.05859E-01  1.32751E+00
  5.09766E-01  1.31658E+00
  5.13672E-01  1.30562E+00
  5.17578E-01  1.29464E+00
  5.21484E-01  1.28364E+00
  5.25391E-01  1.27263E+00
  5.29297E-01  1.26160E+00
  5.33203E-01  1.25056E+00
  5.37109E-01  1.23951E+00
  5.41016E-01  1.22847E+00
  5.44922E-01  1.21742E+00
  5.48828E-01  1.20639E+00
  5.52734E-01  1.19536E+00
  5.56641E-01  1.18436E+00
  5.60547E-01  1.17337E+00
  5.64453E-01  1.16241E+00
  5.68359E-01  1.15148E+00
  5.72266E-01  1.14059E+00
  5.76172E-01  1.12974E+00
  5.80078E-01  1.11893E+00
  5.83984E-01  1.10818E+00
  5.87891E-01  1.09748E+00
  5.91797E-01  1.08685E+00
  5.95703E-01  1.07628E+00
  5.99609E-01  1.06578E+00
  6.03516E-01  1.05536E+00
  6.07422E-01  1.04502E+00
  6.11328E-01  1.03477E+00
  6.15234E-01  1.02460E+00
  6.19141E-01  1.01453E+00
  6.23047E-01  1.00456E+00
  6.26953E-01  9.94690E-01
  6.30859E-01  9.84926E-01
  6.34766E-01  9.75271E-01
  6.38672E-01  9.65727E-01
  6.42578E-01  9.56299E-01
  6.46484E-01  9.46990E-01
  6.50391E-01  9.37800E-01
  6.54297E-01  9.28731E-01
  6.58203E-01  9.19785E-01
  6.62109E-01  9.10964E-01
  6.66016E-01  9.02270E-01
  6.69922E-01  8.93701E-01
  6.73828E-01  8.85259E-01
  6.77734E-01  8.76943E-01
  6.81641E-01  8.68753E-01
  6.85547E-01  8.60691E-01
  6.89453E-01  8.52753E-01
  6.93359E-01  8.44939E-01
  6.97266E-01  8.37249E-01
  7.01172E-01  8.29681E-01
  7.05078E-01  8.22235E-01
  7.08984E-01  8.14909E-01
  7.12891E-01  8.07697E-01
  7.16797E-01  8.00600E-01
  7.20703E-01  7.93614E-01
  7.24609E-01  7.86739E-01
  7.28516E-01  7.79975E-01
  7.32422E-01  7.73321E-01
  7.36328E-01  7.66770E-01
  7.40234E-01  7.60323E-01
  7.44141E-01  7.53976E-01
  7.48047E-01  7.47727E-01
  7.51953E-01  7.41575E-01
  7.55859E-01  7.35518E-01
  7.59766E-01  7.29556E-01
  7.63672E-01  7.23685E-01
  7.67578E-01  7.17902E-01
  7.71484E-01  7.12207E-01
  7.75391E-01  7.06596E-01
  7.79297E-01  7.01070E-01
  7.83203E-01  6.95624E-01
  7.87109E-01  6.90260E-01
  7.91016E-01  6.84974E-01
  7.94922E-01  6.79767E-01
  7.98828E-01  6.74635E-01
  8.02734E-01  6.69580E-01
  8.06641E-01  6.64599E-01
  8.10547E-01  6.59690E-01
  8.14453E-01  6.54854E-01
  8.18359E-01  6.50089E-01
  8.22266E-01  6.45393E-01
  8.26172E-01  6.40767E-01
  8.30078E-01  6.36209E-01
  8.33984E-01  6.31719E-01
  8.37891E-01  6.27296E-01
  8.41797E-01  6.22941E-01
  8.45703E-01  6.18651E-01
  8.49609E-01  6.14428E-01
  8.53516E-01  6.10271E-01
  8.57422E-01  6.06180E-01
  8.61328E-01  6.02154E-01
  8.65234E-01  5.98194E-01
  8.69141E-01  5.94300E-01
  8.73047E-01  5.90472E-01
  8.76953E-01  5.86709E-01
  8.80859E-01  5.83014E-01
  8.84766E-01  5.79387E-01
  8.88672E-01  5.75827E-01
  8.92578E-01  5.72335E-01
  8.96484E-01  5.68914E-01
  9.00391E-01  5.65563E-01
  9.04297E-01  5.62284E-01
  9.08203E-01  5.59077E-01
  9.12109E-01  5.55945E-01
  9.16016E-01  5.52889E-01
  9.19922E-01  5.49912E-01
  9.23828E-01  5.47016E-01
  9.27734E-01  5.44203E-01
  9.31641E-01  5.41477E-01
  9.35547E-01  5.38840E-01
  9.39453E-01  5.36294E-01
  9.43359E-01  5.33845E-01
  9.47266E-01  5.31497E-01
  9.51172E-01  5.29256E-01
  9.55078E-01  5.27127E-01
  9.58984E-01  5.25115E-01
  9.62891E-01  5.23228E-01
  9.66797E-01  5.21475E-01
  9.70703E-01  5.19862E-01
  9.74609E-01  5.18400E-01
  9.78516E-01  5.17103E-01
  9.82422E-01  5.15978E-01
  9.86328E-01  5.15043E-01
  9.90234E-01  5.14312E-01
  9.94141E-01  5.13804E-01
  9.98047E-01  5.13540E-01
  1.00195E+00  5.13540E-01
