 -1.95312E-03  1.74609E+00
  1.95312E-03  1.74609E+00
  5.85938E-03  1.74597E+00
  9.76562E-03  1.74573E+00
  1.36719E-02  1.74537E+00
  1.75781E-02  1.74490E+00
  2.14844E-02  1.74431E+00
  2.53906E-02  1.74361E+00
  2.92969E-02  1.74279E+00
  3.32031E-02  1.74187E+00
  3.71094E-02  1.74084E+00
  4.10156E-02  1.73970E+00
  4.49219E-02  1.73845E+00
  4.88281E-02  1.73709E+00
  5.27344E-02  1.73564E+00
  5.66406E-02  1.73407E+00
  6.05469E-02  1.73241E+00
  6.44531E-02  1.73065E+00
  6.83594E-02  1.72878E+00
  7.22656E-02  1.72682E+00
  7.61719E-02  1.72476E+00
  8.00781E-02  1.72260E+00
  8.39844E-02  1.72035E+00
  8.78906E-02  1.71800E+00
  9.17969E-02  1.71557E+00
  9.57031E-02  1.71303E+00
  9.96094E-02  1.71041E+00
  1.03516E-01  1.70770E+00
  1.07422E-01  1.70490E+00
  1.11328E-01  1.70201E+00
  1.15234E-01  1.69904E+00
  1.19141E-01  1.69598E+00
  1.23047E-01  1.69283E+00
  1.26953E-01  1.68960E+00
  1.30859E-01  1.68629E+00
  1.34766E-01  1.68290E+00
  1.38672E-01  1.67943E+00
  1.42578E-01  1.67587E+00
  1.46484E-01  1.67224E+00
  1.50391E-01  1.66853E+00
  1.54297E-01  1.66475E+00
  1.58203E-01  1.66089E+00
  1.62109E-01  1.65696E+00
  1.66016E-01  1.65295E+00
  1.69922E-01  1.64887E+00
  1.73828E-01  1.64472E+00
  1.77734E-01  1.64050E+00
  1.81641E-01  1.63621E+00
  1.85547E-01  1.63186E+00
  1.89453E-01  1.62743E+00
  1.93359E-01  1.62295E+00
  1.97266E-01  1.61839E+00
  2.01172E-01  1.61378E+00
  2.05078E-01  1.60910E+00
  2.08984E-01  1.60436E+00
  2.12891E-01  1.59956E+00
  2.16797E-01  1.59470E+00
  2.20703E-01  1.58979E+00
  2.24609E-01  1.58481E+00
  2.28516E-01  1.57979E+00
  2.32422E-01  1.57471E+00
  2.36328E-01  1.56957E+00
  2.40234E-01  1.56439E+00
  2.44141E-01  1.55915E+00
  2.48047E-01  1.55387E+00
  2.51953E-01  1.54853E+00
  2.55859E-01  1.54315E+00
  2.59766E-01  1.53773E+00
  2.63672E-01  1.53226E+00
  2.67578E-01  1.52675E+00
  2.71484E-01  1.52120E+00
  2.75391E-01  1.51560E+00
  2.79297E-01  1.50997E+00
  2.83203E-01  1.50430E+00
  2.87109E-01  1.49860E+00
  2.91016E-01  1.49286E+00
  2.94922E-01  1.48709E+00
  2.98828E-01  1.48128E+00
  3.02734E-01  1.47545E+00
  3.06641E-01  1.46958E+00
  3.10547E-01  1.46369E+00
  3.14453E-01  1.45777E+00
  3.18359E-01  1.45183E+00
  3.22266E-01  1.44586E+00
  3.26172E-01  1.43987E+00
  3.30078E-01  1.43386E+00
  3.33984E-01  1.42783E+00
  3.37891E-01  1.42179E+00
  3.41797E-01  1.41572E+00
  3.45703E-01  1.40964E+00
  3.49609E-01  1.40355E+00
  3.53516E-01  1.39745E+00
  3.57422E-01  1.39133E+00
  3.61328E-01  1.38521E+00
  3.65234E-01  1.37908E+00
  3.69141E-01  1.37294E+00
  3.73047E-01  1.36679E+00
  3.76953E-01  1.36065E+00
  3.80859E-01  1.35450E+00
  3.84766E-01  1.34834E+00
  3.88672E-01  1.34219E+00
  3.92578E-01  1.33604E+00
  3.96484E-01  1.32990E+00
  4.00391E-01  1.32375E+00
  4.04297E-01  1.31761E+00
  4.08203E-01  1.31148E+00
  4.12109E-01  1.30536E+00
  4.16016E-01  1.29924E+00
  4.19922E-01  1.29313E+00
  4.23828E-01  1.28704E+00
  4.27734E-01  1.28096E+00
  4.31641E-01  1.27489E+00
  4.35547E-01  1.26883E+00
  4.39453E-01  1.26279E+00
  4.43359E-01  1.25677E+00
  4.47266E-01  1.25076E+00
  4.51172E-01  1.24477E+00
  4.55078E-01  1.23880E+00
  4.58984E-01  1.23285E+00
  4.62891E-01  1.22692E+00
  4.66797E-01  1.22101E+00
  4.70703E-01  1.21512E+00
  4.74609E-01  1.20926E+00
  4.78516E-01  1.20341E+00
  4.82422E-01  1.19760E+00
  4.86328E-01  1.19180E+00
  4.90234E-01  1.18604E+00
  4.94141E-01  1.18029E+00
  4.98047E-01  1.17458E+00
  5.01953E-01  1.16889E+00
  5.05859E-01  1.16323E+00
  5.09766E-01  1.15759E+00
  5.13672E-01  1.15199E+00
  5.17578E-01  1.14641E+00
  5.21484E-01  1.14086E+00
  5.25391E-01  1.13534E+00
  5.29297E-01  1.12985E+00
  5.33203E-01  1.12439E+00
  5.37109E-01  1.11896E+00
  5.41016E-01  1.11355E+00
  5.44922E-01  1.10818E+00
  5.48828E-01  1.10284E+00
  5.52734E-01  1.09753E+00
  5.56641E-01  1.09225E+00
  5.60547E-01  1.08700E+00
  5.64453E-01  1.08178E+00
  5.68359E-01  1.07659E+00
  5.72266E-01  1.07143E+00
  5.76172E-01  1.06630E+00
  5.80078E-01  1.06120E+00
  5.83984E-01  1.05613E+00
  5.87891E-01  1.05110E+00
  5.91797E-01  1.04609E+00
  5.95703E-01  1.04111E+00
  5.99609E-01  1.03617E+00
  6.03516E-01  1.03125E+00
  6.07422E-01  1.02637E+00
  6.11328E-01  1.02151E+00
  6.15234E-01  1.01669E+00
  6.19141E-01  1.01189E+00
  6.23047E-01  1.00713E+00
  6.26953E-01  1.00239E+00
  6.30859E-01  9.97685E-01
  6.34766E-01  9.93008E-01
  6.38672E-01  9.88361E-01
  6.42578E-01  9.83743E-01
  6.46484E-01  9.79155E-01
  6.50391E-01  9.74595E-01
  6.54297E-01  9.70063E-01
  6.58203E-01  9.65560E-01
  6.62109E-01  9.61086E-01
  6.66016E-01  9.56642E-01
  6.69922E-01  9.52225E-01
  6.73828E-01  9.47836E-01
  6.77734E-01  9.43474E-01
  6.81641E-01  9.39141E-01
  6.85547E-01  9.34835E-01
  6.89453E-01  9.30556E-01
  6.93359E-01  9.26305E-01
  6.97266E-01  9.22082E-01
  7.01172E-01  9.17885E-01
  7.05078E-01  9.13716E-01
  7.08984E-01  9.09573E-01
  7.12891E-01  9.05457E-01
  7.16797E-01  9.01369E-01
  7.20703E-01  8.97306E-01
  7.24609E-01  8.93270E-01
  7.28516E-01  8.89261E-01
  7.32422E-01  8.85278E-01
  7.36328E-01  8.81322E-01
  7.40234E-01  8.77391E-01
  7.44141E-01  8.73486E-01
  7.48047E-01  8.69608E-01
  7.51953E-01  8.65755E-01
  7.55859E-01  8.61929E-01
  7.59766E-01  8.58130E-01
  7.63672E-01  8.54357E-01
  7.67578E-01  8.50608E-01
  7.71484E-01  8.46887E-01
  7.75391E-01  8.43192E-01
  7.79297E-01  8.39522E-01
  7.83203E-01  8.35879E-01
  7.87109E-01  8.32263E-01
  7.91016E-01  8.28673E-01
  7.94922E-01  8.25111E-01
  7.98828E-01  8.21575E-01
  8.02734E-01  8.18066E-01
  8.06641E-01  8.14584E-01
  8.10547E-01  8.11130E-01
  8.14453E-01  8.07704E-01
  8.18359E-01  8.04307E-01
  8.22266E-01  8.00938E-01
  8.26172E-01  7.97597E-01
  8.30078E-01  7.94286E-01
  8.33984E-01  7.91004E-01
  8.37891E-01  7.87752E-01
  8.41797E-01  7.84532E-01
  8.45703E-01  7.81343E-01
  8.49609E-01  7.78186E-01
  8.53516E-01  7.75061E-01
  8.57422E-01  7.71970E-01
  8.61328E-01  7.68914E-01
  8.65234E-01  7.65892E-01
  8.69141E-01  7.62906E-01
  8.73047E-01  7.59958E-01
  8.76953E-01  7.57048E-01
  8.80859E-01  7.54177E-01
  8.84766E-01  7.51347E-01
  8.88672E-01  7.48559E-01
  8.92578E-01  7.45814E-01
  8.96484E-01  7.43115E-01
  9.00391E-01  7.40463E-01
  9.04297E-01  7.37859E-01
  9.08203E-01  7.35307E-01
  9.12109E-01  7.32808E-01
  9.16016E-01  7.30364E-01
  9.19922E-01  7.27979E-01
  9.23828E-01  7.25654E-01
  9.27734E-01  7.23394E-01
  9.31641E-01  7.21200E-01
  9.35547E-01  7.19077E-01
  9.39453E-01  7.17029E-01
  9.43359E-01  7.15060E-01
  9.47266E-01  7.13174E-01
  9.51172E-01  7.11375E-01
  9.55078E-01  7.09670E-01
  9.58984E-01  7.08063E-01
  9.62891E-01  7.06560E-01
  9.66797E-01  7.05169E-01
  9.70703E-01  7.03896E-01
  9.74609E-01  7.02749E-01
  9.78516E-01  7.01735E-01
  9.82422E-01  7.00864E-01
  9.86328E-01  7.00146E-01
  9.90234E-01  6.99589E-01
  9.94141E-01  6.99206E-01
  9.98047E-01  6.99008E-01
  1.00195E+00  6.99008E-01
