 -1.95312E-03  2.45913E+00
  1.95312E-03  2.45913E+00
  5.85938E-03  2.45904E+00
  9.76562E-03  2.45884E+00
  1.36719E-02  2.45855E+00
  1.75781E-02  2.45817E+00
  2.14844E-02  2.45768E+00
  2.53906E-02  2.45711E+00
  2.92969E-02  2.45644E+00
  3.32031E-02  2.45568E+00
  3.71094E-02  2.45483E+00
  4.10156E-02  2.45388E+00
  4.49219E-02  2.45284E+00
  4.88281E-02  2.45172E+00
  5.27344E-02  2.45050E+00
  5.66406E-02  2.44920E+00
  6.05469E-02  2.44780E+00
  6.44531E-02  2.44632E+00
  6.83594E-02  2.44475E+00
  7.22656E-02  2.44309E+00
  7.61719E-02  2.44135E+00
  8.00781E-02  2.43951E+00
  8.39844E-02  2.43759E+00
  8.78906E-02  2.43559E+00
  9.17969E-02  2.43350E+00
  9.57031E-02  2.43133E+00
  9.96094E-02  2.42907E+00
  1.03516E-01  2.42672E+00
  1.07422E-01  2.42429E+00
  1.11328E-01  2.42178E+00
  1.15234E-01  2.41919E+00
  1.19141E-01  2.41651E+00
  1.23047E-01  2.41375E+00
  1.26953E-01  2.41090E+00
  1.30859E-01  2.40797E+00
  1.34766E-01  2.40497E+00
  1.38672E-01  2.40188E+00
  1.42578E-01  2.39870E+00
  1.46484E-01  2.39545E+00
  1.50391E-01  2.39211E+00
  1.54297E-01  2.38870E+00
  1.58203E-01  2.38520E+00
  1.62109E-01  2.38162E+00
  1.66016E-01  2.37796E+00
  1.69922E-01  2.37422E+00
  1.73828E-01  2.37040E+00
  1.77734E-01  2.36651E+00
  1.81641E-01  2.36253E+00
  1.85547E-01  2.35847E+00
  1.89453E-01  2.35433E+00
  1.93359E-01  2.35011E+00
  1.97266E-01  2.34581E+00
  2.01172E-01  2.34143E+00
  2.05078E-01  2.33697E+00
  2.08984E-01  2.33243E+00
  2.12891E-01  2.32781E+00
  2.16797E-01  2.32311E+00
  2.20703E-01  2.31833E+00
  2.24609E-01  2.31347E+00
  2.28516E-01  2.30853E+00
  2.32422E-01  2.30351E+00
  2.36328E-01  2.29841E+00
  2.40234E-01  2.29322E+00
  2.44141E-01  2.28796E+00
  2.48047E-01  2.28262E+00
  2.51953E-01  2.27720E+00
  2.55859E-01  2.27170E+00
  2.59766E-01  2.26611E+00
  2.63672E-01  2.26045E+00
  2.67578E-01  2.25470E+00
  2.71484E-01  2.24887E+00
  2.75391E-01  2.24296E+00
  2.79297E-01  2.23697E+00
  2.83203E-01  2.23090E+00
  2.87109E-01  2.22474E+00
  2.91016E-01  2.21851E+00
  2.94922E-01  2.21218E+00
  2.98828E-01  2.20578E+00
  3.02734E-01  2.19929E+00
  3.06641E-01  2.19272E+00
  3.10547E-01  2.18607E+00
  3.14453E-01  2.17933E+00
  3.18359E-01  2.17250E+00
  3.22266E-01  2.16559E+00
  3.26172E-01  2.15860E+00
  3.30078E-01  2.15151E+00
  3.33984E-01  2.14435E+00
  3.37891E-01  2.13709E+00
  3.41797E-01  2.12975E+00
  3.45703E-01  2.12232E+00
  3.49609E-01  2.11480E+00
  3.53516E-01  2.10719E+00
  3.57422E-01  2.09950E+00
  3.61328E-01  2.09171E+00
  3.65234E-01  2.08383E+00
  3.69141E-01  2.07586E+00
  3.73047E-01  2.06780E+00
  3.76953E-01  2.05964E+00
  3.80859E-01  2.05139E+00
  3.84766E-01  2.04305E+00
  3.88672E-01  2.03461E+00
  3.92578E-01  2.02608E+00
  3.96484E-01  2.01744E+00
  4.00391E-01  2.00871E+00
  4.04297E-01  1.99989E+00
  4.08203E-01  1.99096E+00
  4.12109E-01  1.98193E+00
  4.16016E-01  1.97280E+00
  4.19922E-01  1.96357E+00
  4.23828E-01  1.95423E+00
  4.27734E-01  1.94479E+00
  4.31641E-01  1.93525E+00
  4.35547E-01  1.92559E+00
  4.39453E-01  1.91583E+00
  4.43359E-01  1.90596E+00
  4.47266E-01  1.89598E+00
  4.51172E-01  1.88588E+00
  4.55078E-01  1.87567E+00
  4.58984E-01  1.86535E+00
  4.62891E-01  1.85490E+00
  4.66797E-01  1.84434E+00
  4.70703E-01  1.83366E+00
  4.74609E-01  1.82286E+00
  4.78516E-01  1.81193E+00
  4.82422E-01  1.80087E+00
  4.86328E-01  1.78969E+00
  4.90234E-01  1.77838E+00
  4.94141E-01  1.76693E+00
  4.98047E-01  1.75535E+00
  5.01953E-01  1.74363E+00
  5.05859E-01  1.73177E+00
  5.09766E-01  1.71977E+00
  5.13672E-01  1.70763E+00
  5.17578E-01  1.69534E+00
  5.21484E-01  1.68289E+00
  5.25391E-01  1.67030E+00
  5.29297E-01  1.65754E+00
  5.33203E-01  1.64463E+00
  5.37109E-01  1.63155E+00
  5.41016E-01  1.61830E+00
  5.44922E-01  1.60488E+00
  5.48828E-01  1.59128E+00
  5.52734E-01  1.57750E+00
  5.56641E-01  1.56353E+00
  5.60547E-01  1.54937E+00
  5.64453E-01  1.53502E+00
  5.68359E-01  1.52046E+00
  5.72266E-01  1.50570E+00
  5.76172E-01  1.49072E+00
  5.80078E-01  1.47552E+00
  5.83984E-01  1.46009E+00
  5.87891E-01  1.44443E+00
  5.91797E-01  1.42852E+00
  5.95703E-01  1.41237E+00
  5.99609E-01  1.39595E+00
  6.03516E-01  1.37927E+00
  6.07422E-01  1.36230E+00
  6.11328E-01  1.34504E+00
  6.15234E-01  1.32748E+00
  6.19141E-01  1.30960E+00
  6.23047E-01  1.29139E+00
  6.26953E-01  1.27284E+00
  6.30859E-01  1.25393E+00
  6.34766E-01  1.23465E+00
  6.38672E-01  1.21496E+00
  6.42578E-01  1.19486E+00
  6.46484E-01  1.17432E+00
  6.50391E-01  1.15331E+00
  6.54297E-01  1.13181E+00
  6.58203E-01  1.10980E+00
  6.62109E-01  1.08723E+00
  6.66016E-01  1.06407E+00
  6.69922E-01  1.04028E+00
  6.73828E-01  1.01582E+00
  6.77734E-01  9.90625E-01
  6.81641E-01  9.64653E-01
  6.85547E-01  9.37839E-01
  6.89453E-01  9.10110E-01
  6.93359E-01  8.81388E-01
  6.97266E-01  8.51582E-01
  7.01172E-01  8.20596E-01
  7.05078E-01  7.88315E-01
  7.08984E-01  7.54623E-01
  7.12891E-01  7.19410E-01
  7.16797E-01  6.82593E-01
  7.20703E-01  6.44173E-01
  7.24609E-01  6.04351E-01
  7.28516E-01  5.63671E-01
  7.32422E-01  5.23120E-01
  7.36328E-01  4.84439E-01
  7.40234E-01  4.49694E-01
  7.44141E-01  4.20496E-01
  7.48047E-01  3.97363E-01
  7.51953E-01  3.79702E-01
  7.55859E-01  3.66337E-01
  7.59766E-01  3.56051E-01
  7.63672E-01  3.47827E-01
  7.67578E-01  3.40985E-01
  7.71484E-01  3.35031E-01
  7.75391E-01  3.29704E-01
  7.79297E-01  3.24802E-01
  7.83203E-01  3.20180E-01
  7.87109E-01  3.15781E-01
  7.91016E-01  3.11583E-01
  7.94922E-01  3.07545E-01
  7.98828E-01  3.03644E-01
  8.02734E-01  2.99856E-01
  8.06641E-01  2.96164E-01
  8.10547E-01  2.92534E-01
  8.14453E-01  2.88990E-01
  8.18359E-01  2.85537E-01
  8.22266E-01  2.82172E-01
  8.26172E-01  2.78886E-01
  8.30078E-01  2.75676E-01
  8.33984E-01  2.72540E-01
  8.37891E-01  2.69473E-01
  8.41797E-01  2.66472E-01
  8.45703E-01  2.63536E-01
  8.49609E-01  2.60661E-01
  8.53516E-01  2.57845E-01
  8.57422E-01  2.55091E-01
  8.61328E-01  2.52394E-01
  8.65234E-01  2.49751E-01
  8.69141E-01  2.47157E-01
  8.73047E-01  2.44603E-01
  8.76953E-01  2.42079E-01
  8.80859E-01  2.39608E-01
  8.84766E-01  2.37189E-01
  8.88672E-01  2.34822E-01
  8.92578E-01  2.32505E-01
  8.96484E-01  2.30237E-01
  9.00391E-01  2.28017E-01
  9.04297E-01  2.25845E-01
  9.08203E-01  2.23720E-01
  9.12109E-01  2.21642E-01
  9.16016E-01  2.19611E-01
  9.19922E-01  2.17626E-01
  9.23828E-01  2.15687E-01
  9.27734E-01  2.13794E-01
  9.31641E-01  2.11948E-01
  9.35547E-01  2.10150E-01
  9.39453E-01  2.08399E-01
  9.43359E-01  2.06697E-01
  9.47266E-01  2.05043E-01
  9.51172E-01  2.03440E-01
  9.55078E-01  2.01891E-01
  9.58984E-01  2.00398E-01
  9.62891E-01  1.98962E-01
  9.66797E-01  1.97590E-01
  9.70703E-01  1.96285E-01
  9.74609E-01  1.95056E-01
  9.78516E-01  1.93912E-01
  9.82422E-01  1.92864E-01
  9.86328E-01  1.91933E-01
  9.90234E-01  1.91144E-01
  9.94141E-01  1.90538E-01
  9.98047E-01  1.90191E-01
  1.00195E+00  1.90191E-01
