 -1.95312E-03  2.41864E+00
  1.95312E-03  2.41864E+00
  5.85938E-03  2.41854E+00
  9.76562E-03  2.41834E+00
  1.36719E-02  2.41805E+00
  1.75781E-02  2.41765E+00
  2.14844E-02  2.41716E+00
  2.53906E-02  2.41657E+00
  2.92969E-02  2.41589E+00
  3.32031E-02  2.41511E+00
  3.71094E-02  2.41424E+00
  4.10156E-02  2.41327E+00
  4.49219E-02  2.41222E+00
  4.88281E-02  2.41107E+00
  5.27344E-02  2.40982E+00
  5.66406E-02  2.40849E+00
  6.05469E-02  2.40706E+00
  6.44531E-02  2.40555E+00
  6.83594E-02  2.40394E+00
  7.22656E-02  2.40224E+00
  7.61719E-02  2.40046E+00
  8.00781E-02  2.39859E+00
  8.39844E-02  2.39663E+00
  8.78906E-02  2.39458E+00
  9.17969E-02  2.39244E+00
  9.57031E-02  2.39022E+00
  9.96094E-02  2.38791E+00
  1.03516E-01  2.38552E+00
  1.07422E-01  2.38303E+00
  1.11328E-01  2.38047E+00
  1.15234E-01  2.37782E+00
  1.19141E-01  2.37508E+00
  1.23047E-01  2.37226E+00
  1.26953E-01  2.36935E+00
  1.30859E-01  2.36636E+00
  1.34766E-01  2.36329E+00
  1.38672E-01  2.36013E+00
  1.42578E-01  2.35689E+00
  1.46484E-01  2.35356E+00
  1.50391E-01  2.35016E+00
  1.54297E-01  2.34667E+00
  1.58203E-01  2.34309E+00
  1.62109E-01  2.33944E+00
  1.66016E-01  2.33570E+00
  1.69922E-01  2.33188E+00
  1.73828E-01  2.32797E+00
  1.77734E-01  2.32399E+00
  1.81641E-01  2.31992E+00
  1.85547E-01  2.31577E+00
  1.89453E-01  2.31154E+00
  1.93359E-01  2.30722E+00
  1.97266E-01  2.30283E+00
  2.01172E-01  2.29835E+00
  2.05078E-01  2.29379E+00
  2.08984E-01  2.28915E+00
  2.12891E-01  2.28443E+00
  2.16797E-01  2.27962E+00
  2.20703E-01  2.27474E+00
  2.24609E-01  2.26977E+00
  2.28516E-01  2.26472E+00
  2.32422E-01  2.25958E+00
  2.36328E-01  2.25437E+00
  2.40234E-01  2.24907E+00
  2.44141E-01  2.24369E+00
  2.48047E-01  2.23823E+00
  2.51953E-01  2.23268E+00
  2.55859E-01  2.22705E+00
  2.59766E-01  2.22134E+00
  2.63672E-01  2.21555E+00
  2.67578E-01  2.20967E+00
  2.71484E-01  2.20371E+00
  2.75391E-01  2.19766E+00
  2.79297E-01  2.19153E+00
  2.83203E-01  2.18532E+00
  2.87109E-01  2.17902E+00
  2.91016E-01  2.17264E+00
  2.94922E-01  2.16617E+00
  2.98828E-01  2.15962E+00
  3.02734E-01  2.15298E+00
  3.06641E-01  2.14626E+00
  3.10547E-01  2.13945E+00
  3.14453E-01  2.13255E+00
  3.18359E-01  2.12556E+00
  3.22266E-01  2.11849E+00
  3.26172E-01  2.11133E+00
  3.30078E-01  2.10408E+00
  3.33984E-01  2.09674E+00
  3.37891E-01  2.08931E+00
  3.41797E-01  2.08180E+00
  3.45703E-01  2.07419E+00
  3.49609E-01  2.06649E+00
  3.53516E-01  2.05870E+00
  3.57422E-01  2.05081E+00
  3.61328E-01  2.04284E+00
  3.65234E-01  2.03477E+00
  3.69141E-01  2.02660E+00
  3.73047E-01  2.01834E+00
  3.76953E-01  2.00999E+00
  3.80859E-01  2.00154E+00
  3.84766E-01  1.99299E+00
  3.88672E-01  1.98435E+00
  3.92578E-01  1.97560E+00
  3.96484E-01  1.96676E+00
  4.00391E-01  1.95782E+00
  4.04297E-01  1.94877E+00
  4.08203E-01  1.93962E+00
  4.12109E-01  1.93037E+00
  4.16016E-01  1.92101E+00
  4.19922E-01  1.91155E+00
  4.23828E-01  1.90198E+00
  4.27734E-01  1.89231E+00
  4.31641E-01  1.88252E+00
  4.35547E-01  1.87263E+00
  4.39453E-01  1.86262E+00
  4.43359E-01  1.85250E+00
  4.47266E-01  1.84226E+00
  4.51172E-01  1.83191E+00
  4.55078E-01  1.82144E+00
  4.58984E-01  1.81086E+00
  4.62891E-01  1.80015E+00
  4.66797E-01  1.78932E+00
  4.70703E-01  1.77836E+00
  4.74609E-01  1.76728E+00
  4.78516E-01  1.75608E+00
  4.82422E-01  1.74474E+00
  4.86328E-01  1.73327E+00
  4.90234E-01  1.72167E+00
  4.94141E-01  1.70993E+00
  4.98047E-01  1.69805E+00
  5.01953E-01  1.68603E+00
  5.05859E-01  1.67387E+00
  5.09766E-01  1.66156E+00
  5.13672E-01  1.64911E+00
  5.17578E-01  1.63650E+00
  5.21484E-01  1.62374E+00
  5.25391E-01  1.61082E+00
  5.29297E-01  1.59774E+00
  5.33203E-01  1.58450E+00
  5.37109E-01  1.57109E+00
  5.41016E-01  1.55751E+00
  5.44922E-01  1.54375E+00
  5.48828E-01  1.52982E+00
  5.52734E-01  1.51570E+00
  5.56641E-01  1.50140E+00
  5.60547E-01  1.48690E+00
  5.64453E-01  1.47221E+00
  5.68359E-01  1.45732E+00
  5.72266E-01  1.44221E+00
  5.76172E-01  1.42690E+00
  5.80078E-01  1.41136E+00
  5.83984E-01  1.39560E+00
  5.87891E-01  1.37961E+00
  5.91797E-01  1.36338E+00
  5.95703E-01  1.34691E+00
  5.99609E-01  1.33018E+00
  6.03516E-01  1.31320E+00
  6.07422E-01  1.29594E+00
  6.11328E-01  1.27841E+00
  6.15234E-01  1.26059E+00
  6.19141E-01  1.24247E+00
  6.23047E-01  1.22404E+00
  6.26953E-01  1.20530E+00
  6.30859E-01  1.18623E+00
  6.34766E-01  1.16681E+00
  6.38672E-01  1.14704E+00
  6.42578E-01  1.12690E+00
  6.46484E-01  1.10639E+00
  6.50391E-01  1.08548E+00
  6.54297E-01  1.06416E+00
  6.58203E-01  1.04241E+00
  6.62109E-01  1.02023E+00
  6.66016E-01  9.97591E-01
  6.69922E-01  9.74487E-01
  6.73828E-01  9.50903E-01
  6.77734E-01  9.26828E-01
  6.81641E-01  9.02256E-01
  6.85547E-01  8.77185E-01
  6.89453E-01  8.51617E-01
  6.93359E-01  8.25571E-01
  6.97266E-01  7.99069E-01
  7.01172E-01  7.72160E-01
  7.05078E-01  7.44918E-01
  7.08984E-01  7.17449E-01
  7.12891E-01  6.89885E-01
  7.16797E-01  6.62432E-01
  7.20703E-01  6.35321E-01
  7.24609E-01  6.08852E-01
  7.28516E-01  5.83367E-01
  7.32422E-01  5.59210E-01
  7.36328E-01  5.36699E-01
  7.40234E-01  5.16079E-01
  7.44141E-01  4.97491E-01
  7.48047E-01  4.80949E-01
  7.51953E-01  4.66362E-01
  7.55859E-01  4.53552E-01
  7.59766E-01  4.42304E-01
  7.63672E-01  4.32378E-01
  7.67578E-01  4.23548E-01
  7.71484E-01  4.15617E-01
  7.75391E-01  4.08412E-01
  7.79297E-01  4.01790E-01
  7.83203E-01  3.95638E-01
  7.87109E-01  3.89872E-01
  7.91016E-01  3.84424E-01
  7.94922E-01  3.79250E-01
  7.98828E-01  3.74293E-01
  8.02734E-01  3.69530E-01
  8.06641E-01  3.64937E-01
  8.10547E-01  3.60499E-01
  8.14453E-01  3.56182E-01
  8.18359E-01  3.52004E-01
  8.22266E-01  3.47934E-01
  8.26172E-01  3.43954E-01
  8.30078E-01  3.40090E-01
  8.33984E-01  3.36322E-01
  8.37891E-01  3.32624E-01
  8.41797E-01  3.29007E-01
  8.45703E-01  3.25483E-01
  8.49609E-01  3.22045E-01
  8.53516E-01  3.18685E-01
  8.57422E-01  3.15386E-01
  8.61328E-01  3.12134E-01
  8.65234E-01  3.08963E-01
  8.69141E-01  3.05864E-01
  8.73047E-01  3.02836E-01
  8.76953E-01  2.99876E-01
  8.80859E-01  2.96982E-01
  8.84766E-01  2.94152E-01
  8.88672E-01  2.91378E-01
  8.92578E-01  2.88652E-01
  8.96484E-01  2.85971E-01
  9.00391E-01  2.83349E-01
  9.04297E-01  2.80791E-01
  9.08203E-01  2.78294E-01
  9.12109E-01  2.75850E-01
  9.16016E-01  2.73470E-01
  9.19922E-01  2.71147E-01
  9.23828E-01  2.68881E-01
  9.27734E-01  2.66676E-01
  9.31641E-01  2.64525E-01
  9.35547E-01  2.62439E-01
  9.39453E-01  2.60409E-01
  9.43359E-01  2.58443E-01
  9.47266E-01  2.56539E-01
  9.51172E-01  2.54699E-01
  9.55078E-01  2.52931E-01
  9.58984E-01  2.51232E-01
  9.62891E-01  2.49608E-01
  9.66797E-01  2.48066E-01
  9.70703E-01  2.46610E-01
  9.74609E-01  2.45253E-01
  9.78516E-01  2.44003E-01
  9.82422E-01  2.42876E-01
  9.86328E-01  2.41892E-01
  9.90234E-01  2.41078E-01
  9.94141E-01  2.40473E-01
  9.98047E-01  2.40137E-01
  1.00195E+00  2.40137E-01
