 -1.95312E-03  1.03907E+00
  1.95312E-03  1.03907E+00
  5.85938E-03  1.03904E+00
  9.76562E-03  1.03897E+00
  1.36719E-02  1.03888E+00
  1.75781E-02  1.03877E+00
  2.14844E-02  1.03864E+00
  2.53906E-02  1.03849E+00
  2.92969E-02  1.03832E+00
  3.32031E-02  1.03815E+00
  3.71094E-02  1.03796E+00
  4.10156E-02  1.03777E+00
  4.49219E-02  1.03756E+00
  4.88281E-02  1.03735E+00
  5.27344E-02  1.03714E+00
  5.66406E-02  1.03692E+00
  6.05469E-02  1.03670E+00
  6.44531E-02  1.03648E+00
  6.83594E-02  1.03625E+00
  7.22656E-02  1.03602E+00
  7.61719E-02  1.03579E+00
  8.00781E-02  1.03556E+00
  8.39844E-02  1.03532E+00
  8.78906E-02  1.03509E+00
  9.17969E-02  1.03485E+00
  9.57031E-02  1.03462E+00
  9.96094E-02  1.03438E+00
  1.03516E-01  1.03414E+00
  1.07422E-01  1.03390E+00
  1.11328E-01  1.03367E+00
  1.15234E-01  1.03343E+00
  1.19141E-01  1.03319E+00
  1.23047E-01  1.03295E+00
  1.26953E-01  1.03271E+00
  1.30859E-01  1.03247E+00
  1.34766E-01  1.03223E+00
  1.38672E-01  1.03199E+00
  1.42578E-01  1.03175E+00
  1.46484E-01  1.03151E+00
  1.50391E-01  1.03127E+00
  1.54297E-01  1.03103E+00
  1.58203E-01  1.03079E+00
  1.62109E-01  1.03055E+00
  1.66016E-01  1.03031E+00
  1.69922E-01  1.03007E+00
  1.73828E-01  1.02983E+00
  1.77734E-01  1.02959E+00
  1.81641E-01  1.02935E+00
  1.85547E-01  1.02911E+00
  1.89453E-01  1.02887E+00
  1.93359E-01  1.02862E+00
  1.97266E-01  1.02838E+00
  2.01172E-01  1.02814E+00
  2.05078E-01  1.02790E+00
  2.08984E-01  1.02766E+00
  2.12891E-01  1.02742E+00
  2.16797E-01  1.02718E+00
  2.20703E-01  1.02694E+00
  2.24609E-01  1.02670E+00
  2.28516E-01  1.02646E+00
  2.32422E-01  1.02622E+00
  2.36328E-01  1.02598E+00
  2.40234E-01  1.02574E+00
  2.44141E-01  1.02550E+00
  2.48047E-01  1.02526E+00
  2.51953E-01  1.02502E+00
  2.55859E-01  1.02478E+00
  2.59766E-01  1.02454E+00
  2.63672E-01  1.02429E+00
  2.67578E-01  1.02405E+00
  2.71484E-01  1.02381E+00
  2.75391E-01  1.02357E+00
  2.79297E-01  1.02333E+00
  2.83203E-01  1.02309E+00
  2.87109E-01  1.02285E+00
  2.91016E-01  1.02261E+00
  2.94922E-01  1.02237E+00
  2.98828E-01  1.02213E+00
  3.02734E-01  1.02190E+00
  3.06641E-01  1.02166E+00
  3.10547E-01  1.02142E+00
  3.14453E-01  1.02118E+00
  3.18359E-01  1.02094E+00
  3.22266E-01  1.02070E+00
  3.26172E-01  1.02046E+00
  3.30078E-01  1.02022E+00
  3.33984E-01  1.01998E+00
  3.37891E-01  1.01974E+00
  3.41797E-01  1.01950E+00
  3.45703E-01  1.01926E+00
  3.49609E-01  1.01902E+00
  3.53516E-01  1.01878E+00
  3.57422E-01  1.01855E+00
  3.61328E-01  1.01831E+00
  3.65234E-01  1.01807E+00
  3.69141E-01  1.01783E+00
  3.73047E-01  1.01759E+00
  3.76953E-01  1.01735E+00
  3.80859E-01  1.01711E+00
  3.84766E-01  1.01687E+00
  3.88672E-01  1.01664E+00
  3.92578E-01  1.01640E+00
  3.96484E-01  1.01616E+00
  4.00391E-01  1.01592E+00
  4.04297E-01  1.01568E+00
  4.08203E-01  1.01545E+00
  4.12109E-01  1.01521E+00
  4.16016E-01  1.01497E+00
  4.19922E-01  1.01473E+00
  4.23828E-01  1.01449E+00
  4.27734E-01  1.01426E+00
  4.31641E-01  1.01402E+00
  4.35547E-01  1.01378E+00
  4.39453E-01  1.01354E+00
  4.43359E-01  1.01331E+00
  4.47266E-01  1.01307E+00
  4.51172E-01  1.01283E+00
  4.55078E-01  1.01259E+00
  4.58984E-01  1.01236E+00
  4.62891E-01  1.01212E+00
  4.66797E-01  1.01188E+00
  4.70703E-01  1.01165E+00
  4.74609E-01  1.01141E+00
  4.78516E-01  1.01117E+00
  4.82422E-01  1.01094E+00
  4.86328E-01  1.01070E+00
  4.90234E-01  1.01046E+00
  4.94141E-01  1.01023E+00
  4.98047E-01  1.00999E+00
  5.01953E-01  1.00975E+00
  5.05859E-01  1.00952E+00
  5.09766E-01  1.00928E+00
  5.13672E-01  1.00904E+00
  5.17578E-01  1.00881E+00
  5.21484E-01  1.00857E+00
  5.25391E-01  1.00834E+00
  5.29297E-01  1.00810E+00
  5.33203E-01  1.00786E+00
  5.37109E-01  1.00763E+00
  5.41016E-01  1.00739E+00
  5.44922E-01  1.00716E+00
  5.48828E-01  1.00692E+00
  5.52734E-01  1.00669E+00
  5.56641E-01  1.00645E+00
  5.60547E-01  1.00621E+00
  5.64453E-01  1.00598E+00
  5.68359E-01  1.00574E+00
  5.72266E-01  1.00551E+00
  5.76172E-01  1.00527E+00
  5.80078E-01  1.00504E+00
  5.83984E-01  1.00480E+00
  5.87891E-01  1.00457E+00
  5.91797E-01  1.00433E+00
  5.95703E-01  1.00410E+00
  5.99609E-01  1.00387E+00
  6.03516E-01  1.00363E+00
  6.07422E-01  1.00340E+00
  6.11328E-01  1.00316E+00
  6.15234E-01  1.00293E+00
  6.19141E-01  1.00269E+00
  6.23047E-01  1.00246E+00
  6.26953E-01  1.00222E+00
  6.30859E-01  1.00199E+00
  6.34766E-01  1.00176E+00
  6.38672E-01  1.00152E+00
  6.42578E-01  1.00129E+00
  6.46484E-01  1.00105E+00
  6.50391E-01  1.00082E+00
  6.54297E-01  1.00059E+00
  6.58203E-01  1.00035E+00
  6.62109E-01  1.00012E+00
  6.66016E-01  9.99887E-01
  6.69922E-01  9.99654E-01
  6.73828E-01  9.99420E-01
  6.77734E-01  9.99187E-01
  6.81641E-01  9.98954E-01
  6.85547E-01  9.98720E-01
  6.89453E-01  9.98487E-01
  6.93359E-01  9.98254E-01
  6.97266E-01  9.98021E-01
  7.01172E-01  9.97789E-01
  7.05078E-01  9.97556E-01
  7.08984E-01  9.97323E-01
  7.12891E-01  9.97090E-01
  7.16797E-01  9.96858E-01
  7.20703E-01  9.96625E-01
  7.24609E-01  9.96393E-01
  7.28516E-01  9.96161E-01
  7.32422E-01  9.95928E-01
  7.36328E-01  9.95696E-01
  7.40234E-01  9.95464E-01
  7.44141E-01  9.95232E-01
  7.48047E-01  9.95000E-01
  7.51953E-01  9.94768E-01
  7.55859E-01  9.94537E-01
  7.59766E-01  9.94305E-01
  7.63672E-01  9.94073E-01
  7.67578E-01  9.93841E-01
  7.71484E-01  9.93610E-01
  7.75391E-01  9.93378E-01
  7.79297E-01  9.93147E-01
  7.83203E-01  9.92915E-01
  7.87109E-01  9.92684E-01
  7.91016E-01  9.92453E-01
  7.94922E-01  9.92222E-01
  7.98828E-01  9.91991E-01
  8.02734E-01  9.91760E-01
  8.06641E-01  9.91529E-01
  8.10547E-01  9.91298E-01
  8.14453E-01  9.91067E-01
  8.18359E-01  9.90836E-01
  8.22266E-01  9.90605E-01
  8.26172E-01  9.90375E-01
  8.30078E-01  9.90145E-01
  8.33984E-01  9.89914E-01
  8.37891E-01  9.89684E-01
  8.41797E-01  9.89453E-01
  8.45703E-01  9.89223E-01
  8.49609E-01  9.88993E-01
  8.53516E-01  9.88763E-01
  8.57422E-01  9.88533E-01
  8.61328E-01  9.88303E-01
  8.65234E-01  9.88073E-01
  8.69141E-01  9.87844E-01
  8.73047E-01  9.87614E-01
  8.76953E-01  9.87384E-01
  8.80859E-01  9.87155E-01
  8.84766E-01  9.86925E-01
  8.88672E-01  9.86696E-01
  8.92578E-01  9.86466E-01
  8.96484E-01  9.86237E-01
  9.00391E-01  9.86007E-01
  9.04297E-01  9.85778E-01
  9.08203E-01  9.85549E-01
  9.12109E-01  9.85321E-01
  9.16016E-01  9.85092E-01
  9.19922E-01  9.84864E-01
  9.23828E-01  9.84635E-01
  9.27734E-01  9.84407E-01
  9.31641E-01  9.84180E-01
  9.35547E-01  9.83954E-01
  9.39453E-01  9.83728E-01
  9.43359E-01  9.83503E-01
  9.47266E-01  9.83281E-01
  9.51172E-01  9.83060E-01
  9.55078E-01  9.82843E-01
  9.58984E-01  9.82629E-01
  9.62891E-01  9.82421E-01
  9.66797E-01  9.82220E-01
  9.70703E-01  9.82026E-01
  9.74609E-01  9.81844E-01
  9.78516E-01  9.81675E-01
  9.82422E-01  9.81522E-01
  9.86328E-01  9.81390E-01
  9.90234E-01  9.81283E-01
  9.94141E-01  9.81205E-01
  9.98047E-01  9.81163E-01
  1.00195E+00  9.81163E-01
