 -1.95312E-03  2.45619E+00
  1.95312E-03  2.45619E+00
  5.85938E-03  2.45609E+00
  9.76562E-03  2.45589E+00
  1.36719E-02  2.45560E+00
  1.75781E-02  2.45522E+00
  2.14844E-02  2.45473E+00
  2.53906E-02  2.45416E+00
  2.92969E-02  2.45349E+00
  3.32031E-02  2.45273E+00
  3.71094E-02  2.45187E+00
  4.10156E-02  2.45093E+00
  4.49219E-02  2.44989E+00
  4.88281E-02  2.44876E+00
  5.27344E-02  2.44755E+00
  5.66406E-02  2.44624E+00
  6.05469E-02  2.44484E+00
  6.44531E-02  2.44336E+00
  6.83594E-02  2.44178E+00
  7.22656E-02  2.44012E+00
  7.61719E-02  2.43837E+00
  8.00781E-02  2.43654E+00
  8.39844E-02  2.43462E+00
  8.78906E-02  2.43261E+00
  9.17969E-02  2.43052E+00
  9.57031E-02  2.42834E+00
  9.96094E-02  2.42607E+00
  1.03516E-01  2.42373E+00
  1.07422E-01  2.42129E+00
  1.11328E-01  2.41878E+00
  1.15234E-01  2.41618E+00
  1.19141E-01  2.41350E+00
  1.23047E-01  2.41073E+00
  1.26953E-01  2.40788E+00
  1.30859E-01  2.40495E+00
  1.34766E-01  2.40193E+00
  1.38672E-01  2.39884E+00
  1.42578E-01  2.39566E+00
  1.46484E-01  2.39240E+00
  1.50391E-01  2.38906E+00
  1.54297E-01  2.38564E+00
  1.58203E-01  2.38214E+00
  1.62109E-01  2.37855E+00
  1.66016E-01  2.37489E+00
  1.69922E-01  2.37114E+00
  1.73828E-01  2.36732E+00
  1.77734E-01  2.36341E+00
  1.81641E-01  2.35943E+00
  1.85547E-01  2.35536E+00
  1.89453E-01  2.35121E+00
  1.93359E-01  2.34698E+00
  1.97266E-01  2.34268E+00
  2.01172E-01  2.33829E+00
  2.05078E-01  2.33382E+00
  2.08984E-01  2.32927E+00
  2.12891E-01  2.32465E+00
  2.16797E-01  2.31994E+00
  2.20703E-01  2.31515E+00
  2.24609E-01  2.31028E+00
  2.28516E-01  2.30533E+00
  2.32422E-01  2.30030E+00
  2.36328E-01  2.29520E+00
  2.40234E-01  2.29001E+00
  2.44141E-01  2.28474E+00
  2.48047E-01  2.27939E+00
  2.51953E-01  2.27395E+00
  2.55859E-01  2.26844E+00
  2.59766E-01  2.26285E+00
  2.63672E-01  2.25717E+00
  2.67578E-01  2.25142E+00
  2.71484E-01  2.24558E+00
  2.75391E-01  2.23966E+00
  2.79297E-01  2.23366E+00
  2.83203E-01  2.22757E+00
  2.87109E-01  2.22141E+00
  2.91016E-01  2.21516E+00
  2.94922E-01  2.20883E+00
  2.98828E-01  2.20241E+00
  3.02734E-01  2.19591E+00
  3.06641E-01  2.18933E+00
  3.10547E-01  2.18266E+00
  3.14453E-01  2.17591E+00
  3.18359E-01  2.16908E+00
  3.22266E-01  2.16215E+00
  3.26172E-01  2.15514E+00
  3.30078E-01  2.14805E+00
  3.33984E-01  2.14087E+00
  3.37891E-01  2.13360E+00
  3.41797E-01  2.12624E+00
  3.45703E-01  2.11880E+00
  3.49609E-01  2.11127E+00
  3.53516E-01  2.10365E+00
  3.57422E-01  2.09593E+00
  3.61328E-01  2.08813E+00
  3.65234E-01  2.08024E+00
  3.69141E-01  2.07225E+00
  3.73047E-01  2.06418E+00
  3.76953E-01  2.05600E+00
  3.80859E-01  2.04774E+00
  3.84766E-01  2.03938E+00
  3.88672E-01  2.03092E+00
  3.92578E-01  2.02237E+00
  3.96484E-01  2.01372E+00
  4.00391E-01  2.00498E+00
  4.04297E-01  1.99613E+00
  4.08203E-01  1.98719E+00
  4.12109E-01  1.97814E+00
  4.16016E-01  1.96900E+00
  4.19922E-01  1.95975E+00
  4.23828E-01  1.95039E+00
  4.27734E-01  1.94094E+00
  4.31641E-01  1.93137E+00
  4.35547E-01  1.92170E+00
  4.39453E-01  1.91192E+00
  4.43359E-01  1.90203E+00
  4.47266E-01  1.89203E+00
  4.51172E-01  1.88191E+00
  4.55078E-01  1.87169E+00
  4.58984E-01  1.86134E+00
  4.62891E-01  1.85088E+00
  4.66797E-01  1.84030E+00
  4.70703E-01  1.82960E+00
  4.74609E-01  1.81877E+00
  4.78516E-01  1.80782E+00
  4.82422E-01  1.79675E+00
  4.86328E-01  1.78554E+00
  4.90234E-01  1.77421E+00
  4.94141E-01  1.76274E+00
  4.98047E-01  1.75114E+00
  5.01953E-01  1.73940E+00
  5.05859E-01  1.72752E+00
  5.09766E-01  1.71550E+00
  5.13672E-01  1.70333E+00
  5.17578E-01  1.69101E+00
  5.21484E-01  1.67854E+00
  5.25391E-01  1.66592E+00
  5.29297E-01  1.65313E+00
  5.33203E-01  1.64019E+00
  5.37109E-01  1.62708E+00
  5.41016E-01  1.61380E+00
  5.44922E-01  1.60035E+00
  5.48828E-01  1.58672E+00
  5.52734E-01  1.57291E+00
  5.56641E-01  1.55892E+00
  5.60547E-01  1.54473E+00
  5.64453E-01  1.53034E+00
  5.68359E-01  1.51576E+00
  5.72266E-01  1.50096E+00
  5.76172E-01  1.48595E+00
  5.80078E-01  1.47072E+00
  5.83984E-01  1.45526E+00
  5.87891E-01  1.43957E+00
  5.91797E-01  1.42364E+00
  5.95703E-01  1.40745E+00
  5.99609E-01  1.39100E+00
  6.03516E-01  1.37428E+00
  6.07422E-01  1.35728E+00
  6.11328E-01  1.34000E+00
  6.15234E-01  1.32241E+00
  6.19141E-01  1.30450E+00
  6.23047E-01  1.28626E+00
  6.26953E-01  1.26768E+00
  6.30859E-01  1.24874E+00
  6.34766E-01  1.22943E+00
  6.38672E-01  1.20972E+00
  6.42578E-01  1.18959E+00
  6.46484E-01  1.16903E+00
  6.50391E-01  1.14801E+00
  6.54297E-01  1.12649E+00
  6.58203E-01  1.10447E+00
  6.62109E-01  1.08189E+00
  6.66016E-01  1.05873E+00
  6.69922E-01  1.03494E+00
  6.73828E-01  1.01050E+00
  6.77734E-01  9.85336E-01
  6.81641E-01  9.59406E-01
  6.85547E-01  9.32651E-01
  6.89453E-01  9.05001E-01
  6.93359E-01  8.76389E-01
  6.97266E-01  8.46733E-01
  7.01172E-01  8.15943E-01
  7.05078E-01  7.83924E-01
  7.08984E-01  7.50589E-01
  7.12891E-01  7.15860E-01
  7.16797E-01  6.79695E-01
  7.20703E-01  6.42160E-01
  7.24609E-01  6.03502E-01
  7.28516E-01  5.64275E-01
  7.32422E-01  5.25477E-01
  7.36328E-01  4.88637E-01
  7.40234E-01  4.55506E-01
  7.44141E-01  4.27415E-01
  7.48047E-01  4.04812E-01
  7.51953E-01  3.87227E-01
  7.55859E-01  3.73680E-01
  7.59766E-01  3.63104E-01
  7.63672E-01  3.54597E-01
  7.67578E-01  3.47484E-01
  7.71484E-01  3.41323E-01
  7.75391E-01  3.35787E-01
  7.79297E-01  3.30727E-01
  7.83203E-01  3.25997E-01
  7.87109E-01  3.21507E-01
  7.91016E-01  3.17187E-01
  7.94922E-01  3.13045E-01
  7.98828E-01  3.09052E-01
  8.02734E-01  3.05186E-01
  8.06641E-01  3.01435E-01
  8.10547E-01  2.97777E-01
  8.14453E-01  2.94195E-01
  8.18359E-01  2.90670E-01
  8.22266E-01  2.87239E-01
  8.26172E-01  2.83890E-01
  8.30078E-01  2.80620E-01
  8.33984E-01  2.77425E-01
  8.37891E-01  2.74303E-01
  8.41797E-01  2.71251E-01
  8.45703E-01  2.68265E-01
  8.49609E-01  2.65343E-01
  8.53516E-01  2.62482E-01
  8.57422E-01  2.59680E-01
  8.61328E-01  2.56936E-01
  8.65234E-01  2.54253E-01
  8.69141E-01  2.51624E-01
  8.73047E-01  2.49046E-01
  8.76953E-01  2.46520E-01
  8.80859E-01  2.44026E-01
  8.84766E-01  2.41569E-01
  8.88672E-01  2.39163E-01
  8.92578E-01  2.36809E-01
  8.96484E-01  2.34506E-01
  9.00391E-01  2.32252E-01
  9.04297E-01  2.30046E-01
  9.08203E-01  2.27888E-01
  9.12109E-01  2.25779E-01
  9.16016E-01  2.23717E-01
  9.19922E-01  2.21703E-01
  9.23828E-01  2.19736E-01
  9.27734E-01  2.17816E-01
  9.31641E-01  2.15944E-01
  9.35547E-01  2.14120E-01
  9.39453E-01  2.12345E-01
  9.43359E-01  2.10619E-01
  9.47266E-01  2.08943E-01
  9.51172E-01  2.07319E-01
  9.55078E-01  2.05751E-01
  9.58984E-01  2.04239E-01
  9.62891E-01  2.02786E-01
  9.66797E-01  2.01399E-01
  9.70703E-01  2.00080E-01
  9.74609E-01  1.98839E-01
  9.78516E-01  1.97684E-01
  9.82422E-01  1.96629E-01
  9.86328E-01  1.95691E-01
  9.90234E-01  1.94899E-01
  9.94141E-01  1.94291E-01
  9.98047E-01  1.93947E-01
  1.00195E+00  1.93947E-01
