 -1.95312E-03  2.12084E+00
  1.95312E-03  2.12084E+00
  5.85938E-03  2.12072E+00
  9.76562E-03  2.12050E+00
  1.36719E-02  2.12016E+00
  1.75781E-02  2.11971E+00
  2.14844E-02  2.11915E+00
  2.53906E-02  2.11848E+00
  2.92969E-02  2.11771E+00
  3.32031E-02  2.11683E+00
  3.71094E-02  2.11584E+00
  4.10156E-02  2.11474E+00
  4.49219E-02  2.11354E+00
  4.88281E-02  2.11224E+00
  5.27344E-02  2.11083E+00
  5.66406E-02  2.10932E+00
  6.05469E-02  2.10771E+00
  6.44531E-02  2.10599E+00
  6.83594E-02  2.10418E+00
  7.22656E-02  2.10226E+00
  7.61719E-02  2.10024E+00
  8.00781E-02  2.09813E+00
  8.39844E-02  2.09592E+00
  8.78906E-02  2.09361E+00
  9.17969E-02  2.09120E+00
  9.57031E-02  2.08869E+00
  9.96094E-02  2.08609E+00
  1.03516E-01  2.08340E+00
  1.07422E-01  2.08060E+00
  1.11328E-01  2.07771E+00
  1.15234E-01  2.07473E+00
  1.19141E-01  2.07165E+00
  1.23047E-01  2.06848E+00
  1.26953E-01  2.06522E+00
  1.30859E-01  2.06186E+00
  1.34766E-01  2.05841E+00
  1.38672E-01  2.05486E+00
  1.42578E-01  2.05123E+00
  1.46484E-01  2.04750E+00
  1.50391E-01  2.04368E+00
  1.54297E-01  2.03977E+00
  1.58203E-01  2.03577E+00
  1.62109E-01  2.03168E+00
  1.66016E-01  2.02750E+00
  1.69922E-01  2.02323E+00
  1.73828E-01  2.01886E+00
  1.77734E-01  2.01441E+00
  1.81641E-01  2.00987E+00
  1.85547E-01  2.00524E+00
  1.89453E-01  2.00052E+00
  1.93359E-01  1.99571E+00
  1.97266E-01  1.99082E+00
  2.01172E-01  1.98583E+00
  2.05078E-01  1.98076E+00
  2.08984E-01  1.97560E+00
  2.12891E-01  1.97035E+00
  2.16797E-01  1.96501E+00
  2.20703E-01  1.95959E+00
  2.24609E-01  1.95407E+00
  2.28516E-01  1.94847E+00
  2.32422E-01  1.94279E+00
  2.36328E-01  1.93701E+00
  2.40234E-01  1.93115E+00
  2.44141E-01  1.92520E+00
  2.48047E-01  1.91916E+00
  2.51953E-01  1.91304E+00
  2.55859E-01  1.90683E+00
  2.59766E-01  1.90054E+00
  2.63672E-01  1.89416E+00
  2.67578E-01  1.88769E+00
  2.71484E-01  1.88113E+00
  2.75391E-01  1.87449E+00
  2.79297E-01  1.86776E+00
  2.83203E-01  1.86095E+00
  2.87109E-01  1.85405E+00
  2.91016E-01  1.84706E+00
  2.94922E-01  1.83999E+00
  2.98828E-01  1.83284E+00
  3.02734E-01  1.82559E+00
  3.06641E-01  1.81826E+00
  3.10547E-01  1.81085E+00
  3.14453E-01  1.80335E+00
  3.18359E-01  1.79576E+00
  3.22266E-01  1.78809E+00
  3.26172E-01  1.78034E+00
  3.30078E-01  1.77250E+00
  3.33984E-01  1.76457E+00
  3.37891E-01  1.75656E+00
  3.41797E-01  1.74847E+00
  3.45703E-01  1.74029E+00
  3.49609E-01  1.73202E+00
  3.53516E-01  1.72368E+00
  3.57422E-01  1.71525E+00
  3.61328E-01  1.70673E+00
  3.65234E-01  1.69813E+00
  3.69141E-01  1.68945E+00
  3.73047E-01  1.68069E+00
  3.76953E-01  1.67184E+00
  3.80859E-01  1.66292E+00
  3.84766E-01  1.65391E+00
  3.88672E-01  1.64482E+00
  3.92578E-01  1.63564E+00
  3.96484E-01  1.62639E+00
  4.00391E-01  1.61706E+00
  4.04297E-01  1.60764E+00
  4.08203E-01  1.59815E+00
  4.12109E-01  1.58858E+00
  4.16016E-01  1.57894E+00
  4.19922E-01  1.56921E+00
  4.23828E-01  1.55941E+00
  4.27734E-01  1.54954E+00
  4.31641E-01  1.53958E+00
  4.35547E-01  1.52956E+00
  4.39453E-01  1.51946E+00
  4.43359E-01  1.50930E+00
  4.47266E-01  1.49906E+00
  4.51172E-01  1.48875E+00
  4.55078E-01  1.47838E+00
  4.58984E-01  1.46794E+00
  4.62891E-01  1.45743E+00
  4.66797E-01  1.44686E+00
  4.70703E-01  1.43623E+00
  4.74609E-01  1.42554E+00
  4.78516E-01  1.41479E+00
  4.82422E-01  1.40399E+00
  4.86328E-01  1.39313E+00
  4.90234E-01  1.38222E+00
  4.94141E-01  1.37127E+00
  4.98047E-01  1.36026E+00
  5.01953E-01  1.34921E+00
  5.05859E-01  1.33812E+00
  5.09766E-01  1.32699E+00
  5.13672E-01  1.31583E+00
  5.17578E-01  1.30464E+00
  5.21484E-01  1.29342E+00
  5.25391E-01  1.28217E+00
  5.29297E-01  1.27090E+00
  5.33203E-01  1.25962E+00
  5.37109E-01  1.24832E+00
  5.41016E-01  1.23701E+00
  5.44922E-01  1.22569E+00
  5.48828E-01  1.21438E+00
  5.52734E-01  1.20307E+00
  5.56641E-01  1.19177E+00
  5.60547E-01  1.18048E+00
  5.64453E-01  1.16922E+00
  5.68359E-01  1.15798E+00
  5.72266E-01  1.14676E+00
  5.76172E-01  1.13559E+00
  5.80078E-01  1.12445E+00
  5.83984E-01  1.11336E+00
  5.87891E-01  1.10231E+00
  5.91797E-01  1.09133E+00
  5.95703E-01  1.08041E+00
  5.99609E-01  1.06956E+00
  6.03516E-01  1.05878E+00
  6.07422E-01  1.04807E+00
  6.11328E-01  1.03746E+00
  6.15234E-01  1.02693E+00
  6.19141E-01  1.01649E+00
  6.23047E-01  1.00615E+00
  6.26953E-01  9.95921E-01
  6.30859E-01  9.85796E-01
  6.34766E-01  9.75783E-01
  6.38672E-01  9.65885E-01
  6.42578E-01  9.56105E-01
  6.46484E-01  9.46449E-01
  6.50391E-01  9.36916E-01
  6.54297E-01  9.27512E-01
  6.58203E-01  9.18238E-01
  6.62109E-01  9.09096E-01
  6.66016E-01  9.00086E-01
  6.69922E-01  8.91211E-01
  6.73828E-01  8.82471E-01
  6.77734E-01  8.73866E-01
  6.81641E-01  8.65397E-01
  6.85547E-01  8.57064E-01
  6.89453E-01  8.48864E-01
  6.93359E-01  8.40797E-01
  6.97266E-01  8.32863E-01
  7.01172E-01  8.25063E-01
  7.05078E-01  8.17391E-01
  7.08984E-01  8.09847E-01
  7.12891E-01  8.02431E-01
  7.16797E-01  7.95138E-01
  7.20703E-01  7.87967E-01
  7.24609E-01  7.80918E-01
  7.28516E-01  7.73986E-01
  7.32422E-01  7.67168E-01
  7.36328E-01  7.60466E-01
  7.40234E-01  7.53872E-01
  7.44141E-01  7.47385E-01
  7.48047E-01  7.41006E-01
  7.51953E-01  7.34733E-01
  7.55859E-01  7.28559E-01
  7.59766E-01  7.22483E-01
  7.63672E-01  7.16505E-01
  7.67578E-01  7.10623E-01
  7.71484E-01  7.04833E-01
  7.75391E-01  6.99133E-01
  7.79297E-01  6.93521E-01
  7.83203E-01  6.87994E-01
  7.87109E-01  6.82556E-01
  7.91016E-01  6.77201E-01
  7.94922E-01  6.71926E-01
  7.98828E-01  6.66731E-01
  8.02734E-01  6.61615E-01
  8.06641E-01  6.56575E-01
  8.10547E-01  6.51613E-01
  8.14453E-01  6.46726E-01
  8.18359E-01  6.41914E-01
  8.22266E-01  6.37172E-01
  8.26172E-01  6.32503E-01
  8.30078E-01  6.27905E-01
  8.33984E-01  6.23376E-01
  8.37891E-01  6.18917E-01
  8.41797E-01  6.14527E-01
  8.45703E-01  6.10206E-01
  8.49609E-01  6.05954E-01
  8.53516E-01  6.01769E-01
  8.57422E-01  5.97652E-01
  8.61328E-01  5.93602E-01
  8.65234E-01  5.89618E-01
  8.69141E-01  5.85702E-01
  8.73047E-01  5.81852E-01
  8.76953E-01  5.78070E-01
  8.80859E-01  5.74356E-01
  8.84766E-01  5.70711E-01
  8.88672E-01  5.67134E-01
  8.92578E-01  5.63627E-01
  8.96484E-01  5.60191E-01
  9.00391E-01  5.56825E-01
  9.04297E-01  5.53532E-01
  9.08203E-01  5.50313E-01
  9.12109E-01  5.47169E-01
  9.16016E-01  5.44103E-01
  9.19922E-01  5.41114E-01
  9.23828E-01  5.38207E-01
  9.27734E-01  5.35384E-01
  9.31641E-01  5.32647E-01
  9.35547E-01  5.29999E-01
  9.39453E-01  5.27446E-01
  9.43359E-01  5.24988E-01
  9.47266E-01  5.22631E-01
  9.51172E-01  5.20379E-01
  9.55078E-01  5.18238E-01
  9.58984E-01  5.16218E-01
  9.62891E-01  5.14322E-01
  9.66797E-01  5.12558E-01
  9.70703E-01  5.10937E-01
  9.74609E-01  5.09465E-01
  9.78516E-01  5.08157E-01
  9.82422E-01  5.07026E-01
  9.86328E-01  5.06083E-01
  9.90234E-01  5.05346E-01
  9.94141E-01  5.04834E-01
  9.98047E-01  5.04566E-01
  1.00195E+00  5.04566E-01
