 -1.95312E-03  1.38641E+00
  1.95312E-03  1.38641E+00
  5.85938E-03  1.38631E+00
  9.76562E-03  1.38611E+00
  1.36719E-02  1.38580E+00
  1.75781E-02  1.38540E+00
  2.14844E-02  1.38491E+00
  2.53906E-02  1.38433E+00
  2.92969E-02  1.38365E+00
  3.32031E-02  1.38289E+00
  3.71094E-02  1.38204E+00
  4.10156E-02  1.38112E+00
  4.49219E-02  1.38011E+00
  4.88281E-02  1.37902E+00
  5.27344E-02  1.37786E+00
  5.66406E-02  1.37662E+00
  6.05469E-02  1.37531E+00
  6.44531E-02  1.37393E+00
  6.83594E-02  1.37249E+00
  7.22656E-02  1.37098E+00
  7.61719E-02  1.36940E+00
  8.00781E-02  1.36776E+00
  8.39844E-02  1.36607E+00
  8.78906E-02  1.36431E+00
  9.17969E-02  1.36250E+00
  9.57031E-02  1.36064E+00
  9.96094E-02  1.35873E+00
  1.03516E-01  1.35676E+00
  1.07422E-01  1.35475E+00
  1.11328E-01  1.35269E+00
  1.15234E-01  1.35058E+00
  1.19141E-01  1.34843E+00
  1.23047E-01  1.34625E+00
  1.26953E-01  1.34402E+00
  1.30859E-01  1.34175E+00
  1.34766E-01  1.33945E+00
  1.38672E-01  1.33711E+00
  1.42578E-01  1.33474E+00
  1.46484E-01  1.33234E+00
  1.50391E-01  1.32990E+00
  1.54297E-01  1.32744E+00
  1.58203E-01  1.32495E+00
  1.62109E-01  1.32244E+00
  1.66016E-01  1.31990E+00
  1.69922E-01  1.31734E+00
  1.73828E-01  1.31475E+00
  1.77734E-01  1.31215E+00
  1.81641E-01  1.30952E+00
  1.85547E-01  1.30688E+00
  1.89453E-01  1.30422E+00
  1.93359E-01  1.30154E+00
  1.97266E-01  1.29885E+00
  2.01172E-01  1.29614E+00
  2.05078E-01  1.29342E+00
  2.08984E-01  1.29069E+00
  2.12891E-01  1.28795E+00
  2.16797E-01  1.28520E+00
  2.20703E-01  1.28244E+00
  2.24609E-01  1.27967E+00
  2.28516E-01  1.27689E+00
  2.32422E-01  1.27410E+00
  2.36328E-01  1.27131E+00
  2.40234E-01  1.26852E+00
  2.44141E-01  1.26572E+00
  2.48047E-01  1.26291E+00
  2.51953E-01  1.26010E+00
  2.55859E-01  1.25729E+00
  2.59766E-01  1.25447E+00
  2.63672E-01  1.25166E+00
  2.67578E-01  1.24884E+00
  2.71484E-01  1.24602E+00
  2.75391E-01  1.24320E+00
  2.79297E-01  1.24038E+00
  2.83203E-01  1.23757E+00
  2.87109E-01  1.23475E+00
  2.91016E-01  1.23193E+00
  2.94922E-01  1.22912E+00
  2.98828E-01  1.22630E+00
  3.02734E-01  1.22349E+00
  3.06641E-01  1.22068E+00
  3.10547E-01  1.21788E+00
  3.14453E-01  1.21508E+00
  3.18359E-01  1.21228E+00
  3.22266E-01  1.20948E+00
  3.26172E-01  1.20669E+00
  3.30078E-01  1.20390E+00
  3.33984E-01  1.20112E+00
  3.37891E-01  1.19834E+00
  3.41797E-01  1.19557E+00
  3.45703E-01  1.19280E+00
  3.49609E-01  1.19004E+00
  3.53516E-01  1.18728E+00
  3.57422E-01  1.18452E+00
  3.61328E-01  1.18177E+00
  3.65234E-01  1.17903E+00
  3.69141E-01  1.17629E+00
  3.73047E-01  1.17356E+00
  3.76953E-01  1.17084E+00
  3.80859E-01  1.16812E+00
  3.84766E-01  1.16540E+00
  3.88672E-01  1.16270E+00
  3.92578E-01  1.15999E+00
  3.96484E-01  1.15730E+00
  4.00391E-01  1.15461E+00
  4.04297E-01  1.15193E+00
  4.08203E-01  1.14925E+00
  4.12109E-01  1.14658E+00
  4.16016E-01  1.14392E+00
  4.19922E-01  1.14126E+00
  4.23828E-01  1.13861E+00
  4.27734E-01  1.13597E+00
  4.31641E-01  1.13333E+00
  4.35547E-01  1.13070E+00
  4.39453E-01  1.12808E+00
  4.43359E-01  1.12546E+00
  4.47266E-01  1.12285E+00
  4.51172E-01  1.12025E+00
  4.55078E-01  1.11766E+00
  4.58984E-01  1.11507E+00
  4.62891E-01  1.11248E+00
  4.66797E-01  1.10991E+00
  4.70703E-01  1.10734E+00
  4.74609E-01  1.10478E+00
  4.78516E-01  1.10222E+00
  4.82422E-01  1.09968E+00
  4.86328E-01  1.09714E+00
  4.90234E-01  1.09460E+00
  4.94141E-01  1.09208E+00
  4.98047E-01  1.08956E+00
  5.01953E-01  1.08704E+00
  5.05859E-01  1.08454E+00
  5.09766E-01  1.08204E+00
  5.13672E-01  1.07955E+00
  5.17578E-01  1.07706E+00
  5.21484E-01  1.07458E+00
  5.25391E-01  1.07211E+00
  5.29297E-01  1.06965E+00
  5.33203E-01  1.06719E+00
  5.37109E-01  1.06474E+00
  5.41016E-01  1.06230E+00
  5.44922E-01  1.05986E+00
  5.48828E-01  1.05743E+00
  5.52734E-01  1.05501E+00
  5.56641E-01  1.05259E+00
  5.60547E-01  1.05018E+00
  5.64453E-01  1.04778E+00
  5.68359E-01  1.04539E+00
  5.72266E-01  1.04300E+00
  5.76172E-01  1.04062E+00
  5.80078E-01  1.03824E+00
  5.83984E-01  1.03587E+00
  5.87891E-01  1.03351E+00
  5.91797E-01  1.03116E+00
  5.95703E-01  1.02881E+00
  5.99609E-01  1.02647E+00
  6.03516E-01  1.02414E+00
  6.07422E-01  1.02181E+00
  6.11328E-01  1.01949E+00
  6.15234E-01  1.01717E+00
  6.19141E-01  1.01487E+00
  6.23047E-01  1.01256E+00
  6.26953E-01  1.01027E+00
  6.30859E-01  1.00798E+00
  6.34766E-01  1.00570E+00
  6.38672E-01  1.00343E+00
  6.42578E-01  1.00116E+00
  6.46484E-01  9.98900E-01
  6.50391E-01  9.96646E-01
  6.54297E-01  9.94398E-01
  6.58203E-01  9.92156E-01
  6.62109E-01  9.89922E-01
  6.66016E-01  9.87693E-01
  6.69922E-01  9.85472E-01
  6.73828E-01  9.83256E-01
  6.77734E-01  9.81048E-01
  6.81641E-01  9.78845E-01
  6.85547E-01  9.76649E-01
  6.89453E-01  9.74460E-01
  6.93359E-01  9.72277E-01
  6.97266E-01  9.70100E-01
  7.01172E-01  9.67930E-01
  7.05078E-01  9.65766E-01
  7.08984E-01  9.63608E-01
  7.12891E-01  9.61457E-01
  7.16797E-01  9.59312E-01
  7.20703E-01  9.57174E-01
  7.24609E-01  9.55041E-01
  7.28516E-01  9.52916E-01
  7.32422E-01  9.50796E-01
  7.36328E-01  9.48683E-01
  7.40234E-01  9.46576E-01
  7.44141E-01  9.44476E-01
  7.48047E-01  9.42382E-01
  7.51953E-01  9.40295E-01
  7.55859E-01  9.38213E-01
  7.59766E-01  9.36138E-01
  7.63672E-01  9.34070E-01
  7.67578E-01  9.32009E-01
  7.71484E-01  9.29954E-01
  7.75391E-01  9.27906E-01
  7.79297E-01  9.25864E-01
  7.83203E-01  9.23829E-01
  7.87109E-01  9.21802E-01
  7.91016E-01  9.19781E-01
  7.94922E-01  9.17767E-01
  7.98828E-01  9.15760E-01
  8.02734E-01  9.13761E-01
  8.06641E-01  9.11769E-01
  8.10547E-01  9.09784E-01
  8.14453E-01  9.07808E-01
  8.18359E-01  9.05839E-01
  8.22266E-01  9.03879E-01
  8.26172E-01  9.01928E-01
  8.30078E-01  8.99985E-01
  8.33984E-01  8.98051E-01
  8.37891E-01  8.96127E-01
  8.41797E-01  8.94212E-01
  8.45703E-01  8.92308E-01
  8.49609E-01  8.90414E-01
  8.53516E-01  8.88532E-01
  8.57422E-01  8.86661E-01
  8.61328E-01  8.84803E-01
  8.65234E-01  8.82957E-01
  8.69141E-01  8.81125E-01
  8.73047E-01  8.79308E-01
  8.76953E-01  8.77506E-01
  8.80859E-01  8.75720E-01
  8.84766E-01  8.73951E-01
  8.88672E-01  8.72200E-01
  8.92578E-01  8.70469E-01
  8.96484E-01  8.68758E-01
  9.00391E-01  8.67070E-01
  9.04297E-01  8.65405E-01
  9.08203E-01  8.63765E-01
  9.12109E-01  8.62153E-01
  9.16016E-01  8.60569E-01
  9.19922E-01  8.59016E-01
  9.23828E-01  8.57497E-01
  9.27734E-01  8.56013E-01
  9.31641E-01  8.54567E-01
  9.35547E-01  8.53162E-01
  9.39453E-01  8.51801E-01
  9.43359E-01  8.50488E-01
  9.47266E-01  8.49225E-01
  9.51172E-01  8.48017E-01
  9.55078E-01  8.46868E-01
  9.58984E-01  8.45782E-01
  9.62891E-01  8.44763E-01
  9.66797E-01  8.43817E-01
  9.70703E-01  8.42949E-01
  9.74609E-01  8.42165E-01
  9.78516E-01  8.41471E-01
  9.82422E-01  8.40874E-01
  9.86328E-01  8.40380E-01
  9.90234E-01  8.39997E-01
  9.94141E-01  8.39733E-01
  9.98047E-01  8.39597E-01
  1.00195E+00  8.39597E-01
