 -1.95312E-03  2.38862E+00
  1.95312E-03  2.38862E+00
  5.85938E-03  2.38852E+00
  9.76562E-03  2.38832E+00
  1.36719E-02  2.38801E+00
  1.75781E-02  2.38761E+00
  2.14844E-02  2.38711E+00
  2.53906E-02  2.38652E+00
  2.92969E-02  2.38582E+00
  3.32031E-02  2.38504E+00
  3.71094E-02  2.38415E+00
  4.10156E-02  2.38317E+00
  4.49219E-02  2.38209E+00
  4.88281E-02  2.38093E+00
  5.27344E-02  2.37966E+00
  5.66406E-02  2.37831E+00
  6.05469E-02  2.37686E+00
  6.44531E-02  2.37532E+00
  6.83594E-02  2.37369E+00
  7.22656E-02  2.37197E+00
  7.61719E-02  2.37016E+00
  8.00781E-02  2.36826E+00
  8.39844E-02  2.36627E+00
  8.78906E-02  2.36419E+00
  9.17969E-02  2.36202E+00
  9.57031E-02  2.35976E+00
  9.96094E-02  2.35742E+00
  1.03516E-01  2.35499E+00
  1.07422E-01  2.35247E+00
  1.11328E-01  2.34986E+00
  1.15234E-01  2.34717E+00
  1.19141E-01  2.34439E+00
  1.23047E-01  2.34153E+00
  1.26953E-01  2.33858E+00
  1.30859E-01  2.33554E+00
  1.34766E-01  2.33242E+00
  1.38672E-01  2.32922E+00
  1.42578E-01  2.32592E+00
  1.46484E-01  2.32255E+00
  1.50391E-01  2.31909E+00
  1.54297E-01  2.31555E+00
  1.58203E-01  2.31192E+00
  1.62109E-01  2.30821E+00
  1.66016E-01  2.30441E+00
  1.69922E-01  2.30053E+00
  1.73828E-01  2.29657E+00
  1.77734E-01  2.29252E+00
  1.81641E-01  2.28839E+00
  1.85547E-01  2.28418E+00
  1.89453E-01  2.27988E+00
  1.93359E-01  2.27550E+00
  1.97266E-01  2.27104E+00
  2.01172E-01  2.26649E+00
  2.05078E-01  2.26186E+00
  2.08984E-01  2.25715E+00
  2.12891E-01  2.25235E+00
  2.16797E-01  2.24747E+00
  2.20703E-01  2.24251E+00
  2.24609E-01  2.23746E+00
  2.28516E-01  2.23234E+00
  2.32422E-01  2.22712E+00
  2.36328E-01  2.22183E+00
  2.40234E-01  2.21645E+00
  2.44141E-01  2.21098E+00
  2.48047E-01  2.20544E+00
  2.51953E-01  2.19981E+00
  2.55859E-01  2.19409E+00
  2.59766E-01  2.18829E+00
  2.63672E-01  2.18241E+00
  2.67578E-01  2.17644E+00
  2.71484E-01  2.17038E+00
  2.75391E-01  2.16425E+00
  2.79297E-01  2.15802E+00
  2.83203E-01  2.15171E+00
  2.87109E-01  2.14531E+00
  2.91016E-01  2.13883E+00
  2.94922E-01  2.13226E+00
  2.98828E-01  2.12561E+00
  3.02734E-01  2.11886E+00
  3.06641E-01  2.11203E+00
  3.10547E-01  2.10511E+00
  3.14453E-01  2.09811E+00
  3.18359E-01  2.09101E+00
  3.22266E-01  2.08383E+00
  3.26172E-01  2.07655E+00
  3.30078E-01  2.06919E+00
  3.33984E-01  2.06173E+00
  3.37891E-01  2.05419E+00
  3.41797E-01  2.04655E+00
  3.45703E-01  2.03882E+00
  3.49609E-01  2.03100E+00
  3.53516E-01  2.02309E+00
  3.57422E-01  2.01508E+00
  3.61328E-01  2.00698E+00
  3.65234E-01  1.99878E+00
  3.69141E-01  1.99048E+00
  3.73047E-01  1.98209E+00
  3.76953E-01  1.97360E+00
  3.80859E-01  1.96502E+00
  3.84766E-01  1.95633E+00
  3.88672E-01  1.94755E+00
  3.92578E-01  1.93867E+00
  3.96484E-01  1.92968E+00
  4.00391E-01  1.92059E+00
  4.04297E-01  1.91140E+00
  4.08203E-01  1.90211E+00
  4.12109E-01  1.89271E+00
  4.16016E-01  1.88320E+00
  4.19922E-01  1.87359E+00
  4.23828E-01  1.86386E+00
  4.27734E-01  1.85403E+00
  4.31641E-01  1.84409E+00
  4.35547E-01  1.83404E+00
  4.39453E-01  1.82387E+00
  4.43359E-01  1.81359E+00
  4.47266E-01  1.80319E+00
  4.51172E-01  1.79267E+00
  4.55078E-01  1.78204E+00
  4.58984E-01  1.77129E+00
  4.62891E-01  1.76041E+00
  4.66797E-01  1.74942E+00
  4.70703E-01  1.73829E+00
  4.74609E-01  1.72704E+00
  4.78516E-01  1.71566E+00
  4.82422E-01  1.70415E+00
  4.86328E-01  1.69251E+00
  4.90234E-01  1.68073E+00
  4.94141E-01  1.66882E+00
  4.98047E-01  1.65677E+00
  5.01953E-01  1.64458E+00
  5.05859E-01  1.63224E+00
  5.09766E-01  1.61976E+00
  5.13672E-01  1.60713E+00
  5.17578E-01  1.59435E+00
  5.21484E-01  1.58142E+00
  5.25391E-01  1.56833E+00
  5.29297E-01  1.55508E+00
  5.33203E-01  1.54167E+00
  5.37109E-01  1.52809E+00
  5.41016E-01  1.51435E+00
  5.44922E-01  1.50043E+00
  5.48828E-01  1.48634E+00
  5.52734E-01  1.47207E+00
  5.56641E-01  1.45761E+00
  5.60547E-01  1.44297E+00
  5.64453E-01  1.42814E+00
  5.68359E-01  1.41311E+00
  5.72266E-01  1.39788E+00
  5.76172E-01  1.38245E+00
  5.80078E-01  1.36681E+00
  5.83984E-01  1.35096E+00
  5.87891E-01  1.33488E+00
  5.91797E-01  1.31859E+00
  5.95703E-01  1.30206E+00
  5.99609E-01  1.28530E+00
  6.03516E-01  1.26830E+00
  6.07422E-01  1.25106E+00
  6.11328E-01  1.23356E+00
  6.15234E-01  1.21581E+00
  6.19141E-01  1.19779E+00
  6.23047E-01  1.17950E+00
  6.26953E-01  1.16094E+00
  6.30859E-01  1.14210E+00
  6.34766E-01  1.12298E+00
  6.38672E-01  1.10356E+00
  6.42578E-01  1.08385E+00
  6.46484E-01  1.06383E+00
  6.50391E-01  1.04352E+00
  6.54297E-01  1.02290E+00
  6.58203E-01  1.00197E+00
  6.62109E-01  9.80746E-01
  6.66016E-01  9.59226E-01
  6.69922E-01  9.37418E-01
  6.73828E-01  9.15333E-01
  6.77734E-01  8.92996E-01
  6.81641E-01  8.70428E-01
  6.85547E-01  8.47661E-01
  6.89453E-01  8.24742E-01
  6.93359E-01  8.01719E-01
  6.97266E-01  7.78664E-01
  7.01172E-01  7.55656E-01
  7.05078E-01  7.32795E-01
  7.08984E-01  7.10184E-01
  7.12891E-01  6.87955E-01
  7.16797E-01  6.66250E-01
  7.20703E-01  6.45210E-01
  7.24609E-01  6.24981E-01
  7.28516E-01  6.05694E-01
  7.32422E-01  5.87465E-01
  7.36328E-01  5.70379E-01
  7.40234E-01  5.54478E-01
  7.44141E-01  5.39776E-01
  7.48047E-01  5.26253E-01
  7.51953E-01  5.13849E-01
  7.55859E-01  5.02482E-01
  7.59766E-01  4.92072E-01
  7.63672E-01  4.82511E-01
  7.67578E-01  4.73692E-01
  7.71484E-01  4.65534E-01
  7.75391E-01  4.57946E-01
  7.79297E-01  4.50846E-01
  7.83203E-01  4.44164E-01
  7.87109E-01  4.37850E-01
  7.91016E-01  4.31857E-01
  7.94922E-01  4.26129E-01
  7.98828E-01  4.20648E-01
  8.02734E-01  4.15378E-01
  8.06641E-01  4.10299E-01
  8.10547E-01  4.05391E-01
  8.14453E-01  4.00636E-01
  8.18359E-01  3.96027E-01
  8.22266E-01  3.91538E-01
  8.26172E-01  3.87170E-01
  8.30078E-01  3.82920E-01
  8.33984E-01  3.78770E-01
  8.37891E-01  3.74725E-01
  8.41797E-01  3.70769E-01
  8.45703E-01  3.66912E-01
  8.49609E-01  3.63130E-01
  8.53516E-01  3.59441E-01
  8.57422E-01  3.55835E-01
  8.61328E-01  3.52292E-01
  8.65234E-01  3.48840E-01
  8.69141E-01  3.45463E-01
  8.73047E-01  3.42147E-01
  8.76953E-01  3.38902E-01
  8.80859E-01  3.35734E-01
  8.84766E-01  3.32640E-01
  8.88672E-01  3.29610E-01
  8.92578E-01  3.26624E-01
  8.96484E-01  3.23713E-01
  9.00391E-01  3.20873E-01
  9.04297E-01  3.18102E-01
  9.08203E-01  3.15396E-01
  9.12109E-01  3.12755E-01
  9.16016E-01  3.10165E-01
  9.19922E-01  3.07629E-01
  9.23828E-01  3.05165E-01
  9.27734E-01  3.02765E-01
  9.31641E-01  3.00435E-01
  9.35547E-01  2.98173E-01
  9.39453E-01  2.95981E-01
  9.43359E-01  2.93859E-01
  9.47266E-01  2.91812E-01
  9.51172E-01  2.89837E-01
  9.55078E-01  2.87944E-01
  9.58984E-01  2.86129E-01
  9.62891E-01  2.84390E-01
  9.66797E-01  2.82740E-01
  9.70703E-01  2.81193E-01
  9.74609E-01  2.79760E-01
  9.78516E-01  2.78450E-01
  9.82422E-01  2.77279E-01
  9.86328E-01  2.76270E-01
  9.90234E-01  2.75446E-01
  9.94141E-01  2.74842E-01
  9.98047E-01  2.74510E-01
  1.00195E+00  2.74510E-01
