 -1.95312E-03  2.20416E+00
  1.95312E-03  2.20416E+00
  5.85938E-03  2.20404E+00
  9.76562E-03  2.20382E+00
  1.36719E-02  2.20350E+00
  1.75781E-02  2.20306E+00
  2.14844E-02  2.20252E+00
  2.53906E-02  2.20187E+00
  2.92969E-02  2.20112E+00
  3.32031E-02  2.20026E+00
  3.71094E-02  2.19930E+00
  4.10156E-02  2.19823E+00
  4.49219E-02  2.19707E+00
  4.88281E-02  2.19580E+00
  5.27344E-02  2.19443E+00
  5.66406E-02  2.19296E+00
  6.05469E-02  2.19139E+00
  6.44531E-02  2.18972E+00
  6.83594E-02  2.18796E+00
  7.22656E-02  2.18609E+00
  7.61719E-02  2.18413E+00
  8.00781E-02  2.18207E+00
  8.39844E-02  2.17991E+00
  8.78906E-02  2.17766E+00
  9.17969E-02  2.17532E+00
  9.57031E-02  2.17288E+00
  9.96094E-02  2.17034E+00
  1.03516E-01  2.16771E+00
  1.07422E-01  2.16499E+00
  1.11328E-01  2.16217E+00
  1.15234E-01  2.15927E+00
  1.19141E-01  2.15626E+00
  1.23047E-01  2.15317E+00
  1.26953E-01  2.14998E+00
  1.30859E-01  2.14670E+00
  1.34766E-01  2.14333E+00
  1.38672E-01  2.13987E+00
  1.42578E-01  2.13632E+00
  1.46484E-01  2.13268E+00
  1.50391E-01  2.12895E+00
  1.54297E-01  2.12512E+00
  1.58203E-01  2.12121E+00
  1.62109E-01  2.11721E+00
  1.66016E-01  2.11311E+00
  1.69922E-01  2.10893E+00
  1.73828E-01  2.10466E+00
  1.77734E-01  2.10030E+00
  1.81641E-01  2.09585E+00
  1.85547E-01  2.09131E+00
  1.89453E-01  2.08669E+00
  1.93359E-01  2.08197E+00
  1.97266E-01  2.07717E+00
  2.01172E-01  2.07228E+00
  2.05078E-01  2.06730E+00
  2.08984E-01  2.06223E+00
  2.12891E-01  2.05708E+00
  2.16797E-01  2.05183E+00
  2.20703E-01  2.04650E+00
  2.24609E-01  2.04108E+00
  2.28516E-01  2.03557E+00
  2.32422E-01  2.02997E+00
  2.36328E-01  2.02429E+00
  2.40234E-01  2.01852E+00
  2.44141E-01  2.01266E+00
  2.48047E-01  2.00671E+00
  2.51953E-01  2.00067E+00
  2.55859E-01  1.99455E+00
  2.59766E-01  1.98833E+00
  2.63672E-01  1.98203E+00
  2.67578E-01  1.97564E+00
  2.71484E-01  1.96916E+00
  2.75391E-01  1.96259E+00
  2.79297E-01  1.95594E+00
  2.83203E-01  1.94919E+00
  2.87109E-01  1.94236E+00
  2.91016E-01  1.93543E+00
  2.94922E-01  1.92842E+00
  2.98828E-01  1.92132E+00
  3.02734E-01  1.91413E+00
  3.06641E-01  1.90685E+00
  3.10547E-01  1.89948E+00
  3.14453E-01  1.89201E+00
  3.18359E-01  1.88446E+00
  3.22266E-01  1.87682E+00
  3.26172E-01  1.86909E+00
  3.30078E-01  1.86126E+00
  3.33984E-01  1.85335E+00
  3.37891E-01  1.84534E+00
  3.41797E-01  1.83724E+00
  3.45703E-01  1.82905E+00
  3.49609E-01  1.82077E+00
  3.53516E-01  1.81240E+00
  3.57422E-01  1.80393E+00
  3.61328E-01  1.79537E+00
  3.65234E-01  1.78672E+00
  3.69141E-01  1.77797E+00
  3.73047E-01  1.76913E+00
  3.76953E-01  1.76020E+00
  3.80859E-01  1.75118E+00
  3.84766E-01  1.74206E+00
  3.88672E-01  1.73284E+00
  3.92578E-01  1.72353E+00
  3.96484E-01  1.71413E+00
  4.00391E-01  1.70463E+00
  4.04297E-01  1.69504E+00
  4.08203E-01  1.68535E+00
  4.12109E-01  1.67557E+00
  4.16016E-01  1.66569E+00
  4.19922E-01  1.65572E+00
  4.23828E-01  1.64565E+00
  4.27734E-01  1.63548E+00
  4.31641E-01  1.62522E+00
  4.35547E-01  1.61486E+00
  4.39453E-01  1.60441E+00
  4.43359E-01  1.59386E+00
  4.47266E-01  1.58321E+00
  4.51172E-01  1.57247E+00
  4.55078E-01  1.56163E+00
  4.58984E-01  1.55069E+00
  4.62891E-01  1.53966E+00
  4.66797E-01  1.52854E+00
  4.70703E-01  1.51732E+00
  4.74609E-01  1.50600E+00
  4.78516E-01  1.49460E+00
  4.82422E-01  1.48310E+00
  4.86328E-01  1.47151E+00
  4.90234E-01  1.45982E+00
  4.94141E-01  1.44805E+00
  4.98047E-01  1.43619E+00
  5.01953E-01  1.42424E+00
  5.05859E-01  1.41220E+00
  5.09766E-01  1.40007E+00
  5.13672E-01  1.38786E+00
  5.17578E-01  1.37557E+00
  5.21484E-01  1.36320E+00
  5.25391E-01  1.35075E+00
  5.29297E-01  1.33823E+00
  5.33203E-01  1.32563E+00
  5.37109E-01  1.31296E+00
  5.41016E-01  1.30022E+00
  5.44922E-01  1.28741E+00
  5.48828E-01  1.27455E+00
  5.52734E-01  1.26162E+00
  5.56641E-01  1.24864E+00
  5.60547E-01  1.23561E+00
  5.64453E-01  1.22254E+00
  5.68359E-01  1.20942E+00
  5.72266E-01  1.19627E+00
  5.76172E-01  1.18310E+00
  5.80078E-01  1.16989E+00
  5.83984E-01  1.15667E+00
  5.87891E-01  1.14344E+00
  5.91797E-01  1.13021E+00
  5.95703E-01  1.11699E+00
  5.99609E-01  1.10377E+00
  6.03516E-01  1.09058E+00
  6.07422E-01  1.07741E+00
  6.11328E-01  1.06429E+00
  6.15234E-01  1.05121E+00
  6.19141E-01  1.03819E+00
  6.23047E-01  1.02524E+00
  6.26953E-01  1.01237E+00
  6.30859E-01  9.99578E-01
  6.34766E-01  9.86888E-01
  6.38672E-01  9.74308E-01
  6.42578E-01  9.61845E-01
  6.46484E-01  9.49511E-01
  6.50391E-01  9.37316E-01
  6.54297E-01  9.25271E-01
  6.58203E-01  9.13382E-01
  6.62109E-01  9.01660E-01
  6.66016E-01  8.90111E-01
  6.69922E-01  8.78746E-01
  6.73828E-01  8.67570E-01
  6.77734E-01  8.56588E-01
  6.81641E-01  8.45807E-01
  6.85547E-01  8.35233E-01
  6.89453E-01  8.24865E-01
  6.93359E-01  8.14710E-01
  6.97266E-01  8.04766E-01
  7.01172E-01  7.95038E-01
  7.05078E-01  7.85524E-01
  7.08984E-01  7.76222E-01
  7.12891E-01  7.67133E-01
  7.16797E-01  7.58253E-01
  7.20703E-01  7.49578E-01
  7.24609E-01  7.41107E-01
  7.28516E-01  7.32832E-01
  7.32422E-01  7.24753E-01
  7.36328E-01  7.16863E-01
  7.40234E-01  7.09159E-01
  7.44141E-01  7.01633E-01
  7.48047E-01  6.94284E-01
  7.51953E-01  6.87100E-01
  7.55859E-01  6.80077E-01
  7.59766E-01  6.73210E-01
  7.63672E-01  6.66495E-01
  7.67578E-01  6.59926E-01
  7.71484E-01  6.53498E-01
  7.75391E-01  6.47207E-01
  7.79297E-01  6.41046E-01
  7.83203E-01  6.35011E-01
  7.87109E-01  6.29097E-01
  7.91016E-01  6.23301E-01
  7.94922E-01  6.17622E-01
  7.98828E-01  6.12054E-01
  8.02734E-01  6.06589E-01
  8.06641E-01  6.01229E-01
  8.10547E-01  5.95968E-01
  8.14453E-01  5.90807E-01
  8.18359E-01  5.85740E-01
  8.22266E-01  5.80766E-01
  8.26172E-01  5.75881E-01
  8.30078E-01  5.71086E-01
  8.33984E-01  5.66375E-01
  8.37891E-01  5.61752E-01
  8.41797E-01  5.57208E-01
  8.45703E-01  5.52747E-01
  8.49609E-01  5.48366E-01
  8.53516E-01  5.44062E-01
  8.57422E-01  5.39841E-01
  8.61328E-01  5.35693E-01
  8.65234E-01  5.31620E-01
  8.69141E-01  5.27627E-01
  8.73047E-01  5.23705E-01
  8.76953E-01  5.19858E-01
  8.80859E-01  5.16088E-01
  8.84766E-01  5.12392E-01
  8.88672E-01  5.08766E-01
  8.92578E-01  5.05215E-01
  8.96484E-01  5.01742E-01
  9.00391E-01  4.98343E-01
  9.04297E-01  4.95019E-01
  9.08203E-01  4.91772E-01
  9.12109E-01  4.88602E-01
  9.16016E-01  4.85512E-01
  9.19922E-01  4.82500E-01
  9.23828E-01  4.79572E-01
  9.27734E-01  4.76727E-01
  9.31641E-01  4.73966E-01
  9.35547E-01  4.71295E-01
  9.39453E-01  4.68718E-01
  9.43359E-01  4.66233E-01
  9.47266E-01  4.63849E-01
  9.51172E-01  4.61569E-01
  9.55078E-01  4.59398E-01
  9.58984E-01  4.57341E-01
  9.62891E-01  4.55408E-01
  9.66797E-01  4.53606E-01
  9.70703E-01  4.51942E-01
  9.74609E-01  4.50427E-01
  9.78516E-01  4.49074E-01
  9.82422E-01  4.47898E-01
  9.86328E-01  4.46910E-01
  9.90234E-01  4.46135E-01
  9.94141E-01  4.45593E-01
  9.98047E-01  4.45308E-01
  1.00195E+00  4.45308E-01
