 -1.95312E-03  2.42251E+00
  1.95312E-03  2.42251E+00
  5.85938E-03  2.42241E+00
  9.76562E-03  2.42221E+00
  1.36719E-02  2.42192E+00
  1.75781E-02  2.42152E+00
  2.14844E-02  2.42103E+00
  2.53906E-02  2.42044E+00
  2.92969E-02  2.41976E+00
  3.32031E-02  2.41899E+00
  3.71094E-02  2.41811E+00
  4.10156E-02  2.41715E+00
  4.49219E-02  2.41609E+00
  4.88281E-02  2.41494E+00
  5.27344E-02  2.41370E+00
  5.66406E-02  2.41237E+00
  6.05469E-02  2.41095E+00
  6.44531E-02  2.40944E+00
  6.83594E-02  2.40784E+00
  7.22656E-02  2.40614E+00
  7.61719E-02  2.40436E+00
  8.00781E-02  2.40250E+00
  8.39844E-02  2.40054E+00
  8.78906E-02  2.39850E+00
  9.17969E-02  2.39636E+00
  9.57031E-02  2.39415E+00
  9.96094E-02  2.39184E+00
  1.03516E-01  2.38945E+00
  1.07422E-01  2.38698E+00
  1.11328E-01  2.38442E+00
  1.15234E-01  2.38177E+00
  1.19141E-01  2.37904E+00
  1.23047E-01  2.37622E+00
  1.26953E-01  2.37332E+00
  1.30859E-01  2.37034E+00
  1.34766E-01  2.36727E+00
  1.38672E-01  2.36412E+00
  1.42578E-01  2.36089E+00
  1.46484E-01  2.35757E+00
  1.50391E-01  2.35417E+00
  1.54297E-01  2.35068E+00
  1.58203E-01  2.34712E+00
  1.62109E-01  2.34347E+00
  1.66016E-01  2.33973E+00
  1.69922E-01  2.33592E+00
  1.73828E-01  2.33202E+00
  1.77734E-01  2.32805E+00
  1.81641E-01  2.32399E+00
  1.85547E-01  2.31984E+00
  1.89453E-01  2.31562E+00
  1.93359E-01  2.31132E+00
  1.97266E-01  2.30693E+00
  2.01172E-01  2.30246E+00
  2.05078E-01  2.29791E+00
  2.08984E-01  2.29328E+00
  2.12891E-01  2.28856E+00
  2.16797E-01  2.28377E+00
  2.20703E-01  2.27889E+00
  2.24609E-01  2.27393E+00
  2.28516E-01  2.26889E+00
  2.32422E-01  2.26377E+00
  2.36328E-01  2.25856E+00
  2.40234E-01  2.25328E+00
  2.44141E-01  2.24791E+00
  2.48047E-01  2.24246E+00
  2.51953E-01  2.23692E+00
  2.55859E-01  2.23131E+00
  2.59766E-01  2.22561E+00
  2.63672E-01  2.21982E+00
  2.67578E-01  2.21396E+00
  2.71484E-01  2.20801E+00
  2.75391E-01  2.20198E+00
  2.79297E-01  2.19586E+00
  2.83203E-01  2.18966E+00
  2.87109E-01  2.18338E+00
  2.91016E-01  2.17701E+00
  2.94922E-01  2.17055E+00
  2.98828E-01  2.16401E+00
  3.02734E-01  2.15739E+00
  3.06641E-01  2.15068E+00
  3.10547E-01  2.14388E+00
  3.14453E-01  2.13700E+00
  3.18359E-01  2.13003E+00
  3.22266E-01  2.12297E+00
  3.26172E-01  2.11582E+00
  3.30078E-01  2.10859E+00
  3.33984E-01  2.10127E+00
  3.37891E-01  2.09386E+00
  3.41797E-01  2.08635E+00
  3.45703E-01  2.07876E+00
  3.49609E-01  2.07108E+00
  3.53516E-01  2.06330E+00
  3.57422E-01  2.05544E+00
  3.61328E-01  2.04748E+00
  3.65234E-01  2.03943E+00
  3.69141E-01  2.03128E+00
  3.73047E-01  2.02304E+00
  3.76953E-01  2.01470E+00
  3.80859E-01  2.00627E+00
  3.84766E-01  1.99774E+00
  3.88672E-01  1.98912E+00
  3.92578E-01  1.98039E+00
  3.96484E-01  1.97157E+00
  4.00391E-01  1.96264E+00
  4.04297E-01  1.95362E+00
  4.08203E-01  1.94449E+00
  4.12109E-01  1.93526E+00
  4.16016E-01  1.92592E+00
  4.19922E-01  1.91648E+00
  4.23828E-01  1.90694E+00
  4.27734E-01  1.89728E+00
  4.31641E-01  1.88752E+00
  4.35547E-01  1.87764E+00
  4.39453E-01  1.86766E+00
  4.43359E-01  1.85756E+00
  4.47266E-01  1.84735E+00
  4.51172E-01  1.83702E+00
  4.55078E-01  1.82658E+00
  4.58984E-01  1.81601E+00
  4.62891E-01  1.80533E+00
  4.66797E-01  1.79452E+00
  4.70703E-01  1.78359E+00
  4.74609E-01  1.77254E+00
  4.78516E-01  1.76136E+00
  4.82422E-01  1.75004E+00
  4.86328E-01  1.73860E+00
  4.90234E-01  1.72702E+00
  4.94141E-01  1.71531E+00
  4.98047E-01  1.70346E+00
  5.01953E-01  1.69147E+00
  5.05859E-01  1.67933E+00
  5.09766E-01  1.66705E+00
  5.13672E-01  1.65462E+00
  5.17578E-01  1.64204E+00
  5.21484E-01  1.62931E+00
  5.25391E-01  1.61642E+00
  5.29297E-01  1.60337E+00
  5.33203E-01  1.59015E+00
  5.37109E-01  1.57677E+00
  5.41016E-01  1.56322E+00
  5.44922E-01  1.54949E+00
  5.48828E-01  1.53558E+00
  5.52734E-01  1.52149E+00
  5.56641E-01  1.50721E+00
  5.60547E-01  1.49274E+00
  5.64453E-01  1.47807E+00
  5.68359E-01  1.46320E+00
  5.72266E-01  1.44812E+00
  5.76172E-01  1.43283E+00
  5.80078E-01  1.41732E+00
  5.83984E-01  1.40158E+00
  5.87891E-01  1.38561E+00
  5.91797E-01  1.36940E+00
  5.95703E-01  1.35295E+00
  5.99609E-01  1.33624E+00
  6.03516E-01  1.31926E+00
  6.07422E-01  1.30202E+00
  6.11328E-01  1.28450E+00
  6.15234E-01  1.26669E+00
  6.19141E-01  1.24857E+00
  6.23047E-01  1.23015E+00
  6.26953E-01  1.21140E+00
  6.30859E-01  1.19232E+00
  6.34766E-01  1.17289E+00
  6.38672E-01  1.15310E+00
  6.42578E-01  1.13294E+00
  6.46484E-01  1.11239E+00
  6.50391E-01  1.09144E+00
  6.54297E-01  1.07006E+00
  6.58203E-01  1.04824E+00
  6.62109E-01  1.02597E+00
  6.66016E-01  1.00323E+00
  6.69922E-01  9.80011E-01
  6.73828E-01  9.56283E-01
  6.77734E-01  9.32039E-01
  6.81641E-01  9.07261E-01
  6.85547E-01  8.81948E-01
  6.89453E-01  8.56089E-01
  6.93359E-01  8.29696E-01
  6.97266E-01  8.02783E-01
  7.01172E-01  7.75393E-01
  7.05078E-01  7.47586E-01
  7.08984E-01  7.19456E-01
  7.12891E-01  6.91148E-01
  7.16797E-01  6.62836E-01
  7.20703E-01  6.34779E-01
  7.24609E-01  6.07297E-01
  7.28516E-01  5.80758E-01
  7.32422E-01  5.55566E-01
  7.36328E-01  5.32091E-01
  7.40234E-01  5.10632E-01
  7.44141E-01  4.91367E-01
  7.48047E-01  4.74326E-01
  7.51953E-01  4.59407E-01
  7.55859E-01  4.46413E-01
  7.59766E-01  4.35090E-01
  7.63672E-01  4.25173E-01
  7.67578E-01  4.16404E-01
  7.71484E-01  4.08557E-01
  7.75391E-01  4.01449E-01
  7.79297E-01  3.94935E-01
  7.83203E-01  3.88897E-01
  7.87109E-01  3.83234E-01
  7.91016E-01  3.77882E-01
  7.94922E-01  3.72799E-01
  7.98828E-01  3.67927E-01
  8.02734E-01  3.63251E-01
  8.06641E-01  3.58730E-01
  8.10547E-01  3.54363E-01
  8.14453E-01  3.50129E-01
  8.18359E-01  3.45994E-01
  8.22266E-01  3.41988E-01
  8.26172E-01  3.38088E-01
  8.30078E-01  3.34279E-01
  8.33984E-01  3.30538E-01
  8.37891E-01  3.26898E-01
  8.41797E-01  3.23353E-01
  8.45703E-01  3.19889E-01
  8.49609E-01  3.16495E-01
  8.53516E-01  3.13148E-01
  8.57422E-01  3.09883E-01
  8.61328E-01  3.06693E-01
  8.65234E-01  3.03575E-01
  8.69141E-01  3.00528E-01
  8.73047E-01  2.97547E-01
  8.76953E-01  2.94634E-01
  8.80859E-01  2.91781E-01
  8.84766E-01  2.88967E-01
  8.88672E-01  2.86203E-01
  8.92578E-01  2.83505E-01
  8.96484E-01  2.80866E-01
  9.00391E-01  2.78284E-01
  9.04297E-01  2.75764E-01
  9.08203E-01  2.73303E-01
  9.12109E-01  2.70895E-01
  9.16016E-01  2.68548E-01
  9.19922E-01  2.66258E-01
  9.23828E-01  2.64023E-01
  9.27734E-01  2.61847E-01
  9.31641E-01  2.59725E-01
  9.35547E-01  2.57666E-01
  9.39453E-01  2.55662E-01
  9.43359E-01  2.53719E-01
  9.47266E-01  2.51838E-01
  9.51172E-01  2.50019E-01
  9.55078E-01  2.48271E-01
  9.58984E-01  2.46590E-01
  9.62891E-01  2.44983E-01
  9.66797E-01  2.43455E-01
  9.70703E-01  2.42013E-01
  9.74609E-01  2.40662E-01
  9.78516E-01  2.39408E-01
  9.82422E-01  2.38277E-01
  9.86328E-01  2.37288E-01
  9.90234E-01  2.36469E-01
  9.94141E-01  2.35859E-01
  9.98047E-01  2.35520E-01
  1.00195E+00  2.35520E-01
