 -1.95312E-03  2.42992E+00
  1.95312E-03  2.42992E+00
  5.85938E-03  2.42982E+00
  9.76562E-03  2.42962E+00
  1.36719E-02  2.42933E+00
  1.75781E-02  2.42894E+00
  2.14844E-02  2.42845E+00
  2.53906E-02  2.42786E+00
  2.92969E-02  2.42718E+00
  3.32031E-02  2.42641E+00
  3.71094E-02  2.42554E+00
  4.10156E-02  2.42458E+00
  4.49219E-02  2.42353E+00
  4.88281E-02  2.42239E+00
  5.27344E-02  2.42115E+00
  5.66406E-02  2.41983E+00
  6.05469E-02  2.41841E+00
  6.44531E-02  2.41690E+00
  6.83594E-02  2.41531E+00
  7.22656E-02  2.41362E+00
  7.61719E-02  2.41185E+00
  8.00781E-02  2.40999E+00
  8.39844E-02  2.40804E+00
  8.78906E-02  2.40600E+00
  9.17969E-02  2.40388E+00
  9.57031E-02  2.40167E+00
  9.96094E-02  2.39938E+00
  1.03516E-01  2.39700E+00
  1.07422E-01  2.39453E+00
  1.11328E-01  2.39198E+00
  1.15234E-01  2.38934E+00
  1.19141E-01  2.38662E+00
  1.23047E-01  2.38382E+00
  1.26953E-01  2.38093E+00
  1.30859E-01  2.37795E+00
  1.34766E-01  2.37490E+00
  1.38672E-01  2.37176E+00
  1.42578E-01  2.36854E+00
  1.46484E-01  2.36523E+00
  1.50391E-01  2.36184E+00
  1.54297E-01  2.35837E+00
  1.58203E-01  2.35482E+00
  1.62109E-01  2.35118E+00
  1.66016E-01  2.34747E+00
  1.69922E-01  2.34367E+00
  1.73828E-01  2.33979E+00
  1.77734E-01  2.33582E+00
  1.81641E-01  2.33178E+00
  1.85547E-01  2.32765E+00
  1.89453E-01  2.32345E+00
  1.93359E-01  2.31916E+00
  1.97266E-01  2.31479E+00
  2.01172E-01  2.31034E+00
  2.05078E-01  2.30580E+00
  2.08984E-01  2.30119E+00
  2.12891E-01  2.29650E+00
  2.16797E-01  2.29172E+00
  2.20703E-01  2.28686E+00
  2.24609E-01  2.28192E+00
  2.28516E-01  2.27690E+00
  2.32422E-01  2.27180E+00
  2.36328E-01  2.26662E+00
  2.40234E-01  2.26135E+00
  2.44141E-01  2.25600E+00
  2.48047E-01  2.25057E+00
  2.51953E-01  2.24506E+00
  2.55859E-01  2.23947E+00
  2.59766E-01  2.23379E+00
  2.63672E-01  2.22804E+00
  2.67578E-01  2.22220E+00
  2.71484E-01  2.21627E+00
  2.75391E-01  2.21026E+00
  2.79297E-01  2.20417E+00
  2.83203E-01  2.19800E+00
  2.87109E-01  2.19174E+00
  2.91016E-01  2.18540E+00
  2.94922E-01  2.17897E+00
  2.98828E-01  2.17246E+00
  3.02734E-01  2.16586E+00
  3.06641E-01  2.15918E+00
  3.10547E-01  2.15241E+00
  3.14453E-01  2.14555E+00
  3.18359E-01  2.13861E+00
  3.22266E-01  2.13159E+00
  3.26172E-01  2.12447E+00
  3.30078E-01  2.11727E+00
  3.33984E-01  2.10998E+00
  3.37891E-01  2.10260E+00
  3.41797E-01  2.09513E+00
  3.45703E-01  2.08757E+00
  3.49609E-01  2.07992E+00
  3.53516E-01  2.07218E+00
  3.57422E-01  2.06434E+00
  3.61328E-01  2.05642E+00
  3.65234E-01  2.04840E+00
  3.69141E-01  2.04029E+00
  3.73047E-01  2.03208E+00
  3.76953E-01  2.02378E+00
  3.80859E-01  2.01539E+00
  3.84766E-01  2.00689E+00
  3.88672E-01  1.99830E+00
  3.92578E-01  1.98961E+00
  3.96484E-01  1.98083E+00
  4.00391E-01  1.97194E+00
  4.04297E-01  1.96295E+00
  4.08203E-01  1.95386E+00
  4.12109E-01  1.94467E+00
  4.16016E-01  1.93538E+00
  4.19922E-01  1.92598E+00
  4.23828E-01  1.91647E+00
  4.27734E-01  1.90686E+00
  4.31641E-01  1.89713E+00
  4.35547E-01  1.88730E+00
  4.39453E-01  1.87736E+00
  4.43359E-01  1.86730E+00
  4.47266E-01  1.85714E+00
  4.51172E-01  1.84685E+00
  4.55078E-01  1.83645E+00
  4.58984E-01  1.82593E+00
  4.62891E-01  1.81530E+00
  4.66797E-01  1.80454E+00
  4.70703E-01  1.79365E+00
  4.74609E-01  1.78265E+00
  4.78516E-01  1.77151E+00
  4.82422E-01  1.76025E+00
  4.86328E-01  1.74885E+00
  4.90234E-01  1.73733E+00
  4.94141E-01  1.72566E+00
  4.98047E-01  1.71386E+00
  5.01953E-01  1.70192E+00
  5.05859E-01  1.68984E+00
  5.09766E-01  1.67761E+00
  5.13672E-01  1.66524E+00
  5.17578E-01  1.65271E+00
  5.21484E-01  1.64003E+00
  5.25391E-01  1.62719E+00
  5.29297E-01  1.61420E+00
  5.33203E-01  1.60104E+00
  5.37109E-01  1.58771E+00
  5.41016E-01  1.57421E+00
  5.44922E-01  1.56054E+00
  5.48828E-01  1.54668E+00
  5.52734E-01  1.53264E+00
  5.56641E-01  1.51842E+00
  5.60547E-01  1.50400E+00
  5.64453E-01  1.48938E+00
  5.68359E-01  1.47456E+00
  5.72266E-01  1.45954E+00
  5.76172E-01  1.44430E+00
  5.80078E-01  1.42883E+00
  5.83984E-01  1.41315E+00
  5.87891E-01  1.39723E+00
  5.91797E-01  1.38106E+00
  5.95703E-01  1.36465E+00
  5.99609E-01  1.34798E+00
  6.03516E-01  1.33104E+00
  6.07422E-01  1.31383E+00
  6.11328E-01  1.29634E+00
  6.15234E-01  1.27856E+00
  6.19141E-01  1.26046E+00
  6.23047E-01  1.24205E+00
  6.26953E-01  1.22331E+00
  6.30859E-01  1.20423E+00
  6.34766E-01  1.18479E+00
  6.38672E-01  1.16498E+00
  6.42578E-01  1.14479E+00
  6.46484E-01  1.12419E+00
  6.50391E-01  1.10318E+00
  6.54297E-01  1.08172E+00
  6.58203E-01  1.05981E+00
  6.62109E-01  1.03741E+00
  6.66016E-01  1.01451E+00
  6.69922E-01  9.91085E-01
  6.73828E-01  9.67114E-01
  6.77734E-01  9.42573E-01
  6.81641E-01  9.17439E-01
  6.85547E-01  8.91693E-01
  6.89453E-01  8.65321E-01
  6.93359E-01  8.38311E-01
  6.97266E-01  8.10660E-01
  7.01172E-01  7.82383E-01
  7.05078E-01  7.53513E-01
  7.08984E-01  7.24132E-01
  7.12891E-01  6.94353E-01
  7.16797E-01  6.64356E-01
  7.20703E-01  6.34391E-01
  7.24609E-01  6.04806E-01
  7.28516E-01  5.76050E-01
  7.32422E-01  5.48629E-01
  7.36328E-01  5.23057E-01
  7.40234E-01  4.99781E-01
  7.44141E-01  4.79062E-01
  7.48047E-01  4.60980E-01
  7.51953E-01  4.45407E-01
  7.55859E-01  4.32083E-01
  7.59766E-01  4.20672E-01
  7.63672E-01  4.10828E-01
  7.67578E-01  4.02221E-01
  7.71484E-01  3.94597E-01
  7.75391E-01  3.87734E-01
  7.79297E-01  3.81469E-01
  7.83203E-01  3.75658E-01
  7.87109E-01  3.70214E-01
  7.91016E-01  3.65077E-01
  7.94922E-01  3.60176E-01
  7.98828E-01  3.55489E-01
  8.02734E-01  3.50976E-01
  8.06641E-01  3.46603E-01
  8.10547E-01  3.42383E-01
  8.14453E-01  3.38286E-01
  8.18359E-01  3.34288E-01
  8.22266E-01  3.30389E-01
  8.26172E-01  3.26601E-01
  8.30078E-01  3.22909E-01
  8.33984E-01  3.19305E-01
  8.37891E-01  3.15763E-01
  8.41797E-01  3.12296E-01
  8.45703E-01  3.08913E-01
  8.49609E-01  3.05609E-01
  8.53516E-01  3.02381E-01
  8.57422E-01  2.99227E-01
  8.61328E-01  2.96143E-01
  8.65234E-01  2.93121E-01
  8.69141E-01  2.90142E-01
  8.73047E-01  2.87216E-01
  8.76953E-01  2.84354E-01
  8.80859E-01  2.81555E-01
  8.84766E-01  2.78817E-01
  8.88672E-01  2.76139E-01
  8.92578E-01  2.73523E-01
  8.96484E-01  2.70963E-01
  9.00391E-01  2.68456E-01
  9.04297E-01  2.66011E-01
  9.08203E-01  2.63619E-01
  9.12109E-01  2.61279E-01
  9.16016E-01  2.58999E-01
  9.19922E-01  2.56768E-01
  9.23828E-01  2.54597E-01
  9.27734E-01  2.52475E-01
  9.31641E-01  2.50413E-01
  9.35547E-01  2.48403E-01
  9.39453E-01  2.46450E-01
  9.43359E-01  2.44555E-01
  9.47266E-01  2.42717E-01
  9.51172E-01  2.40928E-01
  9.55078E-01  2.39198E-01
  9.58984E-01  2.37535E-01
  9.62891E-01  2.35945E-01
  9.66797E-01  2.34431E-01
  9.70703E-01  2.33002E-01
  9.74609E-01  2.31664E-01
  9.78516E-01  2.30430E-01
  9.82422E-01  2.29313E-01
  9.86328E-01  2.28334E-01
  9.90234E-01  2.27520E-01
  9.94141E-01  2.26910E-01
  9.98047E-01  2.26570E-01
  1.00195E+00  2.26570E-01
