 -1.95312E-03  1.71805E+00
  1.95312E-03  1.71805E+00
  5.85938E-03  1.71793E+00
  9.76562E-03  1.71769E+00
  1.36719E-02  1.71733E+00
  1.75781E-02  1.71686E+00
  2.14844E-02  1.71628E+00
  2.53906E-02  1.71558E+00
  2.92969E-02  1.71477E+00
  3.32031E-02  1.71385E+00
  3.71094E-02  1.71282E+00
  4.10156E-02  1.71168E+00
  4.49219E-02  1.71044E+00
  4.88281E-02  1.70909E+00
  5.27344E-02  1.70764E+00
  5.66406E-02  1.70609E+00
  6.05469E-02  1.70444E+00
  6.44531E-02  1.70268E+00
  6.83594E-02  1.70083E+00
  7.22656E-02  1.69888E+00
  7.61719E-02  1.69684E+00
  8.00781E-02  1.69470E+00
  8.39844E-02  1.69246E+00
  8.78906E-02  1.69013E+00
  9.17969E-02  1.68772E+00
  9.57031E-02  1.68521E+00
  9.96094E-02  1.68261E+00
  1.03516E-01  1.67992E+00
  1.07422E-01  1.67715E+00
  1.11328E-01  1.67429E+00
  1.15234E-01  1.67135E+00
  1.19141E-01  1.66832E+00
  1.23047E-01  1.66521E+00
  1.26953E-01  1.66202E+00
  1.30859E-01  1.65875E+00
  1.34766E-01  1.65540E+00
  1.38672E-01  1.65197E+00
  1.42578E-01  1.64847E+00
  1.46484E-01  1.64489E+00
  1.50391E-01  1.64123E+00
  1.54297E-01  1.63750E+00
  1.58203E-01  1.63370E+00
  1.62109E-01  1.62983E+00
  1.66016E-01  1.62588E+00
  1.69922E-01  1.62187E+00
  1.73828E-01  1.61779E+00
  1.77734E-01  1.61365E+00
  1.81641E-01  1.60943E+00
  1.85547E-01  1.60516E+00
  1.89453E-01  1.60082E+00
  1.93359E-01  1.59642E+00
  1.97266E-01  1.59195E+00
  2.01172E-01  1.58743E+00
  2.05078E-01  1.58285E+00
  2.08984E-01  1.57821E+00
  2.12891E-01  1.57352E+00
  2.16797E-01  1.56877E+00
  2.20703E-01  1.56397E+00
  2.24609E-01  1.55911E+00
  2.28516E-01  1.55421E+00
  2.32422E-01  1.54925E+00
  2.36328E-01  1.54425E+00
  2.40234E-01  1.53919E+00
  2.44141E-01  1.53410E+00
  2.48047E-01  1.52895E+00
  2.51953E-01  1.52377E+00
  2.55859E-01  1.51854E+00
  2.59766E-01  1.51327E+00
  2.63672E-01  1.50796E+00
  2.67578E-01  1.50262E+00
  2.71484E-01  1.49724E+00
  2.75391E-01  1.49182E+00
  2.79297E-01  1.48636E+00
  2.83203E-01  1.48088E+00
  2.87109E-01  1.47536E+00
  2.91016E-01  1.46982E+00
  2.94922E-01  1.46424E+00
  2.98828E-01  1.45864E+00
  3.02734E-01  1.45301E+00
  3.06641E-01  1.44736E+00
  3.10547E-01  1.44168E+00
  3.14453E-01  1.43599E+00
  3.18359E-01  1.43027E+00
  3.22266E-01  1.42453E+00
  3.26172E-01  1.41878E+00
  3.30078E-01  1.41301E+00
  3.33984E-01  1.40722E+00
  3.37891E-01  1.40143E+00
  3.41797E-01  1.39561E+00
  3.45703E-01  1.38979E+00
  3.49609E-01  1.38396E+00
  3.53516E-01  1.37812E+00
  3.57422E-01  1.37228E+00
  3.61328E-01  1.36643E+00
  3.65234E-01  1.36057E+00
  3.69141E-01  1.35471E+00
  3.73047E-01  1.34885E+00
  3.76953E-01  1.34299E+00
  3.80859E-01  1.33713E+00
  3.84766E-01  1.33127E+00
  3.88672E-01  1.32542E+00
  3.92578E-01  1.31957E+00
  3.96484E-01  1.31372E+00
  4.00391E-01  1.30788E+00
  4.04297E-01  1.30205E+00
  4.08203E-01  1.29623E+00
  4.12109E-01  1.29041E+00
  4.16016E-01  1.28461E+00
  4.19922E-01  1.27882E+00
  4.23828E-01  1.27304E+00
  4.27734E-01  1.26727E+00
  4.31641E-01  1.26152E+00
  4.35547E-01  1.25579E+00
  4.39453E-01  1.25007E+00
  4.43359E-01  1.24436E+00
  4.47266E-01  1.23868E+00
  4.51172E-01  1.23301E+00
  4.55078E-01  1.22736E+00
  4.58984E-01  1.22173E+00
  4.62891E-01  1.21613E+00
  4.66797E-01  1.21054E+00
  4.70703E-01  1.20497E+00
  4.74609E-01  1.19943E+00
  4.78516E-01  1.19391E+00
  4.82422E-01  1.18841E+00
  4.86328E-01  1.18294E+00
  4.90234E-01  1.17749E+00
  4.94141E-01  1.17206E+00
  4.98047E-01  1.16666E+00
  5.01953E-01  1.16128E+00
  5.05859E-01  1.15593E+00
  5.09766E-01  1.15060E+00
  5.13672E-01  1.14531E+00
  5.17578E-01  1.14003E+00
  5.21484E-01  1.13479E+00
  5.25391E-01  1.12957E+00
  5.29297E-01  1.12437E+00
  5.33203E-01  1.11921E+00
  5.37109E-01  1.11407E+00
  5.41016E-01  1.10896E+00
  5.44922E-01  1.10388E+00
  5.48828E-01  1.09882E+00
  5.52734E-01  1.09379E+00
  5.56641E-01  1.08879E+00
  5.60547E-01  1.08381E+00
  5.64453E-01  1.07887E+00
  5.68359E-01  1.07395E+00
  5.72266E-01  1.06906E+00
  5.76172E-01  1.06420E+00
  5.80078E-01  1.05936E+00
  5.83984E-01  1.05455E+00
  5.87891E-01  1.04977E+00
  5.91797E-01  1.04502E+00
  5.95703E-01  1.04030E+00
  5.99609E-01  1.03560E+00
  6.03516E-01  1.03093E+00
  6.07422E-01  1.02628E+00
  6.11328E-01  1.02167E+00
  6.15234E-01  1.01708E+00
  6.19141E-01  1.01252E+00
  6.23047E-01  1.00798E+00
  6.26953E-01  1.00347E+00
  6.30859E-01  9.98989E-01
  6.34766E-01  9.94533E-01
  6.38672E-01  9.90104E-01
  6.42578E-01  9.85701E-01
  6.46484E-01  9.81325E-01
  6.50391E-01  9.76975E-01
  6.54297E-01  9.72650E-01
  6.58203E-01  9.68351E-01
  6.62109E-01  9.64077E-01
  6.66016E-01  9.59830E-01
  6.69922E-01  9.55609E-01
  6.73828E-01  9.51412E-01
  6.77734E-01  9.47241E-01
  6.81641E-01  9.43095E-01
  6.85547E-01  9.38973E-01
  6.89453E-01  9.34877E-01
  6.93359E-01  9.30806E-01
  6.97266E-01  9.26759E-01
  7.01172E-01  9.22736E-01
  7.05078E-01  9.18738E-01
  7.08984E-01  9.14766E-01
  7.12891E-01  9.10816E-01
  7.16797E-01  9.06891E-01
  7.20703E-01  9.02991E-01
  7.24609E-01  8.99115E-01
  7.28516E-01  8.95262E-01
  7.32422E-01  8.91434E-01
  7.36328E-01  8.87629E-01
  7.40234E-01  8.83849E-01
  7.44141E-01  8.80092E-01
  7.48047E-01  8.76358E-01
  7.51953E-01  8.72650E-01
  7.55859E-01  8.68964E-01
  7.59766E-01  8.65303E-01
  7.63672E-01  8.61665E-01
  7.67578E-01  8.58052E-01
  7.71484E-01  8.54462E-01
  7.75391E-01  8.50896E-01
  7.79297E-01  8.47355E-01
  7.83203E-01  8.43838E-01
  7.87109E-01  8.40344E-01
  7.91016E-01  8.36876E-01
  7.94922E-01  8.33432E-01
  7.98828E-01  8.30014E-01
  8.02734E-01  8.26620E-01
  8.06641E-01  8.23252E-01
  8.10547E-01  8.19910E-01
  8.14453E-01  8.16593E-01
  8.18359E-01  8.13302E-01
  8.22266E-01  8.10038E-01
  8.26172E-01  8.06801E-01
  8.30078E-01  8.03591E-01
  8.33984E-01  8.00408E-01
  8.37891E-01  7.97255E-01
  8.41797E-01  7.94130E-01
  8.45703E-01  7.91034E-01
  8.49609E-01  7.87968E-01
  8.53516E-01  7.84933E-01
  8.57422E-01  7.81930E-01
  8.61328E-01  7.78959E-01
  8.65234E-01  7.76021E-01
  8.69141E-01  7.73117E-01
  8.73047E-01  7.70249E-01
  8.76953E-01  7.67417E-01
  8.80859E-01  7.64622E-01
  8.84766E-01  7.61866E-01
  8.88672E-01  7.59151E-01
  8.92578E-01  7.56477E-01
  8.96484E-01  7.53847E-01
  9.00391E-01  7.51262E-01
  9.04297E-01  7.48723E-01
  9.08203E-01  7.46234E-01
  9.12109E-01  7.43795E-01
  9.16016E-01  7.41411E-01
  9.19922E-01  7.39083E-01
  9.23828E-01  7.36814E-01
  9.27734E-01  7.34607E-01
  9.31641E-01  7.32465E-01
  9.35547E-01  7.30392E-01
  9.39453E-01  7.28392E-01
  9.43359E-01  7.26468E-01
  9.47266E-01  7.24626E-01
  9.51172E-01  7.22869E-01
  9.55078E-01  7.21202E-01
  9.58984E-01  7.19632E-01
  9.62891E-01  7.18164E-01
  9.66797E-01  7.16805E-01
  9.70703E-01  7.15561E-01
  9.74609E-01  7.14440E-01
  9.78516E-01  7.13450E-01
  9.82422E-01  7.12600E-01
  9.86328E-01  7.11898E-01
  9.90234E-01  7.11354E-01
  9.94141E-01  7.10980E-01
  9.98047E-01  7.10787E-01
  1.00195E+00  7.10787E-01
