 -1.95312E-03  2.07808E+00
  1.95312E-03  2.07808E+00
  5.85938E-03  2.07796E+00
  9.76562E-03  2.07773E+00
  1.36719E-02  2.07739E+00
  1.75781E-02  2.07693E+00
  2.14844E-02  2.07637E+00
  2.53906E-02  2.07569E+00
  2.92969E-02  2.07491E+00
  3.32031E-02  2.07401E+00
  3.71094E-02  2.07301E+00
  4.10156E-02  2.07190E+00
  4.49219E-02  2.07069E+00
  4.88281E-02  2.06937E+00
  5.27344E-02  2.06794E+00
  5.66406E-02  2.06641E+00
  6.05469E-02  2.06478E+00
  6.44531E-02  2.06305E+00
  6.83594E-02  2.06121E+00
  7.22656E-02  2.05927E+00
  7.61719E-02  2.05723E+00
  8.00781E-02  2.05510E+00
  8.39844E-02  2.05286E+00
  8.78906E-02  2.05052E+00
  9.17969E-02  2.04809E+00
  9.57031E-02  2.04556E+00
  9.96094E-02  2.04293E+00
  1.03516E-01  2.04020E+00
  1.07422E-01  2.03738E+00
  1.11328E-01  2.03446E+00
  1.15234E-01  2.03145E+00
  1.19141E-01  2.02834E+00
  1.23047E-01  2.02514E+00
  1.26953E-01  2.02184E+00
  1.30859E-01  2.01845E+00
  1.34766E-01  2.01497E+00
  1.38672E-01  2.01140E+00
  1.42578E-01  2.00773E+00
  1.46484E-01  2.00397E+00
  1.50391E-01  2.00012E+00
  1.54297E-01  1.99618E+00
  1.58203E-01  1.99214E+00
  1.62109E-01  1.98802E+00
  1.66016E-01  1.98380E+00
  1.69922E-01  1.97950E+00
  1.73828E-01  1.97511E+00
  1.77734E-01  1.97062E+00
  1.81641E-01  1.96605E+00
  1.85547E-01  1.96139E+00
  1.89453E-01  1.95664E+00
  1.93359E-01  1.95180E+00
  1.97266E-01  1.94687E+00
  2.01172E-01  1.94186E+00
  2.05078E-01  1.93676E+00
  2.08984E-01  1.93157E+00
  2.12891E-01  1.92629E+00
  2.16797E-01  1.92093E+00
  2.20703E-01  1.91548E+00
  2.24609E-01  1.90994E+00
  2.28516E-01  1.90432E+00
  2.32422E-01  1.89861E+00
  2.36328E-01  1.89281E+00
  2.40234E-01  1.88693E+00
  2.44141E-01  1.88097E+00
  2.48047E-01  1.87492E+00
  2.51953E-01  1.86878E+00
  2.55859E-01  1.86256E+00
  2.59766E-01  1.85625E+00
  2.63672E-01  1.84986E+00
  2.67578E-01  1.84339E+00
  2.71484E-01  1.83683E+00
  2.75391E-01  1.83019E+00
  2.79297E-01  1.82346E+00
  2.83203E-01  1.81665E+00
  2.87109E-01  1.80976E+00
  2.91016E-01  1.80278E+00
  2.94922E-01  1.79572E+00
  2.98828E-01  1.78858E+00
  3.02734E-01  1.78136E+00
  3.06641E-01  1.77406E+00
  3.10547E-01  1.76667E+00
  3.14453E-01  1.75920E+00
  3.18359E-01  1.75166E+00
  3.22266E-01  1.74403E+00
  3.26172E-01  1.73632E+00
  3.30078E-01  1.72853E+00
  3.33984E-01  1.72066E+00
  3.37891E-01  1.71271E+00
  3.41797E-01  1.70468E+00
  3.45703E-01  1.69658E+00
  3.49609E-01  1.68839E+00
  3.53516E-01  1.68013E+00
  3.57422E-01  1.67179E+00
  3.61328E-01  1.66337E+00
  3.65234E-01  1.65488E+00
  3.69141E-01  1.64631E+00
  3.73047E-01  1.63766E+00
  3.76953E-01  1.62895E+00
  3.80859E-01  1.62015E+00
  3.84766E-01  1.61129E+00
  3.88672E-01  1.60235E+00
  3.92578E-01  1.59334E+00
  3.96484E-01  1.58426E+00
  4.00391E-01  1.57511E+00
  4.04297E-01  1.56589E+00
  4.08203E-01  1.55660E+00
  4.12109E-01  1.54725E+00
  4.16016E-01  1.53782E+00
  4.19922E-01  1.52834E+00
  4.23828E-01  1.51879E+00
  4.27734E-01  1.50918E+00
  4.31641E-01  1.49950E+00
  4.35547E-01  1.48977E+00
  4.39453E-01  1.47998E+00
  4.43359E-01  1.47013E+00
  4.47266E-01  1.46023E+00
  4.51172E-01  1.45028E+00
  4.55078E-01  1.44027E+00
  4.58984E-01  1.43021E+00
  4.62891E-01  1.42011E+00
  4.66797E-01  1.40995E+00
  4.70703E-01  1.39976E+00
  4.74609E-01  1.38953E+00
  4.78516E-01  1.37925E+00
  4.82422E-01  1.36894E+00
  4.86328E-01  1.35860E+00
  4.90234E-01  1.34822E+00
  4.94141E-01  1.33782E+00
  4.98047E-01  1.32739E+00
  5.01953E-01  1.31694E+00
  5.05859E-01  1.30647E+00
  5.09766E-01  1.29598E+00
  5.13672E-01  1.28549E+00
  5.17578E-01  1.27498E+00
  5.21484E-01  1.26447E+00
  5.25391E-01  1.25395E+00
  5.29297E-01  1.24344E+00
  5.33203E-01  1.23293E+00
  5.37109E-01  1.22243E+00
  5.41016E-01  1.21195E+00
  5.44922E-01  1.20148E+00
  5.48828E-01  1.19103E+00
  5.52734E-01  1.18061E+00
  5.56641E-01  1.17022E+00
  5.60547E-01  1.15986E+00
  5.64453E-01  1.14954E+00
  5.68359E-01  1.13927E+00
  5.72266E-01  1.12904E+00
  5.76172E-01  1.11886E+00
  5.80078E-01  1.10874E+00
  5.83984E-01  1.09867E+00
  5.87891E-01  1.08867E+00
  5.91797E-01  1.07874E+00
  5.95703E-01  1.06888E+00
  5.99609E-01  1.05909E+00
  6.03516E-01  1.04939E+00
  6.07422E-01  1.03976E+00
  6.11328E-01  1.03022E+00
  6.15234E-01  1.02077E+00
  6.19141E-01  1.01142E+00
  6.23047E-01  1.00215E+00
  6.26953E-01  9.92989E-01
  6.30859E-01  9.83924E-01
  6.34766E-01  9.74960E-01
  6.38672E-01  9.66099E-01
  6.42578E-01  9.57344E-01
  6.46484E-01  9.48695E-01
  6.50391E-01  9.40155E-01
  6.54297E-01  9.31724E-01
  6.58203E-01  9.23402E-01
  6.62109E-01  9.15191E-01
  6.66016E-01  9.07090E-01
  6.69922E-01  8.99098E-01
  6.73828E-01  8.91219E-01
  6.77734E-01  8.83448E-01
  6.81641E-01  8.75786E-01
  6.85547E-01  8.68234E-01
  6.89453E-01  8.60789E-01
  6.93359E-01  8.53450E-01
  6.97266E-01  8.46219E-01
  7.01172E-01  8.39093E-01
  7.05078E-01  8.32070E-01
  7.08984E-01  8.25149E-01
  7.12891E-01  8.18326E-01
  7.16797E-01  8.11603E-01
  7.20703E-01  8.04980E-01
  7.24609E-01  7.98452E-01
  7.28516E-01  7.92017E-01
  7.32422E-01  7.85675E-01
  7.36328E-01  7.79421E-01
  7.40234E-01  7.73259E-01
  7.44141E-01  7.67186E-01
  7.48047E-01  7.61198E-01
  7.51953E-01  7.55295E-01
  7.55859E-01  7.49474E-01
  7.59766E-01  7.43734E-01
  7.63672E-01  7.38073E-01
  7.67578E-01  7.32490E-01
  7.71484E-01  7.26987E-01
  7.75391E-01  7.21561E-01
  7.79297E-01  7.16209E-01
  7.83203E-01  7.10930E-01
  7.87109E-01  7.05724E-01
  7.91016E-01  7.00588E-01
  7.94922E-01  6.95522E-01
  7.98828E-01  6.90526E-01
  8.02734E-01  6.85597E-01
  8.06641E-01  6.80738E-01
  8.10547E-01  6.75946E-01
  8.14453E-01  6.71219E-01
  8.18359E-01  6.66559E-01
  8.22266E-01  6.61962E-01
  8.26172E-01  6.57429E-01
  8.30078E-01  6.52961E-01
  8.33984E-01  6.48556E-01
  8.37891E-01  6.44214E-01
  8.41797E-01  6.39934E-01
  8.45703E-01  6.35717E-01
  8.49609E-01  6.31562E-01
  8.53516E-01  6.27470E-01
  8.57422E-01  6.23441E-01
  8.61328E-01  6.19475E-01
  8.65234E-01  6.15571E-01
  8.69141E-01  6.11729E-01
  8.73047E-01  6.07952E-01
  8.76953E-01  6.04238E-01
  8.80859E-01  6.00588E-01
  8.84766E-01  5.97003E-01
  8.88672E-01  5.93484E-01
  8.92578E-01  5.90031E-01
  8.96484E-01  5.86646E-01
  9.00391E-01  5.83330E-01
  9.04297E-01  5.80084E-01
  9.08203E-01  5.76909E-01
  9.12109E-01  5.73808E-01
  9.16016E-01  5.70783E-01
  9.19922E-01  5.67834E-01
  9.23828E-01  5.64966E-01
  9.27734E-01  5.62179E-01
  9.31641E-01  5.59478E-01
  9.35547E-01  5.56864E-01
  9.39453E-01  5.54344E-01
  9.43359E-01  5.51920E-01
  9.47266E-01  5.49596E-01
  9.51172E-01  5.47378E-01
  9.55078E-01  5.45273E-01
  9.58984E-01  5.43283E-01
  9.62891E-01  5.41420E-01
  9.66797E-01  5.39688E-01
  9.70703E-01  5.38099E-01
  9.74609E-01  5.36658E-01
  9.78516E-01  5.35377E-01
  9.82422E-01  5.34272E-01
  9.86328E-01  5.33353E-01
  9.90234E-01  5.32637E-01
  9.94141E-01  5.32140E-01
  9.98047E-01  5.31881E-01
  1.00195E+00  5.31881E-01
