 -1.95312E-03  1.45949E+00
  1.95312E-03  1.45949E+00
  5.85938E-03  1.45938E+00
  9.76562E-03  1.45916E+00
  1.36719E-02  1.45884E+00
  1.75781E-02  1.45841E+00
  2.14844E-02  1.45788E+00
  2.53906E-02  1.45726E+00
  2.92969E-02  1.45654E+00
  3.32031E-02  1.45572E+00
  3.71094E-02  1.45481E+00
  4.10156E-02  1.45381E+00
  4.49219E-02  1.45272E+00
  4.88281E-02  1.45154E+00
  5.27344E-02  1.45028E+00
  5.66406E-02  1.44893E+00
  6.05469E-02  1.44750E+00
  6.44531E-02  1.44600E+00
  6.83594E-02  1.44442E+00
  7.22656E-02  1.44276E+00
  7.61719E-02  1.44102E+00
  8.00781E-02  1.43922E+00
  8.39844E-02  1.43734E+00
  8.78906E-02  1.43540E+00
  9.17969E-02  1.43339E+00
  9.57031E-02  1.43132E+00
  9.96094E-02  1.42918E+00
  1.03516E-01  1.42699E+00
  1.07422E-01  1.42473E+00
  1.11328E-01  1.42242E+00
  1.15234E-01  1.42005E+00
  1.19141E-01  1.41762E+00
  1.23047E-01  1.41514E+00
  1.26953E-01  1.41262E+00
  1.30859E-01  1.41004E+00
  1.34766E-01  1.40742E+00
  1.38672E-01  1.40475E+00
  1.42578E-01  1.40203E+00
  1.46484E-01  1.39927E+00
  1.50391E-01  1.39648E+00
  1.54297E-01  1.39364E+00
  1.58203E-01  1.39076E+00
  1.62109E-01  1.38785E+00
  1.66016E-01  1.38490E+00
  1.69922E-01  1.38192E+00
  1.73828E-01  1.37891E+00
  1.77734E-01  1.37586E+00
  1.81641E-01  1.37279E+00
  1.85547E-01  1.36969E+00
  1.89453E-01  1.36656E+00
  1.93359E-01  1.36340E+00
  1.97266E-01  1.36022E+00
  2.01172E-01  1.35702E+00
  2.05078E-01  1.35380E+00
  2.08984E-01  1.35056E+00
  2.12891E-01  1.34730E+00
  2.16797E-01  1.34402E+00
  2.20703E-01  1.34072E+00
  2.24609E-01  1.33741E+00
  2.28516E-01  1.33408E+00
  2.32422E-01  1.33074E+00
  2.36328E-01  1.32739E+00
  2.40234E-01  1.32402E+00
  2.44141E-01  1.32065E+00
  2.48047E-01  1.31726E+00
  2.51953E-01  1.31387E+00
  2.55859E-01  1.31047E+00
  2.59766E-01  1.30706E+00
  2.63672E-01  1.30364E+00
  2.67578E-01  1.30022E+00
  2.71484E-01  1.29680E+00
  2.75391E-01  1.29337E+00
  2.79297E-01  1.28994E+00
  2.83203E-01  1.28650E+00
  2.87109E-01  1.28306E+00
  2.91016E-01  1.27963E+00
  2.94922E-01  1.27619E+00
  2.98828E-01  1.27275E+00
  3.02734E-01  1.26931E+00
  3.06641E-01  1.26588E+00
  3.10547E-01  1.26244E+00
  3.14453E-01  1.25901E+00
  3.18359E-01  1.25558E+00
  3.22266E-01  1.25215E+00
  3.26172E-01  1.24873E+00
  3.30078E-01  1.24531E+00
  3.33984E-01  1.24189E+00
  3.37891E-01  1.23848E+00
  3.41797E-01  1.23507E+00
  3.45703E-01  1.23167E+00
  3.49609E-01  1.22828E+00
  3.53516E-01  1.22489E+00
  3.57422E-01  1.22151E+00
  3.61328E-01  1.21813E+00
  3.65234E-01  1.21476E+00
  3.69141E-01  1.21140E+00
  3.73047E-01  1.20804E+00
  3.76953E-01  1.20470E+00
  3.80859E-01  1.20136E+00
  3.84766E-01  1.19802E+00
  3.88672E-01  1.19470E+00
  3.92578E-01  1.19138E+00
  3.96484E-01  1.18808E+00
  4.00391E-01  1.18478E+00
  4.04297E-01  1.18148E+00
  4.08203E-01  1.17820E+00
  4.12109E-01  1.17493E+00
  4.16016E-01  1.17167E+00
  4.19922E-01  1.16841E+00
  4.23828E-01  1.16516E+00
  4.27734E-01  1.16193E+00
  4.31641E-01  1.15870E+00
  4.35547E-01  1.15548E+00
  4.39453E-01  1.15227E+00
  4.43359E-01  1.14907E+00
  4.47266E-01  1.14588E+00
  4.51172E-01  1.14270E+00
  4.55078E-01  1.13953E+00
  4.58984E-01  1.13637E+00
  4.62891E-01  1.13322E+00
  4.66797E-01  1.13008E+00
  4.70703E-01  1.12695E+00
  4.74609E-01  1.12383E+00
  4.78516E-01  1.12072E+00
  4.82422E-01  1.11761E+00
  4.86328E-01  1.11452E+00
  4.90234E-01  1.11144E+00
  4.94141E-01  1.10837E+00
  4.98047E-01  1.10531E+00
  5.01953E-01  1.10226E+00
  5.05859E-01  1.09921E+00
  5.09766E-01  1.09618E+00
  5.13672E-01  1.09316E+00
  5.17578E-01  1.09015E+00
  5.21484E-01  1.08715E+00
  5.25391E-01  1.08415E+00
  5.29297E-01  1.08117E+00
  5.33203E-01  1.07820E+00
  5.37109E-01  1.07524E+00
  5.41016E-01  1.07228E+00
  5.44922E-01  1.06934E+00
  5.48828E-01  1.06641E+00
  5.52734E-01  1.06349E+00
  5.56641E-01  1.06057E+00
  5.60547E-01  1.05767E+00
  5.64453E-01  1.05478E+00
  5.68359E-01  1.05190E+00
  5.72266E-01  1.04902E+00
  5.76172E-01  1.04616E+00
  5.80078E-01  1.04331E+00
  5.83984E-01  1.04046E+00
  5.87891E-01  1.03763E+00
  5.91797E-01  1.03480E+00
  5.95703E-01  1.03199E+00
  5.99609E-01  1.02918E+00
  6.03516E-01  1.02639E+00
  6.07422E-01  1.02360E+00
  6.11328E-01  1.02082E+00
  6.15234E-01  1.01806E+00
  6.19141E-01  1.01530E+00
  6.23047E-01  1.01255E+00
  6.26953E-01  1.00982E+00
  6.30859E-01  1.00709E+00
  6.34766E-01  1.00437E+00
  6.38672E-01  1.00166E+00
  6.42578E-01  9.98957E-01
  6.46484E-01  9.96266E-01
  6.50391E-01  9.93584E-01
  6.54297E-01  9.90912E-01
  6.58203E-01  9.88249E-01
  6.62109E-01  9.85595E-01
  6.66016E-01  9.82950E-01
  6.69922E-01  9.80315E-01
  6.73828E-01  9.77688E-01
  6.77734E-01  9.75072E-01
  6.81641E-01  9.72464E-01
  6.85547E-01  9.69866E-01
  6.89453E-01  9.67276E-01
  6.93359E-01  9.64696E-01
  6.97266E-01  9.62125E-01
  7.01172E-01  9.59562E-01
  7.05078E-01  9.57009E-01
  7.08984E-01  9.54465E-01
  7.12891E-01  9.51930E-01
  7.16797E-01  9.49404E-01
  7.20703E-01  9.46887E-01
  7.24609E-01  9.44379E-01
  7.28516E-01  9.41880E-01
  7.32422E-01  9.39390E-01
  7.36328E-01  9.36908E-01
  7.40234E-01  9.34437E-01
  7.44141E-01  9.31974E-01
  7.48047E-01  9.29521E-01
  7.51953E-01  9.27076E-01
  7.55859E-01  9.24641E-01
  7.59766E-01  9.22215E-01
  7.63672E-01  9.19798E-01
  7.67578E-01  9.17391E-01
  7.71484E-01  9.14992E-01
  7.75391E-01  9.12604E-01
  7.79297E-01  9.10225E-01
  7.83203E-01  9.07855E-01
  7.87109E-01  9.05495E-01
  7.91016E-01  9.03145E-01
  7.94922E-01  9.00806E-01
  7.98828E-01  8.98476E-01
  8.02734E-01  8.96157E-01
  8.06641E-01  8.93849E-01
  8.10547E-01  8.91551E-01
  8.14453E-01  8.89264E-01
  8.18359E-01  8.86988E-01
  8.22266E-01  8.84724E-01
  8.26172E-01  8.82473E-01
  8.30078E-01  8.80233E-01
  8.33984E-01  8.78006E-01
  8.37891E-01  8.75792E-01
  8.41797E-01  8.73591E-01
  8.45703E-01  8.71404E-01
  8.49609E-01  8.69232E-01
  8.53516E-01  8.67075E-01
  8.57422E-01  8.64933E-01
  8.61328E-01  8.62808E-01
  8.65234E-01  8.60700E-01
  8.69141E-01  8.58610E-01
  8.73047E-01  8.56539E-01
  8.76953E-01  8.54488E-01
  8.80859E-01  8.52457E-01
  8.84766E-01  8.50449E-01
  8.88672E-01  8.48463E-01
  8.92578E-01  8.46502E-01
  8.96484E-01  8.44567E-01
  9.00391E-01  8.42660E-01
  9.04297E-01  8.40781E-01
  9.08203E-01  8.38934E-01
  9.12109E-01  8.37118E-01
  9.16016E-01  8.35338E-01
  9.19922E-01  8.33595E-01
  9.23828E-01  8.31891E-01
  9.27734E-01  8.30230E-01
  9.31641E-01  8.28613E-01
  9.35547E-01  8.27045E-01
  9.39453E-01  8.25527E-01
  9.43359E-01  8.24064E-01
  9.47266E-01  8.22660E-01
  9.51172E-01  8.21318E-01
  9.55078E-01  8.20043E-01
  9.58984E-01  8.18840E-01
  9.62891E-01  8.17712E-01
  9.66797E-01  8.16667E-01
  9.70703E-01  8.15709E-01
  9.74609E-01  8.14844E-01
  9.78516E-01  8.14080E-01
  9.82422E-01  8.13423E-01
  9.86328E-01  8.12880E-01
  9.90234E-01  8.12460E-01
  9.94141E-01  8.12171E-01
  9.98047E-01  8.12021E-01
  1.00195E+00  8.12021E-01
