 -1.95312E-03  2.46479E+00
  1.95312E-03  2.46479E+00
  5.85938E-03  2.46469E+00
  9.76562E-03  2.46449E+00
  1.36719E-02  2.46420E+00
  1.75781E-02  2.46382E+00
  2.14844E-02  2.46334E+00
  2.53906E-02  2.46277E+00
  2.92969E-02  2.46210E+00
  3.32031E-02  2.46134E+00
  3.71094E-02  2.46049E+00
  4.10156E-02  2.45955E+00
  4.49219E-02  2.45852E+00
  4.88281E-02  2.45739E+00
  5.27344E-02  2.45618E+00
  5.66406E-02  2.45488E+00
  6.05469E-02  2.45349E+00
  6.44531E-02  2.45201E+00
  6.83594E-02  2.45044E+00
  7.22656E-02  2.44879E+00
  7.61719E-02  2.44705E+00
  8.00781E-02  2.44522E+00
  8.39844E-02  2.44331E+00
  8.78906E-02  2.44131E+00
  9.17969E-02  2.43923E+00
  9.57031E-02  2.43706E+00
  9.96094E-02  2.43481E+00
  1.03516E-01  2.43247E+00
  1.07422E-01  2.43005E+00
  1.11328E-01  2.42755E+00
  1.15234E-01  2.42496E+00
  1.19141E-01  2.42229E+00
  1.23047E-01  2.41954E+00
  1.26953E-01  2.41670E+00
  1.30859E-01  2.41379E+00
  1.34766E-01  2.41079E+00
  1.38672E-01  2.40771E+00
  1.42578E-01  2.40455E+00
  1.46484E-01  2.40130E+00
  1.50391E-01  2.39798E+00
  1.54297E-01  2.39457E+00
  1.58203E-01  2.39109E+00
  1.62109E-01  2.38752E+00
  1.66016E-01  2.38387E+00
  1.69922E-01  2.38014E+00
  1.73828E-01  2.37634E+00
  1.77734E-01  2.37245E+00
  1.81641E-01  2.36848E+00
  1.85547E-01  2.36443E+00
  1.89453E-01  2.36031E+00
  1.93359E-01  2.35610E+00
  1.97266E-01  2.35181E+00
  2.01172E-01  2.34745E+00
  2.05078E-01  2.34300E+00
  2.08984E-01  2.33848E+00
  2.12891E-01  2.33387E+00
  2.16797E-01  2.32919E+00
  2.20703E-01  2.32442E+00
  2.24609E-01  2.31958E+00
  2.28516E-01  2.31465E+00
  2.32422E-01  2.30965E+00
  2.36328E-01  2.30457E+00
  2.40234E-01  2.29940E+00
  2.44141E-01  2.29416E+00
  2.48047E-01  2.28883E+00
  2.51953E-01  2.28343E+00
  2.55859E-01  2.27794E+00
  2.59766E-01  2.27238E+00
  2.63672E-01  2.26673E+00
  2.67578E-01  2.26100E+00
  2.71484E-01  2.25520E+00
  2.75391E-01  2.24931E+00
  2.79297E-01  2.24333E+00
  2.83203E-01  2.23728E+00
  2.87109E-01  2.23115E+00
  2.91016E-01  2.22493E+00
  2.94922E-01  2.21863E+00
  2.98828E-01  2.21225E+00
  3.02734E-01  2.20578E+00
  3.06641E-01  2.19923E+00
  3.10547E-01  2.19260E+00
  3.14453E-01  2.18588E+00
  3.18359E-01  2.17908E+00
  3.22266E-01  2.17220E+00
  3.26172E-01  2.16522E+00
  3.30078E-01  2.15817E+00
  3.33984E-01  2.15102E+00
  3.37891E-01  2.14379E+00
  3.41797E-01  2.13647E+00
  3.45703E-01  2.12907E+00
  3.49609E-01  2.12158E+00
  3.53516E-01  2.11399E+00
  3.57422E-01  2.10632E+00
  3.61328E-01  2.09856E+00
  3.65234E-01  2.09071E+00
  3.69141E-01  2.08277E+00
  3.73047E-01  2.07473E+00
  3.76953E-01  2.06661E+00
  3.80859E-01  2.05839E+00
  3.84766E-01  2.05007E+00
  3.88672E-01  2.04167E+00
  3.92578E-01  2.03316E+00
  3.96484E-01  2.02456E+00
  4.00391E-01  2.01587E+00
  4.04297E-01  2.00707E+00
  4.08203E-01  1.99818E+00
  4.12109E-01  1.98918E+00
  4.16016E-01  1.98009E+00
  4.19922E-01  1.97089E+00
  4.23828E-01  1.96159E+00
  4.27734E-01  1.95219E+00
  4.31641E-01  1.94268E+00
  4.35547E-01  1.93306E+00
  4.39453E-01  1.92334E+00
  4.43359E-01  1.91351E+00
  4.47266E-01  1.90356E+00
  4.51172E-01  1.89351E+00
  4.55078E-01  1.88334E+00
  4.58984E-01  1.87306E+00
  4.62891E-01  1.86266E+00
  4.66797E-01  1.85214E+00
  4.70703E-01  1.84150E+00
  4.74609E-01  1.83074E+00
  4.78516E-01  1.81986E+00
  4.82422E-01  1.80885E+00
  4.86328E-01  1.79771E+00
  4.90234E-01  1.78644E+00
  4.94141E-01  1.77505E+00
  4.98047E-01  1.76351E+00
  5.01953E-01  1.75184E+00
  5.05859E-01  1.74004E+00
  5.09766E-01  1.72809E+00
  5.13672E-01  1.71599E+00
  5.17578E-01  1.70375E+00
  5.21484E-01  1.69135E+00
  5.25391E-01  1.67880E+00
  5.29297E-01  1.66610E+00
  5.33203E-01  1.65323E+00
  5.37109E-01  1.64020E+00
  5.41016E-01  1.62700E+00
  5.44922E-01  1.61363E+00
  5.48828E-01  1.60009E+00
  5.52734E-01  1.58636E+00
  5.56641E-01  1.57245E+00
  5.60547E-01  1.55835E+00
  5.64453E-01  1.54405E+00
  5.68359E-01  1.52955E+00
  5.72266E-01  1.51485E+00
  5.76172E-01  1.49993E+00
  5.80078E-01  1.48479E+00
  5.83984E-01  1.46943E+00
  5.87891E-01  1.45382E+00
  5.91797E-01  1.43798E+00
  5.95703E-01  1.42189E+00
  5.99609E-01  1.40553E+00
  6.03516E-01  1.38891E+00
  6.07422E-01  1.37201E+00
  6.11328E-01  1.35481E+00
  6.15234E-01  1.33731E+00
  6.19141E-01  1.31949E+00
  6.23047E-01  1.30135E+00
  6.26953E-01  1.28287E+00
  6.30859E-01  1.26402E+00
  6.34766E-01  1.24479E+00
  6.38672E-01  1.22516E+00
  6.42578E-01  1.20511E+00
  6.46484E-01  1.18462E+00
  6.50391E-01  1.16365E+00
  6.54297E-01  1.14220E+00
  6.58203E-01  1.12022E+00
  6.62109E-01  1.09768E+00
  6.66016E-01  1.07454E+00
  6.69922E-01  1.05075E+00
  6.73828E-01  1.02628E+00
  6.77734E-01  1.00106E+00
  6.81641E-01  9.75042E-01
  6.85547E-01  9.48144E-01
  6.89453E-01  9.20293E-01
  6.93359E-01  8.91394E-01
  6.97266E-01  8.61345E-01
  7.01172E-01  8.30023E-01
  7.05078E-01  7.97290E-01
  7.08984E-01  7.62987E-01
  7.12891E-01  7.26933E-01
  7.16797E-01  6.88947E-01
  7.20703E-01  6.48888E-01
  7.24609E-01  6.06783E-01
  7.28516E-01  5.63066E-01
  7.32422E-01  5.18800E-01
  7.36328E-01  4.76081E-01
  7.40234E-01  4.37802E-01
  7.44141E-01  4.06307E-01
  7.48047E-01  3.82233E-01
  7.51953E-01  3.64637E-01
  7.55859E-01  3.51828E-01
  7.59766E-01  3.42235E-01
  7.63672E-01  3.34659E-01
  7.67578E-01  3.28373E-01
  7.71484E-01  3.22879E-01
  7.75391E-01  3.17881E-01
  7.79297E-01  3.13259E-01
  7.83203E-01  3.08905E-01
  7.87109E-01  3.04753E-01
  7.91016E-01  3.00761E-01
  7.94922E-01  2.96888E-01
  7.98828E-01  2.93092E-01
  8.02734E-01  2.89406E-01
  8.06641E-01  2.85820E-01
  8.10547E-01  2.82331E-01
  8.14453E-01  2.78928E-01
  8.18359E-01  2.75606E-01
  8.22266E-01  2.72362E-01
  8.26172E-01  2.69195E-01
  8.30078E-01  2.66099E-01
  8.33984E-01  2.63071E-01
  8.37891E-01  2.60107E-01
  8.41797E-01  2.57208E-01
  8.45703E-01  2.54370E-01
  8.49609E-01  2.51589E-01
  8.53516E-01  2.48861E-01
  8.57422E-01  2.46183E-01
  8.61328E-01  2.43527E-01
  8.65234E-01  2.40924E-01
  8.69141E-01  2.38376E-01
  8.73047E-01  2.35882E-01
  8.76953E-01  2.33438E-01
  8.80859E-01  2.31047E-01
  8.84766E-01  2.28703E-01
  8.88672E-01  2.26409E-01
  8.92578E-01  2.24164E-01
  8.96484E-01  2.21965E-01
  9.00391E-01  2.19812E-01
  9.04297E-01  2.17705E-01
  9.08203E-01  2.15643E-01
  9.12109E-01  2.13626E-01
  9.16016E-01  2.11654E-01
  9.19922E-01  2.09726E-01
  9.23828E-01  2.07843E-01
  9.27734E-01  2.06005E-01
  9.31641E-01  2.04211E-01
  9.35547E-01  2.02462E-01
  9.39453E-01  2.00758E-01
  9.43359E-01  1.99100E-01
  9.47266E-01  1.97490E-01
  9.51172E-01  1.95930E-01
  9.55078E-01  1.94419E-01
  9.58984E-01  1.92961E-01
  9.62891E-01  1.91561E-01
  9.66797E-01  1.90217E-01
  9.70703E-01  1.88941E-01
  9.74609E-01  1.87738E-01
  9.78516E-01  1.86614E-01
  9.82422E-01  1.85583E-01
  9.86328E-01  1.84662E-01
  9.90234E-01  1.83879E-01
  9.94141E-01  1.83275E-01
  9.98047E-01  1.82927E-01
  1.00195E+00  1.82927E-01
