 -1.95312E-03  2.36873E+00
  1.95312E-03  2.36873E+00
  5.85938E-03  2.36862E+00
  9.76562E-03  2.36842E+00
  1.36719E-02  2.36812E+00
  1.75781E-02  2.36771E+00
  2.14844E-02  2.36721E+00
  2.53906E-02  2.36660E+00
  2.92969E-02  2.36590E+00
  3.32031E-02  2.36511E+00
  3.71094E-02  2.36421E+00
  4.10156E-02  2.36322E+00
  4.49219E-02  2.36214E+00
  4.88281E-02  2.36096E+00
  5.27344E-02  2.35968E+00
  5.66406E-02  2.35831E+00
  6.05469E-02  2.35685E+00
  6.44531E-02  2.35530E+00
  6.83594E-02  2.35365E+00
  7.22656E-02  2.35191E+00
  7.61719E-02  2.35008E+00
  8.00781E-02  2.34816E+00
  8.39844E-02  2.34615E+00
  8.78906E-02  2.34406E+00
  9.17969E-02  2.34187E+00
  9.57031E-02  2.33959E+00
  9.96094E-02  2.33722E+00
  1.03516E-01  2.33476E+00
  1.07422E-01  2.33222E+00
  1.11328E-01  2.32959E+00
  1.15234E-01  2.32687E+00
  1.19141E-01  2.32406E+00
  1.23047E-01  2.32117E+00
  1.26953E-01  2.31819E+00
  1.30859E-01  2.31513E+00
  1.34766E-01  2.31198E+00
  1.38672E-01  2.30874E+00
  1.42578E-01  2.30542E+00
  1.46484E-01  2.30201E+00
  1.50391E-01  2.29852E+00
  1.54297E-01  2.29494E+00
  1.58203E-01  2.29127E+00
  1.62109E-01  2.28752E+00
  1.66016E-01  2.28369E+00
  1.69922E-01  2.27977E+00
  1.73828E-01  2.27577E+00
  1.77734E-01  2.27169E+00
  1.81641E-01  2.26752E+00
  1.85547E-01  2.26326E+00
  1.89453E-01  2.25892E+00
  1.93359E-01  2.25450E+00
  1.97266E-01  2.24999E+00
  2.01172E-01  2.24540E+00
  2.05078E-01  2.24073E+00
  2.08984E-01  2.23597E+00
  2.12891E-01  2.23113E+00
  2.16797E-01  2.22620E+00
  2.20703E-01  2.22119E+00
  2.24609E-01  2.21610E+00
  2.28516E-01  2.21092E+00
  2.32422E-01  2.20566E+00
  2.36328E-01  2.20031E+00
  2.40234E-01  2.19488E+00
  2.44141E-01  2.18936E+00
  2.48047E-01  2.18376E+00
  2.51953E-01  2.17807E+00
  2.55859E-01  2.17230E+00
  2.59766E-01  2.16644E+00
  2.63672E-01  2.16050E+00
  2.67578E-01  2.15448E+00
  2.71484E-01  2.14836E+00
  2.75391E-01  2.14217E+00
  2.79297E-01  2.13588E+00
  2.83203E-01  2.12951E+00
  2.87109E-01  2.12305E+00
  2.91016E-01  2.11650E+00
  2.94922E-01  2.10987E+00
  2.98828E-01  2.10315E+00
  3.02734E-01  2.09634E+00
  3.06641E-01  2.08945E+00
  3.10547E-01  2.08246E+00
  3.14453E-01  2.07539E+00
  3.18359E-01  2.06822E+00
  3.22266E-01  2.06097E+00
  3.26172E-01  2.05362E+00
  3.30078E-01  2.04619E+00
  3.33984E-01  2.03866E+00
  3.37891E-01  2.03104E+00
  3.41797E-01  2.02333E+00
  3.45703E-01  2.01553E+00
  3.49609E-01  2.00763E+00
  3.53516E-01  1.99964E+00
  3.57422E-01  1.99155E+00
  3.61328E-01  1.98337E+00
  3.65234E-01  1.97509E+00
  3.69141E-01  1.96672E+00
  3.73047E-01  1.95825E+00
  3.76953E-01  1.94968E+00
  3.80859E-01  1.94101E+00
  3.84766E-01  1.93224E+00
  3.88672E-01  1.92338E+00
  3.92578E-01  1.91441E+00
  3.96484E-01  1.90534E+00
  4.00391E-01  1.89616E+00
  4.04297E-01  1.88688E+00
  4.08203E-01  1.87750E+00
  4.12109E-01  1.86801E+00
  4.16016E-01  1.85842E+00
  4.19922E-01  1.84871E+00
  4.23828E-01  1.83890E+00
  4.27734E-01  1.82898E+00
  4.31641E-01  1.81895E+00
  4.35547E-01  1.80880E+00
  4.39453E-01  1.79854E+00
  4.43359E-01  1.78817E+00
  4.47266E-01  1.77768E+00
  4.51172E-01  1.76707E+00
  4.55078E-01  1.75635E+00
  4.58984E-01  1.74550E+00
  4.62891E-01  1.73453E+00
  4.66797E-01  1.72344E+00
  4.70703E-01  1.71222E+00
  4.74609E-01  1.70088E+00
  4.78516E-01  1.68941E+00
  4.82422E-01  1.67781E+00
  4.86328E-01  1.66607E+00
  4.90234E-01  1.65421E+00
  4.94141E-01  1.64220E+00
  4.98047E-01  1.63006E+00
  5.01953E-01  1.61778E+00
  5.05859E-01  1.60536E+00
  5.09766E-01  1.59279E+00
  5.13672E-01  1.58008E+00
  5.17578E-01  1.56722E+00
  5.21484E-01  1.55420E+00
  5.25391E-01  1.54104E+00
  5.29297E-01  1.52771E+00
  5.33203E-01  1.51423E+00
  5.37109E-01  1.50059E+00
  5.41016E-01  1.48678E+00
  5.44922E-01  1.47280E+00
  5.48828E-01  1.45866E+00
  5.52734E-01  1.44434E+00
  5.56641E-01  1.42984E+00
  5.60547E-01  1.41516E+00
  5.64453E-01  1.40029E+00
  5.68359E-01  1.38524E+00
  5.72266E-01  1.37000E+00
  5.76172E-01  1.35456E+00
  5.80078E-01  1.33893E+00
  5.83984E-01  1.32309E+00
  5.87891E-01  1.30706E+00
  5.91797E-01  1.29081E+00
  5.95703E-01  1.27435E+00
  5.99609E-01  1.25767E+00
  6.03516E-01  1.24078E+00
  6.07422E-01  1.22366E+00
  6.11328E-01  1.20632E+00
  6.15234E-01  1.18874E+00
  6.19141E-01  1.17094E+00
  6.23047E-01  1.15290E+00
  6.26953E-01  1.13463E+00
  6.30859E-01  1.11612E+00
  6.34766E-01  1.09736E+00
  6.38672E-01  1.07838E+00
  6.42578E-01  1.05915E+00
  6.46484E-01  1.03970E+00
  6.50391E-01  1.02001E+00
  6.54297E-01  1.00010E+00
  6.58203E-01  9.79979E-01
  6.62109E-01  9.59656E-01
  6.66016E-01  9.39152E-01
  6.69922E-01  9.18484E-01
  6.73828E-01  8.97677E-01
  6.77734E-01  8.76759E-01
  6.81641E-01  8.55771E-01
  6.85547E-01  8.34756E-01
  6.89453E-01  8.13761E-01
  6.93359E-01  7.92845E-01
  6.97266E-01  7.72078E-01
  7.01172E-01  7.51537E-01
  7.05078E-01  7.31301E-01
  7.08984E-01  7.11459E-01
  7.12891E-01  6.92107E-01
  7.16797E-01  6.73334E-01
  7.20703E-01  6.55227E-01
  7.24609E-01  6.37866E-01
  7.28516E-01  6.21318E-01
  7.32422E-01  6.05629E-01
  7.36328E-01  5.90833E-01
  7.40234E-01  5.76940E-01
  7.44141E-01  5.63941E-01
  7.48047E-01  5.51806E-01
  7.51953E-01  5.40501E-01
  7.55859E-01  5.29965E-01
  7.59766E-01  5.20139E-01
  7.63672E-01  5.10965E-01
  7.67578E-01  5.02377E-01
  7.71484E-01  4.94322E-01
  7.75391E-01  4.86735E-01
  7.79297E-01  4.79561E-01
  7.83203E-01  4.72758E-01
  7.87109E-01  4.66280E-01
  7.91016E-01  4.60098E-01
  7.94922E-01  4.54174E-01
  7.98828E-01  4.48483E-01
  8.02734E-01  4.43002E-01
  8.06641E-01  4.37703E-01
  8.10547E-01  4.32581E-01
  8.14453E-01  4.27617E-01
  8.18359E-01  4.22792E-01
  8.22266E-01  4.18102E-01
  8.26172E-01  4.13537E-01
  8.30078E-01  4.09090E-01
  8.33984E-01  4.04753E-01
  8.37891E-01  4.00516E-01
  8.41797E-01  3.96381E-01
  8.45703E-01  3.92346E-01
  8.49609E-01  3.88394E-01
  8.53516E-01  3.84531E-01
  8.57422E-01  3.80758E-01
  8.61328E-01  3.77060E-01
  8.65234E-01  3.73448E-01
  8.69141E-01  3.69909E-01
  8.73047E-01  3.66447E-01
  8.76953E-01  3.63064E-01
  8.80859E-01  3.59741E-01
  8.84766E-01  3.56499E-01
  8.88672E-01  3.53329E-01
  8.92578E-01  3.50216E-01
  8.96484E-01  3.47180E-01
  9.00391E-01  3.44218E-01
  9.04297E-01  3.41323E-01
  9.08203E-01  3.38479E-01
  9.12109E-01  3.35709E-01
  9.16016E-01  3.33011E-01
  9.19922E-01  3.30383E-01
  9.23828E-01  3.27828E-01
  9.27734E-01  3.25326E-01
  9.31641E-01  3.22892E-01
  9.35547E-01  3.20531E-01
  9.39453E-01  3.18248E-01
  9.43359E-01  3.16039E-01
  9.47266E-01  3.13913E-01
  9.51172E-01  3.11866E-01
  9.55078E-01  3.09902E-01
  9.58984E-01  3.08026E-01
  9.62891E-01  3.06230E-01
  9.66797E-01  3.04536E-01
  9.70703E-01  3.02952E-01
  9.74609E-01  3.01488E-01
  9.78516E-01  3.00156E-01
  9.82422E-01  2.98972E-01
  9.86328E-01  2.97954E-01
  9.90234E-01  2.97131E-01
  9.94141E-01  2.96532E-01
  9.98047E-01  2.96208E-01
  1.00195E+00  2.96208E-01
