 -1.95312E-03  2.52684E+00
  1.95312E-03  2.52684E+00
  5.85938E-03  2.52675E+00
  9.76562E-03  2.52656E+00
  1.36719E-02  2.52628E+00
  1.75781E-02  2.52591E+00
  2.14844E-02  2.52544E+00
  2.53906E-02  2.52489E+00
  2.92969E-02  2.52425E+00
  3.32031E-02  2.52352E+00
  3.71094E-02  2.52269E+00
  4.10156E-02  2.52179E+00
  4.49219E-02  2.52079E+00
  4.88281E-02  2.51971E+00
  5.27344E-02  2.51853E+00
  5.66406E-02  2.51728E+00
  6.05469E-02  2.51594E+00
  6.44531E-02  2.51451E+00
  6.83594E-02  2.51300E+00
  7.22656E-02  2.51140E+00
  7.61719E-02  2.50972E+00
  8.00781E-02  2.50796E+00
  8.39844E-02  2.50611E+00
  8.78906E-02  2.50418E+00
  9.17969E-02  2.50217E+00
  9.57031E-02  2.50008E+00
  9.96094E-02  2.49791E+00
  1.03516E-01  2.49565E+00
  1.07422E-01  2.49331E+00
  1.11328E-01  2.49090E+00
  1.15234E-01  2.48840E+00
  1.19141E-01  2.48582E+00
  1.23047E-01  2.48317E+00
  1.26953E-01  2.48043E+00
  1.30859E-01  2.47761E+00
  1.34766E-01  2.47472E+00
  1.38672E-01  2.47175E+00
  1.42578E-01  2.46869E+00
  1.46484E-01  2.46556E+00
  1.50391E-01  2.46236E+00
  1.54297E-01  2.45907E+00
  1.58203E-01  2.45571E+00
  1.62109E-01  2.45226E+00
  1.66016E-01  2.44874E+00
  1.69922E-01  2.44515E+00
  1.73828E-01  2.44147E+00
  1.77734E-01  2.43772E+00
  1.81641E-01  2.43390E+00
  1.85547E-01  2.42999E+00
  1.89453E-01  2.42601E+00
  1.93359E-01  2.42195E+00
  1.97266E-01  2.41782E+00
  2.01172E-01  2.41361E+00
  2.05078E-01  2.40932E+00
  2.08984E-01  2.40496E+00
  2.12891E-01  2.40052E+00
  2.16797E-01  2.39600E+00
  2.20703E-01  2.39141E+00
  2.24609E-01  2.38674E+00
  2.28516E-01  2.38200E+00
  2.32422E-01  2.37717E+00
  2.36328E-01  2.37227E+00
  2.40234E-01  2.36730E+00
  2.44141E-01  2.36225E+00
  2.48047E-01  2.35712E+00
  2.51953E-01  2.35192E+00
  2.55859E-01  2.34664E+00
  2.59766E-01  2.34128E+00
  2.63672E-01  2.33584E+00
  2.67578E-01  2.33033E+00
  2.71484E-01  2.32474E+00
  2.75391E-01  2.31907E+00
  2.79297E-01  2.31333E+00
  2.83203E-01  2.30750E+00
  2.87109E-01  2.30160E+00
  2.91016E-01  2.29562E+00
  2.94922E-01  2.28956E+00
  2.98828E-01  2.28343E+00
  3.02734E-01  2.27721E+00
  3.06641E-01  2.27092E+00
  3.10547E-01  2.26454E+00
  3.14453E-01  2.25809E+00
  3.18359E-01  2.25156E+00
  3.22266E-01  2.24494E+00
  3.26172E-01  2.23825E+00
  3.30078E-01  2.23147E+00
  3.33984E-01  2.22461E+00
  3.37891E-01  2.21767E+00
  3.41797E-01  2.21065E+00
  3.45703E-01  2.20354E+00
  3.49609E-01  2.19635E+00
  3.53516E-01  2.18908E+00
  3.57422E-01  2.18173E+00
  3.61328E-01  2.17428E+00
  3.65234E-01  2.16676E+00
  3.69141E-01  2.15915E+00
  3.73047E-01  2.15145E+00
  3.76953E-01  2.14366E+00
  3.80859E-01  2.13579E+00
  3.84766E-01  2.12783E+00
  3.88672E-01  2.11978E+00
  3.92578E-01  2.11164E+00
  3.96484E-01  2.10341E+00
  4.00391E-01  2.09509E+00
  4.04297E-01  2.08668E+00
  4.08203E-01  2.07817E+00
  4.12109E-01  2.06957E+00
  4.16016E-01  2.06088E+00
  4.19922E-01  2.05209E+00
  4.23828E-01  2.04321E+00
  4.27734E-01  2.03423E+00
  4.31641E-01  2.02515E+00
  4.35547E-01  2.01597E+00
  4.39453E-01  2.00669E+00
  4.43359E-01  1.99732E+00
  4.47266E-01  1.98783E+00
  4.51172E-01  1.97825E+00
  4.55078E-01  1.96856E+00
  4.58984E-01  1.95876E+00
  4.62891E-01  1.94886E+00
  4.66797E-01  1.93884E+00
  4.70703E-01  1.92872E+00
  4.74609E-01  1.91848E+00
  4.78516E-01  1.90813E+00
  4.82422E-01  1.89767E+00
  4.86328E-01  1.88708E+00
  4.90234E-01  1.87638E+00
  4.94141E-01  1.86555E+00
  4.98047E-01  1.85460E+00
  5.01953E-01  1.84353E+00
  5.05859E-01  1.83233E+00
  5.09766E-01  1.82100E+00
  5.13672E-01  1.80953E+00
  5.17578E-01  1.79793E+00
  5.21484E-01  1.78619E+00
  5.25391E-01  1.77432E+00
  5.29297E-01  1.76229E+00
  5.33203E-01  1.75013E+00
  5.37109E-01  1.73781E+00
  5.41016E-01  1.72534E+00
  5.44922E-01  1.71271E+00
  5.48828E-01  1.69992E+00
  5.52734E-01  1.68697E+00
  5.56641E-01  1.67385E+00
  5.60547E-01  1.66055E+00
  5.64453E-01  1.64708E+00
  5.68359E-01  1.63343E+00
  5.72266E-01  1.61958E+00
  5.76172E-01  1.60555E+00
  5.80078E-01  1.59131E+00
  5.83984E-01  1.57687E+00
  5.87891E-01  1.56222E+00
  5.91797E-01  1.54735E+00
  5.95703E-01  1.53225E+00
  5.99609E-01  1.51691E+00
  6.03516E-01  1.50133E+00
  6.07422E-01  1.48550E+00
  6.11328E-01  1.46940E+00
  6.15234E-01  1.45303E+00
  6.19141E-01  1.43637E+00
  6.23047E-01  1.41941E+00
  6.26953E-01  1.40214E+00
  6.30859E-01  1.38454E+00
  6.34766E-01  1.36660E+00
  6.38672E-01  1.34829E+00
  6.42578E-01  1.32960E+00
  6.46484E-01  1.31051E+00
  6.50391E-01  1.29099E+00
  6.54297E-01  1.27101E+00
  6.58203E-01  1.25054E+00
  6.62109E-01  1.22956E+00
  6.66016E-01  1.20802E+00
  6.69922E-01  1.18587E+00
  6.73828E-01  1.16308E+00
  6.77734E-01  1.13958E+00
  6.81641E-01  1.11530E+00
  6.85547E-01  1.09018E+00
  6.89453E-01  1.06412E+00
  6.93359E-01  1.03702E+00
  6.97266E-01  1.00872E+00
  7.01172E-01  9.79083E-01
  7.05078E-01  9.47883E-01
  7.08984E-01  9.14850E-01
  7.12891E-01  8.79575E-01
  7.16797E-01  8.41239E-01
  7.20703E-01  7.96660E-01
  7.24609E-01  7.29788E-01
  7.28516E-01  5.94449E-01
  7.32422E-01  2.91174E-01
  7.36328E-01  2.19048E-01
  7.40234E-01  2.05495E-01
  7.44141E-01  2.01572E-01
  7.48047E-01  1.99000E-01
  7.51953E-01  1.96261E-01
  7.55859E-01  1.93532E-01
  7.59766E-01  1.90880E-01
  7.63672E-01  1.88278E-01
  7.67578E-01  1.85731E-01
  7.71484E-01  1.83243E-01
  7.75391E-01  1.80802E-01
  7.79297E-01  1.78412E-01
  7.83203E-01  1.76073E-01
  7.87109E-01  1.73778E-01
  7.91016E-01  1.71530E-01
  7.94922E-01  1.69329E-01
  7.98828E-01  1.67170E-01
  8.02734E-01  1.65053E-01
  8.06641E-01  1.62977E-01
  8.10547E-01  1.60943E-01
  8.14453E-01  1.58948E-01
  8.18359E-01  1.56993E-01
  8.22266E-01  1.55074E-01
  8.26172E-01  1.53192E-01
  8.30078E-01  1.51345E-01
  8.33984E-01  1.49534E-01
  8.37891E-01  1.47757E-01
  8.41797E-01  1.46012E-01
  8.45703E-01  1.44301E-01
  8.49609E-01  1.42622E-01
  8.53516E-01  1.40974E-01
  8.57422E-01  1.39355E-01
  8.61328E-01  1.37769E-01
  8.65234E-01  1.36211E-01
  8.69141E-01  1.34684E-01
  8.73047E-01  1.33184E-01
  8.76953E-01  1.31710E-01
  8.80859E-01  1.30264E-01
  8.84766E-01  1.28848E-01
  8.88672E-01  1.27457E-01
  8.92578E-01  1.26090E-01
  8.96484E-01  1.24752E-01
  9.00391E-01  1.23438E-01
  9.04297E-01  1.22147E-01
  9.08203E-01  1.20882E-01
  9.12109E-01  1.19641E-01
  9.16016E-01  1.18425E-01
  9.19922E-01  1.17234E-01
  9.23828E-01  1.16065E-01
  9.27734E-01  1.14921E-01
  9.31641E-01  1.13800E-01
  9.35547E-01  1.12703E-01
  9.39453E-01  1.11631E-01
  9.43359E-01  1.10583E-01
  9.47266E-01  1.09558E-01
  9.51172E-01  1.08557E-01
  9.55078E-01  1.07583E-01
  9.58984E-01  1.06636E-01
  9.62891E-01  1.05716E-01
  9.66797E-01  1.04824E-01
  9.70703E-01  1.03962E-01
  9.74609E-01  1.03133E-01
  9.78516E-01  1.02343E-01
  9.82422E-01  1.01595E-01
  9.86328E-01  1.00899E-01
  9.90234E-01  1.00269E-01
  9.94141E-01  9.97322E-02
  9.98047E-01  9.94204E-02
  1.00195E+00  9.94204E-02
