 -1.95312E-03  2.54569E+00
  1.95312E-03  2.54569E+00
  5.85938E-03  2.54560E+00
  9.76562E-03  2.54541E+00
  1.36719E-02  2.54514E+00
  1.75781E-02  2.54477E+00
  2.14844E-02  2.54431E+00
  2.53906E-02  2.54376E+00
  2.92969E-02  2.54313E+00
  3.32031E-02  2.54240E+00
  3.71094E-02  2.54159E+00
  4.10156E-02  2.54069E+00
  4.49219E-02  2.53970E+00
  4.88281E-02  2.53863E+00
  5.27344E-02  2.53747E+00
  5.66406E-02  2.53623E+00
  6.05469E-02  2.53490E+00
  6.44531E-02  2.53349E+00
  6.83594E-02  2.53200E+00
  7.22656E-02  2.53042E+00
  7.61719E-02  2.52876E+00
  8.00781E-02  2.52701E+00
  8.39844E-02  2.52519E+00
  8.78906E-02  2.52328E+00
  9.17969E-02  2.52129E+00
  9.57031E-02  2.51922E+00
  9.96094E-02  2.51707E+00
  1.03516E-01  2.51484E+00
  1.07422E-01  2.51253E+00
  1.11328E-01  2.51014E+00
  1.15234E-01  2.50767E+00
  1.19141E-01  2.50512E+00
  1.23047E-01  2.50249E+00
  1.26953E-01  2.49978E+00
  1.30859E-01  2.49700E+00
  1.34766E-01  2.49413E+00
  1.38672E-01  2.49119E+00
  1.42578E-01  2.48817E+00
  1.46484E-01  2.48508E+00
  1.50391E-01  2.48190E+00
  1.54297E-01  2.47865E+00
  1.58203E-01  2.47532E+00
  1.62109E-01  2.47192E+00
  1.66016E-01  2.46844E+00
  1.69922E-01  2.46488E+00
  1.73828E-01  2.46125E+00
  1.77734E-01  2.45754E+00
  1.81641E-01  2.45375E+00
  1.85547E-01  2.44989E+00
  1.89453E-01  2.44596E+00
  1.93359E-01  2.44194E+00
  1.97266E-01  2.43786E+00
  2.01172E-01  2.43369E+00
  2.05078E-01  2.42946E+00
  2.08984E-01  2.42514E+00
  2.12891E-01  2.42075E+00
  2.16797E-01  2.41629E+00
  2.20703E-01  2.41174E+00
  2.24609E-01  2.40713E+00
  2.28516E-01  2.40244E+00
  2.32422E-01  2.39767E+00
  2.36328E-01  2.39283E+00
  2.40234E-01  2.38791E+00
  2.44141E-01  2.38292E+00
  2.48047E-01  2.37785E+00
  2.51953E-01  2.37271E+00
  2.55859E-01  2.36749E+00
  2.59766E-01  2.36219E+00
  2.63672E-01  2.35682E+00
  2.67578E-01  2.35138E+00
  2.71484E-01  2.34585E+00
  2.75391E-01  2.34025E+00
  2.79297E-01  2.33458E+00
  2.83203E-01  2.32882E+00
  2.87109E-01  2.32300E+00
  2.91016E-01  2.31709E+00
  2.94922E-01  2.31111E+00
  2.98828E-01  2.30505E+00
  3.02734E-01  2.29891E+00
  3.06641E-01  2.29269E+00
  3.10547E-01  2.28640E+00
  3.14453E-01  2.28003E+00
  3.18359E-01  2.27357E+00
  3.22266E-01  2.26704E+00
  3.26172E-01  2.26044E+00
  3.30078E-01  2.25375E+00
  3.33984E-01  2.24698E+00
  3.37891E-01  2.24013E+00
  3.41797E-01  2.23320E+00
  3.45703E-01  2.22619E+00
  3.49609E-01  2.21909E+00
  3.53516E-01  2.21192E+00
  3.57422E-01  2.20466E+00
  3.61328E-01  2.19732E+00
  3.65234E-01  2.18990E+00
  3.69141E-01  2.18239E+00
  3.73047E-01  2.17480E+00
  3.76953E-01  2.16712E+00
  3.80859E-01  2.15936E+00
  3.84766E-01  2.15151E+00
  3.88672E-01  2.14357E+00
  3.92578E-01  2.13554E+00
  3.96484E-01  2.12743E+00
  4.00391E-01  2.11923E+00
  4.04297E-01  2.11093E+00
  4.08203E-01  2.10255E+00
  4.12109E-01  2.09407E+00
  4.16016E-01  2.08550E+00
  4.19922E-01  2.07684E+00
  4.23828E-01  2.06808E+00
  4.27734E-01  2.05923E+00
  4.31641E-01  2.05029E+00
  4.35547E-01  2.04124E+00
  4.39453E-01  2.03210E+00
  4.43359E-01  2.02285E+00
  4.47266E-01  2.01351E+00
  4.51172E-01  2.00407E+00
  4.55078E-01  1.99452E+00
  4.58984E-01  1.98487E+00
  4.62891E-01  1.97512E+00
  4.66797E-01  1.96526E+00
  4.70703E-01  1.95529E+00
  4.74609E-01  1.94521E+00
  4.78516E-01  1.93502E+00
  4.82422E-01  1.92471E+00
  4.86328E-01  1.91430E+00
  4.90234E-01  1.90376E+00
  4.94141E-01  1.89311E+00
  4.98047E-01  1.88234E+00
  5.01953E-01  1.87144E+00
  5.05859E-01  1.86042E+00
  5.09766E-01  1.84928E+00
  5.13672E-01  1.83800E+00
  5.17578E-01  1.82660E+00
  5.21484E-01  1.81506E+00
  5.25391E-01  1.80338E+00
  5.29297E-01  1.79157E+00
  5.33203E-01  1.77961E+00
  5.37109E-01  1.76751E+00
  5.41016E-01  1.75526E+00
  5.44922E-01  1.74285E+00
  5.48828E-01  1.73030E+00
  5.52734E-01  1.71758E+00
  5.56641E-01  1.70469E+00
  5.60547E-01  1.69164E+00
  5.64453E-01  1.67842E+00
  5.68359E-01  1.66502E+00
  5.72266E-01  1.65144E+00
  5.76172E-01  1.63767E+00
  5.80078E-01  1.62371E+00
  5.83984E-01  1.60954E+00
  5.87891E-01  1.59518E+00
  5.91797E-01  1.58059E+00
  5.95703E-01  1.56579E+00
  5.99609E-01  1.55076E+00
  6.03516E-01  1.53550E+00
  6.07422E-01  1.51998E+00
  6.11328E-01  1.50422E+00
  6.15234E-01  1.48819E+00
  6.19141E-01  1.47187E+00
  6.23047E-01  1.45527E+00
  6.26953E-01  1.43837E+00
  6.30859E-01  1.42115E+00
  6.34766E-01  1.40359E+00
  6.38672E-01  1.38569E+00
  6.42578E-01  1.36741E+00
  6.46484E-01  1.34873E+00
  6.50391E-01  1.32964E+00
  6.54297E-01  1.31011E+00
  6.58203E-01  1.29011E+00
  6.62109E-01  1.26960E+00
  6.66016E-01  1.24854E+00
  6.69922E-01  1.22691E+00
  6.73828E-01  1.20463E+00
  6.77734E-01  1.18167E+00
  6.81641E-01  1.15796E+00
  6.85547E-01  1.13342E+00
  6.89453E-01  1.10796E+00
  6.93359E-01  1.08147E+00
  6.97266E-01  1.05383E+00
  7.01172E-01  1.02487E+00
  7.05078E-01  9.94378E-01
  7.08984E-01  9.62091E-01
  7.12891E-01  9.27621E-01
  7.16797E-01  8.90209E-01
  7.20703E-01  8.46872E-01
  7.24609E-01  7.80519E-01
  7.28516E-01  6.30444E-01
  7.32422E-01  1.98458E-01
  7.36328E-01  1.59386E-01
  7.40234E-01  1.55019E-01
  7.44141E-01  1.53213E-01
  7.48047E-01  1.51080E-01
  7.51953E-01  1.48954E-01
  7.55859E-01  1.46892E-01
  7.59766E-01  1.44865E-01
  7.63672E-01  1.42881E-01
  7.67578E-01  1.40936E-01
  7.71484E-01  1.39030E-01
  7.75391E-01  1.37163E-01
  7.79297E-01  1.35331E-01
  7.83203E-01  1.33537E-01
  7.87109E-01  1.31778E-01
  7.91016E-01  1.30053E-01
  7.94922E-01  1.28361E-01
  7.98828E-01  1.26700E-01
  8.02734E-01  1.25073E-01
  8.06641E-01  1.23475E-01
  8.10547E-01  1.21908E-01
  8.14453E-01  1.20371E-01
  8.18359E-01  1.18865E-01
  8.22266E-01  1.17386E-01
  8.26172E-01  1.15932E-01
  8.30078E-01  1.14508E-01
  8.33984E-01  1.13108E-01
  8.37891E-01  1.11736E-01
  8.41797E-01  1.10388E-01
  8.45703E-01  1.09067E-01
  8.49609E-01  1.07769E-01
  8.53516E-01  1.06494E-01
  8.57422E-01  1.05243E-01
  8.61328E-01  1.04014E-01
  8.65234E-01  1.02808E-01
  8.69141E-01  1.01625E-01
  8.73047E-01  1.00463E-01
  8.76953E-01  9.93219E-02
  8.80859E-01  9.82015E-02
  8.84766E-01  9.71008E-02
  8.88672E-01  9.60218E-02
  8.92578E-01  9.49593E-02
  8.96484E-01  9.39174E-02
  9.00391E-01  9.28983E-02
  9.04297E-01  9.18983E-02
  9.08203E-01  9.09166E-02
  9.12109E-01  8.99512E-02
  9.16016E-01  8.89998E-02
  9.19922E-01  8.80678E-02
  9.23828E-01  8.71539E-02
  9.27734E-01  8.62604E-02
  9.31641E-01  8.53881E-02
  9.35547E-01  8.45328E-02
  9.39453E-01  8.36933E-02
  9.43359E-01  8.28690E-02
  9.47266E-01  8.20608E-02
  9.51172E-01  8.12713E-02
  9.55078E-01  8.05003E-02
  9.58984E-01  7.97496E-02
  9.62891E-01  7.90208E-02
  9.66797E-01  7.83117E-02
  9.70703E-01  7.76236E-02
  9.74609E-01  7.69543E-02
  9.78516E-01  7.63104E-02
  9.82422E-01  7.56962E-02
  9.86328E-01  7.51201E-02
  9.90234E-01  7.45863E-02
  9.94141E-01  7.41088E-02
  9.98047E-01  7.38394E-02
  1.00195E+00  7.38394E-02
