 -1.95312E-03  2.57084E+00
  1.95312E-03  2.57084E+00
  5.85938E-03  2.57075E+00
  9.76562E-03  2.57056E+00
  1.36719E-02  2.57029E+00
  1.75781E-02  2.56993E+00
  2.14844E-02  2.56948E+00
  2.53906E-02  2.56894E+00
  2.92969E-02  2.56831E+00
  3.32031E-02  2.56760E+00
  3.71094E-02  2.56680E+00
  4.10156E-02  2.56591E+00
  4.49219E-02  2.56494E+00
  4.88281E-02  2.56388E+00
  5.27344E-02  2.56274E+00
  5.66406E-02  2.56152E+00
  6.05469E-02  2.56021E+00
  6.44531E-02  2.55881E+00
  6.83594E-02  2.55734E+00
  7.22656E-02  2.55578E+00
  7.61719E-02  2.55414E+00
  8.00781E-02  2.55242E+00
  8.39844E-02  2.55062E+00
  8.78906E-02  2.54874E+00
  9.17969E-02  2.54678E+00
  9.57031E-02  2.54474E+00
  9.96094E-02  2.54262E+00
  1.03516E-01  2.54042E+00
  1.07422E-01  2.53814E+00
  1.11328E-01  2.53578E+00
  1.15234E-01  2.53335E+00
  1.19141E-01  2.53083E+00
  1.23047E-01  2.52824E+00
  1.26953E-01  2.52558E+00
  1.30859E-01  2.52283E+00
  1.34766E-01  2.52001E+00
  1.38672E-01  2.51711E+00
  1.42578E-01  2.51413E+00
  1.46484E-01  2.51108E+00
  1.50391E-01  2.50796E+00
  1.54297E-01  2.50475E+00
  1.58203E-01  2.50147E+00
  1.62109E-01  2.49812E+00
  1.66016E-01  2.49469E+00
  1.69922E-01  2.49119E+00
  1.73828E-01  2.48761E+00
  1.77734E-01  2.48395E+00
  1.81641E-01  2.48022E+00
  1.85547E-01  2.47642E+00
  1.89453E-01  2.47254E+00
  1.93359E-01  2.46859E+00
  1.97266E-01  2.46456E+00
  2.01172E-01  2.46045E+00
  2.05078E-01  2.45628E+00
  2.08984E-01  2.45203E+00
  2.12891E-01  2.44770E+00
  2.16797E-01  2.44330E+00
  2.20703E-01  2.43883E+00
  2.24609E-01  2.43428E+00
  2.28516E-01  2.42966E+00
  2.32422E-01  2.42496E+00
  2.36328E-01  2.42019E+00
  2.40234E-01  2.41535E+00
  2.44141E-01  2.41043E+00
  2.48047E-01  2.40544E+00
  2.51953E-01  2.40038E+00
  2.55859E-01  2.39524E+00
  2.59766E-01  2.39002E+00
  2.63672E-01  2.38474E+00
  2.67578E-01  2.37937E+00
  2.71484E-01  2.37393E+00
  2.75391E-01  2.36842E+00
  2.79297E-01  2.36283E+00
  2.83203E-01  2.35717E+00
  2.87109E-01  2.35143E+00
  2.91016E-01  2.34562E+00
  2.94922E-01  2.33973E+00
  2.98828E-01  2.33376E+00
  3.02734E-01  2.32772E+00
  3.06641E-01  2.32161E+00
  3.10547E-01  2.31541E+00
  3.14453E-01  2.30914E+00
  3.18359E-01  2.30279E+00
  3.22266E-01  2.29637E+00
  3.26172E-01  2.28987E+00
  3.30078E-01  2.28329E+00
  3.33984E-01  2.27663E+00
  3.37891E-01  2.26990E+00
  3.41797E-01  2.26308E+00
  3.45703E-01  2.25619E+00
  3.49609E-01  2.24921E+00
  3.53516E-01  2.24216E+00
  3.57422E-01  2.23502E+00
  3.61328E-01  2.22780E+00
  3.65234E-01  2.22051E+00
  3.69141E-01  2.21313E+00
  3.73047E-01  2.20567E+00
  3.76953E-01  2.19812E+00
  3.80859E-01  2.19049E+00
  3.84766E-01  2.18278E+00
  3.88672E-01  2.17498E+00
  3.92578E-01  2.16710E+00
  3.96484E-01  2.15913E+00
  4.00391E-01  2.15108E+00
  4.04297E-01  2.14294E+00
  4.08203E-01  2.13471E+00
  4.12109E-01  2.12639E+00
  4.16016E-01  2.11798E+00
  4.19922E-01  2.10948E+00
  4.23828E-01  2.10089E+00
  4.27734E-01  2.09221E+00
  4.31641E-01  2.08344E+00
  4.35547E-01  2.07457E+00
  4.39453E-01  2.06561E+00
  4.43359E-01  2.05655E+00
  4.47266E-01  2.04739E+00
  4.51172E-01  2.03814E+00
  4.55078E-01  2.02879E+00
  4.58984E-01  2.01933E+00
  4.62891E-01  2.00978E+00
  4.66797E-01  2.00012E+00
  4.70703E-01  1.99036E+00
  4.74609E-01  1.98049E+00
  4.78516E-01  1.97051E+00
  4.82422E-01  1.96043E+00
  4.86328E-01  1.95023E+00
  4.90234E-01  1.93992E+00
  4.94141E-01  1.92950E+00
  4.98047E-01  1.91897E+00
  5.01953E-01  1.90831E+00
  5.05859E-01  1.89754E+00
  5.09766E-01  1.88664E+00
  5.13672E-01  1.87562E+00
  5.17578E-01  1.86448E+00
  5.21484E-01  1.85321E+00
  5.25391E-01  1.84180E+00
  5.29297E-01  1.83027E+00
  5.33203E-01  1.81859E+00
  5.37109E-01  1.80678E+00
  5.41016E-01  1.79482E+00
  5.44922E-01  1.78272E+00
  5.48828E-01  1.77047E+00
  5.52734E-01  1.75807E+00
  5.56641E-01  1.74551E+00
  5.60547E-01  1.73279E+00
  5.64453E-01  1.71991E+00
  5.68359E-01  1.70686E+00
  5.72266E-01  1.69363E+00
  5.76172E-01  1.68023E+00
  5.80078E-01  1.66664E+00
  5.83984E-01  1.65287E+00
  5.87891E-01  1.63889E+00
  5.91797E-01  1.62472E+00
  5.95703E-01  1.61034E+00
  5.99609E-01  1.59574E+00
  6.03516E-01  1.58092E+00
  6.07422E-01  1.56586E+00
  6.11328E-01  1.55057E+00
  6.15234E-01  1.53502E+00
  6.19141E-01  1.51921E+00
  6.23047E-01  1.50313E+00
  6.26953E-01  1.48677E+00
  6.30859E-01  1.47011E+00
  6.34766E-01  1.45313E+00
  6.38672E-01  1.43583E+00
  6.42578E-01  1.41818E+00
  6.46484E-01  1.40017E+00
  6.50391E-01  1.38177E+00
  6.54297E-01  1.36296E+00
  6.58203E-01  1.34371E+00
  6.62109E-01  1.32400E+00
  6.66016E-01  1.30380E+00
  6.69922E-01  1.28306E+00
  6.73828E-01  1.26175E+00
  6.77734E-01  1.23982E+00
  6.81641E-01  1.21721E+00
  6.85547E-01  1.19386E+00
  6.89453E-01  1.16970E+00
  6.93359E-01  1.14463E+00
  6.97266E-01  1.11855E+00
  7.01172E-01  1.09134E+00
  7.05078E-01  1.06284E+00
  7.08984E-01  1.03283E+00
  7.12891E-01  1.00106E+00
  7.16797E-01  9.67124E-01
  7.20703E-01  9.29890E-01
  7.24609E-01  8.82270E-01
  7.28516E-01  7.76869E-01
  7.32422E-01  9.43857E-02
  7.36328E-01  8.52073E-02
  7.40234E-01  8.41922E-02
  7.44141E-01  8.29696E-02
  7.48047E-01  8.17875E-02
  7.51953E-01  8.06063E-02
  7.55859E-01  7.94619E-02
  7.59766E-01  7.83327E-02
  7.63672E-01  7.72385E-02
  7.67578E-01  7.61591E-02
  7.71484E-01  7.51104E-02
  7.75391E-01  7.40662E-02
  7.79297E-01  7.30528E-02
  7.83203E-01  7.20497E-02
  7.87109E-01  7.10673E-02
  7.91016E-01  7.01107E-02
  7.94922E-01  6.91672E-02
  7.98828E-01  6.82512E-02
  8.02734E-01  6.73474E-02
  8.06641E-01  6.64624E-02
  8.10547E-01  6.55864E-02
  8.14453E-01  6.47287E-02
  8.18359E-01  6.38858E-02
  8.22266E-01  6.30592E-02
  8.26172E-01  6.22523E-02
  8.30078E-01  6.14569E-02
  8.33984E-01  6.06787E-02
  8.37891E-01  5.99149E-02
  8.41797E-01  5.91653E-02
  8.45703E-01  5.84266E-02
  8.49609E-01  5.77015E-02
  8.53516E-01  5.69886E-02
  8.57422E-01  5.62874E-02
  8.61328E-01  5.56017E-02
  8.65234E-01  5.49266E-02
  8.69141E-01  5.42664E-02
  8.73047E-01  5.36157E-02
  8.76953E-01  5.29777E-02
  8.80859E-01  5.23525E-02
  8.84766E-01  5.17354E-02
  8.88672E-01  5.11307E-02
  8.92578E-01  5.05384E-02
  8.96484E-01  4.99551E-02
  9.00391E-01  4.93801E-02
  9.04297E-01  4.88144E-02
  9.08203E-01  4.82586E-02
  9.12109E-01  4.77126E-02
  9.16016E-01  4.71775E-02
  9.19922E-01  4.66518E-02
  9.23828E-01  4.61345E-02
  9.27734E-01  4.56290E-02
  9.31641E-01  4.51340E-02
  9.35547E-01  4.46463E-02
  9.39453E-01  4.41681E-02
  9.43359E-01  4.37017E-02
  9.47266E-01  4.32412E-02
  9.51172E-01  4.27922E-02
  9.55078E-01  4.23510E-02
  9.58984E-01  4.19195E-02
  9.62891E-01  4.14949E-02
  9.66797E-01  4.10808E-02
  9.70703E-01  4.06773E-02
  9.74609E-01  4.02822E-02
  9.78516E-01  3.99008E-02
  9.82422E-01  3.95312E-02
  9.86328E-01  3.91708E-02
  9.90234E-01  3.88311E-02
  9.94141E-01  3.85135E-02
  9.98047E-01  3.83555E-02
  1.00195E+00  3.83555E-02
