 -1.95312E-03  2.53239E+00
  1.95312E-03  2.53239E+00
  5.85938E-03  2.53230E+00
  9.76562E-03  2.53211E+00
  1.36719E-02  2.53183E+00
  1.75781E-02  2.53146E+00
  2.14844E-02  2.53100E+00
  2.53906E-02  2.53045E+00
  2.92969E-02  2.52981E+00
  3.32031E-02  2.52908E+00
  3.71094E-02  2.52826E+00
  4.10156E-02  2.52736E+00
  4.49219E-02  2.52636E+00
  4.88281E-02  2.52528E+00
  5.27344E-02  2.52412E+00
  5.66406E-02  2.52286E+00
  6.05469E-02  2.52153E+00
  6.44531E-02  2.52010E+00
  6.83594E-02  2.51859E+00
  7.22656E-02  2.51700E+00
  7.61719E-02  2.51533E+00
  8.00781E-02  2.51357E+00
  8.39844E-02  2.51173E+00
  8.78906E-02  2.50981E+00
  9.17969E-02  2.50780E+00
  9.57031E-02  2.50572E+00
  9.96094E-02  2.50355E+00
  1.03516E-01  2.50130E+00
  1.07422E-01  2.49897E+00
  1.11328E-01  2.49656E+00
  1.15234E-01  2.49407E+00
  1.19141E-01  2.49151E+00
  1.23047E-01  2.48886E+00
  1.26953E-01  2.48613E+00
  1.30859E-01  2.48332E+00
  1.34766E-01  2.48044E+00
  1.38672E-01  2.47747E+00
  1.42578E-01  2.47443E+00
  1.46484E-01  2.47131E+00
  1.50391E-01  2.46811E+00
  1.54297E-01  2.46483E+00
  1.58203E-01  2.46148E+00
  1.62109E-01  2.45805E+00
  1.66016E-01  2.45454E+00
  1.69922E-01  2.45095E+00
  1.73828E-01  2.44729E+00
  1.77734E-01  2.44355E+00
  1.81641E-01  2.43974E+00
  1.85547E-01  2.43585E+00
  1.89453E-01  2.43188E+00
  1.93359E-01  2.42783E+00
  1.97266E-01  2.42371E+00
  2.01172E-01  2.41952E+00
  2.05078E-01  2.41524E+00
  2.08984E-01  2.41089E+00
  2.12891E-01  2.40647E+00
  2.16797E-01  2.40197E+00
  2.20703E-01  2.39739E+00
  2.24609E-01  2.39274E+00
  2.28516E-01  2.38801E+00
  2.32422E-01  2.38320E+00
  2.36328E-01  2.37832E+00
  2.40234E-01  2.37336E+00
  2.44141E-01  2.36833E+00
  2.48047E-01  2.36322E+00
  2.51953E-01  2.35803E+00
  2.55859E-01  2.35277E+00
  2.59766E-01  2.34743E+00
  2.63672E-01  2.34201E+00
  2.67578E-01  2.33652E+00
  2.71484E-01  2.33095E+00
  2.75391E-01  2.32530E+00
  2.79297E-01  2.31958E+00
  2.83203E-01  2.31377E+00
  2.87109E-01  2.30789E+00
  2.91016E-01  2.30194E+00
  2.94922E-01  2.29590E+00
  2.98828E-01  2.28979E+00
  3.02734E-01  2.28359E+00
  3.06641E-01  2.27732E+00
  3.10547E-01  2.27097E+00
  3.14453E-01  2.26454E+00
  3.18359E-01  2.25803E+00
  3.22266E-01  2.25144E+00
  3.26172E-01  2.24477E+00
  3.30078E-01  2.23802E+00
  3.33984E-01  2.23118E+00
  3.37891E-01  2.22427E+00
  3.41797E-01  2.21727E+00
  3.45703E-01  2.21020E+00
  3.49609E-01  2.20304E+00
  3.53516E-01  2.19579E+00
  3.57422E-01  2.18847E+00
  3.61328E-01  2.18105E+00
  3.65234E-01  2.17356E+00
  3.69141E-01  2.16598E+00
  3.73047E-01  2.15831E+00
  3.76953E-01  2.15055E+00
  3.80859E-01  2.14271E+00
  3.84766E-01  2.13479E+00
  3.88672E-01  2.12677E+00
  3.92578E-01  2.11866E+00
  3.96484E-01  2.11047E+00
  4.00391E-01  2.10218E+00
  4.04297E-01  2.09381E+00
  4.08203E-01  2.08534E+00
  4.12109E-01  2.07677E+00
  4.16016E-01  2.06812E+00
  4.19922E-01  2.05937E+00
  4.23828E-01  2.05053E+00
  4.27734E-01  2.04159E+00
  4.31641E-01  2.03255E+00
  4.35547E-01  2.02342E+00
  4.39453E-01  2.01418E+00
  4.43359E-01  2.00485E+00
  4.47266E-01  1.99541E+00
  4.51172E-01  1.98586E+00
  4.55078E-01  1.97622E+00
  4.58984E-01  1.96647E+00
  4.62891E-01  1.95661E+00
  4.66797E-01  1.94665E+00
  4.70703E-01  1.93657E+00
  4.74609E-01  1.92638E+00
  4.78516E-01  1.91608E+00
  4.82422E-01  1.90566E+00
  4.86328E-01  1.89513E+00
  4.90234E-01  1.88448E+00
  4.94141E-01  1.87371E+00
  4.98047E-01  1.86282E+00
  5.01953E-01  1.85180E+00
  5.05859E-01  1.84065E+00
  5.09766E-01  1.82938E+00
  5.13672E-01  1.81797E+00
  5.17578E-01  1.80644E+00
  5.21484E-01  1.79476E+00
  5.25391E-01  1.78295E+00
  5.29297E-01  1.77099E+00
  5.33203E-01  1.75889E+00
  5.37109E-01  1.74664E+00
  5.41016E-01  1.73424E+00
  5.44922E-01  1.72169E+00
  5.48828E-01  1.70897E+00
  5.52734E-01  1.69609E+00
  5.56641E-01  1.68305E+00
  5.60547E-01  1.66983E+00
  5.64453E-01  1.65644E+00
  5.68359E-01  1.64287E+00
  5.72266E-01  1.62911E+00
  5.76172E-01  1.61516E+00
  5.80078E-01  1.60101E+00
  5.83984E-01  1.58666E+00
  5.87891E-01  1.57210E+00
  5.91797E-01  1.55732E+00
  5.95703E-01  1.54231E+00
  5.99609E-01  1.52707E+00
  6.03516E-01  1.51160E+00
  6.07422E-01  1.49587E+00
  6.11328E-01  1.47987E+00
  6.15234E-01  1.46361E+00
  6.19141E-01  1.44706E+00
  6.23047E-01  1.43022E+00
  6.26953E-01  1.41307E+00
  6.30859E-01  1.39559E+00
  6.34766E-01  1.37777E+00
  6.38672E-01  1.35959E+00
  6.42578E-01  1.34104E+00
  6.46484E-01  1.32208E+00
  6.50391E-01  1.30270E+00
  6.54297E-01  1.28286E+00
  6.58203E-01  1.26255E+00
  6.62109E-01  1.24172E+00
  6.66016E-01  1.22034E+00
  6.69922E-01  1.19837E+00
  6.73828E-01  1.17575E+00
  6.77734E-01  1.15243E+00
  6.81641E-01  1.12834E+00
  6.85547E-01  1.10341E+00
  6.89453E-01  1.07755E+00
  6.93359E-01  1.05065E+00
  6.97266E-01  1.02257E+00
  7.01172E-01  9.93153E-01
  7.05078E-01  9.62189E-01
  7.08984E-01  9.29400E-01
  7.12891E-01  8.94386E-01
  7.16797E-01  8.56304E-01
  7.20703E-01  8.11663E-01
  7.24609E-01  7.41918E-01
  7.28516E-01  5.93286E-01
  7.32422E-01  2.59922E-01
  7.36328E-01  1.99872E-01
  7.40234E-01  1.90407E-01
  7.44141E-01  1.87548E-01
  7.48047E-01  1.85011E-01
  7.51953E-01  1.82427E-01
  7.55859E-01  1.79902E-01
  7.59766E-01  1.77436E-01
  7.63672E-01  1.75016E-01
  7.67578E-01  1.72649E-01
  7.71484E-01  1.70330E-01
  7.75391E-01  1.68058E-01
  7.79297E-01  1.65831E-01
  7.83203E-01  1.63651E-01
  7.87109E-01  1.61514E-01
  7.91016E-01  1.59419E-01
  7.94922E-01  1.57365E-01
  7.98828E-01  1.55351E-01
  8.02734E-01  1.53377E-01
  8.06641E-01  1.51441E-01
  8.10547E-01  1.49544E-01
  8.14453E-01  1.47682E-01
  8.18359E-01  1.45856E-01
  8.22266E-01  1.44065E-01
  8.26172E-01  1.42307E-01
  8.30078E-01  1.40583E-01
  8.33984E-01  1.38891E-01
  8.37891E-01  1.37230E-01
  8.41797E-01  1.35602E-01
  8.45703E-01  1.34005E-01
  8.49609E-01  1.32435E-01
  8.53516E-01  1.30895E-01
  8.57422E-01  1.29384E-01
  8.61328E-01  1.27898E-01
  8.65234E-01  1.26443E-01
  8.69141E-01  1.25016E-01
  8.73047E-01  1.23612E-01
  8.76953E-01  1.22235E-01
  8.80859E-01  1.20882E-01
  8.84766E-01  1.19555E-01
  8.88672E-01  1.18254E-01
  8.92578E-01  1.16978E-01
  8.96484E-01  1.15724E-01
  9.00391E-01  1.14492E-01
  9.04297E-01  1.13285E-01
  9.08203E-01  1.12101E-01
  9.12109E-01  1.10940E-01
  9.16016E-01  1.09801E-01
  9.19922E-01  1.08684E-01
  9.23828E-01  1.07589E-01
  9.27734E-01  1.06517E-01
  9.31641E-01  1.05466E-01
  9.35547E-01  1.04438E-01
  9.39453E-01  1.03431E-01
  9.43359E-01  1.02446E-01
  9.47266E-01  1.01484E-01
  9.51172E-01  1.00545E-01
  9.55078E-01  9.96288E-02
  9.58984E-01  9.87368E-02
  9.62891E-01  9.78687E-02
  9.66797E-01  9.70286E-02
  9.70703E-01  9.62135E-02
  9.74609E-01  9.54316E-02
  9.78516E-01  9.46822E-02
  9.82422E-01  9.39676E-02
  9.86328E-01  9.33043E-02
  9.90234E-01  9.27038E-02
  9.94141E-01  9.21837E-02
  9.98047E-01  9.18736E-02
  1.00195E+00  9.18736E-02
