 -1.95312E-03  2.57560E+00
  1.95312E-03  2.57560E+00
  5.85938E-03  2.57551E+00
  9.76562E-03  2.57533E+00
  1.36719E-02  2.57506E+00
  1.75781E-02  2.57470E+00
  2.14844E-02  2.57425E+00
  2.53906E-02  2.57371E+00
  2.92969E-02  2.57308E+00
  3.32031E-02  2.57237E+00
  3.71094E-02  2.57157E+00
  4.10156E-02  2.57069E+00
  4.49219E-02  2.56972E+00
  4.88281E-02  2.56867E+00
  5.27344E-02  2.56753E+00
  5.66406E-02  2.56631E+00
  6.05469E-02  2.56500E+00
  6.44531E-02  2.56362E+00
  6.83594E-02  2.56215E+00
  7.22656E-02  2.56060E+00
  7.61719E-02  2.55896E+00
  8.00781E-02  2.55725E+00
  8.39844E-02  2.55545E+00
  8.78906E-02  2.55358E+00
  9.17969E-02  2.55162E+00
  9.57031E-02  2.54959E+00
  9.96094E-02  2.54747E+00
  1.03516E-01  2.54528E+00
  1.07422E-01  2.54301E+00
  1.11328E-01  2.54066E+00
  1.15234E-01  2.53823E+00
  1.19141E-01  2.53572E+00
  1.23047E-01  2.53314E+00
  1.26953E-01  2.53048E+00
  1.30859E-01  2.52774E+00
  1.34766E-01  2.52493E+00
  1.38672E-01  2.52204E+00
  1.42578E-01  2.51907E+00
  1.46484E-01  2.51603E+00
  1.50391E-01  2.51291E+00
  1.54297E-01  2.50972E+00
  1.58203E-01  2.50645E+00
  1.62109E-01  2.50311E+00
  1.66016E-01  2.49969E+00
  1.69922E-01  2.49619E+00
  1.73828E-01  2.49262E+00
  1.77734E-01  2.48898E+00
  1.81641E-01  2.48526E+00
  1.85547E-01  2.48147E+00
  1.89453E-01  2.47760E+00
  1.93359E-01  2.47366E+00
  1.97266E-01  2.46965E+00
  2.01172E-01  2.46556E+00
  2.05078E-01  2.46140E+00
  2.08984E-01  2.45716E+00
  2.12891E-01  2.45285E+00
  2.16797E-01  2.44846E+00
  2.20703E-01  2.44400E+00
  2.24609E-01  2.43947E+00
  2.28516E-01  2.43486E+00
  2.32422E-01  2.43018E+00
  2.36328E-01  2.42543E+00
  2.40234E-01  2.42060E+00
  2.44141E-01  2.41570E+00
  2.48047E-01  2.41072E+00
  2.51953E-01  2.40567E+00
  2.55859E-01  2.40055E+00
  2.59766E-01  2.39535E+00
  2.63672E-01  2.39008E+00
  2.67578E-01  2.38473E+00
  2.71484E-01  2.37931E+00
  2.75391E-01  2.37382E+00
  2.79297E-01  2.36825E+00
  2.83203E-01  2.36261E+00
  2.87109E-01  2.35689E+00
  2.91016E-01  2.35110E+00
  2.94922E-01  2.34523E+00
  2.98828E-01  2.33928E+00
  3.02734E-01  2.33327E+00
  3.06641E-01  2.32717E+00
  3.10547E-01  2.32100E+00
  3.14453E-01  2.31475E+00
  3.18359E-01  2.30843E+00
  3.22266E-01  2.30202E+00
  3.26172E-01  2.29554E+00
  3.30078E-01  2.28899E+00
  3.33984E-01  2.28235E+00
  3.37891E-01  2.27564E+00
  3.41797E-01  2.26885E+00
  3.45703E-01  2.26198E+00
  3.49609E-01  2.25503E+00
  3.53516E-01  2.24800E+00
  3.57422E-01  2.24089E+00
  3.61328E-01  2.23370E+00
  3.65234E-01  2.22642E+00
  3.69141E-01  2.21907E+00
  3.73047E-01  2.21164E+00
  3.76953E-01  2.20412E+00
  3.80859E-01  2.19652E+00
  3.84766E-01  2.18883E+00
  3.88672E-01  2.18106E+00
  3.92578E-01  2.17321E+00
  3.96484E-01  2.16527E+00
  4.00391E-01  2.15725E+00
  4.04297E-01  2.14914E+00
  4.08203E-01  2.14094E+00
  4.12109E-01  2.13265E+00
  4.16016E-01  2.12427E+00
  4.19922E-01  2.11581E+00
  4.23828E-01  2.10725E+00
  4.27734E-01  2.09860E+00
  4.31641E-01  2.08986E+00
  4.35547E-01  2.08103E+00
  4.39453E-01  2.07210E+00
  4.43359E-01  2.06308E+00
  4.47266E-01  2.05396E+00
  4.51172E-01  2.04474E+00
  4.55078E-01  2.03542E+00
  4.58984E-01  2.02601E+00
  4.62891E-01  2.01649E+00
  4.66797E-01  2.00687E+00
  4.70703E-01  1.99715E+00
  4.74609E-01  1.98732E+00
  4.78516E-01  1.97739E+00
  4.82422E-01  1.96735E+00
  4.86328E-01  1.95720E+00
  4.90234E-01  1.94694E+00
  4.94141E-01  1.93656E+00
  4.98047E-01  1.92607E+00
  5.01953E-01  1.91547E+00
  5.05859E-01  1.90474E+00
  5.09766E-01  1.89390E+00
  5.13672E-01  1.88293E+00
  5.17578E-01  1.87184E+00
  5.21484E-01  1.86062E+00
  5.25391E-01  1.84927E+00
  5.29297E-01  1.83779E+00
  5.33203E-01  1.82617E+00
  5.37109E-01  1.81441E+00
  5.41016E-01  1.80252E+00
  5.44922E-01  1.79048E+00
  5.48828E-01  1.77829E+00
  5.52734E-01  1.76595E+00
  5.56641E-01  1.75346E+00
  5.60547E-01  1.74081E+00
  5.64453E-01  1.72800E+00
  5.68359E-01  1.71502E+00
  5.72266E-01  1.70187E+00
  5.76172E-01  1.68854E+00
  5.80078E-01  1.67504E+00
  5.83984E-01  1.66134E+00
  5.87891E-01  1.64745E+00
  5.91797E-01  1.63337E+00
  5.95703E-01  1.61907E+00
  5.99609E-01  1.60457E+00
  6.03516E-01  1.58984E+00
  6.07422E-01  1.57489E+00
  6.11328E-01  1.55969E+00
  6.15234E-01  1.54425E+00
  6.19141E-01  1.52856E+00
  6.23047E-01  1.51259E+00
  6.26953E-01  1.49635E+00
  6.30859E-01  1.47981E+00
  6.34766E-01  1.46296E+00
  6.38672E-01  1.44579E+00
  6.42578E-01  1.42828E+00
  6.46484E-01  1.41042E+00
  6.50391E-01  1.39217E+00
  6.54297E-01  1.37353E+00
  6.58203E-01  1.35445E+00
  6.62109E-01  1.33493E+00
  6.66016E-01  1.31491E+00
  6.69922E-01  1.29437E+00
  6.73828E-01  1.27327E+00
  6.77734E-01  1.25156E+00
  6.81641E-01  1.22919E+00
  6.85547E-01  1.20610E+00
  6.89453E-01  1.18221E+00
  6.93359E-01  1.15744E+00
  6.97266E-01  1.13170E+00
  7.01172E-01  1.10486E+00
  7.05078E-01  1.07677E+00
  7.08984E-01  1.04724E+00
  7.12891E-01  1.01602E+00
  7.16797E-01  9.82747E-01
  7.20703E-01  9.46441E-01
  7.24609E-01  9.00822E-01
  7.28516E-01  8.00346E-01
  7.32422E-01  7.62970E-02
  7.36328E-01  7.06426E-02
  7.40234E-01  6.98372E-02
  7.44141E-01  6.88151E-02
  7.48047E-01  6.78201E-02
  7.51953E-01  6.68306E-02
  7.55859E-01  6.58774E-02
  7.59766E-01  6.49334E-02
  7.63672E-01  6.40207E-02
  7.67578E-01  6.31187E-02
  7.71484E-01  6.22490E-02
  7.75391E-01  6.13775E-02
  7.79297E-01  6.05328E-02
  7.83203E-01  5.96903E-02
  7.87109E-01  5.88747E-02
  7.91016E-01  5.80692E-02
  7.94922E-01  5.72831E-02
  7.98828E-01  5.65097E-02
  8.02734E-01  5.57617E-02
  8.06641E-01  5.50135E-02
  8.10547E-01  5.42905E-02
  8.14453E-01  5.35755E-02
  8.18359E-01  5.28738E-02
  8.22266E-01  5.21852E-02
  8.26172E-01  5.15052E-02
  8.30078E-01  5.08418E-02
  8.33984E-01  5.01909E-02
  8.37891E-01  4.95548E-02
  8.41797E-01  4.89252E-02
  8.45703E-01  4.83083E-02
  8.49609E-01  4.77020E-02
  8.53516E-01  4.71056E-02
  8.57422E-01  4.65215E-02
  8.61328E-01  4.59466E-02
  8.65234E-01  4.53830E-02
  8.69141E-01  4.48275E-02
  8.73047E-01  4.42830E-02
  8.76953E-01  4.37518E-02
  8.80859E-01  4.32271E-02
  8.84766E-01  4.27106E-02
  8.88672E-01  4.22048E-02
  8.92578E-01  4.17060E-02
  8.96484E-01  4.12164E-02
  9.00391E-01  4.07369E-02
  9.04297E-01  4.02633E-02
  9.08203E-01  3.98027E-02
  9.12109E-01  3.93472E-02
  9.16016E-01  3.89026E-02
  9.19922E-01  3.84649E-02
  9.23828E-01  3.80355E-02
  9.27734E-01  3.76116E-02
  9.31641E-01  3.71979E-02
  9.35547E-01  3.67907E-02
  9.39453E-01  3.63905E-02
  9.43359E-01  3.59967E-02
  9.47266E-01  3.56074E-02
  9.51172E-01  3.52293E-02
  9.55078E-01  3.48631E-02
  9.58984E-01  3.44990E-02
  9.62891E-01  3.41387E-02
  9.66797E-01  3.37908E-02
  9.70703E-01  3.34503E-02
  9.74609E-01  3.31175E-02
  9.78516E-01  3.27942E-02
  9.82422E-01  3.24803E-02
  9.86328E-01  3.21746E-02
  9.90234E-01  3.18804E-02
  9.94141E-01  3.16102E-02
  9.98047E-01  3.14874E-02
  1.00195E+00  3.14874E-02
