 -1.95312E-03  2.57694E+00
  1.95312E-03  2.57694E+00
  5.85938E-03  2.57684E+00
  9.76562E-03  2.57666E+00
  1.36719E-02  2.57639E+00
  1.75781E-02  2.57603E+00
  2.14844E-02  2.57558E+00
  2.53906E-02  2.57504E+00
  2.92969E-02  2.57442E+00
  3.32031E-02  2.57371E+00
  3.71094E-02  2.57291E+00
  4.10156E-02  2.57203E+00
  4.49219E-02  2.57106E+00
  4.88281E-02  2.57000E+00
  5.27344E-02  2.56887E+00
  5.66406E-02  2.56765E+00
  6.05469E-02  2.56634E+00
  6.44531E-02  2.56496E+00
  6.83594E-02  2.56349E+00
  7.22656E-02  2.56194E+00
  7.61719E-02  2.56030E+00
  8.00781E-02  2.55859E+00
  8.39844E-02  2.55679E+00
  8.78906E-02  2.55492E+00
  9.17969E-02  2.55297E+00
  9.57031E-02  2.55093E+00
  9.96094E-02  2.54882E+00
  1.03516E-01  2.54663E+00
  1.07422E-01  2.54436E+00
  1.11328E-01  2.54201E+00
  1.15234E-01  2.53958E+00
  1.19141E-01  2.53708E+00
  1.23047E-01  2.53450E+00
  1.26953E-01  2.53184E+00
  1.30859E-01  2.52910E+00
  1.34766E-01  2.52629E+00
  1.38672E-01  2.52340E+00
  1.42578E-01  2.52044E+00
  1.46484E-01  2.51740E+00
  1.50391E-01  2.51428E+00
  1.54297E-01  2.51109E+00
  1.58203E-01  2.50783E+00
  1.62109E-01  2.50448E+00
  1.66016E-01  2.50107E+00
  1.69922E-01  2.49758E+00
  1.73828E-01  2.49401E+00
  1.77734E-01  2.49037E+00
  1.81641E-01  2.48665E+00
  1.85547E-01  2.48287E+00
  1.89453E-01  2.47900E+00
  1.93359E-01  2.47507E+00
  1.97266E-01  2.47105E+00
  2.01172E-01  2.46697E+00
  2.05078E-01  2.46281E+00
  2.08984E-01  2.45857E+00
  2.12891E-01  2.45426E+00
  2.16797E-01  2.44988E+00
  2.20703E-01  2.44543E+00
  2.24609E-01  2.44090E+00
  2.28516E-01  2.43629E+00
  2.32422E-01  2.43162E+00
  2.36328E-01  2.42687E+00
  2.40234E-01  2.42204E+00
  2.44141E-01  2.41715E+00
  2.48047E-01  2.41218E+00
  2.51953E-01  2.40713E+00
  2.55859E-01  2.40202E+00
  2.59766E-01  2.39682E+00
  2.63672E-01  2.39156E+00
  2.67578E-01  2.38622E+00
  2.71484E-01  2.38080E+00
  2.75391E-01  2.37532E+00
  2.79297E-01  2.36975E+00
  2.83203E-01  2.36411E+00
  2.87109E-01  2.35840E+00
  2.91016E-01  2.35261E+00
  2.94922E-01  2.34675E+00
  2.98828E-01  2.34081E+00
  3.02734E-01  2.33480E+00
  3.06641E-01  2.32871E+00
  3.10547E-01  2.32254E+00
  3.14453E-01  2.31630E+00
  3.18359E-01  2.30998E+00
  3.22266E-01  2.30359E+00
  3.26172E-01  2.29711E+00
  3.30078E-01  2.29056E+00
  3.33984E-01  2.28393E+00
  3.37891E-01  2.27723E+00
  3.41797E-01  2.27044E+00
  3.45703E-01  2.26358E+00
  3.49609E-01  2.25663E+00
  3.53516E-01  2.24961E+00
  3.57422E-01  2.24250E+00
  3.61328E-01  2.23532E+00
  3.65234E-01  2.22806E+00
  3.69141E-01  2.22071E+00
  3.73047E-01  2.21328E+00
  3.76953E-01  2.20577E+00
  3.80859E-01  2.19817E+00
  3.84766E-01  2.19050E+00
  3.88672E-01  2.18273E+00
  3.92578E-01  2.17489E+00
  3.96484E-01  2.16696E+00
  4.00391E-01  2.15894E+00
  4.04297E-01  2.15084E+00
  4.08203E-01  2.14265E+00
  4.12109E-01  2.13437E+00
  4.16016E-01  2.12600E+00
  4.19922E-01  2.11754E+00
  4.23828E-01  2.10899E+00
  4.27734E-01  2.10035E+00
  4.31641E-01  2.09162E+00
  4.35547E-01  2.08280E+00
  4.39453E-01  2.07388E+00
  4.43359E-01  2.06487E+00
  4.47266E-01  2.05576E+00
  4.51172E-01  2.04655E+00
  4.55078E-01  2.03724E+00
  4.58984E-01  2.02784E+00
  4.62891E-01  2.01833E+00
  4.66797E-01  2.00873E+00
  4.70703E-01  1.99901E+00
  4.74609E-01  1.98920E+00
  4.78516E-01  1.97928E+00
  4.82422E-01  1.96925E+00
  4.86328E-01  1.95911E+00
  4.90234E-01  1.94886E+00
  4.94141E-01  1.93850E+00
  4.98047E-01  1.92802E+00
  5.01953E-01  1.91743E+00
  5.05859E-01  1.90672E+00
  5.09766E-01  1.89589E+00
  5.13672E-01  1.88493E+00
  5.17578E-01  1.87385E+00
  5.21484E-01  1.86265E+00
  5.25391E-01  1.85131E+00
  5.29297E-01  1.83985E+00
  5.33203E-01  1.82825E+00
  5.37109E-01  1.81651E+00
  5.41016E-01  1.80463E+00
  5.44922E-01  1.79261E+00
  5.48828E-01  1.78044E+00
  5.52734E-01  1.76812E+00
  5.56641E-01  1.75564E+00
  5.60547E-01  1.74301E+00
  5.64453E-01  1.73021E+00
  5.68359E-01  1.71725E+00
  5.72266E-01  1.70412E+00
  5.76172E-01  1.69081E+00
  5.80078E-01  1.67732E+00
  5.83984E-01  1.66365E+00
  5.87891E-01  1.64978E+00
  5.91797E-01  1.63572E+00
  5.95703E-01  1.62145E+00
  5.99609E-01  1.60696E+00
  6.03516E-01  1.59226E+00
  6.07422E-01  1.57733E+00
  6.11328E-01  1.56216E+00
  6.15234E-01  1.54675E+00
  6.19141E-01  1.53108E+00
  6.23047E-01  1.51515E+00
  6.26953E-01  1.49893E+00
  6.30859E-01  1.48242E+00
  6.34766E-01  1.46561E+00
  6.38672E-01  1.44848E+00
  6.42578E-01  1.43100E+00
  6.46484E-01  1.41317E+00
  6.50391E-01  1.39496E+00
  6.54297E-01  1.37636E+00
  6.58203E-01  1.35732E+00
  6.62109E-01  1.33784E+00
  6.66016E-01  1.31787E+00
  6.69922E-01  1.29739E+00
  6.73828E-01  1.27634E+00
  6.77734E-01  1.25469E+00
  6.81641E-01  1.23239E+00
  6.85547E-01  1.20937E+00
  6.89453E-01  1.18556E+00
  6.93359E-01  1.16088E+00
  6.97266E-01  1.13523E+00
  7.01172E-01  1.10849E+00
  7.05078E-01  1.08050E+00
  7.08984E-01  1.05109E+00
  7.12891E-01  1.02001E+00
  7.16797E-01  9.86911E-01
  7.20703E-01  9.50842E-01
  7.24609E-01  9.05716E-01
  7.28516E-01  8.06450E-01
  7.32422E-01  7.15876E-02
  7.36328E-01  6.66981E-02
  7.40234E-01  6.59375E-02
  7.44141E-01  6.49625E-02
  7.48047E-01  6.40236E-02
  7.51953E-01  6.30958E-02
  7.55859E-01  6.22024E-02
  7.59766E-01  6.13134E-02
  7.63672E-01  6.04530E-02
  7.67578E-01  5.95951E-02
  7.71484E-01  5.87606E-02
  7.75391E-01  5.79321E-02
  7.79297E-01  5.71311E-02
  7.83203E-01  5.63363E-02
  7.87109E-01  5.55692E-02
  7.91016E-01  5.48051E-02
  7.94922E-01  5.40699E-02
  7.98828E-01  5.33389E-02
  8.02734E-01  5.26257E-02
  8.06641E-01  5.19211E-02
  8.10547E-01  5.12342E-02
  8.14453E-01  5.05519E-02
  8.18359E-01  4.98926E-02
  8.22266E-01  4.92418E-02
  8.26172E-01  4.86001E-02
  8.30078E-01  4.79737E-02
  8.33984E-01  4.73549E-02
  8.37891E-01  4.67496E-02
  8.41797E-01  4.61514E-02
  8.45703E-01  4.55678E-02
  8.49609E-01  4.49920E-02
  8.53516E-01  4.44308E-02
  8.57422E-01  4.38801E-02
  8.61328E-01  4.33371E-02
  8.65234E-01  4.28052E-02
  8.69141E-01  4.22827E-02
  8.73047E-01  4.17673E-02
  8.76953E-01  4.12597E-02
  8.80859E-01  4.07628E-02
  8.84766E-01  4.02726E-02
  8.88672E-01  3.97947E-02
  8.92578E-01  3.93234E-02
  8.96484E-01  3.88625E-02
  9.00391E-01  3.84090E-02
  9.04297E-01  3.79631E-02
  9.08203E-01  3.75224E-02
  9.12109E-01  3.70957E-02
  9.16016E-01  3.66734E-02
  9.19922E-01  3.62593E-02
  9.23828E-01  3.58512E-02
  9.27734E-01  3.54466E-02
  9.31641E-01  3.50580E-02
  9.35547E-01  3.46741E-02
  9.39453E-01  3.42917E-02
  9.43359E-01  3.39180E-02
  9.47266E-01  3.35532E-02
  9.51172E-01  3.31946E-02
  9.55078E-01  3.28418E-02
  9.58984E-01  3.24973E-02
  9.62891E-01  3.21602E-02
  9.66797E-01  3.18303E-02
  9.70703E-01  3.15082E-02
  9.74609E-01  3.11970E-02
  9.78516E-01  3.08898E-02
  9.82422E-01  3.05906E-02
  9.86328E-01  3.02981E-02
  9.90234E-01  3.00136E-02
  9.94141E-01  2.97580E-02
  9.98047E-01  2.96413E-02
  1.00195E+00  2.96413E-02
