 -1.95312E-03  2.55861E+00
  1.95312E-03  2.55861E+00
  5.85938E-03  2.55852E+00
  9.76562E-03  2.55834E+00
  1.36719E-02  2.55806E+00
  1.75781E-02  2.55770E+00
  2.14844E-02  2.55725E+00
  2.53906E-02  2.55670E+00
  2.92969E-02  2.55607E+00
  3.32031E-02  2.55535E+00
  3.71094E-02  2.55455E+00
  4.10156E-02  2.55365E+00
  4.49219E-02  2.55268E+00
  4.88281E-02  2.55161E+00
  5.27344E-02  2.55046E+00
  5.66406E-02  2.54923E+00
  6.05469E-02  2.54791E+00
  6.44531E-02  2.54651E+00
  6.83594E-02  2.54502E+00
  7.22656E-02  2.54345E+00
  7.61719E-02  2.54180E+00
  8.00781E-02  2.54007E+00
  8.39844E-02  2.53826E+00
  8.78906E-02  2.53636E+00
  9.17969E-02  2.53439E+00
  9.57031E-02  2.53233E+00
  9.96094E-02  2.53020E+00
  1.03516E-01  2.52798E+00
  1.07422E-01  2.52568E+00
  1.11328E-01  2.52331E+00
  1.15234E-01  2.52086E+00
  1.19141E-01  2.51833E+00
  1.23047E-01  2.51572E+00
  1.26953E-01  2.51303E+00
  1.30859E-01  2.51027E+00
  1.34766E-01  2.50742E+00
  1.38672E-01  2.50450E+00
  1.42578E-01  2.50151E+00
  1.46484E-01  2.49843E+00
  1.50391E-01  2.49528E+00
  1.54297E-01  2.49206E+00
  1.58203E-01  2.48875E+00
  1.62109E-01  2.48537E+00
  1.66016E-01  2.48192E+00
  1.69922E-01  2.47839E+00
  1.73828E-01  2.47478E+00
  1.77734E-01  2.47110E+00
  1.81641E-01  2.46734E+00
  1.85547E-01  2.46351E+00
  1.89453E-01  2.45960E+00
  1.93359E-01  2.45562E+00
  1.97266E-01  2.45156E+00
  2.01172E-01  2.44743E+00
  2.05078E-01  2.44322E+00
  2.08984E-01  2.43894E+00
  2.12891E-01  2.43458E+00
  2.16797E-01  2.43015E+00
  2.20703E-01  2.42565E+00
  2.24609E-01  2.42107E+00
  2.28516E-01  2.41641E+00
  2.32422E-01  2.41168E+00
  2.36328E-01  2.40688E+00
  2.40234E-01  2.40200E+00
  2.44141E-01  2.39704E+00
  2.48047E-01  2.39201E+00
  2.51953E-01  2.38691E+00
  2.55859E-01  2.38173E+00
  2.59766E-01  2.37647E+00
  2.63672E-01  2.37114E+00
  2.67578E-01  2.36574E+00
  2.71484E-01  2.36026E+00
  2.75391E-01  2.35470E+00
  2.79297E-01  2.34907E+00
  2.83203E-01  2.34337E+00
  2.87109E-01  2.33758E+00
  2.91016E-01  2.33172E+00
  2.94922E-01  2.32578E+00
  2.98828E-01  2.31977E+00
  3.02734E-01  2.31368E+00
  3.06641E-01  2.30751E+00
  3.10547E-01  2.30127E+00
  3.14453E-01  2.29495E+00
  3.18359E-01  2.28855E+00
  3.22266E-01  2.28207E+00
  3.26172E-01  2.27552E+00
  3.30078E-01  2.26888E+00
  3.33984E-01  2.26217E+00
  3.37891E-01  2.25537E+00
  3.41797E-01  2.24850E+00
  3.45703E-01  2.24154E+00
  3.49609E-01  2.23450E+00
  3.53516E-01  2.22739E+00
  3.57422E-01  2.22019E+00
  3.61328E-01  2.21291E+00
  3.65234E-01  2.20555E+00
  3.69141E-01  2.19810E+00
  3.73047E-01  2.19057E+00
  3.76953E-01  2.18296E+00
  3.80859E-01  2.17526E+00
  3.84766E-01  2.16748E+00
  3.88672E-01  2.15961E+00
  3.92578E-01  2.15166E+00
  3.96484E-01  2.14362E+00
  4.00391E-01  2.13549E+00
  4.04297E-01  2.12728E+00
  4.08203E-01  2.11897E+00
  4.12109E-01  2.11057E+00
  4.16016E-01  2.10209E+00
  4.19922E-01  2.09351E+00
  4.23828E-01  2.08483E+00
  4.27734E-01  2.07607E+00
  4.31641E-01  2.06721E+00
  4.35547E-01  2.05825E+00
  4.39453E-01  2.04920E+00
  4.43359E-01  2.04005E+00
  4.47266E-01  2.03080E+00
  4.51172E-01  2.02145E+00
  4.55078E-01  2.01200E+00
  4.58984E-01  2.00245E+00
  4.62891E-01  1.99279E+00
  4.66797E-01  1.98303E+00
  4.70703E-01  1.97316E+00
  4.74609E-01  1.96319E+00
  4.78516E-01  1.95310E+00
  4.82422E-01  1.94291E+00
  4.86328E-01  1.93260E+00
  4.90234E-01  1.92218E+00
  4.94141E-01  1.91164E+00
  4.98047E-01  1.90098E+00
  5.01953E-01  1.89021E+00
  5.05859E-01  1.87931E+00
  5.09766E-01  1.86829E+00
  5.13672E-01  1.85713E+00
  5.17578E-01  1.84586E+00
  5.21484E-01  1.83445E+00
  5.25391E-01  1.82290E+00
  5.29297E-01  1.81122E+00
  5.33203E-01  1.79940E+00
  5.37109E-01  1.78744E+00
  5.41016E-01  1.77533E+00
  5.44922E-01  1.76307E+00
  5.48828E-01  1.75066E+00
  5.52734E-01  1.73809E+00
  5.56641E-01  1.72536E+00
  5.60547E-01  1.71247E+00
  5.64453E-01  1.69941E+00
  5.68359E-01  1.68617E+00
  5.72266E-01  1.67276E+00
  5.76172E-01  1.65916E+00
  5.80078E-01  1.64538E+00
  5.83984E-01  1.63139E+00
  5.87891E-01  1.61721E+00
  5.91797E-01  1.60282E+00
  5.95703E-01  1.58822E+00
  5.99609E-01  1.57339E+00
  6.03516E-01  1.55833E+00
  6.07422E-01  1.54303E+00
  6.11328E-01  1.52748E+00
  6.15234E-01  1.51167E+00
  6.19141E-01  1.49559E+00
  6.23047E-01  1.47923E+00
  6.26953E-01  1.46257E+00
  6.30859E-01  1.44561E+00
  6.34766E-01  1.42832E+00
  6.38672E-01  1.41068E+00
  6.42578E-01  1.39269E+00
  6.46484E-01  1.37432E+00
  6.50391E-01  1.35554E+00
  6.54297E-01  1.33633E+00
  6.58203E-01  1.31667E+00
  6.62109E-01  1.29652E+00
  6.66016E-01  1.27585E+00
  6.69922E-01  1.25461E+00
  6.73828E-01  1.23277E+00
  6.77734E-01  1.21026E+00
  6.81641E-01  1.18704E+00
  6.85547E-01  1.16302E+00
  6.89453E-01  1.13814E+00
  6.93359E-01  1.11228E+00
  6.97266E-01  1.08532E+00
  7.01172E-01  1.05713E+00
  7.05078E-01  1.02752E+00
  7.08984E-01  9.96236E-01
  7.12891E-01  9.62977E-01
  7.16797E-01  9.27200E-01
  7.20703E-01  8.87181E-01
  7.24609E-01  8.32594E-01
  7.28516E-01  7.10156E-01
  7.32422E-01  1.44322E-01
  7.36328E-01  1.21813E-01
  7.40234E-01  1.19819E-01
  7.44141E-01  1.18257E-01
  7.48047E-01  1.16573E-01
  7.51953E-01  1.14936E-01
  7.55859E-01  1.13322E-01
  7.59766E-01  1.11744E-01
  7.63672E-01  1.10197E-01
  7.67578E-01  1.08679E-01
  7.71484E-01  1.07195E-01
  7.75391E-01  1.05736E-01
  7.79297E-01  1.04311E-01
  7.83203E-01  1.02908E-01
  7.87109E-01  1.01536E-01
  7.91016E-01  1.00187E-01
  7.94922E-01  9.88647E-02
  7.98828E-01  9.75686E-02
  8.02734E-01  9.62972E-02
  8.06641E-01  9.50492E-02
  8.10547E-01  9.38207E-02
  8.14453E-01  9.26191E-02
  8.18359E-01  9.14452E-02
  8.22266E-01  9.02942E-02
  8.26172E-01  8.91585E-02
  8.30078E-01  8.80402E-02
  8.33984E-01  8.69404E-02
  8.37891E-01  8.58646E-02
  8.41797E-01  8.48116E-02
  8.45703E-01  8.37807E-02
  8.49609E-01  8.27682E-02
  8.53516E-01  8.17724E-02
  8.57422E-01  8.07904E-02
  8.61328E-01  7.98257E-02
  8.65234E-01  7.88772E-02
  8.69141E-01  7.79476E-02
  8.73047E-01  7.70373E-02
  8.76953E-01  7.61462E-02
  8.80859E-01  7.52708E-02
  8.84766E-01  7.44100E-02
  8.88672E-01  7.35626E-02
  8.92578E-01  7.27284E-02
  8.96484E-01  7.19089E-02
  9.00391E-01  7.11048E-02
  9.04297E-01  7.03157E-02
  9.08203E-01  6.95446E-02
  9.12109E-01  6.87888E-02
  9.16016E-01  6.80458E-02
  9.19922E-01  6.73153E-02
  9.23828E-01  6.65966E-02
  9.27734E-01  6.58921E-02
  9.31641E-01  6.51978E-02
  9.35547E-01  6.45184E-02
  9.39453E-01  6.38520E-02
  9.43359E-01  6.32005E-02
  9.47266E-01  6.25627E-02
  9.51172E-01  6.19404E-02
  9.55078E-01  6.13307E-02
  9.58984E-01  6.07345E-02
  9.62891E-01  6.01530E-02
  9.66797E-01  5.95834E-02
  9.70703E-01  5.90300E-02
  9.74609E-01  5.84924E-02
  9.78516E-01  5.79713E-02
  9.82422E-01  5.74713E-02
  9.86328E-01  5.69971E-02
  9.90234E-01  5.65470E-02
  9.94141E-01  5.61338E-02
  9.98047E-01  5.59148E-02
  1.00195E+00  5.59148E-02
