 -1.95312E-03  2.52394E+00
  1.95312E-03  2.52394E+00
  5.85938E-03  2.52385E+00
  9.76562E-03  2.52366E+00
  1.36719E-02  2.52338E+00
  1.75781E-02  2.52301E+00
  2.14844E-02  2.52255E+00
  2.53906E-02  2.52199E+00
  2.92969E-02  2.52135E+00
  3.32031E-02  2.52061E+00
  3.71094E-02  2.51979E+00
  4.10156E-02  2.51888E+00
  4.49219E-02  2.51788E+00
  4.88281E-02  2.51680E+00
  5.27344E-02  2.51562E+00
  5.66406E-02  2.51436E+00
  6.05469E-02  2.51302E+00
  6.44531E-02  2.51159E+00
  6.83594E-02  2.51008E+00
  7.22656E-02  2.50848E+00
  7.61719E-02  2.50679E+00
  8.00781E-02  2.50503E+00
  8.39844E-02  2.50318E+00
  8.78906E-02  2.50125E+00
  9.17969E-02  2.49923E+00
  9.57031E-02  2.49713E+00
  9.96094E-02  2.49496E+00
  1.03516E-01  2.49270E+00
  1.07422E-01  2.49036E+00
  1.11328E-01  2.48794E+00
  1.15234E-01  2.48543E+00
  1.19141E-01  2.48285E+00
  1.23047E-01  2.48019E+00
  1.26953E-01  2.47745E+00
  1.30859E-01  2.47462E+00
  1.34766E-01  2.47172E+00
  1.38672E-01  2.46874E+00
  1.42578E-01  2.46569E+00
  1.46484E-01  2.46255E+00
  1.50391E-01  2.45933E+00
  1.54297E-01  2.45604E+00
  1.58203E-01  2.45267E+00
  1.62109E-01  2.44923E+00
  1.66016E-01  2.44570E+00
  1.69922E-01  2.44210E+00
  1.73828E-01  2.43842E+00
  1.77734E-01  2.43466E+00
  1.81641E-01  2.43083E+00
  1.85547E-01  2.42691E+00
  1.89453E-01  2.42293E+00
  1.93359E-01  2.41886E+00
  1.97266E-01  2.41472E+00
  2.01172E-01  2.41050E+00
  2.05078E-01  2.40620E+00
  2.08984E-01  2.40183E+00
  2.12891E-01  2.39739E+00
  2.16797E-01  2.39286E+00
  2.20703E-01  2.38826E+00
  2.24609E-01  2.38358E+00
  2.28516E-01  2.37883E+00
  2.32422E-01  2.37400E+00
  2.36328E-01  2.36909E+00
  2.40234E-01  2.36411E+00
  2.44141E-01  2.35904E+00
  2.48047E-01  2.35391E+00
  2.51953E-01  2.34869E+00
  2.55859E-01  2.34340E+00
  2.59766E-01  2.33803E+00
  2.63672E-01  2.33259E+00
  2.67578E-01  2.32707E+00
  2.71484E-01  2.32147E+00
  2.75391E-01  2.31579E+00
  2.79297E-01  2.31003E+00
  2.83203E-01  2.30420E+00
  2.87109E-01  2.29829E+00
  2.91016E-01  2.29230E+00
  2.94922E-01  2.28623E+00
  2.98828E-01  2.28008E+00
  3.02734E-01  2.27385E+00
  3.06641E-01  2.26754E+00
  3.10547E-01  2.26116E+00
  3.14453E-01  2.25469E+00
  3.18359E-01  2.24814E+00
  3.22266E-01  2.24151E+00
  3.26172E-01  2.23481E+00
  3.30078E-01  2.22802E+00
  3.33984E-01  2.22114E+00
  3.37891E-01  2.21419E+00
  3.41797E-01  2.20715E+00
  3.45703E-01  2.20003E+00
  3.49609E-01  2.19283E+00
  3.53516E-01  2.18554E+00
  3.57422E-01  2.17817E+00
  3.61328E-01  2.17072E+00
  3.65234E-01  2.16317E+00
  3.69141E-01  2.15554E+00
  3.73047E-01  2.14783E+00
  3.76953E-01  2.14003E+00
  3.80859E-01  2.13214E+00
  3.84766E-01  2.12416E+00
  3.88672E-01  2.11609E+00
  3.92578E-01  2.10793E+00
  3.96484E-01  2.09969E+00
  4.00391E-01  2.09135E+00
  4.04297E-01  2.08291E+00
  4.08203E-01  2.07439E+00
  4.12109E-01  2.06577E+00
  4.16016E-01  2.05706E+00
  4.19922E-01  2.04825E+00
  4.23828E-01  2.03935E+00
  4.27734E-01  2.03034E+00
  4.31641E-01  2.02124E+00
  4.35547E-01  2.01204E+00
  4.39453E-01  2.00274E+00
  4.43359E-01  1.99334E+00
  4.47266E-01  1.98384E+00
  4.51172E-01  1.97423E+00
  4.55078E-01  1.96451E+00
  4.58984E-01  1.95469E+00
  4.62891E-01  1.94476E+00
  4.66797E-01  1.93472E+00
  4.70703E-01  1.92457E+00
  4.74609E-01  1.91430E+00
  4.78516E-01  1.90392E+00
  4.82422E-01  1.89343E+00
  4.86328E-01  1.88282E+00
  4.90234E-01  1.87208E+00
  4.94141E-01  1.86123E+00
  4.98047E-01  1.85025E+00
  5.01953E-01  1.83914E+00
  5.05859E-01  1.82791E+00
  5.09766E-01  1.81655E+00
  5.13672E-01  1.80505E+00
  5.17578E-01  1.79341E+00
  5.21484E-01  1.78164E+00
  5.25391E-01  1.76973E+00
  5.29297E-01  1.75767E+00
  5.33203E-01  1.74547E+00
  5.37109E-01  1.73311E+00
  5.41016E-01  1.72061E+00
  5.44922E-01  1.70794E+00
  5.48828E-01  1.69511E+00
  5.52734E-01  1.68212E+00
  5.56641E-01  1.66896E+00
  5.60547E-01  1.65562E+00
  5.64453E-01  1.64210E+00
  5.68359E-01  1.62840E+00
  5.72266E-01  1.61452E+00
  5.76172E-01  1.60043E+00
  5.80078E-01  1.58615E+00
  5.83984E-01  1.57166E+00
  5.87891E-01  1.55695E+00
  5.91797E-01  1.54203E+00
  5.95703E-01  1.52687E+00
  5.99609E-01  1.51148E+00
  6.03516E-01  1.49585E+00
  6.07422E-01  1.47995E+00
  6.11328E-01  1.46380E+00
  6.15234E-01  1.44736E+00
  6.19141E-01  1.43064E+00
  6.23047E-01  1.41362E+00
  6.26953E-01  1.39628E+00
  6.30859E-01  1.37862E+00
  6.34766E-01  1.36060E+00
  6.38672E-01  1.34222E+00
  6.42578E-01  1.32346E+00
  6.46484E-01  1.30429E+00
  6.50391E-01  1.28468E+00
  6.54297E-01  1.26462E+00
  6.58203E-01  1.24407E+00
  6.62109E-01  1.22300E+00
  6.66016E-01  1.20136E+00
  6.69922E-01  1.17913E+00
  6.73828E-01  1.15624E+00
  6.77734E-01  1.13263E+00
  6.81641E-01  1.10826E+00
  6.85547E-01  1.08303E+00
  6.89453E-01  1.05686E+00
  6.93359E-01  1.02964E+00
  6.97266E-01  1.00123E+00
  7.01172E-01  9.71463E-01
  7.05078E-01  9.40138E-01
  7.08984E-01  9.06973E-01
  7.12891E-01  8.71568E-01
  7.16797E-01  8.33123E-01
  7.20703E-01  7.88687E-01
  7.24609E-01  7.23852E-01
  7.28516E-01  5.96521E-01
  7.32422E-01  3.09500E-01
  7.36328E-01  2.30264E-01
  7.40234E-01  2.13783E-01
  7.44141E-01  2.09000E-01
  7.48047E-01  2.06369E-01
  7.51953E-01  2.03530E-01
  7.55859E-01  2.00703E-01
  7.59766E-01  1.97948E-01
  7.63672E-01  1.95250E-01
  7.67578E-01  1.92611E-01
  7.71484E-01  1.90027E-01
  7.75391E-01  1.87501E-01
  7.79297E-01  1.85020E-01
  7.83203E-01  1.82599E-01
  7.87109E-01  1.80222E-01
  7.91016E-01  1.77894E-01
  7.94922E-01  1.75614E-01
  7.98828E-01  1.73378E-01
  8.02734E-01  1.71185E-01
  8.06641E-01  1.69038E-01
  8.10547E-01  1.66933E-01
  8.14453E-01  1.64868E-01
  8.18359E-01  1.62843E-01
  8.22266E-01  1.60857E-01
  8.26172E-01  1.58908E-01
  8.30078E-01  1.56998E-01
  8.33984E-01  1.55123E-01
  8.37891E-01  1.53284E-01
  8.41797E-01  1.51481E-01
  8.45703E-01  1.49711E-01
  8.49609E-01  1.47975E-01
  8.53516E-01  1.46271E-01
  8.57422E-01  1.44599E-01
  8.61328E-01  1.42959E-01
  8.65234E-01  1.41348E-01
  8.69141E-01  1.39767E-01
  8.73047E-01  1.38216E-01
  8.76953E-01  1.36693E-01
  8.80859E-01  1.35199E-01
  8.84766E-01  1.33735E-01
  8.88672E-01  1.32297E-01
  8.92578E-01  1.30884E-01
  8.96484E-01  1.29499E-01
  9.00391E-01  1.28143E-01
  9.04297E-01  1.26810E-01
  9.08203E-01  1.25501E-01
  9.12109E-01  1.24221E-01
  9.16016E-01  1.22964E-01
  9.19922E-01  1.21736E-01
  9.23828E-01  1.20529E-01
  9.27734E-01  1.19347E-01
  9.31641E-01  1.18189E-01
  9.35547E-01  1.17057E-01
  9.39453E-01  1.15951E-01
  9.43359E-01  1.14870E-01
  9.47266E-01  1.13813E-01
  9.51172E-01  1.12781E-01
  9.55078E-01  1.11777E-01
  9.58984E-01  1.10801E-01
  9.62891E-01  1.09853E-01
  9.66797E-01  1.08934E-01
  9.70703E-01  1.08048E-01
  9.74609E-01  1.07197E-01
  9.78516E-01  1.06386E-01
  9.82422E-01  1.05619E-01
  9.86328E-01  1.04908E-01
  9.90234E-01  1.04266E-01
  9.94141E-01  1.03723E-01
  9.98047E-01  1.03406E-01
  1.00195E+00  1.03406E-01
