 -1.95312E-03  2.55941E+00
  1.95312E-03  2.55941E+00
  5.85938E-03  2.55932E+00
  9.76562E-03  2.55913E+00
  1.36719E-02  2.55886E+00
  1.75781E-02  2.55849E+00
  2.14844E-02  2.55804E+00
  2.53906E-02  2.55750E+00
  2.92969E-02  2.55687E+00
  3.32031E-02  2.55615E+00
  3.71094E-02  2.55534E+00
  4.10156E-02  2.55445E+00
  4.49219E-02  2.55347E+00
  4.88281E-02  2.55241E+00
  5.27344E-02  2.55126E+00
  5.66406E-02  2.55003E+00
  6.05469E-02  2.54871E+00
  6.44531E-02  2.54731E+00
  6.83594E-02  2.54582E+00
  7.22656E-02  2.54425E+00
  7.61719E-02  2.54260E+00
  8.00781E-02  2.54087E+00
  8.39844E-02  2.53906E+00
  8.78906E-02  2.53716E+00
  9.17969E-02  2.53519E+00
  9.57031E-02  2.53313E+00
  9.96094E-02  2.53100E+00
  1.03516E-01  2.52879E+00
  1.07422E-01  2.52649E+00
  1.11328E-01  2.52412E+00
  1.15234E-01  2.52167E+00
  1.19141E-01  2.51914E+00
  1.23047E-01  2.51653E+00
  1.26953E-01  2.51384E+00
  1.30859E-01  2.51108E+00
  1.34766E-01  2.50824E+00
  1.38672E-01  2.50532E+00
  1.42578E-01  2.50233E+00
  1.46484E-01  2.49925E+00
  1.50391E-01  2.49610E+00
  1.54297E-01  2.49288E+00
  1.58203E-01  2.48958E+00
  1.62109E-01  2.48620E+00
  1.66016E-01  2.48275E+00
  1.69922E-01  2.47922E+00
  1.73828E-01  2.47561E+00
  1.77734E-01  2.47193E+00
  1.81641E-01  2.46818E+00
  1.85547E-01  2.46435E+00
  1.89453E-01  2.46044E+00
  1.93359E-01  2.45646E+00
  1.97266E-01  2.45240E+00
  2.01172E-01  2.44827E+00
  2.05078E-01  2.44406E+00
  2.08984E-01  2.43978E+00
  2.12891E-01  2.43543E+00
  2.16797E-01  2.43100E+00
  2.20703E-01  2.42649E+00
  2.24609E-01  2.42192E+00
  2.28516E-01  2.41726E+00
  2.32422E-01  2.41254E+00
  2.36328E-01  2.40773E+00
  2.40234E-01  2.40286E+00
  2.44141E-01  2.39790E+00
  2.48047E-01  2.39287E+00
  2.51953E-01  2.38777E+00
  2.55859E-01  2.38259E+00
  2.59766E-01  2.37734E+00
  2.63672E-01  2.37201E+00
  2.67578E-01  2.36661E+00
  2.71484E-01  2.36113E+00
  2.75391E-01  2.35558E+00
  2.79297E-01  2.34995E+00
  2.83203E-01  2.34425E+00
  2.87109E-01  2.33846E+00
  2.91016E-01  2.33261E+00
  2.94922E-01  2.32667E+00
  2.98828E-01  2.32066E+00
  3.02734E-01  2.31457E+00
  3.06641E-01  2.30841E+00
  3.10547E-01  2.30217E+00
  3.14453E-01  2.29585E+00
  3.18359E-01  2.28946E+00
  3.22266E-01  2.28298E+00
  3.26172E-01  2.27643E+00
  3.30078E-01  2.26980E+00
  3.33984E-01  2.26308E+00
  3.37891E-01  2.25629E+00
  3.41797E-01  2.24942E+00
  3.45703E-01  2.24247E+00
  3.49609E-01  2.23544E+00
  3.53516E-01  2.22832E+00
  3.57422E-01  2.22113E+00
  3.61328E-01  2.21385E+00
  3.65234E-01  2.20649E+00
  3.69141E-01  2.19905E+00
  3.73047E-01  2.19153E+00
  3.76953E-01  2.18392E+00
  3.80859E-01  2.17623E+00
  3.84766E-01  2.16845E+00
  3.88672E-01  2.16059E+00
  3.92578E-01  2.15264E+00
  3.96484E-01  2.14460E+00
  4.00391E-01  2.13648E+00
  4.04297E-01  2.12826E+00
  4.08203E-01  2.11996E+00
  4.12109E-01  2.11157E+00
  4.16016E-01  2.10309E+00
  4.19922E-01  2.09451E+00
  4.23828E-01  2.08584E+00
  4.27734E-01  2.07708E+00
  4.31641E-01  2.06823E+00
  4.35547E-01  2.05927E+00
  4.39453E-01  2.05023E+00
  4.43359E-01  2.04108E+00
  4.47266E-01  2.03184E+00
  4.51172E-01  2.02249E+00
  4.55078E-01  2.01305E+00
  4.58984E-01  2.00350E+00
  4.62891E-01  1.99385E+00
  4.66797E-01  1.98410E+00
  4.70703E-01  1.97424E+00
  4.74609E-01  1.96427E+00
  4.78516E-01  1.95419E+00
  4.82422E-01  1.94400E+00
  4.86328E-01  1.93370E+00
  4.90234E-01  1.92329E+00
  4.94141E-01  1.91276E+00
  4.98047E-01  1.90211E+00
  5.01953E-01  1.89134E+00
  5.05859E-01  1.88045E+00
  5.09766E-01  1.86943E+00
  5.13672E-01  1.85829E+00
  5.17578E-01  1.84702E+00
  5.21484E-01  1.83562E+00
  5.25391E-01  1.82408E+00
  5.29297E-01  1.81241E+00
  5.33203E-01  1.80060E+00
  5.37109E-01  1.78865E+00
  5.41016E-01  1.77655E+00
  5.44922E-01  1.76430E+00
  5.48828E-01  1.75190E+00
  5.52734E-01  1.73935E+00
  5.56641E-01  1.72663E+00
  5.60547E-01  1.71375E+00
  5.64453E-01  1.70070E+00
  5.68359E-01  1.68748E+00
  5.72266E-01  1.67408E+00
  5.76172E-01  1.66050E+00
  5.80078E-01  1.64673E+00
  5.83984E-01  1.63276E+00
  5.87891E-01  1.61859E+00
  5.91797E-01  1.60421E+00
  5.95703E-01  1.58962E+00
  5.99609E-01  1.57481E+00
  6.03516E-01  1.55976E+00
  6.07422E-01  1.54448E+00
  6.11328E-01  1.52895E+00
  6.15234E-01  1.51315E+00
  6.19141E-01  1.49709E+00
  6.23047E-01  1.48074E+00
  6.26953E-01  1.46410E+00
  6.30859E-01  1.44715E+00
  6.34766E-01  1.42987E+00
  6.38672E-01  1.41226E+00
  6.42578E-01  1.39428E+00
  6.46484E-01  1.37593E+00
  6.50391E-01  1.35717E+00
  6.54297E-01  1.33798E+00
  6.58203E-01  1.31834E+00
  6.62109E-01  1.29821E+00
  6.66016E-01  1.27757E+00
  6.69922E-01  1.25636E+00
  6.73828E-01  1.23455E+00
  6.77734E-01  1.21208E+00
  6.81641E-01  1.18889E+00
  6.85547E-01  1.16492E+00
  6.89453E-01  1.14007E+00
  6.93359E-01  1.11426E+00
  6.97266E-01  1.08737E+00
  7.01172E-01  1.05924E+00
  7.05078E-01  1.02969E+00
  7.08984E-01  9.98503E-01
  7.12891E-01  9.65346E-01
  7.16797E-01  9.29693E-01
  7.20703E-01  8.89871E-01
  7.24609E-01  8.35832E-01
  7.28516E-01  7.14720E-01
  7.32422E-01  1.41049E-01
  7.36328E-01  1.19528E-01
  7.40234E-01  1.17635E-01
  7.44141E-01  1.16070E-01
  7.48047E-01  1.14414E-01
  7.51953E-01  1.12807E-01
  7.55859E-01  1.11220E-01
  7.59766E-01  1.09672E-01
  7.63672E-01  1.08150E-01
  7.67578E-01  1.06661E-01
  7.71484E-01  1.05204E-01
  7.75391E-01  1.03770E-01
  7.79297E-01  1.02371E-01
  7.83203E-01  1.00992E-01
  7.87109E-01  9.96440E-02
  7.91016E-01  9.83176E-02
  7.94922E-01  9.70205E-02
  7.98828E-01  9.57487E-02
  8.02734E-01  9.44980E-02
  8.06641E-01  9.32667E-02
  8.10547E-01  9.20628E-02
  8.14453E-01  9.08899E-02
  8.18359E-01  8.97366E-02
  8.22266E-01  8.86021E-02
  8.26172E-01  8.74840E-02
  8.30078E-01  8.63838E-02
  8.33984E-01  8.53038E-02
  8.37891E-01  8.42502E-02
  8.41797E-01  8.32176E-02
  8.45703E-01  8.22053E-02
  8.49609E-01  8.12099E-02
  8.53516E-01  8.02290E-02
  8.57422E-01  7.92637E-02
  8.61328E-01  7.83151E-02
  8.65234E-01  7.73846E-02
  8.69141E-01  7.64728E-02
  8.73047E-01  7.55804E-02
  8.76953E-01  7.47045E-02
  8.80859E-01  7.38427E-02
  8.84766E-01  7.29976E-02
  8.88672E-01  7.21618E-02
  8.92578E-01  7.13413E-02
  8.96484E-01  7.05377E-02
  9.00391E-01  6.97480E-02
  9.04297E-01  6.89751E-02
  9.08203E-01  6.82170E-02
  9.12109E-01  6.74725E-02
  9.16016E-01  6.67434E-02
  9.19922E-01  6.60254E-02
  9.23828E-01  6.53201E-02
  9.27734E-01  6.46242E-02
  9.31641E-01  6.39409E-02
  9.35547E-01  6.32750E-02
  9.39453E-01  6.26216E-02
  9.43359E-01  6.19811E-02
  9.47266E-01  6.13541E-02
  9.51172E-01  6.07414E-02
  9.55078E-01  6.01424E-02
  9.58984E-01  5.95563E-02
  9.62891E-01  5.89835E-02
  9.66797E-01  5.84236E-02
  9.70703E-01  5.78792E-02
  9.74609E-01  5.73491E-02
  9.78516E-01  5.68373E-02
  9.82422E-01  5.63448E-02
  9.86328E-01  5.58774E-02
  9.90234E-01  5.54333E-02
  9.94141E-01  5.50243E-02
  9.98047E-01  5.48097E-02
  1.00195E+00  5.48097E-02
