 -1.95312E-03  2.57325E+00
  1.95312E-03  2.57325E+00
  5.85938E-03  2.57316E+00
  9.76562E-03  2.57298E+00
  1.36719E-02  2.57271E+00
  1.75781E-02  2.57234E+00
  2.14844E-02  2.57189E+00
  2.53906E-02  2.57136E+00
  2.92969E-02  2.57073E+00
  3.32031E-02  2.57002E+00
  3.71094E-02  2.56922E+00
  4.10156E-02  2.56833E+00
  4.49219E-02  2.56736E+00
  4.88281E-02  2.56631E+00
  5.27344E-02  2.56517E+00
  5.66406E-02  2.56395E+00
  6.05469E-02  2.56264E+00
  6.44531E-02  2.56125E+00
  6.83594E-02  2.55978E+00
  7.22656E-02  2.55822E+00
  7.61719E-02  2.55659E+00
  8.00781E-02  2.55487E+00
  8.39844E-02  2.55307E+00
  8.78906E-02  2.55119E+00
  9.17969E-02  2.54924E+00
  9.57031E-02  2.54720E+00
  9.96094E-02  2.54508E+00
  1.03516E-01  2.54288E+00
  1.07422E-01  2.54061E+00
  1.11328E-01  2.53826E+00
  1.15234E-01  2.53582E+00
  1.19141E-01  2.53331E+00
  1.23047E-01  2.53073E+00
  1.26953E-01  2.52806E+00
  1.30859E-01  2.52532E+00
  1.34766E-01  2.52250E+00
  1.38672E-01  2.51961E+00
  1.42578E-01  2.51664E+00
  1.46484E-01  2.51359E+00
  1.50391E-01  2.51047E+00
  1.54297E-01  2.50727E+00
  1.58203E-01  2.50399E+00
  1.62109E-01  2.50064E+00
  1.66016E-01  2.49722E+00
  1.69922E-01  2.49372E+00
  1.73828E-01  2.49015E+00
  1.77734E-01  2.48650E+00
  1.81641E-01  2.48277E+00
  1.85547E-01  2.47898E+00
  1.89453E-01  2.47511E+00
  1.93359E-01  2.47116E+00
  1.97266E-01  2.46714E+00
  2.01172E-01  2.46304E+00
  2.05078E-01  2.45887E+00
  2.08984E-01  2.45463E+00
  2.12891E-01  2.45032E+00
  2.16797E-01  2.44593E+00
  2.20703E-01  2.44146E+00
  2.24609E-01  2.43693E+00
  2.28516E-01  2.43231E+00
  2.32422E-01  2.42763E+00
  2.36328E-01  2.42287E+00
  2.40234E-01  2.41804E+00
  2.44141E-01  2.41313E+00
  2.48047E-01  2.40815E+00
  2.51953E-01  2.40309E+00
  2.55859E-01  2.39796E+00
  2.59766E-01  2.39275E+00
  2.63672E-01  2.38747E+00
  2.67578E-01  2.38212E+00
  2.71484E-01  2.37669E+00
  2.75391E-01  2.37119E+00
  2.79297E-01  2.36561E+00
  2.83203E-01  2.35996E+00
  2.87109E-01  2.35423E+00
  2.91016E-01  2.34843E+00
  2.94922E-01  2.34255E+00
  2.98828E-01  2.33660E+00
  3.02734E-01  2.33057E+00
  3.06641E-01  2.32447E+00
  3.10547E-01  2.31829E+00
  3.14453E-01  2.31203E+00
  3.18359E-01  2.30569E+00
  3.22266E-01  2.29928E+00
  3.26172E-01  2.29279E+00
  3.30078E-01  2.28623E+00
  3.33984E-01  2.27958E+00
  3.37891E-01  2.27286E+00
  3.41797E-01  2.26606E+00
  3.45703E-01  2.25918E+00
  3.49609E-01  2.25221E+00
  3.53516E-01  2.24517E+00
  3.57422E-01  2.23805E+00
  3.61328E-01  2.23085E+00
  3.65234E-01  2.22357E+00
  3.69141E-01  2.21620E+00
  3.73047E-01  2.20875E+00
  3.76953E-01  2.20122E+00
  3.80859E-01  2.19361E+00
  3.84766E-01  2.18591E+00
  3.88672E-01  2.17813E+00
  3.92578E-01  2.17027E+00
  3.96484E-01  2.16231E+00
  4.00391E-01  2.15428E+00
  4.04297E-01  2.14615E+00
  4.08203E-01  2.13794E+00
  4.12109E-01  2.12964E+00
  4.16016E-01  2.12125E+00
  4.19922E-01  2.11277E+00
  4.23828E-01  2.10420E+00
  4.27734E-01  2.09553E+00
  4.31641E-01  2.08678E+00
  4.35547E-01  2.07793E+00
  4.39453E-01  2.06898E+00
  4.43359E-01  2.05994E+00
  4.47266E-01  2.05080E+00
  4.51172E-01  2.04157E+00
  4.55078E-01  2.03224E+00
  4.58984E-01  2.02280E+00
  4.62891E-01  2.01327E+00
  4.66797E-01  2.00364E+00
  4.70703E-01  1.99390E+00
  4.74609E-01  1.98405E+00
  4.78516E-01  1.97410E+00
  4.82422E-01  1.96404E+00
  4.86328E-01  1.95387E+00
  4.90234E-01  1.94359E+00
  4.94141E-01  1.93319E+00
  4.98047E-01  1.92268E+00
  5.01953E-01  1.91205E+00
  5.05859E-01  1.90131E+00
  5.09766E-01  1.89044E+00
  5.13672E-01  1.87945E+00
  5.17578E-01  1.86833E+00
  5.21484E-01  1.85709E+00
  5.25391E-01  1.84571E+00
  5.29297E-01  1.83421E+00
  5.33203E-01  1.82256E+00
  5.37109E-01  1.81078E+00
  5.41016E-01  1.79886E+00
  5.44922E-01  1.78679E+00
  5.48828E-01  1.77458E+00
  5.52734E-01  1.76221E+00
  5.56641E-01  1.74969E+00
  5.60547E-01  1.73701E+00
  5.64453E-01  1.72416E+00
  5.68359E-01  1.71114E+00
  5.72266E-01  1.69796E+00
  5.76172E-01  1.68459E+00
  5.80078E-01  1.67105E+00
  5.83984E-01  1.65731E+00
  5.87891E-01  1.64338E+00
  5.91797E-01  1.62925E+00
  5.95703E-01  1.61492E+00
  5.99609E-01  1.60037E+00
  6.03516E-01  1.58559E+00
  6.07422E-01  1.57059E+00
  6.11328E-01  1.55535E+00
  6.15234E-01  1.53986E+00
  6.19141E-01  1.52410E+00
  6.23047E-01  1.50808E+00
  6.26953E-01  1.49178E+00
  6.30859E-01  1.47518E+00
  6.34766E-01  1.45828E+00
  6.38672E-01  1.44104E+00
  6.42578E-01  1.42347E+00
  6.46484E-01  1.40553E+00
  6.50391E-01  1.38721E+00
  6.54297E-01  1.36849E+00
  6.58203E-01  1.34933E+00
  6.62109E-01  1.32972E+00
  6.66016E-01  1.30961E+00
  6.69922E-01  1.28898E+00
  6.73828E-01  1.26778E+00
  6.77734E-01  1.24597E+00
  6.81641E-01  1.22348E+00
  6.85547E-01  1.20027E+00
  6.89453E-01  1.17624E+00
  6.93359E-01  1.15133E+00
  6.97266E-01  1.12543E+00
  7.01172E-01  1.09842E+00
  7.05078E-01  1.07013E+00
  7.08984E-01  1.04037E+00
  7.12891E-01  1.00889E+00
  7.16797E-01  9.75309E-01
  7.20703E-01  9.38576E-01
  7.24609E-01  8.92045E-01
  7.28516E-01  7.89316E-01
  7.32422E-01  8.48212E-02
  7.36328E-01  7.76102E-02
  7.40234E-01  7.67052E-02
  7.44141E-01  7.55819E-02
  7.48047E-01  7.44972E-02
  7.51953E-01  7.34281E-02
  7.55859E-01  7.23926E-02
  7.59766E-01  7.13601E-02
  7.63672E-01  7.03573E-02
  7.67578E-01  6.93582E-02
  7.71484E-01  6.83931E-02
  7.75391E-01  6.74407E-02
  7.79297E-01  6.65148E-02
  7.83203E-01  6.56033E-02
  7.87109E-01  6.47212E-02
  7.91016E-01  6.38403E-02
  7.94922E-01  6.29838E-02
  7.98828E-01  6.21343E-02
  8.02734E-01  6.13013E-02
  8.06641E-01  6.04904E-02
  8.10547E-01  5.96901E-02
  8.14453E-01  5.89091E-02
  8.18359E-01  5.81403E-02
  8.22266E-01  5.73900E-02
  8.26172E-01  5.66507E-02
  8.30078E-01  5.59258E-02
  8.33984E-01  5.52124E-02
  8.37891E-01  5.45099E-02
  8.41797E-01  5.38218E-02
  8.45703E-01  5.31449E-02
  8.49609E-01  5.24842E-02
  8.53516E-01  5.18319E-02
  8.57422E-01  5.11926E-02
  8.61328E-01  5.05669E-02
  8.65234E-01  4.99516E-02
  8.69141E-01  4.93468E-02
  8.73047E-01  4.87517E-02
  8.76953E-01  4.81672E-02
  8.80859E-01  4.75923E-02
  8.84766E-01  4.70277E-02
  8.88672E-01  4.64726E-02
  8.92578E-01  4.59263E-02
  8.96484E-01  4.53888E-02
  9.00391E-01  4.48598E-02
  9.04297E-01  4.43449E-02
  9.08203E-01  4.38390E-02
  9.12109E-01  4.33402E-02
  9.16016E-01  4.28542E-02
  9.19922E-01  4.23747E-02
  9.23828E-01  4.19048E-02
  9.27734E-01  4.14429E-02
  9.31641E-01  4.09896E-02
  9.35547E-01  4.05446E-02
  9.39453E-01  4.01058E-02
  9.43359E-01  3.96777E-02
  9.47266E-01  3.92547E-02
  9.51172E-01  3.88435E-02
  9.55078E-01  3.84385E-02
  9.58984E-01  3.80416E-02
  9.62891E-01  3.76527E-02
  9.66797E-01  3.72716E-02
  9.70703E-01  3.69008E-02
  9.74609E-01  3.65387E-02
  9.78516E-01  3.61881E-02
  9.82422E-01  3.58458E-02
  9.86328E-01  3.55111E-02
  9.90234E-01  3.51937E-02
  9.94141E-01  3.49003E-02
  9.98047E-01  3.47578E-02
  1.00195E+00  3.47578E-02
