 -1.95312E-03  2.58071E+00
  1.95312E-03  2.58071E+00
  5.85938E-03  2.58062E+00
  9.76562E-03  2.58044E+00
  1.36719E-02  2.58017E+00
  1.75781E-02  2.57981E+00
  2.14844E-02  2.57936E+00
  2.53906E-02  2.57882E+00
  2.92969E-02  2.57820E+00
  3.32031E-02  2.57749E+00
  3.71094E-02  2.57669E+00
  4.10156E-02  2.57581E+00
  4.49219E-02  2.57485E+00
  4.88281E-02  2.57380E+00
  5.27344E-02  2.57266E+00
  5.66406E-02  2.57145E+00
  6.05469E-02  2.57015E+00
  6.44531E-02  2.56876E+00
  6.83594E-02  2.56730E+00
  7.22656E-02  2.56575E+00
  7.61719E-02  2.56412E+00
  8.00781E-02  2.56242E+00
  8.39844E-02  2.56063E+00
  8.78906E-02  2.55876E+00
  9.17969E-02  2.55681E+00
  9.57031E-02  2.55478E+00
  9.96094E-02  2.55267E+00
  1.03516E-01  2.55049E+00
  1.07422E-01  2.54822E+00
  1.11328E-01  2.54588E+00
  1.15234E-01  2.54346E+00
  1.19141E-01  2.54096E+00
  1.23047E-01  2.53838E+00
  1.26953E-01  2.53573E+00
  1.30859E-01  2.53300E+00
  1.34766E-01  2.53020E+00
  1.38672E-01  2.52732E+00
  1.42578E-01  2.52436E+00
  1.46484E-01  2.52133E+00
  1.50391E-01  2.51822E+00
  1.54297E-01  2.51504E+00
  1.58203E-01  2.51178E+00
  1.62109E-01  2.50845E+00
  1.66016E-01  2.50504E+00
  1.69922E-01  2.50155E+00
  1.73828E-01  2.49799E+00
  1.77734E-01  2.49436E+00
  1.81641E-01  2.49066E+00
  1.85547E-01  2.48687E+00
  1.89453E-01  2.48302E+00
  1.93359E-01  2.47909E+00
  1.97266E-01  2.47509E+00
  2.01172E-01  2.47101E+00
  2.05078E-01  2.46686E+00
  2.08984E-01  2.46264E+00
  2.12891E-01  2.45834E+00
  2.16797E-01  2.45397E+00
  2.20703E-01  2.44952E+00
  2.24609E-01  2.44501E+00
  2.28516E-01  2.44041E+00
  2.32422E-01  2.43575E+00
  2.36328E-01  2.43101E+00
  2.40234E-01  2.42620E+00
  2.44141E-01  2.42131E+00
  2.48047E-01  2.41635E+00
  2.51953E-01  2.41132E+00
  2.55859E-01  2.40621E+00
  2.59766E-01  2.40103E+00
  2.63672E-01  2.39578E+00
  2.67578E-01  2.39045E+00
  2.71484E-01  2.38504E+00
  2.75391E-01  2.37957E+00
  2.79297E-01  2.37401E+00
  2.83203E-01  2.36839E+00
  2.87109E-01  2.36269E+00
  2.91016E-01  2.35691E+00
  2.94922E-01  2.35106E+00
  2.98828E-01  2.34513E+00
  3.02734E-01  2.33913E+00
  3.06641E-01  2.33305E+00
  3.10547E-01  2.32690E+00
  3.14453E-01  2.32067E+00
  3.18359E-01  2.31437E+00
  3.22266E-01  2.30799E+00
  3.26172E-01  2.30153E+00
  3.30078E-01  2.29500E+00
  3.33984E-01  2.28839E+00
  3.37891E-01  2.28170E+00
  3.41797E-01  2.27493E+00
  3.45703E-01  2.26809E+00
  3.49609E-01  2.26117E+00
  3.53516E-01  2.25416E+00
  3.57422E-01  2.24708E+00
  3.61328E-01  2.23992E+00
  3.65234E-01  2.23268E+00
  3.69141E-01  2.22535E+00
  3.73047E-01  2.21795E+00
  3.76953E-01  2.21046E+00
  3.80859E-01  2.20288E+00
  3.84766E-01  2.19523E+00
  3.88672E-01  2.18749E+00
  3.92578E-01  2.17967E+00
  3.96484E-01  2.17176E+00
  4.00391E-01  2.16377E+00
  4.04297E-01  2.15569E+00
  4.08203E-01  2.14753E+00
  4.12109E-01  2.13927E+00
  4.16016E-01  2.13093E+00
  4.19922E-01  2.12250E+00
  4.23828E-01  2.11398E+00
  4.27734E-01  2.10536E+00
  4.31641E-01  2.09666E+00
  4.35547E-01  2.08786E+00
  4.39453E-01  2.07897E+00
  4.43359E-01  2.06999E+00
  4.47266E-01  2.06091E+00
  4.51172E-01  2.05173E+00
  4.55078E-01  2.04246E+00
  4.58984E-01  2.03308E+00
  4.62891E-01  2.02361E+00
  4.66797E-01  2.01403E+00
  4.70703E-01  2.00436E+00
  4.74609E-01  1.99458E+00
  4.78516E-01  1.98469E+00
  4.82422E-01  1.97469E+00
  4.86328E-01  1.96459E+00
  4.90234E-01  1.95438E+00
  4.94141E-01  1.94406E+00
  4.98047E-01  1.93362E+00
  5.01953E-01  1.92306E+00
  5.05859E-01  1.91239E+00
  5.09766E-01  1.90160E+00
  5.13672E-01  1.89069E+00
  5.17578E-01  1.87965E+00
  5.21484E-01  1.86849E+00
  5.25391E-01  1.85720E+00
  5.29297E-01  1.84578E+00
  5.33203E-01  1.83423E+00
  5.37109E-01  1.82253E+00
  5.41016E-01  1.81070E+00
  5.44922E-01  1.79873E+00
  5.48828E-01  1.78661E+00
  5.52734E-01  1.77434E+00
  5.56641E-01  1.76192E+00
  5.60547E-01  1.74934E+00
  5.64453E-01  1.73661E+00
  5.68359E-01  1.72370E+00
  5.72266E-01  1.71063E+00
  5.76172E-01  1.69738E+00
  5.80078E-01  1.68395E+00
  5.83984E-01  1.67034E+00
  5.87891E-01  1.65654E+00
  5.91797E-01  1.64254E+00
  5.95703E-01  1.62834E+00
  5.99609E-01  1.61393E+00
  6.03516E-01  1.59930E+00
  6.07422E-01  1.58445E+00
  6.11328E-01  1.56936E+00
  6.15234E-01  1.55402E+00
  6.19141E-01  1.53844E+00
  6.23047E-01  1.52259E+00
  6.26953E-01  1.50646E+00
  6.30859E-01  1.49004E+00
  6.34766E-01  1.47333E+00
  6.38672E-01  1.45629E+00
  6.42578E-01  1.43892E+00
  6.46484E-01  1.42120E+00
  6.50391E-01  1.40311E+00
  6.54297E-01  1.38463E+00
  6.58203E-01  1.36573E+00
  6.62109E-01  1.34638E+00
  6.66016E-01  1.32655E+00
  6.69922E-01  1.30621E+00
  6.73828E-01  1.28533E+00
  6.77734E-01  1.26385E+00
  6.81641E-01  1.24173E+00
  6.85547E-01  1.21891E+00
  6.89453E-01  1.19531E+00
  6.93359E-01  1.17087E+00
  6.97266E-01  1.14547E+00
  7.01172E-01  1.11901E+00
  7.05078E-01  1.09135E+00
  7.08984E-01  1.06230E+00
  7.12891E-01  1.03164E+00
  7.16797E-01  9.99023E-01
  7.20703E-01  9.63611E-01
  7.24609E-01  9.19815E-01
  7.28516E-01  8.23822E-01
  7.32422E-01  5.81092E-02
  7.36328E-01  5.50753E-02
  7.40234E-01  5.44538E-02
  7.44141E-01  5.36437E-02
  7.48047E-01  5.28649E-02
  7.51953E-01  5.20932E-02
  7.55859E-01  5.13455E-02
  7.59766E-01  5.06029E-02
  7.63672E-01  4.98909E-02
  7.67578E-01  4.91799E-02
  7.71484E-01  4.84936E-02
  7.75391E-01  4.78063E-02
  7.79297E-01  4.71408E-02
  7.83203E-01  4.64778E-02
  7.87109E-01  4.58385E-02
  7.91016E-01  4.52014E-02
  7.94922E-01  4.45884E-02
  7.98828E-01  4.39791E-02
  8.02734E-01  4.33881E-02
  8.06641E-01  4.28013E-02
  8.10547E-01  4.22319E-02
  8.14453E-01  4.16629E-02
  8.18359E-01  4.11134E-02
  8.22266E-01  4.05701E-02
  8.26172E-01  4.00414E-02
  8.30078E-01  3.95155E-02
  8.33984E-01  3.90068E-02
  8.37891E-01  3.85005E-02
  8.41797E-01  3.80082E-02
  8.45703E-01  3.75209E-02
  8.49609E-01  3.70475E-02
  8.53516E-01  3.65805E-02
  8.57422E-01  3.61183E-02
  8.61328E-01  3.56630E-02
  8.65234E-01  3.52193E-02
  8.69141E-01  3.47883E-02
  8.73047E-01  3.43571E-02
  8.76953E-01  3.39360E-02
  8.80859E-01  3.35242E-02
  8.84766E-01  3.31159E-02
  8.88672E-01  3.27204E-02
  8.92578E-01  3.23300E-02
  8.96484E-01  3.19466E-02
  9.00391E-01  3.15722E-02
  9.04297E-01  3.12061E-02
  9.08203E-01  3.08422E-02
  9.12109E-01  3.04826E-02
  9.16016E-01  3.01288E-02
  9.19922E-01  2.97851E-02
  9.23828E-01  2.94485E-02
  9.27734E-01  2.91154E-02
  9.31641E-01  2.87852E-02
  9.35547E-01  2.84623E-02
  9.39453E-01  2.81489E-02
  9.43359E-01  2.78402E-02
  9.47266E-01  2.75343E-02
  9.51172E-01  2.72321E-02
  9.55078E-01  2.69358E-02
  9.58984E-01  2.66467E-02
  9.62891E-01  2.63675E-02
  9.66797E-01  2.60926E-02
  9.70703E-01  2.58214E-02
  9.74609E-01  2.55549E-02
  9.78516E-01  2.52952E-02
  9.82422E-01  2.50428E-02
  9.86328E-01  2.47967E-02
  9.90234E-01  2.45558E-02
  9.94141E-01  2.43498E-02
  9.98047E-01  2.42625E-02
  1.00195E+00  2.42625E-02
