 -1.95312E-03  2.51936E+00
  1.95312E-03  2.51936E+00
  5.85938E-03  2.51927E+00
  9.76562E-03  2.51908E+00
  1.36719E-02  2.51880E+00
  1.75781E-02  2.51842E+00
  2.14844E-02  2.51796E+00
  2.53906E-02  2.51741E+00
  2.92969E-02  2.51676E+00
  3.32031E-02  2.51603E+00
  3.71094E-02  2.51520E+00
  4.10156E-02  2.51429E+00
  4.49219E-02  2.51329E+00
  4.88281E-02  2.51220E+00
  5.27344E-02  2.51102E+00
  5.66406E-02  2.50976E+00
  6.05469E-02  2.50841E+00
  6.44531E-02  2.50698E+00
  6.83594E-02  2.50546E+00
  7.22656E-02  2.50386E+00
  7.61719E-02  2.50217E+00
  8.00781E-02  2.50040E+00
  8.39844E-02  2.49854E+00
  8.78906E-02  2.49660E+00
  9.17969E-02  2.49459E+00
  9.57031E-02  2.49248E+00
  9.96094E-02  2.49030E+00
  1.03516E-01  2.48803E+00
  1.07422E-01  2.48569E+00
  1.11328E-01  2.48326E+00
  1.15234E-01  2.48075E+00
  1.19141E-01  2.47816E+00
  1.23047E-01  2.47549E+00
  1.26953E-01  2.47274E+00
  1.30859E-01  2.46991E+00
  1.34766E-01  2.46700E+00
  1.38672E-01  2.46401E+00
  1.42578E-01  2.46095E+00
  1.46484E-01  2.45780E+00
  1.50391E-01  2.45458E+00
  1.54297E-01  2.45128E+00
  1.58203E-01  2.44790E+00
  1.62109E-01  2.44444E+00
  1.66016E-01  2.44090E+00
  1.69922E-01  2.43729E+00
  1.73828E-01  2.43360E+00
  1.77734E-01  2.42983E+00
  1.81641E-01  2.42599E+00
  1.85547E-01  2.42206E+00
  1.89453E-01  2.41806E+00
  1.93359E-01  2.41399E+00
  1.97266E-01  2.40983E+00
  2.01172E-01  2.40560E+00
  2.05078E-01  2.40130E+00
  2.08984E-01  2.39691E+00
  2.12891E-01  2.39245E+00
  2.16797E-01  2.38792E+00
  2.20703E-01  2.38330E+00
  2.24609E-01  2.37861E+00
  2.28516E-01  2.37384E+00
  2.32422E-01  2.36900E+00
  2.36328E-01  2.36408E+00
  2.40234E-01  2.35908E+00
  2.44141E-01  2.35400E+00
  2.48047E-01  2.34885E+00
  2.51953E-01  2.34362E+00
  2.55859E-01  2.33832E+00
  2.59766E-01  2.33293E+00
  2.63672E-01  2.32747E+00
  2.67578E-01  2.32193E+00
  2.71484E-01  2.31631E+00
  2.75391E-01  2.31062E+00
  2.79297E-01  2.30484E+00
  2.83203E-01  2.29899E+00
  2.87109E-01  2.29306E+00
  2.91016E-01  2.28705E+00
  2.94922E-01  2.28096E+00
  2.98828E-01  2.27480E+00
  3.02734E-01  2.26855E+00
  3.06641E-01  2.26222E+00
  3.10547E-01  2.25582E+00
  3.14453E-01  2.24933E+00
  3.18359E-01  2.24276E+00
  3.22266E-01  2.23611E+00
  3.26172E-01  2.22938E+00
  3.30078E-01  2.22257E+00
  3.33984E-01  2.21567E+00
  3.37891E-01  2.20870E+00
  3.41797E-01  2.20164E+00
  3.45703E-01  2.19449E+00
  3.49609E-01  2.18726E+00
  3.53516E-01  2.17995E+00
  3.57422E-01  2.17256E+00
  3.61328E-01  2.16507E+00
  3.65234E-01  2.15750E+00
  3.69141E-01  2.14985E+00
  3.73047E-01  2.14211E+00
  3.76953E-01  2.13428E+00
  3.80859E-01  2.12636E+00
  3.84766E-01  2.11836E+00
  3.88672E-01  2.11026E+00
  3.92578E-01  2.10207E+00
  3.96484E-01  2.09380E+00
  4.00391E-01  2.08543E+00
  4.04297E-01  2.07696E+00
  4.08203E-01  2.06841E+00
  4.12109E-01  2.05976E+00
  4.16016E-01  2.05101E+00
  4.19922E-01  2.04217E+00
  4.23828E-01  2.03324E+00
  4.27734E-01  2.02420E+00
  4.31641E-01  2.01507E+00
  4.35547E-01  2.00583E+00
  4.39453E-01  1.99650E+00
  4.43359E-01  1.98706E+00
  4.47266E-01  1.97752E+00
  4.51172E-01  1.96787E+00
  4.55078E-01  1.95811E+00
  4.58984E-01  1.94825E+00
  4.62891E-01  1.93828E+00
  4.66797E-01  1.92820E+00
  4.70703E-01  1.91800E+00
  4.74609E-01  1.90769E+00
  4.78516E-01  1.89727E+00
  4.82422E-01  1.88673E+00
  4.86328E-01  1.87607E+00
  4.90234E-01  1.86529E+00
  4.94141E-01  1.85438E+00
  4.98047E-01  1.84336E+00
  5.01953E-01  1.83220E+00
  5.05859E-01  1.82091E+00
  5.09766E-01  1.80950E+00
  5.13672E-01  1.79795E+00
  5.17578E-01  1.78626E+00
  5.21484E-01  1.77443E+00
  5.25391E-01  1.76246E+00
  5.29297E-01  1.75035E+00
  5.33203E-01  1.73808E+00
  5.37109E-01  1.72567E+00
  5.41016E-01  1.71310E+00
  5.44922E-01  1.70037E+00
  5.48828E-01  1.68747E+00
  5.52734E-01  1.67441E+00
  5.56641E-01  1.66118E+00
  5.60547E-01  1.64778E+00
  5.64453E-01  1.63419E+00
  5.68359E-01  1.62042E+00
  5.72266E-01  1.60645E+00
  5.76172E-01  1.59229E+00
  5.80078E-01  1.57793E+00
  5.83984E-01  1.56336E+00
  5.87891E-01  1.54857E+00
  5.91797E-01  1.53356E+00
  5.95703E-01  1.51832E+00
  5.99609E-01  1.50284E+00
  6.03516E-01  1.48711E+00
  6.07422E-01  1.47112E+00
  6.11328E-01  1.45487E+00
  6.15234E-01  1.43833E+00
  6.19141E-01  1.42151E+00
  6.23047E-01  1.40438E+00
  6.26953E-01  1.38693E+00
  6.30859E-01  1.36915E+00
  6.34766E-01  1.35101E+00
  6.38672E-01  1.33252E+00
  6.42578E-01  1.31362E+00
  6.46484E-01  1.29432E+00
  6.50391E-01  1.27459E+00
  6.54297E-01  1.25439E+00
  6.58203E-01  1.23369E+00
  6.62109E-01  1.21247E+00
  6.66016E-01  1.19068E+00
  6.69922E-01  1.16829E+00
  6.73828E-01  1.14523E+00
  6.77734E-01  1.12146E+00
  6.81641E-01  1.09690E+00
  6.85547E-01  1.07149E+00
  6.89453E-01  1.04513E+00
  6.93359E-01  1.01771E+00
  6.97266E-01  9.89093E-01
  7.01172E-01  9.59121E-01
  7.05078E-01  9.27585E-01
  7.08984E-01  8.94209E-01
  7.12891E-01  8.58604E-01
  7.16797E-01  8.20021E-01
  7.20703E-01  7.75917E-01
  7.24609E-01  7.14610E-01
  7.28516E-01  6.00492E-01
  7.32422E-01  3.41206E-01
  7.36328E-01  2.50120E-01
  7.40234E-01  2.27666E-01
  7.44141E-01  2.21083E-01
  7.48047E-01  2.18043E-01
  7.51953E-01  2.15003E-01
  7.55859E-01  2.12008E-01
  7.59766E-01  2.09092E-01
  7.63672E-01  2.06239E-01
  7.67578E-01  2.03448E-01
  7.71484E-01  2.00717E-01
  7.75391E-01  1.98047E-01
  7.79297E-01  1.95433E-01
  7.83203E-01  1.92873E-01
  7.87109E-01  1.90367E-01
  7.91016E-01  1.87910E-01
  7.94922E-01  1.85509E-01
  7.98828E-01  1.83151E-01
  8.02734E-01  1.80842E-01
  8.06641E-01  1.78579E-01
  8.10547E-01  1.76361E-01
  8.14453E-01  1.74186E-01
  8.18359E-01  1.72053E-01
  8.22266E-01  1.69962E-01
  8.26172E-01  1.67912E-01
  8.30078E-01  1.65901E-01
  8.33984E-01  1.63929E-01
  8.37891E-01  1.61994E-01
  8.41797E-01  1.60096E-01
  8.45703E-01  1.58234E-01
  8.49609E-01  1.56407E-01
  8.53516E-01  1.54614E-01
  8.57422E-01  1.52856E-01
  8.61328E-01  1.51131E-01
  8.65234E-01  1.49437E-01
  8.69141E-01  1.47775E-01
  8.73047E-01  1.46144E-01
  8.76953E-01  1.44543E-01
  8.80859E-01  1.42974E-01
  8.84766E-01  1.41434E-01
  8.88672E-01  1.39924E-01
  8.92578E-01  1.38441E-01
  8.96484E-01  1.36984E-01
  9.00391E-01  1.35559E-01
  9.04297E-01  1.34162E-01
  9.08203E-01  1.32789E-01
  9.12109E-01  1.31441E-01
  9.16016E-01  1.30126E-01
  9.19922E-01  1.28834E-01
  9.23828E-01  1.27566E-01
  9.27734E-01  1.26328E-01
  9.31641E-01  1.25115E-01
  9.35547E-01  1.23928E-01
  9.39453E-01  1.22767E-01
  9.43359E-01  1.21635E-01
  9.47266E-01  1.20529E-01
  9.51172E-01  1.19449E-01
  9.55078E-01  1.18398E-01
  9.58984E-01  1.17377E-01
  9.62891E-01  1.16388E-01
  9.66797E-01  1.15429E-01
  9.70703E-01  1.14505E-01
  9.74609E-01  1.13618E-01
  9.78516E-01  1.12776E-01
  9.82422E-01  1.11981E-01
  9.86328E-01  1.11246E-01
  9.90234E-01  1.10586E-01
  9.94141E-01  1.10034E-01
  9.98047E-01  1.09710E-01
  1.00195E+00  1.09710E-01
