 -1.95312E-03  2.56092E+00
  1.95312E-03  2.56092E+00
  5.85938E-03  2.56083E+00
  9.76562E-03  2.56065E+00
  1.36719E-02  2.56037E+00
  1.75781E-02  2.56001E+00
  2.14844E-02  2.55956E+00
  2.53906E-02  2.55901E+00
  2.92969E-02  2.55838E+00
  3.32031E-02  2.55767E+00
  3.71094E-02  2.55686E+00
  4.10156E-02  2.55597E+00
  4.49219E-02  2.55499E+00
  4.88281E-02  2.55393E+00
  5.27344E-02  2.55278E+00
  5.66406E-02  2.55155E+00
  6.05469E-02  2.55023E+00
  6.44531E-02  2.54883E+00
  6.83594E-02  2.54735E+00
  7.22656E-02  2.54578E+00
  7.61719E-02  2.54413E+00
  8.00781E-02  2.54240E+00
  8.39844E-02  2.54059E+00
  8.78906E-02  2.53870E+00
  9.17969E-02  2.53673E+00
  9.57031E-02  2.53467E+00
  9.96094E-02  2.53254E+00
  1.03516E-01  2.53033E+00
  1.07422E-01  2.52803E+00
  1.11328E-01  2.52566E+00
  1.15234E-01  2.52321E+00
  1.19141E-01  2.52068E+00
  1.23047E-01  2.51808E+00
  1.26953E-01  2.51539E+00
  1.30859E-01  2.51263E+00
  1.34766E-01  2.50979E+00
  1.38672E-01  2.50687E+00
  1.42578E-01  2.50388E+00
  1.46484E-01  2.50081E+00
  1.50391E-01  2.49766E+00
  1.54297E-01  2.49444E+00
  1.58203E-01  2.49114E+00
  1.62109E-01  2.48777E+00
  1.66016E-01  2.48432E+00
  1.69922E-01  2.48079E+00
  1.73828E-01  2.47719E+00
  1.77734E-01  2.47351E+00
  1.81641E-01  2.46976E+00
  1.85547E-01  2.46593E+00
  1.89453E-01  2.46203E+00
  1.93359E-01  2.45805E+00
  1.97266E-01  2.45400E+00
  2.01172E-01  2.44987E+00
  2.05078E-01  2.44567E+00
  2.08984E-01  2.44140E+00
  2.12891E-01  2.43704E+00
  2.16797E-01  2.43262E+00
  2.20703E-01  2.42812E+00
  2.24609E-01  2.42354E+00
  2.28516E-01  2.41889E+00
  2.32422E-01  2.41417E+00
  2.36328E-01  2.40937E+00
  2.40234E-01  2.40450E+00
  2.44141E-01  2.39955E+00
  2.48047E-01  2.39453E+00
  2.51953E-01  2.38943E+00
  2.55859E-01  2.38426E+00
  2.59766E-01  2.37901E+00
  2.63672E-01  2.37369E+00
  2.67578E-01  2.36829E+00
  2.71484E-01  2.36282E+00
  2.75391E-01  2.35727E+00
  2.79297E-01  2.35164E+00
  2.83203E-01  2.34594E+00
  2.87109E-01  2.34017E+00
  2.91016E-01  2.33431E+00
  2.94922E-01  2.32839E+00
  2.98828E-01  2.32238E+00
  3.02734E-01  2.31630E+00
  3.06641E-01  2.31014E+00
  3.10547E-01  2.30391E+00
  3.14453E-01  2.29760E+00
  3.18359E-01  2.29120E+00
  3.22266E-01  2.28474E+00
  3.26172E-01  2.27819E+00
  3.30078E-01  2.27156E+00
  3.33984E-01  2.26486E+00
  3.37891E-01  2.25807E+00
  3.41797E-01  2.25121E+00
  3.45703E-01  2.24426E+00
  3.49609E-01  2.23724E+00
  3.53516E-01  2.23013E+00
  3.57422E-01  2.22294E+00
  3.61328E-01  2.21567E+00
  3.65234E-01  2.20832E+00
  3.69141E-01  2.20089E+00
  3.73047E-01  2.19337E+00
  3.76953E-01  2.18577E+00
  3.80859E-01  2.17809E+00
  3.84766E-01  2.17032E+00
  3.88672E-01  2.16246E+00
  3.92578E-01  2.15452E+00
  3.96484E-01  2.14649E+00
  4.00391E-01  2.13838E+00
  4.04297E-01  2.13017E+00
  4.08203E-01  2.12188E+00
  4.12109E-01  2.11350E+00
  4.16016E-01  2.10502E+00
  4.19922E-01  2.09646E+00
  4.23828E-01  2.08780E+00
  4.27734E-01  2.07905E+00
  4.31641E-01  2.07020E+00
  4.35547E-01  2.06126E+00
  4.39453E-01  2.05222E+00
  4.43359E-01  2.04309E+00
  4.47266E-01  2.03386E+00
  4.51172E-01  2.02452E+00
  4.55078E-01  2.01509E+00
  4.58984E-01  2.00556E+00
  4.62891E-01  1.99592E+00
  4.66797E-01  1.98618E+00
  4.70703E-01  1.97633E+00
  4.74609E-01  1.96637E+00
  4.78516E-01  1.95631E+00
  4.82422E-01  1.94613E+00
  4.86328E-01  1.93585E+00
  4.90234E-01  1.92545E+00
  4.94141E-01  1.91493E+00
  4.98047E-01  1.90429E+00
  5.01953E-01  1.89354E+00
  5.05859E-01  1.88266E+00
  5.09766E-01  1.87166E+00
  5.13672E-01  1.86054E+00
  5.17578E-01  1.84929E+00
  5.21484E-01  1.83790E+00
  5.25391E-01  1.82638E+00
  5.29297E-01  1.81473E+00
  5.33203E-01  1.80293E+00
  5.37109E-01  1.79099E+00
  5.41016E-01  1.77891E+00
  5.44922E-01  1.76668E+00
  5.48828E-01  1.75430E+00
  5.52734E-01  1.74176E+00
  5.56641E-01  1.72907E+00
  5.60547E-01  1.71620E+00
  5.64453E-01  1.70317E+00
  5.68359E-01  1.68997E+00
  5.72266E-01  1.67659E+00
  5.76172E-01  1.66303E+00
  5.80078E-01  1.64928E+00
  5.83984E-01  1.63533E+00
  5.87891E-01  1.62119E+00
  5.91797E-01  1.60684E+00
  5.95703E-01  1.59227E+00
  5.99609E-01  1.57748E+00
  6.03516E-01  1.56247E+00
  6.07422E-01  1.54721E+00
  6.11328E-01  1.53171E+00
  6.15234E-01  1.51594E+00
  6.19141E-01  1.49991E+00
  6.23047E-01  1.48360E+00
  6.26953E-01  1.46700E+00
  6.30859E-01  1.45009E+00
  6.34766E-01  1.43285E+00
  6.38672E-01  1.41528E+00
  6.42578E-01  1.39735E+00
  6.46484E-01  1.37904E+00
  6.50391E-01  1.36033E+00
  6.54297E-01  1.34119E+00
  6.58203E-01  1.32161E+00
  6.62109E-01  1.30153E+00
  6.66016E-01  1.28095E+00
  6.69922E-01  1.25980E+00
  6.73828E-01  1.23805E+00
  6.77734E-01  1.21565E+00
  6.81641E-01  1.19253E+00
  6.85547E-01  1.16864E+00
  6.89453E-01  1.14388E+00
  6.93359E-01  1.11816E+00
  6.97266E-01  1.09137E+00
  7.01172E-01  1.06335E+00
  7.05078E-01  1.03394E+00
  7.08984E-01  1.00289E+00
  7.12891E-01  9.69916E-01
  7.16797E-01  9.34490E-01
  7.20703E-01  8.95034E-01
  7.24609E-01  8.42000E-01
  7.28516E-01  7.23332E-01
  7.32422E-01  1.34745E-01
  7.36328E-01  1.15096E-01
  7.40234E-01  1.13380E-01
  7.44141E-01  1.11819E-01
  7.48047E-01  1.10215E-01
  7.51953E-01  1.08668E-01
  7.55859E-01  1.07133E-01
  7.59766E-01  1.05644E-01
  7.63672E-01  1.04175E-01
  7.67578E-01  1.02741E-01
  7.71484E-01  1.01331E-01
  7.75391E-01  9.99513E-02
  7.79297E-01  9.85984E-02
  7.83203E-01  9.72686E-02
  7.87109E-01  9.59660E-02
  7.91016E-01  9.46912E-02
  7.94922E-01  9.34404E-02
  7.98828E-01  9.22073E-02
  8.02734E-01  9.09977E-02
  8.06641E-01  8.98147E-02
  8.10547E-01  8.86599E-02
  8.14453E-01  8.75255E-02
  8.18359E-01  8.64082E-02
  8.22266E-01  8.53085E-02
  8.26172E-01  8.42277E-02
  8.30078E-01  8.31678E-02
  8.33984E-01  8.21308E-02
  8.37891E-01  8.11156E-02
  8.41797E-01  8.01202E-02
  8.45703E-01  7.91418E-02
  8.49609E-01  7.81770E-02
  8.53516E-01  7.72279E-02
  8.57422E-01  7.62948E-02
  8.61328E-01  7.53807E-02
  8.65234E-01  7.44859E-02
  8.69141E-01  7.36081E-02
  8.73047E-01  7.27480E-02
  8.76953E-01  7.19002E-02
  8.80859E-01  7.10680E-02
  8.84766E-01  7.02485E-02
  8.88672E-01  6.94429E-02
  8.92578E-01  6.86522E-02
  8.96484E-01  6.78750E-02
  9.00391E-01  6.71142E-02
  9.04297E-01  6.63698E-02
  9.08203E-01  6.56369E-02
  9.12109E-01  6.49192E-02
  9.16016E-01  6.42136E-02
  9.19922E-01  6.35209E-02
  9.23828E-01  6.28379E-02
  9.27734E-01  6.21654E-02
  9.31641E-01  6.15076E-02
  9.35547E-01  6.08632E-02
  9.39453E-01  6.02316E-02
  9.43359E-01  5.96129E-02
  9.47266E-01  5.90074E-02
  9.51172E-01  5.84156E-02
  9.55078E-01  5.78366E-02
  9.58984E-01  5.72689E-02
  9.62891E-01  5.67153E-02
  9.66797E-01  5.61741E-02
  9.70703E-01  5.56468E-02
  9.74609E-01  5.51331E-02
  9.78516E-01  5.46373E-02
  9.82422E-01  5.41596E-02
  9.86328E-01  5.37046E-02
  9.90234E-01  5.32739E-02
  9.94141E-01  5.28733E-02
  9.98047E-01  5.26674E-02
  1.00195E+00  5.26674E-02
