 -1.95312E-03  2.55261E+00
  1.95312E-03  2.55261E+00
  5.85938E-03  2.55252E+00
  9.76562E-03  2.55233E+00
  1.36719E-02  2.55206E+00
  1.75781E-02  2.55169E+00
  2.14844E-02  2.55124E+00
  2.53906E-02  2.55069E+00
  2.92969E-02  2.55006E+00
  3.32031E-02  2.54934E+00
  3.71094E-02  2.54853E+00
  4.10156E-02  2.54763E+00
  4.49219E-02  2.54665E+00
  4.88281E-02  2.54558E+00
  5.27344E-02  2.54443E+00
  5.66406E-02  2.54319E+00
  6.05469E-02  2.54187E+00
  6.44531E-02  2.54046E+00
  6.83594E-02  2.53897E+00
  7.22656E-02  2.53740E+00
  7.61719E-02  2.53574E+00
  8.00781E-02  2.53400E+00
  8.39844E-02  2.53218E+00
  8.78906E-02  2.53028E+00
  9.17969E-02  2.52830E+00
  9.57031E-02  2.52624E+00
  9.96094E-02  2.52410E+00
  1.03516E-01  2.52187E+00
  1.07422E-01  2.51957E+00
  1.11328E-01  2.51719E+00
  1.15234E-01  2.51473E+00
  1.19141E-01  2.51219E+00
  1.23047E-01  2.50957E+00
  1.26953E-01  2.50688E+00
  1.30859E-01  2.50410E+00
  1.34766E-01  2.50125E+00
  1.38672E-01  2.49832E+00
  1.42578E-01  2.49531E+00
  1.46484E-01  2.49223E+00
  1.50391E-01  2.48907E+00
  1.54297E-01  2.48583E+00
  1.58203E-01  2.48252E+00
  1.62109E-01  2.47913E+00
  1.66016E-01  2.47566E+00
  1.69922E-01  2.47212E+00
  1.73828E-01  2.46851E+00
  1.77734E-01  2.46481E+00
  1.81641E-01  2.46104E+00
  1.85547E-01  2.45720E+00
  1.89453E-01  2.45328E+00
  1.93359E-01  2.44928E+00
  1.97266E-01  2.44521E+00
  2.01172E-01  2.44107E+00
  2.05078E-01  2.43685E+00
  2.08984E-01  2.43255E+00
  2.12891E-01  2.42818E+00
  2.16797E-01  2.42373E+00
  2.20703E-01  2.41921E+00
  2.24609E-01  2.41462E+00
  2.28516E-01  2.40995E+00
  2.32422E-01  2.40520E+00
  2.36328E-01  2.40038E+00
  2.40234E-01  2.39548E+00
  2.44141E-01  2.39051E+00
  2.48047E-01  2.38546E+00
  2.51953E-01  2.38034E+00
  2.55859E-01  2.37514E+00
  2.59766E-01  2.36987E+00
  2.63672E-01  2.36452E+00
  2.67578E-01  2.35910E+00
  2.71484E-01  2.35360E+00
  2.75391E-01  2.34802E+00
  2.79297E-01  2.34237E+00
  2.83203E-01  2.33664E+00
  2.87109E-01  2.33084E+00
  2.91016E-01  2.32496E+00
  2.94922E-01  2.31900E+00
  2.98828E-01  2.31297E+00
  3.02734E-01  2.30686E+00
  3.06641E-01  2.30067E+00
  3.10547E-01  2.29440E+00
  3.14453E-01  2.28805E+00
  3.18359E-01  2.28163E+00
  3.22266E-01  2.27513E+00
  3.26172E-01  2.26855E+00
  3.30078E-01  2.26189E+00
  3.33984E-01  2.25515E+00
  3.37891E-01  2.24833E+00
  3.41797E-01  2.24143E+00
  3.45703E-01  2.23445E+00
  3.49609E-01  2.22739E+00
  3.53516E-01  2.22025E+00
  3.57422E-01  2.21302E+00
  3.61328E-01  2.20571E+00
  3.65234E-01  2.19832E+00
  3.69141E-01  2.19084E+00
  3.73047E-01  2.18328E+00
  3.76953E-01  2.17564E+00
  3.80859E-01  2.16791E+00
  3.84766E-01  2.16010E+00
  3.88672E-01  2.15219E+00
  3.92578E-01  2.14421E+00
  3.96484E-01  2.13613E+00
  4.00391E-01  2.12797E+00
  4.04297E-01  2.11971E+00
  4.08203E-01  2.11137E+00
  4.12109E-01  2.10294E+00
  4.16016E-01  2.09441E+00
  4.19922E-01  2.08579E+00
  4.23828E-01  2.07708E+00
  4.27734E-01  2.06827E+00
  4.31641E-01  2.05937E+00
  4.35547E-01  2.05037E+00
  4.39453E-01  2.04128E+00
  4.43359E-01  2.03208E+00
  4.47266E-01  2.02279E+00
  4.51172E-01  2.01340E+00
  4.55078E-01  2.00390E+00
  4.58984E-01  1.99430E+00
  4.62891E-01  1.98460E+00
  4.66797E-01  1.97479E+00
  4.70703E-01  1.96488E+00
  4.74609E-01  1.95485E+00
  4.78516E-01  1.94472E+00
  4.82422E-01  1.93447E+00
  4.86328E-01  1.92411E+00
  4.90234E-01  1.91363E+00
  4.94141E-01  1.90304E+00
  4.98047E-01  1.89233E+00
  5.01953E-01  1.88150E+00
  5.05859E-01  1.87054E+00
  5.09766E-01  1.85946E+00
  5.13672E-01  1.84825E+00
  5.17578E-01  1.83691E+00
  5.21484E-01  1.82544E+00
  5.25391E-01  1.81383E+00
  5.29297E-01  1.80209E+00
  5.33203E-01  1.79020E+00
  5.37109E-01  1.77817E+00
  5.41016E-01  1.76599E+00
  5.44922E-01  1.75366E+00
  5.48828E-01  1.74118E+00
  5.52734E-01  1.72854E+00
  5.56641E-01  1.71574E+00
  5.60547E-01  1.70277E+00
  5.64453E-01  1.68963E+00
  5.68359E-01  1.67631E+00
  5.72266E-01  1.66282E+00
  5.76172E-01  1.64914E+00
  5.80078E-01  1.63526E+00
  5.83984E-01  1.62119E+00
  5.87891E-01  1.60692E+00
  5.91797E-01  1.59244E+00
  5.95703E-01  1.57773E+00
  5.99609E-01  1.56280E+00
  6.03516E-01  1.54764E+00
  6.07422E-01  1.53223E+00
  6.11328E-01  1.51657E+00
  6.15234E-01  1.50065E+00
  6.19141E-01  1.48445E+00
  6.23047E-01  1.46797E+00
  6.26953E-01  1.45118E+00
  6.30859E-01  1.43408E+00
  6.34766E-01  1.41665E+00
  6.38672E-01  1.39887E+00
  6.42578E-01  1.38073E+00
  6.46484E-01  1.36220E+00
  6.50391E-01  1.34325E+00
  6.54297E-01  1.32387E+00
  6.58203E-01  1.30403E+00
  6.62109E-01  1.28369E+00
  6.66016E-01  1.26281E+00
  6.69922E-01  1.24136E+00
  6.73828E-01  1.21929E+00
  6.77734E-01  1.19654E+00
  6.81641E-01  1.17305E+00
  6.85547E-01  1.14874E+00
  6.89453E-01  1.12354E+00
  6.93359E-01  1.09733E+00
  6.97266E-01  1.07000E+00
  7.01172E-01  1.04138E+00
  7.05078E-01  1.01129E+00
  7.08984E-01  9.79455E-01
  7.12891E-01  9.45531E-01
  7.16797E-01  9.08886E-01
  7.20703E-01  8.67310E-01
  7.24609E-01  8.07896E-01
  7.28516E-01  6.73866E-01
  7.32422E-01  1.69652E-01
  7.36328E-01  1.39288E-01
  7.40234E-01  1.36302E-01
  7.44141E-01  1.34787E-01
  7.48047E-01  1.32898E-01
  7.51953E-01  1.31022E-01
  7.55859E-01  1.29203E-01
  7.59766E-01  1.27409E-01
  7.63672E-01  1.25660E-01
  7.67578E-01  1.23938E-01
  7.71484E-01  1.22256E-01
  7.75391E-01  1.20604E-01
  7.79297E-01  1.18983E-01
  7.83203E-01  1.17395E-01
  7.87109E-01  1.15837E-01
  7.91016E-01  1.14310E-01
  7.94922E-01  1.12812E-01
  7.98828E-01  1.11345E-01
  8.02734E-01  1.09904E-01
  8.06641E-01  1.08491E-01
  8.10547E-01  1.07102E-01
  8.14453E-01  1.05741E-01
  8.18359E-01  1.04405E-01
  8.22266E-01  1.03096E-01
  8.26172E-01  1.01810E-01
  8.30078E-01  1.00548E-01
  8.33984E-01  9.93102E-02
  8.37891E-01  9.80936E-02
  8.41797E-01  9.68981E-02
  8.45703E-01  9.57280E-02
  8.49609E-01  9.45753E-02
  8.53516E-01  9.34417E-02
  8.57422E-01  9.23339E-02
  8.61328E-01  9.12503E-02
  8.65234E-01  9.01867E-02
  8.69141E-01  8.91366E-02
  8.73047E-01  8.81039E-02
  8.76953E-01  8.70873E-02
  8.80859E-01  8.60895E-02
  8.84766E-01  8.51126E-02
  8.88672E-01  8.41573E-02
  8.92578E-01  8.32205E-02
  8.96484E-01  8.23001E-02
  9.00391E-01  8.13936E-02
  9.04297E-01  8.05009E-02
  9.08203E-01  7.96247E-02
  9.12109E-01  7.87648E-02
  9.16016E-01  7.79217E-02
  9.19922E-01  7.70970E-02
  9.23828E-01  7.62887E-02
  9.27734E-01  7.54967E-02
  9.31641E-01  7.47190E-02
  9.35547E-01  7.39541E-02
  9.39453E-01  7.32029E-02
  9.43359E-01  7.24680E-02
  9.47266E-01  7.17460E-02
  9.51172E-01  7.10438E-02
  9.55078E-01  7.03572E-02
  9.58984E-01  6.96874E-02
  9.62891E-01  6.90361E-02
  9.66797E-01  6.83983E-02
  9.70703E-01  6.77784E-02
  9.74609E-01  6.71780E-02
  9.78516E-01  6.65981E-02
  9.82422E-01  6.60439E-02
  9.86328E-01  6.55155E-02
  9.90234E-01  6.50254E-02
  9.94141E-01  6.45799E-02
  9.98047E-01  6.43350E-02
  1.00195E+00  6.43350E-02
