 -1.95312E-03  2.49389E+00
  1.95312E-03  2.49389E+00
  5.85938E-03  2.49380E+00
  9.76562E-03  2.49361E+00
  1.36719E-02  2.49332E+00
  1.75781E-02  2.49294E+00
  2.14844E-02  2.49247E+00
  2.53906E-02  2.49191E+00
  2.92969E-02  2.49125E+00
  3.32031E-02  2.49051E+00
  3.71094E-02  2.48967E+00
  4.10156E-02  2.48874E+00
  4.49219E-02  2.48773E+00
  4.88281E-02  2.48662E+00
  5.27344E-02  2.48543E+00
  5.66406E-02  2.48415E+00
  6.05469E-02  2.48278E+00
  6.44531E-02  2.48132E+00
  6.83594E-02  2.47978E+00
  7.22656E-02  2.47815E+00
  7.61719E-02  2.47644E+00
  8.00781E-02  2.47464E+00
  8.39844E-02  2.47276E+00
  8.78906E-02  2.47080E+00
  9.17969E-02  2.46874E+00
  9.57031E-02  2.46661E+00
  9.96094E-02  2.46439E+00
  1.03516E-01  2.46209E+00
  1.07422E-01  2.45971E+00
  1.11328E-01  2.45725E+00
  1.15234E-01  2.45470E+00
  1.19141E-01  2.45208E+00
  1.23047E-01  2.44937E+00
  1.26953E-01  2.44658E+00
  1.30859E-01  2.44371E+00
  1.34766E-01  2.44076E+00
  1.38672E-01  2.43772E+00
  1.42578E-01  2.43461E+00
  1.46484E-01  2.43142E+00
  1.50391E-01  2.42815E+00
  1.54297E-01  2.42480E+00
  1.58203E-01  2.42137E+00
  1.62109E-01  2.41786E+00
  1.66016E-01  2.41427E+00
  1.69922E-01  2.41061E+00
  1.73828E-01  2.40686E+00
  1.77734E-01  2.40304E+00
  1.81641E-01  2.39913E+00
  1.85547E-01  2.39515E+00
  1.89453E-01  2.39109E+00
  1.93359E-01  2.38695E+00
  1.97266E-01  2.38273E+00
  2.01172E-01  2.37844E+00
  2.05078E-01  2.37407E+00
  2.08984E-01  2.36961E+00
  2.12891E-01  2.36508E+00
  2.16797E-01  2.36048E+00
  2.20703E-01  2.35579E+00
  2.24609E-01  2.35103E+00
  2.28516E-01  2.34618E+00
  2.32422E-01  2.34126E+00
  2.36328E-01  2.33626E+00
  2.40234E-01  2.33119E+00
  2.44141E-01  2.32603E+00
  2.48047E-01  2.32080E+00
  2.51953E-01  2.31548E+00
  2.55859E-01  2.31009E+00
  2.59766E-01  2.30462E+00
  2.63672E-01  2.29907E+00
  2.67578E-01  2.29344E+00
  2.71484E-01  2.28773E+00
  2.75391E-01  2.28194E+00
  2.79297E-01  2.27607E+00
  2.83203E-01  2.27012E+00
  2.87109E-01  2.26409E+00
  2.91016E-01  2.25798E+00
  2.94922E-01  2.25179E+00
  2.98828E-01  2.24552E+00
  3.02734E-01  2.23917E+00
  3.06641E-01  2.23273E+00
  3.10547E-01  2.22622E+00
  3.14453E-01  2.21962E+00
  3.18359E-01  2.21294E+00
  3.22266E-01  2.20618E+00
  3.26172E-01  2.19933E+00
  3.30078E-01  2.19240E+00
  3.33984E-01  2.18538E+00
  3.37891E-01  2.17829E+00
  3.41797E-01  2.17110E+00
  3.45703E-01  2.16383E+00
  3.49609E-01  2.15648E+00
  3.53516E-01  2.14904E+00
  3.57422E-01  2.14151E+00
  3.61328E-01  2.13389E+00
  3.65234E-01  2.12619E+00
  3.69141E-01  2.11839E+00
  3.73047E-01  2.11051E+00
  3.76953E-01  2.10254E+00
  3.80859E-01  2.09447E+00
  3.84766E-01  2.08632E+00
  3.88672E-01  2.07807E+00
  3.92578E-01  2.06973E+00
  3.96484E-01  2.06130E+00
  4.00391E-01  2.05277E+00
  4.04297E-01  2.04414E+00
  4.08203E-01  2.03542E+00
  4.12109E-01  2.02660E+00
  4.16016E-01  2.01769E+00
  4.19922E-01  2.00867E+00
  4.23828E-01  1.99956E+00
  4.27734E-01  1.99034E+00
  4.31641E-01  1.98102E+00
  4.35547E-01  1.97160E+00
  4.39453E-01  1.96207E+00
  4.43359E-01  1.95243E+00
  4.47266E-01  1.94269E+00
  4.51172E-01  1.93284E+00
  4.55078E-01  1.92288E+00
  4.58984E-01  1.91280E+00
  4.62891E-01  1.90262E+00
  4.66797E-01  1.89232E+00
  4.70703E-01  1.88190E+00
  4.74609E-01  1.87137E+00
  4.78516E-01  1.86072E+00
  4.82422E-01  1.84994E+00
  4.86328E-01  1.83904E+00
  4.90234E-01  1.82802E+00
  4.94141E-01  1.81687E+00
  4.98047E-01  1.80559E+00
  5.01953E-01  1.79418E+00
  5.05859E-01  1.78263E+00
  5.09766E-01  1.77094E+00
  5.13672E-01  1.75912E+00
  5.17578E-01  1.74715E+00
  5.21484E-01  1.73503E+00
  5.25391E-01  1.72277E+00
  5.29297E-01  1.71035E+00
  5.33203E-01  1.69778E+00
  5.37109E-01  1.68505E+00
  5.41016E-01  1.67216E+00
  5.44922E-01  1.65910E+00
  5.48828E-01  1.64586E+00
  5.52734E-01  1.63246E+00
  5.56641E-01  1.61887E+00
  5.60547E-01  1.60510E+00
  5.64453E-01  1.59114E+00
  5.68359E-01  1.57699E+00
  5.72266E-01  1.56263E+00
  5.76172E-01  1.54807E+00
  5.80078E-01  1.53329E+00
  5.83984E-01  1.51829E+00
  5.87891E-01  1.50306E+00
  5.91797E-01  1.48760E+00
  5.95703E-01  1.47189E+00
  5.99609E-01  1.45593E+00
  6.03516E-01  1.43971E+00
  6.07422E-01  1.42321E+00
  6.11328E-01  1.40642E+00
  6.15234E-01  1.38934E+00
  6.19141E-01  1.37195E+00
  6.23047E-01  1.35423E+00
  6.26953E-01  1.33618E+00
  6.30859E-01  1.31776E+00
  6.34766E-01  1.29897E+00
  6.38672E-01  1.27978E+00
  6.42578E-01  1.26018E+00
  6.46484E-01  1.24013E+00
  6.50391E-01  1.21962E+00
  6.54297E-01  1.19860E+00
  6.58203E-01  1.17706E+00
  6.62109E-01  1.15494E+00
  6.66016E-01  1.13220E+00
  6.69922E-01  1.10880E+00
  6.73828E-01  1.08469E+00
  6.77734E-01  1.05979E+00
  6.81641E-01  1.03404E+00
  6.85547E-01  1.00735E+00
  6.89453E-01  9.79611E-01
  6.93359E-01  9.50707E-01
  6.97266E-01  9.20482E-01
  7.01172E-01  8.88753E-01
  7.05078E-01  8.55286E-01
  7.08984E-01  8.19771E-01
  7.12891E-01  7.81780E-01
  7.16797E-01  7.40652E-01
  7.20703E-01  6.95191E-01
  7.24609E-01  6.42839E-01
  7.28516E-01  5.78640E-01
  7.32422E-01  4.98507E-01
  7.36328E-01  4.11339E-01
  7.40234E-01  3.43056E-01
  7.44141E-01  3.06399E-01
  7.48047E-01  2.89030E-01
  7.51953E-01  2.80418E-01
  7.55859E-01  2.74887E-01
  7.59766E-01  2.70467E-01
  7.63672E-01  2.66511E-01
  7.67578E-01  2.62789E-01
  7.71484E-01  2.59217E-01
  7.75391E-01  2.55757E-01
  7.79297E-01  2.52384E-01
  7.83203E-01  2.49081E-01
  7.87109E-01  2.45803E-01
  7.91016E-01  2.42608E-01
  7.94922E-01  2.39490E-01
  7.98828E-01  2.36445E-01
  8.02734E-01  2.33470E-01
  8.06641E-01  2.30562E-01
  8.10547E-01  2.27718E-01
  8.14453E-01  2.24935E-01
  8.18359E-01  2.22210E-01
  8.22266E-01  2.19545E-01
  8.26172E-01  2.16933E-01
  8.30078E-01  2.14376E-01
  8.33984E-01  2.11870E-01
  8.37891E-01  2.09415E-01
  8.41797E-01  2.07008E-01
  8.45703E-01  2.04651E-01
  8.49609E-01  2.02339E-01
  8.53516E-01  2.00072E-01
  8.57422E-01  1.97852E-01
  8.61328E-01  1.95674E-01
  8.65234E-01  1.93539E-01
  8.69141E-01  1.91445E-01
  8.73047E-01  1.89391E-01
  8.76953E-01  1.87379E-01
  8.80859E-01  1.85405E-01
  8.84766E-01  1.83471E-01
  8.88672E-01  1.81573E-01
  8.92578E-01  1.79714E-01
  8.96484E-01  1.77891E-01
  9.00391E-01  1.76104E-01
  9.04297E-01  1.74354E-01
  9.08203E-01  1.72639E-01
  9.12109E-01  1.70960E-01
  9.16016E-01  1.69316E-01
  9.19922E-01  1.67707E-01
  9.23828E-01  1.66132E-01
  9.27734E-01  1.64591E-01
  9.31641E-01  1.63086E-01
  9.35547E-01  1.61616E-01
  9.39453E-01  1.60181E-01
  9.43359E-01  1.58780E-01
  9.47266E-01  1.57418E-01
  9.51172E-01  1.56092E-01
  9.55078E-01  1.54805E-01
  9.58984E-01  1.53560E-01
  9.62891E-01  1.52355E-01
  9.66797E-01  1.51199E-01
  9.70703E-01  1.50088E-01
  9.74609E-01  1.49033E-01
  9.78516E-01  1.48037E-01
  9.82422E-01  1.47110E-01
  9.86328E-01  1.46269E-01
  9.90234E-01  1.45535E-01
  9.94141E-01  1.44947E-01
  9.98047E-01  1.44605E-01
  1.00195E+00  1.44605E-01
