 -1.95312E-03  2.52827E+00
  1.95312E-03  2.52827E+00
  5.85938E-03  2.52817E+00
  9.76562E-03  2.52799E+00
  1.36719E-02  2.52771E+00
  1.75781E-02  2.52734E+00
  2.14844E-02  2.52687E+00
  2.53906E-02  2.52632E+00
  2.92969E-02  2.52568E+00
  3.32031E-02  2.52495E+00
  3.71094E-02  2.52413E+00
  4.10156E-02  2.52322E+00
  4.49219E-02  2.52222E+00
  4.88281E-02  2.52114E+00
  5.27344E-02  2.51997E+00
  5.66406E-02  2.51872E+00
  6.05469E-02  2.51737E+00
  6.44531E-02  2.51595E+00
  6.83594E-02  2.51444E+00
  7.22656E-02  2.51284E+00
  7.61719E-02  2.51116E+00
  8.00781E-02  2.50940E+00
  8.39844E-02  2.50756E+00
  8.78906E-02  2.50563E+00
  9.17969E-02  2.50362E+00
  9.57031E-02  2.50153E+00
  9.96094E-02  2.49935E+00
  1.03516E-01  2.49710E+00
  1.07422E-01  2.49477E+00
  1.11328E-01  2.49235E+00
  1.15234E-01  2.48986E+00
  1.19141E-01  2.48728E+00
  1.23047E-01  2.48463E+00
  1.26953E-01  2.48189E+00
  1.30859E-01  2.47908E+00
  1.34766E-01  2.47618E+00
  1.38672E-01  2.47321E+00
  1.42578E-01  2.47016E+00
  1.46484E-01  2.46703E+00
  1.50391E-01  2.46383E+00
  1.54297E-01  2.46054E+00
  1.58203E-01  2.45718E+00
  1.62109E-01  2.45374E+00
  1.66016E-01  2.45023E+00
  1.69922E-01  2.44663E+00
  1.73828E-01  2.44296E+00
  1.77734E-01  2.43922E+00
  1.81641E-01  2.43539E+00
  1.85547E-01  2.43149E+00
  1.89453E-01  2.42751E+00
  1.93359E-01  2.42346E+00
  1.97266E-01  2.41933E+00
  2.01172E-01  2.41512E+00
  2.05078E-01  2.41084E+00
  2.08984E-01  2.40648E+00
  2.12891E-01  2.40204E+00
  2.16797E-01  2.39753E+00
  2.20703E-01  2.39294E+00
  2.24609E-01  2.38828E+00
  2.28516E-01  2.38353E+00
  2.32422E-01  2.37872E+00
  2.36328E-01  2.37382E+00
  2.40234E-01  2.36885E+00
  2.44141E-01  2.36380E+00
  2.48047E-01  2.35868E+00
  2.51953E-01  2.35348E+00
  2.55859E-01  2.34820E+00
  2.59766E-01  2.34285E+00
  2.63672E-01  2.33742E+00
  2.67578E-01  2.33191E+00
  2.71484E-01  2.32632E+00
  2.75391E-01  2.32066E+00
  2.79297E-01  2.31492E+00
  2.83203E-01  2.30910E+00
  2.87109E-01  2.30320E+00
  2.91016E-01  2.29723E+00
  2.94922E-01  2.29118E+00
  2.98828E-01  2.28504E+00
  3.02734E-01  2.27883E+00
  3.06641E-01  2.27255E+00
  3.10547E-01  2.26618E+00
  3.14453E-01  2.25973E+00
  3.18359E-01  2.25320E+00
  3.22266E-01  2.24659E+00
  3.26172E-01  2.23990E+00
  3.30078E-01  2.23313E+00
  3.33984E-01  2.22628E+00
  3.37891E-01  2.21935E+00
  3.41797E-01  2.21233E+00
  3.45703E-01  2.20523E+00
  3.49609E-01  2.19805E+00
  3.53516E-01  2.19079E+00
  3.57422E-01  2.18344E+00
  3.61328E-01  2.17600E+00
  3.65234E-01  2.16848E+00
  3.69141E-01  2.16088E+00
  3.73047E-01  2.15319E+00
  3.76953E-01  2.14541E+00
  3.80859E-01  2.13755E+00
  3.84766E-01  2.12960E+00
  3.88672E-01  2.12156E+00
  3.92578E-01  2.11343E+00
  3.96484E-01  2.10521E+00
  4.00391E-01  2.09689E+00
  4.04297E-01  2.08849E+00
  4.08203E-01  2.07999E+00
  4.12109E-01  2.07140E+00
  4.16016E-01  2.06272E+00
  4.19922E-01  2.05394E+00
  4.23828E-01  2.04507E+00
  4.27734E-01  2.03610E+00
  4.31641E-01  2.02703E+00
  4.35547E-01  2.01787E+00
  4.39453E-01  2.00860E+00
  4.43359E-01  1.99923E+00
  4.47266E-01  1.98976E+00
  4.51172E-01  1.98019E+00
  4.55078E-01  1.97051E+00
  4.58984E-01  1.96073E+00
  4.62891E-01  1.95084E+00
  4.66797E-01  1.94083E+00
  4.70703E-01  1.93072E+00
  4.74609E-01  1.92050E+00
  4.78516E-01  1.91016E+00
  4.82422E-01  1.89971E+00
  4.86328E-01  1.88914E+00
  4.90234E-01  1.87845E+00
  4.94141E-01  1.86764E+00
  4.98047E-01  1.85670E+00
  5.01953E-01  1.84564E+00
  5.05859E-01  1.83446E+00
  5.09766E-01  1.82314E+00
  5.13672E-01  1.81169E+00
  5.17578E-01  1.80011E+00
  5.21484E-01  1.78839E+00
  5.25391E-01  1.77653E+00
  5.29297E-01  1.76452E+00
  5.33203E-01  1.75237E+00
  5.37109E-01  1.74007E+00
  5.41016E-01  1.72762E+00
  5.44922E-01  1.71501E+00
  5.48828E-01  1.70224E+00
  5.52734E-01  1.68931E+00
  5.56641E-01  1.67621E+00
  5.60547E-01  1.66293E+00
  5.64453E-01  1.64948E+00
  5.68359E-01  1.63585E+00
  5.72266E-01  1.62203E+00
  5.76172E-01  1.60802E+00
  5.80078E-01  1.59380E+00
  5.83984E-01  1.57939E+00
  5.87891E-01  1.56476E+00
  5.91797E-01  1.54991E+00
  5.95703E-01  1.53483E+00
  5.99609E-01  1.51952E+00
  6.03516E-01  1.50397E+00
  6.07422E-01  1.48817E+00
  6.11328E-01  1.47210E+00
  6.15234E-01  1.45575E+00
  6.19141E-01  1.43912E+00
  6.23047E-01  1.42220E+00
  6.26953E-01  1.40496E+00
  6.30859E-01  1.38739E+00
  6.34766E-01  1.36948E+00
  6.38672E-01  1.35121E+00
  6.42578E-01  1.33255E+00
  6.46484E-01  1.31349E+00
  6.50391E-01  1.29401E+00
  6.54297E-01  1.27406E+00
  6.58203E-01  1.25364E+00
  6.62109E-01  1.23270E+00
  6.66016E-01  1.21120E+00
  6.69922E-01  1.18910E+00
  6.73828E-01  1.16635E+00
  6.77734E-01  1.14290E+00
  6.81641E-01  1.11868E+00
  6.85547E-01  1.09360E+00
  6.89453E-01  1.06759E+00
  6.93359E-01  1.04053E+00
  6.97266E-01  1.01229E+00
  7.01172E-01  9.82710E-01
  7.05078E-01  9.51572E-01
  7.08984E-01  9.18600E-01
  7.12891E-01  8.83390E-01
  7.16797E-01  8.45112E-01
  7.20703E-01  8.00493E-01
  7.24609E-01  7.32770E-01
  7.28516E-01  5.93698E-01
  7.32422E-01  2.82763E-01
  7.36328E-01  2.13921E-01
  7.40234E-01  2.01581E-01
  7.44141E-01  1.97989E-01
  7.48047E-01  1.95428E-01
  7.51953E-01  1.92730E-01
  7.55859E-01  1.90052E-01
  7.59766E-01  1.87448E-01
  7.63672E-01  1.84893E-01
  7.67578E-01  1.82392E-01
  7.71484E-01  1.79947E-01
  7.75391E-01  1.77550E-01
  7.79297E-01  1.75202E-01
  7.83203E-01  1.72903E-01
  7.87109E-01  1.70648E-01
  7.91016E-01  1.68439E-01
  7.94922E-01  1.66276E-01
  7.98828E-01  1.64154E-01
  8.02734E-01  1.62074E-01
  8.06641E-01  1.60034E-01
  8.10547E-01  1.58034E-01
  8.14453E-01  1.56072E-01
  8.18359E-01  1.54149E-01
  8.22266E-01  1.52263E-01
  8.26172E-01  1.50413E-01
  8.30078E-01  1.48598E-01
  8.33984E-01  1.46817E-01
  8.37891E-01  1.45069E-01
  8.41797E-01  1.43354E-01
  8.45703E-01  1.41671E-01
  8.49609E-01  1.40022E-01
  8.53516E-01  1.38401E-01
  8.57422E-01  1.36811E-01
  8.61328E-01  1.35251E-01
  8.65234E-01  1.33718E-01
  8.69141E-01  1.32214E-01
  8.73047E-01  1.30739E-01
  8.76953E-01  1.29291E-01
  8.80859E-01  1.27871E-01
  8.84766E-01  1.26475E-01
  8.88672E-01  1.25105E-01
  8.92578E-01  1.23762E-01
  8.96484E-01  1.22446E-01
  9.00391E-01  1.21153E-01
  9.04297E-01  1.19883E-01
  9.08203E-01  1.18639E-01
  9.12109E-01  1.17418E-01
  9.16016E-01  1.16222E-01
  9.19922E-01  1.15050E-01
  9.23828E-01  1.13900E-01
  9.27734E-01  1.12774E-01
  9.31641E-01  1.11671E-01
  9.35547E-01  1.10591E-01
  9.39453E-01  1.09536E-01
  9.43359E-01  1.08504E-01
  9.47266E-01  1.07494E-01
  9.51172E-01  1.06510E-01
  9.55078E-01  1.05550E-01
  9.58984E-01  1.04617E-01
  9.62891E-01  1.03710E-01
  9.66797E-01  1.02830E-01
  9.70703E-01  1.01980E-01
  9.74609E-01  1.01164E-01
  9.78516E-01  1.00383E-01
  9.82422E-01  9.96444E-02
  9.86328E-01  9.89565E-02
  9.90234E-01  9.83331E-02
  9.94141E-01  9.78006E-02
  9.98047E-01  9.74914E-02
  1.00195E+00  9.74914E-02
