 -1.95312E-03  2.51616E+00
  1.95312E-03  2.51616E+00
  5.85938E-03  2.51607E+00
  9.76562E-03  2.51588E+00
  1.36719E-02  2.51560E+00
  1.75781E-02  2.51522E+00
  2.14844E-02  2.51476E+00
  2.53906E-02  2.51420E+00
  2.92969E-02  2.51355E+00
  3.32031E-02  2.51282E+00
  3.71094E-02  2.51199E+00
  4.10156E-02  2.51108E+00
  4.49219E-02  2.51007E+00
  4.88281E-02  2.50898E+00
  5.27344E-02  2.50781E+00
  5.66406E-02  2.50654E+00
  6.05469E-02  2.50519E+00
  6.44531E-02  2.50375E+00
  6.83594E-02  2.50223E+00
  7.22656E-02  2.50063E+00
  7.61719E-02  2.49893E+00
  8.00781E-02  2.49716E+00
  8.39844E-02  2.49530E+00
  8.78906E-02  2.49336E+00
  9.17969E-02  2.49133E+00
  9.57031E-02  2.48923E+00
  9.96094E-02  2.48704E+00
  1.03516E-01  2.48477E+00
  1.07422E-01  2.48242E+00
  1.11328E-01  2.47999E+00
  1.15234E-01  2.47747E+00
  1.19141E-01  2.47488E+00
  1.23047E-01  2.47220E+00
  1.26953E-01  2.46945E+00
  1.30859E-01  2.46661E+00
  1.34766E-01  2.46370E+00
  1.38672E-01  2.46071E+00
  1.42578E-01  2.45763E+00
  1.46484E-01  2.45448E+00
  1.50391E-01  2.45125E+00
  1.54297E-01  2.44795E+00
  1.58203E-01  2.44456E+00
  1.62109E-01  2.44110E+00
  1.66016E-01  2.43755E+00
  1.69922E-01  2.43393E+00
  1.73828E-01  2.43024E+00
  1.77734E-01  2.42646E+00
  1.81641E-01  2.42261E+00
  1.85547E-01  2.41868E+00
  1.89453E-01  2.41467E+00
  1.93359E-01  2.41059E+00
  1.97266E-01  2.40643E+00
  2.01172E-01  2.40219E+00
  2.05078E-01  2.39787E+00
  2.08984E-01  2.39348E+00
  2.12891E-01  2.38901E+00
  2.16797E-01  2.38446E+00
  2.20703E-01  2.37984E+00
  2.24609E-01  2.37514E+00
  2.28516E-01  2.37036E+00
  2.32422E-01  2.36550E+00
  2.36328E-01  2.36057E+00
  2.40234E-01  2.35556E+00
  2.44141E-01  2.35048E+00
  2.48047E-01  2.34532E+00
  2.51953E-01  2.34008E+00
  2.55859E-01  2.33476E+00
  2.59766E-01  2.32936E+00
  2.63672E-01  2.32389E+00
  2.67578E-01  2.31833E+00
  2.71484E-01  2.31270E+00
  2.75391E-01  2.30700E+00
  2.79297E-01  2.30121E+00
  2.83203E-01  2.29534E+00
  2.87109E-01  2.28940E+00
  2.91016E-01  2.28338E+00
  2.94922E-01  2.27728E+00
  2.98828E-01  2.27109E+00
  3.02734E-01  2.26483E+00
  3.06641E-01  2.25849E+00
  3.10547E-01  2.25207E+00
  3.14453E-01  2.24556E+00
  3.18359E-01  2.23898E+00
  3.22266E-01  2.23231E+00
  3.26172E-01  2.22557E+00
  3.30078E-01  2.21874E+00
  3.33984E-01  2.21183E+00
  3.37891E-01  2.20483E+00
  3.41797E-01  2.19776E+00
  3.45703E-01  2.19060E+00
  3.49609E-01  2.18335E+00
  3.53516E-01  2.17602E+00
  3.57422E-01  2.16861E+00
  3.61328E-01  2.16111E+00
  3.65234E-01  2.15352E+00
  3.69141E-01  2.14585E+00
  3.73047E-01  2.13809E+00
  3.76953E-01  2.13024E+00
  3.80859E-01  2.12230E+00
  3.84766E-01  2.11427E+00
  3.88672E-01  2.10616E+00
  3.92578E-01  2.09795E+00
  3.96484E-01  2.08965E+00
  4.00391E-01  2.08126E+00
  4.04297E-01  2.07278E+00
  4.08203E-01  2.06420E+00
  4.12109E-01  2.05553E+00
  4.16016E-01  2.04676E+00
  4.19922E-01  2.03789E+00
  4.23828E-01  2.02893E+00
  4.27734E-01  2.01987E+00
  4.31641E-01  2.01071E+00
  4.35547E-01  2.00145E+00
  4.39453E-01  1.99209E+00
  4.43359E-01  1.98262E+00
  4.47266E-01  1.97305E+00
  4.51172E-01  1.96338E+00
  4.55078E-01  1.95360E+00
  4.58984E-01  1.94371E+00
  4.62891E-01  1.93371E+00
  4.66797E-01  1.92360E+00
  4.70703E-01  1.91338E+00
  4.74609E-01  1.90304E+00
  4.78516E-01  1.89259E+00
  4.82422E-01  1.88201E+00
  4.86328E-01  1.87132E+00
  4.90234E-01  1.86051E+00
  4.94141E-01  1.84957E+00
  4.98047E-01  1.83851E+00
  5.01953E-01  1.82732E+00
  5.05859E-01  1.81600E+00
  5.09766E-01  1.80455E+00
  5.13672E-01  1.79296E+00
  5.17578E-01  1.78123E+00
  5.21484E-01  1.76937E+00
  5.25391E-01  1.75736E+00
  5.29297E-01  1.74520E+00
  5.33203E-01  1.73290E+00
  5.37109E-01  1.72044E+00
  5.41016E-01  1.70782E+00
  5.44922E-01  1.69505E+00
  5.48828E-01  1.68211E+00
  5.52734E-01  1.66901E+00
  5.56641E-01  1.65573E+00
  5.60547E-01  1.64227E+00
  5.64453E-01  1.62863E+00
  5.68359E-01  1.61481E+00
  5.72266E-01  1.60079E+00
  5.76172E-01  1.58658E+00
  5.80078E-01  1.57216E+00
  5.83984E-01  1.55753E+00
  5.87891E-01  1.54268E+00
  5.91797E-01  1.52761E+00
  5.95703E-01  1.51231E+00
  5.99609E-01  1.49676E+00
  6.03516E-01  1.48097E+00
  6.07422E-01  1.46491E+00
  6.11328E-01  1.44858E+00
  6.15234E-01  1.43197E+00
  6.19141E-01  1.41507E+00
  6.23047E-01  1.39786E+00
  6.26953E-01  1.38033E+00
  6.30859E-01  1.36247E+00
  6.34766E-01  1.34425E+00
  6.38672E-01  1.32565E+00
  6.42578E-01  1.30667E+00
  6.46484E-01  1.28726E+00
  6.50391E-01  1.26742E+00
  6.54297E-01  1.24711E+00
  6.58203E-01  1.22631E+00
  6.62109E-01  1.20497E+00
  6.66016E-01  1.18306E+00
  6.69922E-01  1.16053E+00
  6.73828E-01  1.13734E+00
  6.77734E-01  1.11342E+00
  6.81641E-01  1.08871E+00
  6.85547E-01  1.06314E+00
  6.89453E-01  1.03661E+00
  6.93359E-01  1.00902E+00
  6.97266E-01  9.80223E-01
  7.01172E-01  9.50069E-01
  7.05078E-01  9.18346E-01
  7.08984E-01  8.84789E-01
  7.12891E-01  8.49012E-01
  7.16797E-01  8.10309E-01
  7.20703E-01  7.66454E-01
  7.24609E-01  7.07629E-01
  7.28516E-01  6.03096E-01
  7.32422E-01  3.66250E-01
  7.36328E-01  2.66559E-01
  7.40234E-01  2.38385E-01
  7.44141E-01  2.29869E-01
  7.48047E-01  2.26181E-01
  7.51953E-01  2.23062E-01
  7.55859E-01  2.19942E-01
  7.59766E-01  2.16906E-01
  7.63672E-01  2.13940E-01
  7.67578E-01  2.11042E-01
  7.71484E-01  2.08206E-01
  7.75391E-01  2.05435E-01
  7.79297E-01  2.02723E-01
  7.83203E-01  2.00067E-01
  7.87109E-01  1.97469E-01
  7.91016E-01  1.94925E-01
  7.94922E-01  1.92433E-01
  7.98828E-01  1.89992E-01
  8.02734E-01  1.87599E-01
  8.06641E-01  1.85256E-01
  8.10547E-01  1.82957E-01
  8.14453E-01  1.80708E-01
  8.18359E-01  1.78499E-01
  8.22266E-01  1.76333E-01
  8.26172E-01  1.74212E-01
  8.30078E-01  1.72131E-01
  8.33984E-01  1.70091E-01
  8.37891E-01  1.68089E-01
  8.41797E-01  1.66124E-01
  8.45703E-01  1.64198E-01
  8.49609E-01  1.62308E-01
  8.53516E-01  1.60453E-01
  8.57422E-01  1.58634E-01
  8.61328E-01  1.56850E-01
  8.65234E-01  1.55100E-01
  8.69141E-01  1.53382E-01
  8.73047E-01  1.51697E-01
  8.76953E-01  1.50043E-01
  8.80859E-01  1.48420E-01
  8.84766E-01  1.46828E-01
  8.88672E-01  1.45265E-01
  8.92578E-01  1.43733E-01
  8.96484E-01  1.42231E-01
  9.00391E-01  1.40757E-01
  9.04297E-01  1.39312E-01
  9.08203E-01  1.37893E-01
  9.12109E-01  1.36504E-01
  9.16016E-01  1.35144E-01
  9.19922E-01  1.33810E-01
  9.23828E-01  1.32503E-01
  9.27734E-01  1.31224E-01
  9.31641E-01  1.29970E-01
  9.35547E-01  1.28747E-01
  9.39453E-01  1.27551E-01
  9.43359E-01  1.26380E-01
  9.47266E-01  1.25241E-01
  9.51172E-01  1.24128E-01
  9.55078E-01  1.23045E-01
  9.58984E-01  1.21992E-01
  9.62891E-01  1.20975E-01
  9.66797E-01  1.19989E-01
  9.70703E-01  1.19039E-01
  9.74609E-01  1.18128E-01
  9.78516E-01  1.17265E-01
  9.82422E-01  1.16451E-01
  9.86328E-01  1.15700E-01
  9.90234E-01  1.15029E-01
  9.94141E-01  1.14470E-01
  9.98047E-01  1.14143E-01
  1.00195E+00  1.14143E-01
