 -1.95312E-03  2.54002E+00
  1.95312E-03  2.54002E+00
  5.85938E-03  2.53992E+00
  9.76562E-03  2.53974E+00
  1.36719E-02  2.53946E+00
  1.75781E-02  2.53909E+00
  2.14844E-02  2.53863E+00
  2.53906E-02  2.53808E+00
  2.92969E-02  2.53744E+00
  3.32031E-02  2.53672E+00
  3.71094E-02  2.53590E+00
  4.10156E-02  2.53500E+00
  4.49219E-02  2.53401E+00
  4.88281E-02  2.53294E+00
  5.27344E-02  2.53178E+00
  5.66406E-02  2.53053E+00
  6.05469E-02  2.52920E+00
  6.44531E-02  2.52778E+00
  6.83594E-02  2.52628E+00
  7.22656E-02  2.52469E+00
  7.61719E-02  2.52303E+00
  8.00781E-02  2.52128E+00
  8.39844E-02  2.51944E+00
  8.78906E-02  2.51753E+00
  9.17969E-02  2.51553E+00
  9.57031E-02  2.51346E+00
  9.96094E-02  2.51130E+00
  1.03516E-01  2.50906E+00
  1.07422E-01  2.50674E+00
  1.11328E-01  2.50434E+00
  1.15234E-01  2.50186E+00
  1.19141E-01  2.49931E+00
  1.23047E-01  2.49667E+00
  1.26953E-01  2.49395E+00
  1.30859E-01  2.49116E+00
  1.34766E-01  2.48829E+00
  1.38672E-01  2.48534E+00
  1.42578E-01  2.48231E+00
  1.46484E-01  2.47920E+00
  1.50391E-01  2.47602E+00
  1.54297E-01  2.47276E+00
  1.58203E-01  2.46942E+00
  1.62109E-01  2.46600E+00
  1.66016E-01  2.46251E+00
  1.69922E-01  2.45894E+00
  1.73828E-01  2.45530E+00
  1.77734E-01  2.45158E+00
  1.81641E-01  2.44778E+00
  1.85547E-01  2.44391E+00
  1.89453E-01  2.43996E+00
  1.93359E-01  2.43593E+00
  1.97266E-01  2.43183E+00
  2.01172E-01  2.42765E+00
  2.05078E-01  2.42340E+00
  2.08984E-01  2.41907E+00
  2.12891E-01  2.41467E+00
  2.16797E-01  2.41019E+00
  2.20703E-01  2.40563E+00
  2.24609E-01  2.40100E+00
  2.28516E-01  2.39629E+00
  2.32422E-01  2.39151E+00
  2.36328E-01  2.38665E+00
  2.40234E-01  2.38172E+00
  2.44141E-01  2.37671E+00
  2.48047E-01  2.37162E+00
  2.51953E-01  2.36646E+00
  2.55859E-01  2.36122E+00
  2.59766E-01  2.35591E+00
  2.63672E-01  2.35052E+00
  2.67578E-01  2.34505E+00
  2.71484E-01  2.33951E+00
  2.75391E-01  2.33389E+00
  2.79297E-01  2.32820E+00
  2.83203E-01  2.32242E+00
  2.87109E-01  2.31657E+00
  2.91016E-01  2.31064E+00
  2.94922E-01  2.30464E+00
  2.98828E-01  2.29856E+00
  3.02734E-01  2.29240E+00
  3.06641E-01  2.28616E+00
  3.10547E-01  2.27984E+00
  3.14453E-01  2.27344E+00
  3.18359E-01  2.26697E+00
  3.22266E-01  2.26041E+00
  3.26172E-01  2.25378E+00
  3.30078E-01  2.24707E+00
  3.33984E-01  2.24027E+00
  3.37891E-01  2.23340E+00
  3.41797E-01  2.22644E+00
  3.45703E-01  2.21940E+00
  3.49609E-01  2.21228E+00
  3.53516E-01  2.20508E+00
  3.57422E-01  2.19779E+00
  3.61328E-01  2.19042E+00
  3.65234E-01  2.18297E+00
  3.69141E-01  2.17544E+00
  3.73047E-01  2.16781E+00
  3.76953E-01  2.16011E+00
  3.80859E-01  2.15231E+00
  3.84766E-01  2.14443E+00
  3.88672E-01  2.13646E+00
  3.92578E-01  2.12841E+00
  3.96484E-01  2.12026E+00
  4.00391E-01  2.11202E+00
  4.04297E-01  2.10370E+00
  4.08203E-01  2.09528E+00
  4.12109E-01  2.08677E+00
  4.16016E-01  2.07817E+00
  4.19922E-01  2.06947E+00
  4.23828E-01  2.06068E+00
  4.27734E-01  2.05179E+00
  4.31641E-01  2.04280E+00
  4.35547E-01  2.03372E+00
  4.39453E-01  2.02454E+00
  4.43359E-01  2.01526E+00
  4.47266E-01  2.00588E+00
  4.51172E-01  1.99639E+00
  4.55078E-01  1.98680E+00
  4.58984E-01  1.97711E+00
  4.62891E-01  1.96731E+00
  4.66797E-01  1.95740E+00
  4.70703E-01  1.94739E+00
  4.74609E-01  1.93726E+00
  4.78516E-01  1.92703E+00
  4.82422E-01  1.91668E+00
  4.86328E-01  1.90621E+00
  4.90234E-01  1.89563E+00
  4.94141E-01  1.88492E+00
  4.98047E-01  1.87410E+00
  5.01953E-01  1.86315E+00
  5.05859E-01  1.85208E+00
  5.09766E-01  1.84088E+00
  5.13672E-01  1.82956E+00
  5.17578E-01  1.81810E+00
  5.21484E-01  1.80650E+00
  5.25391E-01  1.79477E+00
  5.29297E-01  1.78289E+00
  5.33203E-01  1.77088E+00
  5.37109E-01  1.75871E+00
  5.41016E-01  1.74640E+00
  5.44922E-01  1.73393E+00
  5.48828E-01  1.72131E+00
  5.52734E-01  1.70852E+00
  5.56641E-01  1.69557E+00
  5.60547E-01  1.68245E+00
  5.64453E-01  1.66916E+00
  5.68359E-01  1.65569E+00
  5.72266E-01  1.64203E+00
  5.76172E-01  1.62819E+00
  5.80078E-01  1.61415E+00
  5.83984E-01  1.59991E+00
  5.87891E-01  1.58546E+00
  5.91797E-01  1.57080E+00
  5.95703E-01  1.55591E+00
  5.99609E-01  1.54080E+00
  6.03516E-01  1.52545E+00
  6.07422E-01  1.50985E+00
  6.11328E-01  1.49399E+00
  6.15234E-01  1.47786E+00
  6.19141E-01  1.46145E+00
  6.23047E-01  1.44476E+00
  6.26953E-01  1.42775E+00
  6.30859E-01  1.41043E+00
  6.34766E-01  1.39277E+00
  6.38672E-01  1.37475E+00
  6.42578E-01  1.35636E+00
  6.46484E-01  1.33758E+00
  6.50391E-01  1.31838E+00
  6.54297E-01  1.29873E+00
  6.58203E-01  1.27860E+00
  6.62109E-01  1.25797E+00
  6.66016E-01  1.23679E+00
  6.69922E-01  1.21502E+00
  6.73828E-01  1.19261E+00
  6.77734E-01  1.16952E+00
  6.81641E-01  1.14566E+00
  6.85547E-01  1.12098E+00
  6.89453E-01  1.09537E+00
  6.93359E-01  1.06872E+00
  6.97266E-01  1.04091E+00
  7.01172E-01  1.01178E+00
  7.05078E-01  9.81104E-01
  7.08984E-01  9.48626E-01
  7.12891E-01  9.13944E-01
  7.16797E-01  8.76231E-01
  7.20703E-01  8.32005E-01
  7.24609E-01  7.61725E-01
  7.28516E-01  6.04717E-01
  7.32422E-01  2.22811E-01
  7.36328E-01  1.76076E-01
  7.40234E-01  1.70083E-01
  7.44141E-01  1.67954E-01
  7.48047E-01  1.65604E-01
  7.51953E-01  1.63294E-01
  7.55859E-01  1.61034E-01
  7.59766E-01  1.58817E-01
  7.63672E-01  1.56646E-01
  7.67578E-01  1.54522E-01
  7.71484E-01  1.52440E-01
  7.75391E-01  1.50399E-01
  7.79297E-01  1.48399E-01
  7.83203E-01  1.46438E-01
  7.87109E-01  1.44516E-01
  7.91016E-01  1.42632E-01
  7.94922E-01  1.40784E-01
  7.98828E-01  1.38974E-01
  8.02734E-01  1.37197E-01
  8.06641E-01  1.35456E-01
  8.10547E-01  1.33748E-01
  8.14453E-01  1.32072E-01
  8.18359E-01  1.30427E-01
  8.22266E-01  1.28813E-01
  8.26172E-01  1.27231E-01
  8.30078E-01  1.25676E-01
  8.33984E-01  1.24152E-01
  8.37891E-01  1.22656E-01
  8.41797E-01  1.21186E-01
  8.45703E-01  1.19743E-01
  8.49609E-01  1.18328E-01
  8.53516E-01  1.16940E-01
  8.57422E-01  1.15577E-01
  8.61328E-01  1.14239E-01
  8.65234E-01  1.12925E-01
  8.69141E-01  1.11634E-01
  8.73047E-01  1.10368E-01
  8.76953E-01  1.09125E-01
  8.80859E-01  1.07905E-01
  8.84766E-01  1.06709E-01
  8.88672E-01  1.05532E-01
  8.92578E-01  1.04377E-01
  8.96484E-01  1.03244E-01
  9.00391E-01  1.02132E-01
  9.04297E-01  1.01043E-01
  9.08203E-01  9.99720E-02
  9.12109E-01  9.89215E-02
  9.16016E-01  9.78911E-02
  9.19922E-01  9.68784E-02
  9.23828E-01  9.58894E-02
  9.27734E-01  9.49164E-02
  9.31641E-01  9.39631E-02
  9.35547E-01  9.30324E-02
  9.39453E-01  9.21223E-02
  9.43359E-01  9.12313E-02
  9.47266E-01  9.03584E-02
  9.51172E-01  8.95028E-02
  9.55078E-01  8.86654E-02
  9.58984E-01  8.78507E-02
  9.62891E-01  8.70602E-02
  9.66797E-01  8.62962E-02
  9.70703E-01  8.55545E-02
  9.74609E-01  8.48361E-02
  9.78516E-01  8.41443E-02
  9.82422E-01  8.34840E-02
  9.86328E-01  8.28702E-02
  9.90234E-01  8.23054E-02
  9.94141E-01  8.18072E-02
  9.98047E-01  8.15200E-02
  1.00195E+00  8.15200E-02
