 -1.95312E-03  2.58745E+00
  1.95312E-03  2.58745E+00
  5.85938E-03  2.58736E+00
  9.76562E-03  2.58718E+00
  1.36719E-02  2.58691E+00
  1.75781E-02  2.58656E+00
  2.14844E-02  2.58611E+00
  2.53906E-02  2.58558E+00
  2.92969E-02  2.58496E+00
  3.32031E-02  2.58425E+00
  3.71094E-02  2.58346E+00
  4.10156E-02  2.58258E+00
  4.49219E-02  2.58162E+00
  4.88281E-02  2.58058E+00
  5.27344E-02  2.57945E+00
  5.66406E-02  2.57824E+00
  6.05469E-02  2.57694E+00
  6.44531E-02  2.57556E+00
  6.83594E-02  2.57411E+00
  7.22656E-02  2.57257E+00
  7.61719E-02  2.57095E+00
  8.00781E-02  2.56925E+00
  8.39844E-02  2.56746E+00
  8.78906E-02  2.56560E+00
  9.17969E-02  2.56366E+00
  9.57031E-02  2.56164E+00
  9.96094E-02  2.55954E+00
  1.03516E-01  2.55737E+00
  1.07422E-01  2.55511E+00
  1.11328E-01  2.55278E+00
  1.15234E-01  2.55037E+00
  1.19141E-01  2.54788E+00
  1.23047E-01  2.54532E+00
  1.26953E-01  2.54268E+00
  1.30859E-01  2.53996E+00
  1.34766E-01  2.53717E+00
  1.38672E-01  2.53431E+00
  1.42578E-01  2.53136E+00
  1.46484E-01  2.52835E+00
  1.50391E-01  2.52525E+00
  1.54297E-01  2.52208E+00
  1.58203E-01  2.51884E+00
  1.62109E-01  2.51553E+00
  1.66016E-01  2.51213E+00
  1.69922E-01  2.50867E+00
  1.73828E-01  2.50513E+00
  1.77734E-01  2.50152E+00
  1.81641E-01  2.49783E+00
  1.85547E-01  2.49407E+00
  1.89453E-01  2.49024E+00
  1.93359E-01  2.48633E+00
  1.97266E-01  2.48235E+00
  2.01172E-01  2.47829E+00
  2.05078E-01  2.47416E+00
  2.08984E-01  2.46996E+00
  2.12891E-01  2.46569E+00
  2.16797E-01  2.46134E+00
  2.20703E-01  2.45692E+00
  2.24609E-01  2.45243E+00
  2.28516E-01  2.44786E+00
  2.32422E-01  2.44322E+00
  2.36328E-01  2.43851E+00
  2.40234E-01  2.43372E+00
  2.44141E-01  2.42886E+00
  2.48047E-01  2.42393E+00
  2.51953E-01  2.41892E+00
  2.55859E-01  2.41385E+00
  2.59766E-01  2.40869E+00
  2.63672E-01  2.40347E+00
  2.67578E-01  2.39817E+00
  2.71484E-01  2.39280E+00
  2.75391E-01  2.38735E+00
  2.79297E-01  2.38184E+00
  2.83203E-01  2.37624E+00
  2.87109E-01  2.37057E+00
  2.91016E-01  2.36483E+00
  2.94922E-01  2.35902E+00
  2.98828E-01  2.35313E+00
  3.02734E-01  2.34716E+00
  3.06641E-01  2.34112E+00
  3.10547E-01  2.33501E+00
  3.14453E-01  2.32882E+00
  3.18359E-01  2.32255E+00
  3.22266E-01  2.31621E+00
  3.26172E-01  2.30979E+00
  3.30078E-01  2.30330E+00
  3.33984E-01  2.29673E+00
  3.37891E-01  2.29008E+00
  3.41797E-01  2.28336E+00
  3.45703E-01  2.27656E+00
  3.49609E-01  2.26968E+00
  3.53516E-01  2.26272E+00
  3.57422E-01  2.25568E+00
  3.61328E-01  2.24856E+00
  3.65234E-01  2.24137E+00
  3.69141E-01  2.23409E+00
  3.73047E-01  2.22674E+00
  3.76953E-01  2.21930E+00
  3.80859E-01  2.21178E+00
  3.84766E-01  2.20418E+00
  3.88672E-01  2.19650E+00
  3.92578E-01  2.18873E+00
  3.96484E-01  2.18088E+00
  4.00391E-01  2.17294E+00
  4.04297E-01  2.16492E+00
  4.08203E-01  2.15681E+00
  4.12109E-01  2.14862E+00
  4.16016E-01  2.14034E+00
  4.19922E-01  2.13197E+00
  4.23828E-01  2.12351E+00
  4.27734E-01  2.11496E+00
  4.31641E-01  2.10633E+00
  4.35547E-01  2.09760E+00
  4.39453E-01  2.08877E+00
  4.43359E-01  2.07986E+00
  4.47266E-01  2.07085E+00
  4.51172E-01  2.06174E+00
  4.55078E-01  2.05254E+00
  4.58984E-01  2.04324E+00
  4.62891E-01  2.03385E+00
  4.66797E-01  2.02435E+00
  4.70703E-01  2.01476E+00
  4.74609E-01  2.00505E+00
  4.78516E-01  1.99525E+00
  4.82422E-01  1.98534E+00
  4.86328E-01  1.97532E+00
  4.90234E-01  1.96520E+00
  4.94141E-01  1.95496E+00
  4.98047E-01  1.94461E+00
  5.01953E-01  1.93415E+00
  5.05859E-01  1.92357E+00
  5.09766E-01  1.91287E+00
  5.13672E-01  1.90206E+00
  5.17578E-01  1.89112E+00
  5.21484E-01  1.88006E+00
  5.25391E-01  1.86887E+00
  5.29297E-01  1.85755E+00
  5.33203E-01  1.84610E+00
  5.37109E-01  1.83452E+00
  5.41016E-01  1.82280E+00
  5.44922E-01  1.81094E+00
  5.48828E-01  1.79894E+00
  5.52734E-01  1.78679E+00
  5.56641E-01  1.77449E+00
  5.60547E-01  1.76203E+00
  5.64453E-01  1.74942E+00
  5.68359E-01  1.73665E+00
  5.72266E-01  1.72371E+00
  5.76172E-01  1.71060E+00
  5.80078E-01  1.69731E+00
  5.83984E-01  1.68384E+00
  5.87891E-01  1.67018E+00
  5.91797E-01  1.65633E+00
  5.95703E-01  1.64228E+00
  5.99609E-01  1.62803E+00
  6.03516E-01  1.61356E+00
  6.07422E-01  1.59887E+00
  6.11328E-01  1.58395E+00
  6.15234E-01  1.56879E+00
  6.19141E-01  1.55339E+00
  6.23047E-01  1.53772E+00
  6.26953E-01  1.52179E+00
  6.30859E-01  1.50557E+00
  6.34766E-01  1.48906E+00
  6.38672E-01  1.47224E+00
  6.42578E-01  1.45509E+00
  6.46484E-01  1.43760E+00
  6.50391E-01  1.41974E+00
  6.54297E-01  1.40150E+00
  6.58203E-01  1.38285E+00
  6.62109E-01  1.36376E+00
  6.66016E-01  1.34422E+00
  6.69922E-01  1.32417E+00
  6.73828E-01  1.30360E+00
  6.77734E-01  1.28244E+00
  6.81641E-01  1.26067E+00
  6.85547E-01  1.23821E+00
  6.89453E-01  1.21501E+00
  6.93359E-01  1.19098E+00
  6.97266E-01  1.16605E+00
  7.01172E-01  1.14009E+00
  7.05078E-01  1.11298E+00
  7.08984E-01  1.08455E+00
  7.12891E-01  1.05458E+00
  7.16797E-01  1.02279E+00
  7.20703E-01  9.88441E-01
  7.24609E-01  9.46672E-01
  7.28516E-01  8.55566E-01
  7.32422E-01  2.78683E-02
  7.36328E-01  2.72067E-02
  7.40234E-01  2.68957E-02
  7.44141E-01  2.64902E-02
  7.48047E-01  2.60985E-02
  7.51953E-01  2.57031E-02
  7.55859E-01  2.53195E-02
  7.59766E-01  2.49461E-02
  7.63672E-01  2.45873E-02
  7.67578E-01  2.42348E-02
  7.71484E-01  2.38841E-02
  7.75391E-01  2.35341E-02
  7.79297E-01  2.31962E-02
  7.83203E-01  2.28659E-02
  7.87109E-01  2.25444E-02
  7.91016E-01  2.22277E-02
  7.94922E-01  2.19214E-02
  7.98828E-01  2.16213E-02
  8.02734E-01  2.13271E-02
  8.06641E-01  2.10320E-02
  8.10547E-01  2.07388E-02
  8.14453E-01  2.04488E-02
  8.18359E-01  2.01657E-02
  8.22266E-01  1.98870E-02
  8.26172E-01  1.96164E-02
  8.30078E-01  1.93529E-02
  8.33984E-01  1.90963E-02
  8.37891E-01  1.88432E-02
  8.41797E-01  1.85975E-02
  8.45703E-01  1.83583E-02
  8.49609E-01  1.81252E-02
  8.53516E-01  1.78945E-02
  8.57422E-01  1.76686E-02
  8.61328E-01  1.74463E-02
  8.65234E-01  1.72282E-02
  8.69141E-01  1.70116E-02
  8.73047E-01  1.68010E-02
  8.76953E-01  1.65923E-02
  8.80859E-01  1.63884E-02
  8.84766E-01  1.61870E-02
  8.88672E-01  1.59855E-02
  8.92578E-01  1.57843E-02
  8.96484E-01  1.55877E-02
  9.00391E-01  1.53964E-02
  9.04297E-01  1.52092E-02
  9.08203E-01  1.50244E-02
  9.12109E-01  1.48443E-02
  9.16016E-01  1.46656E-02
  9.19922E-01  1.44911E-02
  9.23828E-01  1.43201E-02
  9.27734E-01  1.41508E-02
  9.31641E-01  1.39856E-02
  9.35547E-01  1.38230E-02
  9.39453E-01  1.36626E-02
  9.43359E-01  1.35044E-02
  9.47266E-01  1.33480E-02
  9.51172E-01  1.31932E-02
  9.55078E-01  1.30412E-02
  9.58984E-01  1.28921E-02
  9.62891E-01  1.27477E-02
  9.66797E-01  1.26063E-02
  9.70703E-01  1.24672E-02
  9.74609E-01  1.23307E-02
  9.78516E-01  1.21970E-02
  9.82422E-01  1.20664E-02
  9.86328E-01  1.19407E-02
  9.90234E-01  1.18236E-02
  9.94141E-01  1.17373E-02
  9.98047E-01  1.17021E-02
  1.00195E+00  1.17021E-02
