 -1.95312E-03  2.58849E+00
  1.95312E-03  2.58849E+00
  5.85938E-03  2.58840E+00
  9.76562E-03  2.58822E+00
  1.36719E-02  2.58795E+00
  1.75781E-02  2.58759E+00
  2.14844E-02  2.58715E+00
  2.53906E-02  2.58662E+00
  2.92969E-02  2.58600E+00
  3.32031E-02  2.58529E+00
  3.71094E-02  2.58450E+00
  4.10156E-02  2.58362E+00
  4.49219E-02  2.58266E+00
  4.88281E-02  2.58161E+00
  5.27344E-02  2.58049E+00
  5.66406E-02  2.57928E+00
  6.05469E-02  2.57798E+00
  6.44531E-02  2.57661E+00
  6.83594E-02  2.57515E+00
  7.22656E-02  2.57361E+00
  7.61719E-02  2.57199E+00
  8.00781E-02  2.57029E+00
  8.39844E-02  2.56851E+00
  8.78906E-02  2.56665E+00
  9.17969E-02  2.56471E+00
  9.57031E-02  2.56269E+00
  9.96094E-02  2.56060E+00
  1.03516E-01  2.55842E+00
  1.07422E-01  2.55617E+00
  1.11328E-01  2.55384E+00
  1.15234E-01  2.55143E+00
  1.19141E-01  2.54895E+00
  1.23047E-01  2.54639E+00
  1.26953E-01  2.54375E+00
  1.30859E-01  2.54104E+00
  1.34766E-01  2.53825E+00
  1.38672E-01  2.53538E+00
  1.42578E-01  2.53244E+00
  1.46484E-01  2.52942E+00
  1.50391E-01  2.52633E+00
  1.54297E-01  2.52317E+00
  1.58203E-01  2.51993E+00
  1.62109E-01  2.51661E+00
  1.66016E-01  2.51322E+00
  1.69922E-01  2.50976E+00
  1.73828E-01  2.50622E+00
  1.77734E-01  2.50261E+00
  1.81641E-01  2.49892E+00
  1.85547E-01  2.49516E+00
  1.89453E-01  2.49133E+00
  1.93359E-01  2.48743E+00
  1.97266E-01  2.48345E+00
  2.01172E-01  2.47939E+00
  2.05078E-01  2.47527E+00
  2.08984E-01  2.47107E+00
  2.12891E-01  2.46679E+00
  2.16797E-01  2.46245E+00
  2.20703E-01  2.45803E+00
  2.24609E-01  2.45354E+00
  2.28516E-01  2.44897E+00
  2.32422E-01  2.44433E+00
  2.36328E-01  2.43962E+00
  2.40234E-01  2.43484E+00
  2.44141E-01  2.42998E+00
  2.48047E-01  2.42505E+00
  2.51953E-01  2.42005E+00
  2.55859E-01  2.41497E+00
  2.59766E-01  2.40982E+00
  2.63672E-01  2.40460E+00
  2.67578E-01  2.39930E+00
  2.71484E-01  2.39393E+00
  2.75391E-01  2.38849E+00
  2.79297E-01  2.38297E+00
  2.83203E-01  2.37738E+00
  2.87109E-01  2.37171E+00
  2.91016E-01  2.36597E+00
  2.94922E-01  2.36015E+00
  2.98828E-01  2.35426E+00
  3.02734E-01  2.34830E+00
  3.06641E-01  2.34226E+00
  3.10547E-01  2.33614E+00
  3.14453E-01  2.32995E+00
  3.18359E-01  2.32369E+00
  3.22266E-01  2.31734E+00
  3.26172E-01  2.31093E+00
  3.30078E-01  2.30443E+00
  3.33984E-01  2.29786E+00
  3.37891E-01  2.29121E+00
  3.41797E-01  2.28449E+00
  3.45703E-01  2.27768E+00
  3.49609E-01  2.27080E+00
  3.53516E-01  2.26384E+00
  3.57422E-01  2.25680E+00
  3.61328E-01  2.24969E+00
  3.65234E-01  2.24249E+00
  3.69141E-01  2.23521E+00
  3.73047E-01  2.22786E+00
  3.76953E-01  2.22042E+00
  3.80859E-01  2.21290E+00
  3.84766E-01  2.20529E+00
  3.88672E-01  2.19761E+00
  3.92578E-01  2.18984E+00
  3.96484E-01  2.18199E+00
  4.00391E-01  2.17405E+00
  4.04297E-01  2.16603E+00
  4.08203E-01  2.15792E+00
  4.12109E-01  2.14972E+00
  4.16016E-01  2.14144E+00
  4.19922E-01  2.13307E+00
  4.23828E-01  2.12461E+00
  4.27734E-01  2.11606E+00
  4.31641E-01  2.10742E+00
  4.35547E-01  2.09869E+00
  4.39453E-01  2.08987E+00
  4.43359E-01  2.08095E+00
  4.47266E-01  2.07194E+00
  4.51172E-01  2.06283E+00
  4.55078E-01  2.05362E+00
  4.58984E-01  2.04432E+00
  4.62891E-01  2.03492E+00
  4.66797E-01  2.02542E+00
  4.70703E-01  2.01582E+00
  4.74609E-01  2.00612E+00
  4.78516E-01  1.99631E+00
  4.82422E-01  1.98640E+00
  4.86328E-01  1.97638E+00
  4.90234E-01  1.96625E+00
  4.94141E-01  1.95601E+00
  4.98047E-01  1.94565E+00
  5.01953E-01  1.93519E+00
  5.05859E-01  1.92461E+00
  5.09766E-01  1.91391E+00
  5.13672E-01  1.90309E+00
  5.17578E-01  1.89214E+00
  5.21484E-01  1.88108E+00
  5.25391E-01  1.86989E+00
  5.29297E-01  1.85856E+00
  5.33203E-01  1.84711E+00
  5.37109E-01  1.83553E+00
  5.41016E-01  1.82380E+00
  5.44922E-01  1.81194E+00
  5.48828E-01  1.79993E+00
  5.52734E-01  1.78778E+00
  5.56641E-01  1.77547E+00
  5.60547E-01  1.76301E+00
  5.64453E-01  1.75040E+00
  5.68359E-01  1.73761E+00
  5.72266E-01  1.72466E+00
  5.76172E-01  1.71154E+00
  5.80078E-01  1.69824E+00
  5.83984E-01  1.68477E+00
  5.87891E-01  1.67110E+00
  5.91797E-01  1.65723E+00
  5.95703E-01  1.64317E+00
  5.99609E-01  1.62889E+00
  6.03516E-01  1.61440E+00
  6.07422E-01  1.59969E+00
  6.11328E-01  1.58474E+00
  6.15234E-01  1.56956E+00
  6.19141E-01  1.55412E+00
  6.23047E-01  1.53841E+00
  6.26953E-01  1.52243E+00
  6.30859E-01  1.50617E+00
  6.34766E-01  1.48960E+00
  6.38672E-01  1.47271E+00
  6.42578E-01  1.45549E+00
  6.46484E-01  1.43792E+00
  6.50391E-01  1.41998E+00
  6.54297E-01  1.40164E+00
  6.58203E-01  1.38287E+00
  6.62109E-01  1.36367E+00
  6.66016E-01  1.34398E+00
  6.69922E-01  1.32378E+00
  6.73828E-01  1.30303E+00
  6.77734E-01  1.28168E+00
  6.81641E-01  1.25967E+00
  6.85547E-01  1.23696E+00
  6.89453E-01  1.21346E+00
  6.93359E-01  1.18911E+00
  6.97266E-01  1.16379E+00
  7.01172E-01  1.13739E+00
  7.05078E-01  1.10976E+00
  7.08984E-01  1.08071E+00
  7.12891E-01  1.05001E+00
  7.16797E-01  1.01732E+00
  7.20703E-01  9.81769E-01
  7.24609E-01  9.37833E-01
  7.28516E-01  8.41202E-01
  7.32422E-01  1.08205E-02
  7.36328E-01  1.06777E-02
  7.40234E-01  1.05123E-02
  7.44141E-01  1.03537E-02
  7.48047E-01  1.01948E-02
  7.51953E-01  1.00424E-02
  7.55859E-01  9.88983E-03
  7.59766E-01  9.74330E-03
  7.63672E-01  9.59712E-03
  7.67578E-01  9.45659E-03
  7.71484E-01  9.31601E-03
  7.75391E-01  9.18128E-03
  7.79297E-01  9.04648E-03
  7.83203E-01  8.91579E-03
  7.87109E-01  8.78621E-03
  7.91016E-01  8.66113E-03
  7.94922E-01  8.53614E-03
  7.98828E-01  8.41619E-03
  8.02734E-01  8.29646E-03
  8.06641E-01  8.17994E-03
  8.10547E-01  8.06582E-03
  8.14453E-01  7.95297E-03
  8.18359E-01  7.84267E-03
  8.22266E-01  7.73452E-03
  8.26172E-01  7.62872E-03
  8.30078E-01  7.52457E-03
  8.33984E-01  7.42233E-03
  8.37891E-01  7.32165E-03
  8.41797E-01  7.22345E-03
  8.45703E-01  7.12652E-03
  8.49609E-01  7.03177E-03
  8.53516E-01  6.93826E-03
  8.57422E-01  6.84713E-03
  8.61328E-01  6.75634E-03
  8.65234E-01  6.66856E-03
  8.69141E-01  6.58109E-03
  8.73047E-01  6.49666E-03
  8.76953E-01  6.41214E-03
  8.80859E-01  6.33025E-03
  8.84766E-01  6.24870E-03
  8.88672E-01  6.16994E-03
  8.92578E-01  6.09148E-03
  8.96484E-01  6.01488E-03
  9.00391E-01  5.93884E-03
  9.04297E-01  5.86524E-03
  9.08203E-01  5.79188E-03
  9.12109E-01  5.72065E-03
  9.16016E-01  5.64966E-03
  9.19922E-01  5.58061E-03
  9.23828E-01  5.51215E-03
  9.27734E-01  5.44568E-03
  9.31641E-01  5.37954E-03
  9.35547E-01  5.31488E-03
  9.39453E-01  5.25049E-03
  9.43359E-01  5.18844E-03
  9.47266E-01  5.12685E-03
  9.51172E-01  5.06661E-03
  9.55078E-01  5.00668E-03
  9.58984E-01  4.94903E-03
  9.62891E-01  4.89169E-03
  9.66797E-01  4.83585E-03
  9.70703E-01  4.78146E-03
  9.74609E-01  4.72848E-03
  9.78516E-01  4.67755E-03
  9.82422E-01  4.62897E-03
  9.86328E-01  4.58336E-03
  9.90234E-01  4.54132E-03
  9.94141E-01  4.50431E-03
  9.98047E-01  4.48680E-03
  1.00195E+00  4.48680E-03
