 -1.95312E-03  2.58818E+00
  1.95312E-03  2.58818E+00
  5.85938E-03  2.58809E+00
  9.76562E-03  2.58791E+00
  1.36719E-02  2.58764E+00
  1.75781E-02  2.58729E+00
  2.14844E-02  2.58684E+00
  2.53906E-02  2.58631E+00
  2.92969E-02  2.58569E+00
  3.32031E-02  2.58498E+00
  3.71094E-02  2.58419E+00
  4.10156E-02  2.58331E+00
  4.49219E-02  2.58235E+00
  4.88281E-02  2.58131E+00
  5.27344E-02  2.58018E+00
  5.66406E-02  2.57897E+00
  6.05469E-02  2.57767E+00
  6.44531E-02  2.57630E+00
  6.83594E-02  2.57484E+00
  7.22656E-02  2.57330E+00
  7.61719E-02  2.57168E+00
  8.00781E-02  2.56998E+00
  8.39844E-02  2.56820E+00
  8.78906E-02  2.56634E+00
  9.17969E-02  2.56440E+00
  9.57031E-02  2.56239E+00
  9.96094E-02  2.56029E+00
  1.03516E-01  2.55812E+00
  1.07422E-01  2.55586E+00
  1.11328E-01  2.55353E+00
  1.15234E-01  2.55112E+00
  1.19141E-01  2.54864E+00
  1.23047E-01  2.54608E+00
  1.26953E-01  2.54344E+00
  1.30859E-01  2.54073E+00
  1.34766E-01  2.53794E+00
  1.38672E-01  2.53507E+00
  1.42578E-01  2.53213E+00
  1.46484E-01  2.52912E+00
  1.50391E-01  2.52603E+00
  1.54297E-01  2.52286E+00
  1.58203E-01  2.51962E+00
  1.62109E-01  2.51630E+00
  1.66016E-01  2.51291E+00
  1.69922E-01  2.50945E+00
  1.73828E-01  2.50591E+00
  1.77734E-01  2.50230E+00
  1.81641E-01  2.49862E+00
  1.85547E-01  2.49486E+00
  1.89453E-01  2.49102E+00
  1.93359E-01  2.48712E+00
  1.97266E-01  2.48314E+00
  2.01172E-01  2.47909E+00
  2.05078E-01  2.47496E+00
  2.08984E-01  2.47076E+00
  2.12891E-01  2.46649E+00
  2.16797E-01  2.46214E+00
  2.20703E-01  2.45772E+00
  2.24609E-01  2.45323E+00
  2.28516E-01  2.44866E+00
  2.32422E-01  2.44403E+00
  2.36328E-01  2.43931E+00
  2.40234E-01  2.43453E+00
  2.44141E-01  2.42967E+00
  2.48047E-01  2.42474E+00
  2.51953E-01  2.41974E+00
  2.55859E-01  2.41466E+00
  2.59766E-01  2.40951E+00
  2.63672E-01  2.40429E+00
  2.67578E-01  2.39899E+00
  2.71484E-01  2.39362E+00
  2.75391E-01  2.38817E+00
  2.79297E-01  2.38265E+00
  2.83203E-01  2.37706E+00
  2.87109E-01  2.37140E+00
  2.91016E-01  2.36566E+00
  2.94922E-01  2.35984E+00
  2.98828E-01  2.35395E+00
  3.02734E-01  2.34799E+00
  3.06641E-01  2.34195E+00
  3.10547E-01  2.33583E+00
  3.14453E-01  2.32964E+00
  3.18359E-01  2.32338E+00
  3.22266E-01  2.31704E+00
  3.26172E-01  2.31062E+00
  3.30078E-01  2.30413E+00
  3.33984E-01  2.29756E+00
  3.37891E-01  2.29091E+00
  3.41797E-01  2.28418E+00
  3.45703E-01  2.27738E+00
  3.49609E-01  2.27050E+00
  3.53516E-01  2.26354E+00
  3.57422E-01  2.25650E+00
  3.61328E-01  2.24939E+00
  3.65234E-01  2.24219E+00
  3.69141E-01  2.23492E+00
  3.73047E-01  2.22756E+00
  3.76953E-01  2.22012E+00
  3.80859E-01  2.21260E+00
  3.84766E-01  2.20500E+00
  3.88672E-01  2.19731E+00
  3.92578E-01  2.18954E+00
  3.96484E-01  2.18169E+00
  4.00391E-01  2.17376E+00
  4.04297E-01  2.16573E+00
  4.08203E-01  2.15763E+00
  4.12109E-01  2.14943E+00
  4.16016E-01  2.14115E+00
  4.19922E-01  2.13278E+00
  4.23828E-01  2.12432E+00
  4.27734E-01  2.11577E+00
  4.31641E-01  2.10714E+00
  4.35547E-01  2.09840E+00
  4.39453E-01  2.08958E+00
  4.43359E-01  2.08067E+00
  4.47266E-01  2.07166E+00
  4.51172E-01  2.06255E+00
  4.55078E-01  2.05334E+00
  4.58984E-01  2.04404E+00
  4.62891E-01  2.03465E+00
  4.66797E-01  2.02515E+00
  4.70703E-01  2.01555E+00
  4.74609E-01  2.00585E+00
  4.78516E-01  1.99604E+00
  4.82422E-01  1.98613E+00
  4.86328E-01  1.97611E+00
  4.90234E-01  1.96598E+00
  4.94141E-01  1.95574E+00
  4.98047E-01  1.94539E+00
  5.01953E-01  1.93493E+00
  5.05859E-01  1.92435E+00
  5.09766E-01  1.91365E+00
  5.13672E-01  1.90284E+00
  5.17578E-01  1.89190E+00
  5.21484E-01  1.88083E+00
  5.25391E-01  1.86964E+00
  5.29297E-01  1.85833E+00
  5.33203E-01  1.84688E+00
  5.37109E-01  1.83529E+00
  5.41016E-01  1.82357E+00
  5.44922E-01  1.81171E+00
  5.48828E-01  1.79971E+00
  5.52734E-01  1.78755E+00
  5.56641E-01  1.77525E+00
  5.60547E-01  1.76280E+00
  5.64453E-01  1.75018E+00
  5.68359E-01  1.73741E+00
  5.72266E-01  1.72446E+00
  5.76172E-01  1.71135E+00
  5.80078E-01  1.69806E+00
  5.83984E-01  1.68458E+00
  5.87891E-01  1.67092E+00
  5.91797E-01  1.65707E+00
  5.95703E-01  1.64302E+00
  5.99609E-01  1.62876E+00
  6.03516E-01  1.61429E+00
  6.07422E-01  1.59959E+00
  6.11328E-01  1.58467E+00
  6.15234E-01  1.56951E+00
  6.19141E-01  1.55410E+00
  6.23047E-01  1.53842E+00
  6.26953E-01  1.52248E+00
  6.30859E-01  1.50625E+00
  6.34766E-01  1.48972E+00
  6.38672E-01  1.47288E+00
  6.42578E-01  1.45570E+00
  6.46484E-01  1.43818E+00
  6.50391E-01  1.42029E+00
  6.54297E-01  1.40201E+00
  6.58203E-01  1.38331E+00
  6.62109E-01  1.36418E+00
  6.66016E-01  1.34456E+00
  6.69922E-01  1.32444E+00
  6.73828E-01  1.30377E+00
  6.77734E-01  1.28251E+00
  6.81641E-01  1.26061E+00
  6.85547E-01  1.23800E+00
  6.89453E-01  1.21463E+00
  6.93359E-01  1.19040E+00
  6.97266E-01  1.16523E+00
  7.01172E-01  1.13900E+00
  7.05078E-01  1.11157E+00
  7.08984E-01  1.08275E+00
  7.12891E-01  1.05233E+00
  7.16797E-01  1.01995E+00
  7.20703E-01  9.84835E-01
  7.24609E-01  9.41683E-01
  7.28516E-01  8.47045E-01
  7.32422E-01  1.46677E-02
  7.36328E-01  1.44545E-02
  7.40234E-01  1.42298E-02
  7.44141E-01  1.40157E-02
  7.48047E-01  1.38013E-02
  7.51953E-01  1.35920E-02
  7.55859E-01  1.33804E-02
  7.59766E-01  1.31735E-02
  7.63672E-01  1.29717E-02
  7.67578E-01  1.27784E-02
  7.71484E-01  1.25926E-02
  7.75391E-01  1.24096E-02
  7.79297E-01  1.22305E-02
  7.83203E-01  1.20546E-02
  7.87109E-01  1.18821E-02
  7.91016E-01  1.17132E-02
  7.94922E-01  1.15473E-02
  7.98828E-01  1.13836E-02
  8.02734E-01  1.12240E-02
  8.06641E-01  1.10668E-02
  8.10547E-01  1.09132E-02
  8.14453E-01  1.07619E-02
  8.18359E-01  1.06143E-02
  8.22266E-01  1.04683E-02
  8.26172E-01  1.03258E-02
  8.30078E-01  1.01845E-02
  8.33984E-01  1.00481E-02
  8.37891E-01  9.91227E-03
  8.41797E-01  9.78027E-03
  8.45703E-01  9.64917E-03
  8.49609E-01  9.52175E-03
  8.53516E-01  9.39558E-03
  8.57422E-01  9.27289E-03
  8.61328E-01  9.15145E-03
  8.65234E-01  9.03298E-03
  8.69141E-01  8.91562E-03
  8.73047E-01  8.80119E-03
  8.76953E-01  8.68817E-03
  8.80859E-01  8.57822E-03
  8.84766E-01  8.46869E-03
  8.88672E-01  8.36201E-03
  8.92578E-01  8.25680E-03
  8.96484E-01  8.15389E-03
  9.00391E-01  8.05177E-03
  9.04297E-01  7.95231E-03
  9.08203E-01  7.85403E-03
  9.12109E-01  7.75811E-03
  9.16016E-01  7.66281E-03
  9.19922E-01  7.56994E-03
  9.23828E-01  7.47802E-03
  9.27734E-01  7.38846E-03
  9.31641E-01  7.29926E-03
  9.35547E-01  7.21225E-03
  9.39453E-01  7.12654E-03
  9.43359E-01  7.04289E-03
  9.47266E-01  6.95913E-03
  9.51172E-01  6.87801E-03
  9.55078E-01  6.79793E-03
  9.58984E-01  6.71910E-03
  9.62891E-01  6.64198E-03
  9.66797E-01  6.56610E-03
  9.70703E-01  6.49202E-03
  9.74609E-01  6.41961E-03
  9.78516E-01  6.34944E-03
  9.82422E-01  6.28229E-03
  9.86328E-01  6.21930E-03
  9.90234E-01  6.16269E-03
  9.94141E-01  6.11525E-03
  9.98047E-01  6.09189E-03
  1.00195E+00  6.09189E-03
