 -1.95312E-03  2.58423E+00
  1.95312E-03  2.58423E+00
  5.85938E-03  2.58414E+00
  9.76562E-03  2.58395E+00
  1.36719E-02  2.58368E+00
  1.75781E-02  2.58332E+00
  2.14844E-02  2.58288E+00
  2.53906E-02  2.58234E+00
  2.92969E-02  2.58172E+00
  3.32031E-02  2.58101E+00
  3.71094E-02  2.58022E+00
  4.10156E-02  2.57934E+00
  4.49219E-02  2.57838E+00
  4.88281E-02  2.57733E+00
  5.27344E-02  2.57620E+00
  5.66406E-02  2.57498E+00
  6.05469E-02  2.57368E+00
  6.44531E-02  2.57230E+00
  6.83594E-02  2.57084E+00
  7.22656E-02  2.56930E+00
  7.61719E-02  2.56767E+00
  8.00781E-02  2.56597E+00
  8.39844E-02  2.56418E+00
  8.78906E-02  2.56231E+00
  9.17969E-02  2.56037E+00
  9.57031E-02  2.55834E+00
  9.96094E-02  2.55624E+00
  1.03516E-01  2.55406E+00
  1.07422E-01  2.55180E+00
  1.11328E-01  2.54946E+00
  1.15234E-01  2.54705E+00
  1.19141E-01  2.54455E+00
  1.23047E-01  2.54199E+00
  1.26953E-01  2.53934E+00
  1.30859E-01  2.53662E+00
  1.34766E-01  2.53382E+00
  1.38672E-01  2.53094E+00
  1.42578E-01  2.52799E+00
  1.46484E-01  2.52497E+00
  1.50391E-01  2.52186E+00
  1.54297E-01  2.51869E+00
  1.58203E-01  2.51544E+00
  1.62109E-01  2.51211E+00
  1.66016E-01  2.50871E+00
  1.69922E-01  2.50523E+00
  1.73828E-01  2.50168E+00
  1.77734E-01  2.49806E+00
  1.81641E-01  2.49436E+00
  1.85547E-01  2.49059E+00
  1.89453E-01  2.48674E+00
  1.93359E-01  2.48282E+00
  1.97266E-01  2.47883E+00
  2.01172E-01  2.47477E+00
  2.05078E-01  2.47063E+00
  2.08984E-01  2.46641E+00
  2.12891E-01  2.46213E+00
  2.16797E-01  2.45777E+00
  2.20703E-01  2.45334E+00
  2.24609E-01  2.44883E+00
  2.28516E-01  2.44425E+00
  2.32422E-01  2.43960E+00
  2.36328E-01  2.43488E+00
  2.40234E-01  2.43008E+00
  2.44141E-01  2.42521E+00
  2.48047E-01  2.42027E+00
  2.51953E-01  2.41525E+00
  2.55859E-01  2.41016E+00
  2.59766E-01  2.40500E+00
  2.63672E-01  2.39976E+00
  2.67578E-01  2.39445E+00
  2.71484E-01  2.38907E+00
  2.75391E-01  2.38361E+00
  2.79297E-01  2.37808E+00
  2.83203E-01  2.37247E+00
  2.87109E-01  2.36680E+00
  2.91016E-01  2.36104E+00
  2.94922E-01  2.35521E+00
  2.98828E-01  2.34931E+00
  3.02734E-01  2.34333E+00
  3.06641E-01  2.33728E+00
  3.10547E-01  2.33115E+00
  3.14453E-01  2.32495E+00
  3.18359E-01  2.31867E+00
  3.22266E-01  2.31231E+00
  3.26172E-01  2.30588E+00
  3.30078E-01  2.29937E+00
  3.33984E-01  2.29278E+00
  3.37891E-01  2.28612E+00
  3.41797E-01  2.27938E+00
  3.45703E-01  2.27256E+00
  3.49609E-01  2.26566E+00
  3.53516E-01  2.25869E+00
  3.57422E-01  2.25163E+00
  3.61328E-01  2.24450E+00
  3.65234E-01  2.23728E+00
  3.69141E-01  2.22998E+00
  3.73047E-01  2.22261E+00
  3.76953E-01  2.21515E+00
  3.80859E-01  2.20761E+00
  3.84766E-01  2.19998E+00
  3.88672E-01  2.19228E+00
  3.92578E-01  2.18448E+00
  3.96484E-01  2.17661E+00
  4.00391E-01  2.16865E+00
  4.04297E-01  2.16060E+00
  4.08203E-01  2.15247E+00
  4.12109E-01  2.14425E+00
  4.16016E-01  2.13595E+00
  4.19922E-01  2.12755E+00
  4.23828E-01  2.11907E+00
  4.27734E-01  2.11049E+00
  4.31641E-01  2.10183E+00
  4.35547E-01  2.09307E+00
  4.39453E-01  2.08422E+00
  4.43359E-01  2.07527E+00
  4.47266E-01  2.06623E+00
  4.51172E-01  2.05710E+00
  4.55078E-01  2.04787E+00
  4.58984E-01  2.03854E+00
  4.62891E-01  2.02911E+00
  4.66797E-01  2.01958E+00
  4.70703E-01  2.00994E+00
  4.74609E-01  2.00021E+00
  4.78516E-01  1.99037E+00
  4.82422E-01  1.98042E+00
  4.86328E-01  1.97036E+00
  4.90234E-01  1.96020E+00
  4.94141E-01  1.94992E+00
  4.98047E-01  1.93953E+00
  5.01953E-01  1.92903E+00
  5.05859E-01  1.91841E+00
  5.09766E-01  1.90767E+00
  5.13672E-01  1.89681E+00
  5.17578E-01  1.88583E+00
  5.21484E-01  1.87472E+00
  5.25391E-01  1.86349E+00
  5.29297E-01  1.85213E+00
  5.33203E-01  1.84063E+00
  5.37109E-01  1.82900E+00
  5.41016E-01  1.81723E+00
  5.44922E-01  1.80531E+00
  5.48828E-01  1.79326E+00
  5.52734E-01  1.78106E+00
  5.56641E-01  1.76870E+00
  5.60547E-01  1.75619E+00
  5.64453E-01  1.74352E+00
  5.68359E-01  1.73069E+00
  5.72266E-01  1.71769E+00
  5.76172E-01  1.70452E+00
  5.80078E-01  1.69116E+00
  5.83984E-01  1.67763E+00
  5.87891E-01  1.66391E+00
  5.91797E-01  1.64999E+00
  5.95703E-01  1.63587E+00
  5.99609E-01  1.62155E+00
  6.03516E-01  1.60700E+00
  6.07422E-01  1.59224E+00
  6.11328E-01  1.57724E+00
  6.15234E-01  1.56201E+00
  6.19141E-01  1.54652E+00
  6.23047E-01  1.53077E+00
  6.26953E-01  1.51475E+00
  6.30859E-01  1.49844E+00
  6.34766E-01  1.48184E+00
  6.38672E-01  1.46492E+00
  6.42578E-01  1.44768E+00
  6.46484E-01  1.43008E+00
  6.50391E-01  1.41212E+00
  6.54297E-01  1.39377E+00
  6.58203E-01  1.37501E+00
  6.62109E-01  1.35581E+00
  6.66016E-01  1.33615E+00
  6.69922E-01  1.31597E+00
  6.73828E-01  1.29527E+00
  6.77734E-01  1.27398E+00
  6.81641E-01  1.25206E+00
  6.85547E-01  1.22945E+00
  6.89453E-01  1.20609E+00
  6.93359E-01  1.18189E+00
  6.97266E-01  1.15677E+00
  7.01172E-01  1.13062E+00
  7.05078E-01  1.10329E+00
  7.08984E-01  1.07462E+00
  7.12891E-01  1.04440E+00
  7.16797E-01  1.01231E+00
  7.20703E-01  9.77567E-01
  7.24609E-01  9.35070E-01
  7.28516E-01  8.42244E-01
  7.32422E-01  4.31130E-02
  7.36328E-01  4.15469E-02
  7.40234E-01  4.10769E-02
  7.44141E-01  4.04599E-02
  7.48047E-01  3.98698E-02
  7.51953E-01  3.92786E-02
  7.55859E-01  3.87098E-02
  7.59766E-01  3.81455E-02
  7.63672E-01  3.75982E-02
  7.67578E-01  3.70598E-02
  7.71484E-01  3.65376E-02
  7.75391E-01  3.60141E-02
  7.79297E-01  3.55035E-02
  7.83203E-01  3.50074E-02
  7.87109E-01  3.45185E-02
  7.91016E-01  3.40332E-02
  7.94922E-01  3.35631E-02
  7.98828E-01  3.30954E-02
  8.02734E-01  3.26477E-02
  8.06641E-01  3.22027E-02
  8.10547E-01  3.17713E-02
  8.14453E-01  3.13489E-02
  8.18359E-01  3.09299E-02
  8.22266E-01  3.05130E-02
  8.26172E-01  3.01079E-02
  8.30078E-01  2.97104E-02
  8.33984E-01  2.93234E-02
  8.37891E-01  2.89388E-02
  8.41797E-01  2.85626E-02
  8.45703E-01  2.81952E-02
  8.49609E-01  2.78368E-02
  8.53516E-01  2.74782E-02
  8.57422E-01  2.71250E-02
  8.61328E-01  2.67774E-02
  8.65234E-01  2.64457E-02
  8.69141E-01  2.61143E-02
  8.73047E-01  2.57887E-02
  8.76953E-01  2.54654E-02
  8.80859E-01  2.51509E-02
  8.84766E-01  2.48435E-02
  8.88672E-01  2.45408E-02
  8.92578E-01  2.42485E-02
  8.96484E-01  2.39564E-02
  9.00391E-01  2.36678E-02
  9.04297E-01  2.33829E-02
  9.08203E-01  2.31049E-02
  9.12109E-01  2.28329E-02
  9.16016E-01  2.25648E-02
  9.19922E-01  2.23017E-02
  9.23828E-01  2.20434E-02
  9.27734E-01  2.17915E-02
  9.31641E-01  2.15449E-02
  9.35547E-01  2.13022E-02
  9.39453E-01  2.10608E-02
  9.43359E-01  2.08220E-02
  9.47266E-01  2.05870E-02
  9.51172E-01  2.03562E-02
  9.55078E-01  2.01298E-02
  9.58984E-01  1.99077E-02
  9.62891E-01  1.96896E-02
  9.66797E-01  1.94764E-02
  9.70703E-01  1.92692E-02
  9.74609E-01  1.90661E-02
  9.78516E-01  1.88669E-02
  9.82422E-01  1.86717E-02
  9.86328E-01  1.84810E-02
  9.90234E-01  1.82965E-02
  9.94141E-01  1.81583E-02
  9.98047E-01  1.80996E-02
  1.00195E+00  1.80996E-02
