 -1.95312E-03  2.58770E+00
  1.95312E-03  2.58770E+00
  5.85938E-03  2.58761E+00
  9.76562E-03  2.58743E+00
  1.36719E-02  2.58716E+00
  1.75781E-02  2.58681E+00
  2.14844E-02  2.58636E+00
  2.53906E-02  2.58583E+00
  2.92969E-02  2.58521E+00
  3.32031E-02  2.58450E+00
  3.71094E-02  2.58371E+00
  4.10156E-02  2.58283E+00
  4.49219E-02  2.58187E+00
  4.88281E-02  2.58083E+00
  5.27344E-02  2.57970E+00
  5.66406E-02  2.57849E+00
  6.05469E-02  2.57719E+00
  6.44531E-02  2.57582E+00
  6.83594E-02  2.57436E+00
  7.22656E-02  2.57282E+00
  7.61719E-02  2.57120E+00
  8.00781E-02  2.56950E+00
  8.39844E-02  2.56772E+00
  8.78906E-02  2.56586E+00
  9.17969E-02  2.56393E+00
  9.57031E-02  2.56191E+00
  9.96094E-02  2.55981E+00
  1.03516E-01  2.55764E+00
  1.07422E-01  2.55539E+00
  1.11328E-01  2.55306E+00
  1.15234E-01  2.55065E+00
  1.19141E-01  2.54816E+00
  1.23047E-01  2.54560E+00
  1.26953E-01  2.54296E+00
  1.30859E-01  2.54025E+00
  1.34766E-01  2.53746E+00
  1.38672E-01  2.53459E+00
  1.42578E-01  2.53165E+00
  1.46484E-01  2.52863E+00
  1.50391E-01  2.52554E+00
  1.54297E-01  2.52237E+00
  1.58203E-01  2.51913E+00
  1.62109E-01  2.51582E+00
  1.66016E-01  2.51243E+00
  1.69922E-01  2.50896E+00
  1.73828E-01  2.50542E+00
  1.77734E-01  2.50181E+00
  1.81641E-01  2.49812E+00
  1.85547E-01  2.49436E+00
  1.89453E-01  2.49053E+00
  1.93359E-01  2.48662E+00
  1.97266E-01  2.48264E+00
  2.01172E-01  2.47858E+00
  2.05078E-01  2.47446E+00
  2.08984E-01  2.47025E+00
  2.12891E-01  2.46598E+00
  2.16797E-01  2.46163E+00
  2.20703E-01  2.45721E+00
  2.24609E-01  2.45272E+00
  2.28516E-01  2.44815E+00
  2.32422E-01  2.44351E+00
  2.36328E-01  2.43880E+00
  2.40234E-01  2.43401E+00
  2.44141E-01  2.42915E+00
  2.48047E-01  2.42422E+00
  2.51953E-01  2.41922E+00
  2.55859E-01  2.41414E+00
  2.59766E-01  2.40899E+00
  2.63672E-01  2.40376E+00
  2.67578E-01  2.39847E+00
  2.71484E-01  2.39309E+00
  2.75391E-01  2.38765E+00
  2.79297E-01  2.38213E+00
  2.83203E-01  2.37654E+00
  2.87109E-01  2.37087E+00
  2.91016E-01  2.36513E+00
  2.94922E-01  2.35931E+00
  2.98828E-01  2.35342E+00
  3.02734E-01  2.34746E+00
  3.06641E-01  2.34142E+00
  3.10547E-01  2.33531E+00
  3.14453E-01  2.32912E+00
  3.18359E-01  2.32285E+00
  3.22266E-01  2.31651E+00
  3.26172E-01  2.31009E+00
  3.30078E-01  2.30360E+00
  3.33984E-01  2.29703E+00
  3.37891E-01  2.29038E+00
  3.41797E-01  2.28366E+00
  3.45703E-01  2.27685E+00
  3.49609E-01  2.26997E+00
  3.53516E-01  2.26302E+00
  3.57422E-01  2.25598E+00
  3.61328E-01  2.24886E+00
  3.65234E-01  2.24167E+00
  3.69141E-01  2.23439E+00
  3.73047E-01  2.22704E+00
  3.76953E-01  2.21960E+00
  3.80859E-01  2.21208E+00
  3.84766E-01  2.20448E+00
  3.88672E-01  2.19679E+00
  3.92578E-01  2.18902E+00
  3.96484E-01  2.18117E+00
  4.00391E-01  2.17324E+00
  4.04297E-01  2.16522E+00
  4.08203E-01  2.15711E+00
  4.12109E-01  2.14892E+00
  4.16016E-01  2.14064E+00
  4.19922E-01  2.13227E+00
  4.23828E-01  2.12381E+00
  4.27734E-01  2.11526E+00
  4.31641E-01  2.10662E+00
  4.35547E-01  2.09789E+00
  4.39453E-01  2.08907E+00
  4.43359E-01  2.08016E+00
  4.47266E-01  2.07115E+00
  4.51172E-01  2.06204E+00
  4.55078E-01  2.05284E+00
  4.58984E-01  2.04354E+00
  4.62891E-01  2.03415E+00
  4.66797E-01  2.02465E+00
  4.70703E-01  2.01505E+00
  4.74609E-01  2.00535E+00
  4.78516E-01  1.99555E+00
  4.82422E-01  1.98564E+00
  4.86328E-01  1.97562E+00
  4.90234E-01  1.96549E+00
  4.94141E-01  1.95526E+00
  4.98047E-01  1.94491E+00
  5.01953E-01  1.93445E+00
  5.05859E-01  1.92387E+00
  5.09766E-01  1.91317E+00
  5.13672E-01  1.90236E+00
  5.17578E-01  1.89142E+00
  5.21484E-01  1.88036E+00
  5.25391E-01  1.86917E+00
  5.29297E-01  1.85786E+00
  5.33203E-01  1.84641E+00
  5.37109E-01  1.83483E+00
  5.41016E-01  1.82311E+00
  5.44922E-01  1.81125E+00
  5.48828E-01  1.79925E+00
  5.52734E-01  1.78711E+00
  5.56641E-01  1.77481E+00
  5.60547E-01  1.76236E+00
  5.64453E-01  1.74975E+00
  5.68359E-01  1.73697E+00
  5.72266E-01  1.72403E+00
  5.76172E-01  1.71092E+00
  5.80078E-01  1.69764E+00
  5.83984E-01  1.68417E+00
  5.87891E-01  1.67052E+00
  5.91797E-01  1.65667E+00
  5.95703E-01  1.64262E+00
  5.99609E-01  1.62837E+00
  6.03516E-01  1.61390E+00
  6.07422E-01  1.59922E+00
  6.11328E-01  1.58430E+00
  6.15234E-01  1.56915E+00
  6.19141E-01  1.55374E+00
  6.23047E-01  1.53808E+00
  6.26953E-01  1.52215E+00
  6.30859E-01  1.50594E+00
  6.34766E-01  1.48943E+00
  6.38672E-01  1.47261E+00
  6.42578E-01  1.45546E+00
  6.46484E-01  1.43797E+00
  6.50391E-01  1.42012E+00
  6.54297E-01  1.40188E+00
  6.58203E-01  1.38323E+00
  6.62109E-01  1.36415E+00
  6.66016E-01  1.34461E+00
  6.69922E-01  1.32457E+00
  6.73828E-01  1.30399E+00
  6.77734E-01  1.28284E+00
  6.81641E-01  1.26106E+00
  6.85547E-01  1.23860E+00
  6.89453E-01  1.21540E+00
  6.93359E-01  1.19138E+00
  6.97266E-01  1.16644E+00
  7.01172E-01  1.14048E+00
  7.05078E-01  1.11336E+00
  7.08984E-01  1.08491E+00
  7.12891E-01  1.05492E+00
  7.16797E-01  1.02307E+00
  7.20703E-01  9.88645E-01
  7.24609E-01  9.46721E-01
  7.28516E-01  8.55180E-01
  7.32422E-01  2.41848E-02
  7.36328E-01  2.36831E-02
  7.40234E-01  2.33927E-02
  7.44141E-01  2.30360E-02
  7.48047E-01  2.26956E-02
  7.51953E-01  2.23567E-02
  7.55859E-01  2.20315E-02
  7.59766E-01  2.17133E-02
  7.63672E-01  2.14036E-02
  7.67578E-01  2.10891E-02
  7.71484E-01  2.07787E-02
  7.75391E-01  2.04700E-02
  7.79297E-01  2.01694E-02
  7.83203E-01  1.98736E-02
  7.87109E-01  1.95867E-02
  7.91016E-01  1.93092E-02
  7.94922E-01  1.90399E-02
  7.98828E-01  1.87743E-02
  8.02734E-01  1.85174E-02
  8.06641E-01  1.82679E-02
  8.10547E-01  1.80243E-02
  8.14453E-01  1.77833E-02
  8.18359E-01  1.75474E-02
  8.22266E-01  1.73138E-02
  8.26172E-01  1.70861E-02
  8.30078E-01  1.68614E-02
  8.33984E-01  1.66420E-02
  8.37891E-01  1.64247E-02
  8.41797E-01  1.62111E-02
  8.45703E-01  1.59958E-02
  8.49609E-01  1.57824E-02
  8.53516E-01  1.55726E-02
  8.57422E-01  1.53698E-02
  8.61328E-01  1.51702E-02
  8.65234E-01  1.49757E-02
  8.69141E-01  1.47837E-02
  8.73047E-01  1.45953E-02
  8.76953E-01  1.44102E-02
  8.80859E-01  1.42293E-02
  8.84766E-01  1.40501E-02
  8.88672E-01  1.38751E-02
  8.92578E-01  1.37024E-02
  8.96484E-01  1.35323E-02
  9.00391E-01  1.33630E-02
  9.04297E-01  1.31966E-02
  9.08203E-01  1.30324E-02
  9.12109E-01  1.28723E-02
  9.16016E-01  1.27171E-02
  9.19922E-01  1.25662E-02
  9.23828E-01  1.24160E-02
  9.27734E-01  1.22694E-02
  9.31641E-01  1.21256E-02
  9.35547E-01  1.19830E-02
  9.39453E-01  1.18439E-02
  9.43359E-01  1.17068E-02
  9.47266E-01  1.15720E-02
  9.51172E-01  1.14393E-02
  9.55078E-01  1.13091E-02
  9.58984E-01  1.11811E-02
  9.62891E-01  1.10551E-02
  9.66797E-01  1.09312E-02
  9.70703E-01  1.08095E-02
  9.74609E-01  1.06903E-02
  9.78516E-01  1.05736E-02
  9.82422E-01  1.04601E-02
  9.86328E-01  1.03514E-02
  9.90234E-01  1.02511E-02
  9.94141E-01  1.01782E-02
  9.98047E-01  1.01444E-02
  1.00195E+00  1.01444E-02
