 -1.95312E-03  2.58747E+00
  1.95312E-03  2.58747E+00
  5.85938E-03  2.58738E+00
  9.76562E-03  2.58720E+00
  1.36719E-02  2.58693E+00
  1.75781E-02  2.58657E+00
  2.14844E-02  2.58613E+00
  2.53906E-02  2.58560E+00
  2.92969E-02  2.58498E+00
  3.32031E-02  2.58427E+00
  3.71094E-02  2.58348E+00
  4.10156E-02  2.58260E+00
  4.49219E-02  2.58164E+00
  4.88281E-02  2.58060E+00
  5.27344E-02  2.57947E+00
  5.66406E-02  2.57825E+00
  6.05469E-02  2.57696E+00
  6.44531E-02  2.57558E+00
  6.83594E-02  2.57413E+00
  7.22656E-02  2.57259E+00
  7.61719E-02  2.57097E+00
  8.00781E-02  2.56927E+00
  8.39844E-02  2.56748E+00
  8.78906E-02  2.56562E+00
  9.17969E-02  2.56368E+00
  9.57031E-02  2.56166E+00
  9.96094E-02  2.55956E+00
  1.03516E-01  2.55739E+00
  1.07422E-01  2.55513E+00
  1.11328E-01  2.55280E+00
  1.15234E-01  2.55039E+00
  1.19141E-01  2.54791E+00
  1.23047E-01  2.54534E+00
  1.26953E-01  2.54271E+00
  1.30859E-01  2.53999E+00
  1.34766E-01  2.53720E+00
  1.38672E-01  2.53433E+00
  1.42578E-01  2.53139E+00
  1.46484E-01  2.52837E+00
  1.50391E-01  2.52528E+00
  1.54297E-01  2.52211E+00
  1.58203E-01  2.51887E+00
  1.62109E-01  2.51555E+00
  1.66016E-01  2.51216E+00
  1.69922E-01  2.50870E+00
  1.73828E-01  2.50516E+00
  1.77734E-01  2.50154E+00
  1.81641E-01  2.49786E+00
  1.85547E-01  2.49410E+00
  1.89453E-01  2.49026E+00
  1.93359E-01  2.48635E+00
  1.97266E-01  2.48237E+00
  2.01172E-01  2.47832E+00
  2.05078E-01  2.47419E+00
  2.08984E-01  2.46999E+00
  2.12891E-01  2.46571E+00
  2.16797E-01  2.46137E+00
  2.20703E-01  2.45695E+00
  2.24609E-01  2.45245E+00
  2.28516E-01  2.44789E+00
  2.32422E-01  2.44325E+00
  2.36328E-01  2.43853E+00
  2.40234E-01  2.43375E+00
  2.44141E-01  2.42889E+00
  2.48047E-01  2.42396E+00
  2.51953E-01  2.41895E+00
  2.55859E-01  2.41387E+00
  2.59766E-01  2.40872E+00
  2.63672E-01  2.40350E+00
  2.67578E-01  2.39820E+00
  2.71484E-01  2.39283E+00
  2.75391E-01  2.38738E+00
  2.79297E-01  2.38186E+00
  2.83203E-01  2.37627E+00
  2.87109E-01  2.37060E+00
  2.91016E-01  2.36486E+00
  2.94922E-01  2.35905E+00
  2.98828E-01  2.35316E+00
  3.02734E-01  2.34719E+00
  3.06641E-01  2.34115E+00
  3.10547E-01  2.33504E+00
  3.14453E-01  2.32885E+00
  3.18359E-01  2.32259E+00
  3.22266E-01  2.31624E+00
  3.26172E-01  2.30983E+00
  3.30078E-01  2.30333E+00
  3.33984E-01  2.29676E+00
  3.37891E-01  2.29012E+00
  3.41797E-01  2.28339E+00
  3.45703E-01  2.27659E+00
  3.49609E-01  2.26971E+00
  3.53516E-01  2.26276E+00
  3.57422E-01  2.25572E+00
  3.61328E-01  2.24860E+00
  3.65234E-01  2.24141E+00
  3.69141E-01  2.23413E+00
  3.73047E-01  2.22678E+00
  3.76953E-01  2.21934E+00
  3.80859E-01  2.21182E+00
  3.84766E-01  2.20422E+00
  3.88672E-01  2.19653E+00
  3.92578E-01  2.18876E+00
  3.96484E-01  2.18091E+00
  4.00391E-01  2.17298E+00
  4.04297E-01  2.16496E+00
  4.08203E-01  2.15685E+00
  4.12109E-01  2.14865E+00
  4.16016E-01  2.14037E+00
  4.19922E-01  2.13200E+00
  4.23828E-01  2.12355E+00
  4.27734E-01  2.11500E+00
  4.31641E-01  2.10636E+00
  4.35547E-01  2.09763E+00
  4.39453E-01  2.08881E+00
  4.43359E-01  2.07990E+00
  4.47266E-01  2.07089E+00
  4.51172E-01  2.06178E+00
  4.55078E-01  2.05258E+00
  4.58984E-01  2.04329E+00
  4.62891E-01  2.03389E+00
  4.66797E-01  2.02439E+00
  4.70703E-01  2.01480E+00
  4.74609E-01  2.00510E+00
  4.78516E-01  1.99529E+00
  4.82422E-01  1.98538E+00
  4.86328E-01  1.97537E+00
  4.90234E-01  1.96524E+00
  4.94141E-01  1.95500E+00
  4.98047E-01  1.94466E+00
  5.01953E-01  1.93419E+00
  5.05859E-01  1.92362E+00
  5.09766E-01  1.91292E+00
  5.13672E-01  1.90211E+00
  5.17578E-01  1.89117E+00
  5.21484E-01  1.88011E+00
  5.25391E-01  1.86892E+00
  5.29297E-01  1.85761E+00
  5.33203E-01  1.84616E+00
  5.37109E-01  1.83458E+00
  5.41016E-01  1.82286E+00
  5.44922E-01  1.81100E+00
  5.48828E-01  1.79900E+00
  5.52734E-01  1.78685E+00
  5.56641E-01  1.77455E+00
  5.60547E-01  1.76210E+00
  5.64453E-01  1.74949E+00
  5.68359E-01  1.73672E+00
  5.72266E-01  1.72378E+00
  5.76172E-01  1.71067E+00
  5.80078E-01  1.69738E+00
  5.83984E-01  1.68391E+00
  5.87891E-01  1.67026E+00
  5.91797E-01  1.65641E+00
  5.95703E-01  1.64236E+00
  5.99609E-01  1.62811E+00
  6.03516E-01  1.61364E+00
  6.07422E-01  1.59895E+00
  6.11328E-01  1.58404E+00
  6.15234E-01  1.56888E+00
  6.19141E-01  1.55348E+00
  6.23047E-01  1.53782E+00
  6.26953E-01  1.52189E+00
  6.30859E-01  1.50567E+00
  6.34766E-01  1.48916E+00
  6.38672E-01  1.47234E+00
  6.42578E-01  1.45520E+00
  6.46484E-01  1.43771E+00
  6.50391E-01  1.41986E+00
  6.54297E-01  1.40162E+00
  6.58203E-01  1.38297E+00
  6.62109E-01  1.36389E+00
  6.66016E-01  1.34435E+00
  6.69922E-01  1.32431E+00
  6.73828E-01  1.30373E+00
  6.77734E-01  1.28258E+00
  6.81641E-01  1.26081E+00
  6.85547E-01  1.23836E+00
  6.89453E-01  1.21516E+00
  6.93359E-01  1.19114E+00
  6.97266E-01  1.16621E+00
  7.01172E-01  1.14026E+00
  7.05078E-01  1.11315E+00
  7.08984E-01  1.08471E+00
  7.12891E-01  1.05475E+00
  7.16797E-01  1.02296E+00
  7.20703E-01  9.88603E-01
  7.24609E-01  9.46830E-01
  7.28516E-01  8.55699E-01
  7.32422E-01  2.73013E-02
  7.36328E-01  2.66735E-02
  7.40234E-01  2.63707E-02
  7.44141E-01  2.59682E-02
  7.48047E-01  2.55767E-02
  7.51953E-01  2.51903E-02
  7.55859E-01  2.48216E-02
  7.59766E-01  2.44614E-02
  7.63672E-01  2.41080E-02
  7.67578E-01  2.37539E-02
  7.71484E-01  2.34056E-02
  7.75391E-01  2.30673E-02
  7.79297E-01  2.27390E-02
  7.83203E-01  2.24156E-02
  7.87109E-01  2.21015E-02
  7.91016E-01  2.17957E-02
  7.94922E-01  2.14976E-02
  7.98828E-01  2.11986E-02
  8.02734E-01  2.09030E-02
  8.06641E-01  2.06079E-02
  8.10547E-01  2.03193E-02
  8.14453E-01  2.00348E-02
  8.18359E-01  1.97579E-02
  8.22266E-01  1.94870E-02
  8.26172E-01  1.92262E-02
  8.30078E-01  1.89696E-02
  8.33984E-01  1.87182E-02
  8.37891E-01  1.84728E-02
  8.41797E-01  1.82360E-02
  8.45703E-01  1.80017E-02
  8.49609E-01  1.77728E-02
  8.53516E-01  1.75459E-02
  8.57422E-01  1.73246E-02
  8.61328E-01  1.71062E-02
  8.65234E-01  1.68919E-02
  8.69141E-01  1.66795E-02
  8.73047E-01  1.64731E-02
  8.76953E-01  1.62686E-02
  8.80859E-01  1.60650E-02
  8.84766E-01  1.58618E-02
  8.88672E-01  1.56613E-02
  8.92578E-01  1.54661E-02
  8.96484E-01  1.52761E-02
  9.00391E-01  1.50887E-02
  9.04297E-01  1.49051E-02
  9.08203E-01  1.47240E-02
  9.12109E-01  1.45472E-02
  9.16016E-01  1.43720E-02
  9.19922E-01  1.42011E-02
  9.23828E-01  1.40333E-02
  9.27734E-01  1.38672E-02
  9.31641E-01  1.37054E-02
  9.35547E-01  1.35450E-02
  9.39453E-01  1.33858E-02
  9.43359E-01  1.32289E-02
  9.47266E-01  1.30747E-02
  9.51172E-01  1.29230E-02
  9.55078E-01  1.27759E-02
  9.58984E-01  1.26322E-02
  9.62891E-01  1.24910E-02
  9.66797E-01  1.23522E-02
  9.70703E-01  1.22157E-02
  9.74609E-01  1.20817E-02
  9.78516E-01  1.19507E-02
  9.82422E-01  1.18227E-02
  9.86328E-01  1.16995E-02
  9.90234E-01  1.15848E-02
  9.94141E-01  1.15008E-02
  9.98047E-01  1.14657E-02
  1.00195E+00  1.14657E-02
