 -1.95312E-03  2.58607E+00
  1.95312E-03  2.58607E+00
  5.85938E-03  2.58598E+00
  9.76562E-03  2.58580E+00
  1.36719E-02  2.58553E+00
  1.75781E-02  2.58517E+00
  2.14844E-02  2.58472E+00
  2.53906E-02  2.58419E+00
  2.92969E-02  2.58356E+00
  3.32031E-02  2.58286E+00
  3.71094E-02  2.58207E+00
  4.10156E-02  2.58119E+00
  4.49219E-02  2.58022E+00
  4.88281E-02  2.57918E+00
  5.27344E-02  2.57805E+00
  5.66406E-02  2.57683E+00
  6.05469E-02  2.57554E+00
  6.44531E-02  2.57416E+00
  6.83594E-02  2.57270E+00
  7.22656E-02  2.57116E+00
  7.61719E-02  2.56954E+00
  8.00781E-02  2.56783E+00
  8.39844E-02  2.56605E+00
  8.78906E-02  2.56419E+00
  9.17969E-02  2.56225E+00
  9.57031E-02  2.56023E+00
  9.96094E-02  2.55812E+00
  1.03516E-01  2.55595E+00
  1.07422E-01  2.55369E+00
  1.11328E-01  2.55135E+00
  1.15234E-01  2.54894E+00
  1.19141E-01  2.54645E+00
  1.23047E-01  2.54389E+00
  1.26953E-01  2.54125E+00
  1.30859E-01  2.53853E+00
  1.34766E-01  2.53573E+00
  1.38672E-01  2.53287E+00
  1.42578E-01  2.52992E+00
  1.46484E-01  2.52690E+00
  1.50391E-01  2.52380E+00
  1.54297E-01  2.52063E+00
  1.58203E-01  2.51739E+00
  1.62109E-01  2.51407E+00
  1.66016E-01  2.51067E+00
  1.69922E-01  2.50720E+00
  1.73828E-01  2.50366E+00
  1.77734E-01  2.50004E+00
  1.81641E-01  2.49635E+00
  1.85547E-01  2.49258E+00
  1.89453E-01  2.48874E+00
  1.93359E-01  2.48483E+00
  1.97266E-01  2.48084E+00
  2.01172E-01  2.47678E+00
  2.05078E-01  2.47265E+00
  2.08984E-01  2.46844E+00
  2.12891E-01  2.46417E+00
  2.16797E-01  2.45981E+00
  2.20703E-01  2.45539E+00
  2.24609E-01  2.45089E+00
  2.28516E-01  2.44632E+00
  2.32422E-01  2.44168E+00
  2.36328E-01  2.43696E+00
  2.40234E-01  2.43217E+00
  2.44141E-01  2.42731E+00
  2.48047E-01  2.42237E+00
  2.51953E-01  2.41736E+00
  2.55859E-01  2.41228E+00
  2.59766E-01  2.40712E+00
  2.63672E-01  2.40189E+00
  2.67578E-01  2.39659E+00
  2.71484E-01  2.39121E+00
  2.75391E-01  2.38576E+00
  2.79297E-01  2.38024E+00
  2.83203E-01  2.37464E+00
  2.87109E-01  2.36897E+00
  2.91016E-01  2.36323E+00
  2.94922E-01  2.35740E+00
  2.98828E-01  2.35151E+00
  3.02734E-01  2.34554E+00
  3.06641E-01  2.33949E+00
  3.10547E-01  2.33337E+00
  3.14453E-01  2.32718E+00
  3.18359E-01  2.32091E+00
  3.22266E-01  2.31456E+00
  3.26172E-01  2.30813E+00
  3.30078E-01  2.30163E+00
  3.33984E-01  2.29506E+00
  3.37891E-01  2.28840E+00
  3.41797E-01  2.28167E+00
  3.45703E-01  2.27486E+00
  3.49609E-01  2.26797E+00
  3.53516E-01  2.26101E+00
  3.57422E-01  2.25396E+00
  3.61328E-01  2.24684E+00
  3.65234E-01  2.23963E+00
  3.69141E-01  2.23235E+00
  3.73047E-01  2.22498E+00
  3.76953E-01  2.21754E+00
  3.80859E-01  2.21001E+00
  3.84766E-01  2.20239E+00
  3.88672E-01  2.19470E+00
  3.92578E-01  2.18692E+00
  3.96484E-01  2.17906E+00
  4.00391E-01  2.17111E+00
  4.04297E-01  2.16308E+00
  4.08203E-01  2.15496E+00
  4.12109E-01  2.14676E+00
  4.16016E-01  2.13846E+00
  4.19922E-01  2.13008E+00
  4.23828E-01  2.12161E+00
  4.27734E-01  2.11305E+00
  4.31641E-01  2.10440E+00
  4.35547E-01  2.09566E+00
  4.39453E-01  2.08682E+00
  4.43359E-01  2.07789E+00
  4.47266E-01  2.06887E+00
  4.51172E-01  2.05975E+00
  4.55078E-01  2.05053E+00
  4.58984E-01  2.04122E+00
  4.62891E-01  2.03180E+00
  4.66797E-01  2.02229E+00
  4.70703E-01  2.01267E+00
  4.74609E-01  2.00296E+00
  4.78516E-01  1.99313E+00
  4.82422E-01  1.98320E+00
  4.86328E-01  1.97317E+00
  4.90234E-01  1.96302E+00
  4.94141E-01  1.95276E+00
  4.98047E-01  1.94239E+00
  5.01953E-01  1.93191E+00
  5.05859E-01  1.92131E+00
  5.09766E-01  1.91059E+00
  5.13672E-01  1.89975E+00
  5.17578E-01  1.88879E+00
  5.21484E-01  1.87771E+00
  5.25391E-01  1.86650E+00
  5.29297E-01  1.85516E+00
  5.33203E-01  1.84368E+00
  5.37109E-01  1.83208E+00
  5.41016E-01  1.82033E+00
  5.44922E-01  1.80844E+00
  5.48828E-01  1.79641E+00
  5.52734E-01  1.78424E+00
  5.56641E-01  1.77191E+00
  5.60547E-01  1.75942E+00
  5.64453E-01  1.74678E+00
  5.68359E-01  1.73398E+00
  5.72266E-01  1.72101E+00
  5.76172E-01  1.70787E+00
  5.80078E-01  1.69455E+00
  5.83984E-01  1.68104E+00
  5.87891E-01  1.66736E+00
  5.91797E-01  1.65347E+00
  5.95703E-01  1.63939E+00
  5.99609E-01  1.62510E+00
  6.03516E-01  1.61060E+00
  6.07422E-01  1.59587E+00
  6.11328E-01  1.58092E+00
  6.15234E-01  1.56572E+00
  6.19141E-01  1.55028E+00
  6.23047E-01  1.53458E+00
  6.26953E-01  1.51860E+00
  6.30859E-01  1.50235E+00
  6.34766E-01  1.48579E+00
  6.38672E-01  1.46893E+00
  6.42578E-01  1.45173E+00
  6.46484E-01  1.43420E+00
  6.50391E-01  1.41630E+00
  6.54297E-01  1.39801E+00
  6.58203E-01  1.37931E+00
  6.62109E-01  1.36018E+00
  6.66016E-01  1.34058E+00
  6.69922E-01  1.32048E+00
  6.73828E-01  1.29985E+00
  6.77734E-01  1.27864E+00
  6.81641E-01  1.25680E+00
  6.85547E-01  1.23427E+00
  6.89453E-01  1.21100E+00
  6.93359E-01  1.18691E+00
  6.97266E-01  1.16189E+00
  7.01172E-01  1.13585E+00
  7.05078E-01  1.10866E+00
  7.08984E-01  1.08013E+00
  7.12891E-01  1.05006E+00
  7.16797E-01  1.01816E+00
  7.20703E-01  9.83670E-01
  7.24609E-01  9.41640E-01
  7.28516E-01  8.49940E-01
  7.32422E-01  3.55029E-02
  7.36328E-01  3.44569E-02
  7.40234E-01  3.40655E-02
  7.44141E-01  3.35507E-02
  7.48047E-01  3.30577E-02
  7.51953E-01  3.25688E-02
  7.55859E-01  3.20955E-02
  7.59766E-01  3.16318E-02
  7.63672E-01  3.11813E-02
  7.67578E-01  3.07267E-02
  7.71484E-01  3.02802E-02
  7.75391E-01  2.98462E-02
  7.79297E-01  2.94256E-02
  7.83203E-01  2.90067E-02
  7.87109E-01  2.85979E-02
  7.91016E-01  2.82007E-02
  7.94922E-01  2.78109E-02
  7.98828E-01  2.74209E-02
  8.02734E-01  2.70393E-02
  8.06641E-01  2.66669E-02
  8.10547E-01  2.63073E-02
  8.14453E-01  2.59489E-02
  8.18359E-01  2.55960E-02
  8.22266E-01  2.52492E-02
  8.26172E-01  2.49127E-02
  8.30078E-01  2.45830E-02
  8.33984E-01  2.42644E-02
  8.37891E-01  2.39452E-02
  8.41797E-01  2.36296E-02
  8.45703E-01  2.33184E-02
  8.49609E-01  2.30185E-02
  8.53516E-01  2.27219E-02
  8.57422E-01  2.24315E-02
  8.61328E-01  2.21457E-02
  8.65234E-01  2.18690E-02
  8.69141E-01  2.15963E-02
  8.73047E-01  2.13301E-02
  8.76953E-01  2.10639E-02
  8.80859E-01  2.08003E-02
  8.84766E-01  2.05387E-02
  8.88672E-01  2.02837E-02
  8.92578E-01  2.00310E-02
  8.96484E-01  1.97843E-02
  9.00391E-01  1.95420E-02
  9.04297E-01  1.93059E-02
  9.08203E-01  1.90761E-02
  9.12109E-01  1.88486E-02
  9.16016E-01  1.86261E-02
  9.19922E-01  1.84094E-02
  9.23828E-01  1.81966E-02
  9.27734E-01  1.79882E-02
  9.31641E-01  1.77831E-02
  9.35547E-01  1.75813E-02
  9.39453E-01  1.73836E-02
  9.43359E-01  1.71890E-02
  9.47266E-01  1.69975E-02
  9.51172E-01  1.68095E-02
  9.55078E-01  1.66249E-02
  9.58984E-01  1.64435E-02
  9.62891E-01  1.62651E-02
  9.66797E-01  1.60887E-02
  9.70703E-01  1.59139E-02
  9.74609E-01  1.57401E-02
  9.78516E-01  1.55702E-02
  9.82422E-01  1.54058E-02
  9.86328E-01  1.52456E-02
  9.90234E-01  1.50951E-02
  9.94141E-01  1.49786E-02
  9.98047E-01  1.49163E-02
  1.00195E+00  1.49163E-02
