 -1.95312E-03  2.58646E+00
  1.95312E-03  2.58646E+00
  5.85938E-03  2.58637E+00
  9.76562E-03  2.58619E+00
  1.36719E-02  2.58592E+00
  1.75781E-02  2.58556E+00
  2.14844E-02  2.58512E+00
  2.53906E-02  2.58458E+00
  2.92969E-02  2.58396E+00
  3.32031E-02  2.58326E+00
  3.71094E-02  2.58246E+00
  4.10156E-02  2.58159E+00
  4.49219E-02  2.58062E+00
  4.88281E-02  2.57958E+00
  5.27344E-02  2.57845E+00
  5.66406E-02  2.57724E+00
  6.05469E-02  2.57594E+00
  6.44531E-02  2.57456E+00
  6.83594E-02  2.57310E+00
  7.22656E-02  2.57156E+00
  7.61719E-02  2.56994E+00
  8.00781E-02  2.56824E+00
  8.39844E-02  2.56645E+00
  8.78906E-02  2.56459E+00
  9.17969E-02  2.56265E+00
  9.57031E-02  2.56063E+00
  9.96094E-02  2.55853E+00
  1.03516E-01  2.55635E+00
  1.07422E-01  2.55409E+00
  1.11328E-01  2.55176E+00
  1.15234E-01  2.54935E+00
  1.19141E-01  2.54686E+00
  1.23047E-01  2.54430E+00
  1.26953E-01  2.54166E+00
  1.30859E-01  2.53894E+00
  1.34766E-01  2.53615E+00
  1.38672E-01  2.53328E+00
  1.42578E-01  2.53033E+00
  1.46484E-01  2.52731E+00
  1.50391E-01  2.52421E+00
  1.54297E-01  2.52104E+00
  1.58203E-01  2.51780E+00
  1.62109E-01  2.51448E+00
  1.66016E-01  2.51108E+00
  1.69922E-01  2.50762E+00
  1.73828E-01  2.50407E+00
  1.77734E-01  2.50046E+00
  1.81641E-01  2.49677E+00
  1.85547E-01  2.49300E+00
  1.89453E-01  2.48916E+00
  1.93359E-01  2.48525E+00
  1.97266E-01  2.48127E+00
  2.01172E-01  2.47721E+00
  2.05078E-01  2.47308E+00
  2.08984E-01  2.46887E+00
  2.12891E-01  2.46459E+00
  2.16797E-01  2.46024E+00
  2.20703E-01  2.45582E+00
  2.24609E-01  2.45132E+00
  2.28516E-01  2.44675E+00
  2.32422E-01  2.44211E+00
  2.36328E-01  2.43739E+00
  2.40234E-01  2.43260E+00
  2.44141E-01  2.42774E+00
  2.48047E-01  2.42280E+00
  2.51953E-01  2.41779E+00
  2.55859E-01  2.41271E+00
  2.59766E-01  2.40755E+00
  2.63672E-01  2.40232E+00
  2.67578E-01  2.39702E+00
  2.71484E-01  2.39165E+00
  2.75391E-01  2.38620E+00
  2.79297E-01  2.38067E+00
  2.83203E-01  2.37508E+00
  2.87109E-01  2.36941E+00
  2.91016E-01  2.36366E+00
  2.94922E-01  2.35784E+00
  2.98828E-01  2.35195E+00
  3.02734E-01  2.34598E+00
  3.06641E-01  2.33993E+00
  3.10547E-01  2.33381E+00
  3.14453E-01  2.32762E+00
  3.18359E-01  2.32135E+00
  3.22266E-01  2.31500E+00
  3.26172E-01  2.30858E+00
  3.30078E-01  2.30208E+00
  3.33984E-01  2.29550E+00
  3.37891E-01  2.28885E+00
  3.41797E-01  2.28211E+00
  3.45703E-01  2.27530E+00
  3.49609E-01  2.26842E+00
  3.53516E-01  2.26145E+00
  3.57422E-01  2.25441E+00
  3.61328E-01  2.24728E+00
  3.65234E-01  2.24008E+00
  3.69141E-01  2.23280E+00
  3.73047E-01  2.22543E+00
  3.76953E-01  2.21798E+00
  3.80859E-01  2.21046E+00
  3.84766E-01  2.20284E+00
  3.88672E-01  2.19515E+00
  3.92578E-01  2.18737E+00
  3.96484E-01  2.17951E+00
  4.00391E-01  2.17157E+00
  4.04297E-01  2.16354E+00
  4.08203E-01  2.15542E+00
  4.12109E-01  2.14722E+00
  4.16016E-01  2.13892E+00
  4.19922E-01  2.13055E+00
  4.23828E-01  2.12208E+00
  4.27734E-01  2.11352E+00
  4.31641E-01  2.10487E+00
  4.35547E-01  2.09613E+00
  4.39453E-01  2.08729E+00
  4.43359E-01  2.07836E+00
  4.47266E-01  2.06934E+00
  4.51172E-01  2.06022E+00
  4.55078E-01  2.05101E+00
  4.58984E-01  2.04170E+00
  4.62891E-01  2.03229E+00
  4.66797E-01  2.02278E+00
  4.70703E-01  2.01316E+00
  4.74609E-01  2.00345E+00
  4.78516E-01  1.99363E+00
  4.82422E-01  1.98370E+00
  4.86328E-01  1.97366E+00
  4.90234E-01  1.96352E+00
  4.94141E-01  1.95326E+00
  4.98047E-01  1.94290E+00
  5.01953E-01  1.93242E+00
  5.05859E-01  1.92182E+00
  5.09766E-01  1.91111E+00
  5.13672E-01  1.90027E+00
  5.17578E-01  1.88931E+00
  5.21484E-01  1.87823E+00
  5.25391E-01  1.86702E+00
  5.29297E-01  1.85568E+00
  5.33203E-01  1.84422E+00
  5.37109E-01  1.83261E+00
  5.41016E-01  1.82087E+00
  5.44922E-01  1.80899E+00
  5.48828E-01  1.79696E+00
  5.52734E-01  1.78478E+00
  5.56641E-01  1.77246E+00
  5.60547E-01  1.75998E+00
  5.64453E-01  1.74735E+00
  5.68359E-01  1.73455E+00
  5.72266E-01  1.72158E+00
  5.76172E-01  1.70844E+00
  5.80078E-01  1.69513E+00
  5.83984E-01  1.68163E+00
  5.87891E-01  1.66795E+00
  5.91797E-01  1.65407E+00
  5.95703E-01  1.64000E+00
  5.99609E-01  1.62571E+00
  6.03516E-01  1.61121E+00
  6.07422E-01  1.59649E+00
  6.11328E-01  1.58154E+00
  6.15234E-01  1.56635E+00
  6.19141E-01  1.55091E+00
  6.23047E-01  1.53522E+00
  6.26953E-01  1.51925E+00
  6.30859E-01  1.50300E+00
  6.34766E-01  1.48645E+00
  6.38672E-01  1.46959E+00
  6.42578E-01  1.45241E+00
  6.46484E-01  1.43488E+00
  6.50391E-01  1.41698E+00
  6.54297E-01  1.39870E+00
  6.58203E-01  1.38002E+00
  6.62109E-01  1.36089E+00
  6.66016E-01  1.34131E+00
  6.69922E-01  1.32122E+00
  6.73828E-01  1.30060E+00
  6.77734E-01  1.27940E+00
  6.81641E-01  1.25758E+00
  6.85547E-01  1.23507E+00
  6.89453E-01  1.21181E+00
  6.93359E-01  1.18773E+00
  6.97266E-01  1.16273E+00
  7.01172E-01  1.13672E+00
  7.05078E-01  1.10954E+00
  7.08984E-01  1.08104E+00
  7.12891E-01  1.05101E+00
  7.16797E-01  1.01913E+00
  7.20703E-01  9.84675E-01
  7.24609E-01  9.42709E-01
  7.28516E-01  8.51158E-01
  7.32422E-01  3.41295E-02
  7.36328E-01  3.31655E-02
  7.40234E-01  3.27943E-02
  7.44141E-01  3.23001E-02
  7.48047E-01  3.18297E-02
  7.51953E-01  3.13671E-02
  7.55859E-01  3.09081E-02
  7.59766E-01  3.04482E-02
  7.63672E-01  3.00047E-02
  7.67578E-01  2.95717E-02
  7.71484E-01  2.91471E-02
  7.75391E-01  2.87251E-02
  7.79297E-01  2.83212E-02
  7.83203E-01  2.79216E-02
  7.87109E-01  2.75266E-02
  7.91016E-01  2.71338E-02
  7.94922E-01  2.67548E-02
  7.98828E-01  2.63871E-02
  8.02734E-01  2.60245E-02
  8.06641E-01  2.56611E-02
  8.10547E-01  2.53082E-02
  8.14453E-01  2.49640E-02
  8.18359E-01  2.46305E-02
  8.22266E-01  2.43031E-02
  8.26172E-01  2.39797E-02
  8.30078E-01  2.36579E-02
  8.33984E-01  2.33430E-02
  8.37891E-01  2.30348E-02
  8.41797E-01  2.27341E-02
  8.45703E-01  2.24378E-02
  8.49609E-01  2.21494E-02
  8.53516E-01  2.18656E-02
  8.57422E-01  2.15907E-02
  8.61328E-01  2.13190E-02
  8.65234E-01  2.10487E-02
  8.69141E-01  2.07783E-02
  8.73047E-01  2.05146E-02
  8.76953E-01  2.02540E-02
  8.80859E-01  1.99991E-02
  8.84766E-01  1.97474E-02
  8.88672E-01  1.95023E-02
  8.92578E-01  1.92622E-02
  8.96484E-01  1.90288E-02
  9.00391E-01  1.87983E-02
  9.04297E-01  1.85720E-02
  9.08203E-01  1.83537E-02
  9.12109E-01  1.81375E-02
  9.16016E-01  1.79264E-02
  9.19922E-01  1.77179E-02
  9.23828E-01  1.75128E-02
  9.27734E-01  1.73117E-02
  9.31641E-01  1.71136E-02
  9.35547E-01  1.69193E-02
  9.39453E-01  1.67287E-02
  9.43359E-01  1.65409E-02
  9.47266E-01  1.63562E-02
  9.51172E-01  1.61748E-02
  9.55078E-01  1.59942E-02
  9.58984E-01  1.58143E-02
  9.62891E-01  1.56371E-02
  9.66797E-01  1.54658E-02
  9.70703E-01  1.52975E-02
  9.74609E-01  1.51322E-02
  9.78516E-01  1.49703E-02
  9.82422E-01  1.48117E-02
  9.86328E-01  1.46575E-02
  9.90234E-01  1.45134E-02
  9.94141E-01  1.44008E-02
  9.98047E-01  1.43451E-02
  1.00195E+00  1.43451E-02
