 -1.95312E-03  2.58403E+00
  1.95312E-03  2.58403E+00
  5.85938E-03  2.58394E+00
  9.76562E-03  2.58376E+00
  1.36719E-02  2.58349E+00
  1.75781E-02  2.58313E+00
  2.14844E-02  2.58268E+00
  2.53906E-02  2.58215E+00
  2.92969E-02  2.58153E+00
  3.32031E-02  2.58082E+00
  3.71094E-02  2.58002E+00
  4.10156E-02  2.57914E+00
  4.49219E-02  2.57818E+00
  4.88281E-02  2.57713E+00
  5.27344E-02  2.57600E+00
  5.66406E-02  2.57478E+00
  6.05469E-02  2.57349E+00
  6.44531E-02  2.57211E+00
  6.83594E-02  2.57064E+00
  7.22656E-02  2.56910E+00
  7.61719E-02  2.56748E+00
  8.00781E-02  2.56577E+00
  8.39844E-02  2.56398E+00
  8.78906E-02  2.56212E+00
  9.17969E-02  2.56017E+00
  9.57031E-02  2.55815E+00
  9.96094E-02  2.55604E+00
  1.03516E-01  2.55386E+00
  1.07422E-01  2.55160E+00
  1.11328E-01  2.54926E+00
  1.15234E-01  2.54685E+00
  1.19141E-01  2.54435E+00
  1.23047E-01  2.54178E+00
  1.26953E-01  2.53914E+00
  1.30859E-01  2.53642E+00
  1.34766E-01  2.53362E+00
  1.38672E-01  2.53074E+00
  1.42578E-01  2.52779E+00
  1.46484E-01  2.52476E+00
  1.50391E-01  2.52166E+00
  1.54297E-01  2.51848E+00
  1.58203E-01  2.51523E+00
  1.62109E-01  2.51190E+00
  1.66016E-01  2.50850E+00
  1.69922E-01  2.50502E+00
  1.73828E-01  2.50147E+00
  1.77734E-01  2.49785E+00
  1.81641E-01  2.49415E+00
  1.85547E-01  2.49038E+00
  1.89453E-01  2.48653E+00
  1.93359E-01  2.48261E+00
  1.97266E-01  2.47862E+00
  2.01172E-01  2.47455E+00
  2.05078E-01  2.47042E+00
  2.08984E-01  2.46620E+00
  2.12891E-01  2.46192E+00
  2.16797E-01  2.45756E+00
  2.20703E-01  2.45312E+00
  2.24609E-01  2.44862E+00
  2.28516E-01  2.44404E+00
  2.32422E-01  2.43939E+00
  2.36328E-01  2.43466E+00
  2.40234E-01  2.42987E+00
  2.44141E-01  2.42500E+00
  2.48047E-01  2.42005E+00
  2.51953E-01  2.41504E+00
  2.55859E-01  2.40995E+00
  2.59766E-01  2.40478E+00
  2.63672E-01  2.39955E+00
  2.67578E-01  2.39424E+00
  2.71484E-01  2.38885E+00
  2.75391E-01  2.38339E+00
  2.79297E-01  2.37786E+00
  2.83203E-01  2.37225E+00
  2.87109E-01  2.36657E+00
  2.91016E-01  2.36082E+00
  2.94922E-01  2.35499E+00
  2.98828E-01  2.34909E+00
  3.02734E-01  2.34311E+00
  3.06641E-01  2.33705E+00
  3.10547E-01  2.33092E+00
  3.14453E-01  2.32472E+00
  3.18359E-01  2.31844E+00
  3.22266E-01  2.31208E+00
  3.26172E-01  2.30565E+00
  3.30078E-01  2.29913E+00
  3.33984E-01  2.29255E+00
  3.37891E-01  2.28588E+00
  3.41797E-01  2.27914E+00
  3.45703E-01  2.27232E+00
  3.49609E-01  2.26542E+00
  3.53516E-01  2.25845E+00
  3.57422E-01  2.25139E+00
  3.61328E-01  2.24426E+00
  3.65234E-01  2.23704E+00
  3.69141E-01  2.22974E+00
  3.73047E-01  2.22236E+00
  3.76953E-01  2.21490E+00
  3.80859E-01  2.20736E+00
  3.84766E-01  2.19974E+00
  3.88672E-01  2.19203E+00
  3.92578E-01  2.18424E+00
  3.96484E-01  2.17636E+00
  4.00391E-01  2.16840E+00
  4.04297E-01  2.16035E+00
  4.08203E-01  2.15222E+00
  4.12109E-01  2.14400E+00
  4.16016E-01  2.13569E+00
  4.19922E-01  2.12729E+00
  4.23828E-01  2.11880E+00
  4.27734E-01  2.11023E+00
  4.31641E-01  2.10156E+00
  4.35547E-01  2.09280E+00
  4.39453E-01  2.08395E+00
  4.43359E-01  2.07500E+00
  4.47266E-01  2.06596E+00
  4.51172E-01  2.05682E+00
  4.55078E-01  2.04759E+00
  4.58984E-01  2.03826E+00
  4.62891E-01  2.02882E+00
  4.66797E-01  2.01929E+00
  4.70703E-01  2.00966E+00
  4.74609E-01  1.99992E+00
  4.78516E-01  1.99007E+00
  4.82422E-01  1.98013E+00
  4.86328E-01  1.97007E+00
  4.90234E-01  1.95990E+00
  4.94141E-01  1.94962E+00
  4.98047E-01  1.93923E+00
  5.01953E-01  1.92873E+00
  5.05859E-01  1.91810E+00
  5.09766E-01  1.90736E+00
  5.13672E-01  1.89650E+00
  5.17578E-01  1.88552E+00
  5.21484E-01  1.87441E+00
  5.25391E-01  1.86317E+00
  5.29297E-01  1.85180E+00
  5.33203E-01  1.84030E+00
  5.37109E-01  1.82867E+00
  5.41016E-01  1.81689E+00
  5.44922E-01  1.80498E+00
  5.48828E-01  1.79292E+00
  5.52734E-01  1.78071E+00
  5.56641E-01  1.76836E+00
  5.60547E-01  1.75584E+00
  5.64453E-01  1.74317E+00
  5.68359E-01  1.73033E+00
  5.72266E-01  1.71733E+00
  5.76172E-01  1.70415E+00
  5.80078E-01  1.69080E+00
  5.83984E-01  1.67726E+00
  5.87891E-01  1.66353E+00
  5.91797E-01  1.64961E+00
  5.95703E-01  1.63549E+00
  5.99609E-01  1.62115E+00
  6.03516E-01  1.60661E+00
  6.07422E-01  1.59184E+00
  6.11328E-01  1.57684E+00
  6.15234E-01  1.56160E+00
  6.19141E-01  1.54610E+00
  6.23047E-01  1.53035E+00
  6.26953E-01  1.51432E+00
  6.30859E-01  1.49801E+00
  6.34766E-01  1.48140E+00
  6.38672E-01  1.46447E+00
  6.42578E-01  1.44722E+00
  6.46484E-01  1.42961E+00
  6.50391E-01  1.41165E+00
  6.54297E-01  1.39329E+00
  6.58203E-01  1.37452E+00
  6.62109E-01  1.35531E+00
  6.66016E-01  1.33563E+00
  6.69922E-01  1.31545E+00
  6.73828E-01  1.29473E+00
  6.77734E-01  1.27343E+00
  6.81641E-01  1.25150E+00
  6.85547E-01  1.22888E+00
  6.89453E-01  1.20550E+00
  6.93359E-01  1.18129E+00
  6.97266E-01  1.15615E+00
  7.01172E-01  1.12998E+00
  7.05078E-01  1.10263E+00
  7.08984E-01  1.07394E+00
  7.12891E-01  1.04369E+00
  7.16797E-01  1.01157E+00
  7.20703E-01  9.76790E-01
  7.24609E-01  9.34228E-01
  7.28516E-01  8.41237E-01
  7.32422E-01  4.39673E-02
  7.36328E-01  4.23367E-02
  7.40234E-01  4.18562E-02
  7.44141E-01  4.12257E-02
  7.48047E-01  4.06211E-02
  7.51953E-01  4.00222E-02
  7.55859E-01  3.94436E-02
  7.59766E-01  3.88645E-02
  7.63672E-01  3.83108E-02
  7.67578E-01  3.77550E-02
  7.71484E-01  3.72262E-02
  7.75391E-01  3.66965E-02
  7.79297E-01  3.61832E-02
  7.83203E-01  3.56653E-02
  7.87109E-01  3.51749E-02
  7.91016E-01  3.46836E-02
  7.94922E-01  3.42026E-02
  7.98828E-01  3.37278E-02
  8.02734E-01  3.32662E-02
  8.06641E-01  3.28143E-02
  8.10547E-01  3.23739E-02
  8.14453E-01  3.19366E-02
  8.18359E-01  3.15171E-02
  8.22266E-01  3.10981E-02
  8.26172E-01  3.06866E-02
  8.30078E-01  3.02761E-02
  8.33984E-01  2.98793E-02
  8.37891E-01  2.94924E-02
  8.41797E-01  2.91118E-02
  8.45703E-01  2.87305E-02
  8.49609E-01  2.83652E-02
  8.53516E-01  2.80060E-02
  8.57422E-01  2.76509E-02
  8.61328E-01  2.72959E-02
  8.65234E-01  2.69507E-02
  8.69141E-01  2.66121E-02
  8.73047E-01  2.62854E-02
  8.76953E-01  2.59598E-02
  8.80859E-01  2.56370E-02
  8.84766E-01  2.53211E-02
  8.88672E-01  2.50115E-02
  8.92578E-01  2.47103E-02
  8.96484E-01  2.44149E-02
  9.00391E-01  2.41257E-02
  9.04297E-01  2.38382E-02
  9.08203E-01  2.35521E-02
  9.12109E-01  2.32735E-02
  9.16016E-01  2.30006E-02
  9.19922E-01  2.27325E-02
  9.23828E-01  2.24695E-02
  9.27734E-01  2.22105E-02
  9.31641E-01  2.19571E-02
  9.35547E-01  2.17102E-02
  9.39453E-01  2.14671E-02
  9.43359E-01  2.12283E-02
  9.47266E-01  2.09915E-02
  9.51172E-01  2.07565E-02
  9.55078E-01  2.05259E-02
  9.58984E-01  2.02998E-02
  9.62891E-01  2.00777E-02
  9.66797E-01  1.98600E-02
  9.70703E-01  1.96466E-02
  9.74609E-01  1.94384E-02
  9.78516E-01  1.92356E-02
  9.82422E-01  1.90372E-02
  9.86328E-01  1.88429E-02
  9.90234E-01  1.86534E-02
  9.94141E-01  1.85108E-02
  9.98047E-01  1.84545E-02
  1.00195E+00  1.84545E-02
