 -1.95312E-03  2.58810E+00
  1.95312E-03  2.58810E+00
  5.85938E-03  2.58801E+00
  9.76562E-03  2.58783E+00
  1.36719E-02  2.58757E+00
  1.75781E-02  2.58721E+00
  2.14844E-02  2.58676E+00
  2.53906E-02  2.58623E+00
  2.92969E-02  2.58561E+00
  3.32031E-02  2.58490E+00
  3.71094E-02  2.58411E+00
  4.10156E-02  2.58324E+00
  4.49219E-02  2.58228E+00
  4.88281E-02  2.58123E+00
  5.27344E-02  2.58010E+00
  5.66406E-02  2.57889E+00
  6.05469E-02  2.57760E+00
  6.44531E-02  2.57622E+00
  6.83594E-02  2.57476E+00
  7.22656E-02  2.57322E+00
  7.61719E-02  2.57160E+00
  8.00781E-02  2.56990E+00
  8.39844E-02  2.56812E+00
  8.78906E-02  2.56626E+00
  9.17969E-02  2.56432E+00
  9.57031E-02  2.56231E+00
  9.96094E-02  2.56021E+00
  1.03516E-01  2.55804E+00
  1.07422E-01  2.55578E+00
  1.11328E-01  2.55345E+00
  1.15234E-01  2.55105E+00
  1.19141E-01  2.54856E+00
  1.23047E-01  2.54600E+00
  1.26953E-01  2.54337E+00
  1.30859E-01  2.54065E+00
  1.34766E-01  2.53786E+00
  1.38672E-01  2.53500E+00
  1.42578E-01  2.53206E+00
  1.46484E-01  2.52904E+00
  1.50391E-01  2.52595E+00
  1.54297E-01  2.52279E+00
  1.58203E-01  2.51954E+00
  1.62109E-01  2.51623E+00
  1.66016E-01  2.51284E+00
  1.69922E-01  2.50937E+00
  1.73828E-01  2.50584E+00
  1.77734E-01  2.50223E+00
  1.81641E-01  2.49854E+00
  1.85547E-01  2.49478E+00
  1.89453E-01  2.49095E+00
  1.93359E-01  2.48704E+00
  1.97266E-01  2.48306E+00
  2.01172E-01  2.47901E+00
  2.05078E-01  2.47488E+00
  2.08984E-01  2.47068E+00
  2.12891E-01  2.46641E+00
  2.16797E-01  2.46206E+00
  2.20703E-01  2.45765E+00
  2.24609E-01  2.45315E+00
  2.28516E-01  2.44859E+00
  2.32422E-01  2.44395E+00
  2.36328E-01  2.43924E+00
  2.40234E-01  2.43445E+00
  2.44141E-01  2.42959E+00
  2.48047E-01  2.42466E+00
  2.51953E-01  2.41966E+00
  2.55859E-01  2.41458E+00
  2.59766E-01  2.40943E+00
  2.63672E-01  2.40421E+00
  2.67578E-01  2.39891E+00
  2.71484E-01  2.39354E+00
  2.75391E-01  2.38810E+00
  2.79297E-01  2.38258E+00
  2.83203E-01  2.37699E+00
  2.87109E-01  2.37132E+00
  2.91016E-01  2.36558E+00
  2.94922E-01  2.35976E+00
  2.98828E-01  2.35387E+00
  3.02734E-01  2.34791E+00
  3.06641E-01  2.34187E+00
  3.10547E-01  2.33576E+00
  3.14453E-01  2.32957E+00
  3.18359E-01  2.32330E+00
  3.22266E-01  2.31696E+00
  3.26172E-01  2.31054E+00
  3.30078E-01  2.30405E+00
  3.33984E-01  2.29748E+00
  3.37891E-01  2.29083E+00
  3.41797E-01  2.28411E+00
  3.45703E-01  2.27730E+00
  3.49609E-01  2.27042E+00
  3.53516E-01  2.26346E+00
  3.57422E-01  2.25643E+00
  3.61328E-01  2.24931E+00
  3.65234E-01  2.24211E+00
  3.69141E-01  2.23484E+00
  3.73047E-01  2.22748E+00
  3.76953E-01  2.22004E+00
  3.80859E-01  2.21253E+00
  3.84766E-01  2.20492E+00
  3.88672E-01  2.19724E+00
  3.92578E-01  2.18947E+00
  3.96484E-01  2.18162E+00
  4.00391E-01  2.17368E+00
  4.04297E-01  2.16566E+00
  4.08203E-01  2.15755E+00
  4.12109E-01  2.14936E+00
  4.16016E-01  2.14108E+00
  4.19922E-01  2.13271E+00
  4.23828E-01  2.12425E+00
  4.27734E-01  2.11571E+00
  4.31641E-01  2.10707E+00
  4.35547E-01  2.09834E+00
  4.39453E-01  2.08951E+00
  4.43359E-01  2.08060E+00
  4.47266E-01  2.07159E+00
  4.51172E-01  2.06248E+00
  4.55078E-01  2.05328E+00
  4.58984E-01  2.04398E+00
  4.62891E-01  2.03458E+00
  4.66797E-01  2.02508E+00
  4.70703E-01  2.01548E+00
  4.74609E-01  2.00578E+00
  4.78516E-01  1.99598E+00
  4.82422E-01  1.98606E+00
  4.86328E-01  1.97604E+00
  4.90234E-01  1.96592E+00
  4.94141E-01  1.95568E+00
  4.98047E-01  1.94533E+00
  5.01953E-01  1.93486E+00
  5.05859E-01  1.92428E+00
  5.09766E-01  1.91359E+00
  5.13672E-01  1.90277E+00
  5.17578E-01  1.89183E+00
  5.21484E-01  1.88077E+00
  5.25391E-01  1.86958E+00
  5.29297E-01  1.85826E+00
  5.33203E-01  1.84681E+00
  5.37109E-01  1.83523E+00
  5.41016E-01  1.82351E+00
  5.44922E-01  1.81165E+00
  5.48828E-01  1.79965E+00
  5.52734E-01  1.78750E+00
  5.56641E-01  1.77520E+00
  5.60547E-01  1.76274E+00
  5.64453E-01  1.75013E+00
  5.68359E-01  1.73735E+00
  5.72266E-01  1.72441E+00
  5.76172E-01  1.71129E+00
  5.80078E-01  1.69800E+00
  5.83984E-01  1.68453E+00
  5.87891E-01  1.67087E+00
  5.91797E-01  1.65702E+00
  5.95703E-01  1.64297E+00
  5.99609E-01  1.62871E+00
  6.03516E-01  1.61424E+00
  6.07422E-01  1.59955E+00
  6.11328E-01  1.58462E+00
  6.15234E-01  1.56946E+00
  6.19141E-01  1.55405E+00
  6.23047E-01  1.53838E+00
  6.26953E-01  1.52244E+00
  6.30859E-01  1.50622E+00
  6.34766E-01  1.48970E+00
  6.38672E-01  1.47287E+00
  6.42578E-01  1.45571E+00
  6.46484E-01  1.43819E+00
  6.50391E-01  1.42032E+00
  6.54297E-01  1.40205E+00
  6.58203E-01  1.38337E+00
  6.62109E-01  1.36425E+00
  6.66016E-01  1.34466E+00
  6.69922E-01  1.32456E+00
  6.73828E-01  1.30391E+00
  6.77734E-01  1.28268E+00
  6.81641E-01  1.26081E+00
  6.85547E-01  1.23824E+00
  6.89453E-01  1.21491E+00
  6.93359E-01  1.19072E+00
  6.97266E-01  1.16560E+00
  7.01172E-01  1.13942E+00
  7.05078E-01  1.11203E+00
  7.08984E-01  1.08328E+00
  7.12891E-01  1.05291E+00
  7.16797E-01  1.02062E+00
  7.20703E-01  9.85594E-01
  7.24609E-01  9.42615E-01
  7.28516E-01  8.48412E-01
  7.32422E-01  1.55922E-02
  7.36328E-01  1.53577E-02
  7.40234E-01  1.51165E-02
  7.44141E-01  1.48868E-02
  7.48047E-01  1.46589E-02
  7.51953E-01  1.44378E-02
  7.55859E-01  1.42225E-02
  7.59766E-01  1.40103E-02
  7.63672E-01  1.38022E-02
  7.67578E-01  1.35963E-02
  7.71484E-01  1.33921E-02
  7.75391E-01  1.31900E-02
  7.79297E-01  1.29921E-02
  7.83203E-01  1.28023E-02
  7.87109E-01  1.26190E-02
  7.91016E-01  1.24392E-02
  7.94922E-01  1.22638E-02
  7.98828E-01  1.20912E-02
  8.02734E-01  1.19218E-02
  8.06641E-01  1.17551E-02
  8.10547E-01  1.15921E-02
  8.14453E-01  1.14313E-02
  8.18359E-01  1.12746E-02
  8.22266E-01  1.11199E-02
  8.26172E-01  1.09695E-02
  8.30078E-01  1.08196E-02
  8.33984E-01  1.06742E-02
  8.37891E-01  1.05303E-02
  8.41797E-01  1.03902E-02
  8.45703E-01  1.02515E-02
  8.49609E-01  1.01163E-02
  8.53516E-01  9.98249E-03
  8.57422E-01  9.85195E-03
  8.61328E-01  9.72295E-03
  8.65234E-01  9.59737E-03
  8.69141E-01  9.47308E-03
  8.73047E-01  9.35166E-03
  8.76953E-01  9.23138E-03
  8.80859E-01  9.11457E-03
  8.84766E-01  8.99900E-03
  8.88672E-01  8.88566E-03
  8.92578E-01  8.77374E-03
  8.96484E-01  8.66474E-03
  9.00391E-01  8.55674E-03
  9.04297E-01  8.45102E-03
  9.08203E-01  8.34662E-03
  9.12109E-01  8.24488E-03
  9.16016E-01  8.14395E-03
  9.19922E-01  8.04535E-03
  9.23828E-01  7.94762E-03
  9.27734E-01  7.85261E-03
  9.31641E-01  7.75849E-03
  9.35547E-01  7.66604E-03
  9.39453E-01  7.57473E-03
  9.43359E-01  7.48632E-03
  9.47266E-01  7.39779E-03
  9.51172E-01  7.31133E-03
  9.55078E-01  7.22650E-03
  9.58984E-01  7.14285E-03
  9.62891E-01  7.06092E-03
  9.66797E-01  6.98041E-03
  9.70703E-01  6.90164E-03
  9.74609E-01  6.82467E-03
  9.78516E-01  6.74994E-03
  9.82422E-01  6.67825E-03
  9.86328E-01  6.61101E-03
  9.90234E-01  6.55067E-03
  9.94141E-01  6.50088E-03
  9.98047E-01  6.47626E-03
  1.00195E+00  6.47626E-03
