 -1.95312E-03  2.58354E+00
  1.95312E-03  2.58354E+00
  5.85938E-03  2.58345E+00
  9.76562E-03  2.58327E+00
  1.36719E-02  2.58299E+00
  1.75781E-02  2.58264E+00
  2.14844E-02  2.58219E+00
  2.53906E-02  2.58165E+00
  2.92969E-02  2.58103E+00
  3.32031E-02  2.58032E+00
  3.71094E-02  2.57953E+00
  4.10156E-02  2.57865E+00
  4.49219E-02  2.57768E+00
  4.88281E-02  2.57663E+00
  5.27344E-02  2.57550E+00
  5.66406E-02  2.57428E+00
  6.05469E-02  2.57298E+00
  6.44531E-02  2.57160E+00
  6.83594E-02  2.57014E+00
  7.22656E-02  2.56859E+00
  7.61719E-02  2.56697E+00
  8.00781E-02  2.56526E+00
  8.39844E-02  2.56347E+00
  8.78906E-02  2.56161E+00
  9.17969E-02  2.55966E+00
  9.57031E-02  2.55763E+00
  9.96094E-02  2.55553E+00
  1.03516E-01  2.55334E+00
  1.07422E-01  2.55108E+00
  1.11328E-01  2.54874E+00
  1.15234E-01  2.54632E+00
  1.19141E-01  2.54383E+00
  1.23047E-01  2.54126E+00
  1.26953E-01  2.53861E+00
  1.30859E-01  2.53588E+00
  1.34766E-01  2.53308E+00
  1.38672E-01  2.53021E+00
  1.42578E-01  2.52725E+00
  1.46484E-01  2.52423E+00
  1.50391E-01  2.52112E+00
  1.54297E-01  2.51794E+00
  1.58203E-01  2.51469E+00
  1.62109E-01  2.51136E+00
  1.66016E-01  2.50795E+00
  1.69922E-01  2.50448E+00
  1.73828E-01  2.50092E+00
  1.77734E-01  2.49730E+00
  1.81641E-01  2.49360E+00
  1.85547E-01  2.48982E+00
  1.89453E-01  2.48597E+00
  1.93359E-01  2.48205E+00
  1.97266E-01  2.47805E+00
  2.01172E-01  2.47399E+00
  2.05078E-01  2.46984E+00
  2.08984E-01  2.46563E+00
  2.12891E-01  2.46134E+00
  2.16797E-01  2.45698E+00
  2.20703E-01  2.45254E+00
  2.24609E-01  2.44803E+00
  2.28516E-01  2.44345E+00
  2.32422E-01  2.43880E+00
  2.36328E-01  2.43407E+00
  2.40234E-01  2.42927E+00
  2.44141E-01  2.42440E+00
  2.48047E-01  2.41945E+00
  2.51953E-01  2.41443E+00
  2.55859E-01  2.40934E+00
  2.59766E-01  2.40417E+00
  2.63672E-01  2.39893E+00
  2.67578E-01  2.39362E+00
  2.71484E-01  2.38823E+00
  2.75391E-01  2.38277E+00
  2.79297E-01  2.37723E+00
  2.83203E-01  2.37162E+00
  2.87109E-01  2.36594E+00
  2.91016E-01  2.36018E+00
  2.94922E-01  2.35435E+00
  2.98828E-01  2.34844E+00
  3.02734E-01  2.34246E+00
  3.06641E-01  2.33640E+00
  3.10547E-01  2.33027E+00
  3.14453E-01  2.32406E+00
  3.18359E-01  2.31778E+00
  3.22266E-01  2.31142E+00
  3.26172E-01  2.30498E+00
  3.30078E-01  2.29847E+00
  3.33984E-01  2.29187E+00
  3.37891E-01  2.28521E+00
  3.41797E-01  2.27846E+00
  3.45703E-01  2.27164E+00
  3.49609E-01  2.26473E+00
  3.53516E-01  2.25775E+00
  3.57422E-01  2.25069E+00
  3.61328E-01  2.24355E+00
  3.65234E-01  2.23633E+00
  3.69141E-01  2.22903E+00
  3.73047E-01  2.22165E+00
  3.76953E-01  2.21418E+00
  3.80859E-01  2.20663E+00
  3.84766E-01  2.19900E+00
  3.88672E-01  2.19129E+00
  3.92578E-01  2.18349E+00
  3.96484E-01  2.17561E+00
  4.00391E-01  2.16765E+00
  4.04297E-01  2.15959E+00
  4.08203E-01  2.15145E+00
  4.12109E-01  2.14323E+00
  4.16016E-01  2.13491E+00
  4.19922E-01  2.12651E+00
  4.23828E-01  2.11802E+00
  4.27734E-01  2.10943E+00
  4.31641E-01  2.10076E+00
  4.35547E-01  2.09199E+00
  4.39453E-01  2.08313E+00
  4.43359E-01  2.07418E+00
  4.47266E-01  2.06513E+00
  4.51172E-01  2.05599E+00
  4.55078E-01  2.04674E+00
  4.58984E-01  2.03740E+00
  4.62891E-01  2.02796E+00
  4.66797E-01  2.01842E+00
  4.70703E-01  2.00878E+00
  4.74609E-01  1.99903E+00
  4.78516E-01  1.98918E+00
  4.82422E-01  1.97922E+00
  4.86328E-01  1.96915E+00
  4.90234E-01  1.95898E+00
  4.94141E-01  1.94869E+00
  4.98047E-01  1.93829E+00
  5.01953E-01  1.92777E+00
  5.05859E-01  1.91714E+00
  5.09766E-01  1.90639E+00
  5.13672E-01  1.89551E+00
  5.17578E-01  1.88452E+00
  5.21484E-01  1.87340E+00
  5.25391E-01  1.86215E+00
  5.29297E-01  1.85077E+00
  5.33203E-01  1.83926E+00
  5.37109E-01  1.82761E+00
  5.41016E-01  1.81582E+00
  5.44922E-01  1.80390E+00
  5.48828E-01  1.79182E+00
  5.52734E-01  1.77960E+00
  5.56641E-01  1.76723E+00
  5.60547E-01  1.75470E+00
  5.64453E-01  1.74202E+00
  5.68359E-01  1.72917E+00
  5.72266E-01  1.71615E+00
  5.76172E-01  1.70296E+00
  5.80078E-01  1.68958E+00
  5.83984E-01  1.67603E+00
  5.87891E-01  1.66229E+00
  5.91797E-01  1.64835E+00
  5.95703E-01  1.63421E+00
  5.99609E-01  1.61987E+00
  6.03516E-01  1.60530E+00
  6.07422E-01  1.59052E+00
  6.11328E-01  1.57550E+00
  6.15234E-01  1.56024E+00
  6.19141E-01  1.54473E+00
  6.23047E-01  1.52896E+00
  6.26953E-01  1.51291E+00
  6.30859E-01  1.49658E+00
  6.34766E-01  1.47995E+00
  6.38672E-01  1.46301E+00
  6.42578E-01  1.44573E+00
  6.46484E-01  1.42811E+00
  6.50391E-01  1.41012E+00
  6.54297E-01  1.39174E+00
  6.58203E-01  1.37294E+00
  6.62109E-01  1.35371E+00
  6.66016E-01  1.33401E+00
  6.69922E-01  1.31380E+00
  6.73828E-01  1.29305E+00
  6.77734E-01  1.27172E+00
  6.81641E-01  1.24975E+00
  6.85547E-01  1.22709E+00
  6.89453E-01  1.20367E+00
  6.93359E-01  1.17942E+00
  6.97266E-01  1.15423E+00
  7.01172E-01  1.12801E+00
  7.05078E-01  1.10060E+00
  7.08984E-01  1.07185E+00
  7.12891E-01  1.04152E+00
  7.16797E-01  1.00931E+00
  7.20703E-01  9.74428E-01
  7.24609E-01  9.31653E-01
  7.28516E-01  8.38156E-01
  7.32422E-01  4.66273E-02
  7.36328E-01  4.47772E-02
  7.40234E-01  4.42742E-02
  7.44141E-01  4.36133E-02
  7.48047E-01  4.29769E-02
  7.51953E-01  4.23409E-02
  7.55859E-01  4.17253E-02
  7.59766E-01  4.11129E-02
  7.63672E-01  4.05245E-02
  7.67578E-01  3.99421E-02
  7.71484E-01  3.93771E-02
  7.75391E-01  3.88132E-02
  7.79297E-01  3.82736E-02
  7.83203E-01  3.77316E-02
  7.87109E-01  3.72144E-02
  7.91016E-01  3.66958E-02
  7.94922E-01  3.61947E-02
  7.98828E-01  3.56894E-02
  8.02734E-01  3.52070E-02
  8.06641E-01  3.47274E-02
  8.10547E-01  3.42572E-02
  8.14453E-01  3.37939E-02
  8.18359E-01  3.33437E-02
  8.22266E-01  3.28978E-02
  8.26172E-01  3.24657E-02
  8.30078E-01  3.20384E-02
  8.33984E-01  3.16244E-02
  8.37891E-01  3.12150E-02
  8.41797E-01  3.08126E-02
  8.45703E-01  3.04110E-02
  8.49609E-01  3.00202E-02
  8.53516E-01  2.96397E-02
  8.57422E-01  2.92678E-02
  8.61328E-01  2.88950E-02
  8.65234E-01  2.85327E-02
  8.69141E-01  2.81797E-02
  8.73047E-01  2.78315E-02
  8.76953E-01  2.74869E-02
  8.80859E-01  2.71450E-02
  8.84766E-01  2.68118E-02
  8.88672E-01  2.64871E-02
  8.92578E-01  2.61698E-02
  8.96484E-01  2.58545E-02
  9.00391E-01  2.55425E-02
  9.04297E-01  2.52383E-02
  9.08203E-01  2.49400E-02
  9.12109E-01  2.46472E-02
  9.16016E-01  2.43620E-02
  9.19922E-01  2.40807E-02
  9.23828E-01  2.38023E-02
  9.27734E-01  2.35261E-02
  9.31641E-01  2.32565E-02
  9.35547E-01  2.29932E-02
  9.39453E-01  2.27338E-02
  9.43359E-01  2.24792E-02
  9.47266E-01  2.22295E-02
  9.51172E-01  2.19846E-02
  9.55078E-01  2.17465E-02
  9.58984E-01  2.15133E-02
  9.62891E-01  2.12842E-02
  9.66797E-01  2.10574E-02
  9.70703E-01  2.08331E-02
  9.74609E-01  2.06126E-02
  9.78516E-01  2.03964E-02
  9.82422E-01  2.01848E-02
  9.86328E-01  1.99779E-02
  9.90234E-01  1.97762E-02
  9.94141E-01  1.96186E-02
  9.98047E-01  1.95613E-02
  1.00195E+00  1.95613E-02
