 -1.95312E-03  2.58323E+00
  1.95312E-03  2.58323E+00
  5.85938E-03  2.58314E+00
  9.76562E-03  2.58295E+00
  1.36719E-02  2.58268E+00
  1.75781E-02  2.58233E+00
  2.14844E-02  2.58188E+00
  2.53906E-02  2.58134E+00
  2.92969E-02  2.58072E+00
  3.32031E-02  2.58001E+00
  3.71094E-02  2.57922E+00
  4.10156E-02  2.57834E+00
  4.49219E-02  2.57737E+00
  4.88281E-02  2.57632E+00
  5.27344E-02  2.57519E+00
  5.66406E-02  2.57398E+00
  6.05469E-02  2.57268E+00
  6.44531E-02  2.57130E+00
  6.83594E-02  2.56983E+00
  7.22656E-02  2.56829E+00
  7.61719E-02  2.56666E+00
  8.00781E-02  2.56495E+00
  8.39844E-02  2.56317E+00
  8.78906E-02  2.56130E+00
  9.17969E-02  2.55935E+00
  9.57031E-02  2.55733E+00
  9.96094E-02  2.55523E+00
  1.03516E-01  2.55304E+00
  1.07422E-01  2.55078E+00
  1.11328E-01  2.54844E+00
  1.15234E-01  2.54603E+00
  1.19141E-01  2.54353E+00
  1.23047E-01  2.54096E+00
  1.26953E-01  2.53831E+00
  1.30859E-01  2.53559E+00
  1.34766E-01  2.53279E+00
  1.38672E-01  2.52991E+00
  1.42578E-01  2.52696E+00
  1.46484E-01  2.52393E+00
  1.50391E-01  2.52083E+00
  1.54297E-01  2.51765E+00
  1.58203E-01  2.51439E+00
  1.62109E-01  2.51107E+00
  1.66016E-01  2.50766E+00
  1.69922E-01  2.50418E+00
  1.73828E-01  2.50063E+00
  1.77734E-01  2.49700E+00
  1.81641E-01  2.49330E+00
  1.85547E-01  2.48953E+00
  1.89453E-01  2.48568E+00
  1.93359E-01  2.48176E+00
  1.97266E-01  2.47777E+00
  2.01172E-01  2.47370E+00
  2.05078E-01  2.46955E+00
  2.08984E-01  2.46534E+00
  2.12891E-01  2.46105E+00
  2.16797E-01  2.45668E+00
  2.20703E-01  2.45224E+00
  2.24609E-01  2.44773E+00
  2.28516E-01  2.44315E+00
  2.32422E-01  2.43849E+00
  2.36328E-01  2.43376E+00
  2.40234E-01  2.42895E+00
  2.44141E-01  2.42407E+00
  2.48047E-01  2.41912E+00
  2.51953E-01  2.41410E+00
  2.55859E-01  2.40900E+00
  2.59766E-01  2.40383E+00
  2.63672E-01  2.39858E+00
  2.67578E-01  2.39326E+00
  2.71484E-01  2.38787E+00
  2.75391E-01  2.38241E+00
  2.79297E-01  2.37686E+00
  2.83203E-01  2.37125E+00
  2.87109E-01  2.36556E+00
  2.91016E-01  2.35980E+00
  2.94922E-01  2.35396E+00
  2.98828E-01  2.34805E+00
  3.02734E-01  2.34206E+00
  3.06641E-01  2.33600E+00
  3.10547E-01  2.32986E+00
  3.14453E-01  2.32365E+00
  3.18359E-01  2.31736E+00
  3.22266E-01  2.31099E+00
  3.26172E-01  2.30455E+00
  3.30078E-01  2.29803E+00
  3.33984E-01  2.29143E+00
  3.37891E-01  2.28476E+00
  3.41797E-01  2.27801E+00
  3.45703E-01  2.27118E+00
  3.49609E-01  2.26427E+00
  3.53516E-01  2.25728E+00
  3.57422E-01  2.25022E+00
  3.61328E-01  2.24307E+00
  3.65234E-01  2.23585E+00
  3.69141E-01  2.22854E+00
  3.73047E-01  2.22115E+00
  3.76953E-01  2.21368E+00
  3.80859E-01  2.20612E+00
  3.84766E-01  2.19849E+00
  3.88672E-01  2.19077E+00
  3.92578E-01  2.18296E+00
  3.96484E-01  2.17508E+00
  4.00391E-01  2.16710E+00
  4.04297E-01  2.15905E+00
  4.08203E-01  2.15090E+00
  4.12109E-01  2.14267E+00
  4.16016E-01  2.13434E+00
  4.19922E-01  2.12593E+00
  4.23828E-01  2.11743E+00
  4.27734E-01  2.10884E+00
  4.31641E-01  2.10016E+00
  4.35547E-01  2.09139E+00
  4.39453E-01  2.08252E+00
  4.43359E-01  2.07356E+00
  4.47266E-01  2.06451E+00
  4.51172E-01  2.05536E+00
  4.55078E-01  2.04611E+00
  4.58984E-01  2.03676E+00
  4.62891E-01  2.02731E+00
  4.66797E-01  2.01776E+00
  4.70703E-01  2.00811E+00
  4.74609E-01  1.99835E+00
  4.78516E-01  1.98849E+00
  4.82422E-01  1.97853E+00
  4.86328E-01  1.96845E+00
  4.90234E-01  1.95827E+00
  4.94141E-01  1.94797E+00
  4.98047E-01  1.93756E+00
  5.01953E-01  1.92704E+00
  5.05859E-01  1.91640E+00
  5.09766E-01  1.90564E+00
  5.13672E-01  1.89476E+00
  5.17578E-01  1.88375E+00
  5.21484E-01  1.87262E+00
  5.25391E-01  1.86137E+00
  5.29297E-01  1.84998E+00
  5.33203E-01  1.83846E+00
  5.37109E-01  1.82681E+00
  5.41016E-01  1.81501E+00
  5.44922E-01  1.80307E+00
  5.48828E-01  1.79099E+00
  5.52734E-01  1.77876E+00
  5.56641E-01  1.76638E+00
  5.60547E-01  1.75385E+00
  5.64453E-01  1.74115E+00
  5.68359E-01  1.72829E+00
  5.72266E-01  1.71526E+00
  5.76172E-01  1.70206E+00
  5.80078E-01  1.68868E+00
  5.83984E-01  1.67512E+00
  5.87891E-01  1.66137E+00
  5.91797E-01  1.64742E+00
  5.95703E-01  1.63327E+00
  5.99609E-01  1.61891E+00
  6.03516E-01  1.60434E+00
  6.07422E-01  1.58954E+00
  6.11328E-01  1.57451E+00
  6.15234E-01  1.55924E+00
  6.19141E-01  1.54372E+00
  6.23047E-01  1.52793E+00
  6.26953E-01  1.51187E+00
  6.30859E-01  1.49553E+00
  6.34766E-01  1.47888E+00
  6.38672E-01  1.46192E+00
  6.42578E-01  1.44463E+00
  6.46484E-01  1.42700E+00
  6.50391E-01  1.40899E+00
  6.54297E-01  1.39059E+00
  6.58203E-01  1.37178E+00
  6.62109E-01  1.35253E+00
  6.66016E-01  1.33281E+00
  6.69922E-01  1.31258E+00
  6.73828E-01  1.29181E+00
  6.77734E-01  1.27046E+00
  6.81641E-01  1.24846E+00
  6.85547E-01  1.22578E+00
  6.89453E-01  1.20233E+00
  6.93359E-01  1.17804E+00
  6.97266E-01  1.15283E+00
  7.01172E-01  1.12657E+00
  7.05078E-01  1.09912E+00
  7.08984E-01  1.07032E+00
  7.12891E-01  1.03994E+00
  7.16797E-01  1.00767E+00
  7.20703E-01  9.72700E-01
  7.24609E-01  9.29767E-01
  7.28516E-01  8.35876E-01
  7.32422E-01  4.84979E-02
  7.36328E-01  4.64790E-02
  7.40234E-01  4.59556E-02
  7.44141E-01  4.52696E-02
  7.48047E-01  4.46118E-02
  7.51953E-01  4.39564E-02
  7.55859E-01  4.33243E-02
  7.59766E-01  4.26882E-02
  7.63672E-01  4.20776E-02
  7.67578E-01  4.14681E-02
  7.71484E-01  4.08810E-02
  7.75391E-01  4.02987E-02
  7.79297E-01  3.97364E-02
  7.83203E-01  3.91757E-02
  7.87109E-01  3.86351E-02
  7.91016E-01  3.80978E-02
  7.94922E-01  3.75755E-02
  7.98828E-01  3.70602E-02
  8.02734E-01  3.65609E-02
  8.06641E-01  3.60621E-02
  8.10547E-01  3.55702E-02
  8.14453E-01  3.50967E-02
  8.18359E-01  3.46307E-02
  8.22266E-01  3.41656E-02
  8.26172E-01  3.37147E-02
  8.30078E-01  3.32685E-02
  8.33984E-01  3.28390E-02
  8.37891E-01  3.24088E-02
  8.41797E-01  3.19910E-02
  8.45703E-01  3.15831E-02
  8.49609E-01  3.11849E-02
  8.53516E-01  3.07858E-02
  8.57422E-01  3.03947E-02
  8.61328E-01  3.00093E-02
  8.65234E-01  2.96374E-02
  8.69141E-01  2.92702E-02
  8.73047E-01  2.89054E-02
  8.76953E-01  2.85485E-02
  8.80859E-01  2.82008E-02
  8.84766E-01  2.78605E-02
  8.88672E-01  2.75209E-02
  8.92578E-01  2.71855E-02
  8.96484E-01  2.68564E-02
  9.00391E-01  2.65374E-02
  9.04297E-01  2.62259E-02
  9.08203E-01  2.59164E-02
  9.12109E-01  2.56097E-02
  9.16016E-01  2.53091E-02
  9.19922E-01  2.50151E-02
  9.23828E-01  2.47273E-02
  9.27734E-01  2.44457E-02
  9.31641E-01  2.41701E-02
  9.35547E-01  2.38970E-02
  9.39453E-01  2.36258E-02
  9.43359E-01  2.33600E-02
  9.47266E-01  2.31010E-02
  9.51172E-01  2.28470E-02
  9.55078E-01  2.25977E-02
  9.58984E-01  2.23534E-02
  9.62891E-01  2.21136E-02
  9.66797E-01  2.18793E-02
  9.70703E-01  2.16513E-02
  9.74609E-01  2.14279E-02
  9.78516E-01  2.12085E-02
  9.82422E-01  2.09919E-02
  9.86328E-01  2.07779E-02
  9.90234E-01  2.05693E-02
  9.94141E-01  2.04023E-02
  9.98047E-01  2.03364E-02
  1.00195E+00  2.03364E-02
