 -1.95312E-03  2.58703E+00
  1.95312E-03  2.58703E+00
  5.85938E-03  2.58694E+00
  9.76562E-03  2.58676E+00
  1.36719E-02  2.58649E+00
  1.75781E-02  2.58613E+00
  2.14844E-02  2.58568E+00
  2.53906E-02  2.58515E+00
  2.92969E-02  2.58453E+00
  3.32031E-02  2.58382E+00
  3.71094E-02  2.58303E+00
  4.10156E-02  2.58215E+00
  4.49219E-02  2.58119E+00
  4.88281E-02  2.58015E+00
  5.27344E-02  2.57902E+00
  5.66406E-02  2.57780E+00
  6.05469E-02  2.57651E+00
  6.44531E-02  2.57513E+00
  6.83594E-02  2.57367E+00
  7.22656E-02  2.57213E+00
  7.61719E-02  2.57051E+00
  8.00781E-02  2.56881E+00
  8.39844E-02  2.56703E+00
  8.78906E-02  2.56516E+00
  9.17969E-02  2.56322E+00
  9.57031E-02  2.56120E+00
  9.96094E-02  2.55910E+00
  1.03516E-01  2.55693E+00
  1.07422E-01  2.55467E+00
  1.11328E-01  2.55234E+00
  1.15234E-01  2.54993E+00
  1.19141E-01  2.54744E+00
  1.23047E-01  2.54488E+00
  1.26953E-01  2.54224E+00
  1.30859E-01  2.53952E+00
  1.34766E-01  2.53673E+00
  1.38672E-01  2.53386E+00
  1.42578E-01  2.53091E+00
  1.46484E-01  2.52789E+00
  1.50391E-01  2.52480E+00
  1.54297E-01  2.52163E+00
  1.58203E-01  2.51838E+00
  1.62109E-01  2.51506E+00
  1.66016E-01  2.51167E+00
  1.69922E-01  2.50820E+00
  1.73828E-01  2.50466E+00
  1.77734E-01  2.50105E+00
  1.81641E-01  2.49736E+00
  1.85547E-01  2.49359E+00
  1.89453E-01  2.48976E+00
  1.93359E-01  2.48584E+00
  1.97266E-01  2.48186E+00
  2.01172E-01  2.47780E+00
  2.05078E-01  2.47367E+00
  2.08984E-01  2.46947E+00
  2.12891E-01  2.46519E+00
  2.16797E-01  2.46084E+00
  2.20703E-01  2.45642E+00
  2.24609E-01  2.45192E+00
  2.28516E-01  2.44735E+00
  2.32422E-01  2.44271E+00
  2.36328E-01  2.43800E+00
  2.40234E-01  2.43321E+00
  2.44141E-01  2.42835E+00
  2.48047E-01  2.42341E+00
  2.51953E-01  2.41841E+00
  2.55859E-01  2.41332E+00
  2.59766E-01  2.40817E+00
  2.63672E-01  2.40294E+00
  2.67578E-01  2.39764E+00
  2.71484E-01  2.39227E+00
  2.75391E-01  2.38682E+00
  2.79297E-01  2.38130E+00
  2.83203E-01  2.37570E+00
  2.87109E-01  2.37003E+00
  2.91016E-01  2.36429E+00
  2.94922E-01  2.35847E+00
  2.98828E-01  2.35257E+00
  3.02734E-01  2.34661E+00
  3.06641E-01  2.34056E+00
  3.10547E-01  2.33444E+00
  3.14453E-01  2.32825E+00
  3.18359E-01  2.32198E+00
  3.22266E-01  2.31564E+00
  3.26172E-01  2.30921E+00
  3.30078E-01  2.30272E+00
  3.33984E-01  2.29614E+00
  3.37891E-01  2.28949E+00
  3.41797E-01  2.28276E+00
  3.45703E-01  2.27595E+00
  3.49609E-01  2.26907E+00
  3.53516E-01  2.26211E+00
  3.57422E-01  2.25507E+00
  3.61328E-01  2.24795E+00
  3.65234E-01  2.24075E+00
  3.69141E-01  2.23347E+00
  3.73047E-01  2.22611E+00
  3.76953E-01  2.21866E+00
  3.80859E-01  2.21114E+00
  3.84766E-01  2.20353E+00
  3.88672E-01  2.19584E+00
  3.92578E-01  2.18807E+00
  3.96484E-01  2.18021E+00
  4.00391E-01  2.17227E+00
  4.04297E-01  2.16425E+00
  4.08203E-01  2.15613E+00
  4.12109E-01  2.14793E+00
  4.16016E-01  2.13965E+00
  4.19922E-01  2.13127E+00
  4.23828E-01  2.12281E+00
  4.27734E-01  2.11425E+00
  4.31641E-01  2.10561E+00
  4.35547E-01  2.09687E+00
  4.39453E-01  2.08804E+00
  4.43359E-01  2.07912E+00
  4.47266E-01  2.07010E+00
  4.51172E-01  2.06099E+00
  4.55078E-01  2.05178E+00
  4.58984E-01  2.04247E+00
  4.62891E-01  2.03307E+00
  4.66797E-01  2.02356E+00
  4.70703E-01  2.01396E+00
  4.74609E-01  2.00425E+00
  4.78516E-01  1.99443E+00
  4.82422E-01  1.98451E+00
  4.86328E-01  1.97449E+00
  4.90234E-01  1.96435E+00
  4.94141E-01  1.95410E+00
  4.98047E-01  1.94374E+00
  5.01953E-01  1.93327E+00
  5.05859E-01  1.92268E+00
  5.09766E-01  1.91198E+00
  5.13672E-01  1.90115E+00
  5.17578E-01  1.89020E+00
  5.21484E-01  1.87913E+00
  5.25391E-01  1.86793E+00
  5.29297E-01  1.85660E+00
  5.33203E-01  1.84514E+00
  5.37109E-01  1.83355E+00
  5.41016E-01  1.82182E+00
  5.44922E-01  1.80994E+00
  5.48828E-01  1.79793E+00
  5.52734E-01  1.78577E+00
  5.56641E-01  1.77345E+00
  5.60547E-01  1.76099E+00
  5.64453E-01  1.74836E+00
  5.68359E-01  1.73557E+00
  5.72266E-01  1.72262E+00
  5.76172E-01  1.70949E+00
  5.80078E-01  1.69619E+00
  5.83984E-01  1.68270E+00
  5.87891E-01  1.66903E+00
  5.91797E-01  1.65516E+00
  5.95703E-01  1.64110E+00
  5.99609E-01  1.62682E+00
  6.03516E-01  1.61234E+00
  6.07422E-01  1.59763E+00
  6.11328E-01  1.58269E+00
  6.15234E-01  1.56752E+00
  6.19141E-01  1.55209E+00
  6.23047E-01  1.53641E+00
  6.26953E-01  1.52046E+00
  6.30859E-01  1.50422E+00
  6.34766E-01  1.48768E+00
  6.38672E-01  1.47084E+00
  6.42578E-01  1.45367E+00
  6.46484E-01  1.43616E+00
  6.50391E-01  1.41828E+00
  6.54297E-01  1.40002E+00
  6.58203E-01  1.38135E+00
  6.62109E-01  1.36224E+00
  6.66016E-01  1.34267E+00
  6.69922E-01  1.32261E+00
  6.73828E-01  1.30201E+00
  6.77734E-01  1.28083E+00
  6.81641E-01  1.25903E+00
  6.85547E-01  1.23654E+00
  6.89453E-01  1.21331E+00
  6.93359E-01  1.18926E+00
  6.97266E-01  1.16429E+00
  7.01172E-01  1.13830E+00
  7.05078E-01  1.11115E+00
  7.08984E-01  1.08268E+00
  7.12891E-01  1.05269E+00
  7.16797E-01  1.02085E+00
  7.20703E-01  9.86454E-01
  7.24609E-01  9.44593E-01
  7.28516E-01  8.53280E-01
  7.32422E-01  3.14840E-02
  7.36328E-01  3.06568E-02
  7.40234E-01  3.03070E-02
  7.44141E-01  2.98480E-02
  7.48047E-01  2.94080E-02
  7.51953E-01  2.89685E-02
  7.55859E-01  2.85428E-02
  7.59766E-01  2.81276E-02
  7.63672E-01  2.77183E-02
  7.67578E-01  2.73082E-02
  7.71484E-01  2.69096E-02
  7.75391E-01  2.65259E-02
  7.79297E-01  2.61515E-02
  7.83203E-01  2.57760E-02
  7.87109E-01  2.54079E-02
  7.91016E-01  2.50492E-02
  7.94922E-01  2.47010E-02
  7.98828E-01  2.43620E-02
  8.02734E-01  2.40290E-02
  8.06641E-01  2.36955E-02
  8.10547E-01  2.33684E-02
  8.14453E-01  2.30491E-02
  8.18359E-01  2.27380E-02
  8.22266E-01  2.24323E-02
  8.26172E-01  2.21338E-02
  8.30078E-01  2.18416E-02
  8.33984E-01  2.15578E-02
  8.37891E-01  2.12771E-02
  8.41797E-01  2.09979E-02
  8.45703E-01  2.07185E-02
  8.49609E-01  2.04449E-02
  8.53516E-01  2.01755E-02
  8.57422E-01  1.99131E-02
  8.61328E-01  1.96534E-02
  8.65234E-01  1.94024E-02
  8.69141E-01  1.91569E-02
  8.73047E-01  1.89170E-02
  8.76953E-01  1.86796E-02
  8.80859E-01  1.84503E-02
  8.84766E-01  1.82247E-02
  8.88672E-01  1.80040E-02
  8.92578E-01  1.77859E-02
  8.96484E-01  1.75734E-02
  9.00391E-01  1.73621E-02
  9.04297E-01  1.71563E-02
  9.08203E-01  1.69527E-02
  9.12109E-01  1.67526E-02
  9.16016E-01  1.65572E-02
  9.19922E-01  1.63631E-02
  9.23828E-01  1.61732E-02
  9.27734E-01  1.59833E-02
  9.31641E-01  1.57942E-02
  9.35547E-01  1.56090E-02
  9.39453E-01  1.54294E-02
  9.43359E-01  1.52525E-02
  9.47266E-01  1.50793E-02
  9.51172E-01  1.49089E-02
  9.55078E-01  1.47413E-02
  9.58984E-01  1.45767E-02
  9.62891E-01  1.44151E-02
  9.66797E-01  1.42563E-02
  9.70703E-01  1.41001E-02
  9.74609E-01  1.39469E-02
  9.78516E-01  1.37967E-02
  9.82422E-01  1.36497E-02
  9.86328E-01  1.35070E-02
  9.90234E-01  1.33740E-02
  9.94141E-01  1.32699E-02
  9.98047E-01  1.32266E-02
  1.00195E+00  1.32266E-02
