 -1.95312E-03  2.58881E+00
  1.95312E-03  2.58881E+00
  5.85938E-03  2.58872E+00
  9.76562E-03  2.58854E+00
  1.36719E-02  2.58827E+00
  1.75781E-02  2.58791E+00
  2.14844E-02  2.58746E+00
  2.53906E-02  2.58693E+00
  2.92969E-02  2.58631E+00
  3.32031E-02  2.58561E+00
  3.71094E-02  2.58481E+00
  4.10156E-02  2.58394E+00
  4.49219E-02  2.58298E+00
  4.88281E-02  2.58193E+00
  5.27344E-02  2.58080E+00
  5.66406E-02  2.57959E+00
  6.05469E-02  2.57830E+00
  6.44531E-02  2.57692E+00
  6.83594E-02  2.57546E+00
  7.22656E-02  2.57392E+00
  7.61719E-02  2.57230E+00
  8.00781E-02  2.57060E+00
  8.39844E-02  2.56882E+00
  8.78906E-02  2.56696E+00
  9.17969E-02  2.56502E+00
  9.57031E-02  2.56300E+00
  9.96094E-02  2.56091E+00
  1.03516E-01  2.55873E+00
  1.07422E-01  2.55648E+00
  1.11328E-01  2.55415E+00
  1.15234E-01  2.55174E+00
  1.19141E-01  2.54926E+00
  1.23047E-01  2.54670E+00
  1.26953E-01  2.54406E+00
  1.30859E-01  2.54135E+00
  1.34766E-01  2.53855E+00
  1.38672E-01  2.53569E+00
  1.42578E-01  2.53275E+00
  1.46484E-01  2.52973E+00
  1.50391E-01  2.52664E+00
  1.54297E-01  2.52347E+00
  1.58203E-01  2.52023E+00
  1.62109E-01  2.51692E+00
  1.66016E-01  2.51353E+00
  1.69922E-01  2.51006E+00
  1.73828E-01  2.50652E+00
  1.77734E-01  2.50291E+00
  1.81641E-01  2.49923E+00
  1.85547E-01  2.49547E+00
  1.89453E-01  2.49163E+00
  1.93359E-01  2.48773E+00
  1.97266E-01  2.48375E+00
  2.01172E-01  2.47970E+00
  2.05078E-01  2.47557E+00
  2.08984E-01  2.47137E+00
  2.12891E-01  2.46710E+00
  2.16797E-01  2.46275E+00
  2.20703E-01  2.45834E+00
  2.24609E-01  2.45384E+00
  2.28516E-01  2.44928E+00
  2.32422E-01  2.44464E+00
  2.36328E-01  2.43993E+00
  2.40234E-01  2.43514E+00
  2.44141E-01  2.43029E+00
  2.48047E-01  2.42536E+00
  2.51953E-01  2.42035E+00
  2.55859E-01  2.41528E+00
  2.59766E-01  2.41013E+00
  2.63672E-01  2.40490E+00
  2.67578E-01  2.39961E+00
  2.71484E-01  2.39424E+00
  2.75391E-01  2.38879E+00
  2.79297E-01  2.38327E+00
  2.83203E-01  2.37768E+00
  2.87109E-01  2.37201E+00
  2.91016E-01  2.36627E+00
  2.94922E-01  2.36046E+00
  2.98828E-01  2.35457E+00
  3.02734E-01  2.34860E+00
  3.06641E-01  2.34256E+00
  3.10547E-01  2.33645E+00
  3.14453E-01  2.33026E+00
  3.18359E-01  2.32399E+00
  3.22266E-01  2.31765E+00
  3.26172E-01  2.31123E+00
  3.30078E-01  2.30473E+00
  3.33984E-01  2.29816E+00
  3.37891E-01  2.29151E+00
  3.41797E-01  2.28479E+00
  3.45703E-01  2.27798E+00
  3.49609E-01  2.27110E+00
  3.53516E-01  2.26414E+00
  3.57422E-01  2.25710E+00
  3.61328E-01  2.24998E+00
  3.65234E-01  2.24279E+00
  3.69141E-01  2.23551E+00
  3.73047E-01  2.22815E+00
  3.76953E-01  2.22071E+00
  3.80859E-01  2.21319E+00
  3.84766E-01  2.20558E+00
  3.88672E-01  2.19790E+00
  3.92578E-01  2.19012E+00
  3.96484E-01  2.18227E+00
  4.00391E-01  2.17433E+00
  4.04297E-01  2.16631E+00
  4.08203E-01  2.15820E+00
  4.12109E-01  2.15000E+00
  4.16016E-01  2.14171E+00
  4.19922E-01  2.13334E+00
  4.23828E-01  2.12488E+00
  4.27734E-01  2.11633E+00
  4.31641E-01  2.10769E+00
  4.35547E-01  2.09896E+00
  4.39453E-01  2.09013E+00
  4.43359E-01  2.08122E+00
  4.47266E-01  2.07220E+00
  4.51172E-01  2.06309E+00
  4.55078E-01  2.05389E+00
  4.58984E-01  2.04459E+00
  4.62891E-01  2.03519E+00
  4.66797E-01  2.02568E+00
  4.70703E-01  2.01608E+00
  4.74609E-01  2.00638E+00
  4.78516E-01  1.99657E+00
  4.82422E-01  1.98665E+00
  4.86328E-01  1.97663E+00
  4.90234E-01  1.96650E+00
  4.94141E-01  1.95625E+00
  4.98047E-01  1.94590E+00
  5.01953E-01  1.93543E+00
  5.05859E-01  1.92485E+00
  5.09766E-01  1.91415E+00
  5.13672E-01  1.90332E+00
  5.17578E-01  1.89238E+00
  5.21484E-01  1.88131E+00
  5.25391E-01  1.87012E+00
  5.29297E-01  1.85879E+00
  5.33203E-01  1.84733E+00
  5.37109E-01  1.83574E+00
  5.41016E-01  1.82401E+00
  5.44922E-01  1.81214E+00
  5.48828E-01  1.80012E+00
  5.52734E-01  1.78796E+00
  5.56641E-01  1.77564E+00
  5.60547E-01  1.76317E+00
  5.64453E-01  1.75054E+00
  5.68359E-01  1.73775E+00
  5.72266E-01  1.72479E+00
  5.76172E-01  1.71165E+00
  5.80078E-01  1.69833E+00
  5.83984E-01  1.68483E+00
  5.87891E-01  1.67115E+00
  5.91797E-01  1.65727E+00
  5.95703E-01  1.64318E+00
  5.99609E-01  1.62888E+00
  6.03516E-01  1.61436E+00
  6.07422E-01  1.59962E+00
  6.11328E-01  1.58465E+00
  6.15234E-01  1.56943E+00
  6.19141E-01  1.55396E+00
  6.23047E-01  1.53822E+00
  6.26953E-01  1.52220E+00
  6.30859E-01  1.50589E+00
  6.34766E-01  1.48928E+00
  6.38672E-01  1.47235E+00
  6.42578E-01  1.45508E+00
  6.46484E-01  1.43746E+00
  6.50391E-01  1.41945E+00
  6.54297E-01  1.40105E+00
  6.58203E-01  1.38222E+00
  6.62109E-01  1.36294E+00
  6.66016E-01  1.34317E+00
  6.69922E-01  1.32289E+00
  6.73828E-01  1.30204E+00
  6.77734E-01  1.28060E+00
  6.81641E-01  1.25849E+00
  6.85547E-01  1.23566E+00
  6.89453E-01  1.21203E+00
  6.93359E-01  1.18753E+00
  6.97266E-01  1.16205E+00
  7.01172E-01  1.13547E+00
  7.05078E-01  1.10763E+00
  7.08984E-01  1.07834E+00
  7.12891E-01  1.04737E+00
  7.16797E-01  1.01434E+00
  7.20703E-01  9.78334E-01
  7.24609E-01  9.33540E-01
  7.28516E-01  8.34738E-01
  7.32422E-01  7.52594E-03
  7.36328E-01  7.43217E-03
  7.40234E-01  7.31627E-03
  7.44141E-01  7.20527E-03
  7.48047E-01  7.09415E-03
  7.51953E-01  6.98758E-03
  7.55859E-01  6.88093E-03
  7.59766E-01  6.77855E-03
  7.63672E-01  6.67610E-03
  7.67578E-01  6.57787E-03
  7.71484E-01  6.47970E-03
  7.75391E-01  6.38553E-03
  7.79297E-01  6.29120E-03
  7.83203E-01  6.20025E-03
  7.87109E-01  6.10934E-03
  7.91016E-01  6.02192E-03
  7.94922E-01  5.93463E-03
  7.98828E-01  5.85093E-03
  8.02734E-01  5.76707E-03
  8.06641E-01  5.68623E-03
  8.10547E-01  5.60525E-03
  8.14453E-01  5.52740E-03
  8.18359E-01  5.44972E-03
  8.22266E-01  5.37482E-03
  8.26172E-01  5.29986E-03
  8.30078E-01  5.22762E-03
  8.33984E-01  5.15569E-03
  8.37891E-01  5.08612E-03
  8.41797E-01  5.01650E-03
  8.45703E-01  4.94945E-03
  8.49609E-01  4.88250E-03
  8.53516E-01  4.81748E-03
  8.57422E-01  4.75358E-03
  8.61328E-01  4.69075E-03
  8.65234E-01  4.62887E-03
  8.69141E-01  4.56787E-03
  8.73047E-01  4.50833E-03
  8.76953E-01  4.44971E-03
  8.80859E-01  4.39244E-03
  8.84766E-01  4.33571E-03
  8.88672E-01  4.28031E-03
  8.92578E-01  4.22521E-03
  8.96484E-01  4.17199E-03
  9.00391E-01  4.11886E-03
  9.04297E-01  4.06753E-03
  9.08203E-01  4.01613E-03
  9.12109E-01  3.96635E-03
  9.16016E-01  3.91658E-03
  9.19922E-01  3.86854E-03
  9.23828E-01  3.82054E-03
  9.27734E-01  3.77436E-03
  9.31641E-01  3.72816E-03
  9.35547E-01  3.68329E-03
  9.39453E-01  3.63842E-03
  9.43359E-01  3.59512E-03
  9.47266E-01  3.55217E-03
  9.51172E-01  3.51069E-03
  9.55078E-01  3.46918E-03
  9.58984E-01  3.42911E-03
  9.62891E-01  3.38946E-03
  9.66797E-01  3.35163E-03
  9.70703E-01  3.31388E-03
  9.74609E-01  3.27798E-03
  9.78516E-01  3.24314E-03
  9.82422E-01  3.20970E-03
  9.86328E-01  3.17787E-03
  9.90234E-01  3.14759E-03
  9.94141E-01  3.12121E-03
  9.98047E-01  3.10895E-03
  1.00195E+00  3.10895E-03
