 -1.95312E-03  2.58819E+00
  1.95312E-03  2.58819E+00
  5.85938E-03  2.58810E+00
  9.76562E-03  2.58792E+00
  1.36719E-02  2.58765E+00
  1.75781E-02  2.58730E+00
  2.14844E-02  2.58685E+00
  2.53906E-02  2.58632E+00
  2.92969E-02  2.58570E+00
  3.32031E-02  2.58499E+00
  3.71094E-02  2.58420E+00
  4.10156E-02  2.58333E+00
  4.49219E-02  2.58236E+00
  4.88281E-02  2.58132E+00
  5.27344E-02  2.58019E+00
  5.66406E-02  2.57898E+00
  6.05469E-02  2.57769E+00
  6.44531E-02  2.57631E+00
  6.83594E-02  2.57485E+00
  7.22656E-02  2.57331E+00
  7.61719E-02  2.57169E+00
  8.00781E-02  2.56999E+00
  8.39844E-02  2.56821E+00
  8.78906E-02  2.56635E+00
  9.17969E-02  2.56441E+00
  9.57031E-02  2.56240E+00
  9.96094E-02  2.56030E+00
  1.03516E-01  2.55813E+00
  1.07422E-01  2.55587E+00
  1.11328E-01  2.55354E+00
  1.15234E-01  2.55114E+00
  1.19141E-01  2.54865E+00
  1.23047E-01  2.54609E+00
  1.26953E-01  2.54345E+00
  1.30859E-01  2.54074E+00
  1.34766E-01  2.53795E+00
  1.38672E-01  2.53509E+00
  1.42578E-01  2.53215E+00
  1.46484E-01  2.52913E+00
  1.50391E-01  2.52604E+00
  1.54297E-01  2.52287E+00
  1.58203E-01  2.51963E+00
  1.62109E-01  2.51632E+00
  1.66016E-01  2.51293E+00
  1.69922E-01  2.50946E+00
  1.73828E-01  2.50592E+00
  1.77734E-01  2.50231E+00
  1.81641E-01  2.49863E+00
  1.85547E-01  2.49487E+00
  1.89453E-01  2.49104E+00
  1.93359E-01  2.48713E+00
  1.97266E-01  2.48315E+00
  2.01172E-01  2.47910E+00
  2.05078E-01  2.47497E+00
  2.08984E-01  2.47077E+00
  2.12891E-01  2.46650E+00
  2.16797E-01  2.46215E+00
  2.20703E-01  2.45773E+00
  2.24609E-01  2.45324E+00
  2.28516E-01  2.44867E+00
  2.32422E-01  2.44404E+00
  2.36328E-01  2.43933E+00
  2.40234E-01  2.43454E+00
  2.44141E-01  2.42968E+00
  2.48047E-01  2.42475E+00
  2.51953E-01  2.41975E+00
  2.55859E-01  2.41467E+00
  2.59766E-01  2.40952E+00
  2.63672E-01  2.40430E+00
  2.67578E-01  2.39900E+00
  2.71484E-01  2.39363E+00
  2.75391E-01  2.38818E+00
  2.79297E-01  2.38267E+00
  2.83203E-01  2.37707E+00
  2.87109E-01  2.37141E+00
  2.91016E-01  2.36567E+00
  2.94922E-01  2.35985E+00
  2.98828E-01  2.35396E+00
  3.02734E-01  2.34800E+00
  3.06641E-01  2.34196E+00
  3.10547E-01  2.33584E+00
  3.14453E-01  2.32965E+00
  3.18359E-01  2.32339E+00
  3.22266E-01  2.31705E+00
  3.26172E-01  2.31063E+00
  3.30078E-01  2.30414E+00
  3.33984E-01  2.29757E+00
  3.37891E-01  2.29092E+00
  3.41797E-01  2.28419E+00
  3.45703E-01  2.27739E+00
  3.49609E-01  2.27051E+00
  3.53516E-01  2.26355E+00
  3.57422E-01  2.25651E+00
  3.61328E-01  2.24940E+00
  3.65234E-01  2.24220E+00
  3.69141E-01  2.23493E+00
  3.73047E-01  2.22757E+00
  3.76953E-01  2.22013E+00
  3.80859E-01  2.21261E+00
  3.84766E-01  2.20501E+00
  3.88672E-01  2.19732E+00
  3.92578E-01  2.18955E+00
  3.96484E-01  2.18170E+00
  4.00391E-01  2.17377E+00
  4.04297E-01  2.16574E+00
  4.08203E-01  2.15764E+00
  4.12109E-01  2.14944E+00
  4.16016E-01  2.14116E+00
  4.19922E-01  2.13279E+00
  4.23828E-01  2.12433E+00
  4.27734E-01  2.11579E+00
  4.31641E-01  2.10715E+00
  4.35547E-01  2.09842E+00
  4.39453E-01  2.08959E+00
  4.43359E-01  2.08068E+00
  4.47266E-01  2.07167E+00
  4.51172E-01  2.06256E+00
  4.55078E-01  2.05336E+00
  4.58984E-01  2.04406E+00
  4.62891E-01  2.03466E+00
  4.66797E-01  2.02516E+00
  4.70703E-01  2.01556E+00
  4.74609E-01  2.00586E+00
  4.78516E-01  1.99605E+00
  4.82422E-01  1.98614E+00
  4.86328E-01  1.97612E+00
  4.90234E-01  1.96599E+00
  4.94141E-01  1.95575E+00
  4.98047E-01  1.94540E+00
  5.01953E-01  1.93494E+00
  5.05859E-01  1.92436E+00
  5.09766E-01  1.91366E+00
  5.13672E-01  1.90284E+00
  5.17578E-01  1.89191E+00
  5.21484E-01  1.88084E+00
  5.25391E-01  1.86965E+00
  5.29297E-01  1.85833E+00
  5.33203E-01  1.84688E+00
  5.37109E-01  1.83530E+00
  5.41016E-01  1.82358E+00
  5.44922E-01  1.81172E+00
  5.48828E-01  1.79971E+00
  5.52734E-01  1.78756E+00
  5.56641E-01  1.77526E+00
  5.60547E-01  1.76280E+00
  5.64453E-01  1.75019E+00
  5.68359E-01  1.73741E+00
  5.72266E-01  1.72447E+00
  5.76172E-01  1.71135E+00
  5.80078E-01  1.69806E+00
  5.83984E-01  1.68459E+00
  5.87891E-01  1.67093E+00
  5.91797E-01  1.65708E+00
  5.95703E-01  1.64303E+00
  5.99609E-01  1.62877E+00
  6.03516E-01  1.61429E+00
  6.07422E-01  1.59960E+00
  6.11328E-01  1.58468E+00
  6.15234E-01  1.56951E+00
  6.19141E-01  1.55410E+00
  6.23047E-01  1.53843E+00
  6.26953E-01  1.52248E+00
  6.30859E-01  1.50625E+00
  6.34766E-01  1.48972E+00
  6.38672E-01  1.47287E+00
  6.42578E-01  1.45570E+00
  6.46484E-01  1.43818E+00
  6.50391E-01  1.42028E+00
  6.54297E-01  1.40200E+00
  6.58203E-01  1.38330E+00
  6.62109E-01  1.36416E+00
  6.66016E-01  1.34455E+00
  6.69922E-01  1.32443E+00
  6.73828E-01  1.30375E+00
  6.77734E-01  1.28249E+00
  6.81641E-01  1.26058E+00
  6.85547E-01  1.23796E+00
  6.89453E-01  1.21458E+00
  6.93359E-01  1.19034E+00
  6.97266E-01  1.16516E+00
  7.01172E-01  1.13891E+00
  7.05078E-01  1.11146E+00
  7.08984E-01  1.08262E+00
  7.12891E-01  1.05217E+00
  7.16797E-01  1.01977E+00
  7.20703E-01  9.84618E-01
  7.24609E-01  9.41400E-01
  7.28516E-01  8.46602E-01
  7.32422E-01  1.43736E-02
  7.36328E-01  1.41669E-02
  7.40234E-01  1.39475E-02
  7.44141E-01  1.37357E-02
  7.48047E-01  1.35223E-02
  7.51953E-01  1.33118E-02
  7.55859E-01  1.31024E-02
  7.59766E-01  1.29029E-02
  7.63672E-01  1.27114E-02
  7.67578E-01  1.25252E-02
  7.71484E-01  1.23432E-02
  7.75391E-01  1.21634E-02
  7.79297E-01  1.19878E-02
  7.83203E-01  1.18152E-02
  7.87109E-01  1.16462E-02
  7.91016E-01  1.14804E-02
  7.94922E-01  1.13174E-02
  7.98828E-01  1.11570E-02
  8.02734E-01  1.10005E-02
  8.06641E-01  1.08464E-02
  8.10547E-01  1.06958E-02
  8.14453E-01  1.05476E-02
  8.18359E-01  1.04027E-02
  8.22266E-01  1.02593E-02
  8.26172E-01  1.01196E-02
  8.30078E-01  9.98141E-03
  8.33984E-01  9.84749E-03
  8.37891E-01  9.71420E-03
  8.41797E-01  9.58482E-03
  8.45703E-01  9.45630E-03
  8.49609E-01  9.33152E-03
  8.53516E-01  9.20779E-03
  8.57422E-01  9.08744E-03
  8.61328E-01  8.96826E-03
  8.65234E-01  8.85208E-03
  8.69141E-01  8.73701E-03
  8.73047E-01  8.62495E-03
  8.76953E-01  8.51425E-03
  8.80859E-01  8.40625E-03
  8.84766E-01  8.29871E-03
  8.88672E-01  8.19432E-03
  8.92578E-01  8.09112E-03
  8.96484E-01  7.99019E-03
  9.00391E-01  7.89013E-03
  9.04297E-01  7.79278E-03
  9.08203E-01  7.69646E-03
  9.12109E-01  7.60223E-03
  9.16016E-01  7.50876E-03
  9.19922E-01  7.41778E-03
  9.23828E-01  7.32767E-03
  9.27734E-01  7.23980E-03
  9.31641E-01  7.15227E-03
  9.35547E-01  7.06703E-03
  9.39453E-01  6.98312E-03
  9.43359E-01  6.90088E-03
  9.47266E-01  6.81879E-03
  9.51172E-01  6.73930E-03
  9.55078E-01  6.66079E-03
  9.58984E-01  6.58351E-03
  9.62891E-01  6.50790E-03
  9.66797E-01  6.43357E-03
  9.70703E-01  6.36091E-03
  9.74609E-01  6.29003E-03
  9.78516E-01  6.22133E-03
  9.82422E-01  6.15556E-03
  9.86328E-01  6.09398E-03
  9.90234E-01  6.03858E-03
  9.94141E-01  5.99182E-03
  9.98047E-01  5.96897E-03
  1.00195E+00  5.96897E-03
