 -1.95312E-03  2.58808E+00
  1.95312E-03  2.58808E+00
  5.85938E-03  2.58798E+00
  9.76562E-03  2.58781E+00
  1.36719E-02  2.58754E+00
  1.75781E-02  2.58718E+00
  2.14844E-02  2.58673E+00
  2.53906E-02  2.58620E+00
  2.92969E-02  2.58558E+00
  3.32031E-02  2.58487E+00
  3.71094E-02  2.58408E+00
  4.10156E-02  2.58321E+00
  4.49219E-02  2.58225E+00
  4.88281E-02  2.58120E+00
  5.27344E-02  2.58007E+00
  5.66406E-02  2.57886E+00
  6.05469E-02  2.57757E+00
  6.44531E-02  2.57619E+00
  6.83594E-02  2.57473E+00
  7.22656E-02  2.57319E+00
  7.61719E-02  2.57157E+00
  8.00781E-02  2.56987E+00
  8.39844E-02  2.56809E+00
  8.78906E-02  2.56623E+00
  9.17969E-02  2.56430E+00
  9.57031E-02  2.56228E+00
  9.96094E-02  2.56018E+00
  1.03516E-01  2.55801E+00
  1.07422E-01  2.55576E+00
  1.11328E-01  2.55343E+00
  1.15234E-01  2.55102E+00
  1.19141E-01  2.54853E+00
  1.23047E-01  2.54597E+00
  1.26953E-01  2.54334E+00
  1.30859E-01  2.54062E+00
  1.34766E-01  2.53783E+00
  1.38672E-01  2.53497E+00
  1.42578E-01  2.53203E+00
  1.46484E-01  2.52901E+00
  1.50391E-01  2.52592E+00
  1.54297E-01  2.52275E+00
  1.58203E-01  2.51951E+00
  1.62109E-01  2.51620E+00
  1.66016E-01  2.51281E+00
  1.69922E-01  2.50934E+00
  1.73828E-01  2.50581E+00
  1.77734E-01  2.50219E+00
  1.81641E-01  2.49851E+00
  1.85547E-01  2.49475E+00
  1.89453E-01  2.49092E+00
  1.93359E-01  2.48701E+00
  1.97266E-01  2.48303E+00
  2.01172E-01  2.47898E+00
  2.05078E-01  2.47485E+00
  2.08984E-01  2.47065E+00
  2.12891E-01  2.46638E+00
  2.16797E-01  2.46204E+00
  2.20703E-01  2.45762E+00
  2.24609E-01  2.45312E+00
  2.28516E-01  2.44856E+00
  2.32422E-01  2.44392E+00
  2.36328E-01  2.43921E+00
  2.40234E-01  2.43442E+00
  2.44141E-01  2.42957E+00
  2.48047E-01  2.42464E+00
  2.51953E-01  2.41963E+00
  2.55859E-01  2.41455E+00
  2.59766E-01  2.40940E+00
  2.63672E-01  2.40418E+00
  2.67578E-01  2.39888E+00
  2.71484E-01  2.39351E+00
  2.75391E-01  2.38807E+00
  2.79297E-01  2.38255E+00
  2.83203E-01  2.37696E+00
  2.87109E-01  2.37129E+00
  2.91016E-01  2.36555E+00
  2.94922E-01  2.35973E+00
  2.98828E-01  2.35384E+00
  3.02734E-01  2.34788E+00
  3.06641E-01  2.34184E+00
  3.10547E-01  2.33573E+00
  3.14453E-01  2.32954E+00
  3.18359E-01  2.32327E+00
  3.22266E-01  2.31693E+00
  3.26172E-01  2.31051E+00
  3.30078E-01  2.30402E+00
  3.33984E-01  2.29745E+00
  3.37891E-01  2.29080E+00
  3.41797E-01  2.28408E+00
  3.45703E-01  2.27727E+00
  3.49609E-01  2.27039E+00
  3.53516E-01  2.26343E+00
  3.57422E-01  2.25639E+00
  3.61328E-01  2.24928E+00
  3.65234E-01  2.24208E+00
  3.69141E-01  2.23481E+00
  3.73047E-01  2.22745E+00
  3.76953E-01  2.22001E+00
  3.80859E-01  2.21249E+00
  3.84766E-01  2.20489E+00
  3.88672E-01  2.19721E+00
  3.92578E-01  2.18944E+00
  3.96484E-01  2.18159E+00
  4.00391E-01  2.17365E+00
  4.04297E-01  2.16563E+00
  4.08203E-01  2.15752E+00
  4.12109E-01  2.14933E+00
  4.16016E-01  2.14105E+00
  4.19922E-01  2.13268E+00
  4.23828E-01  2.12422E+00
  4.27734E-01  2.11567E+00
  4.31641E-01  2.10704E+00
  4.35547E-01  2.09831E+00
  4.39453E-01  2.08948E+00
  4.43359E-01  2.08057E+00
  4.47266E-01  2.07156E+00
  4.51172E-01  2.06245E+00
  4.55078E-01  2.05325E+00
  4.58984E-01  2.04395E+00
  4.62891E-01  2.03455E+00
  4.66797E-01  2.02505E+00
  4.70703E-01  2.01545E+00
  4.74609E-01  2.00575E+00
  4.78516E-01  1.99595E+00
  4.82422E-01  1.98603E+00
  4.86328E-01  1.97602E+00
  4.90234E-01  1.96589E+00
  4.94141E-01  1.95565E+00
  4.98047E-01  1.94530E+00
  5.01953E-01  1.93484E+00
  5.05859E-01  1.92426E+00
  5.09766E-01  1.91356E+00
  5.13672E-01  1.90275E+00
  5.17578E-01  1.89181E+00
  5.21484E-01  1.88074E+00
  5.25391E-01  1.86955E+00
  5.29297E-01  1.85824E+00
  5.33203E-01  1.84679E+00
  5.37109E-01  1.83521E+00
  5.41016E-01  1.82348E+00
  5.44922E-01  1.81162E+00
  5.48828E-01  1.79962E+00
  5.52734E-01  1.78747E+00
  5.56641E-01  1.77517E+00
  5.60547E-01  1.76271E+00
  5.64453E-01  1.75010E+00
  5.68359E-01  1.73732E+00
  5.72266E-01  1.72438E+00
  5.76172E-01  1.71127E+00
  5.80078E-01  1.69798E+00
  5.83984E-01  1.68451E+00
  5.87891E-01  1.67085E+00
  5.91797E-01  1.65700E+00
  5.95703E-01  1.64294E+00
  5.99609E-01  1.62869E+00
  6.03516E-01  1.61421E+00
  6.07422E-01  1.59952E+00
  6.11328E-01  1.58460E+00
  6.15234E-01  1.56944E+00
  6.19141E-01  1.55403E+00
  6.23047E-01  1.53836E+00
  6.26953E-01  1.52242E+00
  6.30859E-01  1.50620E+00
  6.34766E-01  1.48968E+00
  6.38672E-01  1.47285E+00
  6.42578E-01  1.45569E+00
  6.46484E-01  1.43819E+00
  6.50391E-01  1.42032E+00
  6.54297E-01  1.40206E+00
  6.58203E-01  1.38338E+00
  6.62109E-01  1.36426E+00
  6.66016E-01  1.34467E+00
  6.69922E-01  1.32458E+00
  6.73828E-01  1.30393E+00
  6.77734E-01  1.28270E+00
  6.81641E-01  1.26083E+00
  6.85547E-01  1.23827E+00
  6.89453E-01  1.21494E+00
  6.93359E-01  1.19076E+00
  6.97266E-01  1.16565E+00
  7.01172E-01  1.13948E+00
  7.05078E-01  1.11210E+00
  7.08984E-01  1.08335E+00
  7.12891E-01  1.05301E+00
  7.16797E-01  1.02074E+00
  7.20703E-01  9.85741E-01
  7.24609E-01  9.42809E-01
  7.28516E-01  8.48736E-01
  7.32422E-01  1.59173E-02
  7.36328E-01  1.56733E-02
  7.40234E-01  1.54265E-02
  7.44141E-01  1.51900E-02
  7.48047E-01  1.49578E-02
  7.51953E-01  1.47307E-02
  7.55859E-01  1.45107E-02
  7.59766E-01  1.42945E-02
  7.63672E-01  1.40828E-02
  7.67578E-01  1.38748E-02
  7.71484E-01  1.36702E-02
  7.75391E-01  1.34676E-02
  7.79297E-01  1.32658E-02
  7.83203E-01  1.30675E-02
  7.87109E-01  1.28758E-02
  7.91016E-01  1.26912E-02
  7.94922E-01  1.25120E-02
  7.98828E-01  1.23362E-02
  8.02734E-01  1.21638E-02
  8.06641E-01  1.19937E-02
  8.10547E-01  1.18276E-02
  8.14453E-01  1.16636E-02
  8.18359E-01  1.15038E-02
  8.22266E-01  1.13458E-02
  8.26172E-01  1.11925E-02
  8.30078E-01  1.10400E-02
  8.33984E-01  1.08916E-02
  8.37891E-01  1.07447E-02
  8.41797E-01  1.06018E-02
  8.45703E-01  1.04605E-02
  8.49609E-01  1.03226E-02
  8.53516E-01  1.01861E-02
  8.57422E-01  1.00528E-02
  8.61328E-01  9.92136E-03
  8.65234E-01  9.79320E-03
  8.69141E-01  9.66646E-03
  8.73047E-01  9.54270E-03
  8.76953E-01  9.41991E-03
  8.80859E-01  9.30054E-03
  8.84766E-01  9.18278E-03
  8.88672E-01  9.06728E-03
  8.92578E-01  8.95303E-03
  8.96484E-01  8.84180E-03
  9.00391E-01  8.73175E-03
  9.04297E-01  8.62399E-03
  9.08203E-01  8.51741E-03
  9.12109E-01  8.41366E-03
  9.16016E-01  8.31085E-03
  9.19922E-01  8.21039E-03
  9.23828E-01  8.11073E-03
  9.27734E-01  8.01386E-03
  9.31641E-01  7.91782E-03
  9.35547E-01  7.82352E-03
  9.39453E-01  7.73029E-03
  9.43359E-01  7.64018E-03
  9.47266E-01  7.55002E-03
  9.51172E-01  7.46177E-03
  9.55078E-01  7.37522E-03
  9.58984E-01  7.28995E-03
  9.62891E-01  7.20635E-03
  9.66797E-01  7.12424E-03
  9.70703E-01  7.04384E-03
  9.74609E-01  6.96532E-03
  9.78516E-01  6.88895E-03
  9.82422E-01  6.81578E-03
  9.86328E-01  6.74697E-03
  9.90234E-01  6.68531E-03
  9.94141E-01  6.63473E-03
  9.98047E-01  6.60970E-03
  1.00195E+00  6.60970E-03
