 -1.95312E-03  2.58803E+00
  1.95312E-03  2.58803E+00
  5.85938E-03  2.58794E+00
  9.76562E-03  2.58776E+00
  1.36719E-02  2.58749E+00
  1.75781E-02  2.58713E+00
  2.14844E-02  2.58669E+00
  2.53906E-02  2.58615E+00
  2.92969E-02  2.58553E+00
  3.32031E-02  2.58483E+00
  3.71094E-02  2.58404E+00
  4.10156E-02  2.58316E+00
  4.49219E-02  2.58220E+00
  4.88281E-02  2.58115E+00
  5.27344E-02  2.58002E+00
  5.66406E-02  2.57881E+00
  6.05469E-02  2.57752E+00
  6.44531E-02  2.57614E+00
  6.83594E-02  2.57468E+00
  7.22656E-02  2.57315E+00
  7.61719E-02  2.57153E+00
  8.00781E-02  2.56983E+00
  8.39844E-02  2.56805E+00
  8.78906E-02  2.56619E+00
  9.17969E-02  2.56425E+00
  9.57031E-02  2.56223E+00
  9.96094E-02  2.56014E+00
  1.03516E-01  2.55796E+00
  1.07422E-01  2.55571E+00
  1.11328E-01  2.55338E+00
  1.15234E-01  2.55097E+00
  1.19141E-01  2.54849E+00
  1.23047E-01  2.54593E+00
  1.26953E-01  2.54329E+00
  1.30859E-01  2.54058E+00
  1.34766E-01  2.53779E+00
  1.38672E-01  2.53492E+00
  1.42578E-01  2.53198E+00
  1.46484E-01  2.52897E+00
  1.50391E-01  2.52588E+00
  1.54297E-01  2.52271E+00
  1.58203E-01  2.51947E+00
  1.62109E-01  2.51615E+00
  1.66016E-01  2.51276E+00
  1.69922E-01  2.50930E+00
  1.73828E-01  2.50576E+00
  1.77734E-01  2.50215E+00
  1.81641E-01  2.49846E+00
  1.85547E-01  2.49471E+00
  1.89453E-01  2.49087E+00
  1.93359E-01  2.48697E+00
  1.97266E-01  2.48299E+00
  2.01172E-01  2.47893E+00
  2.05078E-01  2.47481E+00
  2.08984E-01  2.47061E+00
  2.12891E-01  2.46633E+00
  2.16797E-01  2.46199E+00
  2.20703E-01  2.45757E+00
  2.24609E-01  2.45308E+00
  2.28516E-01  2.44851E+00
  2.32422E-01  2.44388E+00
  2.36328E-01  2.43916E+00
  2.40234E-01  2.43438E+00
  2.44141E-01  2.42952E+00
  2.48047E-01  2.42459E+00
  2.51953E-01  2.41959E+00
  2.55859E-01  2.41451E+00
  2.59766E-01  2.40936E+00
  2.63672E-01  2.40413E+00
  2.67578E-01  2.39884E+00
  2.71484E-01  2.39346E+00
  2.75391E-01  2.38802E+00
  2.79297E-01  2.38250E+00
  2.83203E-01  2.37691E+00
  2.87109E-01  2.37124E+00
  2.91016E-01  2.36550E+00
  2.94922E-01  2.35969E+00
  2.98828E-01  2.35380E+00
  3.02734E-01  2.34783E+00
  3.06641E-01  2.34179E+00
  3.10547E-01  2.33568E+00
  3.14453E-01  2.32949E+00
  3.18359E-01  2.32322E+00
  3.22266E-01  2.31688E+00
  3.26172E-01  2.31046E+00
  3.30078E-01  2.30397E+00
  3.33984E-01  2.29740E+00
  3.37891E-01  2.29075E+00
  3.41797E-01  2.28402E+00
  3.45703E-01  2.27722E+00
  3.49609E-01  2.27034E+00
  3.53516E-01  2.26338E+00
  3.57422E-01  2.25635E+00
  3.61328E-01  2.24923E+00
  3.65234E-01  2.24203E+00
  3.69141E-01  2.23476E+00
  3.73047E-01  2.22740E+00
  3.76953E-01  2.21996E+00
  3.80859E-01  2.21244E+00
  3.84766E-01  2.20484E+00
  3.88672E-01  2.19716E+00
  3.92578E-01  2.18939E+00
  3.96484E-01  2.18154E+00
  4.00391E-01  2.17360E+00
  4.04297E-01  2.16558E+00
  4.08203E-01  2.15748E+00
  4.12109E-01  2.14928E+00
  4.16016E-01  2.14100E+00
  4.19922E-01  2.13263E+00
  4.23828E-01  2.12417E+00
  4.27734E-01  2.11563E+00
  4.31641E-01  2.10699E+00
  4.35547E-01  2.09826E+00
  4.39453E-01  2.08944E+00
  4.43359E-01  2.08052E+00
  4.47266E-01  2.07151E+00
  4.51172E-01  2.06241E+00
  4.55078E-01  2.05320E+00
  4.58984E-01  2.04390E+00
  4.62891E-01  2.03451E+00
  4.66797E-01  2.02501E+00
  4.70703E-01  2.01541E+00
  4.74609E-01  2.00571E+00
  4.78516E-01  1.99590E+00
  4.82422E-01  1.98599E+00
  4.86328E-01  1.97597E+00
  4.90234E-01  1.96584E+00
  4.94141E-01  1.95561E+00
  4.98047E-01  1.94526E+00
  5.01953E-01  1.93479E+00
  5.05859E-01  1.92421E+00
  5.09766E-01  1.91352E+00
  5.13672E-01  1.90270E+00
  5.17578E-01  1.89176E+00
  5.21484E-01  1.88070E+00
  5.25391E-01  1.86951E+00
  5.29297E-01  1.85820E+00
  5.33203E-01  1.84675E+00
  5.37109E-01  1.83517E+00
  5.41016E-01  1.82345E+00
  5.44922E-01  1.81158E+00
  5.48828E-01  1.79958E+00
  5.52734E-01  1.78743E+00
  5.56641E-01  1.77513E+00
  5.60547E-01  1.76268E+00
  5.64453E-01  1.75006E+00
  5.68359E-01  1.73729E+00
  5.72266E-01  1.72435E+00
  5.76172E-01  1.71123E+00
  5.80078E-01  1.69794E+00
  5.83984E-01  1.68447E+00
  5.87891E-01  1.67081E+00
  5.91797E-01  1.65696E+00
  5.95703E-01  1.64291E+00
  5.99609E-01  1.62865E+00
  6.03516E-01  1.61418E+00
  6.07422E-01  1.59949E+00
  6.11328E-01  1.58457E+00
  6.15234E-01  1.56941E+00
  6.19141E-01  1.55400E+00
  6.23047E-01  1.53833E+00
  6.26953E-01  1.52239E+00
  6.30859E-01  1.50617E+00
  6.34766E-01  1.48966E+00
  6.38672E-01  1.47283E+00
  6.42578E-01  1.45568E+00
  6.46484E-01  1.43818E+00
  6.50391E-01  1.42031E+00
  6.54297E-01  1.40205E+00
  6.58203E-01  1.38339E+00
  6.62109E-01  1.36428E+00
  6.66016E-01  1.34470E+00
  6.69922E-01  1.32462E+00
  6.73828E-01  1.30399E+00
  6.77734E-01  1.28278E+00
  6.81641E-01  1.26092E+00
  6.85547E-01  1.23838E+00
  6.89453E-01  1.21507E+00
  6.93359E-01  1.19091E+00
  6.97266E-01  1.16582E+00
  7.01172E-01  1.13967E+00
  7.05078E-01  1.11233E+00
  7.08984E-01  1.08361E+00
  7.12891E-01  1.05331E+00
  7.16797E-01  1.02109E+00
  7.20703E-01  9.86172E-01
  7.24609E-01  9.43380E-01
  7.28516E-01  8.49655E-01
  7.32422E-01  1.69040E-02
  7.36328E-01  1.66501E-02
  7.40234E-01  1.64057E-02
  7.44141E-01  1.61547E-02
  7.48047E-01  1.59041E-02
  7.51953E-01  1.56547E-02
  7.55859E-01  1.54147E-02
  7.59766E-01  1.51828E-02
  7.63672E-01  1.49571E-02
  7.67578E-01  1.47370E-02
  7.71484E-01  1.45210E-02
  7.75391E-01  1.43088E-02
  7.79297E-01  1.41017E-02
  7.83203E-01  1.38983E-02
  7.87109E-01  1.36992E-02
  7.91016E-01  1.35009E-02
  7.94922E-01  1.33036E-02
  7.98828E-01  1.31085E-02
  8.02734E-01  1.29198E-02
  8.06641E-01  1.27383E-02
  8.10547E-01  1.25626E-02
  8.14453E-01  1.23886E-02
  8.18359E-01  1.22195E-02
  8.22266E-01  1.20514E-02
  8.26172E-01  1.18883E-02
  8.30078E-01  1.17272E-02
  8.33984E-01  1.15701E-02
  8.37891E-01  1.14144E-02
  8.41797E-01  1.12625E-02
  8.45703E-01  1.11126E-02
  8.49609E-01  1.09664E-02
  8.53516E-01  1.08217E-02
  8.57422E-01  1.06806E-02
  8.61328E-01  1.05410E-02
  8.65234E-01  1.04047E-02
  8.69141E-01  1.02700E-02
  8.73047E-01  1.01390E-02
  8.76953E-01  1.00091E-02
  8.80859E-01  9.88201E-03
  8.84766E-01  9.75698E-03
  8.88672E-01  9.63481E-03
  8.92578E-01  9.51368E-03
  8.96484E-01  9.39538E-03
  9.00391E-01  9.27868E-03
  9.04297E-01  9.16462E-03
  9.08203E-01  9.05148E-03
  9.12109E-01  8.94117E-03
  9.16016E-01  8.83211E-03
  9.19922E-01  8.72575E-03
  9.23828E-01  8.62009E-03
  9.27734E-01  8.51701E-03
  9.31641E-01  8.41537E-03
  9.35547E-01  8.31588E-03
  9.39453E-01  8.21655E-03
  9.43359E-01  8.12068E-03
  9.47266E-01  8.02561E-03
  9.51172E-01  7.93179E-03
  9.55078E-01  7.84003E-03
  9.58984E-01  7.74957E-03
  9.62891E-01  7.66090E-03
  9.66797E-01  7.57371E-03
  9.70703E-01  7.48835E-03
  9.74609E-01  7.40488E-03
  9.78516E-01  7.32363E-03
  9.82422E-01  7.24555E-03
  9.86328E-01  7.17203E-03
  9.90234E-01  7.10615E-03
  9.94141E-01  7.05309E-03
  9.98047E-01  7.02675E-03
  1.00195E+00  7.02675E-03
