 -1.95312E-03  2.58857E+00
  1.95312E-03  2.58857E+00
  5.85938E-03  2.58848E+00
  9.76562E-03  2.58830E+00
  1.36719E-02  2.58803E+00
  1.75781E-02  2.58768E+00
  2.14844E-02  2.58723E+00
  2.53906E-02  2.58670E+00
  2.92969E-02  2.58608E+00
  3.32031E-02  2.58537E+00
  3.71094E-02  2.58458E+00
  4.10156E-02  2.58370E+00
  4.49219E-02  2.58274E+00
  4.88281E-02  2.58170E+00
  5.27344E-02  2.58057E+00
  5.66406E-02  2.57936E+00
  6.05469E-02  2.57806E+00
  6.44531E-02  2.57669E+00
  6.83594E-02  2.57523E+00
  7.22656E-02  2.57369E+00
  7.61719E-02  2.57207E+00
  8.00781E-02  2.57037E+00
  8.39844E-02  2.56859E+00
  8.78906E-02  2.56673E+00
  9.17969E-02  2.56479E+00
  9.57031E-02  2.56277E+00
  9.96094E-02  2.56068E+00
  1.03516E-01  2.55850E+00
  1.07422E-01  2.55625E+00
  1.11328E-01  2.55392E+00
  1.15234E-01  2.55151E+00
  1.19141E-01  2.54903E+00
  1.23047E-01  2.54647E+00
  1.26953E-01  2.54383E+00
  1.30859E-01  2.54112E+00
  1.34766E-01  2.53833E+00
  1.38672E-01  2.53546E+00
  1.42578E-01  2.53252E+00
  1.46484E-01  2.52950E+00
  1.50391E-01  2.52641E+00
  1.54297E-01  2.52325E+00
  1.58203E-01  2.52000E+00
  1.62109E-01  2.51669E+00
  1.66016E-01  2.51330E+00
  1.69922E-01  2.50983E+00
  1.73828E-01  2.50630E+00
  1.77734E-01  2.50268E+00
  1.81641E-01  2.49900E+00
  1.85547E-01  2.49524E+00
  1.89453E-01  2.49141E+00
  1.93359E-01  2.48750E+00
  1.97266E-01  2.48352E+00
  2.01172E-01  2.47947E+00
  2.05078E-01  2.47535E+00
  2.08984E-01  2.47115E+00
  2.12891E-01  2.46687E+00
  2.16797E-01  2.46253E+00
  2.20703E-01  2.45811E+00
  2.24609E-01  2.45362E+00
  2.28516E-01  2.44905E+00
  2.32422E-01  2.44441E+00
  2.36328E-01  2.43970E+00
  2.40234E-01  2.43491E+00
  2.44141E-01  2.43006E+00
  2.48047E-01  2.42513E+00
  2.51953E-01  2.42012E+00
  2.55859E-01  2.41504E+00
  2.59766E-01  2.40989E+00
  2.63672E-01  2.40467E+00
  2.67578E-01  2.39937E+00
  2.71484E-01  2.39400E+00
  2.75391E-01  2.38856E+00
  2.79297E-01  2.38304E+00
  2.83203E-01  2.37745E+00
  2.87109E-01  2.37178E+00
  2.91016E-01  2.36604E+00
  2.94922E-01  2.36023E+00
  2.98828E-01  2.35434E+00
  3.02734E-01  2.34837E+00
  3.06641E-01  2.34233E+00
  3.10547E-01  2.33622E+00
  3.14453E-01  2.33003E+00
  3.18359E-01  2.32376E+00
  3.22266E-01  2.31742E+00
  3.26172E-01  2.31100E+00
  3.30078E-01  2.30451E+00
  3.33984E-01  2.29794E+00
  3.37891E-01  2.29129E+00
  3.41797E-01  2.28456E+00
  3.45703E-01  2.27776E+00
  3.49609E-01  2.27088E+00
  3.53516E-01  2.26392E+00
  3.57422E-01  2.25688E+00
  3.61328E-01  2.24976E+00
  3.65234E-01  2.24256E+00
  3.69141E-01  2.23529E+00
  3.73047E-01  2.22793E+00
  3.76953E-01  2.22049E+00
  3.80859E-01  2.21297E+00
  3.84766E-01  2.20536E+00
  3.88672E-01  2.19768E+00
  3.92578E-01  2.18991E+00
  3.96484E-01  2.18206E+00
  4.00391E-01  2.17412E+00
  4.04297E-01  2.16610E+00
  4.08203E-01  2.15799E+00
  4.12109E-01  2.14979E+00
  4.16016E-01  2.14151E+00
  4.19922E-01  2.13314E+00
  4.23828E-01  2.12468E+00
  4.27734E-01  2.11613E+00
  4.31641E-01  2.10749E+00
  4.35547E-01  2.09876E+00
  4.39453E-01  2.08994E+00
  4.43359E-01  2.08102E+00
  4.47266E-01  2.07201E+00
  4.51172E-01  2.06290E+00
  4.55078E-01  2.05369E+00
  4.58984E-01  2.04439E+00
  4.62891E-01  2.03499E+00
  4.66797E-01  2.02549E+00
  4.70703E-01  2.01589E+00
  4.74609E-01  2.00619E+00
  4.78516E-01  1.99638E+00
  4.82422E-01  1.98647E+00
  4.86328E-01  1.97645E+00
  4.90234E-01  1.96632E+00
  4.94141E-01  1.95608E+00
  4.98047E-01  1.94572E+00
  5.01953E-01  1.93526E+00
  5.05859E-01  1.92467E+00
  5.09766E-01  1.91397E+00
  5.13672E-01  1.90315E+00
  5.17578E-01  1.89221E+00
  5.21484E-01  1.88114E+00
  5.25391E-01  1.86995E+00
  5.29297E-01  1.85863E+00
  5.33203E-01  1.84718E+00
  5.37109E-01  1.83559E+00
  5.41016E-01  1.82386E+00
  5.44922E-01  1.81200E+00
  5.48828E-01  1.79999E+00
  5.52734E-01  1.78783E+00
  5.56641E-01  1.77553E+00
  5.60547E-01  1.76307E+00
  5.64453E-01  1.75045E+00
  5.68359E-01  1.73766E+00
  5.72266E-01  1.72471E+00
  5.76172E-01  1.71158E+00
  5.80078E-01  1.69828E+00
  5.83984E-01  1.68480E+00
  5.87891E-01  1.67112E+00
  5.91797E-01  1.65726E+00
  5.95703E-01  1.64319E+00
  5.99609E-01  1.62891E+00
  6.03516E-01  1.61441E+00
  6.07422E-01  1.59969E+00
  6.11328E-01  1.58474E+00
  6.15234E-01  1.56955E+00
  6.19141E-01  1.55410E+00
  6.23047E-01  1.53839E+00
  6.26953E-01  1.52240E+00
  6.30859E-01  1.50613E+00
  6.34766E-01  1.48955E+00
  6.38672E-01  1.47266E+00
  6.42578E-01  1.45543E+00
  6.46484E-01  1.43785E+00
  6.50391E-01  1.41989E+00
  6.54297E-01  1.40154E+00
  6.58203E-01  1.38277E+00
  6.62109E-01  1.36354E+00
  6.66016E-01  1.34384E+00
  6.69922E-01  1.32363E+00
  6.73828E-01  1.30285E+00
  6.77734E-01  1.28148E+00
  6.81641E-01  1.25945E+00
  6.85547E-01  1.23672E+00
  6.89453E-01  1.21320E+00
  6.93359E-01  1.18881E+00
  6.97266E-01  1.16346E+00
  7.01172E-01  1.13703E+00
  7.05078E-01  1.10937E+00
  7.08984E-01  1.08027E+00
  7.12891E-01  1.04952E+00
  7.16797E-01  1.01676E+00
  7.20703E-01  9.81129E-01
  7.24609E-01  9.37036E-01
  7.28516E-01  8.39999E-01
  7.32422E-01  1.01866E-02
  7.36328E-01  1.00536E-02
  7.40234E-01  9.89734E-03
  7.44141E-01  9.74750E-03
  7.48047E-01  9.59776E-03
  7.51953E-01  9.45403E-03
  7.55859E-01  9.31051E-03
  7.59766E-01  9.17282E-03
  7.63672E-01  9.03495E-03
  7.67578E-01  8.90251E-03
  7.71484E-01  8.76996E-03
  7.75391E-01  8.64248E-03
  7.79297E-01  8.51494E-03
  7.83203E-01  8.39263E-03
  7.87109E-01  8.27067E-03
  7.91016E-01  8.15255E-03
  7.94922E-01  8.03517E-03
  7.98828E-01  7.92192E-03
  8.02734E-01  7.80864E-03
  8.06641E-01  7.69976E-03
  8.10547E-01  7.59105E-03
  8.14453E-01  7.48525E-03
  8.18359E-01  7.38190E-03
  8.22266E-01  7.28000E-03
  8.26172E-01  7.18004E-03
  8.30078E-01  7.08169E-03
  8.33984E-01  6.98543E-03
  8.37891E-01  6.89088E-03
  8.41797E-01  6.79821E-03
  8.45703E-01  6.70684E-03
  8.49609E-01  6.61760E-03
  8.53516E-01  6.52947E-03
  8.57422E-01  6.44318E-03
  8.61328E-01  6.35806E-03
  8.65234E-01  6.27547E-03
  8.69141E-01  6.19309E-03
  8.73047E-01  6.11323E-03
  8.76953E-01  6.03345E-03
  8.80859E-01  5.95658E-03
  8.84766E-01  5.87992E-03
  8.88672E-01  5.80564E-03
  8.92578E-01  5.73128E-03
  8.96484E-01  5.65927E-03
  9.00391E-01  5.58779E-03
  9.04297E-01  5.51848E-03
  9.08203E-01  5.44926E-03
  9.12109E-01  5.38209E-03
  9.16016E-01  5.31512E-03
  9.19922E-01  5.25023E-03
  9.23828E-01  5.18580E-03
  9.27734E-01  5.12314E-03
  9.31641E-01  5.06062E-03
  9.35547E-01  4.99966E-03
  9.39453E-01  4.93924E-03
  9.43359E-01  4.88094E-03
  9.47266E-01  4.82273E-03
  9.51172E-01  4.76590E-03
  9.55078E-01  4.70960E-03
  9.58984E-01  4.65544E-03
  9.62891E-01  4.60134E-03
  9.66797E-01  4.54897E-03
  9.70703E-01  4.49786E-03
  9.74609E-01  4.44813E-03
  9.78516E-01  4.40040E-03
  9.82422E-01  4.35484E-03
  9.86328E-01  4.31199E-03
  9.90234E-01  4.27225E-03
  9.94141E-01  4.23715E-03
  9.98047E-01  4.22065E-03
  1.00195E+00  4.22065E-03
