 -1.95312E-03  2.58578E+00
  1.95312E-03  2.58578E+00
  5.85938E-03  2.58569E+00
  9.76562E-03  2.58551E+00
  1.36719E-02  2.58524E+00
  1.75781E-02  2.58488E+00
  2.14844E-02  2.58444E+00
  2.53906E-02  2.58390E+00
  2.92969E-02  2.58328E+00
  3.32031E-02  2.58258E+00
  3.71094E-02  2.58178E+00
  4.10156E-02  2.58091E+00
  4.49219E-02  2.57994E+00
  4.88281E-02  2.57890E+00
  5.27344E-02  2.57777E+00
  5.66406E-02  2.57655E+00
  6.05469E-02  2.57526E+00
  6.44531E-02  2.57388E+00
  6.83594E-02  2.57242E+00
  7.22656E-02  2.57088E+00
  7.61719E-02  2.56926E+00
  8.00781E-02  2.56755E+00
  8.39844E-02  2.56577E+00
  8.78906E-02  2.56391E+00
  9.17969E-02  2.56196E+00
  9.57031E-02  2.55994E+00
  9.96094E-02  2.55784E+00
  1.03516E-01  2.55566E+00
  1.07422E-01  2.55341E+00
  1.11328E-01  2.55107E+00
  1.15234E-01  2.54866E+00
  1.19141E-01  2.54617E+00
  1.23047E-01  2.54361E+00
  1.26953E-01  2.54096E+00
  1.30859E-01  2.53824E+00
  1.34766E-01  2.53545E+00
  1.38672E-01  2.53258E+00
  1.42578E-01  2.52963E+00
  1.46484E-01  2.52661E+00
  1.50391E-01  2.52351E+00
  1.54297E-01  2.52034E+00
  1.58203E-01  2.51709E+00
  1.62109E-01  2.51377E+00
  1.66016E-01  2.51037E+00
  1.69922E-01  2.50690E+00
  1.73828E-01  2.50336E+00
  1.77734E-01  2.49974E+00
  1.81641E-01  2.49604E+00
  1.85547E-01  2.49228E+00
  1.89453E-01  2.48844E+00
  1.93359E-01  2.48452E+00
  1.97266E-01  2.48054E+00
  2.01172E-01  2.47648E+00
  2.05078E-01  2.47234E+00
  2.08984E-01  2.46813E+00
  2.12891E-01  2.46385E+00
  2.16797E-01  2.45950E+00
  2.20703E-01  2.45507E+00
  2.24609E-01  2.45057E+00
  2.28516E-01  2.44600E+00
  2.32422E-01  2.44136E+00
  2.36328E-01  2.43664E+00
  2.40234E-01  2.43184E+00
  2.44141E-01  2.42698E+00
  2.48047E-01  2.42204E+00
  2.51953E-01  2.41703E+00
  2.55859E-01  2.41195E+00
  2.59766E-01  2.40679E+00
  2.63672E-01  2.40156E+00
  2.67578E-01  2.39625E+00
  2.71484E-01  2.39087E+00
  2.75391E-01  2.38542E+00
  2.79297E-01  2.37990E+00
  2.83203E-01  2.37430E+00
  2.87109E-01  2.36862E+00
  2.91016E-01  2.36287E+00
  2.94922E-01  2.35705E+00
  2.98828E-01  2.35115E+00
  3.02734E-01  2.34518E+00
  3.06641E-01  2.33913E+00
  3.10547E-01  2.33301E+00
  3.14453E-01  2.32681E+00
  3.18359E-01  2.32054E+00
  3.22266E-01  2.31419E+00
  3.26172E-01  2.30776E+00
  3.30078E-01  2.30126E+00
  3.33984E-01  2.29468E+00
  3.37891E-01  2.28802E+00
  3.41797E-01  2.28129E+00
  3.45703E-01  2.27447E+00
  3.49609E-01  2.26758E+00
  3.53516E-01  2.26061E+00
  3.57422E-01  2.25357E+00
  3.61328E-01  2.24644E+00
  3.65234E-01  2.23923E+00
  3.69141E-01  2.23195E+00
  3.73047E-01  2.22458E+00
  3.76953E-01  2.21713E+00
  3.80859E-01  2.20959E+00
  3.84766E-01  2.20198E+00
  3.88672E-01  2.19428E+00
  3.92578E-01  2.18650E+00
  3.96484E-01  2.17863E+00
  4.00391E-01  2.17068E+00
  4.04297E-01  2.16265E+00
  4.08203E-01  2.15452E+00
  4.12109E-01  2.14632E+00
  4.16016E-01  2.13802E+00
  4.19922E-01  2.12963E+00
  4.23828E-01  2.12116E+00
  4.27734E-01  2.11260E+00
  4.31641E-01  2.10394E+00
  4.35547E-01  2.09520E+00
  4.39453E-01  2.08636E+00
  4.43359E-01  2.07742E+00
  4.47266E-01  2.06839E+00
  4.51172E-01  2.05927E+00
  4.55078E-01  2.05005E+00
  4.58984E-01  2.04073E+00
  4.62891E-01  2.03131E+00
  4.66797E-01  2.02180E+00
  4.70703E-01  2.01218E+00
  4.74609E-01  2.00245E+00
  4.78516E-01  1.99263E+00
  4.82422E-01  1.98269E+00
  4.86328E-01  1.97265E+00
  4.90234E-01  1.96250E+00
  4.94141E-01  1.95224E+00
  4.98047E-01  1.94187E+00
  5.01953E-01  1.93138E+00
  5.05859E-01  1.92078E+00
  5.09766E-01  1.91005E+00
  5.13672E-01  1.89921E+00
  5.17578E-01  1.88825E+00
  5.21484E-01  1.87716E+00
  5.25391E-01  1.86594E+00
  5.29297E-01  1.85460E+00
  5.33203E-01  1.84312E+00
  5.37109E-01  1.83150E+00
  5.41016E-01  1.81975E+00
  5.44922E-01  1.80786E+00
  5.48828E-01  1.79583E+00
  5.52734E-01  1.78364E+00
  5.56641E-01  1.77131E+00
  5.60547E-01  1.75882E+00
  5.64453E-01  1.74618E+00
  5.68359E-01  1.73337E+00
  5.72266E-01  1.72039E+00
  5.76172E-01  1.70724E+00
  5.80078E-01  1.69392E+00
  5.83984E-01  1.68041E+00
  5.87891E-01  1.66672E+00
  5.91797E-01  1.65283E+00
  5.95703E-01  1.63874E+00
  5.99609E-01  1.62445E+00
  6.03516E-01  1.60994E+00
  6.07422E-01  1.59521E+00
  6.11328E-01  1.58025E+00
  6.15234E-01  1.56505E+00
  6.19141E-01  1.54960E+00
  6.23047E-01  1.53389E+00
  6.26953E-01  1.51791E+00
  6.30859E-01  1.50165E+00
  6.34766E-01  1.48508E+00
  6.38672E-01  1.46821E+00
  6.42578E-01  1.45101E+00
  6.46484E-01  1.43347E+00
  6.50391E-01  1.41556E+00
  6.54297E-01  1.39726E+00
  6.58203E-01  1.37855E+00
  6.62109E-01  1.35941E+00
  6.66016E-01  1.33980E+00
  6.69922E-01  1.31970E+00
  6.73828E-01  1.29905E+00
  6.77734E-01  1.27783E+00
  6.81641E-01  1.25598E+00
  6.85547E-01  1.23344E+00
  6.89453E-01  1.21016E+00
  6.93359E-01  1.18605E+00
  6.97266E-01  1.16102E+00
  7.01172E-01  1.13496E+00
  7.05078E-01  1.10774E+00
  7.08984E-01  1.07919E+00
  7.12891E-01  1.04910E+00
  7.16797E-01  1.01716E+00
  7.20703E-01  9.82631E-01
  7.24609E-01  9.40528E-01
  7.28516E-01  8.48640E-01
  7.32422E-01  3.68987E-02
  7.36328E-01  3.57691E-02
  7.40234E-01  3.53685E-02
  7.44141E-01  3.48370E-02
  7.48047E-01  3.43230E-02
  7.51953E-01  3.38129E-02
  7.55859E-01  3.33180E-02
  7.59766E-01  3.28310E-02
  7.63672E-01  3.23591E-02
  7.67578E-01  3.18920E-02
  7.71484E-01  3.14465E-02
  7.75391E-01  3.09980E-02
  7.79297E-01  3.05542E-02
  7.83203E-01  3.01176E-02
  7.87109E-01  2.96979E-02
  7.91016E-01  2.92825E-02
  7.94922E-01  2.88741E-02
  7.98828E-01  2.84740E-02
  8.02734E-01  2.80882E-02
  8.06641E-01  2.77031E-02
  8.10547E-01  2.73220E-02
  8.14453E-01  2.69454E-02
  8.18359E-01  2.65842E-02
  8.22266E-01  2.62305E-02
  8.26172E-01  2.58808E-02
  8.30078E-01  2.55318E-02
  8.33984E-01  2.51939E-02
  8.37891E-01  2.48626E-02
  8.41797E-01  2.45421E-02
  8.45703E-01  2.42256E-02
  8.49609E-01  2.39135E-02
  8.53516E-01  2.36029E-02
  8.57422E-01  2.32997E-02
  8.61328E-01  2.30023E-02
  8.65234E-01  2.27128E-02
  8.69141E-01  2.24261E-02
  8.73047E-01  2.21462E-02
  8.76953E-01  2.18721E-02
  8.80859E-01  2.16062E-02
  8.84766E-01  2.13424E-02
  8.88672E-01  2.10827E-02
  8.92578E-01  2.08222E-02
  8.96484E-01  2.05654E-02
  9.00391E-01  2.03138E-02
  9.04297E-01  2.00652E-02
  9.08203E-01  1.98232E-02
  9.12109E-01  1.95842E-02
  9.16016E-01  1.93523E-02
  9.19922E-01  1.91254E-02
  9.23828E-01  1.89017E-02
  9.27734E-01  1.86823E-02
  9.31641E-01  1.84680E-02
  9.35547E-01  1.82587E-02
  9.39453E-01  1.80536E-02
  9.43359E-01  1.78521E-02
  9.47266E-01  1.76537E-02
  9.51172E-01  1.74589E-02
  9.55078E-01  1.72678E-02
  9.58984E-01  1.70799E-02
  9.62891E-01  1.68951E-02
  9.66797E-01  1.67137E-02
  9.70703E-01  1.65356E-02
  9.74609E-01  1.63608E-02
  9.78516E-01  1.61891E-02
  9.82422E-01  1.60188E-02
  9.86328E-01  1.58511E-02
  9.90234E-01  1.56919E-02
  9.94141E-01  1.55704E-02
  9.98047E-01  1.55013E-02
  1.00195E+00  1.55013E-02
