 -1.95312E-03  2.58869E+00
  1.95312E-03  2.58869E+00
  5.85938E-03  2.58860E+00
  9.76562E-03  2.58842E+00
  1.36719E-02  2.58815E+00
  1.75781E-02  2.58779E+00
  2.14844E-02  2.58735E+00
  2.53906E-02  2.58681E+00
  2.92969E-02  2.58620E+00
  3.32031E-02  2.58549E+00
  3.71094E-02  2.58470E+00
  4.10156E-02  2.58382E+00
  4.49219E-02  2.58286E+00
  4.88281E-02  2.58182E+00
  5.27344E-02  2.58069E+00
  5.66406E-02  2.57948E+00
  6.05469E-02  2.57818E+00
  6.44531E-02  2.57681E+00
  6.83594E-02  2.57535E+00
  7.22656E-02  2.57381E+00
  7.61719E-02  2.57219E+00
  8.00781E-02  2.57049E+00
  8.39844E-02  2.56871E+00
  8.78906E-02  2.56685E+00
  9.17969E-02  2.56491E+00
  9.57031E-02  2.56289E+00
  9.96094E-02  2.56079E+00
  1.03516E-01  2.55862E+00
  1.07422E-01  2.55637E+00
  1.11328E-01  2.55404E+00
  1.15234E-01  2.55163E+00
  1.19141E-01  2.54914E+00
  1.23047E-01  2.54658E+00
  1.26953E-01  2.54394E+00
  1.30859E-01  2.54123E+00
  1.34766E-01  2.53844E+00
  1.38672E-01  2.53558E+00
  1.42578E-01  2.53263E+00
  1.46484E-01  2.52962E+00
  1.50391E-01  2.52653E+00
  1.54297E-01  2.52336E+00
  1.58203E-01  2.52012E+00
  1.62109E-01  2.51680E+00
  1.66016E-01  2.51341E+00
  1.69922E-01  2.50995E+00
  1.73828E-01  2.50641E+00
  1.77734E-01  2.50280E+00
  1.81641E-01  2.49911E+00
  1.85547E-01  2.49536E+00
  1.89453E-01  2.49152E+00
  1.93359E-01  2.48762E+00
  1.97266E-01  2.48364E+00
  2.01172E-01  2.47959E+00
  2.05078E-01  2.47546E+00
  2.08984E-01  2.47126E+00
  2.12891E-01  2.46699E+00
  2.16797E-01  2.46264E+00
  2.20703E-01  2.45822E+00
  2.24609E-01  2.45373E+00
  2.28516E-01  2.44917E+00
  2.32422E-01  2.44453E+00
  2.36328E-01  2.43982E+00
  2.40234E-01  2.43503E+00
  2.44141E-01  2.43017E+00
  2.48047E-01  2.42524E+00
  2.51953E-01  2.42024E+00
  2.55859E-01  2.41516E+00
  2.59766E-01  2.41001E+00
  2.63672E-01  2.40479E+00
  2.67578E-01  2.39949E+00
  2.71484E-01  2.39412E+00
  2.75391E-01  2.38868E+00
  2.79297E-01  2.38316E+00
  2.83203E-01  2.37756E+00
  2.87109E-01  2.37190E+00
  2.91016E-01  2.36616E+00
  2.94922E-01  2.36034E+00
  2.98828E-01  2.35445E+00
  3.02734E-01  2.34849E+00
  3.06641E-01  2.34245E+00
  3.10547E-01  2.33633E+00
  3.14453E-01  2.33014E+00
  3.18359E-01  2.32388E+00
  3.22266E-01  2.31753E+00
  3.26172E-01  2.31112E+00
  3.30078E-01  2.30462E+00
  3.33984E-01  2.29805E+00
  3.37891E-01  2.29140E+00
  3.41797E-01  2.28467E+00
  3.45703E-01  2.27787E+00
  3.49609E-01  2.27099E+00
  3.53516E-01  2.26403E+00
  3.57422E-01  2.25699E+00
  3.61328E-01  2.24987E+00
  3.65234E-01  2.24267E+00
  3.69141E-01  2.23540E+00
  3.73047E-01  2.22804E+00
  3.76953E-01  2.22060E+00
  3.80859E-01  2.21308E+00
  3.84766E-01  2.20547E+00
  3.88672E-01  2.19779E+00
  3.92578E-01  2.19002E+00
  3.96484E-01  2.18217E+00
  4.00391E-01  2.17423E+00
  4.04297E-01  2.16620E+00
  4.08203E-01  2.15809E+00
  4.12109E-01  2.14990E+00
  4.16016E-01  2.14162E+00
  4.19922E-01  2.13324E+00
  4.23828E-01  2.12478E+00
  4.27734E-01  2.11623E+00
  4.31641E-01  2.10759E+00
  4.35547E-01  2.09886E+00
  4.39453E-01  2.09004E+00
  4.43359E-01  2.08112E+00
  4.47266E-01  2.07211E+00
  4.51172E-01  2.06300E+00
  4.55078E-01  2.05379E+00
  4.58984E-01  2.04449E+00
  4.62891E-01  2.03509E+00
  4.66797E-01  2.02559E+00
  4.70703E-01  2.01599E+00
  4.74609E-01  2.00628E+00
  4.78516E-01  1.99647E+00
  4.82422E-01  1.98656E+00
  4.86328E-01  1.97654E+00
  4.90234E-01  1.96641E+00
  4.94141E-01  1.95617E+00
  4.98047E-01  1.94581E+00
  5.01953E-01  1.93535E+00
  5.05859E-01  1.92476E+00
  5.09766E-01  1.91406E+00
  5.13672E-01  1.90324E+00
  5.17578E-01  1.89230E+00
  5.21484E-01  1.88123E+00
  5.25391E-01  1.87004E+00
  5.29297E-01  1.85872E+00
  5.33203E-01  1.84726E+00
  5.37109E-01  1.83567E+00
  5.41016E-01  1.82395E+00
  5.44922E-01  1.81208E+00
  5.48828E-01  1.80007E+00
  5.52734E-01  1.78791E+00
  5.56641E-01  1.77560E+00
  5.60547E-01  1.76313E+00
  5.64453E-01  1.75051E+00
  5.68359E-01  1.73772E+00
  5.72266E-01  1.72476E+00
  5.76172E-01  1.71163E+00
  5.80078E-01  1.69832E+00
  5.83984E-01  1.68483E+00
  5.87891E-01  1.67115E+00
  5.91797E-01  1.65728E+00
  5.95703E-01  1.64320E+00
  5.99609E-01  1.62891E+00
  6.03516E-01  1.61441E+00
  6.07422E-01  1.59968E+00
  6.11328E-01  1.58471E+00
  6.15234E-01  1.56950E+00
  6.19141E-01  1.55404E+00
  6.23047E-01  1.53831E+00
  6.26953E-01  1.52230E+00
  6.30859E-01  1.50601E+00
  6.34766E-01  1.48941E+00
  6.38672E-01  1.47249E+00
  6.42578E-01  1.45523E+00
  6.46484E-01  1.43762E+00
  6.50391E-01  1.41963E+00
  6.54297E-01  1.40124E+00
  6.58203E-01  1.38243E+00
  6.62109E-01  1.36317E+00
  6.66016E-01  1.34343E+00
  6.69922E-01  1.32317E+00
  6.73828E-01  1.30236E+00
  6.77734E-01  1.28094E+00
  6.81641E-01  1.25887E+00
  6.85547E-01  1.23608E+00
  6.89453E-01  1.21250E+00
  6.93359E-01  1.18805E+00
  6.97266E-01  1.16262E+00
  7.01172E-01  1.13610E+00
  7.05078E-01  1.10833E+00
  7.08984E-01  1.07913E+00
  7.12891E-01  1.04825E+00
  7.16797E-01  1.01533E+00
  7.20703E-01  9.79488E-01
  7.24609E-01  9.34994E-01
  7.28516E-01  8.36956E-01
  7.32422E-01  8.66886E-03
  7.36328E-01  8.55895E-03
  7.40234E-01  8.42577E-03
  7.44141E-01  8.29799E-03
  7.48047E-01  8.17002E-03
  7.51953E-01  8.04728E-03
  7.55859E-01  7.92445E-03
  7.59766E-01  7.80680E-03
  7.63672E-01  7.68915E-03
  7.67578E-01  7.57627E-03
  7.71484E-01  7.46323E-03
  7.75391E-01  7.35463E-03
  7.79297E-01  7.24602E-03
  7.83203E-01  7.14167E-03
  7.87109E-01  7.03722E-03
  7.91016E-01  6.93687E-03
  7.94922E-01  6.83662E-03
  7.98828E-01  6.74032E-03
  8.02734E-01  6.64392E-03
  8.06641E-01  6.55097E-03
  8.10547E-01  6.45787E-03
  8.14453E-01  6.36829E-03
  8.18359E-01  6.27935E-03
  8.22266E-01  6.19319E-03
  8.26172E-01  6.10704E-03
  8.30078E-01  6.02395E-03
  8.33984E-01  5.94137E-03
  8.37891E-01  5.86078E-03
  8.41797E-01  5.78162E-03
  8.45703E-01  5.70366E-03
  8.49609E-01  5.62749E-03
  8.53516E-01  5.55258E-03
  8.57422E-01  5.47893E-03
  8.61328E-01  5.40632E-03
  8.65234E-01  5.33543E-03
  8.69141E-01  5.26563E-03
  8.73047E-01  5.19743E-03
  8.76953E-01  5.12970E-03
  8.80859E-01  5.06376E-03
  8.84766E-01  4.99809E-03
  8.88672E-01  4.93484E-03
  8.92578E-01  4.87167E-03
  8.96484E-01  4.81046E-03
  9.00391E-01  4.74917E-03
  9.04297E-01  4.68995E-03
  9.08203E-01  4.63089E-03
  9.12109E-01  4.57380E-03
  9.16016E-01  4.51675E-03
  9.19922E-01  4.46154E-03
  9.23828E-01  4.40625E-03
  9.27734E-01  4.35268E-03
  9.31641E-01  4.29933E-03
  9.35547E-01  4.24788E-03
  9.39453E-01  4.19667E-03
  9.43359E-01  4.14668E-03
  9.47266E-01  4.09684E-03
  9.51172E-01  4.04884E-03
  9.55078E-01  4.00123E-03
  9.58984E-01  3.95500E-03
  9.62891E-01  3.90889E-03
  9.66797E-01  3.86497E-03
  9.70703E-01  3.82152E-03
  9.74609E-01  3.77967E-03
  9.78516E-01  3.73942E-03
  9.82422E-01  3.70085E-03
  9.86328E-01  3.66433E-03
  9.90234E-01  3.62997E-03
  9.94141E-01  3.59974E-03
  9.98047E-01  3.58563E-03
  1.00195E+00  3.58563E-03
