 -1.95312E-03  2.58775E+00
  1.95312E-03  2.58775E+00
  5.85938E-03  2.58766E+00
  9.76562E-03  2.58748E+00
  1.36719E-02  2.58721E+00
  1.75781E-02  2.58685E+00
  2.14844E-02  2.58641E+00
  2.53906E-02  2.58588E+00
  2.92969E-02  2.58526E+00
  3.32031E-02  2.58455E+00
  3.71094E-02  2.58376E+00
  4.10156E-02  2.58288E+00
  4.49219E-02  2.58192E+00
  4.88281E-02  2.58088E+00
  5.27344E-02  2.57975E+00
  5.66406E-02  2.57854E+00
  6.05469E-02  2.57724E+00
  6.44531E-02  2.57587E+00
  6.83594E-02  2.57441E+00
  7.22656E-02  2.57287E+00
  7.61719E-02  2.57125E+00
  8.00781E-02  2.56955E+00
  8.39844E-02  2.56777E+00
  8.78906E-02  2.56591E+00
  9.17969E-02  2.56397E+00
  9.57031E-02  2.56196E+00
  9.96094E-02  2.55986E+00
  1.03516E-01  2.55769E+00
  1.07422E-01  2.55543E+00
  1.11328E-01  2.55310E+00
  1.15234E-01  2.55070E+00
  1.19141E-01  2.54821E+00
  1.23047E-01  2.54565E+00
  1.26953E-01  2.54301E+00
  1.30859E-01  2.54030E+00
  1.34766E-01  2.53751E+00
  1.38672E-01  2.53464E+00
  1.42578E-01  2.53170E+00
  1.46484E-01  2.52868E+00
  1.50391E-01  2.52559E+00
  1.54297E-01  2.52242E+00
  1.58203E-01  2.51918E+00
  1.62109E-01  2.51587E+00
  1.66016E-01  2.51248E+00
  1.69922E-01  2.50901E+00
  1.73828E-01  2.50547E+00
  1.77734E-01  2.50186E+00
  1.81641E-01  2.49818E+00
  1.85547E-01  2.49442E+00
  1.89453E-01  2.49058E+00
  1.93359E-01  2.48667E+00
  1.97266E-01  2.48269E+00
  2.01172E-01  2.47864E+00
  2.05078E-01  2.47451E+00
  2.08984E-01  2.47031E+00
  2.12891E-01  2.46603E+00
  2.16797E-01  2.46169E+00
  2.20703E-01  2.45727E+00
  2.24609E-01  2.45277E+00
  2.28516E-01  2.44821E+00
  2.32422E-01  2.44357E+00
  2.36328E-01  2.43886E+00
  2.40234E-01  2.43407E+00
  2.44141E-01  2.42921E+00
  2.48047E-01  2.42428E+00
  2.51953E-01  2.41928E+00
  2.55859E-01  2.41420E+00
  2.59766E-01  2.40905E+00
  2.63672E-01  2.40383E+00
  2.67578E-01  2.39853E+00
  2.71484E-01  2.39315E+00
  2.75391E-01  2.38771E+00
  2.79297E-01  2.38219E+00
  2.83203E-01  2.37660E+00
  2.87109E-01  2.37093E+00
  2.91016E-01  2.36519E+00
  2.94922E-01  2.35937E+00
  2.98828E-01  2.35348E+00
  3.02734E-01  2.34752E+00
  3.06641E-01  2.34148E+00
  3.10547E-01  2.33536E+00
  3.14453E-01  2.32917E+00
  3.18359E-01  2.32291E+00
  3.22266E-01  2.31656E+00
  3.26172E-01  2.31015E+00
  3.30078E-01  2.30365E+00
  3.33984E-01  2.29708E+00
  3.37891E-01  2.29043E+00
  3.41797E-01  2.28371E+00
  3.45703E-01  2.27691E+00
  3.49609E-01  2.27003E+00
  3.53516E-01  2.26307E+00
  3.57422E-01  2.25603E+00
  3.61328E-01  2.24892E+00
  3.65234E-01  2.24172E+00
  3.69141E-01  2.23445E+00
  3.73047E-01  2.22709E+00
  3.76953E-01  2.21965E+00
  3.80859E-01  2.21214E+00
  3.84766E-01  2.20453E+00
  3.88672E-01  2.19685E+00
  3.92578E-01  2.18908E+00
  3.96484E-01  2.18123E+00
  4.00391E-01  2.17330E+00
  4.04297E-01  2.16528E+00
  4.08203E-01  2.15717E+00
  4.12109E-01  2.14898E+00
  4.16016E-01  2.14070E+00
  4.19922E-01  2.13233E+00
  4.23828E-01  2.12387E+00
  4.27734E-01  2.11532E+00
  4.31641E-01  2.10669E+00
  4.35547E-01  2.09796E+00
  4.39453E-01  2.08914E+00
  4.43359E-01  2.08022E+00
  4.47266E-01  2.07121E+00
  4.51172E-01  2.06211E+00
  4.55078E-01  2.05291E+00
  4.58984E-01  2.04361E+00
  4.62891E-01  2.03421E+00
  4.66797E-01  2.02471E+00
  4.70703E-01  2.01511E+00
  4.74609E-01  2.00541E+00
  4.78516E-01  1.99561E+00
  4.82422E-01  1.98570E+00
  4.86328E-01  1.97568E+00
  4.90234E-01  1.96555E+00
  4.94141E-01  1.95532E+00
  4.98047E-01  1.94497E+00
  5.01953E-01  1.93451E+00
  5.05859E-01  1.92393E+00
  5.09766E-01  1.91324E+00
  5.13672E-01  1.90242E+00
  5.17578E-01  1.89148E+00
  5.21484E-01  1.88042E+00
  5.25391E-01  1.86923E+00
  5.29297E-01  1.85792E+00
  5.33203E-01  1.84647E+00
  5.37109E-01  1.83489E+00
  5.41016E-01  1.82317E+00
  5.44922E-01  1.81131E+00
  5.48828E-01  1.79931E+00
  5.52734E-01  1.78716E+00
  5.56641E-01  1.77487E+00
  5.60547E-01  1.76242E+00
  5.64453E-01  1.74981E+00
  5.68359E-01  1.73703E+00
  5.72266E-01  1.72409E+00
  5.76172E-01  1.71098E+00
  5.80078E-01  1.69770E+00
  5.83984E-01  1.68423E+00
  5.87891E-01  1.67057E+00
  5.91797E-01  1.65672E+00
  5.95703E-01  1.64268E+00
  5.99609E-01  1.62842E+00
  6.03516E-01  1.61396E+00
  6.07422E-01  1.59927E+00
  6.11328E-01  1.58435E+00
  6.15234E-01  1.56920E+00
  6.19141E-01  1.55379E+00
  6.23047E-01  1.53813E+00
  6.26953E-01  1.52220E+00
  6.30859E-01  1.50598E+00
  6.34766E-01  1.48947E+00
  6.38672E-01  1.47265E+00
  6.42578E-01  1.45550E+00
  6.46484E-01  1.43801E+00
  6.50391E-01  1.42016E+00
  6.54297E-01  1.40192E+00
  6.58203E-01  1.38327E+00
  6.62109E-01  1.36419E+00
  6.66016E-01  1.34464E+00
  6.69922E-01  1.32460E+00
  6.73828E-01  1.30403E+00
  6.77734E-01  1.28287E+00
  6.81641E-01  1.26109E+00
  6.85547E-01  1.23864E+00
  6.89453E-01  1.21543E+00
  6.93359E-01  1.19140E+00
  6.97266E-01  1.16645E+00
  7.01172E-01  1.14046E+00
  7.05078E-01  1.11331E+00
  7.08984E-01  1.08482E+00
  7.12891E-01  1.05477E+00
  7.16797E-01  1.02286E+00
  7.20703E-01  9.88334E-01
  7.24609E-01  9.46230E-01
  7.28516E-01  8.54237E-01
  7.32422E-01  2.23148E-02
  7.36328E-01  2.18950E-02
  7.40234E-01  2.16226E-02
  7.44141E-01  2.12968E-02
  7.48047E-01  2.09736E-02
  7.51953E-01  2.06495E-02
  7.55859E-01  2.03356E-02
  7.59766E-01  2.00256E-02
  7.63672E-01  1.97261E-02
  7.67578E-01  1.94335E-02
  7.71484E-01  1.91533E-02
  7.75391E-01  1.88777E-02
  7.79297E-01  1.86113E-02
  7.83203E-01  1.83521E-02
  7.87109E-01  1.81003E-02
  7.91016E-01  1.78504E-02
  7.94922E-01  1.76068E-02
  7.98828E-01  1.73666E-02
  8.02734E-01  1.71318E-02
  8.06641E-01  1.68987E-02
  8.10547E-01  1.66713E-02
  8.14453E-01  1.64470E-02
  8.18359E-01  1.62262E-02
  8.22266E-01  1.60032E-02
  8.26172E-01  1.57826E-02
  8.30078E-01  1.55654E-02
  8.33984E-01  1.53561E-02
  8.37891E-01  1.51507E-02
  8.41797E-01  1.49501E-02
  8.45703E-01  1.47519E-02
  8.49609E-01  1.45579E-02
  8.53516E-01  1.43669E-02
  8.57422E-01  1.41800E-02
  8.61328E-01  1.39964E-02
  8.65234E-01  1.38161E-02
  8.69141E-01  1.36381E-02
  8.73047E-01  1.34626E-02
  8.76953E-01  1.32878E-02
  8.80859E-01  1.31161E-02
  8.84766E-01  1.29471E-02
  8.88672E-01  1.27847E-02
  8.92578E-01  1.26252E-02
  8.96484E-01  1.24695E-02
  9.00391E-01  1.23158E-02
  9.04297E-01  1.21656E-02
  9.08203E-01  1.20171E-02
  9.12109E-01  1.18720E-02
  9.16016E-01  1.17289E-02
  9.19922E-01  1.15888E-02
  9.23828E-01  1.14498E-02
  9.27734E-01  1.13148E-02
  9.31641E-01  1.11808E-02
  9.35547E-01  1.10492E-02
  9.39453E-01  1.09208E-02
  9.43359E-01  1.07937E-02
  9.47266E-01  1.06688E-02
  9.51172E-01  1.05461E-02
  9.55078E-01  1.04256E-02
  9.58984E-01  1.03069E-02
  9.62891E-01  1.01902E-02
  9.66797E-01  1.00756E-02
  9.70703E-01  9.96302E-03
  9.74609E-01  9.85276E-03
  9.78516E-01  9.74492E-03
  9.82422E-01  9.64019E-03
  9.86328E-01  9.54031E-03
  9.90234E-01  9.44897E-03
  9.94141E-01  9.38195E-03
  9.98047E-01  9.34949E-03
  1.00195E+00  9.34949E-03
