 -1.95312E-03  2.58906E+00
  1.95312E-03  2.58906E+00
  5.85938E-03  2.58897E+00
  9.76562E-03  2.58879E+00
  1.36719E-02  2.58852E+00
  1.75781E-02  2.58816E+00
  2.14844E-02  2.58771E+00
  2.53906E-02  2.58718E+00
  2.92969E-02  2.58656E+00
  3.32031E-02  2.58586E+00
  3.71094E-02  2.58507E+00
  4.10156E-02  2.58419E+00
  4.49219E-02  2.58323E+00
  4.88281E-02  2.58219E+00
  5.27344E-02  2.58106E+00
  5.66406E-02  2.57985E+00
  6.05469E-02  2.57855E+00
  6.44531E-02  2.57717E+00
  6.83594E-02  2.57572E+00
  7.22656E-02  2.57418E+00
  7.61719E-02  2.57256E+00
  8.00781E-02  2.57086E+00
  8.39844E-02  2.56908E+00
  8.78906E-02  2.56722E+00
  9.17969E-02  2.56528E+00
  9.57031E-02  2.56326E+00
  9.96094E-02  2.56116E+00
  1.03516E-01  2.55899E+00
  1.07422E-01  2.55673E+00
  1.11328E-01  2.55440E+00
  1.15234E-01  2.55199E+00
  1.19141E-01  2.54951E+00
  1.23047E-01  2.54695E+00
  1.26953E-01  2.54431E+00
  1.30859E-01  2.54159E+00
  1.34766E-01  2.53880E+00
  1.38672E-01  2.53594E+00
  1.42578E-01  2.53300E+00
  1.46484E-01  2.52998E+00
  1.50391E-01  2.52689E+00
  1.54297E-01  2.52372E+00
  1.58203E-01  2.52048E+00
  1.62109E-01  2.51717E+00
  1.66016E-01  2.51378E+00
  1.69922E-01  2.51031E+00
  1.73828E-01  2.50677E+00
  1.77734E-01  2.50316E+00
  1.81641E-01  2.49948E+00
  1.85547E-01  2.49572E+00
  1.89453E-01  2.49188E+00
  1.93359E-01  2.48798E+00
  1.97266E-01  2.48400E+00
  2.01172E-01  2.47995E+00
  2.05078E-01  2.47582E+00
  2.08984E-01  2.47162E+00
  2.12891E-01  2.46735E+00
  2.16797E-01  2.46300E+00
  2.20703E-01  2.45859E+00
  2.24609E-01  2.45409E+00
  2.28516E-01  2.44953E+00
  2.32422E-01  2.44489E+00
  2.36328E-01  2.44018E+00
  2.40234E-01  2.43539E+00
  2.44141E-01  2.43054E+00
  2.48047E-01  2.42561E+00
  2.51953E-01  2.42060E+00
  2.55859E-01  2.41553E+00
  2.59766E-01  2.41037E+00
  2.63672E-01  2.40515E+00
  2.67578E-01  2.39985E+00
  2.71484E-01  2.39448E+00
  2.75391E-01  2.38904E+00
  2.79297E-01  2.38352E+00
  2.83203E-01  2.37792E+00
  2.87109E-01  2.37226E+00
  2.91016E-01  2.36652E+00
  2.94922E-01  2.36070E+00
  2.98828E-01  2.35481E+00
  3.02734E-01  2.34885E+00
  3.06641E-01  2.34281E+00
  3.10547E-01  2.33669E+00
  3.14453E-01  2.33050E+00
  3.18359E-01  2.32423E+00
  3.22266E-01  2.31789E+00
  3.26172E-01  2.31147E+00
  3.30078E-01  2.30497E+00
  3.33984E-01  2.29840E+00
  3.37891E-01  2.29175E+00
  3.41797E-01  2.28502E+00
  3.45703E-01  2.27822E+00
  3.49609E-01  2.27134E+00
  3.53516E-01  2.26438E+00
  3.57422E-01  2.25734E+00
  3.61328E-01  2.25022E+00
  3.65234E-01  2.24302E+00
  3.69141E-01  2.23574E+00
  3.73047E-01  2.22838E+00
  3.76953E-01  2.22094E+00
  3.80859E-01  2.21341E+00
  3.84766E-01  2.20581E+00
  3.88672E-01  2.19812E+00
  3.92578E-01  2.19035E+00
  3.96484E-01  2.18249E+00
  4.00391E-01  2.17455E+00
  4.04297E-01  2.16653E+00
  4.08203E-01  2.15842E+00
  4.12109E-01  2.15022E+00
  4.16016E-01  2.14193E+00
  4.19922E-01  2.13356E+00
  4.23828E-01  2.12510E+00
  4.27734E-01  2.11655E+00
  4.31641E-01  2.10791E+00
  4.35547E-01  2.09917E+00
  4.39453E-01  2.09035E+00
  4.43359E-01  2.08143E+00
  4.47266E-01  2.07241E+00
  4.51172E-01  2.06330E+00
  4.55078E-01  2.05409E+00
  4.58984E-01  2.04479E+00
  4.62891E-01  2.03539E+00
  4.66797E-01  2.02588E+00
  4.70703E-01  2.01628E+00
  4.74609E-01  2.00657E+00
  4.78516E-01  1.99676E+00
  4.82422E-01  1.98684E+00
  4.86328E-01  1.97681E+00
  4.90234E-01  1.96668E+00
  4.94141E-01  1.95643E+00
  4.98047E-01  1.94607E+00
  5.01953E-01  1.93560E+00
  5.05859E-01  1.92501E+00
  5.09766E-01  1.91430E+00
  5.13672E-01  1.90347E+00
  5.17578E-01  1.89252E+00
  5.21484E-01  1.88145E+00
  5.25391E-01  1.87024E+00
  5.29297E-01  1.85891E+00
  5.33203E-01  1.84744E+00
  5.37109E-01  1.83584E+00
  5.41016E-01  1.82410E+00
  5.44922E-01  1.81222E+00
  5.48828E-01  1.80019E+00
  5.52734E-01  1.78802E+00
  5.56641E-01  1.77569E+00
  5.60547E-01  1.76321E+00
  5.64453E-01  1.75056E+00
  5.68359E-01  1.73775E+00
  5.72266E-01  1.72477E+00
  5.76172E-01  1.71162E+00
  5.80078E-01  1.69828E+00
  5.83984E-01  1.68476E+00
  5.87891E-01  1.67105E+00
  5.91797E-01  1.65714E+00
  5.95703E-01  1.64303E+00
  5.99609E-01  1.62870E+00
  6.03516E-01  1.61416E+00
  6.07422E-01  1.59938E+00
  6.11328E-01  1.58437E+00
  6.15234E-01  1.56912E+00
  6.19141E-01  1.55360E+00
  6.23047E-01  1.53782E+00
  6.26953E-01  1.52176E+00
  6.30859E-01  1.50541E+00
  6.34766E-01  1.48874E+00
  6.38672E-01  1.47176E+00
  6.42578E-01  1.45444E+00
  6.46484E-01  1.43675E+00
  6.50391E-01  1.41869E+00
  6.54297E-01  1.40023E+00
  6.58203E-01  1.38133E+00
  6.62109E-01  1.36198E+00
  6.66016E-01  1.34214E+00
  6.69922E-01  1.32177E+00
  6.73828E-01  1.30084E+00
  6.77734E-01  1.27929E+00
  6.81641E-01  1.25707E+00
  6.85547E-01  1.23412E+00
  6.89453E-01  1.21037E+00
  6.93359E-01  1.18572E+00
  6.97266E-01  1.16008E+00
  7.01172E-01  1.13331E+00
  7.05078E-01  1.10527E+00
  7.08984E-01  1.07574E+00
  7.12891E-01  1.04448E+00
  7.16797E-01  1.01110E+00
  7.20703E-01  9.74637E-01
  7.24609E-01  9.28951E-01
  7.28516E-01  8.27862E-01
  7.32422E-01  4.72714E-03
  7.36328E-01  4.66995E-03
  7.40234E-01  4.59660E-03
  7.44141E-01  4.52655E-03
  7.48047E-01  4.45652E-03
  7.51953E-01  4.38926E-03
  7.55859E-01  4.32186E-03
  7.59766E-01  4.25708E-03
  7.63672E-01  4.19232E-03
  7.67578E-01  4.13029E-03
  7.71484E-01  4.06824E-03
  7.75391E-01  4.00867E-03
  7.79297E-01  3.94901E-03
  7.83203E-01  3.89169E-03
  7.87109E-01  3.83429E-03
  7.91016E-01  3.77919E-03
  7.94922E-01  3.72408E-03
  7.98828E-01  3.67113E-03
  8.02734E-01  3.61813E-03
  8.06641E-01  3.56709E-03
  8.10547E-01  3.51604E-03
  8.14453E-01  3.46689E-03
  8.18359E-01  3.41774E-03
  8.22266E-01  3.37052E-03
  8.26172E-01  3.32332E-03
  8.30078E-01  3.27788E-03
  8.33984E-01  3.23236E-03
  8.37891E-01  3.18837E-03
  8.41797E-01  3.14442E-03
  8.45703E-01  3.10207E-03
  8.49609E-01  3.05979E-03
  8.53516E-01  3.01913E-03
  8.57422E-01  2.97842E-03
  8.61328E-01  2.93912E-03
  8.65234E-01  2.89979E-03
  8.69141E-01  2.86172E-03
  8.73047E-01  2.82372E-03
  8.76953E-01  2.78705E-03
  8.80859E-01  2.75043E-03
  8.84766E-01  2.71512E-03
  8.88672E-01  2.67983E-03
  8.92578E-01  2.64586E-03
  8.96484E-01  2.61180E-03
  9.00391E-01  2.57883E-03
  9.04297E-01  2.54608E-03
  9.08203E-01  2.51394E-03
  9.12109E-01  2.48240E-03
  9.16016E-01  2.45140E-03
  9.19922E-01  2.42122E-03
  9.23828E-01  2.39124E-03
  9.27734E-01  2.36226E-03
  9.31641E-01  2.33324E-03
  9.35547E-01  2.30521E-03
  9.39453E-01  2.27717E-03
  9.43359E-01  2.25026E-03
  9.47266E-01  2.22341E-03
  9.51172E-01  2.19771E-03
  9.55078E-01  2.17198E-03
  9.58984E-01  2.14729E-03
  9.62891E-01  2.12261E-03
  9.66797E-01  2.09914E-03
  9.70703E-01  2.07581E-03
  9.74609E-01  2.05360E-03
  9.78516E-01  2.03127E-03
  9.82422E-01  2.01025E-03
  9.86328E-01  1.98962E-03
  9.90234E-01  1.97002E-03
  9.94141E-01  1.95352E-03
  9.98047E-01  1.94582E-03
  1.00195E+00  1.94582E-03
