 -1.95312E-03  2.58939E+00
  1.95312E-03  2.58939E+00
  5.85938E-03  2.58929E+00
  9.76562E-03  2.58911E+00
  1.36719E-02  2.58885E+00
  1.75781E-02  2.58849E+00
  2.14844E-02  2.58804E+00
  2.53906E-02  2.58751E+00
  2.92969E-02  2.58689E+00
  3.32031E-02  2.58618E+00
  3.71094E-02  2.58539E+00
  4.10156E-02  2.58452E+00
  4.49219E-02  2.58356E+00
  4.88281E-02  2.58251E+00
  5.27344E-02  2.58138E+00
  5.66406E-02  2.58017E+00
  6.05469E-02  2.57888E+00
  6.44531E-02  2.57750E+00
  6.83594E-02  2.57604E+00
  7.22656E-02  2.57450E+00
  7.61719E-02  2.57288E+00
  8.00781E-02  2.57118E+00
  8.39844E-02  2.56940E+00
  8.78906E-02  2.56754E+00
  9.17969E-02  2.56560E+00
  9.57031E-02  2.56359E+00
  9.96094E-02  2.56149E+00
  1.03516E-01  2.55931E+00
  1.07422E-01  2.55706E+00
  1.11328E-01  2.55473E+00
  1.15234E-01  2.55232E+00
  1.19141E-01  2.54984E+00
  1.23047E-01  2.54728E+00
  1.26953E-01  2.54464E+00
  1.30859E-01  2.54193E+00
  1.34766E-01  2.53913E+00
  1.38672E-01  2.53627E+00
  1.42578E-01  2.53333E+00
  1.46484E-01  2.53031E+00
  1.50391E-01  2.52722E+00
  1.54297E-01  2.52405E+00
  1.58203E-01  2.52081E+00
  1.62109E-01  2.51750E+00
  1.66016E-01  2.51411E+00
  1.69922E-01  2.51064E+00
  1.73828E-01  2.50710E+00
  1.77734E-01  2.50349E+00
  1.81641E-01  2.49981E+00
  1.85547E-01  2.49605E+00
  1.89453E-01  2.49222E+00
  1.93359E-01  2.48831E+00
  1.97266E-01  2.48433E+00
  2.01172E-01  2.48028E+00
  2.05078E-01  2.47615E+00
  2.08984E-01  2.47196E+00
  2.12891E-01  2.46768E+00
  2.16797E-01  2.46334E+00
  2.20703E-01  2.45892E+00
  2.24609E-01  2.45443E+00
  2.28516E-01  2.44986E+00
  2.32422E-01  2.44522E+00
  2.36328E-01  2.44051E+00
  2.40234E-01  2.43573E+00
  2.44141E-01  2.43087E+00
  2.48047E-01  2.42594E+00
  2.51953E-01  2.42093E+00
  2.55859E-01  2.41585E+00
  2.59766E-01  2.41070E+00
  2.63672E-01  2.40548E+00
  2.67578E-01  2.40018E+00
  2.71484E-01  2.39481E+00
  2.75391E-01  2.38936E+00
  2.79297E-01  2.38385E+00
  2.83203E-01  2.37825E+00
  2.87109E-01  2.37259E+00
  2.91016E-01  2.36684E+00
  2.94922E-01  2.36103E+00
  2.98828E-01  2.35514E+00
  3.02734E-01  2.34917E+00
  3.06641E-01  2.34313E+00
  3.10547E-01  2.33701E+00
  3.14453E-01  2.33082E+00
  3.18359E-01  2.32455E+00
  3.22266E-01  2.31821E+00
  3.26172E-01  2.31179E+00
  3.30078E-01  2.30529E+00
  3.33984E-01  2.29872E+00
  3.37891E-01  2.29207E+00
  3.41797E-01  2.28534E+00
  3.45703E-01  2.27853E+00
  3.49609E-01  2.27165E+00
  3.53516E-01  2.26469E+00
  3.57422E-01  2.25765E+00
  3.61328E-01  2.25052E+00
  3.65234E-01  2.24332E+00
  3.69141E-01  2.23604E+00
  3.73047E-01  2.22868E+00
  3.76953E-01  2.22124E+00
  3.80859E-01  2.21372E+00
  3.84766E-01  2.20611E+00
  3.88672E-01  2.19842E+00
  3.92578E-01  2.19065E+00
  3.96484E-01  2.18279E+00
  4.00391E-01  2.17485E+00
  4.04297E-01  2.16682E+00
  4.08203E-01  2.15871E+00
  4.12109E-01  2.15051E+00
  4.16016E-01  2.14222E+00
  4.19922E-01  2.13384E+00
  4.23828E-01  2.12538E+00
  4.27734E-01  2.11682E+00
  4.31641E-01  2.10818E+00
  4.35547E-01  2.09944E+00
  4.39453E-01  2.09061E+00
  4.43359E-01  2.08169E+00
  4.47266E-01  2.07267E+00
  4.51172E-01  2.06355E+00
  4.55078E-01  2.05434E+00
  4.58984E-01  2.04503E+00
  4.62891E-01  2.03562E+00
  4.66797E-01  2.02611E+00
  4.70703E-01  2.01650E+00
  4.74609E-01  2.00678E+00
  4.78516E-01  1.99696E+00
  4.82422E-01  1.98704E+00
  4.86328E-01  1.97700E+00
  4.90234E-01  1.96685E+00
  4.94141E-01  1.95660E+00
  4.98047E-01  1.94623E+00
  5.01953E-01  1.93574E+00
  5.05859E-01  1.92514E+00
  5.09766E-01  1.91442E+00
  5.13672E-01  1.90358E+00
  5.17578E-01  1.89261E+00
  5.21484E-01  1.88152E+00
  5.25391E-01  1.87030E+00
  5.29297E-01  1.85895E+00
  5.33203E-01  1.84747E+00
  5.37109E-01  1.83585E+00
  5.41016E-01  1.82409E+00
  5.44922E-01  1.81218E+00
  5.48828E-01  1.80013E+00
  5.52734E-01  1.78793E+00
  5.56641E-01  1.77558E+00
  5.60547E-01  1.76306E+00
  5.64453E-01  1.75039E+00
  5.68359E-01  1.73755E+00
  5.72266E-01  1.72454E+00
  5.76172E-01  1.71135E+00
  5.80078E-01  1.69798E+00
  5.83984E-01  1.68443E+00
  5.87891E-01  1.67068E+00
  5.91797E-01  1.65673E+00
  5.95703E-01  1.64257E+00
  5.99609E-01  1.62820E+00
  6.03516E-01  1.61361E+00
  6.07422E-01  1.59879E+00
  6.11328E-01  1.58373E+00
  6.15234E-01  1.56842E+00
  6.19141E-01  1.55286E+00
  6.23047E-01  1.53703E+00
  6.26953E-01  1.52091E+00
  6.30859E-01  1.50449E+00
  6.34766E-01  1.48777E+00
  6.38672E-01  1.47072E+00
  6.42578E-01  1.45332E+00
  6.46484E-01  1.43556E+00
  6.50391E-01  1.41741E+00
  6.54297E-01  1.39885E+00
  6.58203E-01  1.37986E+00
  6.62109E-01  1.36040E+00
  6.66016E-01  1.34045E+00
  6.69922E-01  1.31996E+00
  6.73828E-01  1.29890E+00
  6.77734E-01  1.27721E+00
  6.81641E-01  1.25484E+00
  6.85547E-01  1.23172E+00
  6.89453E-01  1.20779E+00
  6.93359E-01  1.18294E+00
  6.97266E-01  1.15707E+00
  7.01172E-01  1.13004E+00
  7.05078E-01  1.10170E+00
  7.08984E-01  1.07183E+00
  7.12891E-01  1.04015E+00
  7.16797E-01  1.00626E+00
  7.20703E-01  9.69110E-01
  7.24609E-01  9.22043E-01
  7.28516E-01  8.17393E-01
  7.32422E-01  1.21077E-03
  7.36328E-01  1.19643E-03
  7.40234E-01  1.17750E-03
  7.44141E-01  1.15942E-03
  7.48047E-01  1.14130E-03
  7.51953E-01  1.12397E-03
  7.55859E-01  1.10662E-03
  7.59766E-01  1.08996E-03
  7.63672E-01  1.07328E-03
  7.67578E-01  1.05729E-03
  7.71484E-01  1.04129E-03
  7.75391E-01  1.02591E-03
  7.79297E-01  1.01053E-03
  7.83203E-01  9.95754E-04
  7.87109E-01  9.80973E-04
  7.91016E-01  9.66799E-04
  7.94922E-01  9.52605E-04
  7.98828E-01  9.38967E-04
  8.02734E-01  9.25319E-04
  8.06641E-01  9.12205E-04
  8.10547E-01  8.99086E-04
  8.14453E-01  8.86484E-04
  8.18359E-01  8.73878E-04
  8.22266E-01  8.61770E-04
  8.26172E-01  8.49654E-04
  8.30078E-01  8.38008E-04
  8.33984E-01  8.26359E-04
  8.37891E-01  8.15144E-04
  8.41797E-01  8.03914E-04
  8.45703E-01  7.93110E-04
  8.49609E-01  7.82293E-04
  8.53516E-01  7.71873E-04
  8.57422E-01  7.61452E-04
  8.61328E-01  7.51403E-04
  8.65234E-01  7.41360E-04
  8.69141E-01  7.31675E-04
  8.73047E-01  7.21998E-04
  8.76953E-01  7.12674E-04
  8.80859E-01  7.03348E-04
  8.84766E-01  6.94368E-04
  8.88672E-01  6.85379E-04
  8.92578E-01  6.76714E-04
  8.96484E-01  6.68054E-04
  9.00391E-01  6.59702E-04
  9.04297E-01  6.51340E-04
  9.08203E-01  6.43274E-04
  9.12109E-01  6.35201E-04
  9.16016E-01  6.27398E-04
  9.19922E-01  6.19585E-04
  9.23828E-01  6.12049E-04
  9.27734E-01  6.04513E-04
  9.31641E-01  5.97257E-04
  9.35547E-01  5.89992E-04
  9.39453E-01  5.82984E-04
  9.43359E-01  5.75966E-04
  9.47266E-01  5.69200E-04
  9.51172E-01  5.62434E-04
  9.55078E-01  5.55936E-04
  9.58984E-01  5.49422E-04
  9.62891E-01  5.43136E-04
  9.66797E-01  5.36846E-04
  9.70703E-01  5.30838E-04
  9.74609E-01  5.24901E-04
  9.78516E-01  5.19086E-04
  9.82422E-01  5.13613E-04
  9.86328E-01  5.08192E-04
  9.90234E-01  5.03394E-04
  9.94141E-01  4.99109E-04
  9.98047E-01  4.97134E-04
  1.00195E+00  4.97134E-04
