 -1.95312E-03  2.58930E+00
  1.95312E-03  2.58930E+00
  5.85938E-03  2.58921E+00
  9.76562E-03  2.58903E+00
  1.36719E-02  2.58876E+00
  1.75781E-02  2.58841E+00
  2.14844E-02  2.58796E+00
  2.53906E-02  2.58743E+00
  2.92969E-02  2.58681E+00
  3.32031E-02  2.58610E+00
  3.71094E-02  2.58531E+00
  4.10156E-02  2.58443E+00
  4.49219E-02  2.58347E+00
  4.88281E-02  2.58243E+00
  5.27344E-02  2.58130E+00
  5.66406E-02  2.58009E+00
  6.05469E-02  2.57880E+00
  6.44531E-02  2.57742E+00
  6.83594E-02  2.57596E+00
  7.22656E-02  2.57442E+00
  7.61719E-02  2.57280E+00
  8.00781E-02  2.57110E+00
  8.39844E-02  2.56932E+00
  8.78906E-02  2.56746E+00
  9.17969E-02  2.56552E+00
  9.57031E-02  2.56350E+00
  9.96094E-02  2.56141E+00
  1.03516E-01  2.55923E+00
  1.07422E-01  2.55698E+00
  1.11328E-01  2.55465E+00
  1.15234E-01  2.55224E+00
  1.19141E-01  2.54976E+00
  1.23047E-01  2.54719E+00
  1.26953E-01  2.54456E+00
  1.30859E-01  2.54184E+00
  1.34766E-01  2.53905E+00
  1.38672E-01  2.53619E+00
  1.42578E-01  2.53324E+00
  1.46484E-01  2.53023E+00
  1.50391E-01  2.52714E+00
  1.54297E-01  2.52397E+00
  1.58203E-01  2.52073E+00
  1.62109E-01  2.51741E+00
  1.66016E-01  2.51402E+00
  1.69922E-01  2.51056E+00
  1.73828E-01  2.50702E+00
  1.77734E-01  2.50341E+00
  1.81641E-01  2.49972E+00
  1.85547E-01  2.49596E+00
  1.89453E-01  2.49213E+00
  1.93359E-01  2.48822E+00
  1.97266E-01  2.48424E+00
  2.01172E-01  2.48019E+00
  2.05078E-01  2.47607E+00
  2.08984E-01  2.47187E+00
  2.12891E-01  2.46759E+00
  2.16797E-01  2.46325E+00
  2.20703E-01  2.45883E+00
  2.24609E-01  2.45434E+00
  2.28516E-01  2.44977E+00
  2.32422E-01  2.44514E+00
  2.36328E-01  2.44042E+00
  2.40234E-01  2.43564E+00
  2.44141E-01  2.43078E+00
  2.48047E-01  2.42585E+00
  2.51953E-01  2.42085E+00
  2.55859E-01  2.41577E+00
  2.59766E-01  2.41062E+00
  2.63672E-01  2.40540E+00
  2.67578E-01  2.40010E+00
  2.71484E-01  2.39473E+00
  2.75391E-01  2.38928E+00
  2.79297E-01  2.38376E+00
  2.83203E-01  2.37817E+00
  2.87109E-01  2.37250E+00
  2.91016E-01  2.36676E+00
  2.94922E-01  2.36095E+00
  2.98828E-01  2.35506E+00
  3.02734E-01  2.34909E+00
  3.06641E-01  2.34305E+00
  3.10547E-01  2.33693E+00
  3.14453E-01  2.33074E+00
  3.18359E-01  2.32447E+00
  3.22266E-01  2.31813E+00
  3.26172E-01  2.31171E+00
  3.30078E-01  2.30521E+00
  3.33984E-01  2.29864E+00
  3.37891E-01  2.29199E+00
  3.41797E-01  2.28526E+00
  3.45703E-01  2.27846E+00
  3.49609E-01  2.27157E+00
  3.53516E-01  2.26461E+00
  3.57422E-01  2.25757E+00
  3.61328E-01  2.25045E+00
  3.65234E-01  2.24325E+00
  3.69141E-01  2.23597E+00
  3.73047E-01  2.22861E+00
  3.76953E-01  2.22117E+00
  3.80859E-01  2.21364E+00
  3.84766E-01  2.20604E+00
  3.88672E-01  2.19835E+00
  3.92578E-01  2.19058E+00
  3.96484E-01  2.18272E+00
  4.00391E-01  2.17478E+00
  4.04297E-01  2.16675E+00
  4.08203E-01  2.15864E+00
  4.12109E-01  2.15044E+00
  4.16016E-01  2.14215E+00
  4.19922E-01  2.13378E+00
  4.23828E-01  2.12531E+00
  4.27734E-01  2.11676E+00
  4.31641E-01  2.10811E+00
  4.35547E-01  2.09937E+00
  4.39453E-01  2.09055E+00
  4.43359E-01  2.08162E+00
  4.47266E-01  2.07261E+00
  4.51172E-01  2.06349E+00
  4.55078E-01  2.05428E+00
  4.58984E-01  2.04497E+00
  4.62891E-01  2.03557E+00
  4.66797E-01  2.02606E+00
  4.70703E-01  2.01645E+00
  4.74609E-01  2.00673E+00
  4.78516E-01  1.99692E+00
  4.82422E-01  1.98699E+00
  4.86328E-01  1.97696E+00
  4.90234E-01  1.96682E+00
  4.94141E-01  1.95656E+00
  4.98047E-01  1.94620E+00
  5.01953E-01  1.93572E+00
  5.05859E-01  1.92512E+00
  5.09766E-01  1.91440E+00
  5.13672E-01  1.90356E+00
  5.17578E-01  1.89260E+00
  5.21484E-01  1.88151E+00
  5.25391E-01  1.87030E+00
  5.29297E-01  1.85895E+00
  5.33203E-01  1.84748E+00
  5.37109E-01  1.83586E+00
  5.41016E-01  1.82411E+00
  5.44922E-01  1.81221E+00
  5.48828E-01  1.80017E+00
  5.52734E-01  1.78798E+00
  5.56641E-01  1.77563E+00
  5.60547E-01  1.76313E+00
  5.64453E-01  1.75046E+00
  5.68359E-01  1.73763E+00
  5.72266E-01  1.72463E+00
  5.76172E-01  1.71145E+00
  5.80078E-01  1.69810E+00
  5.83984E-01  1.68455E+00
  5.87891E-01  1.67082E+00
  5.91797E-01  1.65688E+00
  5.95703E-01  1.64274E+00
  5.99609E-01  1.62839E+00
  6.03516E-01  1.61381E+00
  6.07422E-01  1.59901E+00
  6.11328E-01  1.58397E+00
  6.15234E-01  1.56868E+00
  6.19141E-01  1.55313E+00
  6.23047E-01  1.53732E+00
  6.26953E-01  1.52122E+00
  6.30859E-01  1.50483E+00
  6.34766E-01  1.48812E+00
  6.38672E-01  1.47109E+00
  6.42578E-01  1.45372E+00
  6.46484E-01  1.43599E+00
  6.50391E-01  1.41787E+00
  6.54297E-01  1.39935E+00
  6.58203E-01  1.38039E+00
  6.62109E-01  1.36098E+00
  6.66016E-01  1.34107E+00
  6.69922E-01  1.32062E+00
  6.73828E-01  1.29960E+00
  6.77734E-01  1.27796E+00
  6.81641E-01  1.25564E+00
  6.85547E-01  1.23258E+00
  6.89453E-01  1.20870E+00
  6.93359E-01  1.18391E+00
  6.97266E-01  1.15810E+00
  7.01172E-01  1.13116E+00
  7.05078E-01  1.10290E+00
  7.08984E-01  1.07313E+00
  7.12891E-01  1.04158E+00
  7.16797E-01  1.00785E+00
  7.20703E-01  9.70900E-01
  7.24609E-01  9.24268E-01
  7.28516E-01  8.20740E-01
  7.32422E-01  2.05603E-03
  7.36328E-01  2.03167E-03
  7.40234E-01  1.99955E-03
  7.44141E-01  1.96874E-03
  7.48047E-01  1.93789E-03
  7.51953E-01  1.90838E-03
  7.55859E-01  1.87886E-03
  7.59766E-01  1.85057E-03
  7.63672E-01  1.82226E-03
  7.67578E-01  1.79512E-03
  7.71484E-01  1.76796E-03
  7.75391E-01  1.74190E-03
  7.79297E-01  1.71583E-03
  7.83203E-01  1.69080E-03
  7.87109E-01  1.66576E-03
  7.91016E-01  1.64169E-03
  7.94922E-01  1.61759E-03
  7.98828E-01  1.59444E-03
  8.02734E-01  1.57126E-03
  8.06641E-01  1.54896E-03
  8.10547E-01  1.52666E-03
  8.14453E-01  1.50520E-03
  8.18359E-01  1.48372E-03
  8.22266E-01  1.46308E-03
  8.26172E-01  1.44244E-03
  8.30078E-01  1.42261E-03
  8.33984E-01  1.40279E-03
  8.37891E-01  1.38371E-03
  8.41797E-01  1.36462E-03
  8.45703E-01  1.34624E-03
  8.49609E-01  1.32782E-03
  8.53516E-01  1.31007E-03
  8.57422E-01  1.29232E-03
  8.61328E-01  1.27520E-03
  8.65234E-01  1.25808E-03
  8.69141E-01  1.24160E-03
  8.73047E-01  1.22511E-03
  8.76953E-01  1.20921E-03
  8.80859E-01  1.19330E-03
  8.84766E-01  1.17803E-03
  8.88672E-01  1.16275E-03
  8.92578E-01  1.14805E-03
  8.96484E-01  1.13332E-03
  9.00391E-01  1.11913E-03
  9.04297E-01  1.10491E-03
  9.08203E-01  1.09121E-03
  9.12109E-01  1.07750E-03
  9.16016E-01  1.06428E-03
  9.19922E-01  1.05105E-03
  9.23828E-01  1.03833E-03
  9.27734E-01  1.02560E-03
  9.31641E-01  1.01335E-03
  9.35547E-01  1.00109E-03
  9.39453E-01  9.89313E-04
  9.43359E-01  9.77514E-04
  9.47266E-01  9.66112E-04
  9.51172E-01  9.54677E-04
  9.55078E-01  9.43678E-04
  9.58984E-01  9.32790E-04
  9.62891E-01  9.22052E-04
  9.66797E-01  9.11712E-04
  9.70703E-01  9.01369E-04
  9.74609E-01  8.91478E-04
  9.78516E-01  8.81566E-04
  9.82422E-01  8.72228E-04
  9.86328E-01  8.62920E-04
  9.90234E-01  8.54677E-04
  9.94141E-01  8.47499E-04
  9.98047E-01  8.44155E-04
  1.00195E+00  8.44155E-04
