 -1.95312E-03  2.58884E+00
  1.95312E-03  2.58884E+00
  5.85938E-03  2.58875E+00
  9.76562E-03  2.58857E+00
  1.36719E-02  2.58830E+00
  1.75781E-02  2.58794E+00
  2.14844E-02  2.58750E+00
  2.53906E-02  2.58696E+00
  2.92969E-02  2.58634E+00
  3.32031E-02  2.58564E+00
  3.71094E-02  2.58485E+00
  4.10156E-02  2.58397E+00
  4.49219E-02  2.58301E+00
  4.88281E-02  2.58197E+00
  5.27344E-02  2.58084E+00
  5.66406E-02  2.57963E+00
  6.05469E-02  2.57833E+00
  6.44531E-02  2.57696E+00
  6.83594E-02  2.57550E+00
  7.22656E-02  2.57396E+00
  7.61719E-02  2.57234E+00
  8.00781E-02  2.57064E+00
  8.39844E-02  2.56886E+00
  8.78906E-02  2.56700E+00
  9.17969E-02  2.56506E+00
  9.57031E-02  2.56304E+00
  9.96094E-02  2.56095E+00
  1.03516E-01  2.55877E+00
  1.07422E-01  2.55652E+00
  1.11328E-01  2.55419E+00
  1.15234E-01  2.55178E+00
  1.19141E-01  2.54929E+00
  1.23047E-01  2.54673E+00
  1.26953E-01  2.54410E+00
  1.30859E-01  2.54138E+00
  1.34766E-01  2.53859E+00
  1.38672E-01  2.53572E+00
  1.42578E-01  2.53278E+00
  1.46484E-01  2.52977E+00
  1.50391E-01  2.52668E+00
  1.54297E-01  2.52351E+00
  1.58203E-01  2.52027E+00
  1.62109E-01  2.51695E+00
  1.66016E-01  2.51356E+00
  1.69922E-01  2.51010E+00
  1.73828E-01  2.50656E+00
  1.77734E-01  2.50295E+00
  1.81641E-01  2.49926E+00
  1.85547E-01  2.49550E+00
  1.89453E-01  2.49167E+00
  1.93359E-01  2.48777E+00
  1.97266E-01  2.48379E+00
  2.01172E-01  2.47973E+00
  2.05078E-01  2.47561E+00
  2.08984E-01  2.47141E+00
  2.12891E-01  2.46714E+00
  2.16797E-01  2.46279E+00
  2.20703E-01  2.45837E+00
  2.24609E-01  2.45388E+00
  2.28516E-01  2.44932E+00
  2.32422E-01  2.44468E+00
  2.36328E-01  2.43997E+00
  2.40234E-01  2.43518E+00
  2.44141E-01  2.43033E+00
  2.48047E-01  2.42540E+00
  2.51953E-01  2.42039E+00
  2.55859E-01  2.41531E+00
  2.59766E-01  2.41016E+00
  2.63672E-01  2.40494E+00
  2.67578E-01  2.39964E+00
  2.71484E-01  2.39427E+00
  2.75391E-01  2.38883E+00
  2.79297E-01  2.38331E+00
  2.83203E-01  2.37772E+00
  2.87109E-01  2.37205E+00
  2.91016E-01  2.36631E+00
  2.94922E-01  2.36049E+00
  2.98828E-01  2.35460E+00
  3.02734E-01  2.34864E+00
  3.06641E-01  2.34260E+00
  3.10547E-01  2.33648E+00
  3.14453E-01  2.33029E+00
  3.18359E-01  2.32402E+00
  3.22266E-01  2.31768E+00
  3.26172E-01  2.31126E+00
  3.30078E-01  2.30477E+00
  3.33984E-01  2.29820E+00
  3.37891E-01  2.29155E+00
  3.41797E-01  2.28482E+00
  3.45703E-01  2.27802E+00
  3.49609E-01  2.27113E+00
  3.53516E-01  2.26417E+00
  3.57422E-01  2.25713E+00
  3.61328E-01  2.25002E+00
  3.65234E-01  2.24282E+00
  3.69141E-01  2.23554E+00
  3.73047E-01  2.22818E+00
  3.76953E-01  2.22074E+00
  3.80859E-01  2.21322E+00
  3.84766E-01  2.20561E+00
  3.88672E-01  2.19793E+00
  3.92578E-01  2.19016E+00
  3.96484E-01  2.18230E+00
  4.00391E-01  2.17436E+00
  4.04297E-01  2.16634E+00
  4.08203E-01  2.15823E+00
  4.12109E-01  2.15003E+00
  4.16016E-01  2.14175E+00
  4.19922E-01  2.13337E+00
  4.23828E-01  2.12491E+00
  4.27734E-01  2.11636E+00
  4.31641E-01  2.10772E+00
  4.35547E-01  2.09899E+00
  4.39453E-01  2.09016E+00
  4.43359E-01  2.08124E+00
  4.47266E-01  2.07223E+00
  4.51172E-01  2.06312E+00
  4.55078E-01  2.05392E+00
  4.58984E-01  2.04461E+00
  4.62891E-01  2.03521E+00
  4.66797E-01  2.02571E+00
  4.70703E-01  2.01611E+00
  4.74609E-01  2.00641E+00
  4.78516E-01  1.99660E+00
  4.82422E-01  1.98668E+00
  4.86328E-01  1.97666E+00
  4.90234E-01  1.96652E+00
  4.94141E-01  1.95628E+00
  4.98047E-01  1.94593E+00
  5.01953E-01  1.93546E+00
  5.05859E-01  1.92487E+00
  5.09766E-01  1.91417E+00
  5.13672E-01  1.90335E+00
  5.17578E-01  1.89240E+00
  5.21484E-01  1.88133E+00
  5.25391E-01  1.87014E+00
  5.29297E-01  1.85881E+00
  5.33203E-01  1.84735E+00
  5.37109E-01  1.83576E+00
  5.41016E-01  1.82402E+00
  5.44922E-01  1.81215E+00
  5.48828E-01  1.80014E+00
  5.52734E-01  1.78797E+00
  5.56641E-01  1.77565E+00
  5.60547E-01  1.76318E+00
  5.64453E-01  1.75055E+00
  5.68359E-01  1.73776E+00
  5.72266E-01  1.72479E+00
  5.76172E-01  1.71165E+00
  5.80078E-01  1.69834E+00
  5.83984E-01  1.68483E+00
  5.87891E-01  1.67114E+00
  5.91797E-01  1.65726E+00
  5.95703E-01  1.64317E+00
  5.99609E-01  1.62887E+00
  6.03516E-01  1.61435E+00
  6.07422E-01  1.59961E+00
  6.11328E-01  1.58463E+00
  6.15234E-01  1.56940E+00
  6.19141E-01  1.55393E+00
  6.23047E-01  1.53818E+00
  6.26953E-01  1.52216E+00
  6.30859E-01  1.50585E+00
  6.34766E-01  1.48923E+00
  6.38672E-01  1.47230E+00
  6.42578E-01  1.45502E+00
  6.46484E-01  1.43739E+00
  6.50391E-01  1.41938E+00
  6.54297E-01  1.40097E+00
  6.58203E-01  1.38214E+00
  6.62109E-01  1.36285E+00
  6.66016E-01  1.34308E+00
  6.69922E-01  1.32279E+00
  6.73828E-01  1.30194E+00
  6.77734E-01  1.28049E+00
  6.81641E-01  1.25837E+00
  6.85547E-01  1.23552E+00
  6.89453E-01  1.21189E+00
  6.93359E-01  1.18737E+00
  6.97266E-01  1.16186E+00
  7.01172E-01  1.13525E+00
  7.05078E-01  1.10737E+00
  7.08984E-01  1.07805E+00
  7.12891E-01  1.04702E+00
  7.16797E-01  1.01392E+00
  7.20703E-01  9.77851E-01
  7.24609E-01  9.32934E-01
  7.28516E-01  8.33811E-01
  7.32422E-01  7.08340E-03
  7.36328E-01  6.99583E-03
  7.40234E-01  6.88672E-03
  7.44141E-01  6.78208E-03
  7.48047E-01  6.67735E-03
  7.51953E-01  6.57688E-03
  7.55859E-01  6.47640E-03
  7.59766E-01  6.38023E-03
  7.63672E-01  6.28409E-03
  7.67578E-01  6.19159E-03
  7.71484E-01  6.09895E-03
  7.75391E-01  6.00978E-03
  7.79297E-01  5.92063E-03
  7.83203E-01  5.83513E-03
  7.87109E-01  5.74980E-03
  7.91016E-01  5.66771E-03
  7.94922E-01  5.58563E-03
  7.98828E-01  5.50637E-03
  8.02734E-01  5.42709E-03
  8.06641E-01  5.35095E-03
  8.10547E-01  5.27492E-03
  8.14453E-01  5.20172E-03
  8.18359E-01  5.12839E-03
  8.22266E-01  5.05773E-03
  8.26172E-01  4.98732E-03
  8.30078E-01  4.91943E-03
  8.33984E-01  4.85140E-03
  8.37891E-01  4.78578E-03
  8.41797E-01  4.72038E-03
  8.45703E-01  4.65722E-03
  8.49609E-01  4.59401E-03
  8.53516E-01  4.53328E-03
  8.57422E-01  4.47270E-03
  8.61328E-01  4.41336E-03
  8.65234E-01  4.35496E-03
  8.69141E-01  4.29777E-03
  8.73047E-01  4.24182E-03
  8.76953E-01  4.18663E-03
  8.80859E-01  4.13251E-03
  8.84766E-01  4.07899E-03
  8.88672E-01  4.02673E-03
  8.92578E-01  3.97508E-03
  8.96484E-01  3.92501E-03
  9.00391E-01  3.87507E-03
  9.04297E-01  3.82659E-03
  9.08203E-01  3.77811E-03
  9.12109E-01  3.73123E-03
  9.16016E-01  3.68437E-03
  9.19922E-01  3.63924E-03
  9.23828E-01  3.59420E-03
  9.27734E-01  3.55066E-03
  9.31641E-01  3.50702E-03
  9.35547E-01  3.46474E-03
  9.39453E-01  3.42253E-03
  9.43359E-01  3.38198E-03
  9.47266E-01  3.34160E-03
  9.51172E-01  3.30251E-03
  9.55078E-01  3.26340E-03
  9.58984E-01  3.22583E-03
  9.62891E-01  3.18864E-03
  9.66797E-01  3.15310E-03
  9.70703E-01  3.11759E-03
  9.74609E-01  3.08395E-03
  9.78516E-01  3.05117E-03
  9.82422E-01  3.01970E-03
  9.86328E-01  2.98966E-03
  9.90234E-01  2.96098E-03
  9.94141E-01  2.93613E-03
  9.98047E-01  2.92459E-03
  1.00195E+00  2.92459E-03
