 -1.95312E-03  2.58944E+00
  1.95312E-03  2.58944E+00
  5.85938E-03  2.58934E+00
  9.76562E-03  2.58916E+00
  1.36719E-02  2.58890E+00
  1.75781E-02  2.58854E+00
  2.14844E-02  2.58809E+00
  2.53906E-02  2.58756E+00
  2.92969E-02  2.58694E+00
  3.32031E-02  2.58623E+00
  3.71094E-02  2.58544E+00
  4.10156E-02  2.58457E+00
  4.49219E-02  2.58360E+00
  4.88281E-02  2.58256E+00
  5.27344E-02  2.58143E+00
  5.66406E-02  2.58022E+00
  6.05469E-02  2.57892E+00
  6.44531E-02  2.57755E+00
  6.83594E-02  2.57609E+00
  7.22656E-02  2.57455E+00
  7.61719E-02  2.57293E+00
  8.00781E-02  2.57123E+00
  8.39844E-02  2.56945E+00
  8.78906E-02  2.56759E+00
  9.17969E-02  2.56565E+00
  9.57031E-02  2.56363E+00
  9.96094E-02  2.56154E+00
  1.03516E-01  2.55936E+00
  1.07422E-01  2.55711E+00
  1.11328E-01  2.55478E+00
  1.15234E-01  2.55237E+00
  1.19141E-01  2.54989E+00
  1.23047E-01  2.54733E+00
  1.26953E-01  2.54469E+00
  1.30859E-01  2.54198E+00
  1.34766E-01  2.53918E+00
  1.38672E-01  2.53632E+00
  1.42578E-01  2.53338E+00
  1.46484E-01  2.53036E+00
  1.50391E-01  2.52727E+00
  1.54297E-01  2.52410E+00
  1.58203E-01  2.52086E+00
  1.62109E-01  2.51755E+00
  1.66016E-01  2.51416E+00
  1.69922E-01  2.51069E+00
  1.73828E-01  2.50715E+00
  1.77734E-01  2.50354E+00
  1.81641E-01  2.49986E+00
  1.85547E-01  2.49610E+00
  1.89453E-01  2.49226E+00
  1.93359E-01  2.48836E+00
  1.97266E-01  2.48438E+00
  2.01172E-01  2.48033E+00
  2.05078E-01  2.47620E+00
  2.08984E-01  2.47200E+00
  2.12891E-01  2.46773E+00
  2.16797E-01  2.46338E+00
  2.20703E-01  2.45897E+00
  2.24609E-01  2.45447E+00
  2.28516E-01  2.44991E+00
  2.32422E-01  2.44527E+00
  2.36328E-01  2.44056E+00
  2.40234E-01  2.43578E+00
  2.44141E-01  2.43092E+00
  2.48047E-01  2.42599E+00
  2.51953E-01  2.42098E+00
  2.55859E-01  2.41590E+00
  2.59766E-01  2.41075E+00
  2.63672E-01  2.40553E+00
  2.67578E-01  2.40023E+00
  2.71484E-01  2.39486E+00
  2.75391E-01  2.38942E+00
  2.79297E-01  2.38390E+00
  2.83203E-01  2.37830E+00
  2.87109E-01  2.37263E+00
  2.91016E-01  2.36689E+00
  2.94922E-01  2.36107E+00
  2.98828E-01  2.35518E+00
  3.02734E-01  2.34922E+00
  3.06641E-01  2.34318E+00
  3.10547E-01  2.33706E+00
  3.14453E-01  2.33087E+00
  3.18359E-01  2.32460E+00
  3.22266E-01  2.31825E+00
  3.26172E-01  2.31183E+00
  3.30078E-01  2.30534E+00
  3.33984E-01  2.29876E+00
  3.37891E-01  2.29211E+00
  3.41797E-01  2.28538E+00
  3.45703E-01  2.27858E+00
  3.49609E-01  2.27169E+00
  3.53516E-01  2.26473E+00
  3.57422E-01  2.25769E+00
  3.61328E-01  2.25056E+00
  3.65234E-01  2.24336E+00
  3.69141E-01  2.23608E+00
  3.73047E-01  2.22872E+00
  3.76953E-01  2.22128E+00
  3.80859E-01  2.21375E+00
  3.84766E-01  2.20615E+00
  3.88672E-01  2.19846E+00
  3.92578E-01  2.19068E+00
  3.96484E-01  2.18283E+00
  4.00391E-01  2.17489E+00
  4.04297E-01  2.16686E+00
  4.08203E-01  2.15875E+00
  4.12109E-01  2.15055E+00
  4.16016E-01  2.14226E+00
  4.19922E-01  2.13388E+00
  4.23828E-01  2.12542E+00
  4.27734E-01  2.11686E+00
  4.31641E-01  2.10822E+00
  4.35547E-01  2.09948E+00
  4.39453E-01  2.09065E+00
  4.43359E-01  2.08172E+00
  4.47266E-01  2.07270E+00
  4.51172E-01  2.06358E+00
  4.55078E-01  2.05437E+00
  4.58984E-01  2.04506E+00
  4.62891E-01  2.03565E+00
  4.66797E-01  2.02614E+00
  4.70703E-01  2.01652E+00
  4.74609E-01  2.00681E+00
  4.78516E-01  1.99699E+00
  4.82422E-01  1.98706E+00
  4.86328E-01  1.97702E+00
  4.90234E-01  1.96687E+00
  4.94141E-01  1.95661E+00
  4.98047E-01  1.94624E+00
  5.01953E-01  1.93576E+00
  5.05859E-01  1.92515E+00
  5.09766E-01  1.91443E+00
  5.13672E-01  1.90358E+00
  5.17578E-01  1.89262E+00
  5.21484E-01  1.88152E+00
  5.25391E-01  1.87030E+00
  5.29297E-01  1.85895E+00
  5.33203E-01  1.84746E+00
  5.37109E-01  1.83584E+00
  5.41016E-01  1.82407E+00
  5.44922E-01  1.81216E+00
  5.48828E-01  1.80011E+00
  5.52734E-01  1.78790E+00
  5.56641E-01  1.77555E+00
  5.60547E-01  1.76303E+00
  5.64453E-01  1.75035E+00
  5.68359E-01  1.73751E+00
  5.72266E-01  1.72449E+00
  5.76172E-01  1.71130E+00
  5.80078E-01  1.69793E+00
  5.83984E-01  1.68437E+00
  5.87891E-01  1.67061E+00
  5.91797E-01  1.65666E+00
  5.95703E-01  1.64250E+00
  5.99609E-01  1.62813E+00
  6.03516E-01  1.61353E+00
  6.07422E-01  1.59871E+00
  6.11328E-01  1.58364E+00
  6.15234E-01  1.56833E+00
  6.19141E-01  1.55276E+00
  6.23047E-01  1.53692E+00
  6.26953E-01  1.52079E+00
  6.30859E-01  1.50437E+00
  6.34766E-01  1.48763E+00
  6.38672E-01  1.47057E+00
  6.42578E-01  1.45316E+00
  6.46484E-01  1.43539E+00
  6.50391E-01  1.41723E+00
  6.54297E-01  1.39867E+00
  6.58203E-01  1.37967E+00
  6.62109E-01  1.36020E+00
  6.66016E-01  1.34024E+00
  6.69922E-01  1.31974E+00
  6.73828E-01  1.29867E+00
  6.77734E-01  1.27697E+00
  6.81641E-01  1.25458E+00
  6.85547E-01  1.23145E+00
  6.89453E-01  1.20749E+00
  6.93359E-01  1.18262E+00
  6.97266E-01  1.15673E+00
  7.01172E-01  1.12968E+00
  7.05078E-01  1.10131E+00
  7.08984E-01  1.07141E+00
  7.12891E-01  1.03969E+00
  7.16797E-01  1.00575E+00
  7.20703E-01  9.68533E-01
  7.24609E-01  9.21329E-01
  7.28516E-01  8.16323E-01
  7.32422E-01  9.67891E-04
  7.36328E-01  9.56418E-04
  7.40234E-01  9.41288E-04
  7.44141E-01  9.26802E-04
  7.48047E-01  9.12304E-04
  7.51953E-01  8.98412E-04
  7.55859E-01  8.84509E-04
  7.59766E-01  8.71184E-04
  7.63672E-01  8.57850E-04
  7.67578E-01  8.45067E-04
  7.71484E-01  8.32278E-04
  7.75391E-01  8.20010E-04
  7.79297E-01  8.07735E-04
  7.83203E-01  7.95960E-04
  7.87109E-01  7.84177E-04
  7.91016E-01  7.72881E-04
  7.94922E-01  7.61573E-04
  7.98828E-01  7.50703E-04
  8.02734E-01  7.39837E-04
  8.06641E-01  7.29379E-04
  8.10547E-01  7.18922E-04
  8.14453E-01  7.08857E-04
  8.18359E-01  6.98793E-04
  8.22266E-01  6.89103E-04
  8.26172E-01  6.79419E-04
  8.30078E-01  6.70083E-04
  8.33984E-01  6.60763E-04
  8.37891E-01  6.51778E-04
  8.41797E-01  6.42796E-04
  8.45703E-01  6.34155E-04
  8.49609E-01  6.25509E-04
  8.53516E-01  6.17182E-04
  8.57422E-01  6.08866E-04
  8.61328E-01  6.00852E-04
  8.65234E-01  5.92831E-04
  8.69141E-01  5.85101E-04
  8.73047E-01  5.77366E-04
  8.76953E-01  5.69924E-04
  8.80859E-01  5.62474E-04
  8.84766E-01  5.55289E-04
  8.88672E-01  5.48096E-04
  8.92578E-01  5.41153E-04
  8.96484E-01  5.34203E-04
  9.00391E-01  5.27494E-04
  9.04297E-01  5.20781E-04
  9.08203E-01  5.14308E-04
  9.12109E-01  5.07834E-04
  9.16016E-01  5.01597E-04
  9.19922E-01  4.95352E-04
  9.23828E-01  4.89326E-04
  9.27734E-01  4.83301E-04
  9.31641E-01  4.77476E-04
  9.35547E-01  4.71649E-04
  9.39453E-01  4.66041E-04
  9.43359E-01  4.60429E-04
  9.47266E-01  4.55015E-04
  9.51172E-01  4.49596E-04
  9.55078E-01  4.44358E-04
  9.58984E-01  4.39124E-04
  9.62891E-01  4.34101E-04
  9.66797E-01  4.29094E-04
  9.70703E-01  4.24300E-04
  9.74609E-01  4.19497E-04
  9.78516E-01  4.14930E-04
  9.82422E-01  4.10540E-04
  9.86328E-01  4.06230E-04
  9.90234E-01  4.02389E-04
  9.94141E-01  3.98945E-04
  9.98047E-01  3.97370E-04
  1.00195E+00  3.97370E-04
