 -1.95312E-03  2.58914E+00
  1.95312E-03  2.58914E+00
  5.85938E-03  2.58905E+00
  9.76562E-03  2.58887E+00
  1.36719E-02  2.58860E+00
  1.75781E-02  2.58825E+00
  2.14844E-02  2.58780E+00
  2.53906E-02  2.58727E+00
  2.92969E-02  2.58665E+00
  3.32031E-02  2.58594E+00
  3.71094E-02  2.58515E+00
  4.10156E-02  2.58427E+00
  4.49219E-02  2.58331E+00
  4.88281E-02  2.58227E+00
  5.27344E-02  2.58114E+00
  5.66406E-02  2.57993E+00
  6.05469E-02  2.57863E+00
  6.44531E-02  2.57726E+00
  6.83594E-02  2.57580E+00
  7.22656E-02  2.57426E+00
  7.61719E-02  2.57264E+00
  8.00781E-02  2.57094E+00
  8.39844E-02  2.56916E+00
  8.78906E-02  2.56730E+00
  9.17969E-02  2.56536E+00
  9.57031E-02  2.56334E+00
  9.96094E-02  2.56125E+00
  1.03516E-01  2.55907E+00
  1.07422E-01  2.55682E+00
  1.11328E-01  2.55449E+00
  1.15234E-01  2.55208E+00
  1.19141E-01  2.54960E+00
  1.23047E-01  2.54704E+00
  1.26953E-01  2.54440E+00
  1.30859E-01  2.54168E+00
  1.34766E-01  2.53889E+00
  1.38672E-01  2.53603E+00
  1.42578E-01  2.53308E+00
  1.46484E-01  2.53007E+00
  1.50391E-01  2.52698E+00
  1.54297E-01  2.52381E+00
  1.58203E-01  2.52057E+00
  1.62109E-01  2.51725E+00
  1.66016E-01  2.51386E+00
  1.69922E-01  2.51040E+00
  1.73828E-01  2.50686E+00
  1.77734E-01  2.50325E+00
  1.81641E-01  2.49956E+00
  1.85547E-01  2.49580E+00
  1.89453E-01  2.49197E+00
  1.93359E-01  2.48806E+00
  1.97266E-01  2.48408E+00
  2.01172E-01  2.48003E+00
  2.05078E-01  2.47591E+00
  2.08984E-01  2.47171E+00
  2.12891E-01  2.46744E+00
  2.16797E-01  2.46309E+00
  2.20703E-01  2.45867E+00
  2.24609E-01  2.45418E+00
  2.28516E-01  2.44962E+00
  2.32422E-01  2.44498E+00
  2.36328E-01  2.44027E+00
  2.40234E-01  2.43548E+00
  2.44141E-01  2.43062E+00
  2.48047E-01  2.42569E+00
  2.51953E-01  2.42069E+00
  2.55859E-01  2.41561E+00
  2.59766E-01  2.41046E+00
  2.63672E-01  2.40524E+00
  2.67578E-01  2.39994E+00
  2.71484E-01  2.39457E+00
  2.75391E-01  2.38912E+00
  2.79297E-01  2.38360E+00
  2.83203E-01  2.37801E+00
  2.87109E-01  2.37234E+00
  2.91016E-01  2.36660E+00
  2.94922E-01  2.36079E+00
  2.98828E-01  2.35490E+00
  3.02734E-01  2.34893E+00
  3.06641E-01  2.34289E+00
  3.10547E-01  2.33677E+00
  3.14453E-01  2.33058E+00
  3.18359E-01  2.32431E+00
  3.22266E-01  2.31797E+00
  3.26172E-01  2.31155E+00
  3.30078E-01  2.30506E+00
  3.33984E-01  2.29848E+00
  3.37891E-01  2.29183E+00
  3.41797E-01  2.28511E+00
  3.45703E-01  2.27830E+00
  3.49609E-01  2.27142E+00
  3.53516E-01  2.26446E+00
  3.57422E-01  2.25742E+00
  3.61328E-01  2.25030E+00
  3.65234E-01  2.24310E+00
  3.69141E-01  2.23582E+00
  3.73047E-01  2.22846E+00
  3.76953E-01  2.22102E+00
  3.80859E-01  2.21350E+00
  3.84766E-01  2.20589E+00
  3.88672E-01  2.19820E+00
  3.92578E-01  2.19043E+00
  3.96484E-01  2.18257E+00
  4.00391E-01  2.17463E+00
  4.04297E-01  2.16661E+00
  4.08203E-01  2.15850E+00
  4.12109E-01  2.15030E+00
  4.16016E-01  2.14201E+00
  4.19922E-01  2.13364E+00
  4.23828E-01  2.12517E+00
  4.27734E-01  2.11662E+00
  4.31641E-01  2.10798E+00
  4.35547E-01  2.09924E+00
  4.39453E-01  2.09042E+00
  4.43359E-01  2.08149E+00
  4.47266E-01  2.07248E+00
  4.51172E-01  2.06337E+00
  4.55078E-01  2.05416E+00
  4.58984E-01  2.04486E+00
  4.62891E-01  2.03545E+00
  4.66797E-01  2.02595E+00
  4.70703E-01  2.01634E+00
  4.74609E-01  2.00663E+00
  4.78516E-01  1.99682E+00
  4.82422E-01  1.98690E+00
  4.86328E-01  1.97687E+00
  4.90234E-01  1.96673E+00
  4.94141E-01  1.95648E+00
  4.98047E-01  1.94612E+00
  5.01953E-01  1.93565E+00
  5.05859E-01  1.92505E+00
  5.09766E-01  1.91434E+00
  5.13672E-01  1.90351E+00
  5.17578E-01  1.89256E+00
  5.21484E-01  1.88148E+00
  5.25391E-01  1.87027E+00
  5.29297E-01  1.85893E+00
  5.33203E-01  1.84746E+00
  5.37109E-01  1.83586E+00
  5.41016E-01  1.82411E+00
  5.44922E-01  1.81222E+00
  5.48828E-01  1.80019E+00
  5.52734E-01  1.78801E+00
  5.56641E-01  1.77567E+00
  5.60547E-01  1.76318E+00
  5.64453E-01  1.75053E+00
  5.68359E-01  1.73771E+00
  5.72266E-01  1.72473E+00
  5.76172E-01  1.71156E+00
  5.80078E-01  1.69822E+00
  5.83984E-01  1.68469E+00
  5.87891E-01  1.67097E+00
  5.91797E-01  1.65705E+00
  5.95703E-01  1.64293E+00
  5.99609E-01  1.62859E+00
  6.03516E-01  1.61403E+00
  6.07422E-01  1.59925E+00
  6.11328E-01  1.58423E+00
  6.15234E-01  1.56896E+00
  6.19141E-01  1.55344E+00
  6.23047E-01  1.53764E+00
  6.26953E-01  1.52157E+00
  6.30859E-01  1.50520E+00
  6.34766E-01  1.48853E+00
  6.38672E-01  1.47153E+00
  6.42578E-01  1.45419E+00
  6.46484E-01  1.43649E+00
  6.50391E-01  1.41841E+00
  6.54297E-01  1.39992E+00
  6.58203E-01  1.38101E+00
  6.62109E-01  1.36163E+00
  6.66016E-01  1.34177E+00
  6.69922E-01  1.32137E+00
  6.73828E-01  1.30041E+00
  6.77734E-01  1.27882E+00
  6.81641E-01  1.25656E+00
  6.85547E-01  1.23357E+00
  6.89453E-01  1.20977E+00
  6.93359E-01  1.18507E+00
  6.97266E-01  1.15937E+00
  7.01172E-01  1.13253E+00
  7.05078E-01  1.10440E+00
  7.08984E-01  1.07478E+00
  7.12891E-01  1.04340E+00
  7.16797E-01  1.00987E+00
  7.20703E-01  9.73210E-01
  7.24609E-01  9.27152E-01
  7.28516E-01  8.25124E-01
  7.32422E-01  3.48732E-03
  7.36328E-01  3.44570E-03
  7.40234E-01  3.39151E-03
  7.44141E-01  3.33964E-03
  7.48047E-01  3.28775E-03
  7.51953E-01  3.23796E-03
  7.55859E-01  3.18808E-03
  7.59766E-01  3.14017E-03
  7.63672E-01  3.09226E-03
  7.67578E-01  3.04632E-03
  7.71484E-01  3.00041E-03
  7.75391E-01  2.95644E-03
  7.79297E-01  2.91246E-03
  7.83203E-01  2.87006E-03
  7.87109E-01  2.82767E-03
  7.91016E-01  2.78675E-03
  7.94922E-01  2.74588E-03
  7.98828E-01  2.70656E-03
  8.02734E-01  2.66737E-03
  8.06641E-01  2.62967E-03
  8.10547E-01  2.59206E-03
  8.14453E-01  2.55583E-03
  8.18359E-01  2.51955E-03
  8.22266E-01  2.48461E-03
  8.26172E-01  2.44962E-03
  8.30078E-01  2.41586E-03
  8.33984E-01  2.38209E-03
  8.37891E-01  2.34962E-03
  8.41797E-01  2.31716E-03
  8.45703E-01  2.28592E-03
  8.49609E-01  2.25466E-03
  8.53516E-01  2.22459E-03
  8.57422E-01  2.19451E-03
  8.61328E-01  2.16552E-03
  8.65234E-01  2.13650E-03
  8.69141E-01  2.10850E-03
  8.73047E-01  2.08048E-03
  8.76953E-01  2.05343E-03
  8.80859E-01  2.02638E-03
  8.84766E-01  2.00028E-03
  8.88672E-01  1.97418E-03
  8.92578E-01  1.94904E-03
  8.96484E-01  1.92393E-03
  9.00391E-01  1.89978E-03
  9.04297E-01  1.87558E-03
  9.08203E-01  1.85220E-03
  9.12109E-01  1.82881E-03
  9.16016E-01  1.80625E-03
  9.19922E-01  1.78366E-03
  9.23828E-01  1.76189E-03
  9.27734E-01  1.74025E-03
  9.31641E-01  1.71924E-03
  9.35547E-01  1.69862E-03
  9.39453E-01  1.67826E-03
  9.43359E-01  1.65851E-03
  9.47266E-01  1.63879E-03
  9.51172E-01  1.61984E-03
  9.55078E-01  1.60092E-03
  9.58984E-01  1.58284E-03
  9.62891E-01  1.56476E-03
  9.66797E-01  1.54745E-03
  9.70703E-01  1.53006E-03
  9.74609E-01  1.51345E-03
  9.78516E-01  1.49688E-03
  9.82422E-01  1.48132E-03
  9.86328E-01  1.46570E-03
  9.90234E-01  1.45127E-03
  9.94141E-01  1.43919E-03
  9.98047E-01  1.43351E-03
  1.00195E+00  1.43351E-03
