 -1.95312E-03  2.58895E+00
  1.95312E-03  2.58895E+00
  5.85938E-03  2.58886E+00
  9.76562E-03  2.58868E+00
  1.36719E-02  2.58841E+00
  1.75781E-02  2.58806E+00
  2.14844E-02  2.58761E+00
  2.53906E-02  2.58708E+00
  2.92969E-02  2.58646E+00
  3.32031E-02  2.58575E+00
  3.71094E-02  2.58496E+00
  4.10156E-02  2.58409E+00
  4.49219E-02  2.58312E+00
  4.88281E-02  2.58208E+00
  5.27344E-02  2.58095E+00
  5.66406E-02  2.57974E+00
  6.05469E-02  2.57845E+00
  6.44531E-02  2.57707E+00
  6.83594E-02  2.57561E+00
  7.22656E-02  2.57407E+00
  7.61719E-02  2.57245E+00
  8.00781E-02  2.57075E+00
  8.39844E-02  2.56897E+00
  8.78906E-02  2.56711E+00
  9.17969E-02  2.56517E+00
  9.57031E-02  2.56315E+00
  9.96094E-02  2.56106E+00
  1.03516E-01  2.55888E+00
  1.07422E-01  2.55663E+00
  1.11328E-01  2.55430E+00
  1.15234E-01  2.55189E+00
  1.19141E-01  2.54941E+00
  1.23047E-01  2.54684E+00
  1.26953E-01  2.54421E+00
  1.30859E-01  2.54149E+00
  1.34766E-01  2.53870E+00
  1.38672E-01  2.53584E+00
  1.42578E-01  2.53290E+00
  1.46484E-01  2.52988E+00
  1.50391E-01  2.52679E+00
  1.54297E-01  2.52362E+00
  1.58203E-01  2.52038E+00
  1.62109E-01  2.51706E+00
  1.66016E-01  2.51368E+00
  1.69922E-01  2.51021E+00
  1.73828E-01  2.50667E+00
  1.77734E-01  2.50306E+00
  1.81641E-01  2.49937E+00
  1.85547E-01  2.49562E+00
  1.89453E-01  2.49178E+00
  1.93359E-01  2.48788E+00
  1.97266E-01  2.48390E+00
  2.01172E-01  2.47985E+00
  2.05078E-01  2.47572E+00
  2.08984E-01  2.47152E+00
  2.12891E-01  2.46725E+00
  2.16797E-01  2.46290E+00
  2.20703E-01  2.45848E+00
  2.24609E-01  2.45399E+00
  2.28516E-01  2.44943E+00
  2.32422E-01  2.44479E+00
  2.36328E-01  2.44008E+00
  2.40234E-01  2.43529E+00
  2.44141E-01  2.43044E+00
  2.48047E-01  2.42551E+00
  2.51953E-01  2.42050E+00
  2.55859E-01  2.41542E+00
  2.59766E-01  2.41027E+00
  2.63672E-01  2.40505E+00
  2.67578E-01  2.39975E+00
  2.71484E-01  2.39438E+00
  2.75391E-01  2.38893E+00
  2.79297E-01  2.38341E+00
  2.83203E-01  2.37782E+00
  2.87109E-01  2.37215E+00
  2.91016E-01  2.36641E+00
  2.94922E-01  2.36060E+00
  2.98828E-01  2.35471E+00
  3.02734E-01  2.34874E+00
  3.06641E-01  2.34270E+00
  3.10547E-01  2.33659E+00
  3.14453E-01  2.33040E+00
  3.18359E-01  2.32413E+00
  3.22266E-01  2.31779E+00
  3.26172E-01  2.31137E+00
  3.30078E-01  2.30487E+00
  3.33984E-01  2.29830E+00
  3.37891E-01  2.29165E+00
  3.41797E-01  2.28492E+00
  3.45703E-01  2.27812E+00
  3.49609E-01  2.27123E+00
  3.53516E-01  2.26427E+00
  3.57422E-01  2.25723E+00
  3.61328E-01  2.25012E+00
  3.65234E-01  2.24292E+00
  3.69141E-01  2.23564E+00
  3.73047E-01  2.22828E+00
  3.76953E-01  2.22084E+00
  3.80859E-01  2.21332E+00
  3.84766E-01  2.20571E+00
  3.88672E-01  2.19803E+00
  3.92578E-01  2.19025E+00
  3.96484E-01  2.18240E+00
  4.00391E-01  2.17446E+00
  4.04297E-01  2.16644E+00
  4.08203E-01  2.15832E+00
  4.12109E-01  2.15013E+00
  4.16016E-01  2.14184E+00
  4.19922E-01  2.13347E+00
  4.23828E-01  2.12501E+00
  4.27734E-01  2.11646E+00
  4.31641E-01  2.10781E+00
  4.35547E-01  2.09908E+00
  4.39453E-01  2.09026E+00
  4.43359E-01  2.08134E+00
  4.47266E-01  2.07232E+00
  4.51172E-01  2.06321E+00
  4.55078E-01  2.05401E+00
  4.58984E-01  2.04470E+00
  4.62891E-01  2.03530E+00
  4.66797E-01  2.02580E+00
  4.70703E-01  2.01619E+00
  4.74609E-01  2.00649E+00
  4.78516E-01  1.99668E+00
  4.82422E-01  1.98676E+00
  4.86328E-01  1.97674E+00
  4.90234E-01  1.96660E+00
  4.94141E-01  1.95636E+00
  4.98047E-01  1.94600E+00
  5.01953E-01  1.93553E+00
  5.05859E-01  1.92495E+00
  5.09766E-01  1.91424E+00
  5.13672E-01  1.90342E+00
  5.17578E-01  1.89247E+00
  5.21484E-01  1.88139E+00
  5.25391E-01  1.87019E+00
  5.29297E-01  1.85886E+00
  5.33203E-01  1.84740E+00
  5.37109E-01  1.83580E+00
  5.41016E-01  1.82407E+00
  5.44922E-01  1.81219E+00
  5.48828E-01  1.80017E+00
  5.52734E-01  1.78800E+00
  5.56641E-01  1.77568E+00
  5.60547E-01  1.76320E+00
  5.64453E-01  1.75056E+00
  5.68359E-01  1.73776E+00
  5.72266E-01  1.72479E+00
  5.76172E-01  1.71165E+00
  5.80078E-01  1.69832E+00
  5.83984E-01  1.68482E+00
  5.87891E-01  1.67112E+00
  5.91797E-01  1.65722E+00
  5.95703E-01  1.64312E+00
  5.99609E-01  1.62880E+00
  6.03516E-01  1.61427E+00
  6.07422E-01  1.59952E+00
  6.11328E-01  1.58452E+00
  6.15234E-01  1.56929E+00
  6.19141E-01  1.55379E+00
  6.23047E-01  1.53803E+00
  6.26953E-01  1.52198E+00
  6.30859E-01  1.50565E+00
  6.34766E-01  1.48901E+00
  6.38672E-01  1.47205E+00
  6.42578E-01  1.45475E+00
  6.46484E-01  1.43710E+00
  6.50391E-01  1.41906E+00
  6.54297E-01  1.40063E+00
  6.58203E-01  1.38177E+00
  6.62109E-01  1.36246E+00
  6.66016E-01  1.34265E+00
  6.69922E-01  1.32232E+00
  6.73828E-01  1.30144E+00
  6.77734E-01  1.27993E+00
  6.81641E-01  1.25777E+00
  6.85547E-01  1.23488E+00
  6.89453E-01  1.21119E+00
  6.93359E-01  1.18661E+00
  6.97266E-01  1.16104E+00
  7.01172E-01  1.13436E+00
  7.05078E-01  1.10641E+00
  7.08984E-01  1.07699E+00
  7.12891E-01  1.04585E+00
  7.16797E-01  1.01262E+00
  7.20703E-01  9.76366E-01
  7.24609E-01  9.31084E-01
  7.28516E-01  8.31038E-01
  7.32422E-01  5.78771E-03
  7.36328E-01  5.71706E-03
  7.40234E-01  5.62742E-03
  7.44141E-01  5.54162E-03
  7.48047E-01  5.45592E-03
  7.51953E-01  5.37395E-03
  7.55859E-01  5.29181E-03
  7.59766E-01  5.21294E-03
  7.63672E-01  5.13392E-03
  7.67578E-01  5.05779E-03
  7.71484E-01  4.98184E-03
  7.75391E-01  4.90887E-03
  7.79297E-01  4.83613E-03
  7.83203E-01  4.76622E-03
  7.87109E-01  4.69620E-03
  7.91016E-01  4.62873E-03
  7.94922E-01  4.56136E-03
  7.98828E-01  4.49664E-03
  8.02734E-01  4.43192E-03
  8.06641E-01  4.36961E-03
  8.10547E-01  4.30720E-03
  8.14453E-01  4.24714E-03
  8.18359E-01  4.18714E-03
  8.22266E-01  4.12946E-03
  8.26172E-01  4.07172E-03
  8.30078E-01  4.01610E-03
  8.33984E-01  3.96043E-03
  8.37891E-01  3.90682E-03
  8.41797E-01  3.85310E-03
  8.45703E-01  3.80132E-03
  8.49609E-01  3.74963E-03
  8.53516E-01  3.69996E-03
  8.57422E-01  3.65023E-03
  8.61328E-01  3.60206E-03
  8.65234E-01  3.55390E-03
  8.69141E-01  3.50746E-03
  8.73047E-01  3.46107E-03
  8.76953E-01  3.41635E-03
  8.80859E-01  3.37178E-03
  8.84766E-01  3.32838E-03
  8.88672E-01  3.28543E-03
  8.92578E-01  3.24320E-03
  8.96484E-01  3.20182E-03
  9.00391E-01  3.16109E-03
  9.04297E-01  3.12132E-03
  9.08203E-01  3.08195E-03
  9.12109E-01  3.04378E-03
  9.16016E-01  3.00560E-03
  9.19922E-01  2.96856E-03
  9.23828E-01  2.93158E-03
  9.27734E-01  2.89588E-03
  9.31641E-01  2.86026E-03
  9.35547E-01  2.82606E-03
  9.39453E-01  2.79183E-03
  9.43359E-01  2.75871E-03
  9.47266E-01  2.72557E-03
  9.51172E-01  2.69374E-03
  9.55078E-01  2.66206E-03
  9.58984E-01  2.63177E-03
  9.62891E-01  2.60151E-03
  9.66797E-01  2.57253E-03
  9.70703E-01  2.54370E-03
  9.74609E-01  2.51663E-03
  9.78516E-01  2.48960E-03
  9.82422E-01  2.46386E-03
  9.86328E-01  2.43899E-03
  9.90234E-01  2.41519E-03
  9.94141E-01  2.39494E-03
  9.98047E-01  2.38548E-03
  1.00195E+00  2.38548E-03
