 -1.95312E-03  2.58922E+00
  1.95312E-03  2.58922E+00
  5.85938E-03  2.58913E+00
  9.76562E-03  2.58895E+00
  1.36719E-02  2.58868E+00
  1.75781E-02  2.58833E+00
  2.14844E-02  2.58788E+00
  2.53906E-02  2.58735E+00
  2.92969E-02  2.58673E+00
  3.32031E-02  2.58602E+00
  3.71094E-02  2.58523E+00
  4.10156E-02  2.58436E+00
  4.49219E-02  2.58339E+00
  4.88281E-02  2.58235E+00
  5.27344E-02  2.58122E+00
  5.66406E-02  2.58001E+00
  6.05469E-02  2.57872E+00
  6.44531E-02  2.57734E+00
  6.83594E-02  2.57588E+00
  7.22656E-02  2.57434E+00
  7.61719E-02  2.57272E+00
  8.00781E-02  2.57102E+00
  8.39844E-02  2.56924E+00
  8.78906E-02  2.56738E+00
  9.17969E-02  2.56545E+00
  9.57031E-02  2.56343E+00
  9.96094E-02  2.56133E+00
  1.03516E-01  2.55916E+00
  1.07422E-01  2.55690E+00
  1.11328E-01  2.55457E+00
  1.15234E-01  2.55216E+00
  1.19141E-01  2.54968E+00
  1.23047E-01  2.54712E+00
  1.26953E-01  2.54448E+00
  1.30859E-01  2.54177E+00
  1.34766E-01  2.53897E+00
  1.38672E-01  2.53611E+00
  1.42578E-01  2.53317E+00
  1.46484E-01  2.53015E+00
  1.50391E-01  2.52706E+00
  1.54297E-01  2.52389E+00
  1.58203E-01  2.52065E+00
  1.62109E-01  2.51733E+00
  1.66016E-01  2.51394E+00
  1.69922E-01  2.51048E+00
  1.73828E-01  2.50694E+00
  1.77734E-01  2.50333E+00
  1.81641E-01  2.49964E+00
  1.85547E-01  2.49588E+00
  1.89453E-01  2.49205E+00
  1.93359E-01  2.48814E+00
  1.97266E-01  2.48416E+00
  2.01172E-01  2.48011E+00
  2.05078E-01  2.47599E+00
  2.08984E-01  2.47179E+00
  2.12891E-01  2.46751E+00
  2.16797E-01  2.46317E+00
  2.20703E-01  2.45875E+00
  2.24609E-01  2.45426E+00
  2.28516E-01  2.44969E+00
  2.32422E-01  2.44505E+00
  2.36328E-01  2.44034E+00
  2.40234E-01  2.43556E+00
  2.44141E-01  2.43070E+00
  2.48047E-01  2.42577E+00
  2.51953E-01  2.42077E+00
  2.55859E-01  2.41569E+00
  2.59766E-01  2.41054E+00
  2.63672E-01  2.40532E+00
  2.67578E-01  2.40002E+00
  2.71484E-01  2.39465E+00
  2.75391E-01  2.38920E+00
  2.79297E-01  2.38368E+00
  2.83203E-01  2.37809E+00
  2.87109E-01  2.37242E+00
  2.91016E-01  2.36668E+00
  2.94922E-01  2.36087E+00
  2.98828E-01  2.35498E+00
  3.02734E-01  2.34901E+00
  3.06641E-01  2.34297E+00
  3.10547E-01  2.33685E+00
  3.14453E-01  2.33066E+00
  3.18359E-01  2.32439E+00
  3.22266E-01  2.31805E+00
  3.26172E-01  2.31163E+00
  3.30078E-01  2.30513E+00
  3.33984E-01  2.29856E+00
  3.37891E-01  2.29191E+00
  3.41797E-01  2.28518E+00
  3.45703E-01  2.27838E+00
  3.49609E-01  2.27150E+00
  3.53516E-01  2.26453E+00
  3.57422E-01  2.25749E+00
  3.61328E-01  2.25037E+00
  3.65234E-01  2.24318E+00
  3.69141E-01  2.23590E+00
  3.73047E-01  2.22854E+00
  3.76953E-01  2.22109E+00
  3.80859E-01  2.21357E+00
  3.84766E-01  2.20596E+00
  3.88672E-01  2.19827E+00
  3.92578E-01  2.19050E+00
  3.96484E-01  2.18264E+00
  4.00391E-01  2.17470E+00
  4.04297E-01  2.16668E+00
  4.08203E-01  2.15856E+00
  4.12109E-01  2.15037E+00
  4.16016E-01  2.14208E+00
  4.19922E-01  2.13370E+00
  4.23828E-01  2.12524E+00
  4.27734E-01  2.11669E+00
  4.31641E-01  2.10805E+00
  4.35547E-01  2.09931E+00
  4.39453E-01  2.09048E+00
  4.43359E-01  2.08156E+00
  4.47266E-01  2.07254E+00
  4.51172E-01  2.06343E+00
  4.55078E-01  2.05422E+00
  4.58984E-01  2.04492E+00
  4.62891E-01  2.03551E+00
  4.66797E-01  2.02600E+00
  4.70703E-01  2.01639E+00
  4.74609E-01  2.00668E+00
  4.78516E-01  1.99687E+00
  4.82422E-01  1.98694E+00
  4.86328E-01  1.97691E+00
  4.90234E-01  1.96677E+00
  4.94141E-01  1.95652E+00
  4.98047E-01  1.94616E+00
  5.01953E-01  1.93568E+00
  5.05859E-01  1.92508E+00
  5.09766E-01  1.91437E+00
  5.13672E-01  1.90354E+00
  5.17578E-01  1.89258E+00
  5.21484E-01  1.88150E+00
  5.25391E-01  1.87029E+00
  5.29297E-01  1.85895E+00
  5.33203E-01  1.84747E+00
  5.37109E-01  1.83586E+00
  5.41016E-01  1.82411E+00
  5.44922E-01  1.81222E+00
  5.48828E-01  1.80018E+00
  5.52734E-01  1.78800E+00
  5.56641E-01  1.77566E+00
  5.60547E-01  1.76316E+00
  5.64453E-01  1.75050E+00
  5.68359E-01  1.73768E+00
  5.72266E-01  1.72469E+00
  5.76172E-01  1.71152E+00
  5.80078E-01  1.69817E+00
  5.83984E-01  1.68464E+00
  5.87891E-01  1.67091E+00
  5.91797E-01  1.65698E+00
  5.95703E-01  1.64285E+00
  5.99609E-01  1.62851E+00
  6.03516E-01  1.61395E+00
  6.07422E-01  1.59916E+00
  6.11328E-01  1.58413E+00
  6.15234E-01  1.56886E+00
  6.19141E-01  1.55333E+00
  6.23047E-01  1.53753E+00
  6.26953E-01  1.52145E+00
  6.30859E-01  1.50507E+00
  6.34766E-01  1.48839E+00
  6.38672E-01  1.47138E+00
  6.42578E-01  1.45403E+00
  6.46484E-01  1.43632E+00
  6.50391E-01  1.41823E+00
  6.54297E-01  1.39974E+00
  6.58203E-01  1.38081E+00
  6.62109E-01  1.36143E+00
  6.66016E-01  1.34155E+00
  6.69922E-01  1.32114E+00
  6.73828E-01  1.30016E+00
  6.77734E-01  1.27857E+00
  6.81641E-01  1.25629E+00
  6.85547E-01  1.23327E+00
  6.89453E-01  1.20945E+00
  6.93359E-01  1.18472E+00
  6.97266E-01  1.15899E+00
  7.01172E-01  1.13212E+00
  7.05078E-01  1.10396E+00
  7.08984E-01  1.07430E+00
  7.12891E-01  1.04287E+00
  7.16797E-01  1.00927E+00
  7.20703E-01  9.72525E-01
  7.24609E-01  9.26278E-01
  7.28516E-01  8.23751E-01
  7.32422E-01  2.90479E-03
  7.36328E-01  2.87031E-03
  7.40234E-01  2.82522E-03
  7.44141E-01  2.78208E-03
  7.48047E-01  2.73880E-03
  7.51953E-01  2.69723E-03
  7.55859E-01  2.65557E-03
  7.59766E-01  2.61552E-03
  7.63672E-01  2.57549E-03
  7.67578E-01  2.53709E-03
  7.71484E-01  2.49874E-03
  7.75391E-01  2.46201E-03
  7.79297E-01  2.42528E-03
  7.83203E-01  2.38997E-03
  7.87109E-01  2.35469E-03
  7.91016E-01  2.32072E-03
  7.94922E-01  2.28671E-03
  7.98828E-01  2.25394E-03
  8.02734E-01  2.22115E-03
  8.06641E-01  2.18964E-03
  8.10547E-01  2.15812E-03
  8.14453E-01  2.12783E-03
  8.18359E-01  2.09753E-03
  8.22266E-01  2.06841E-03
  8.26172E-01  2.03927E-03
  8.30078E-01  2.01127E-03
  8.33984E-01  1.98323E-03
  8.37891E-01  1.95625E-03
  8.41797E-01  1.92925E-03
  8.45703E-01  1.90322E-03
  8.49609E-01  1.87717E-03
  8.53516E-01  1.85206E-03
  8.57422E-01  1.82693E-03
  8.61328E-01  1.80270E-03
  8.65234E-01  1.77847E-03
  8.69141E-01  1.75514E-03
  8.73047E-01  1.73181E-03
  8.76953E-01  1.70937E-03
  8.80859E-01  1.68692E-03
  8.84766E-01  1.66530E-03
  8.88672E-01  1.64364E-03
  8.92578E-01  1.62274E-03
  8.96484E-01  1.60182E-03
  9.00391E-01  1.58164E-03
  9.04297E-01  1.56145E-03
  9.08203E-01  1.54197E-03
  9.12109E-01  1.52251E-03
  9.16016E-01  1.50382E-03
  9.19922E-01  1.48513E-03
  9.23828E-01  1.46713E-03
  9.27734E-01  1.44911E-03
  9.31641E-01  1.43178E-03
  9.35547E-01  1.41441E-03
  9.39453E-01  1.39762E-03
  9.43359E-01  1.38103E-03
  9.47266E-01  1.36475E-03
  9.51172E-01  1.34902E-03
  9.55078E-01  1.33331E-03
  9.58984E-01  1.31822E-03
  9.62891E-01  1.30308E-03
  9.66797E-01  1.28855E-03
  9.70703E-01  1.27399E-03
  9.74609E-01  1.26015E-03
  9.78516E-01  1.24629E-03
  9.82422E-01  1.23322E-03
  9.86328E-01  1.22010E-03
  9.90234E-01  1.20820E-03
  9.94141E-01  1.19814E-03
  9.98047E-01  1.19340E-03
  1.00195E+00  1.19340E-03
