 -1.95312E-03  2.58907E+00
  1.95312E-03  2.58907E+00
  5.85938E-03  2.58898E+00
  9.76562E-03  2.58880E+00
  1.36719E-02  2.58853E+00
  1.75781E-02  2.58817E+00
  2.14844E-02  2.58773E+00
  2.53906E-02  2.58719E+00
  2.92969E-02  2.58657E+00
  3.32031E-02  2.58587E+00
  3.71094E-02  2.58508E+00
  4.10156E-02  2.58420E+00
  4.49219E-02  2.58324E+00
  4.88281E-02  2.58220E+00
  5.27344E-02  2.58107E+00
  5.66406E-02  2.57986E+00
  6.05469E-02  2.57856E+00
  6.44531E-02  2.57718E+00
  6.83594E-02  2.57573E+00
  7.22656E-02  2.57419E+00
  7.61719E-02  2.57257E+00
  8.00781E-02  2.57087E+00
  8.39844E-02  2.56909E+00
  8.78906E-02  2.56723E+00
  9.17969E-02  2.56529E+00
  9.57031E-02  2.56327E+00
  9.96094E-02  2.56117E+00
  1.03516E-01  2.55900E+00
  1.07422E-01  2.55674E+00
  1.11328E-01  2.55441E+00
  1.15234E-01  2.55200E+00
  1.19141E-01  2.54952E+00
  1.23047E-01  2.54696E+00
  1.26953E-01  2.54432E+00
  1.30859E-01  2.54160E+00
  1.34766E-01  2.53881E+00
  1.38672E-01  2.53595E+00
  1.42578E-01  2.53301E+00
  1.46484E-01  2.52999E+00
  1.50391E-01  2.52690E+00
  1.54297E-01  2.52373E+00
  1.58203E-01  2.52049E+00
  1.62109E-01  2.51718E+00
  1.66016E-01  2.51379E+00
  1.69922E-01  2.51032E+00
  1.73828E-01  2.50678E+00
  1.77734E-01  2.50317E+00
  1.81641E-01  2.49948E+00
  1.85547E-01  2.49572E+00
  1.89453E-01  2.49189E+00
  1.93359E-01  2.48799E+00
  1.97266E-01  2.48401E+00
  2.01172E-01  2.47996E+00
  2.05078E-01  2.47583E+00
  2.08984E-01  2.47163E+00
  2.12891E-01  2.46736E+00
  2.16797E-01  2.46301E+00
  2.20703E-01  2.45860E+00
  2.24609E-01  2.45410E+00
  2.28516E-01  2.44954E+00
  2.32422E-01  2.44490E+00
  2.36328E-01  2.44019E+00
  2.40234E-01  2.43540E+00
  2.44141E-01  2.43055E+00
  2.48047E-01  2.42562E+00
  2.51953E-01  2.42061E+00
  2.55859E-01  2.41553E+00
  2.59766E-01  2.41038E+00
  2.63672E-01  2.40516E+00
  2.67578E-01  2.39986E+00
  2.71484E-01  2.39449E+00
  2.75391E-01  2.38905E+00
  2.79297E-01  2.38353E+00
  2.83203E-01  2.37793E+00
  2.87109E-01  2.37227E+00
  2.91016E-01  2.36653E+00
  2.94922E-01  2.36071E+00
  2.98828E-01  2.35482E+00
  3.02734E-01  2.34886E+00
  3.06641E-01  2.34282E+00
  3.10547E-01  2.33670E+00
  3.14453E-01  2.33051E+00
  3.18359E-01  2.32424E+00
  3.22266E-01  2.31790E+00
  3.26172E-01  2.31148E+00
  3.30078E-01  2.30498E+00
  3.33984E-01  2.29841E+00
  3.37891E-01  2.29176E+00
  3.41797E-01  2.28503E+00
  3.45703E-01  2.27823E+00
  3.49609E-01  2.27135E+00
  3.53516E-01  2.26439E+00
  3.57422E-01  2.25735E+00
  3.61328E-01  2.25023E+00
  3.65234E-01  2.24303E+00
  3.69141E-01  2.23575E+00
  3.73047E-01  2.22839E+00
  3.76953E-01  2.22095E+00
  3.80859E-01  2.21342E+00
  3.84766E-01  2.20582E+00
  3.88672E-01  2.19813E+00
  3.92578E-01  2.19036E+00
  3.96484E-01  2.18250E+00
  4.00391E-01  2.17456E+00
  4.04297E-01  2.16654E+00
  4.08203E-01  2.15843E+00
  4.12109E-01  2.15023E+00
  4.16016E-01  2.14194E+00
  4.19922E-01  2.13357E+00
  4.23828E-01  2.12511E+00
  4.27734E-01  2.11656E+00
  4.31641E-01  2.10791E+00
  4.35547E-01  2.09918E+00
  4.39453E-01  2.09035E+00
  4.43359E-01  2.08143E+00
  4.47266E-01  2.07242E+00
  4.51172E-01  2.06331E+00
  4.55078E-01  2.05410E+00
  4.58984E-01  2.04480E+00
  4.62891E-01  2.03540E+00
  4.66797E-01  2.02589E+00
  4.70703E-01  2.01629E+00
  4.74609E-01  2.00658E+00
  4.78516E-01  1.99677E+00
  4.82422E-01  1.98685E+00
  4.86328E-01  1.97682E+00
  4.90234E-01  1.96669E+00
  4.94141E-01  1.95644E+00
  4.98047E-01  1.94608E+00
  5.01953E-01  1.93561E+00
  5.05859E-01  1.92502E+00
  5.09766E-01  1.91431E+00
  5.13672E-01  1.90348E+00
  5.17578E-01  1.89253E+00
  5.21484E-01  1.88145E+00
  5.25391E-01  1.87025E+00
  5.29297E-01  1.85891E+00
  5.33203E-01  1.84745E+00
  5.37109E-01  1.83584E+00
  5.41016E-01  1.82410E+00
  5.44922E-01  1.81222E+00
  5.48828E-01  1.80019E+00
  5.52734E-01  1.78802E+00
  5.56641E-01  1.77569E+00
  5.60547E-01  1.76320E+00
  5.64453E-01  1.75056E+00
  5.68359E-01  1.73775E+00
  5.72266E-01  1.72477E+00
  5.76172E-01  1.71161E+00
  5.80078E-01  1.69828E+00
  5.83984E-01  1.68476E+00
  5.87891E-01  1.67104E+00
  5.91797E-01  1.65713E+00
  5.95703E-01  1.64302E+00
  5.99609E-01  1.62869E+00
  6.03516E-01  1.61414E+00
  6.07422E-01  1.59937E+00
  6.11328E-01  1.58436E+00
  6.15234E-01  1.56910E+00
  6.19141E-01  1.55359E+00
  6.23047E-01  1.53780E+00
  6.26953E-01  1.52174E+00
  6.30859E-01  1.50538E+00
  6.34766E-01  1.48872E+00
  6.38672E-01  1.47173E+00
  6.42578E-01  1.45441E+00
  6.46484E-01  1.43672E+00
  6.50391E-01  1.41866E+00
  6.54297E-01  1.40019E+00
  6.58203E-01  1.38130E+00
  6.62109E-01  1.36194E+00
  6.66016E-01  1.34210E+00
  6.69922E-01  1.32173E+00
  6.73828E-01  1.30079E+00
  6.77734E-01  1.27924E+00
  6.81641E-01  1.25702E+00
  6.85547E-01  1.23406E+00
  6.89453E-01  1.21031E+00
  6.93359E-01  1.18565E+00
  6.97266E-01  1.16001E+00
  7.01172E-01  1.13323E+00
  7.05078E-01  1.10518E+00
  7.08984E-01  1.07565E+00
  7.12891E-01  1.04438E+00
  7.16797E-01  1.01099E+00
  7.20703E-01  9.74502E-01
  7.24609E-01  9.28773E-01
  7.28516E-01  8.27587E-01
  7.32422E-01  4.63226E-03
  7.36328E-01  4.57631E-03
  7.40234E-01  4.50457E-03
  7.44141E-01  4.43595E-03
  7.48047E-01  4.36716E-03
  7.51953E-01  4.30117E-03
  7.55859E-01  4.23509E-03
  7.59766E-01  4.17165E-03
  7.63672E-01  4.10820E-03
  7.67578E-01  4.04739E-03
  7.71484E-01  3.98656E-03
  7.75391E-01  3.92820E-03
  7.79297E-01  3.86975E-03
  7.83203E-01  3.81350E-03
  7.87109E-01  3.75726E-03
  7.91016E-01  3.70328E-03
  7.94922E-01  3.64928E-03
  7.98828E-01  3.59737E-03
  8.02734E-01  3.54540E-03
  8.06641E-01  3.49537E-03
  8.10547E-01  3.44529E-03
  8.14453E-01  3.39714E-03
  8.18359E-01  3.34900E-03
  8.22266E-01  3.30278E-03
  8.26172E-01  3.25656E-03
  8.30078E-01  3.21193E-03
  8.33984E-01  3.16726E-03
  8.37891E-01  3.12414E-03
  8.41797E-01  3.08105E-03
  8.45703E-01  3.03963E-03
  8.49609E-01  2.99825E-03
  8.53516E-01  2.95838E-03
  8.57422E-01  2.91845E-03
  8.61328E-01  2.87991E-03
  8.65234E-01  2.84131E-03
  8.69141E-01  2.80401E-03
  8.73047E-01  2.76678E-03
  8.76953E-01  2.73085E-03
  8.80859E-01  2.69498E-03
  8.84766E-01  2.66041E-03
  8.88672E-01  2.62585E-03
  8.92578E-01  2.59252E-03
  8.96484E-01  2.55912E-03
  9.00391E-01  2.52685E-03
  9.04297E-01  2.49469E-03
  9.08203E-01  2.46321E-03
  9.12109E-01  2.43230E-03
  9.16016E-01  2.40198E-03
  9.19922E-01  2.37241E-03
  9.23828E-01  2.34307E-03
  9.27734E-01  2.31465E-03
  9.31641E-01  2.28620E-03
  9.35547E-01  2.25875E-03
  9.39453E-01  2.23129E-03
  9.43359E-01  2.20493E-03
  9.47266E-01  2.17864E-03
  9.51172E-01  2.15348E-03
  9.55078E-01  2.12827E-03
  9.58984E-01  2.10409E-03
  9.62891E-01  2.07990E-03
  9.66797E-01  2.05692E-03
  9.70703E-01  2.03404E-03
  9.74609E-01  2.01222E-03
  9.78516E-01  1.99034E-03
  9.82422E-01  1.96978E-03
  9.86328E-01  1.94949E-03
  9.90234E-01  1.93027E-03
  9.94141E-01  1.91413E-03
  9.98047E-01  1.90658E-03
  1.00195E+00  1.90658E-03
