 -1.95312E-03  2.58911E+00
  1.95312E-03  2.58911E+00
  5.85938E-03  2.58902E+00
  9.76562E-03  2.58884E+00
  1.36719E-02  2.58857E+00
  1.75781E-02  2.58822E+00
  2.14844E-02  2.58777E+00
  2.53906E-02  2.58724E+00
  2.92969E-02  2.58662E+00
  3.32031E-02  2.58591E+00
  3.71094E-02  2.58512E+00
  4.10156E-02  2.58425E+00
  4.49219E-02  2.58328E+00
  4.88281E-02  2.58224E+00
  5.27344E-02  2.58111E+00
  5.66406E-02  2.57990E+00
  6.05469E-02  2.57860E+00
  6.44531E-02  2.57723E+00
  6.83594E-02  2.57577E+00
  7.22656E-02  2.57423E+00
  7.61719E-02  2.57261E+00
  8.00781E-02  2.57091E+00
  8.39844E-02  2.56913E+00
  8.78906E-02  2.56727E+00
  9.17969E-02  2.56533E+00
  9.57031E-02  2.56332E+00
  9.96094E-02  2.56122E+00
  1.03516E-01  2.55904E+00
  1.07422E-01  2.55679E+00
  1.11328E-01  2.55446E+00
  1.15234E-01  2.55205E+00
  1.19141E-01  2.54957E+00
  1.23047E-01  2.54700E+00
  1.26953E-01  2.54437E+00
  1.30859E-01  2.54165E+00
  1.34766E-01  2.53886E+00
  1.38672E-01  2.53600E+00
  1.42578E-01  2.53305E+00
  1.46484E-01  2.53004E+00
  1.50391E-01  2.52694E+00
  1.54297E-01  2.52378E+00
  1.58203E-01  2.52054E+00
  1.62109E-01  2.51722E+00
  1.66016E-01  2.51383E+00
  1.69922E-01  2.51037E+00
  1.73828E-01  2.50683E+00
  1.77734E-01  2.50322E+00
  1.81641E-01  2.49953E+00
  1.85547E-01  2.49577E+00
  1.89453E-01  2.49194E+00
  1.93359E-01  2.48803E+00
  1.97266E-01  2.48405E+00
  2.01172E-01  2.48000E+00
  2.05078E-01  2.47588E+00
  2.08984E-01  2.47168E+00
  2.12891E-01  2.46740E+00
  2.16797E-01  2.46306E+00
  2.20703E-01  2.45864E+00
  2.24609E-01  2.45415E+00
  2.28516E-01  2.44958E+00
  2.32422E-01  2.44495E+00
  2.36328E-01  2.44023E+00
  2.40234E-01  2.43545E+00
  2.44141E-01  2.43059E+00
  2.48047E-01  2.42566E+00
  2.51953E-01  2.42066E+00
  2.55859E-01  2.41558E+00
  2.59766E-01  2.41043E+00
  2.63672E-01  2.40521E+00
  2.67578E-01  2.39991E+00
  2.71484E-01  2.39454E+00
  2.75391E-01  2.38909E+00
  2.79297E-01  2.38357E+00
  2.83203E-01  2.37798E+00
  2.87109E-01  2.37231E+00
  2.91016E-01  2.36657E+00
  2.94922E-01  2.36076E+00
  2.98828E-01  2.35486E+00
  3.02734E-01  2.34890E+00
  3.06641E-01  2.34286E+00
  3.10547E-01  2.33674E+00
  3.14453E-01  2.33055E+00
  3.18359E-01  2.32428E+00
  3.22266E-01  2.31794E+00
  3.26172E-01  2.31152E+00
  3.30078E-01  2.30503E+00
  3.33984E-01  2.29845E+00
  3.37891E-01  2.29180E+00
  3.41797E-01  2.28508E+00
  3.45703E-01  2.27827E+00
  3.49609E-01  2.27139E+00
  3.53516E-01  2.26443E+00
  3.57422E-01  2.25739E+00
  3.61328E-01  2.25027E+00
  3.65234E-01  2.24307E+00
  3.69141E-01  2.23579E+00
  3.73047E-01  2.22843E+00
  3.76953E-01  2.22099E+00
  3.80859E-01  2.21347E+00
  3.84766E-01  2.20586E+00
  3.88672E-01  2.19817E+00
  3.92578E-01  2.19040E+00
  3.96484E-01  2.18254E+00
  4.00391E-01  2.17460E+00
  4.04297E-01  2.16658E+00
  4.08203E-01  2.15847E+00
  4.12109E-01  2.15027E+00
  4.16016E-01  2.14198E+00
  4.19922E-01  2.13361E+00
  4.23828E-01  2.12514E+00
  4.27734E-01  2.11659E+00
  4.31641E-01  2.10795E+00
  4.35547E-01  2.09922E+00
  4.39453E-01  2.09039E+00
  4.43359E-01  2.08147E+00
  4.47266E-01  2.07246E+00
  4.51172E-01  2.06335E+00
  4.55078E-01  2.05414E+00
  4.58984E-01  2.04484E+00
  4.62891E-01  2.03543E+00
  4.66797E-01  2.02593E+00
  4.70703E-01  2.01632E+00
  4.74609E-01  2.00661E+00
  4.78516E-01  1.99680E+00
  4.82422E-01  1.98688E+00
  4.86328E-01  1.97685E+00
  4.90234E-01  1.96672E+00
  4.94141E-01  1.95647E+00
  4.98047E-01  1.94611E+00
  5.01953E-01  1.93563E+00
  5.05859E-01  1.92504E+00
  5.09766E-01  1.91433E+00
  5.13672E-01  1.90350E+00
  5.17578E-01  1.89255E+00
  5.21484E-01  1.88147E+00
  5.25391E-01  1.87026E+00
  5.29297E-01  1.85893E+00
  5.33203E-01  1.84746E+00
  5.37109E-01  1.83585E+00
  5.41016E-01  1.82411E+00
  5.44922E-01  1.81222E+00
  5.48828E-01  1.80019E+00
  5.52734E-01  1.78801E+00
  5.56641E-01  1.77568E+00
  5.60547E-01  1.76319E+00
  5.64453E-01  1.75054E+00
  5.68359E-01  1.73773E+00
  5.72266E-01  1.72474E+00
  5.76172E-01  1.71158E+00
  5.80078E-01  1.69824E+00
  5.83984E-01  1.68471E+00
  5.87891E-01  1.67100E+00
  5.91797E-01  1.65708E+00
  5.95703E-01  1.64296E+00
  5.99609E-01  1.62862E+00
  6.03516E-01  1.61407E+00
  6.07422E-01  1.59929E+00
  6.11328E-01  1.58427E+00
  6.15234E-01  1.56901E+00
  6.19141E-01  1.55348E+00
  6.23047E-01  1.53769E+00
  6.26953E-01  1.52162E+00
  6.30859E-01  1.50526E+00
  6.34766E-01  1.48859E+00
  6.38672E-01  1.47160E+00
  6.42578E-01  1.45427E+00
  6.46484E-01  1.43657E+00
  6.50391E-01  1.41849E+00
  6.54297E-01  1.40002E+00
  6.58203E-01  1.38110E+00
  6.62109E-01  1.36174E+00
  6.66016E-01  1.34188E+00
  6.69922E-01  1.32149E+00
  6.73828E-01  1.30053E+00
  6.77734E-01  1.27896E+00
  6.81641E-01  1.25671E+00
  6.85547E-01  1.23373E+00
  6.89453E-01  1.20994E+00
  6.93359E-01  1.18525E+00
  6.97266E-01  1.15956E+00
  7.01172E-01  1.13275E+00
  7.05078E-01  1.10464E+00
  7.08984E-01  1.07504E+00
  7.12891E-01  1.04368E+00
  7.16797E-01  1.01019E+00
  7.20703E-01  9.73579E-01
  7.24609E-01  9.27617E-01
  7.28516E-01  8.25826E-01
  7.32422E-01  3.93902E-03
  7.36328E-01  3.89167E-03
  7.40234E-01  3.83055E-03
  7.44141E-01  3.77202E-03
  7.48047E-01  3.71340E-03
  7.51953E-01  3.65715E-03
  7.55859E-01  3.60086E-03
  7.59766E-01  3.54688E-03
  7.63672E-01  3.49288E-03
  7.67578E-01  3.44114E-03
  7.71484E-01  3.38936E-03
  7.75391E-01  3.33959E-03
  7.79297E-01  3.28976E-03
  7.83203E-01  3.24182E-03
  7.87109E-01  3.19391E-03
  7.91016E-01  3.14795E-03
  7.94922E-01  3.10202E-03
  7.98828E-01  3.05791E-03
  8.02734E-01  3.01376E-03
  8.06641E-01  2.97114E-03
  8.10547E-01  2.92851E-03
  8.14453E-01  2.88740E-03
  8.18359E-01  2.84636E-03
  8.22266E-01  2.80692E-03
  8.26172E-01  2.76752E-03
  8.30078E-01  2.72963E-03
  8.33984E-01  2.69171E-03
  8.37891E-01  2.65510E-03
  8.41797E-01  2.61848E-03
  8.45703E-01  2.58313E-03
  8.49609E-01  2.54775E-03
  8.53516E-01  2.51365E-03
  8.57422E-01  2.47962E-03
  8.61328E-01  2.44684E-03
  8.65234E-01  2.41403E-03
  8.69141E-01  2.38247E-03
  8.73047E-01  2.35090E-03
  8.76953E-01  2.32045E-03
  8.80859E-01  2.28995E-03
  8.84766E-01  2.26050E-03
  8.88672E-01  2.23102E-03
  8.92578E-01  2.20258E-03
  8.96484E-01  2.17410E-03
  9.00391E-01  2.14663E-03
  9.04297E-01  2.11918E-03
  9.08203E-01  2.09285E-03
  9.12109E-01  2.06653E-03
  9.16016E-01  2.04097E-03
  9.19922E-01  2.01565E-03
  9.23828E-01  1.99083E-03
  9.27734E-01  1.96649E-03
  9.31641E-01  1.94242E-03
  9.35547E-01  1.91918E-03
  9.39453E-01  1.89602E-03
  9.43359E-01  1.87378E-03
  9.47266E-01  1.85151E-03
  9.51172E-01  1.83009E-03
  9.55078E-01  1.80865E-03
  9.58984E-01  1.78817E-03
  9.62891E-01  1.76769E-03
  9.66797E-01  1.74824E-03
  9.70703E-01  1.72869E-03
  9.74609E-01  1.71001E-03
  9.78516E-01  1.69131E-03
  9.82422E-01  1.67379E-03
  9.86328E-01  1.65630E-03
  9.90234E-01  1.63996E-03
  9.94141E-01  1.62628E-03
  9.98047E-01  1.61986E-03
  1.00195E+00  1.61986E-03
