 -1.95312E-03  2.58902E+00
  1.95312E-03  2.58902E+00
  5.85938E-03  2.58893E+00
  9.76562E-03  2.58875E+00
  1.36719E-02  2.58848E+00
  1.75781E-02  2.58813E+00
  2.14844E-02  2.58768E+00
  2.53906E-02  2.58715E+00
  2.92969E-02  2.58653E+00
  3.32031E-02  2.58582E+00
  3.71094E-02  2.58503E+00
  4.10156E-02  2.58416E+00
  4.49219E-02  2.58319E+00
  4.88281E-02  2.58215E+00
  5.27344E-02  2.58102E+00
  5.66406E-02  2.57981E+00
  6.05469E-02  2.57851E+00
  6.44531E-02  2.57714E+00
  6.83594E-02  2.57568E+00
  7.22656E-02  2.57414E+00
  7.61719E-02  2.57252E+00
  8.00781E-02  2.57082E+00
  8.39844E-02  2.56904E+00
  8.78906E-02  2.56718E+00
  9.17969E-02  2.56524E+00
  9.57031E-02  2.56322E+00
  9.96094E-02  2.56113E+00
  1.03516E-01  2.55895E+00
  1.07422E-01  2.55670E+00
  1.11328E-01  2.55437E+00
  1.15234E-01  2.55196E+00
  1.19141E-01  2.54947E+00
  1.23047E-01  2.54691E+00
  1.26953E-01  2.54427E+00
  1.30859E-01  2.54156E+00
  1.34766E-01  2.53877E+00
  1.38672E-01  2.53591E+00
  1.42578E-01  2.53296E+00
  1.46484E-01  2.52995E+00
  1.50391E-01  2.52686E+00
  1.54297E-01  2.52369E+00
  1.58203E-01  2.52045E+00
  1.62109E-01  2.51713E+00
  1.66016E-01  2.51374E+00
  1.69922E-01  2.51028E+00
  1.73828E-01  2.50674E+00
  1.77734E-01  2.50313E+00
  1.81641E-01  2.49944E+00
  1.85547E-01  2.49568E+00
  1.89453E-01  2.49185E+00
  1.93359E-01  2.48795E+00
  1.97266E-01  2.48397E+00
  2.01172E-01  2.47992E+00
  2.05078E-01  2.47579E+00
  2.08984E-01  2.47159E+00
  2.12891E-01  2.46732E+00
  2.16797E-01  2.46297E+00
  2.20703E-01  2.45855E+00
  2.24609E-01  2.45406E+00
  2.28516E-01  2.44950E+00
  2.32422E-01  2.44486E+00
  2.36328E-01  2.44015E+00
  2.40234E-01  2.43536E+00
  2.44141E-01  2.43050E+00
  2.48047E-01  2.42557E+00
  2.51953E-01  2.42057E+00
  2.55859E-01  2.41549E+00
  2.59766E-01  2.41034E+00
  2.63672E-01  2.40512E+00
  2.67578E-01  2.39982E+00
  2.71484E-01  2.39445E+00
  2.75391E-01  2.38900E+00
  2.79297E-01  2.38348E+00
  2.83203E-01  2.37789E+00
  2.87109E-01  2.37222E+00
  2.91016E-01  2.36648E+00
  2.94922E-01  2.36067E+00
  2.98828E-01  2.35478E+00
  3.02734E-01  2.34881E+00
  3.06641E-01  2.34277E+00
  3.10547E-01  2.33666E+00
  3.14453E-01  2.33046E+00
  3.18359E-01  2.32420E+00
  3.22266E-01  2.31785E+00
  3.26172E-01  2.31144E+00
  3.30078E-01  2.30494E+00
  3.33984E-01  2.29837E+00
  3.37891E-01  2.29172E+00
  3.41797E-01  2.28499E+00
  3.45703E-01  2.27819E+00
  3.49609E-01  2.27130E+00
  3.53516E-01  2.26434E+00
  3.57422E-01  2.25730E+00
  3.61328E-01  2.25018E+00
  3.65234E-01  2.24298E+00
  3.69141E-01  2.23571E+00
  3.73047E-01  2.22834E+00
  3.76953E-01  2.22090E+00
  3.80859E-01  2.21338E+00
  3.84766E-01  2.20578E+00
  3.88672E-01  2.19809E+00
  3.92578E-01  2.19032E+00
  3.96484E-01  2.18246E+00
  4.00391E-01  2.17452E+00
  4.04297E-01  2.16650E+00
  4.08203E-01  2.15839E+00
  4.12109E-01  2.15019E+00
  4.16016E-01  2.14190E+00
  4.19922E-01  2.13353E+00
  4.23828E-01  2.12507E+00
  4.27734E-01  2.11652E+00
  4.31641E-01  2.10788E+00
  4.35547E-01  2.09914E+00
  4.39453E-01  2.09031E+00
  4.43359E-01  2.08139E+00
  4.47266E-01  2.07238E+00
  4.51172E-01  2.06327E+00
  4.55078E-01  2.05406E+00
  4.58984E-01  2.04476E+00
  4.62891E-01  2.03536E+00
  4.66797E-01  2.02585E+00
  4.70703E-01  2.01625E+00
  4.74609E-01  2.00654E+00
  4.78516E-01  1.99673E+00
  4.82422E-01  1.98681E+00
  4.86328E-01  1.97679E+00
  4.90234E-01  1.96665E+00
  4.94141E-01  1.95641E+00
  4.98047E-01  1.94605E+00
  5.01953E-01  1.93558E+00
  5.05859E-01  1.92499E+00
  5.09766E-01  1.91428E+00
  5.13672E-01  1.90345E+00
  5.17578E-01  1.89251E+00
  5.21484E-01  1.88143E+00
  5.25391E-01  1.87023E+00
  5.29297E-01  1.85890E+00
  5.33203E-01  1.84743E+00
  5.37109E-01  1.83583E+00
  5.41016E-01  1.82409E+00
  5.44922E-01  1.81221E+00
  5.48828E-01  1.80019E+00
  5.52734E-01  1.78801E+00
  5.56641E-01  1.77569E+00
  5.60547E-01  1.76321E+00
  5.64453E-01  1.75057E+00
  5.68359E-01  1.73776E+00
  5.72266E-01  1.72478E+00
  5.76172E-01  1.71163E+00
  5.80078E-01  1.69830E+00
  5.83984E-01  1.68479E+00
  5.87891E-01  1.67108E+00
  5.91797E-01  1.65718E+00
  5.95703E-01  1.64307E+00
  5.99609E-01  1.62875E+00
  6.03516E-01  1.61421E+00
  6.07422E-01  1.59945E+00
  6.11328E-01  1.58444E+00
  6.15234E-01  1.56919E+00
  6.19141E-01  1.55369E+00
  6.23047E-01  1.53791E+00
  6.26953E-01  1.52186E+00
  6.30859E-01  1.50551E+00
  6.34766E-01  1.48886E+00
  6.38672E-01  1.47189E+00
  6.42578E-01  1.45458E+00
  6.46484E-01  1.43691E+00
  6.50391E-01  1.41886E+00
  6.54297E-01  1.40041E+00
  6.58203E-01  1.38153E+00
  6.62109E-01  1.36220E+00
  6.66016E-01  1.34237E+00
  6.69922E-01  1.32203E+00
  6.73828E-01  1.30112E+00
  6.77734E-01  1.27959E+00
  6.81641E-01  1.25740E+00
  6.85547E-01  1.23448E+00
  6.89453E-01  1.21075E+00
  6.93359E-01  1.18613E+00
  6.97266E-01  1.16053E+00
  7.01172E-01  1.13380E+00
  7.05078E-01  1.10581E+00
  7.08984E-01  1.07634E+00
  7.12891E-01  1.04515E+00
  7.16797E-01  1.01185E+00
  7.20703E-01  9.75493E-01
  7.24609E-01  9.30013E-01
  7.28516E-01  8.29434E-01
  7.32422E-01  5.12611E-03
  7.36328E-01  5.06421E-03
  7.40234E-01  4.98491E-03
  7.44141E-01  4.90865E-03
  7.48047E-01  4.83237E-03
  7.51953E-01  4.75929E-03
  7.55859E-01  4.68626E-03
  7.59766E-01  4.61640E-03
  7.63672E-01  4.54647E-03
  7.67578E-01  4.47921E-03
  7.71484E-01  4.41185E-03
  7.75391E-01  4.34718E-03
  7.79297E-01  4.28252E-03
  7.83203E-01  4.22048E-03
  7.87109E-01  4.15839E-03
  7.91016E-01  4.09867E-03
  7.94922E-01  4.03886E-03
  7.98828E-01  3.98139E-03
  8.02734E-01  3.92398E-03
  8.06641E-01  3.86882E-03
  8.10547E-01  3.81359E-03
  8.14453E-01  3.76040E-03
  8.18359E-01  3.70718E-03
  8.22266E-01  3.65590E-03
  8.26172E-01  3.60460E-03
  8.30078E-01  3.55522E-03
  8.33984E-01  3.50587E-03
  8.37891E-01  3.45845E-03
  8.41797E-01  3.41100E-03
  8.45703E-01  3.36514E-03
  8.49609E-01  3.31920E-03
  8.53516E-01  3.27495E-03
  8.57422E-01  3.23073E-03
  8.61328E-01  3.18816E-03
  8.65234E-01  3.14563E-03
  8.69141E-01  3.10456E-03
  8.73047E-01  3.06348E-03
  8.76953E-01  3.02367E-03
  8.80859E-01  2.98393E-03
  8.84766E-01  2.94556E-03
  8.88672E-01  2.90723E-03
  8.92578E-01  2.87023E-03
  8.96484E-01  2.83351E-03
  9.00391E-01  2.79763E-03
  9.04297E-01  2.76232E-03
  9.08203E-01  2.72751E-03
  9.12109E-01  2.69339E-03
  9.16016E-01  2.65956E-03
  9.19922E-01  2.62679E-03
  9.23828E-01  2.59413E-03
  9.27734E-01  2.56274E-03
  9.31641E-01  2.53133E-03
  9.35547E-01  2.50097E-03
  9.39453E-01  2.47056E-03
  9.43359E-01  2.44125E-03
  9.47266E-01  2.41199E-03
  9.51172E-01  2.38402E-03
  9.55078E-01  2.35611E-03
  9.58984E-01  2.32935E-03
  9.62891E-01  2.30255E-03
  9.66797E-01  2.27698E-03
  9.70703E-01  2.25160E-03
  9.74609E-01  2.22760E-03
  9.78516E-01  2.20350E-03
  9.82422E-01  2.18074E-03
  9.86328E-01  2.15851E-03
  9.90234E-01  2.13728E-03
  9.94141E-01  2.11935E-03
  9.98047E-01  2.11102E-03
  1.00195E+00  2.11102E-03
