 -1.95312E-03  2.58893E+00
  1.95312E-03  2.58893E+00
  5.85938E-03  2.58884E+00
  9.76562E-03  2.58866E+00
  1.36719E-02  2.58839E+00
  1.75781E-02  2.58803E+00
  2.14844E-02  2.58759E+00
  2.53906E-02  2.58706E+00
  2.92969E-02  2.58644E+00
  3.32031E-02  2.58573E+00
  3.71094E-02  2.58494E+00
  4.10156E-02  2.58406E+00
  4.49219E-02  2.58310E+00
  4.88281E-02  2.58206E+00
  5.27344E-02  2.58093E+00
  5.66406E-02  2.57972E+00
  6.05469E-02  2.57842E+00
  6.44531E-02  2.57705E+00
  6.83594E-02  2.57559E+00
  7.22656E-02  2.57405E+00
  7.61719E-02  2.57243E+00
  8.00781E-02  2.57073E+00
  8.39844E-02  2.56895E+00
  8.78906E-02  2.56709E+00
  9.17969E-02  2.56515E+00
  9.57031E-02  2.56313E+00
  9.96094E-02  2.56104E+00
  1.03516E-01  2.55886E+00
  1.07422E-01  2.55661E+00
  1.11328E-01  2.55428E+00
  1.15234E-01  2.55187E+00
  1.19141E-01  2.54938E+00
  1.23047E-01  2.54682E+00
  1.26953E-01  2.54418E+00
  1.30859E-01  2.54147E+00
  1.34766E-01  2.53868E+00
  1.38672E-01  2.53581E+00
  1.42578E-01  2.53287E+00
  1.46484E-01  2.52986E+00
  1.50391E-01  2.52676E+00
  1.54297E-01  2.52360E+00
  1.58203E-01  2.52036E+00
  1.62109E-01  2.51704E+00
  1.66016E-01  2.51365E+00
  1.69922E-01  2.51019E+00
  1.73828E-01  2.50665E+00
  1.77734E-01  2.50304E+00
  1.81641E-01  2.49935E+00
  1.85547E-01  2.49559E+00
  1.89453E-01  2.49176E+00
  1.93359E-01  2.48786E+00
  1.97266E-01  2.48388E+00
  2.01172E-01  2.47982E+00
  2.05078E-01  2.47570E+00
  2.08984E-01  2.47150E+00
  2.12891E-01  2.46723E+00
  2.16797E-01  2.46288E+00
  2.20703E-01  2.45846E+00
  2.24609E-01  2.45397E+00
  2.28516E-01  2.44941E+00
  2.32422E-01  2.44477E+00
  2.36328E-01  2.44006E+00
  2.40234E-01  2.43527E+00
  2.44141E-01  2.43041E+00
  2.48047E-01  2.42548E+00
  2.51953E-01  2.42048E+00
  2.55859E-01  2.41540E+00
  2.59766E-01  2.41025E+00
  2.63672E-01  2.40503E+00
  2.67578E-01  2.39973E+00
  2.71484E-01  2.39436E+00
  2.75391E-01  2.38891E+00
  2.79297E-01  2.38339E+00
  2.83203E-01  2.37780E+00
  2.87109E-01  2.37213E+00
  2.91016E-01  2.36639E+00
  2.94922E-01  2.36058E+00
  2.98828E-01  2.35469E+00
  3.02734E-01  2.34872E+00
  3.06641E-01  2.34268E+00
  3.10547E-01  2.33657E+00
  3.14453E-01  2.33037E+00
  3.18359E-01  2.32411E+00
  3.22266E-01  2.31776E+00
  3.26172E-01  2.31135E+00
  3.30078E-01  2.30485E+00
  3.33984E-01  2.29828E+00
  3.37891E-01  2.29163E+00
  3.41797E-01  2.28490E+00
  3.45703E-01  2.27810E+00
  3.49609E-01  2.27122E+00
  3.53516E-01  2.26426E+00
  3.57422E-01  2.25722E+00
  3.61328E-01  2.25010E+00
  3.65234E-01  2.24290E+00
  3.69141E-01  2.23562E+00
  3.73047E-01  2.22826E+00
  3.76953E-01  2.22082E+00
  3.80859E-01  2.21330E+00
  3.84766E-01  2.20570E+00
  3.88672E-01  2.19801E+00
  3.92578E-01  2.19024E+00
  3.96484E-01  2.18238E+00
  4.00391E-01  2.17444E+00
  4.04297E-01  2.16642E+00
  4.08203E-01  2.15831E+00
  4.12109E-01  2.15011E+00
  4.16016E-01  2.14182E+00
  4.19922E-01  2.13345E+00
  4.23828E-01  2.12499E+00
  4.27734E-01  2.11644E+00
  4.31641E-01  2.10780E+00
  4.35547E-01  2.09906E+00
  4.39453E-01  2.09024E+00
  4.43359E-01  2.08132E+00
  4.47266E-01  2.07231E+00
  4.51172E-01  2.06320E+00
  4.55078E-01  2.05399E+00
  4.58984E-01  2.04469E+00
  4.62891E-01  2.03529E+00
  4.66797E-01  2.02578E+00
  4.70703E-01  2.01618E+00
  4.74609E-01  2.00647E+00
  4.78516E-01  1.99666E+00
  4.82422E-01  1.98675E+00
  4.86328E-01  1.97672E+00
  4.90234E-01  1.96659E+00
  4.94141E-01  1.95635E+00
  4.98047E-01  1.94599E+00
  5.01953E-01  1.93552E+00
  5.05859E-01  1.92493E+00
  5.09766E-01  1.91423E+00
  5.13672E-01  1.90340E+00
  5.17578E-01  1.89246E+00
  5.21484E-01  1.88138E+00
  5.25391E-01  1.87018E+00
  5.29297E-01  1.85885E+00
  5.33203E-01  1.84739E+00
  5.37109E-01  1.83579E+00
  5.41016E-01  1.82406E+00
  5.44922E-01  1.81218E+00
  5.48828E-01  1.80016E+00
  5.52734E-01  1.78799E+00
  5.56641E-01  1.77567E+00
  5.60547E-01  1.76320E+00
  5.64453E-01  1.75056E+00
  5.68359E-01  1.73776E+00
  5.72266E-01  1.72480E+00
  5.76172E-01  1.71165E+00
  5.80078E-01  1.69833E+00
  5.83984E-01  1.68483E+00
  5.87891E-01  1.67113E+00
  5.91797E-01  1.65723E+00
  5.95703E-01  1.64314E+00
  5.99609E-01  1.62883E+00
  6.03516E-01  1.61430E+00
  6.07422E-01  1.59955E+00
  6.11328E-01  1.58457E+00
  6.15234E-01  1.56933E+00
  6.19141E-01  1.55385E+00
  6.23047E-01  1.53809E+00
  6.26953E-01  1.52206E+00
  6.30859E-01  1.50574E+00
  6.34766E-01  1.48911E+00
  6.38672E-01  1.47216E+00
  6.42578E-01  1.45487E+00
  6.46484E-01  1.43723E+00
  6.50391E-01  1.41921E+00
  6.54297E-01  1.40079E+00
  6.58203E-01  1.38194E+00
  6.62109E-01  1.36264E+00
  6.66016E-01  1.34285E+00
  6.69922E-01  1.32254E+00
  6.73828E-01  1.30167E+00
  6.77734E-01  1.28018E+00
  6.81641E-01  1.25804E+00
  6.85547E-01  1.23517E+00
  6.89453E-01  1.21151E+00
  6.93359E-01  1.18696E+00
  6.97266E-01  1.16142E+00
  7.01172E-01  1.13478E+00
  7.05078E-01  1.10687E+00
  7.08984E-01  1.07750E+00
  7.12891E-01  1.04642E+00
  7.16797E-01  1.01326E+00
  7.20703E-01  9.77087E-01
  7.24609E-01  9.31982E-01
  7.28516E-01  8.32398E-01
  7.32422E-01  6.40290E-03
  7.36328E-01  6.32427E-03
  7.40234E-01  6.22564E-03
  7.44141E-01  6.13129E-03
  7.48047E-01  6.03669E-03
  7.51953E-01  5.94568E-03
  7.55859E-01  5.85458E-03
  7.59766E-01  5.76709E-03
  7.63672E-01  5.67977E-03
  7.67578E-01  5.59609E-03
  7.71484E-01  5.51245E-03
  7.75391E-01  5.43212E-03
  7.79297E-01  5.35164E-03
  7.83203E-01  5.27400E-03
  7.87109E-01  5.19650E-03
  7.91016E-01  5.12195E-03
  7.94922E-01  5.04765E-03
  7.98828E-01  4.97617E-03
  8.02734E-01  4.90456E-03
  8.06641E-01  4.83560E-03
  8.10547E-01  4.76671E-03
  8.14453E-01  4.70048E-03
  8.18359E-01  4.63421E-03
  8.22266E-01  4.57031E-03
  8.26172E-01  4.50640E-03
  8.30078E-01  4.44492E-03
  8.33984E-01  4.38344E-03
  8.37891E-01  4.32421E-03
  8.41797E-01  4.26493E-03
  8.45703E-01  4.20788E-03
  8.49609E-01  4.15073E-03
  8.53516E-01  4.09544E-03
  8.57422E-01  4.04022E-03
  8.61328E-01  3.98716E-03
  8.65234E-01  3.93431E-03
  8.69141E-01  3.88290E-03
  8.73047E-01  3.83190E-03
  8.76953E-01  3.78191E-03
  8.80859E-01  3.73284E-03
  8.84766E-01  3.68462E-03
  8.88672E-01  3.63745E-03
  8.92578E-01  3.59088E-03
  8.96484E-01  3.54523E-03
  9.00391E-01  3.49994E-03
  9.04297E-01  3.45600E-03
  9.08203E-01  3.41219E-03
  9.12109E-01  3.36992E-03
  9.16016E-01  3.32776E-03
  9.19922E-01  3.28700E-03
  9.23828E-01  3.24620E-03
  9.27734E-01  3.20662E-03
  9.31641E-01  3.16711E-03
  9.35547E-01  3.12899E-03
  9.39453E-01  3.09107E-03
  9.43359E-01  3.05454E-03
  9.47266E-01  3.01795E-03
  9.51172E-01  2.98258E-03
  9.55078E-01  2.94732E-03
  9.58984E-01  2.91362E-03
  9.62891E-01  2.88016E-03
  9.66797E-01  2.84805E-03
  9.70703E-01  2.81600E-03
  9.74609E-01  2.78586E-03
  9.78516E-01  2.75615E-03
  9.82422E-01  2.72768E-03
  9.86328E-01  2.70036E-03
  9.90234E-01  2.67419E-03
  9.94141E-01  2.65173E-03
  9.98047E-01  2.64132E-03
  1.00195E+00  2.64132E-03
