 -1.95312E-03  2.58936E+00
  1.95312E-03  2.58936E+00
  5.85938E-03  2.58927E+00
  9.76562E-03  2.58909E+00
  1.36719E-02  2.58882E+00
  1.75781E-02  2.58846E+00
  2.14844E-02  2.58802E+00
  2.53906E-02  2.58748E+00
  2.92969E-02  2.58687E+00
  3.32031E-02  2.58616E+00
  3.71094E-02  2.58537E+00
  4.10156E-02  2.58449E+00
  4.49219E-02  2.58353E+00
  4.88281E-02  2.58249E+00
  5.27344E-02  2.58136E+00
  5.66406E-02  2.58015E+00
  6.05469E-02  2.57885E+00
  6.44531E-02  2.57748E+00
  6.83594E-02  2.57602E+00
  7.22656E-02  2.57448E+00
  7.61719E-02  2.57286E+00
  8.00781E-02  2.57116E+00
  8.39844E-02  2.56938E+00
  8.78906E-02  2.56752E+00
  9.17969E-02  2.56558E+00
  9.57031E-02  2.56356E+00
  9.96094E-02  2.56146E+00
  1.03516E-01  2.55929E+00
  1.07422E-01  2.55704E+00
  1.11328E-01  2.55471E+00
  1.15234E-01  2.55230E+00
  1.19141E-01  2.54981E+00
  1.23047E-01  2.54725E+00
  1.26953E-01  2.54461E+00
  1.30859E-01  2.54190E+00
  1.34766E-01  2.53911E+00
  1.38672E-01  2.53624E+00
  1.42578E-01  2.53330E+00
  1.46484E-01  2.53028E+00
  1.50391E-01  2.52719E+00
  1.54297E-01  2.52403E+00
  1.58203E-01  2.52079E+00
  1.62109E-01  2.51747E+00
  1.66016E-01  2.51408E+00
  1.69922E-01  2.51062E+00
  1.73828E-01  2.50708E+00
  1.77734E-01  2.50347E+00
  1.81641E-01  2.49978E+00
  1.85547E-01  2.49602E+00
  1.89453E-01  2.49219E+00
  1.93359E-01  2.48828E+00
  1.97266E-01  2.48430E+00
  2.01172E-01  2.48025E+00
  2.05078E-01  2.47613E+00
  2.08984E-01  2.47193E+00
  2.12891E-01  2.46766E+00
  2.16797E-01  2.46331E+00
  2.20703E-01  2.45889E+00
  2.24609E-01  2.45440E+00
  2.28516E-01  2.44984E+00
  2.32422E-01  2.44520E+00
  2.36328E-01  2.44049E+00
  2.40234E-01  2.43570E+00
  2.44141E-01  2.43084E+00
  2.48047E-01  2.42591E+00
  2.51953E-01  2.42091E+00
  2.55859E-01  2.41583E+00
  2.59766E-01  2.41068E+00
  2.63672E-01  2.40545E+00
  2.67578E-01  2.40016E+00
  2.71484E-01  2.39478E+00
  2.75391E-01  2.38934E+00
  2.79297E-01  2.38382E+00
  2.83203E-01  2.37823E+00
  2.87109E-01  2.37256E+00
  2.91016E-01  2.36682E+00
  2.94922E-01  2.36100E+00
  2.98828E-01  2.35511E+00
  3.02734E-01  2.34915E+00
  3.06641E-01  2.34311E+00
  3.10547E-01  2.33699E+00
  3.14453E-01  2.33080E+00
  3.18359E-01  2.32453E+00
  3.22266E-01  2.31818E+00
  3.26172E-01  2.31176E+00
  3.30078E-01  2.30527E+00
  3.33984E-01  2.29870E+00
  3.37891E-01  2.29204E+00
  3.41797E-01  2.28532E+00
  3.45703E-01  2.27851E+00
  3.49609E-01  2.27162E+00
  3.53516E-01  2.26466E+00
  3.57422E-01  2.25762E+00
  3.61328E-01  2.25050E+00
  3.65234E-01  2.24330E+00
  3.69141E-01  2.23602E+00
  3.73047E-01  2.22866E+00
  3.76953E-01  2.22122E+00
  3.80859E-01  2.21369E+00
  3.84766E-01  2.20609E+00
  3.88672E-01  2.19840E+00
  3.92578E-01  2.19063E+00
  3.96484E-01  2.18277E+00
  4.00391E-01  2.17483E+00
  4.04297E-01  2.16680E+00
  4.08203E-01  2.15869E+00
  4.12109E-01  2.15049E+00
  4.16016E-01  2.14220E+00
  4.19922E-01  2.13382E+00
  4.23828E-01  2.12536E+00
  4.27734E-01  2.11680E+00
  4.31641E-01  2.10816E+00
  4.35547E-01  2.09942E+00
  4.39453E-01  2.09059E+00
  4.43359E-01  2.08167E+00
  4.47266E-01  2.07265E+00
  4.51172E-01  2.06353E+00
  4.55078E-01  2.05432E+00
  4.58984E-01  2.04501E+00
  4.62891E-01  2.03560E+00
  4.66797E-01  2.02609E+00
  4.70703E-01  2.01648E+00
  4.74609E-01  2.00677E+00
  4.78516E-01  1.99695E+00
  4.82422E-01  1.98702E+00
  4.86328E-01  1.97699E+00
  4.90234E-01  1.96684E+00
  4.94141E-01  1.95659E+00
  4.98047E-01  1.94622E+00
  5.01953E-01  1.93574E+00
  5.05859E-01  1.92513E+00
  5.09766E-01  1.91442E+00
  5.13672E-01  1.90358E+00
  5.17578E-01  1.89261E+00
  5.21484E-01  1.88152E+00
  5.25391E-01  1.87030E+00
  5.29297E-01  1.85896E+00
  5.33203E-01  1.84747E+00
  5.37109E-01  1.83586E+00
  5.41016E-01  1.82410E+00
  5.44922E-01  1.81220E+00
  5.48828E-01  1.80015E+00
  5.52734E-01  1.78795E+00
  5.56641E-01  1.77560E+00
  5.60547E-01  1.76309E+00
  5.64453E-01  1.75042E+00
  5.68359E-01  1.73758E+00
  5.72266E-01  1.72457E+00
  5.76172E-01  1.71138E+00
  5.80078E-01  1.69802E+00
  5.83984E-01  1.68446E+00
  5.87891E-01  1.67072E+00
  5.91797E-01  1.65677E+00
  5.95703E-01  1.64262E+00
  5.99609E-01  1.62825E+00
  6.03516E-01  1.61367E+00
  6.07422E-01  1.59885E+00
  6.11328E-01  1.58379E+00
  6.15234E-01  1.56849E+00
  6.19141E-01  1.55293E+00
  6.23047E-01  1.53709E+00
  6.26953E-01  1.52098E+00
  6.30859E-01  1.50457E+00
  6.34766E-01  1.48785E+00
  6.38672E-01  1.47080E+00
  6.42578E-01  1.45341E+00
  6.46484E-01  1.43565E+00
  6.50391E-01  1.41751E+00
  6.54297E-01  1.39896E+00
  6.58203E-01  1.37998E+00
  6.62109E-01  1.36053E+00
  6.66016E-01  1.34059E+00
  6.69922E-01  1.32011E+00
  6.73828E-01  1.29907E+00
  6.77734E-01  1.27739E+00
  6.81641E-01  1.25504E+00
  6.85547E-01  1.23194E+00
  6.89453E-01  1.20803E+00
  6.93359E-01  1.18320E+00
  6.97266E-01  1.15735E+00
  7.01172E-01  1.13034E+00
  7.05078E-01  1.10203E+00
  7.08984E-01  1.07218E+00
  7.12891E-01  1.04055E+00
  7.16797E-01  1.00671E+00
  7.20703E-01  9.69614E-01
  7.24609E-01  9.22675E-01
  7.28516E-01  8.18359E-01
  7.32422E-01  1.45447E-03
  7.36328E-01  1.43724E-03
  7.40234E-01  1.41452E-03
  7.44141E-01  1.39275E-03
  7.48047E-01  1.37100E-03
  7.51953E-01  1.35008E-03
  7.55859E-01  1.32918E-03
  7.59766E-01  1.30909E-03
  7.63672E-01  1.28904E-03
  7.67578E-01  1.26980E-03
  7.71484E-01  1.25058E-03
  7.75391E-01  1.23213E-03
  7.79297E-01  1.21370E-03
  7.83203E-01  1.19599E-03
  7.87109E-01  1.17829E-03
  7.91016E-01  1.16128E-03
  7.94922E-01  1.14425E-03
  7.98828E-01  1.12786E-03
  8.02734E-01  1.11146E-03
  8.06641E-01  1.09571E-03
  8.10547E-01  1.07994E-03
  8.14453E-01  1.06478E-03
  8.18359E-01  1.04961E-03
  8.22266E-01  1.03503E-03
  8.26172E-01  1.02043E-03
  8.30078E-01  1.00638E-03
  8.33984E-01  9.92327E-04
  8.37891E-01  9.78827E-04
  8.41797E-01  9.65326E-04
  8.45703E-01  9.52334E-04
  8.49609E-01  9.39337E-04
  8.53516E-01  9.26839E-04
  8.57422E-01  9.14331E-04
  8.61328E-01  9.02285E-04
  8.65234E-01  8.90226E-04
  8.69141E-01  8.78611E-04
  8.73047E-01  8.66987E-04
  8.76953E-01  8.55778E-04
  8.80859E-01  8.44563E-04
  8.84766E-01  8.33757E-04
  8.88672E-01  8.22940E-04
  8.92578E-01  8.12527E-04
  8.96484E-01  8.02111E-04
  9.00391E-01  7.92076E-04
  9.04297E-01  7.82041E-04
  9.08203E-01  7.72364E-04
  9.12109E-01  7.62688E-04
  9.16016E-01  7.53363E-04
  9.19922E-01  7.44023E-04
  9.23828E-01  7.35015E-04
  9.27734E-01  7.25988E-04
  9.31641E-01  7.17259E-04
  9.35547E-01  7.08535E-04
  9.39453E-01  7.00138E-04
  9.43359E-01  6.91740E-04
  9.47266E-01  6.83640E-04
  9.51172E-01  6.75525E-04
  9.55078E-01  6.67707E-04
  9.58984E-01  6.59901E-04
  9.62891E-01  6.52420E-04
  9.66797E-01  6.44908E-04
  9.70703E-01  6.37606E-04
  9.74609E-01  6.30544E-04
  9.78516E-01  6.23513E-04
  9.82422E-01  6.16924E-04
  9.86328E-01  6.10391E-04
  9.90234E-01  6.04626E-04
  9.94141E-01  5.99499E-04
  9.98047E-01  5.97129E-04
  1.00195E+00  5.97129E-04
