 -1.95312E-03  2.58939E+00
  1.95312E-03  2.58939E+00
  5.85938E-03  2.58929E+00
  9.76562E-03  2.58911E+00
  1.36719E-02  2.58885E+00
  1.75781E-02  2.58849E+00
  2.14844E-02  2.58804E+00
  2.53906E-02  2.58751E+00
  2.92969E-02  2.58689E+00
  3.32031E-02  2.58618E+00
  3.71094E-02  2.58539E+00
  4.10156E-02  2.58452E+00
  4.49219E-02  2.58356E+00
  4.88281E-02  2.58251E+00
  5.27344E-02  2.58138E+00
  5.66406E-02  2.58017E+00
  6.05469E-02  2.57888E+00
  6.44531E-02  2.57750E+00
  6.83594E-02  2.57604E+00
  7.22656E-02  2.57450E+00
  7.61719E-02  2.57288E+00
  8.00781E-02  2.57118E+00
  8.39844E-02  2.56940E+00
  8.78906E-02  2.56754E+00
  9.17969E-02  2.56560E+00
  9.57031E-02  2.56359E+00
  9.96094E-02  2.56149E+00
  1.03516E-01  2.55931E+00
  1.07422E-01  2.55706E+00
  1.11328E-01  2.55473E+00
  1.15234E-01  2.55232E+00
  1.19141E-01  2.54984E+00
  1.23047E-01  2.54728E+00
  1.26953E-01  2.54464E+00
  1.30859E-01  2.54192E+00
  1.34766E-01  2.53913E+00
  1.38672E-01  2.53627E+00
  1.42578E-01  2.53333E+00
  1.46484E-01  2.53031E+00
  1.50391E-01  2.52722E+00
  1.54297E-01  2.52405E+00
  1.58203E-01  2.52081E+00
  1.62109E-01  2.51750E+00
  1.66016E-01  2.51411E+00
  1.69922E-01  2.51064E+00
  1.73828E-01  2.50710E+00
  1.77734E-01  2.50349E+00
  1.81641E-01  2.49981E+00
  1.85547E-01  2.49605E+00
  1.89453E-01  2.49221E+00
  1.93359E-01  2.48831E+00
  1.97266E-01  2.48433E+00
  2.01172E-01  2.48028E+00
  2.05078E-01  2.47615E+00
  2.08984E-01  2.47195E+00
  2.12891E-01  2.46768E+00
  2.16797E-01  2.46334E+00
  2.20703E-01  2.45892E+00
  2.24609E-01  2.45442E+00
  2.28516E-01  2.44986E+00
  2.32422E-01  2.44522E+00
  2.36328E-01  2.44051E+00
  2.40234E-01  2.43572E+00
  2.44141E-01  2.43087E+00
  2.48047E-01  2.42594E+00
  2.51953E-01  2.42093E+00
  2.55859E-01  2.41585E+00
  2.59766E-01  2.41070E+00
  2.63672E-01  2.40548E+00
  2.67578E-01  2.40018E+00
  2.71484E-01  2.39481E+00
  2.75391E-01  2.38936E+00
  2.79297E-01  2.38385E+00
  2.83203E-01  2.37825E+00
  2.87109E-01  2.37258E+00
  2.91016E-01  2.36684E+00
  2.94922E-01  2.36103E+00
  2.98828E-01  2.35513E+00
  3.02734E-01  2.34917E+00
  3.06641E-01  2.34313E+00
  3.10547E-01  2.33701E+00
  3.14453E-01  2.33082E+00
  3.18359E-01  2.32455E+00
  3.22266E-01  2.31821E+00
  3.26172E-01  2.31179E+00
  3.30078E-01  2.30529E+00
  3.33984E-01  2.29872E+00
  3.37891E-01  2.29207E+00
  3.41797E-01  2.28534E+00
  3.45703E-01  2.27853E+00
  3.49609E-01  2.27165E+00
  3.53516E-01  2.26468E+00
  3.57422E-01  2.25764E+00
  3.61328E-01  2.25052E+00
  3.65234E-01  2.24332E+00
  3.69141E-01  2.23604E+00
  3.73047E-01  2.22868E+00
  3.76953E-01  2.22124E+00
  3.80859E-01  2.21372E+00
  3.84766E-01  2.20611E+00
  3.88672E-01  2.19842E+00
  3.92578E-01  2.19065E+00
  3.96484E-01  2.18279E+00
  4.00391E-01  2.17485E+00
  4.04297E-01  2.16682E+00
  4.08203E-01  2.15871E+00
  4.12109E-01  2.15051E+00
  4.16016E-01  2.14222E+00
  4.19922E-01  2.13384E+00
  4.23828E-01  2.12538E+00
  4.27734E-01  2.11682E+00
  4.31641E-01  2.10818E+00
  4.35547E-01  2.09944E+00
  4.39453E-01  2.09061E+00
  4.43359E-01  2.08169E+00
  4.47266E-01  2.07267E+00
  4.51172E-01  2.06355E+00
  4.55078E-01  2.05434E+00
  4.58984E-01  2.04503E+00
  4.62891E-01  2.03562E+00
  4.66797E-01  2.02611E+00
  4.70703E-01  2.01650E+00
  4.74609E-01  2.00678E+00
  4.78516E-01  1.99696E+00
  4.82422E-01  1.98703E+00
  4.86328E-01  1.97700E+00
  4.90234E-01  1.96685E+00
  4.94141E-01  1.95660E+00
  4.98047E-01  1.94623E+00
  5.01953E-01  1.93574E+00
  5.05859E-01  1.92514E+00
  5.09766E-01  1.91442E+00
  5.13672E-01  1.90358E+00
  5.17578E-01  1.89261E+00
  5.21484E-01  1.88152E+00
  5.25391E-01  1.87030E+00
  5.29297E-01  1.85895E+00
  5.33203E-01  1.84747E+00
  5.37109E-01  1.83585E+00
  5.41016E-01  1.82409E+00
  5.44922E-01  1.81218E+00
  5.48828E-01  1.80013E+00
  5.52734E-01  1.78793E+00
  5.56641E-01  1.77558E+00
  5.60547E-01  1.76307E+00
  5.64453E-01  1.75039E+00
  5.68359E-01  1.73755E+00
  5.72266E-01  1.72454E+00
  5.76172E-01  1.71135E+00
  5.80078E-01  1.69798E+00
  5.83984E-01  1.68443E+00
  5.87891E-01  1.67068E+00
  5.91797E-01  1.65673E+00
  5.95703E-01  1.64258E+00
  5.99609E-01  1.62821E+00
  6.03516E-01  1.61362E+00
  6.07422E-01  1.59880E+00
  6.11328E-01  1.58375E+00
  6.15234E-01  1.56844E+00
  6.19141E-01  1.55288E+00
  6.23047E-01  1.53704E+00
  6.26953E-01  1.52093E+00
  6.30859E-01  1.50451E+00
  6.34766E-01  1.48779E+00
  6.38672E-01  1.47073E+00
  6.42578E-01  1.45334E+00
  6.46484E-01  1.43558E+00
  6.50391E-01  1.41743E+00
  6.54297E-01  1.39887E+00
  6.58203E-01  1.37988E+00
  6.62109E-01  1.36043E+00
  6.66016E-01  1.34048E+00
  6.69922E-01  1.31999E+00
  6.73828E-01  1.29894E+00
  6.77734E-01  1.27725E+00
  6.81641E-01  1.25489E+00
  6.85547E-01  1.23178E+00
  6.89453E-01  1.20785E+00
  6.93359E-01  1.18301E+00
  6.97266E-01  1.15715E+00
  7.01172E-01  1.13012E+00
  7.05078E-01  1.10178E+00
  7.08984E-01  1.07191E+00
  7.12891E-01  1.04023E+00
  7.16797E-01  1.00635E+00
  7.20703E-01  9.69198E-01
  7.24609E-01  9.22154E-01
  7.28516E-01  8.17559E-01
  7.32422E-01  1.28711E-03
  7.36328E-01  1.27183E-03
  7.40234E-01  1.25170E-03
  7.44141E-01  1.23242E-03
  7.48047E-01  1.21316E-03
  7.51953E-01  1.19469E-03
  7.55859E-01  1.17624E-03
  7.59766E-01  1.15855E-03
  7.63672E-01  1.14084E-03
  7.67578E-01  1.12386E-03
  7.71484E-01  1.10687E-03
  7.75391E-01  1.09055E-03
  7.79297E-01  1.07420E-03
  7.83203E-01  1.05849E-03
  7.87109E-01  1.04280E-03
  7.91016E-01  1.02771E-03
  7.94922E-01  1.01262E-03
  7.98828E-01  9.98121E-04
  8.02734E-01  9.83613E-04
  8.06641E-01  9.69676E-04
  8.10547E-01  9.55723E-04
  8.14453E-01  9.42309E-04
  8.18359E-01  9.28891E-04
  8.22266E-01  9.15995E-04
  8.26172E-01  9.03095E-04
  8.30078E-01  8.90703E-04
  8.33984E-01  8.78306E-04
  8.37891E-01  8.66390E-04
  8.41797E-01  8.54463E-04
  8.45703E-01  8.42979E-04
  8.49609E-01  8.31487E-04
  8.53516E-01  8.20421E-04
  8.57422E-01  8.09342E-04
  8.61328E-01  7.98670E-04
  8.65234E-01  7.87994E-04
  8.69141E-01  7.77698E-04
  8.73047E-01  7.67409E-04
  8.76953E-01  7.57483E-04
  8.80859E-01  7.47572E-04
  8.84766E-01  7.38012E-04
  8.88672E-01  7.28463E-04
  8.92578E-01  7.19253E-04
  8.96484E-01  7.10039E-04
  9.00391E-01  7.01164E-04
  9.04297E-01  6.92281E-04
  9.08203E-01  6.83715E-04
  9.12109E-01  6.75150E-04
  9.16016E-01  6.66872E-04
  9.19922E-01  6.58579E-04
  9.23828E-01  6.50566E-04
  9.27734E-01  6.42554E-04
  9.31641E-01  6.34843E-04
  9.35547E-01  6.27130E-04
  9.39453E-01  6.19694E-04
  9.43359E-01  6.12242E-04
  9.47266E-01  6.05051E-04
  9.51172E-01  5.97854E-04
  9.55078E-01  5.90945E-04
  9.58984E-01  5.84037E-04
  9.62891E-01  5.77370E-04
  9.66797E-01  5.70687E-04
  9.70703E-01  5.64275E-04
  9.74609E-01  5.57989E-04
  9.78516E-01  5.51788E-04
  9.82422E-01  5.45969E-04
  9.86328E-01  5.40202E-04
  9.90234E-01  5.35102E-04
  9.94141E-01  5.30545E-04
  9.98047E-01  5.28451E-04
  1.00195E+00  5.28451E-04
