 -1.95312E-03  2.58942E+00
  1.95312E-03  2.58942E+00
  5.85938E-03  2.58933E+00
  9.76562E-03  2.58915E+00
  1.36719E-02  2.58888E+00
  1.75781E-02  2.58852E+00
  2.14844E-02  2.58808E+00
  2.53906E-02  2.58754E+00
  2.92969E-02  2.58692E+00
  3.32031E-02  2.58622E+00
  3.71094E-02  2.58543E+00
  4.10156E-02  2.58455E+00
  4.49219E-02  2.58359E+00
  4.88281E-02  2.58254E+00
  5.27344E-02  2.58141E+00
  5.66406E-02  2.58020E+00
  6.05469E-02  2.57891E+00
  6.44531E-02  2.57753E+00
  6.83594E-02  2.57607E+00
  7.22656E-02  2.57453E+00
  7.61719E-02  2.57292E+00
  8.00781E-02  2.57121E+00
  8.39844E-02  2.56943E+00
  8.78906E-02  2.56757E+00
  9.17969E-02  2.56564E+00
  9.57031E-02  2.56362E+00
  9.96094E-02  2.56152E+00
  1.03516E-01  2.55935E+00
  1.07422E-01  2.55709E+00
  1.11328E-01  2.55476E+00
  1.15234E-01  2.55236E+00
  1.19141E-01  2.54987E+00
  1.23047E-01  2.54731E+00
  1.26953E-01  2.54467E+00
  1.30859E-01  2.54196E+00
  1.34766E-01  2.53917E+00
  1.38672E-01  2.53630E+00
  1.42578E-01  2.53336E+00
  1.46484E-01  2.53034E+00
  1.50391E-01  2.52725E+00
  1.54297E-01  2.52409E+00
  1.58203E-01  2.52085E+00
  1.62109E-01  2.51753E+00
  1.66016E-01  2.51414E+00
  1.69922E-01  2.51068E+00
  1.73828E-01  2.50714E+00
  1.77734E-01  2.50353E+00
  1.81641E-01  2.49984E+00
  1.85547E-01  2.49608E+00
  1.89453E-01  2.49225E+00
  1.93359E-01  2.48834E+00
  1.97266E-01  2.48436E+00
  2.01172E-01  2.48031E+00
  2.05078E-01  2.47619E+00
  2.08984E-01  2.47199E+00
  2.12891E-01  2.46771E+00
  2.16797E-01  2.46337E+00
  2.20703E-01  2.45895E+00
  2.24609E-01  2.45446E+00
  2.28516E-01  2.44989E+00
  2.32422E-01  2.44526E+00
  2.36328E-01  2.44054E+00
  2.40234E-01  2.43576E+00
  2.44141E-01  2.43090E+00
  2.48047E-01  2.42597E+00
  2.51953E-01  2.42097E+00
  2.55859E-01  2.41589E+00
  2.59766E-01  2.41074E+00
  2.63672E-01  2.40551E+00
  2.67578E-01  2.40021E+00
  2.71484E-01  2.39484E+00
  2.75391E-01  2.38940E+00
  2.79297E-01  2.38388E+00
  2.83203E-01  2.37828E+00
  2.87109E-01  2.37262E+00
  2.91016E-01  2.36687E+00
  2.94922E-01  2.36106E+00
  2.98828E-01  2.35517E+00
  3.02734E-01  2.34920E+00
  3.06641E-01  2.34316E+00
  3.10547E-01  2.33704E+00
  3.14453E-01  2.33085E+00
  3.18359E-01  2.32458E+00
  3.22266E-01  2.31824E+00
  3.26172E-01  2.31182E+00
  3.30078E-01  2.30532E+00
  3.33984E-01  2.29875E+00
  3.37891E-01  2.29210E+00
  3.41797E-01  2.28537E+00
  3.45703E-01  2.27856E+00
  3.49609E-01  2.27168E+00
  3.53516E-01  2.26471E+00
  3.57422E-01  2.25767E+00
  3.61328E-01  2.25055E+00
  3.65234E-01  2.24335E+00
  3.69141E-01  2.23607E+00
  3.73047E-01  2.22871E+00
  3.76953E-01  2.22127E+00
  3.80859E-01  2.21374E+00
  3.84766E-01  2.20614E+00
  3.88672E-01  2.19845E+00
  3.92578E-01  2.19067E+00
  3.96484E-01  2.18282E+00
  4.00391E-01  2.17487E+00
  4.04297E-01  2.16685E+00
  4.08203E-01  2.15873E+00
  4.12109E-01  2.15053E+00
  4.16016E-01  2.14225E+00
  4.19922E-01  2.13387E+00
  4.23828E-01  2.12540E+00
  4.27734E-01  2.11685E+00
  4.31641E-01  2.10820E+00
  4.35547E-01  2.09946E+00
  4.39453E-01  2.09063E+00
  4.43359E-01  2.08171E+00
  4.47266E-01  2.07269E+00
  4.51172E-01  2.06357E+00
  4.55078E-01  2.05436E+00
  4.58984E-01  2.04505E+00
  4.62891E-01  2.03564E+00
  4.66797E-01  2.02613E+00
  4.70703E-01  2.01652E+00
  4.74609E-01  2.00680E+00
  4.78516E-01  1.99698E+00
  4.82422E-01  1.98705E+00
  4.86328E-01  1.97701E+00
  4.90234E-01  1.96687E+00
  4.94141E-01  1.95661E+00
  4.98047E-01  1.94624E+00
  5.01953E-01  1.93575E+00
  5.05859E-01  1.92515E+00
  5.09766E-01  1.91443E+00
  5.13672E-01  1.90358E+00
  5.17578E-01  1.89262E+00
  5.21484E-01  1.88152E+00
  5.25391E-01  1.87030E+00
  5.29297E-01  1.85895E+00
  5.33203E-01  1.84746E+00
  5.37109E-01  1.83584E+00
  5.41016E-01  1.82408E+00
  5.44922E-01  1.81217E+00
  5.48828E-01  1.80012E+00
  5.52734E-01  1.78791E+00
  5.56641E-01  1.77555E+00
  5.60547E-01  1.76304E+00
  5.64453E-01  1.75036E+00
  5.68359E-01  1.73752E+00
  5.72266E-01  1.72450E+00
  5.76172E-01  1.71131E+00
  5.80078E-01  1.69794E+00
  5.83984E-01  1.68438E+00
  5.87891E-01  1.67063E+00
  5.91797E-01  1.65668E+00
  5.95703E-01  1.64252E+00
  5.99609E-01  1.62815E+00
  6.03516E-01  1.61355E+00
  6.07422E-01  1.59873E+00
  6.11328E-01  1.58367E+00
  6.15234E-01  1.56836E+00
  6.19141E-01  1.55279E+00
  6.23047E-01  1.53695E+00
  6.26953E-01  1.52083E+00
  6.30859E-01  1.50441E+00
  6.34766E-01  1.48768E+00
  6.38672E-01  1.47062E+00
  6.42578E-01  1.45322E+00
  6.46484E-01  1.43545E+00
  6.50391E-01  1.41730E+00
  6.54297E-01  1.39874E+00
  6.58203E-01  1.37975E+00
  6.62109E-01  1.36028E+00
  6.66016E-01  1.34032E+00
  6.69922E-01  1.31983E+00
  6.73828E-01  1.29876E+00
  6.77734E-01  1.27706E+00
  6.81641E-01  1.25469E+00
  6.85547E-01  1.23157E+00
  6.89453E-01  1.20763E+00
  6.93359E-01  1.18277E+00
  6.97266E-01  1.15688E+00
  7.01172E-01  1.12985E+00
  7.05078E-01  1.10149E+00
  7.08984E-01  1.07161E+00
  7.12891E-01  1.03992E+00
  7.16797E-01  1.00601E+00
  7.20703E-01  9.68815E-01
  7.24609E-01  9.21684E-01
  7.28516E-01  8.16849E-01
  7.32422E-01  1.02887E-03
  7.36328E-01  1.01669E-03
  7.40234E-01  1.00062E-03
  7.44141E-01  9.85228E-04
  7.48047E-01  9.69807E-04
  7.51953E-01  9.55030E-04
  7.55859E-01  9.40252E-04
  7.59766E-01  9.26084E-04
  7.63672E-01  9.11905E-04
  7.67578E-01  8.98306E-04
  7.71484E-01  8.84698E-04
  7.75391E-01  8.71645E-04
  7.79297E-01  8.58585E-04
  7.83203E-01  8.46053E-04
  7.87109E-01  8.33514E-04
  7.91016E-01  8.21483E-04
  7.94922E-01  8.09444E-04
  7.98828E-01  7.97890E-04
  8.02734E-01  7.86335E-04
  8.06641E-01  7.75232E-04
  8.10547E-01  7.64114E-04
  8.14453E-01  7.53433E-04
  8.18359E-01  7.42736E-04
  8.22266E-01  7.32445E-04
  8.26172E-01  7.22152E-04
  8.30078E-01  7.12240E-04
  8.33984E-01  7.02329E-04
  8.37891E-01  6.92783E-04
  8.41797E-01  6.83231E-04
  8.45703E-01  6.74041E-04
  8.49609E-01  6.64843E-04
  8.53516E-01  6.55989E-04
  8.57422E-01  6.47141E-04
  8.61328E-01  6.38614E-04
  8.65234E-01  6.30088E-04
  8.69141E-01  6.21880E-04
  8.73047E-01  6.13664E-04
  8.76953E-01  6.05745E-04
  8.80859E-01  5.97819E-04
  8.84766E-01  5.90189E-04
  8.88672E-01  5.82555E-04
  8.92578E-01  5.75189E-04
  8.96484E-01  5.67812E-04
  9.00391E-01  5.60690E-04
  9.04297E-01  5.53560E-04
  9.08203E-01  5.46679E-04
  9.12109E-01  5.39794E-04
  9.16016E-01  5.33161E-04
  9.19922E-01  5.26524E-04
  9.23828E-01  5.20128E-04
  9.27734E-01  5.13724E-04
  9.31641E-01  5.07540E-04
  9.35547E-01  5.01349E-04
  9.39453E-01  4.95379E-04
  9.43359E-01  4.89410E-04
  9.47266E-01  4.83673E-04
  9.51172E-01  4.77918E-04
  9.55078E-01  4.72365E-04
  9.58984E-01  4.66800E-04
  9.62891E-01  4.61453E-04
  9.66797E-01  4.56124E-04
  9.70703E-01  4.51036E-04
  9.74609E-01  4.45939E-04
  9.78516E-01  4.41058E-04
  9.82422E-01  4.36402E-04
  9.86328E-01  4.31811E-04
  9.90234E-01  4.27732E-04
  9.94141E-01  4.24075E-04
  9.98047E-01  4.22402E-04
  1.00195E+00  4.22402E-04
