 -1.95312E-03  2.58917E+00
  1.95312E-03  2.58917E+00
  5.85938E-03  2.58908E+00
  9.76562E-03  2.58889E+00
  1.36719E-02  2.58863E+00
  1.75781E-02  2.58827E+00
  2.14844E-02  2.58782E+00
  2.53906E-02  2.58729E+00
  2.92969E-02  2.58667E+00
  3.32031E-02  2.58597E+00
  3.71094E-02  2.58517E+00
  4.10156E-02  2.58430E+00
  4.49219E-02  2.58334E+00
  4.88281E-02  2.58229E+00
  5.27344E-02  2.58116E+00
  5.66406E-02  2.57995E+00
  6.05469E-02  2.57866E+00
  6.44531E-02  2.57728E+00
  6.83594E-02  2.57583E+00
  7.22656E-02  2.57429E+00
  7.61719E-02  2.57267E+00
  8.00781E-02  2.57097E+00
  8.39844E-02  2.56919E+00
  8.78906E-02  2.56733E+00
  9.17969E-02  2.56539E+00
  9.57031E-02  2.56337E+00
  9.96094E-02  2.56127E+00
  1.03516E-01  2.55910E+00
  1.07422E-01  2.55684E+00
  1.11328E-01  2.55451E+00
  1.15234E-01  2.55211E+00
  1.19141E-01  2.54962E+00
  1.23047E-01  2.54706E+00
  1.26953E-01  2.54442E+00
  1.30859E-01  2.54171E+00
  1.34766E-01  2.53892E+00
  1.38672E-01  2.53605E+00
  1.42578E-01  2.53311E+00
  1.46484E-01  2.53009E+00
  1.50391E-01  2.52700E+00
  1.54297E-01  2.52383E+00
  1.58203E-01  2.52059E+00
  1.62109E-01  2.51728E+00
  1.66016E-01  2.51389E+00
  1.69922E-01  2.51042E+00
  1.73828E-01  2.50688E+00
  1.77734E-01  2.50327E+00
  1.81641E-01  2.49958E+00
  1.85547E-01  2.49582E+00
  1.89453E-01  2.49199E+00
  1.93359E-01  2.48809E+00
  1.97266E-01  2.48411E+00
  2.01172E-01  2.48005E+00
  2.05078E-01  2.47593E+00
  2.08984E-01  2.47173E+00
  2.12891E-01  2.46746E+00
  2.16797E-01  2.46311E+00
  2.20703E-01  2.45870E+00
  2.24609E-01  2.45420E+00
  2.28516E-01  2.44964E+00
  2.32422E-01  2.44500E+00
  2.36328E-01  2.44029E+00
  2.40234E-01  2.43550E+00
  2.44141E-01  2.43065E+00
  2.48047E-01  2.42572E+00
  2.51953E-01  2.42071E+00
  2.55859E-01  2.41564E+00
  2.59766E-01  2.41049E+00
  2.63672E-01  2.40526E+00
  2.67578E-01  2.39996E+00
  2.71484E-01  2.39459E+00
  2.75391E-01  2.38915E+00
  2.79297E-01  2.38363E+00
  2.83203E-01  2.37803E+00
  2.87109E-01  2.37236E+00
  2.91016E-01  2.36662E+00
  2.94922E-01  2.36081E+00
  2.98828E-01  2.35492E+00
  3.02734E-01  2.34895E+00
  3.06641E-01  2.34291E+00
  3.10547E-01  2.33679E+00
  3.14453E-01  2.33060E+00
  3.18359E-01  2.32433E+00
  3.22266E-01  2.31799E+00
  3.26172E-01  2.31157E+00
  3.30078E-01  2.30508E+00
  3.33984E-01  2.29850E+00
  3.37891E-01  2.29185E+00
  3.41797E-01  2.28513E+00
  3.45703E-01  2.27832E+00
  3.49609E-01  2.27144E+00
  3.53516E-01  2.26448E+00
  3.57422E-01  2.25744E+00
  3.61328E-01  2.25032E+00
  3.65234E-01  2.24312E+00
  3.69141E-01  2.23584E+00
  3.73047E-01  2.22848E+00
  3.76953E-01  2.22104E+00
  3.80859E-01  2.21351E+00
  3.84766E-01  2.20591E+00
  3.88672E-01  2.19822E+00
  3.92578E-01  2.19045E+00
  3.96484E-01  2.18259E+00
  4.00391E-01  2.17465E+00
  4.04297E-01  2.16663E+00
  4.08203E-01  2.15851E+00
  4.12109E-01  2.15032E+00
  4.16016E-01  2.14203E+00
  4.19922E-01  2.13366E+00
  4.23828E-01  2.12519E+00
  4.27734E-01  2.11664E+00
  4.31641E-01  2.10800E+00
  4.35547E-01  2.09926E+00
  4.39453E-01  2.09044E+00
  4.43359E-01  2.08151E+00
  4.47266E-01  2.07250E+00
  4.51172E-01  2.06339E+00
  4.55078E-01  2.05418E+00
  4.58984E-01  2.04487E+00
  4.62891E-01  2.03547E+00
  4.66797E-01  2.02596E+00
  4.70703E-01  2.01636E+00
  4.74609E-01  2.00665E+00
  4.78516E-01  1.99683E+00
  4.82422E-01  1.98691E+00
  4.86328E-01  1.97688E+00
  4.90234E-01  1.96674E+00
  4.94141E-01  1.95649E+00
  4.98047E-01  1.94613E+00
  5.01953E-01  1.93566E+00
  5.05859E-01  1.92506E+00
  5.09766E-01  1.91435E+00
  5.13672E-01  1.90352E+00
  5.17578E-01  1.89256E+00
  5.21484E-01  1.88148E+00
  5.25391E-01  1.87028E+00
  5.29297E-01  1.85894E+00
  5.33203E-01  1.84747E+00
  5.37109E-01  1.83586E+00
  5.41016E-01  1.82411E+00
  5.44922E-01  1.81222E+00
  5.48828E-01  1.80019E+00
  5.52734E-01  1.78801E+00
  5.56641E-01  1.77567E+00
  5.60547E-01  1.76318E+00
  5.64453E-01  1.75052E+00
  5.68359E-01  1.73770E+00
  5.72266E-01  1.72471E+00
  5.76172E-01  1.71155E+00
  5.80078E-01  1.69821E+00
  5.83984E-01  1.68468E+00
  5.87891E-01  1.67096E+00
  5.91797E-01  1.65704E+00
  5.95703E-01  1.64291E+00
  5.99609E-01  1.62857E+00
  6.03516E-01  1.61401E+00
  6.07422E-01  1.59923E+00
  6.11328E-01  1.58420E+00
  6.15234E-01  1.56893E+00
  6.19141E-01  1.55341E+00
  6.23047E-01  1.53762E+00
  6.26953E-01  1.52154E+00
  6.30859E-01  1.50517E+00
  6.34766E-01  1.48849E+00
  6.38672E-01  1.47149E+00
  6.42578E-01  1.45415E+00
  6.46484E-01  1.43645E+00
  6.50391E-01  1.41837E+00
  6.54297E-01  1.39988E+00
  6.58203E-01  1.38096E+00
  6.62109E-01  1.36159E+00
  6.66016E-01  1.34172E+00
  6.69922E-01  1.32133E+00
  6.73828E-01  1.30036E+00
  6.77734E-01  1.27877E+00
  6.81641E-01  1.25651E+00
  6.85547E-01  1.23351E+00
  6.89453E-01  1.20970E+00
  6.93359E-01  1.18500E+00
  6.97266E-01  1.15929E+00
  7.01172E-01  1.13245E+00
  7.05078E-01  1.10431E+00
  7.08984E-01  1.07468E+00
  7.12891E-01  1.04329E+00
  7.16797E-01  1.00975E+00
  7.20703E-01  9.73075E-01
  7.24609E-01  9.26974E-01
  7.28516E-01  8.24820E-01
  7.32422E-01  3.41728E-03
  7.36328E-01  3.37648E-03
  7.40234E-01  3.32341E-03
  7.44141E-01  3.27259E-03
  7.48047E-01  3.22171E-03
  7.51953E-01  3.17286E-03
  7.55859E-01  3.12394E-03
  7.59766E-01  3.07698E-03
  7.63672E-01  3.03003E-03
  7.67578E-01  2.98510E-03
  7.71484E-01  2.94022E-03
  7.75391E-01  2.89710E-03
  7.79297E-01  2.85394E-03
  7.83203E-01  2.81230E-03
  7.87109E-01  2.77068E-03
  7.91016E-01  2.73055E-03
  7.94922E-01  2.69053E-03
  7.98828E-01  2.65207E-03
  8.02734E-01  2.61370E-03
  8.06641E-01  2.57679E-03
  8.10547E-01  2.53993E-03
  8.14453E-01  2.50440E-03
  8.18359E-01  2.46882E-03
  8.22266E-01  2.43452E-03
  8.26172E-01  2.40021E-03
  8.30078E-01  2.36714E-03
  8.33984E-01  2.33405E-03
  8.37891E-01  2.30222E-03
  8.41797E-01  2.27044E-03
  8.45703E-01  2.23986E-03
  8.49609E-01  2.20926E-03
  8.53516E-01  2.17979E-03
  8.57422E-01  2.15029E-03
  8.61328E-01  2.12187E-03
  8.65234E-01  2.09340E-03
  8.69141E-01  2.06595E-03
  8.73047E-01  2.03848E-03
  8.76953E-01  2.01198E-03
  8.80859E-01  1.98546E-03
  8.84766E-01  1.95990E-03
  8.88672E-01  1.93434E-03
  8.92578E-01  1.90975E-03
  8.96484E-01  1.88517E-03
  9.00391E-01  1.86150E-03
  9.04297E-01  1.83777E-03
  9.08203E-01  1.81485E-03
  9.12109E-01  1.79194E-03
  9.16016E-01  1.76983E-03
  9.19922E-01  1.74769E-03
  9.23828E-01  1.72638E-03
  9.27734E-01  1.70519E-03
  9.31641E-01  1.68464E-03
  9.35547E-01  1.66442E-03
  9.39453E-01  1.64447E-03
  9.43359E-01  1.62512E-03
  9.47266E-01  1.60579E-03
  9.51172E-01  1.58724E-03
  9.55078E-01  1.56870E-03
  9.58984E-01  1.55101E-03
  9.62891E-01  1.53328E-03
  9.66797E-01  1.51629E-03
  9.70703E-01  1.49923E-03
  9.74609E-01  1.48297E-03
  9.78516E-01  1.46673E-03
  9.82422E-01  1.45147E-03
  9.86328E-01  1.43613E-03
  9.90234E-01  1.42201E-03
  9.94141E-01  1.41017E-03
  9.98047E-01  1.40460E-03
  1.00195E+00  1.40460E-03
