 -1.95312E-03  2.58891E+00
  1.95312E-03  2.58891E+00
  5.85938E-03  2.58882E+00
  9.76562E-03  2.58864E+00
  1.36719E-02  2.58837E+00
  1.75781E-02  2.58802E+00
  2.14844E-02  2.58757E+00
  2.53906E-02  2.58704E+00
  2.92969E-02  2.58642E+00
  3.32031E-02  2.58571E+00
  3.71094E-02  2.58492E+00
  4.10156E-02  2.58405E+00
  4.49219E-02  2.58309E+00
  4.88281E-02  2.58204E+00
  5.27344E-02  2.58091E+00
  5.66406E-02  2.57970E+00
  6.05469E-02  2.57841E+00
  6.44531E-02  2.57703E+00
  6.83594E-02  2.57557E+00
  7.22656E-02  2.57403E+00
  7.61719E-02  2.57241E+00
  8.00781E-02  2.57071E+00
  8.39844E-02  2.56893E+00
  8.78906E-02  2.56707E+00
  9.17969E-02  2.56513E+00
  9.57031E-02  2.56311E+00
  9.96094E-02  2.56102E+00
  1.03516E-01  2.55884E+00
  1.07422E-01  2.55659E+00
  1.11328E-01  2.55426E+00
  1.15234E-01  2.55185E+00
  1.19141E-01  2.54937E+00
  1.23047E-01  2.54680E+00
  1.26953E-01  2.54417E+00
  1.30859E-01  2.54145E+00
  1.34766E-01  2.53866E+00
  1.38672E-01  2.53580E+00
  1.42578E-01  2.53286E+00
  1.46484E-01  2.52984E+00
  1.50391E-01  2.52675E+00
  1.54297E-01  2.52358E+00
  1.58203E-01  2.52034E+00
  1.62109E-01  2.51702E+00
  1.66016E-01  2.51363E+00
  1.69922E-01  2.51017E+00
  1.73828E-01  2.50663E+00
  1.77734E-01  2.50302E+00
  1.81641E-01  2.49933E+00
  1.85547E-01  2.49558E+00
  1.89453E-01  2.49174E+00
  1.93359E-01  2.48784E+00
  1.97266E-01  2.48386E+00
  2.01172E-01  2.47981E+00
  2.05078E-01  2.47568E+00
  2.08984E-01  2.47148E+00
  2.12891E-01  2.46721E+00
  2.16797E-01  2.46286E+00
  2.20703E-01  2.45844E+00
  2.24609E-01  2.45395E+00
  2.28516E-01  2.44939E+00
  2.32422E-01  2.44475E+00
  2.36328E-01  2.44004E+00
  2.40234E-01  2.43525E+00
  2.44141E-01  2.43040E+00
  2.48047E-01  2.42547E+00
  2.51953E-01  2.42046E+00
  2.55859E-01  2.41538E+00
  2.59766E-01  2.41023E+00
  2.63672E-01  2.40501E+00
  2.67578E-01  2.39971E+00
  2.71484E-01  2.39434E+00
  2.75391E-01  2.38889E+00
  2.79297E-01  2.38338E+00
  2.83203E-01  2.37778E+00
  2.87109E-01  2.37212E+00
  2.91016E-01  2.36638E+00
  2.94922E-01  2.36056E+00
  2.98828E-01  2.35467E+00
  3.02734E-01  2.34871E+00
  3.06641E-01  2.34267E+00
  3.10547E-01  2.33655E+00
  3.14453E-01  2.33036E+00
  3.18359E-01  2.32409E+00
  3.22266E-01  2.31775E+00
  3.26172E-01  2.31133E+00
  3.30078E-01  2.30484E+00
  3.33984E-01  2.29826E+00
  3.37891E-01  2.29161E+00
  3.41797E-01  2.28489E+00
  3.45703E-01  2.27808E+00
  3.49609E-01  2.27120E+00
  3.53516E-01  2.26424E+00
  3.57422E-01  2.25720E+00
  3.61328E-01  2.25008E+00
  3.65234E-01  2.24288E+00
  3.69141E-01  2.23561E+00
  3.73047E-01  2.22825E+00
  3.76953E-01  2.22081E+00
  3.80859E-01  2.21328E+00
  3.84766E-01  2.20568E+00
  3.88672E-01  2.19799E+00
  3.92578E-01  2.19022E+00
  3.96484E-01  2.18237E+00
  4.00391E-01  2.17443E+00
  4.04297E-01  2.16640E+00
  4.08203E-01  2.15829E+00
  4.12109E-01  2.15009E+00
  4.16016E-01  2.14181E+00
  4.19922E-01  2.13344E+00
  4.23828E-01  2.12497E+00
  4.27734E-01  2.11642E+00
  4.31641E-01  2.10778E+00
  4.35547E-01  2.09905E+00
  4.39453E-01  2.09022E+00
  4.43359E-01  2.08131E+00
  4.47266E-01  2.07229E+00
  4.51172E-01  2.06318E+00
  4.55078E-01  2.05398E+00
  4.58984E-01  2.04467E+00
  4.62891E-01  2.03527E+00
  4.66797E-01  2.02577E+00
  4.70703E-01  2.01617E+00
  4.74609E-01  2.00646E+00
  4.78516E-01  1.99665E+00
  4.82422E-01  1.98674E+00
  4.86328E-01  1.97671E+00
  4.90234E-01  1.96658E+00
  4.94141E-01  1.95634E+00
  4.98047E-01  1.94598E+00
  5.01953E-01  1.93551E+00
  5.05859E-01  1.92492E+00
  5.09766E-01  1.91422E+00
  5.13672E-01  1.90339E+00
  5.17578E-01  1.89245E+00
  5.21484E-01  1.88137E+00
  5.25391E-01  1.87017E+00
  5.29297E-01  1.85884E+00
  5.33203E-01  1.84738E+00
  5.37109E-01  1.83579E+00
  5.41016E-01  1.82405E+00
  5.44922E-01  1.81218E+00
  5.48828E-01  1.80016E+00
  5.52734E-01  1.78799E+00
  5.56641E-01  1.77567E+00
  5.60547E-01  1.76320E+00
  5.64453E-01  1.75056E+00
  5.68359E-01  1.73776E+00
  5.72266E-01  1.72480E+00
  5.76172E-01  1.71165E+00
  5.80078E-01  1.69833E+00
  5.83984E-01  1.68483E+00
  5.87891E-01  1.67113E+00
  5.91797E-01  1.65724E+00
  5.95703E-01  1.64315E+00
  5.99609E-01  1.62884E+00
  6.03516E-01  1.61432E+00
  6.07422E-01  1.59957E+00
  6.11328E-01  1.58458E+00
  6.15234E-01  1.56935E+00
  6.19141E-01  1.55387E+00
  6.23047E-01  1.53812E+00
  6.26953E-01  1.52209E+00
  6.30859E-01  1.50577E+00
  6.34766E-01  1.48914E+00
  6.38672E-01  1.47220E+00
  6.42578E-01  1.45491E+00
  6.46484E-01  1.43727E+00
  6.50391E-01  1.41925E+00
  6.54297E-01  1.40083E+00
  6.58203E-01  1.38198E+00
  6.62109E-01  1.36268E+00
  6.66016E-01  1.34290E+00
  6.69922E-01  1.32259E+00
  6.73828E-01  1.30173E+00
  6.77734E-01  1.28025E+00
  6.81641E-01  1.25811E+00
  6.85547E-01  1.23524E+00
  6.89453E-01  1.21158E+00
  6.93359E-01  1.18703E+00
  6.97266E-01  1.16150E+00
  7.01172E-01  1.13486E+00
  7.05078E-01  1.10696E+00
  7.08984E-01  1.07760E+00
  7.12891E-01  1.04654E+00
  7.16797E-01  1.01339E+00
  7.20703E-01  9.77249E-01
  7.24609E-01  9.32182E-01
  7.28516E-01  8.32664E-01
  7.32422E-01  6.53343E-03
  7.36328E-01  6.45324E-03
  7.40234E-01  6.35245E-03
  7.44141E-01  6.25608E-03
  7.48047E-01  6.15968E-03
  7.51953E-01  6.06710E-03
  7.55859E-01  5.97428E-03
  7.59766E-01  5.88505E-03
  7.63672E-01  5.79586E-03
  7.67578E-01  5.71027E-03
  7.71484E-01  5.62488E-03
  7.75391E-01  5.54298E-03
  7.79297E-01  5.46099E-03
  7.83203E-01  5.38195E-03
  7.87109E-01  5.30292E-03
  7.91016E-01  5.22677E-03
  7.94922E-01  5.15083E-03
  7.98828E-01  5.07789E-03
  8.02734E-01  5.00494E-03
  8.06641E-01  4.93466E-03
  8.10547E-01  4.86430E-03
  8.14453E-01  4.79663E-03
  8.18359E-01  4.72911E-03
  8.22266E-01  4.66402E-03
  8.26172E-01  4.59882E-03
  8.30078E-01  4.53600E-03
  8.33984E-01  4.47322E-03
  8.37891E-01  4.41277E-03
  8.41797E-01  4.35232E-03
  8.45703E-01  4.29415E-03
  8.49609E-01  4.23593E-03
  8.53516E-01  4.17955E-03
  8.57422E-01  4.12320E-03
  8.61328E-01  4.06896E-03
  8.65234E-01  4.01509E-03
  8.69141E-01  3.96258E-03
  8.73047E-01  3.91063E-03
  8.76953E-01  3.85964E-03
  8.80859E-01  3.80957E-03
  8.84766E-01  3.76031E-03
  8.88672E-01  3.71219E-03
  8.92578E-01  3.66468E-03
  8.96484E-01  3.61819E-03
  9.00391E-01  3.57197E-03
  9.04297E-01  3.52713E-03
  9.08203E-01  3.48240E-03
  9.12109E-01  3.43926E-03
  9.16016E-01  3.39617E-03
  9.19922E-01  3.35464E-03
  9.23828E-01  3.31301E-03
  9.27734E-01  3.27269E-03
  9.31641E-01  3.23232E-03
  9.35547E-01  3.19343E-03
  9.39453E-01  3.15464E-03
  9.43359E-01  3.11740E-03
  9.47266E-01  3.08008E-03
  9.51172E-01  3.04397E-03
  9.55078E-01  3.00799E-03
  9.58984E-01  2.97351E-03
  9.62891E-01  2.93936E-03
  9.66797E-01  2.90660E-03
  9.70703E-01  2.87389E-03
  9.74609E-01  2.84307E-03
  9.78516E-01  2.81277E-03
  9.82422E-01  2.78373E-03
  9.86328E-01  2.75588E-03
  9.90234E-01  2.72922E-03
  9.94141E-01  2.70632E-03
  9.98047E-01  2.69568E-03
  1.00195E+00  2.69568E-03
