 -1.95312E-03  5.05360E+00
  1.95312E-03  5.05371E+00
  5.85938E-03  5.05189E+00
  9.76562E-03  5.04873E+00
  1.36719E-02  5.04420E+00
  1.75781E-02  5.03829E+00
  2.14844E-02  5.03103E+00
  2.53906E-02  5.02241E+00
  2.92969E-02  5.01244E+00
  3.32031E-02  5.00114E+00
  3.71094E-02  4.98851E+00
  4.10156E-02  4.97457E+00
  4.49219E-02  4.95931E+00
  4.88281E-02  4.94274E+00
  5.27344E-02  4.92487E+00
  5.66406E-02  4.90570E+00
  6.05469E-02  4.88525E+00
  6.44531E-02  4.86350E+00
  6.83594E-02  4.84047E+00
  7.22656E-02  4.81615E+00
  7.61719E-02  4.79056E+00
  8.00781E-02  4.76369E+00
  8.39844E-02  4.73555E+00
  8.78906E-02  4.70614E+00
  9.17969E-02  4.67546E+00
  9.57031E-02  4.64352E+00
  9.96094E-02  4.61033E+00
  1.03516E-01  4.57588E+00
  1.07422E-01  4.54018E+00
  1.11328E-01  4.50325E+00
  1.15234E-01  4.46509E+00
  1.19141E-01  4.42570E+00
  1.23047E-01  4.38511E+00
  1.26953E-01  4.34333E+00
  1.30859E-01  4.30037E+00
  1.34766E-01  4.25624E+00
  1.38672E-01  4.21099E+00
  1.42578E-01  4.16462E+00
  1.46484E-01  4.11718E+00
  1.50391E-01  4.06870E+00
  1.54297E-01  4.01922E+00
  1.58203E-01  3.96878E+00
  1.62109E-01  3.91743E+00
  1.66016E-01  3.86525E+00
  1.69922E-01  3.81228E+00
  1.73828E-01  3.75861E+00
  1.77734E-01  3.70432E+00
  1.81641E-01  3.64949E+00
  1.85547E-01  3.59423E+00
  1.89453E-01  3.53863E+00
  1.93359E-01  3.48280E+00
  1.97266E-01  3.42687E+00
  2.01172E-01  3.37094E+00
  2.05078E-01  3.31515E+00
  2.08984E-01  3.25962E+00
  2.12891E-01  3.20446E+00
  2.16797E-01  3.14982E+00
  2.20703E-01  3.09579E+00
  2.24609E-01  3.04250E+00
  2.28516E-01  2.99003E+00
  2.32422E-01  2.93847E+00
  2.36328E-01  2.88790E+00
  2.40234E-01  2.83839E+00
  2.44141E-01  2.78997E+00
  2.48047E-01  2.74267E+00
  2.51953E-01  2.69652E+00
  2.55859E-01  2.65152E+00
  2.59766E-01  2.60766E+00
  2.63672E-01  2.56492E+00
  2.67578E-01  2.52328E+00
  2.71484E-01  2.48271E+00
  2.75391E-01  2.44317E+00
  2.79297E-01  2.40464E+00
  2.83203E-01  2.36707E+00
  2.87109E-01  2.33043E+00
  2.91016E-01  2.29467E+00
  2.94922E-01  2.25978E+00
  2.98828E-01  2.22571E+00
  3.02734E-01  2.19244E+00
  3.06641E-01  2.15992E+00
  3.10547E-01  2.12813E+00
  3.14453E-01  2.09705E+00
  3.18359E-01  2.06665E+00
  3.22266E-01  2.03691E+00
  3.26172E-01  2.00780E+00
  3.30078E-01  1.97929E+00
  3.33984E-01  1.95138E+00
  3.37891E-01  1.92404E+00
  3.41797E-01  1.89725E+00
  3.45703E-01  1.87099E+00
  3.49609E-01  1.84526E+00
  3.53516E-01  1.82003E+00
  3.57422E-01  1.79530E+00
  3.61328E-01  1.77105E+00
  3.65234E-01  1.74726E+00
  3.69141E-01  1.72393E+00
  3.73047E-01  1.70103E+00
  3.76953E-01  1.67857E+00
  3.80859E-01  1.65652E+00
  3.84766E-01  1.63489E+00
  3.88672E-01  1.61365E+00
  3.92578E-01  1.59280E+00
  3.96484E-01  1.57232E+00
  4.00391E-01  1.55221E+00
  4.04297E-01  1.53246E+00
  4.08203E-01  1.51306E+00
  4.12109E-01  1.49399E+00
  4.16016E-01  1.47523E+00
  4.19922E-01  1.45680E+00
  4.23828E-01  1.43868E+00
  4.27734E-01  1.42087E+00
  4.31641E-01  1.40336E+00
  4.35547E-01  1.38615E+00
  4.39453E-01  1.36922E+00
  4.43359E-01  1.35258E+00
  4.47266E-01  1.33620E+00
  4.51172E-01  1.32010E+00
  4.55078E-01  1.30426E+00
  4.58984E-01  1.28868E+00
  4.62891E-01  1.27336E+00
  4.66797E-01  1.25828E+00
  4.70703E-01  1.24343E+00
  4.74609E-01  1.22883E+00
  4.78516E-01  1.21446E+00
  4.82422E-01  1.20031E+00
  4.86328E-01  1.18639E+00
  4.90234E-01  1.17269E+00
  4.94141E-01  1.15920E+00
  4.98047E-01  1.14592E+00
  5.01953E-01  1.13285E+00
  5.05859E-01  1.11997E+00
  5.09766E-01  1.10729E+00
  5.13672E-01  1.09481E+00
  5.17578E-01  1.08252E+00
  5.21484E-01  1.07041E+00
  5.25391E-01  1.05849E+00
  5.29297E-01  1.04674E+00
  5.33203E-01  1.03517E+00
  5.37109E-01  1.02377E+00
  5.41016E-01  1.01254E+00
  5.44922E-01  1.00147E+00
  5.48828E-01  9.90565E-01
  5.52734E-01  9.79821E-01
  5.56641E-01  9.69232E-01
  5.60547E-01  9.58797E-01
  5.64453E-01  9.48513E-01
  5.68359E-01  9.38375E-01
  5.72266E-01  9.28382E-01
  5.76172E-01  9.18531E-01
  5.80078E-01  9.08820E-01
  5.83984E-01  8.99245E-01
  5.87891E-01  8.89807E-01
  5.91797E-01  8.80499E-01
  5.95703E-01  8.71325E-01
  5.99609E-01  8.62277E-01
  6.03516E-01  8.53355E-01
  6.07422E-01  8.44555E-01
  6.11328E-01  8.35876E-01
  6.15234E-01  8.27317E-01
  6.19141E-01  8.18875E-01
  6.23047E-01  8.10548E-01
  6.26953E-01  8.02332E-01
  6.30859E-01  7.94230E-01
  6.34766E-01  7.86234E-01
  6.38672E-01  7.78347E-01
  6.42578E-01  7.70567E-01
  6.46484E-01  7.62888E-01
  6.50391E-01  7.55314E-01
  6.54297E-01  7.47839E-01
  6.58203E-01  7.40462E-01
  6.62109E-01  7.33181E-01
  6.66016E-01  7.25999E-01
  6.69922E-01  7.18905E-01
  6.73828E-01  7.11907E-01
  6.77734E-01  7.05000E-01
  6.81641E-01  6.98184E-01
  6.85547E-01  6.91452E-01
  6.89453E-01  6.84807E-01
  6.93359E-01  6.78247E-01
  6.97266E-01  6.71773E-01
  7.01172E-01  6.65381E-01
  7.05078E-01  6.59071E-01
  7.08984E-01  6.52837E-01
  7.12891E-01  6.46680E-01
  7.16797E-01  6.40603E-01
  7.20703E-01  6.34602E-01
  7.24609E-01  6.28677E-01
  7.28516E-01  6.22826E-01
  7.32422E-01  6.17047E-01
  7.36328E-01  6.11341E-01
  7.40234E-01  6.05706E-01
  7.44141E-01  6.00136E-01
  7.48047E-01  5.94633E-01
  7.51953E-01  5.89196E-01
  7.55859E-01  5.83828E-01
  7.59766E-01  5.78525E-01
  7.63672E-01  5.73286E-01
  7.67578E-01  5.68110E-01
  7.71484E-01  5.62998E-01
  7.75391E-01  5.57945E-01
  7.79297E-01  5.52953E-01
  7.83203E-01  5.48022E-01
  7.87109E-01  5.43149E-01
  7.91016E-01  5.38331E-01
  7.94922E-01  5.33575E-01
  7.98828E-01  5.28874E-01
  8.02734E-01  5.24227E-01
  8.06641E-01  5.19635E-01
  8.10547E-01  5.15096E-01
  8.14453E-01  5.10609E-01
  8.18359E-01  5.06176E-01
  8.22266E-01  5.01789E-01
  8.26172E-01  4.97454E-01
  8.30078E-01  4.93170E-01
  8.33984E-01  4.88932E-01
  8.37891E-01  4.84745E-01
  8.41797E-01  4.80604E-01
  8.45703E-01  4.76511E-01
  8.49609E-01  4.72463E-01
  8.53516E-01  4.68465E-01
  8.57422E-01  4.64509E-01
  8.61328E-01  4.60597E-01
  8.65234E-01  4.56730E-01
  8.69141E-01  4.52906E-01
  8.73047E-01  4.49123E-01
  8.76953E-01  4.45383E-01
  8.80859E-01  4.41686E-01
  8.84766E-01  4.38028E-01
  8.88672E-01  4.34411E-01
  8.92578E-01  4.30834E-01
  8.96484E-01  4.27295E-01
  9.00391E-01  4.23796E-01
  9.04297E-01  4.20335E-01
  9.08203E-01  4.16912E-01
  9.12109E-01  4.13525E-01
  9.16016E-01  4.10175E-01
  9.19922E-01  4.06861E-01
  9.23828E-01  4.03582E-01
  9.27734E-01  4.00340E-01
  9.31641E-01  3.97132E-01
  9.35547E-01  3.93958E-01
  9.39453E-01  3.90820E-01
  9.43359E-01  3.87717E-01
  9.47266E-01  3.84647E-01
  9.51172E-01  3.81611E-01
  9.55078E-01  3.78614E-01
  9.58984E-01  3.75651E-01
  9.62891E-01  3.72726E-01
  9.66797E-01  3.69843E-01
  9.70703E-01  3.67005E-01
  9.74609E-01  3.64217E-01
  9.78516E-01  3.61492E-01
  9.82422E-01  3.58842E-01
  9.86328E-01  3.56290E-01
  9.90234E-01  3.53874E-01
  9.94141E-01  3.51662E-01
  9.98047E-01  3.50341E-01
  1.00195E+00  3.50341E-01
