 -1.95312E-03  6.74247E+00
  1.95312E-03  6.74260E+00
  5.85938E-03  6.74110E+00
  9.76562E-03  6.73858E+00
  1.36719E-02  6.73501E+00
  1.75781E-02  6.73036E+00
  2.14844E-02  6.72465E+00
  2.53906E-02  6.71789E+00
  2.92969E-02  6.71007E+00
  3.32031E-02  6.70120E+00
  3.71094E-02  6.69128E+00
  4.10156E-02  6.68031E+00
  4.49219E-02  6.66830E+00
  4.88281E-02  6.65524E+00
  5.27344E-02  6.64115E+00
  5.66406E-02  6.62600E+00
  6.05469E-02  6.60982E+00
  6.44531E-02  6.59258E+00
  6.83594E-02  6.57429E+00
  7.22656E-02  6.55495E+00
  7.61719E-02  6.53455E+00
  8.00781E-02  6.51309E+00
  8.39844E-02  6.49055E+00
  8.78906E-02  6.46694E+00
  9.17969E-02  6.44224E+00
  9.57031E-02  6.41645E+00
  9.96094E-02  6.38955E+00
  1.03516E-01  6.36154E+00
  1.07422E-01  6.33241E+00
  1.11328E-01  6.30214E+00
  1.15234E-01  6.27072E+00
  1.19141E-01  6.23814E+00
  1.23047E-01  6.20437E+00
  1.26953E-01  6.16941E+00
  1.30859E-01  6.13323E+00
  1.34766E-01  6.09582E+00
  1.38672E-01  6.05715E+00
  1.42578E-01  6.01720E+00
  1.46484E-01  5.97596E+00
  1.50391E-01  5.93338E+00
  1.54297E-01  5.88946E+00
  1.58203E-01  5.84415E+00
  1.62109E-01  5.79744E+00
  1.66016E-01  5.74927E+00
  1.69922E-01  5.69963E+00
  1.73828E-01  5.64846E+00
  1.77734E-01  5.59575E+00
  1.81641E-01  5.54143E+00
  1.85547E-01  5.48547E+00
  1.89453E-01  5.42782E+00
  1.93359E-01  5.36843E+00
  1.97266E-01  5.30724E+00
  2.01172E-01  5.24419E+00
  2.05078E-01  5.17924E+00
  2.08984E-01  5.11230E+00
  2.12891E-01  5.04332E+00
  2.16797E-01  4.97221E+00
  2.20703E-01  4.89892E+00
  2.24609E-01  4.82334E+00
  2.28516E-01  4.74540E+00
  2.32422E-01  4.66502E+00
  2.36328E-01  4.58209E+00
  2.40234E-01  4.49652E+00
  2.44141E-01  4.40823E+00
  2.48047E-01  4.31711E+00
  2.51953E-01  4.22309E+00
  2.55859E-01  4.12607E+00
  2.59766E-01  4.02600E+00
  2.63672E-01  3.92284E+00
  2.67578E-01  3.81659E+00
  2.71484E-01  3.70729E+00
  2.75391E-01  3.59509E+00
  2.79297E-01  3.48022E+00
  2.83203E-01  3.36307E+00
  2.87109E-01  3.24421E+00
  2.91016E-01  3.12445E+00
  2.94922E-01  3.00478E+00
  2.98828E-01  2.88653E+00
  3.02734E-01  2.77122E+00
  3.06641E-01  2.66049E+00
  3.10547E-01  2.55588E+00
  3.14453E-01  2.45862E+00
  3.18359E-01  2.36944E+00
  3.22266E-01  2.28851E+00
  3.26172E-01  2.21546E+00
  3.30078E-01  2.14954E+00
  3.33984E-01  2.08979E+00
  3.37891E-01  2.03521E+00
  3.41797E-01  1.98485E+00
  3.45703E-01  1.93792E+00
  3.49609E-01  1.89378E+00
  3.53516E-01  1.85195E+00
  3.57422E-01  1.81207E+00
  3.61328E-01  1.77387E+00
  3.65234E-01  1.73716E+00
  3.69141E-01  1.70177E+00
  3.73047E-01  1.66759E+00
  3.76953E-01  1.63452E+00
  3.80859E-01  1.60249E+00
  3.84766E-01  1.57144E+00
  3.88672E-01  1.54132E+00
  3.92578E-01  1.51208E+00
  3.96484E-01  1.48368E+00
  4.00391E-01  1.45607E+00
  4.04297E-01  1.42923E+00
  4.08203E-01  1.40312E+00
  4.12109E-01  1.37771E+00
  4.16016E-01  1.35296E+00
  4.19922E-01  1.32886E+00
  4.23828E-01  1.30537E+00
  4.27734E-01  1.28248E+00
  4.31641E-01  1.26014E+00
  4.35547E-01  1.23838E+00
  4.39453E-01  1.21712E+00
  4.43359E-01  1.19639E+00
  4.47266E-01  1.17614E+00
  4.51172E-01  1.15638E+00
  4.55078E-01  1.13708E+00
  4.58984E-01  1.11823E+00
  4.62891E-01  1.09980E+00
  4.66797E-01  1.08180E+00
  4.70703E-01  1.06420E+00
  4.74609E-01  1.04700E+00
  4.78516E-01  1.03017E+00
  4.82422E-01  1.01372E+00
  4.86328E-01  9.97622E-01
  4.90234E-01  9.81882E-01
  4.94141E-01  9.66474E-01
  4.98047E-01  9.51392E-01
  5.01953E-01  9.36646E-01
  5.05859E-01  9.22182E-01
  5.09766E-01  9.08037E-01
  5.13672E-01  8.94207E-01
  5.17578E-01  8.80645E-01
  5.21484E-01  8.67323E-01
  5.25391E-01  8.54303E-01
  5.29297E-01  8.41576E-01
  5.33203E-01  8.29114E-01
  5.37109E-01  8.16885E-01
  5.41016E-01  8.04860E-01
  5.44922E-01  7.93041E-01
  5.48828E-01  7.81481E-01
  5.52734E-01  7.70169E-01
  5.56641E-01  7.59095E-01
  5.60547E-01  7.48240E-01
  5.64453E-01  7.37594E-01
  5.68359E-01  7.27157E-01
  5.72266E-01  7.16915E-01
  5.76172E-01  7.06870E-01
  5.80078E-01  6.97014E-01
  5.83984E-01  6.87335E-01
  5.87891E-01  6.77827E-01
  5.91797E-01  6.68461E-01
  5.95703E-01  6.59248E-01
  5.99609E-01  6.50214E-01
  6.03516E-01  6.41354E-01
  6.07422E-01  6.32663E-01
  6.11328E-01  6.24135E-01
  6.15234E-01  6.15767E-01
  6.19141E-01  6.07548E-01
  6.23047E-01  5.99477E-01
  6.26953E-01  5.91551E-01
  6.30859E-01  5.83767E-01
  6.34766E-01  5.76120E-01
  6.38672E-01  5.68609E-01
  6.42578E-01  5.61225E-01
  6.46484E-01  5.53970E-01
  6.50391E-01  5.46841E-01
  6.54297E-01  5.39831E-01
  6.58203E-01  5.32945E-01
  6.62109E-01  5.26175E-01
  6.66016E-01  5.19519E-01
  6.69922E-01  5.12979E-01
  6.73828E-01  5.06546E-01
  6.77734E-01  5.00221E-01
  6.81641E-01  4.94003E-01
  6.85547E-01  4.87883E-01
  6.89453E-01  4.81867E-01
  6.93359E-01  4.75950E-01
  6.97266E-01  4.70129E-01
  7.01172E-01  4.64405E-01
  7.05078E-01  4.58773E-01
  7.08984E-01  4.53231E-01
  7.12891E-01  4.47778E-01
  7.16797E-01  4.42413E-01
  7.20703E-01  4.37133E-01
  7.24609E-01  4.31936E-01
  7.28516E-01  4.26821E-01
  7.32422E-01  4.21787E-01
  7.36328E-01  4.16831E-01
  7.40234E-01  4.11954E-01
  7.44141E-01  4.07155E-01
  7.48047E-01  4.02427E-01
  7.51953E-01  3.97774E-01
  7.55859E-01  3.93189E-01
  7.59766E-01  3.88677E-01
  7.63672E-01  3.84232E-01
  7.67578E-01  3.79858E-01
  7.71484E-01  3.75549E-01
  7.75391E-01  3.71304E-01
  7.79297E-01  3.67123E-01
  7.83203E-01  3.63005E-01
  7.87109E-01  3.58949E-01
  7.91016E-01  3.54951E-01
  7.94922E-01  3.51014E-01
  7.98828E-01  3.47136E-01
  8.02734E-01  3.43313E-01
  8.06641E-01  3.39546E-01
  8.10547E-01  3.35833E-01
  8.14453E-01  3.32176E-01
  8.18359E-01  3.28573E-01
  8.22266E-01  3.25020E-01
  8.26172E-01  3.21517E-01
  8.30078E-01  3.18067E-01
  8.33984E-01  3.14664E-01
  8.37891E-01  3.11310E-01
  8.41797E-01  3.08004E-01
  8.45703E-01  3.04745E-01
  8.49609E-01  3.01531E-01
  8.53516E-01  2.98362E-01
  8.57422E-01  2.95238E-01
  8.61328E-01  2.92156E-01
  8.65234E-01  2.89120E-01
  8.69141E-01  2.86124E-01
  8.73047E-01  2.83169E-01
  8.76953E-01  2.80253E-01
  8.80859E-01  2.77379E-01
  8.84766E-01  2.74543E-01
  8.88672E-01  2.71747E-01
  8.92578E-01  2.68989E-01
  8.96484E-01  2.66267E-01
  9.00391E-01  2.63584E-01
  9.04297E-01  2.60936E-01
  9.08203E-01  2.58324E-01
  9.12109E-01  2.55747E-01
  9.16016E-01  2.53205E-01
  9.19922E-01  2.50697E-01
  9.23828E-01  2.48222E-01
  9.27734E-01  2.45783E-01
  9.31641E-01  2.43376E-01
  9.35547E-01  2.41003E-01
  9.39453E-01  2.38661E-01
  9.43359E-01  2.36353E-01
  9.47266E-01  2.34078E-01
  9.51172E-01  2.31838E-01
  9.55078E-01  2.29629E-01
  9.58984E-01  2.27457E-01
  9.62891E-01  2.25320E-01
  9.66797E-01  2.23220E-01
  9.70703E-01  2.21158E-01
  9.74609E-01  2.19138E-01
  9.78516E-01  2.17165E-01
  9.82422E-01  2.15241E-01
  9.86328E-01  2.13376E-01
  9.90234E-01  2.11582E-01
  9.94141E-01  2.09888E-01
  9.98047E-01  2.09049E-01
  1.00195E+00  2.09049E-01
