 -1.95312E-03  5.80566E+00
  1.95312E-03  5.80575E+00
  5.85938E-03  5.80407E+00
  9.76562E-03  5.80120E+00
  1.36719E-02  5.79710E+00
  1.75781E-02  5.79176E+00
  2.14844E-02  5.78519E+00
  2.53906E-02  5.77740E+00
  2.92969E-02  5.76839E+00
  3.32031E-02  5.75816E+00
  3.71094E-02  5.74673E+00
  4.10156E-02  5.73408E+00
  4.49219E-02  5.72024E+00
  4.88281E-02  5.70519E+00
  5.27344E-02  5.68895E+00
  5.66406E-02  5.67150E+00
  6.05469E-02  5.65285E+00
  6.44531E-02  5.63300E+00
  6.83594E-02  5.61194E+00
  7.22656E-02  5.58967E+00
  7.61719E-02  5.56619E+00
  8.00781E-02  5.54150E+00
  8.39844E-02  5.51558E+00
  8.78906E-02  5.48843E+00
  9.17969E-02  5.46005E+00
  9.57031E-02  5.43042E+00
  9.96094E-02  5.39955E+00
  1.03516E-01  5.36741E+00
  1.07422E-01  5.33400E+00
  1.11328E-01  5.29931E+00
  1.15234E-01  5.26333E+00
  1.19141E-01  5.22605E+00
  1.23047E-01  5.18745E+00
  1.26953E-01  5.14752E+00
  1.30859E-01  5.10625E+00
  1.34766E-01  5.06362E+00
  1.38672E-01  5.01963E+00
  1.42578E-01  4.97425E+00
  1.46484E-01  4.92748E+00
  1.50391E-01  4.87930E+00
  1.54297E-01  4.82969E+00
  1.58203E-01  4.77865E+00
  1.62109E-01  4.72616E+00
  1.66016E-01  4.67221E+00
  1.69922E-01  4.61680E+00
  1.73828E-01  4.55992E+00
  1.77734E-01  4.50155E+00
  1.81641E-01  4.44172E+00
  1.85547E-01  4.38040E+00
  1.89453E-01  4.31763E+00
  1.93359E-01  4.25342E+00
  1.97266E-01  4.18779E+00
  2.01172E-01  4.12078E+00
  2.05078E-01  4.05242E+00
  2.08984E-01  3.98279E+00
  2.12891E-01  3.91195E+00
  2.16797E-01  3.84000E+00
  2.20703E-01  3.76703E+00
  2.24609E-01  3.69319E+00
  2.28516E-01  3.61863E+00
  2.32422E-01  3.54353E+00
  2.36328E-01  3.46808E+00
  2.40234E-01  3.39253E+00
  2.44141E-01  3.31710E+00
  2.48047E-01  3.24209E+00
  2.51953E-01  3.16777E+00
  2.55859E-01  3.09445E+00
  2.59766E-01  3.02240E+00
  2.63672E-01  2.95192E+00
  2.67578E-01  2.88323E+00
  2.71484E-01  2.81658E+00
  2.75391E-01  2.75212E+00
  2.79297E-01  2.68998E+00
  2.83203E-01  2.63022E+00
  2.87109E-01  2.57286E+00
  2.91016E-01  2.51785E+00
  2.94922E-01  2.46514E+00
  2.98828E-01  2.41461E+00
  3.02734E-01  2.36614E+00
  3.06641E-01  2.31961E+00
  3.10547E-01  2.27488E+00
  3.14453E-01  2.23182E+00
  3.18359E-01  2.19030E+00
  3.22266E-01  2.15020E+00
  3.26172E-01  2.11143E+00
  3.30078E-01  2.07388E+00
  3.33984E-01  2.03748E+00
  3.37891E-01  2.00215E+00
  3.41797E-01  1.96783E+00
  3.45703E-01  1.93445E+00
  3.49609E-01  1.90198E+00
  3.53516E-01  1.87035E+00
  3.57422E-01  1.83955E+00
  3.61328E-01  1.80952E+00
  3.65234E-01  1.78023E+00
  3.69141E-01  1.75166E+00
  3.73047E-01  1.72378E+00
  3.76953E-01  1.69655E+00
  3.80859E-01  1.66996E+00
  3.84766E-01  1.64398E+00
  3.88672E-01  1.61858E+00
  3.92578E-01  1.59374E+00
  3.96484E-01  1.56943E+00
  4.00391E-01  1.54565E+00
  4.04297E-01  1.52238E+00
  4.08203E-01  1.49960E+00
  4.12109E-01  1.47731E+00
  4.16016E-01  1.45548E+00
  4.19922E-01  1.43410E+00
  4.23828E-01  1.41316E+00
  4.27734E-01  1.39265E+00
  4.31641E-01  1.37255E+00
  4.35547E-01  1.35286E+00
  4.39453E-01  1.33356E+00
  4.43359E-01  1.31464E+00
  4.47266E-01  1.29609E+00
  4.51172E-01  1.27790E+00
  4.55078E-01  1.26006E+00
  4.58984E-01  1.24257E+00
  4.62891E-01  1.22540E+00
  4.66797E-01  1.20857E+00
  4.70703E-01  1.19204E+00
  4.74609E-01  1.17584E+00
  4.78516E-01  1.15993E+00
  4.82422E-01  1.14431E+00
  4.86328E-01  1.12898E+00
  4.90234E-01  1.11393E+00
  4.94141E-01  1.09915E+00
  4.98047E-01  1.08464E+00
  5.01953E-01  1.07038E+00
  5.05859E-01  1.05638E+00
  5.09766E-01  1.04263E+00
  5.13672E-01  1.02912E+00
  5.17578E-01  1.01585E+00
  5.21484E-01  1.00280E+00
  5.25391E-01  9.89989E-01
  5.29297E-01  9.77392E-01
  5.33203E-01  9.65011E-01
  5.37109E-01  9.52842E-01
  5.41016E-01  9.40879E-01
  5.44922E-01  9.29123E-01
  5.48828E-01  9.17556E-01
  5.52734E-01  9.06188E-01
  5.56641E-01  8.95007E-01
  5.60547E-01  8.84012E-01
  5.64453E-01  8.73198E-01
  5.68359E-01  8.62563E-01
  5.72266E-01  8.52095E-01
  5.76172E-01  8.41805E-01
  5.80078E-01  8.31678E-01
  5.83984E-01  8.21712E-01
  5.87891E-01  8.11912E-01
  5.91797E-01  8.02273E-01
  5.95703E-01  7.92772E-01
  5.99609E-01  7.83425E-01
  6.03516E-01  7.74231E-01
  6.07422E-01  7.65185E-01
  6.11328E-01  7.56279E-01
  6.15234E-01  7.47500E-01
  6.19141E-01  7.38861E-01
  6.23047E-01  7.30356E-01
  6.26953E-01  7.21986E-01
  6.30859E-01  7.13748E-01
  6.34766E-01  7.05636E-01
  6.38672E-01  6.97645E-01
  6.42578E-01  6.89767E-01
  6.46484E-01  6.82004E-01
  6.50391E-01  6.74362E-01
  6.54297E-01  6.66834E-01
  6.58203E-01  6.59419E-01
  6.62109E-01  6.52115E-01
  6.66016E-01  6.44921E-01
  6.69922E-01  6.37834E-01
  6.73828E-01  6.30852E-01
  6.77734E-01  6.23971E-01
  6.81641E-01  6.17193E-01
  6.85547E-01  6.10512E-01
  6.89453E-01  6.03926E-01
  6.93359E-01  5.97437E-01
  6.97266E-01  5.91039E-01
  7.01172E-01  5.84735E-01
  7.05078E-01  5.78518E-01
  7.08984E-01  5.72380E-01
  7.12891E-01  5.66329E-01
  7.16797E-01  5.60360E-01
  7.20703E-01  5.54478E-01
  7.24609E-01  5.48678E-01
  7.28516E-01  5.42961E-01
  7.32422E-01  5.37323E-01
  7.36328E-01  5.31764E-01
  7.40234E-01  5.26282E-01
  7.44141E-01  5.20875E-01
  7.48047E-01  5.15542E-01
  7.51953E-01  5.10281E-01
  7.55859E-01  5.05094E-01
  7.59766E-01  4.99975E-01
  7.63672E-01  4.94927E-01
  7.67578E-01  4.89946E-01
  7.71484E-01  4.85035E-01
  7.75391E-01  4.80186E-01
  7.79297E-01  4.75403E-01
  7.83203E-01  4.70682E-01
  7.87109E-01  4.66022E-01
  7.91016E-01  4.61426E-01
  7.94922E-01  4.56889E-01
  7.98828E-01  4.52412E-01
  8.02734E-01  4.47994E-01
  8.06641E-01  4.43634E-01
  8.10547E-01  4.39330E-01
  8.14453E-01  4.35080E-01
  8.18359E-01  4.30884E-01
  8.22266E-01  4.26743E-01
  8.26172E-01  4.22657E-01
  8.30078E-01  4.18622E-01
  8.33984E-01  4.14640E-01
  8.37891E-01  4.10704E-01
  8.41797E-01  4.06820E-01
  8.45703E-01  4.02984E-01
  8.49609E-01  3.99197E-01
  8.53516E-01  3.95456E-01
  8.57422E-01  3.91764E-01
  8.61328E-01  3.88116E-01
  8.65234E-01  3.84513E-01
  8.69141E-01  3.80956E-01
  8.73047E-01  3.77441E-01
  8.76953E-01  3.73971E-01
  8.80859E-01  3.70544E-01
  8.84766E-01  3.67155E-01
  8.88672E-01  3.63809E-01
  8.92578E-01  3.60505E-01
  8.96484E-01  3.57241E-01
  9.00391E-01  3.54015E-01
  9.04297E-01  3.50826E-01
  9.08203E-01  3.47677E-01
  9.12109E-01  3.44567E-01
  9.16016E-01  3.41493E-01
  9.19922E-01  3.38456E-01
  9.23828E-01  3.35454E-01
  9.27734E-01  3.32490E-01
  9.31641E-01  3.29561E-01
  9.35547E-01  3.26667E-01
  9.39453E-01  3.23807E-01
  9.43359E-01  3.20984E-01
  9.47266E-01  3.18197E-01
  9.51172E-01  3.15445E-01
  9.55078E-01  3.12728E-01
  9.58984E-01  3.10049E-01
  9.62891E-01  3.07409E-01
  9.66797E-01  3.04811E-01
  9.70703E-01  3.02259E-01
  9.74609E-01  2.99754E-01
  9.78516E-01  2.97307E-01
  9.82422E-01  2.94928E-01
  9.86328E-01  2.92631E-01
  9.90234E-01  2.90441E-01
  9.94141E-01  2.88404E-01
  9.98047E-01  2.87259E-01
  1.00195E+00  2.87259E-01
