 -1.95312E-03  1.26586E+00
  1.95312E-03  1.26595E+00
  5.85938E-03  1.26491E+00
  9.76562E-03  1.26354E+00
  1.36719E-02  1.26197E+00
  1.75781E-02  1.26028E+00
  2.14844E-02  1.25854E+00
  2.53906E-02  1.25677E+00
  2.92969E-02  1.25498E+00
  3.32031E-02  1.25318E+00
  3.71094E-02  1.25138E+00
  4.10156E-02  1.24957E+00
  4.49219E-02  1.24777E+00
  4.88281E-02  1.24596E+00
  5.27344E-02  1.24416E+00
  5.66406E-02  1.24235E+00
  6.05469E-02  1.24055E+00
  6.44531E-02  1.23875E+00
  6.83594E-02  1.23695E+00
  7.22656E-02  1.23516E+00
  7.61719E-02  1.23337E+00
  8.00781E-02  1.23158E+00
  8.39844E-02  1.22979E+00
  8.78906E-02  1.22801E+00
  9.17969E-02  1.22623E+00
  9.57031E-02  1.22445E+00
  9.96094E-02  1.22267E+00
  1.03516E-01  1.22090E+00
  1.07422E-01  1.21913E+00
  1.11328E-01  1.21736E+00
  1.15234E-01  1.21560E+00
  1.19141E-01  1.21384E+00
  1.23047E-01  1.21208E+00
  1.26953E-01  1.21033E+00
  1.30859E-01  1.20858E+00
  1.34766E-01  1.20683E+00
  1.38672E-01  1.20508E+00
  1.42578E-01  1.20334E+00
  1.46484E-01  1.20160E+00
  1.50391E-01  1.19987E+00
  1.54297E-01  1.19813E+00
  1.58203E-01  1.19640E+00
  1.62109E-01  1.19468E+00
  1.66016E-01  1.19295E+00
  1.69922E-01  1.19123E+00
  1.73828E-01  1.18952E+00
  1.77734E-01  1.18780E+00
  1.81641E-01  1.18609E+00
  1.85547E-01  1.18438E+00
  1.89453E-01  1.18268E+00
  1.93359E-01  1.18097E+00
  1.97266E-01  1.17927E+00
  2.01172E-01  1.17758E+00
  2.05078E-01  1.17588E+00
  2.08984E-01  1.17419E+00
  2.12891E-01  1.17251E+00
  2.16797E-01  1.17082E+00
  2.20703E-01  1.16914E+00
  2.24609E-01  1.16746E+00
  2.28516E-01  1.16579E+00
  2.32422E-01  1.16411E+00
  2.36328E-01  1.16245E+00
  2.40234E-01  1.16078E+00
  2.44141E-01  1.15912E+00
  2.48047E-01  1.15746E+00
  2.51953E-01  1.15580E+00
  2.55859E-01  1.15414E+00
  2.59766E-01  1.15249E+00
  2.63672E-01  1.15084E+00
  2.67578E-01  1.14920E+00
  2.71484E-01  1.14755E+00
  2.75391E-01  1.14592E+00
  2.79297E-01  1.14428E+00
  2.83203E-01  1.14264E+00
  2.87109E-01  1.14101E+00
  2.91016E-01  1.13938E+00
  2.94922E-01  1.13776E+00
  2.98828E-01  1.13614E+00
  3.02734E-01  1.13452E+00
  3.06641E-01  1.13290E+00
  3.10547E-01  1.13129E+00
  3.14453E-01  1.12968E+00
  3.18359E-01  1.12807E+00
  3.22266E-01  1.12646E+00
  3.26172E-01  1.12486E+00
  3.30078E-01  1.12326E+00
  3.33984E-01  1.12167E+00
  3.37891E-01  1.12007E+00
  3.41797E-01  1.11848E+00
  3.45703E-01  1.11689E+00
  3.49609E-01  1.11531E+00
  3.53516E-01  1.11373E+00
  3.57422E-01  1.11215E+00
  3.61328E-01  1.11057E+00
  3.65234E-01  1.10900E+00
  3.69141E-01  1.10742E+00
  3.73047E-01  1.10586E+00
  3.76953E-01  1.10429E+00
  3.80859E-01  1.10273E+00
  3.84766E-01  1.10117E+00
  3.88672E-01  1.09961E+00
  3.92578E-01  1.09806E+00
  3.96484E-01  1.09650E+00
  4.00391E-01  1.09496E+00
  4.04297E-01  1.09341E+00
  4.08203E-01  1.09187E+00
  4.12109E-01  1.09032E+00
  4.16016E-01  1.08879E+00
  4.19922E-01  1.08725E+00
  4.23828E-01  1.08572E+00
  4.27734E-01  1.08419E+00
  4.31641E-01  1.08266E+00
  4.35547E-01  1.08114E+00
  4.39453E-01  1.07962E+00
  4.43359E-01  1.07810E+00
  4.47266E-01  1.07658E+00
  4.51172E-01  1.07507E+00
  4.55078E-01  1.07355E+00
  4.58984E-01  1.07205E+00
  4.62891E-01  1.07054E+00
  4.66797E-01  1.06904E+00
  4.70703E-01  1.06754E+00
  4.74609E-01  1.06604E+00
  4.78516E-01  1.06454E+00
  4.82422E-01  1.06305E+00
  4.86328E-01  1.06156E+00
  4.90234E-01  1.06007E+00
  4.94141E-01  1.05859E+00
  4.98047E-01  1.05711E+00
  5.01953E-01  1.05563E+00
  5.05859E-01  1.05415E+00
  5.09766E-01  1.05268E+00
  5.13672E-01  1.05121E+00
  5.17578E-01  1.04974E+00
  5.21484E-01  1.04827E+00
  5.25391E-01  1.04681E+00
  5.29297E-01  1.04534E+00
  5.33203E-01  1.04389E+00
  5.37109E-01  1.04243E+00
  5.41016E-01  1.04098E+00
  5.44922E-01  1.03952E+00
  5.48828E-01  1.03808E+00
  5.52734E-01  1.03663E+00
  5.56641E-01  1.03519E+00
  5.60547E-01  1.03374E+00
  5.64453E-01  1.03231E+00
  5.68359E-01  1.03087E+00
  5.72266E-01  1.02944E+00
  5.76172E-01  1.02801E+00
  5.80078E-01  1.02658E+00
  5.83984E-01  1.02515E+00
  5.87891E-01  1.02373E+00
  5.91797E-01  1.02231E+00
  5.95703E-01  1.02089E+00
  5.99609E-01  1.01947E+00
  6.03516E-01  1.01806E+00
  6.07422E-01  1.01665E+00
  6.11328E-01  1.01524E+00
  6.15234E-01  1.01383E+00
  6.19141E-01  1.01243E+00
  6.23047E-01  1.01103E+00
  6.26953E-01  1.00963E+00
  6.30859E-01  1.00823E+00
  6.34766E-01  1.00684E+00
  6.38672E-01  1.00545E+00
  6.42578E-01  1.00406E+00
  6.46484E-01  1.00267E+00
  6.50391E-01  1.00129E+00
  6.54297E-01  9.99905E-01
  6.58203E-01  9.98526E-01
  6.62109E-01  9.97148E-01
  6.66016E-01  9.95774E-01
  6.69922E-01  9.94401E-01
  6.73828E-01  9.93031E-01
  6.77734E-01  9.91664E-01
  6.81641E-01  9.90298E-01
  6.85547E-01  9.88935E-01
  6.89453E-01  9.87575E-01
  6.93359E-01  9.86216E-01
  6.97266E-01  9.84861E-01
  7.01172E-01  9.83507E-01
  7.05078E-01  9.82156E-01
  7.08984E-01  9.80807E-01
  7.12891E-01  9.79461E-01
  7.16797E-01  9.78117E-01
  7.20703E-01  9.76775E-01
  7.24609E-01  9.75435E-01
  7.28516E-01  9.74098E-01
  7.32422E-01  9.72763E-01
  7.36328E-01  9.71430E-01
  7.40234E-01  9.70100E-01
  7.44141E-01  9.68772E-01
  7.48047E-01  9.67446E-01
  7.51953E-01  9.66122E-01
  7.55859E-01  9.64801E-01
  7.59766E-01  9.63482E-01
  7.63672E-01  9.62166E-01
  7.67578E-01  9.60851E-01
  7.71484E-01  9.59539E-01
  7.75391E-01  9.58229E-01
  7.79297E-01  9.56921E-01
  7.83203E-01  9.55616E-01
  7.87109E-01  9.54313E-01
  7.91016E-01  9.53012E-01
  7.94922E-01  9.51713E-01
  7.98828E-01  9.50417E-01
  8.02734E-01  9.49122E-01
  8.06641E-01  9.47830E-01
  8.10547E-01  9.46541E-01
  8.14453E-01  9.45253E-01
  8.18359E-01  9.43967E-01
  8.22266E-01  9.42684E-01
  8.26172E-01  9.41403E-01
  8.30078E-01  9.40124E-01
  8.33984E-01  9.38847E-01
  8.37891E-01  9.37573E-01
  8.41797E-01  9.36301E-01
  8.45703E-01  9.35031E-01
  8.49609E-01  9.33762E-01
  8.53516E-01  9.32497E-01
  8.57422E-01  9.31233E-01
  8.61328E-01  9.29971E-01
  8.65234E-01  9.28712E-01
  8.69141E-01  9.27455E-01
  8.73047E-01  9.26200E-01
  8.76953E-01  9.24946E-01
  8.80859E-01  9.23696E-01
  8.84766E-01  9.22447E-01
  8.88672E-01  9.21200E-01
  8.92578E-01  9.19956E-01
  8.96484E-01  9.18714E-01
  9.00391E-01  9.17473E-01
  9.04297E-01  9.16235E-01
  9.08203E-01  9.14999E-01
  9.12109E-01  9.13765E-01
  9.16016E-01  9.12533E-01
  9.19922E-01  9.11303E-01
  9.23828E-01  9.10075E-01
  9.27734E-01  9.08850E-01
  9.31641E-01  9.07626E-01
  9.35547E-01  9.06404E-01
  9.39453E-01  9.05185E-01
  9.43359E-01  9.03968E-01
  9.47266E-01  9.02752E-01
  9.51172E-01  9.01539E-01
  9.55078E-01  9.00327E-01
  9.58984E-01  8.99118E-01
  9.62891E-01  8.97911E-01
  9.66797E-01  8.96706E-01
  9.70703E-01  8.95503E-01
  9.74609E-01  8.94301E-01
  9.78516E-01  8.93102E-01
  9.82422E-01  8.91906E-01
  9.86328E-01  8.90716E-01
  9.90234E-01  8.89543E-01
  9.94141E-01  8.88431E-01
  9.98047E-01  8.87530E-01
  1.00195E+00  8.87546E-01
