 -1.95312E-03  6.88557E+00
  1.95312E-03  6.88558E+00
  5.85938E-03  6.88410E+00
  9.76562E-03  6.88164E+00
  1.36719E-02  6.87813E+00
  1.75781E-02  6.87359E+00
  2.14844E-02  6.86801E+00
  2.53906E-02  6.86139E+00
  2.92969E-02  6.85374E+00
  3.32031E-02  6.84507E+00
  3.71094E-02  6.83537E+00
  4.10156E-02  6.82465E+00
  4.49219E-02  6.81291E+00
  4.88281E-02  6.80015E+00
  5.27344E-02  6.78637E+00
  5.66406E-02  6.77157E+00
  6.05469E-02  6.75574E+00
  6.44531E-02  6.73889E+00
  6.83594E-02  6.72102E+00
  7.22656E-02  6.70212E+00
  7.61719E-02  6.68218E+00
  8.00781E-02  6.66120E+00
  8.39844E-02  6.63917E+00
  8.78906E-02  6.61610E+00
  9.17969E-02  6.59196E+00
  9.57031E-02  6.56677E+00
  9.96094E-02  6.54049E+00
  1.03516E-01  6.51313E+00
  1.07422E-01  6.48467E+00
  1.11328E-01  6.45510E+00
  1.15234E-01  6.42441E+00
  1.19141E-01  6.39258E+00
  1.23047E-01  6.35960E+00
  1.26953E-01  6.32546E+00
  1.30859E-01  6.29013E+00
  1.34766E-01  6.25360E+00
  1.38672E-01  6.21585E+00
  1.42578E-01  6.17685E+00
  1.46484E-01  6.13659E+00
  1.50391E-01  6.09502E+00
  1.54297E-01  6.05215E+00
  1.58203E-01  6.00792E+00
  1.62109E-01  5.96233E+00
  1.66016E-01  5.91532E+00
  1.69922E-01  5.86687E+00
  1.73828E-01  5.81693E+00
  1.77734E-01  5.76548E+00
  1.81641E-01  5.71247E+00
  1.85547E-01  5.65786E+00
  1.89453E-01  5.60159E+00
  1.93359E-01  5.54362E+00
  1.97266E-01  5.48389E+00
  2.01172E-01  5.42234E+00
  2.05078E-01  5.35892E+00
  2.08984E-01  5.29354E+00
  2.12891E-01  5.22615E+00
  2.16797E-01  5.15666E+00
  2.20703E-01  5.08499E+00
  2.24609E-01  5.01106E+00
  2.28516E-01  4.93477E+00
  2.32422E-01  4.85603E+00
  2.36328E-01  4.77472E+00
  2.40234E-01  4.69073E+00
  2.44141E-01  4.60394E+00
  2.48047E-01  4.51422E+00
  2.51953E-01  4.42145E+00
  2.55859E-01  4.32548E+00
  2.59766E-01  4.22619E+00
  2.63672E-01  4.12343E+00
  2.67578E-01  4.01709E+00
  2.71484E-01  3.90707E+00
  2.75391E-01  3.79330E+00
  2.79297E-01  3.67578E+00
  2.83203E-01  3.55459E+00
  2.87109E-01  3.42997E+00
  2.91016E-01  3.30234E+00
  2.94922E-01  3.17242E+00
  2.98828E-01  3.04126E+00
  3.02734E-01  2.91026E+00
  3.06641E-01  2.78134E+00
  3.10547E-01  2.65672E+00
  3.14453E-01  2.53875E+00
  3.18359E-01  2.42949E+00
  3.22266E-01  2.33029E+00
  3.26172E-01  2.24164E+00
  3.30078E-01  2.16314E+00
  3.33984E-01  2.09370E+00
  3.37891E-01  2.03193E+00
  3.41797E-01  1.97636E+00
  3.45703E-01  1.92568E+00
  3.49609E-01  1.87881E+00
  3.53516E-01  1.83495E+00
  3.57422E-01  1.79350E+00
  3.61328E-01  1.75404E+00
  3.65234E-01  1.71628E+00
  3.69141E-01  1.68001E+00
  3.73047E-01  1.64503E+00
  3.76953E-01  1.61127E+00
  3.80859E-01  1.57862E+00
  3.84766E-01  1.54702E+00
  3.88672E-01  1.51640E+00
  3.92578E-01  1.48672E+00
  3.96484E-01  1.45793E+00
  4.00391E-01  1.42998E+00
  4.04297E-01  1.40282E+00
  4.08203E-01  1.37643E+00
  4.12109E-01  1.35077E+00
  4.16016E-01  1.32579E+00
  4.19922E-01  1.30148E+00
  4.23828E-01  1.27780E+00
  4.27734E-01  1.25474E+00
  4.31641E-01  1.23228E+00
  4.35547E-01  1.21039E+00
  4.39453E-01  1.18904E+00
  4.43359E-01  1.16823E+00
  4.47266E-01  1.14792E+00
  4.51172E-01  1.12811E+00
  4.55078E-01  1.10877E+00
  4.58984E-01  1.08989E+00
  4.62891E-01  1.07146E+00
  4.66797E-01  1.05346E+00
  4.70703E-01  1.03587E+00
  4.74609E-01  1.01869E+00
  4.78516E-01  1.00190E+00
  4.82422E-01  9.85481E-01
  4.86328E-01  9.69436E-01
  4.90234E-01  9.53758E-01
  4.94141E-01  9.38392E-01
  4.98047E-01  9.23395E-01
  5.01953E-01  9.08735E-01
  5.05859E-01  8.94347E-01
  5.09766E-01  8.80265E-01
  5.13672E-01  8.66530E-01
  5.17578E-01  8.53106E-01
  5.21484E-01  8.39948E-01
  5.25391E-01  8.27024E-01
  5.29297E-01  8.14312E-01
  5.33203E-01  8.01887E-01
  5.37109E-01  7.89754E-01
  5.41016E-01  7.77896E-01
  5.44922E-01  7.66284E-01
  5.48828E-01  7.54909E-01
  5.52734E-01  7.43761E-01
  5.56641E-01  7.32835E-01
  5.60547E-01  7.22124E-01
  5.64453E-01  7.11621E-01
  5.68359E-01  7.01314E-01
  5.72266E-01  6.91187E-01
  5.76172E-01  6.81211E-01
  5.80078E-01  6.71412E-01
  5.83984E-01  6.61818E-01
  5.87891E-01  6.52421E-01
  5.91797E-01  6.43215E-01
  5.95703E-01  6.34190E-01
  5.99609E-01  6.25336E-01
  6.03516E-01  6.16650E-01
  6.07422E-01  6.08128E-01
  6.11328E-01  5.99763E-01
  6.15234E-01  5.91552E-01
  6.19141E-01  5.83493E-01
  6.23047E-01  5.75583E-01
  6.26953E-01  5.67813E-01
  6.30859E-01  5.60185E-01
  6.34766E-01  5.52693E-01
  6.38672E-01  5.45332E-01
  6.42578E-01  5.38104E-01
  6.46484E-01  5.31005E-01
  6.50391E-01  5.24028E-01
  6.54297E-01  5.17177E-01
  6.58203E-01  5.10445E-01
  6.62109E-01  5.03829E-01
  6.66016E-01  4.97330E-01
  6.69922E-01  4.90938E-01
  6.73828E-01  4.84657E-01
  6.77734E-01  4.78483E-01
  6.81641E-01  4.72413E-01
  6.85547E-01  4.66447E-01
  6.89453E-01  4.60582E-01
  6.93359E-01  4.54814E-01
  6.97266E-01  4.49143E-01
  7.01172E-01  4.43564E-01
  7.05078E-01  4.38079E-01
  7.08984E-01  4.32684E-01
  7.12891E-01  4.27376E-01
  7.16797E-01  4.22156E-01
  7.20703E-01  4.17019E-01
  7.24609E-01  4.11966E-01
  7.28516E-01  4.06994E-01
  7.32422E-01  4.02101E-01
  7.36328E-01  3.97290E-01
  7.40234E-01  3.92556E-01
  7.44141E-01  3.87893E-01
  7.48047E-01  3.83302E-01
  7.51953E-01  3.78788E-01
  7.55859E-01  3.74341E-01
  7.59766E-01  3.69968E-01
  7.63672E-01  3.65660E-01
  7.67578E-01  3.61419E-01
  7.71484E-01  3.57242E-01
  7.75391E-01  3.53131E-01
  7.79297E-01  3.49083E-01
  7.83203E-01  3.45096E-01
  7.87109E-01  3.41170E-01
  7.91016E-01  3.37303E-01
  7.94922E-01  3.33495E-01
  7.98828E-01  3.29741E-01
  8.02734E-01  3.26046E-01
  8.06641E-01  3.22406E-01
  8.10547E-01  3.18820E-01
  8.14453E-01  3.15288E-01
  8.18359E-01  3.11805E-01
  8.22266E-01  3.08373E-01
  8.26172E-01  3.04994E-01
  8.30078E-01  3.01664E-01
  8.33984E-01  2.98380E-01
  8.37891E-01  2.95146E-01
  8.41797E-01  2.91959E-01
  8.45703E-01  2.88815E-01
  8.49609E-01  2.85716E-01
  8.53516E-01  2.82664E-01
  8.57422E-01  2.79654E-01
  8.61328E-01  2.76687E-01
  8.65234E-01  2.73763E-01
  8.69141E-01  2.70876E-01
  8.73047E-01  2.68032E-01
  8.76953E-01  2.65226E-01
  8.80859E-01  2.62462E-01
  8.84766E-01  2.59735E-01
  8.88672E-01  2.57048E-01
  8.92578E-01  2.54395E-01
  8.96484E-01  2.51779E-01
  9.00391E-01  2.49202E-01
  9.04297E-01  2.46657E-01
  9.08203E-01  2.44149E-01
  9.12109E-01  2.41674E-01
  9.16016E-01  2.39234E-01
  9.19922E-01  2.36827E-01
  9.23828E-01  2.34454E-01
  9.27734E-01  2.32114E-01
  9.31641E-01  2.29805E-01
  9.35547E-01  2.27530E-01
  9.39453E-01  2.25286E-01
  9.43359E-01  2.23075E-01
  9.47266E-01  2.20896E-01
  9.51172E-01  2.18751E-01
  9.55078E-01  2.16637E-01
  9.58984E-01  2.14558E-01
  9.62891E-01  2.12513E-01
  9.66797E-01  2.10504E-01
  9.70703E-01  2.08531E-01
  9.74609E-01  2.06600E-01
  9.78516E-01  2.04713E-01
  9.82422E-01  2.02870E-01
  9.86328E-01  2.01086E-01
  9.90234E-01  1.99361E-01
  9.94141E-01  1.97738E-01
  9.98047E-01  1.96954E-01
  1.00195E+00  1.96954E-01
