 -1.95312E-03  7.26209E+00
  1.95312E-03  7.26217E+00
  5.85938E-03  7.26076E+00
  9.76562E-03  7.25843E+00
  1.36719E-02  7.25512E+00
  1.75781E-02  7.25083E+00
  2.14844E-02  7.24556E+00
  2.53906E-02  7.23932E+00
  2.92969E-02  7.23212E+00
  3.32031E-02  7.22395E+00
  3.71094E-02  7.21482E+00
  4.10156E-02  7.20472E+00
  4.49219E-02  7.19367E+00
  4.88281E-02  7.18166E+00
  5.27344E-02  7.16870E+00
  5.66406E-02  7.15477E+00
  6.05469E-02  7.13988E+00
  6.44531E-02  7.12404E+00
  6.83594E-02  7.10723E+00
  7.22656E-02  7.08945E+00
  7.61719E-02  7.07070E+00
  8.00781E-02  7.05098E+00
  8.39844E-02  7.03028E+00
  8.78906E-02  7.00860E+00
  9.17969E-02  6.98593E+00
  9.57031E-02  6.96225E+00
  9.96094E-02  6.93758E+00
  1.03516E-01  6.91189E+00
  1.07422E-01  6.88517E+00
  1.11328E-01  6.85742E+00
  1.15234E-01  6.82863E+00
  1.19141E-01  6.79878E+00
  1.23047E-01  6.76785E+00
  1.26953E-01  6.73585E+00
  1.30859E-01  6.70274E+00
  1.34766E-01  6.66851E+00
  1.38672E-01  6.63315E+00
  1.42578E-01  6.59664E+00
  1.46484E-01  6.55895E+00
  1.50391E-01  6.52007E+00
  1.54297E-01  6.47996E+00
  1.58203E-01  6.43861E+00
  1.62109E-01  6.39600E+00
  1.66016E-01  6.35208E+00
  1.69922E-01  6.30683E+00
  1.73828E-01  6.26022E+00
  1.77734E-01  6.21221E+00
  1.81641E-01  6.16276E+00
  1.85547E-01  6.11184E+00
  1.89453E-01  6.05939E+00
  1.93359E-01  6.00538E+00
  1.97266E-01  5.94975E+00
  2.01172E-01  5.89245E+00
  2.05078E-01  5.83342E+00
  2.08984E-01  5.77259E+00
  2.12891E-01  5.70991E+00
  2.16797E-01  5.64528E+00
  2.20703E-01  5.57863E+00
  2.24609E-01  5.50988E+00
  2.28516E-01  5.43894E+00
  2.32422E-01  5.36569E+00
  2.36328E-01  5.29003E+00
  2.40234E-01  5.21183E+00
  2.44141E-01  5.13097E+00
  2.48047E-01  5.04728E+00
  2.51953E-01  4.96060E+00
  2.55859E-01  4.87076E+00
  2.59766E-01  4.77755E+00
  2.63672E-01  4.68075E+00
  2.67578E-01  4.58012E+00
  2.71484E-01  4.47537E+00
  2.75391E-01  4.36619E+00
  2.79297E-01  4.25226E+00
  2.83203E-01  4.13318E+00
  2.87109E-01  4.00854E+00
  2.91016E-01  3.87789E+00
  2.94922E-01  3.74075E+00
  2.98828E-01  3.59665E+00
  3.02734E-01  3.44519E+00
  3.06641E-01  3.28617E+00
  3.10547E-01  3.11985E+00
  3.14453E-01  2.94738E+00
  3.18359E-01  2.77135E+00
  3.22266E-01  2.59605E+00
  3.26172E-01  2.42816E+00
  3.30078E-01  2.27524E+00
  3.33984E-01  2.14308E+00
  3.37891E-01  2.03366E+00
  3.41797E-01  1.94503E+00
  3.45703E-01  1.87297E+00
  3.49609E-01  1.81293E+00
  3.53516E-01  1.76109E+00
  3.57422E-01  1.71474E+00
  3.61328E-01  1.67212E+00
  3.65234E-01  1.63213E+00
  3.69141E-01  1.59418E+00
  3.73047E-01  1.55788E+00
  3.76953E-01  1.52303E+00
  3.80859E-01  1.48948E+00
  3.84766E-01  1.45712E+00
  3.88672E-01  1.42588E+00
  3.92578E-01  1.39566E+00
  3.96484E-01  1.36642E+00
  4.00391E-01  1.33810E+00
  4.04297E-01  1.31067E+00
  4.08203E-01  1.28406E+00
  4.12109E-01  1.25824E+00
  4.16016E-01  1.23318E+00
  4.19922E-01  1.20886E+00
  4.23828E-01  1.18520E+00
  4.27734E-01  1.16220E+00
  4.31641E-01  1.13985E+00
  4.35547E-01  1.11810E+00
  4.39453E-01  1.09693E+00
  4.43359E-01  1.07632E+00
  4.47266E-01  1.05627E+00
  4.51172E-01  1.03672E+00
  4.55078E-01  1.01769E+00
  4.58984E-01  9.99118E-01
  4.62891E-01  9.81027E-01
  4.66797E-01  9.63415E-01
  4.70703E-01  9.46190E-01
  4.74609E-01  9.29382E-01
  4.78516E-01  9.13048E-01
  4.82422E-01  8.97097E-01
  4.86328E-01  8.81464E-01
  4.90234E-01  8.66132E-01
  4.94141E-01  8.51193E-01
  4.98047E-01  8.36703E-01
  5.01953E-01  8.22598E-01
  5.05859E-01  8.08814E-01
  5.09766E-01  7.95326E-01
  5.13672E-01  7.82136E-01
  5.17578E-01  7.69231E-01
  5.21484E-01  7.56593E-01
  5.25391E-01  7.44206E-01
  5.29297E-01  7.32042E-01
  5.33203E-01  7.20072E-01
  5.37109E-01  7.08354E-01
  5.41016E-01  6.96954E-01
  5.44922E-01  6.85850E-01
  5.48828E-01  6.75003E-01
  5.52734E-01  6.64391E-01
  5.56641E-01  6.54000E-01
  5.60547E-01  6.43827E-01
  5.64453E-01  6.33869E-01
  5.68359E-01  6.24114E-01
  5.72266E-01  6.14563E-01
  5.76172E-01  6.05208E-01
  5.80078E-01  5.96042E-01
  5.83984E-01  5.87062E-01
  5.87891E-01  5.78264E-01
  5.91797E-01  5.69641E-01
  5.95703E-01  5.61190E-01
  5.99609E-01  5.52904E-01
  6.03516E-01  5.44781E-01
  6.07422E-01  5.36819E-01
  6.11328E-01  5.29012E-01
  6.15234E-01  5.21357E-01
  6.19141E-01  5.13852E-01
  6.23047E-01  5.06489E-01
  6.26953E-01  4.99266E-01
  6.30859E-01  4.92181E-01
  6.34766E-01  4.85229E-01
  6.38672E-01  4.78408E-01
  6.42578E-01  4.71714E-01
  6.46484E-01  4.65143E-01
  6.50391E-01  4.58698E-01
  6.54297E-01  4.52370E-01
  6.58203E-01  4.46159E-01
  6.62109E-01  4.40061E-01
  6.66016E-01  4.34074E-01
  6.69922E-01  4.28193E-01
  6.73828E-01  4.22420E-01
  6.77734E-01  4.16751E-01
  6.81641E-01  4.11182E-01
  6.85547E-01  4.05712E-01
  6.89453E-01  4.00339E-01
  6.93359E-01  3.95062E-01
  6.97266E-01  3.89876E-01
  7.01172E-01  3.84775E-01
  7.05078E-01  3.79770E-01
  7.08984E-01  3.74852E-01
  7.12891E-01  3.70019E-01
  7.16797E-01  3.65264E-01
  7.20703E-01  3.60592E-01
  7.24609E-01  3.55999E-01
  7.28516E-01  3.51485E-01
  7.32422E-01  3.47050E-01
  7.36328E-01  3.42687E-01
  7.40234E-01  3.38394E-01
  7.44141E-01  3.34176E-01
  7.48047E-01  3.30025E-01
  7.51953E-01  3.25945E-01
  7.55859E-01  3.21933E-01
  7.59766E-01  3.17984E-01
  7.63672E-01  3.14101E-01
  7.67578E-01  3.10279E-01
  7.71484E-01  3.06519E-01
  7.75391E-01  3.02822E-01
  7.79297E-01  2.99181E-01
  7.83203E-01  2.95599E-01
  7.87109E-01  2.92075E-01
  7.91016E-01  2.88609E-01
  7.94922E-01  2.85196E-01
  7.98828E-01  2.81836E-01
  8.02734E-01  2.78527E-01
  8.06641E-01  2.75272E-01
  8.10547E-01  2.72068E-01
  8.14453E-01  2.68913E-01
  8.18359E-01  2.65806E-01
  8.22266E-01  2.62746E-01
  8.26172E-01  2.59734E-01
  8.30078E-01  2.56768E-01
  8.33984E-01  2.53846E-01
  8.37891E-01  2.50969E-01
  8.41797E-01  2.48136E-01
  8.45703E-01  2.45345E-01
  8.49609E-01  2.42594E-01
  8.53516E-01  2.39886E-01
  8.57422E-01  2.37216E-01
  8.61328E-01  2.34586E-01
  8.65234E-01  2.31997E-01
  8.69141E-01  2.29446E-01
  8.73047E-01  2.26932E-01
  8.76953E-01  2.24453E-01
  8.80859E-01  2.22012E-01
  8.84766E-01  2.19605E-01
  8.88672E-01  2.17235E-01
  8.92578E-01  2.14898E-01
  8.96484E-01  2.12595E-01
  9.00391E-01  2.10323E-01
  9.04297E-01  2.08088E-01
  9.08203E-01  2.05883E-01
  9.12109E-01  2.03709E-01
  9.16016E-01  2.01569E-01
  9.19922E-01  1.99458E-01
  9.23828E-01  1.97376E-01
  9.27734E-01  1.95330E-01
  9.31641E-01  1.93307E-01
  9.35547E-01  1.91314E-01
  9.39453E-01  1.89359E-01
  9.43359E-01  1.87427E-01
  9.47266E-01  1.85523E-01
  9.51172E-01  1.83657E-01
  9.55078E-01  1.81813E-01
  9.58984E-01  1.80001E-01
  9.62891E-01  1.78225E-01
  9.66797E-01  1.76473E-01
  9.70703E-01  1.74757E-01
  9.74609E-01  1.73081E-01
  9.78516E-01  1.71432E-01
  9.82422E-01  1.69828E-01
  9.86328E-01  1.68268E-01
  9.90234E-01  1.66745E-01
  9.94141E-01  1.65349E-01
  9.98047E-01  1.64694E-01
  1.00195E+00  1.64694E-01
