 -1.95312E-03  1.31594E+00
  1.95312E-03  1.31606E+00
  5.85938E-03  1.31491E+00
  9.76562E-03  1.31336E+00
  1.36719E-02  1.31153E+00
  1.75781E-02  1.30953E+00
  2.14844E-02  1.30744E+00
  2.53906E-02  1.30530E+00
  2.92969E-02  1.30313E+00
  3.32031E-02  1.30095E+00
  3.71094E-02  1.29875E+00
  4.10156E-02  1.29656E+00
  4.49219E-02  1.29436E+00
  4.88281E-02  1.29216E+00
  5.27344E-02  1.28996E+00
  5.66406E-02  1.28777E+00
  6.05469E-02  1.28557E+00
  6.44531E-02  1.28338E+00
  6.83594E-02  1.28119E+00
  7.22656E-02  1.27901E+00
  7.61719E-02  1.27683E+00
  8.00781E-02  1.27465E+00
  8.39844E-02  1.27247E+00
  8.78906E-02  1.27031E+00
  9.17969E-02  1.26814E+00
  9.57031E-02  1.26598E+00
  9.96094E-02  1.26382E+00
  1.03516E-01  1.26167E+00
  1.07422E-01  1.25952E+00
  1.11328E-01  1.25738E+00
  1.15234E-01  1.25524E+00
  1.19141E-01  1.25310E+00
  1.23047E-01  1.25097E+00
  1.26953E-01  1.24884E+00
  1.30859E-01  1.24672E+00
  1.34766E-01  1.24460E+00
  1.38672E-01  1.24249E+00
  1.42578E-01  1.24038E+00
  1.46484E-01  1.23827E+00
  1.50391E-01  1.23617E+00
  1.54297E-01  1.23407E+00
  1.58203E-01  1.23198E+00
  1.62109E-01  1.22989E+00
  1.66016E-01  1.22781E+00
  1.69922E-01  1.22573E+00
  1.73828E-01  1.22366E+00
  1.77734E-01  1.22159E+00
  1.81641E-01  1.21952E+00
  1.85547E-01  1.21746E+00
  1.89453E-01  1.21540E+00
  1.93359E-01  1.21335E+00
  1.97266E-01  1.21130E+00
  2.01172E-01  1.20925E+00
  2.05078E-01  1.20721E+00
  2.08984E-01  1.20518E+00
  2.12891E-01  1.20315E+00
  2.16797E-01  1.20112E+00
  2.20703E-01  1.19910E+00
  2.24609E-01  1.19708E+00
  2.28516E-01  1.19506E+00
  2.32422E-01  1.19305E+00
  2.36328E-01  1.19105E+00
  2.40234E-01  1.18905E+00
  2.44141E-01  1.18705E+00
  2.48047E-01  1.18506E+00
  2.51953E-01  1.18307E+00
  2.55859E-01  1.18108E+00
  2.59766E-01  1.17910E+00
  2.63672E-01  1.17713E+00
  2.67578E-01  1.17515E+00
  2.71484E-01  1.17319E+00
  2.75391E-01  1.17122E+00
  2.79297E-01  1.16926E+00
  2.83203E-01  1.16731E+00
  2.87109E-01  1.16535E+00
  2.91016E-01  1.16341E+00
  2.94922E-01  1.16146E+00
  2.98828E-01  1.15952E+00
  3.02734E-01  1.15759E+00
  3.06641E-01  1.15566E+00
  3.10547E-01  1.15373E+00
  3.14453E-01  1.15181E+00
  3.18359E-01  1.14989E+00
  3.22266E-01  1.14797E+00
  3.26172E-01  1.14606E+00
  3.30078E-01  1.14416E+00
  3.33984E-01  1.14225E+00
  3.37891E-01  1.14035E+00
  3.41797E-01  1.13846E+00
  3.45703E-01  1.13657E+00
  3.49609E-01  1.13468E+00
  3.53516E-01  1.13280E+00
  3.57422E-01  1.13092E+00
  3.61328E-01  1.12904E+00
  3.65234E-01  1.12717E+00
  3.69141E-01  1.12531E+00
  3.73047E-01  1.12344E+00
  3.76953E-01  1.12158E+00
  3.80859E-01  1.11973E+00
  3.84766E-01  1.11788E+00
  3.88672E-01  1.11603E+00
  3.92578E-01  1.11418E+00
  3.96484E-01  1.11234E+00
  4.00391E-01  1.11051E+00
  4.04297E-01  1.10867E+00
  4.08203E-01  1.10685E+00
  4.12109E-01  1.10502E+00
  4.16016E-01  1.10320E+00
  4.19922E-01  1.10138E+00
  4.23828E-01  1.09957E+00
  4.27734E-01  1.09776E+00
  4.31641E-01  1.09595E+00
  4.35547E-01  1.09415E+00
  4.39453E-01  1.09235E+00
  4.43359E-01  1.09056E+00
  4.47266E-01  1.08877E+00
  4.51172E-01  1.08698E+00
  4.55078E-01  1.08520E+00
  4.58984E-01  1.08342E+00
  4.62891E-01  1.08164E+00
  4.66797E-01  1.07987E+00
  4.70703E-01  1.07810E+00
  4.74609E-01  1.07634E+00
  4.78516E-01  1.07457E+00
  4.82422E-01  1.07282E+00
  4.86328E-01  1.07106E+00
  4.90234E-01  1.06931E+00
  4.94141E-01  1.06757E+00
  4.98047E-01  1.06582E+00
  5.01953E-01  1.06408E+00
  5.05859E-01  1.06235E+00
  5.09766E-01  1.06062E+00
  5.13672E-01  1.05889E+00
  5.17578E-01  1.05716E+00
  5.21484E-01  1.05544E+00
  5.25391E-01  1.05372E+00
  5.29297E-01  1.05201E+00
  5.33203E-01  1.05030E+00
  5.37109E-01  1.04859E+00
  5.41016E-01  1.04688E+00
  5.44922E-01  1.04518E+00
  5.48828E-01  1.04349E+00
  5.52734E-01  1.04179E+00
  5.56641E-01  1.04010E+00
  5.60547E-01  1.03842E+00
  5.64453E-01  1.03673E+00
  5.68359E-01  1.03506E+00
  5.72266E-01  1.03338E+00
  5.76172E-01  1.03171E+00
  5.80078E-01  1.03004E+00
  5.83984E-01  1.02837E+00
  5.87891E-01  1.02671E+00
  5.91797E-01  1.02505E+00
  5.95703E-01  1.02339E+00
  5.99609E-01  1.02174E+00
  6.03516E-01  1.02009E+00
  6.07422E-01  1.01845E+00
  6.11328E-01  1.01681E+00
  6.15234E-01  1.01517E+00
  6.19141E-01  1.01353E+00
  6.23047E-01  1.01190E+00
  6.26953E-01  1.01027E+00
  6.30859E-01  1.00865E+00
  6.34766E-01  1.00702E+00
  6.38672E-01  1.00540E+00
  6.42578E-01  1.00379E+00
  6.46484E-01  1.00218E+00
  6.50391E-01  1.00057E+00
  6.54297E-01  9.98963E-01
  6.58203E-01  9.97361E-01
  6.62109E-01  9.95761E-01
  6.66016E-01  9.94166E-01
  6.69922E-01  9.92573E-01
  6.73828E-01  9.90984E-01
  6.77734E-01  9.89398E-01
  6.81641E-01  9.87815E-01
  6.85547E-01  9.86235E-01
  6.89453E-01  9.84659E-01
  6.93359E-01  9.83086E-01
  6.97266E-01  9.81516E-01
  7.01172E-01  9.79949E-01
  7.05078E-01  9.78385E-01
  7.08984E-01  9.76824E-01
  7.12891E-01  9.75267E-01
  7.16797E-01  9.73713E-01
  7.20703E-01  9.72162E-01
  7.24609E-01  9.70614E-01
  7.28516E-01  9.69069E-01
  7.32422E-01  9.67527E-01
  7.36328E-01  9.65988E-01
  7.40234E-01  9.64453E-01
  7.44141E-01  9.62920E-01
  7.48047E-01  9.61391E-01
  7.51953E-01  9.59865E-01
  7.55859E-01  9.58341E-01
  7.59766E-01  9.56821E-01
  7.63672E-01  9.55304E-01
  7.67578E-01  9.53790E-01
  7.71484E-01  9.52280E-01
  7.75391E-01  9.50772E-01
  7.79297E-01  9.49267E-01
  7.83203E-01  9.47765E-01
  7.87109E-01  9.46266E-01
  7.91016E-01  9.44770E-01
  7.94922E-01  9.43277E-01
  7.98828E-01  9.41787E-01
  8.02734E-01  9.40300E-01
  8.06641E-01  9.38817E-01
  8.10547E-01  9.37336E-01
  8.14453E-01  9.35857E-01
  8.18359E-01  9.34382E-01
  8.22266E-01  9.32910E-01
  8.26172E-01  9.31441E-01
  8.30078E-01  9.29975E-01
  8.33984E-01  9.28512E-01
  8.37891E-01  9.27051E-01
  8.41797E-01  9.25594E-01
  8.45703E-01  9.24139E-01
  8.49609E-01  9.22688E-01
  8.53516E-01  9.21239E-01
  8.57422E-01  9.19793E-01
  8.61328E-01  9.18350E-01
  8.65234E-01  9.16910E-01
  8.69141E-01  9.15473E-01
  8.73047E-01  9.14038E-01
  8.76953E-01  9.12606E-01
  8.80859E-01  9.11178E-01
  8.84766E-01  9.09752E-01
  8.88672E-01  9.08329E-01
  8.92578E-01  9.06909E-01
  8.96484E-01  9.05491E-01
  9.00391E-01  9.04077E-01
  9.04297E-01  9.02665E-01
  9.08203E-01  9.01256E-01
  9.12109E-01  8.99849E-01
  9.16016E-01  8.98446E-01
  9.19922E-01  8.97045E-01
  9.23828E-01  8.95647E-01
  9.27734E-01  8.94252E-01
  9.31641E-01  8.92859E-01
  9.35547E-01  8.91470E-01
  9.39453E-01  8.90083E-01
  9.43359E-01  8.88699E-01
  9.47266E-01  8.87317E-01
  9.51172E-01  8.85938E-01
  9.55078E-01  8.84562E-01
  9.58984E-01  8.83189E-01
  9.62891E-01  8.81818E-01
  9.66797E-01  8.80450E-01
  9.70703E-01  8.79085E-01
  9.74609E-01  8.77722E-01
  9.78516E-01  8.76362E-01
  9.82422E-01  8.75007E-01
  9.86328E-01  8.73661E-01
  9.90234E-01  8.72342E-01
  9.94141E-01  8.71106E-01
  9.98047E-01  8.70135E-01
  1.00195E+00  8.70153E-01
