 -1.95312E-03  7.50745E+00
  1.95312E-03  7.50753E+00
  5.85938E-03  7.50616E+00
  9.76562E-03  7.50390E+00
  1.36719E-02  7.50071E+00
  1.75781E-02  7.49658E+00
  2.14844E-02  7.49152E+00
  2.53906E-02  7.48552E+00
  2.92969E-02  7.47859E+00
  3.32031E-02  7.47073E+00
  3.71094E-02  7.46196E+00
  4.10156E-02  7.45226E+00
  4.49219E-02  7.44164E+00
  4.88281E-02  7.43010E+00
  5.27344E-02  7.41764E+00
  5.66406E-02  7.40426E+00
  6.05469E-02  7.38996E+00
  6.44531E-02  7.37474E+00
  6.83594E-02  7.35859E+00
  7.22656E-02  7.34153E+00
  7.61719E-02  7.32353E+00
  8.00781E-02  7.30460E+00
  8.39844E-02  7.28473E+00
  8.78906E-02  7.26392E+00
  9.17969E-02  7.24216E+00
  9.57031E-02  7.21945E+00
  9.96094E-02  7.19578E+00
  1.03516E-01  7.17114E+00
  1.07422E-01  7.14553E+00
  1.11328E-01  7.11893E+00
  1.15234E-01  7.09133E+00
  1.19141E-01  7.06273E+00
  1.23047E-01  7.03311E+00
  1.26953E-01  7.00245E+00
  1.30859E-01  6.97076E+00
  1.34766E-01  6.93800E+00
  1.38672E-01  6.90416E+00
  1.42578E-01  6.86923E+00
  1.46484E-01  6.83319E+00
  1.50391E-01  6.79601E+00
  1.54297E-01  6.75768E+00
  1.58203E-01  6.71818E+00
  1.62109E-01  6.67748E+00
  1.66016E-01  6.63555E+00
  1.69922E-01  6.59236E+00
  1.73828E-01  6.54790E+00
  1.77734E-01  6.50212E+00
  1.81641E-01  6.45499E+00
  1.85547E-01  6.40648E+00
  1.89453E-01  6.35654E+00
  1.93359E-01  6.30514E+00
  1.97266E-01  6.25222E+00
  2.01172E-01  6.19774E+00
  2.05078E-01  6.14165E+00
  2.08984E-01  6.08390E+00
  2.12891E-01  6.02440E+00
  2.16797E-01  5.96311E+00
  2.20703E-01  5.89994E+00
  2.24609E-01  5.83483E+00
  2.28516E-01  5.76767E+00
  2.32422E-01  5.69838E+00
  2.36328E-01  5.62687E+00
  2.40234E-01  5.55300E+00
  2.44141E-01  5.47668E+00
  2.48047E-01  5.39775E+00
  2.51953E-01  5.31606E+00
  2.55859E-01  5.23145E+00
  2.59766E-01  5.14373E+00
  2.63672E-01  5.05269E+00
  2.67578E-01  4.95809E+00
  2.71484E-01  4.85966E+00
  2.75391E-01  4.75710E+00
  2.79297E-01  4.65006E+00
  2.83203E-01  4.53812E+00
  2.87109E-01  4.42084E+00
  2.91016E-01  4.29767E+00
  2.94922E-01  4.16795E+00
  2.98828E-01  4.03093E+00
  3.02734E-01  3.88569E+00
  3.06641E-01  3.73113E+00
  3.10547E-01  3.56594E+00
  3.14453E-01  3.38852E+00
  3.18359E-01  3.19715E+00
  3.22266E-01  2.99055E+00
  3.26172E-01  2.76954E+00
  3.30078E-01  2.53985E+00
  3.33984E-01  2.31442E+00
  3.37891E-01  2.11352E+00
  3.41797E-01  1.95282E+00
  3.45703E-01  1.83423E+00
  3.49609E-01  1.74870E+00
  3.53516E-01  1.68465E+00
  3.57422E-01  1.63308E+00
  3.61328E-01  1.58845E+00
  3.65234E-01  1.54782E+00
  3.69141E-01  1.50975E+00
  3.73047E-01  1.47356E+00
  3.76953E-01  1.43891E+00
  3.80859E-01  1.40561E+00
  3.84766E-01  1.37355E+00
  3.88672E-01  1.34262E+00
  3.92578E-01  1.31277E+00
  3.96484E-01  1.28392E+00
  4.00391E-01  1.25602E+00
  4.04297E-01  1.22902E+00
  4.08203E-01  1.20286E+00
  4.12109E-01  1.17753E+00
  4.16016E-01  1.15296E+00
  4.19922E-01  1.12912E+00
  4.23828E-01  1.10598E+00
  4.27734E-01  1.08353E+00
  4.31641E-01  1.06171E+00
  4.35547E-01  1.04053E+00
  4.39453E-01  1.01990E+00
  4.43359E-01  9.99881E-01
  4.47266E-01  9.80371E-01
  4.51172E-01  9.61374E-01
  4.55078E-01  9.42943E-01
  4.58984E-01  9.24977E-01
  4.62891E-01  9.07425E-01
  4.66797E-01  8.90311E-01
  4.70703E-01  8.73766E-01
  4.74609E-01  8.57727E-01
  4.78516E-01  8.42073E-01
  4.82422E-01  8.26759E-01
  4.86328E-01  8.11787E-01
  4.90234E-01  7.97152E-01
  4.94141E-01  7.82835E-01
  4.98047E-01  7.68803E-01
  5.01953E-01  7.55044E-01
  5.05859E-01  7.41559E-01
  5.09766E-01  7.28486E-01
  5.13672E-01  7.15841E-01
  5.17578E-01  7.03539E-01
  5.21484E-01  6.91514E-01
  5.25391E-01  6.79744E-01
  5.29297E-01  6.68237E-01
  5.33203E-01  6.56993E-01
  5.37109E-01  6.46008E-01
  5.41016E-01  6.35268E-01
  5.44922E-01  6.24767E-01
  5.48828E-01  6.14497E-01
  5.52734E-01  6.04452E-01
  5.56641E-01  5.94628E-01
  5.60547E-01  5.85020E-01
  5.64453E-01  5.75615E-01
  5.68359E-01  5.66411E-01
  5.72266E-01  5.57404E-01
  5.76172E-01  5.48591E-01
  5.80078E-01  5.39960E-01
  5.83984E-01  5.31514E-01
  5.87891E-01  5.23244E-01
  5.91797E-01  5.15145E-01
  5.95703E-01  5.07212E-01
  5.99609E-01  4.99442E-01
  6.03516E-01  4.91831E-01
  6.07422E-01  4.84374E-01
  6.11328E-01  4.77068E-01
  6.15234E-01  4.69908E-01
  6.19141E-01  4.62891E-01
  6.23047E-01  4.56014E-01
  6.26953E-01  4.49273E-01
  6.30859E-01  4.42665E-01
  6.34766E-01  4.36186E-01
  6.38672E-01  4.29832E-01
  6.42578E-01  4.23602E-01
  6.46484E-01  4.17492E-01
  6.50391E-01  4.11499E-01
  6.54297E-01  4.05621E-01
  6.58203E-01  3.99855E-01
  6.62109E-01  3.94201E-01
  6.66016E-01  3.88647E-01
  6.69922E-01  3.83196E-01
  6.73828E-01  3.77849E-01
  6.77734E-01  3.72605E-01
  6.81641E-01  3.67454E-01
  6.85547E-01  3.62399E-01
  6.89453E-01  3.57440E-01
  6.93359E-01  3.52566E-01
  6.97266E-01  3.47780E-01
  7.01172E-01  3.43081E-01
  7.05078E-01  3.38468E-01
  7.08984E-01  3.33942E-01
  7.12891E-01  3.29488E-01
  7.16797E-01  3.25117E-01
  7.20703E-01  3.20822E-01
  7.24609E-01  3.16601E-01
  7.28516E-01  3.12458E-01
  7.32422E-01  3.08385E-01
  7.36328E-01  3.04383E-01
  7.40234E-01  3.00448E-01
  7.44141E-01  2.96583E-01
  7.48047E-01  2.92781E-01
  7.51953E-01  2.89046E-01
  7.55859E-01  2.85372E-01
  7.59766E-01  2.81764E-01
  7.63672E-01  2.78213E-01
  7.67578E-01  2.74724E-01
  7.71484E-01  2.71295E-01
  7.75391E-01  2.67920E-01
  7.79297E-01  2.64600E-01
  7.83203E-01  2.61334E-01
  7.87109E-01  2.58124E-01
  7.91016E-01  2.54966E-01
  7.94922E-01  2.51860E-01
  7.98828E-01  2.48803E-01
  8.02734E-01  2.45795E-01
  8.06641E-01  2.42835E-01
  8.10547E-01  2.39924E-01
  8.14453E-01  2.37060E-01
  8.18359E-01  2.34239E-01
  8.22266E-01  2.31463E-01
  8.26172E-01  2.28732E-01
  8.30078E-01  2.26044E-01
  8.33984E-01  2.23395E-01
  8.37891E-01  2.20789E-01
  8.41797E-01  2.18224E-01
  8.45703E-01  2.15698E-01
  8.49609E-01  2.13212E-01
  8.53516E-01  2.10763E-01
  8.57422E-01  2.08353E-01
  8.61328E-01  2.05979E-01
  8.65234E-01  2.03641E-01
  8.69141E-01  2.01336E-01
  8.73047E-01  1.99071E-01
  8.76953E-01  1.96836E-01
  8.80859E-01  1.94633E-01
  8.84766E-01  1.92472E-01
  8.88672E-01  1.90336E-01
  8.92578E-01  1.88228E-01
  8.96484E-01  1.86160E-01
  9.00391E-01  1.84123E-01
  9.04297E-01  1.82107E-01
  9.08203E-01  1.80127E-01
  9.12109E-01  1.78181E-01
  9.16016E-01  1.76254E-01
  9.19922E-01  1.74359E-01
  9.23828E-01  1.72500E-01
  9.27734E-01  1.70660E-01
  9.31641E-01  1.68848E-01
  9.35547E-01  1.67072E-01
  9.39453E-01  1.65317E-01
  9.43359E-01  1.63586E-01
  9.47266E-01  1.61890E-01
  9.51172E-01  1.60219E-01
  9.55078E-01  1.58570E-01
  9.58984E-01  1.56956E-01
  9.62891E-01  1.55368E-01
  9.66797E-01  1.53802E-01
  9.70703E-01  1.52274E-01
  9.74609E-01  1.50777E-01
  9.78516E-01  1.49301E-01
  9.82422E-01  1.47866E-01
  9.86328E-01  1.46466E-01
  9.90234E-01  1.45096E-01
  9.94141E-01  1.43869E-01
  9.98047E-01  1.43303E-01
  1.00195E+00  1.43303E-01
