 -1.95312E-03  2.97753E+00
  1.95312E-03  2.97767E+00
  5.85938E-03  2.97562E+00
  9.76562E-03  2.97205E+00
  1.36719E-02  2.96695E+00
  1.75781E-02  2.96038E+00
  2.14844E-02  2.95240E+00
  2.53906E-02  2.94308E+00
  2.92969E-02  2.93247E+00
  3.32031E-02  2.92065E+00
  3.71094E-02  2.90769E+00
  4.10156E-02  2.89367E+00
  4.49219E-02  2.87867E+00
  4.88281E-02  2.86276E+00
  5.27344E-02  2.84602E+00
  5.66406E-02  2.82853E+00
  6.05469E-02  2.81037E+00
  6.44531E-02  2.79161E+00
  6.83594E-02  2.77234E+00
  7.22656E-02  2.75262E+00
  7.61719E-02  2.73252E+00
  8.00781E-02  2.71211E+00
  8.39844E-02  2.69144E+00
  8.78906E-02  2.67059E+00
  9.17969E-02  2.64959E+00
  9.57031E-02  2.62849E+00
  9.96094E-02  2.60735E+00
  1.03516E-01  2.58619E+00
  1.07422E-01  2.56504E+00
  1.11328E-01  2.54395E+00
  1.15234E-01  2.52293E+00
  1.19141E-01  2.50200E+00
  1.23047E-01  2.48118E+00
  1.26953E-01  2.46049E+00
  1.30859E-01  2.43995E+00
  1.34766E-01  2.41955E+00
  1.38672E-01  2.39931E+00
  1.42578E-01  2.37924E+00
  1.46484E-01  2.35934E+00
  1.50391E-01  2.33961E+00
  1.54297E-01  2.32007E+00
  1.58203E-01  2.30071E+00
  1.62109E-01  2.28153E+00
  1.66016E-01  2.26253E+00
  1.69922E-01  2.24373E+00
  1.73828E-01  2.22510E+00
  1.77734E-01  2.20667E+00
  1.81641E-01  2.18842E+00
  1.85547E-01  2.17035E+00
  1.89453E-01  2.15246E+00
  1.93359E-01  2.13476E+00
  1.97266E-01  2.11724E+00
  2.01172E-01  2.09990E+00
  2.05078E-01  2.08274E+00
  2.08984E-01  2.06576E+00
  2.12891E-01  2.04896E+00
  2.16797E-01  2.03233E+00
  2.20703E-01  2.01587E+00
  2.24609E-01  1.99959E+00
  2.28516E-01  1.98347E+00
  2.32422E-01  1.96752E+00
  2.36328E-01  1.95174E+00
  2.40234E-01  1.93612E+00
  2.44141E-01  1.92067E+00
  2.48047E-01  1.90537E+00
  2.51953E-01  1.89023E+00
  2.55859E-01  1.87526E+00
  2.59766E-01  1.86043E+00
  2.63672E-01  1.84576E+00
  2.67578E-01  1.83124E+00
  2.71484E-01  1.81687E+00
  2.75391E-01  1.80265E+00
  2.79297E-01  1.78858E+00
  2.83203E-01  1.77465E+00
  2.87109E-01  1.76086E+00
  2.91016E-01  1.74721E+00
  2.94922E-01  1.73370E+00
  2.98828E-01  1.72033E+00
  3.02734E-01  1.70710E+00
  3.06641E-01  1.69400E+00
  3.10547E-01  1.68103E+00
  3.14453E-01  1.66820E+00
  3.18359E-01  1.65549E+00
  3.22266E-01  1.64291E+00
  3.26172E-01  1.63046E+00
  3.30078E-01  1.61814E+00
  3.33984E-01  1.60593E+00
  3.37891E-01  1.59385E+00
  3.41797E-01  1.58189E+00
  3.45703E-01  1.57005E+00
  3.49609E-01  1.55832E+00
  3.53516E-01  1.54671E+00
  3.57422E-01  1.53522E+00
  3.61328E-01  1.52383E+00
  3.65234E-01  1.51256E+00
  3.69141E-01  1.50141E+00
  3.73047E-01  1.49036E+00
  3.76953E-01  1.47941E+00
  3.80859E-01  1.46858E+00
  3.84766E-01  1.45785E+00
  3.88672E-01  1.44722E+00
  3.92578E-01  1.43669E+00
  3.96484E-01  1.42627E+00
  4.00391E-01  1.41595E+00
  4.04297E-01  1.40573E+00
  4.08203E-01  1.39560E+00
  4.12109E-01  1.38557E+00
  4.16016E-01  1.37564E+00
  4.19922E-01  1.36580E+00
  4.23828E-01  1.35606E+00
  4.27734E-01  1.34640E+00
  4.31641E-01  1.33684E+00
  4.35547E-01  1.32737E+00
  4.39453E-01  1.31799E+00
  4.43359E-01  1.30869E+00
  4.47266E-01  1.29948E+00
  4.51172E-01  1.29036E+00
  4.55078E-01  1.28133E+00
  4.58984E-01  1.27237E+00
  4.62891E-01  1.26350E+00
  4.66797E-01  1.25471E+00
  4.70703E-01  1.24601E+00
  4.74609E-01  1.23738E+00
  4.78516E-01  1.22883E+00
  4.82422E-01  1.22037E+00
  4.86328E-01  1.21197E+00
  4.90234E-01  1.20366E+00
  4.94141E-01  1.19542E+00
  4.98047E-01  1.18726E+00
  5.01953E-01  1.17917E+00
  5.05859E-01  1.17115E+00
  5.09766E-01  1.16321E+00
  5.13672E-01  1.15534E+00
  5.17578E-01  1.14754E+00
  5.21484E-01  1.13981E+00
  5.25391E-01  1.13215E+00
  5.29297E-01  1.12455E+00
  5.33203E-01  1.11703E+00
  5.37109E-01  1.10957E+00
  5.41016E-01  1.10218E+00
  5.44922E-01  1.09485E+00
  5.48828E-01  1.08758E+00
  5.52734E-01  1.08038E+00
  5.56641E-01  1.07325E+00
  5.60547E-01  1.06617E+00
  5.64453E-01  1.05916E+00
  5.68359E-01  1.05221E+00
  5.72266E-01  1.04531E+00
  5.76172E-01  1.03848E+00
  5.80078E-01  1.03171E+00
  5.83984E-01  1.02499E+00
  5.87891E-01  1.01833E+00
  5.91797E-01  1.01173E+00
  5.95703E-01  1.00519E+00
  5.99609E-01  9.98698E-01
  6.03516E-01  9.92268E-01
  6.07422E-01  9.85893E-01
  6.11328E-01  9.79572E-01
  6.15234E-01  9.73305E-01
  6.19141E-01  9.67091E-01
  6.23047E-01  9.60929E-01
  6.26953E-01  9.54820E-01
  6.30859E-01  9.48762E-01
  6.34766E-01  9.42755E-01
  6.38672E-01  9.36799E-01
  6.42578E-01  9.30892E-01
  6.46484E-01  9.25036E-01
  6.50391E-01  9.19227E-01
  6.54297E-01  9.13468E-01
  6.58203E-01  9.07757E-01
  6.62109E-01  9.02092E-01
  6.66016E-01  8.96475E-01
  6.69922E-01  8.90905E-01
  6.73828E-01  8.85380E-01
  6.77734E-01  8.79901E-01
  6.81641E-01  8.74466E-01
  6.85547E-01  8.69076E-01
  6.89453E-01  8.63729E-01
  6.93359E-01  8.58426E-01
  6.97266E-01  8.53167E-01
  7.01172E-01  8.47952E-01
  7.05078E-01  8.42777E-01
  7.08984E-01  8.37644E-01
  7.12891E-01  8.32552E-01
  7.16797E-01  8.27503E-01
  7.20703E-01  8.22493E-01
  7.24609E-01  8.17524E-01
  7.28516E-01  8.12594E-01
  7.32422E-01  8.07704E-01
  7.36328E-01  8.02853E-01
  7.40234E-01  7.98040E-01
  7.44141E-01  7.93266E-01
  7.48047E-01  7.88530E-01
  7.51953E-01  7.83831E-01
  7.55859E-01  7.79169E-01
  7.59766E-01  7.74544E-01
  7.63672E-01  7.69956E-01
  7.67578E-01  7.65403E-01
  7.71484E-01  7.60887E-01
  7.75391E-01  7.56405E-01
  7.79297E-01  7.51958E-01
  7.83203E-01  7.47546E-01
  7.87109E-01  7.43168E-01
  7.91016E-01  7.38825E-01
  7.94922E-01  7.34514E-01
  7.98828E-01  7.30238E-01
  8.02734E-01  7.25994E-01
  8.06641E-01  7.21782E-01
  8.10547E-01  7.17604E-01
  8.14453E-01  7.13458E-01
  8.18359E-01  7.09343E-01
  8.22266E-01  7.05260E-01
  8.26172E-01  7.01207E-01
  8.30078E-01  6.97186E-01
  8.33984E-01  6.93195E-01
  8.37891E-01  6.89234E-01
  8.41797E-01  6.85304E-01
  8.45703E-01  6.81403E-01
  8.49609E-01  6.77532E-01
  8.53516E-01  6.73690E-01
  8.57422E-01  6.69876E-01
  8.61328E-01  6.66092E-01
  8.65234E-01  6.62336E-01
  8.69141E-01  6.58607E-01
  8.73047E-01  6.54906E-01
  8.76953E-01  6.51233E-01
  8.80859E-01  6.47588E-01
  8.84766E-01  6.43969E-01
  8.88672E-01  6.40377E-01
  8.92578E-01  6.36812E-01
  8.96484E-01  6.33273E-01
  9.00391E-01  6.29760E-01
  9.04297E-01  6.26272E-01
  9.08203E-01  6.22811E-01
  9.12109E-01  6.19374E-01
  9.16016E-01  6.15964E-01
  9.19922E-01  6.12578E-01
  9.23828E-01  6.09216E-01
  9.27734E-01  6.05880E-01
  9.31641E-01  6.02567E-01
  9.35547E-01  5.99278E-01
  9.39453E-01  5.96013E-01
  9.43359E-01  5.92771E-01
  9.47266E-01  5.89553E-01
  9.51172E-01  5.86358E-01
  9.55078E-01  5.83188E-01
  9.58984E-01  5.80041E-01
  9.62891E-01  5.76919E-01
  9.66797E-01  5.73824E-01
  9.70703E-01  5.70759E-01
  9.74609E-01  5.67729E-01
  9.78516E-01  5.64748E-01
  9.82422E-01  5.61836E-01
  9.86328E-01  5.59029E-01
  9.90234E-01  5.56397E-01
  9.94141E-01  5.54070E-01
  9.98047E-01  5.52552E-01
  1.00195E+00  5.52553E-01
