 -1.95312E-03  1.08234E+00
  1.95312E-03  1.08240E+00
  5.85938E-03  1.08189E+00
  9.76562E-03  1.08140E+00
  1.36719E-02  1.08089E+00
  1.75781E-02  1.08039E+00
  2.14844E-02  1.07988E+00
  2.53906E-02  1.07938E+00
  2.92969E-02  1.07887E+00
  3.32031E-02  1.07836E+00
  3.71094E-02  1.07786E+00
  4.10156E-02  1.07735E+00
  4.49219E-02  1.07685E+00
  4.88281E-02  1.07634E+00
  5.27344E-02  1.07584E+00
  5.66406E-02  1.07533E+00
  6.05469E-02  1.07483E+00
  6.44531E-02  1.07432E+00
  6.83594E-02  1.07382E+00
  7.22656E-02  1.07331E+00
  7.61719E-02  1.07281E+00
  8.00781E-02  1.07231E+00
  8.39844E-02  1.07180E+00
  8.78906E-02  1.07130E+00
  9.17969E-02  1.07080E+00
  9.57031E-02  1.07030E+00
  9.96094E-02  1.06979E+00
  1.03516E-01  1.06929E+00
  1.07422E-01  1.06879E+00
  1.11328E-01  1.06829E+00
  1.15234E-01  1.06779E+00
  1.19141E-01  1.06729E+00
  1.23047E-01  1.06679E+00
  1.26953E-01  1.06629E+00
  1.30859E-01  1.06579E+00
  1.34766E-01  1.06529E+00
  1.38672E-01  1.06479E+00
  1.42578E-01  1.06429E+00
  1.46484E-01  1.06379E+00
  1.50391E-01  1.06329E+00
  1.54297E-01  1.06279E+00
  1.58203E-01  1.06229E+00
  1.62109E-01  1.06179E+00
  1.66016E-01  1.06130E+00
  1.69922E-01  1.06080E+00
  1.73828E-01  1.06030E+00
  1.77734E-01  1.05981E+00
  1.81641E-01  1.05931E+00
  1.85547E-01  1.05881E+00
  1.89453E-01  1.05832E+00
  1.93359E-01  1.05782E+00
  1.97266E-01  1.05732E+00
  2.01172E-01  1.05683E+00
  2.05078E-01  1.05633E+00
  2.08984E-01  1.05584E+00
  2.12891E-01  1.05534E+00
  2.16797E-01  1.05485E+00
  2.20703E-01  1.05435E+00
  2.24609E-01  1.05386E+00
  2.28516E-01  1.05337E+00
  2.32422E-01  1.05287E+00
  2.36328E-01  1.05238E+00
  2.40234E-01  1.05189E+00
  2.44141E-01  1.05139E+00
  2.48047E-01  1.05090E+00
  2.51953E-01  1.05041E+00
  2.55859E-01  1.04992E+00
  2.59766E-01  1.04943E+00
  2.63672E-01  1.04893E+00
  2.67578E-01  1.04844E+00
  2.71484E-01  1.04795E+00
  2.75391E-01  1.04746E+00
  2.79297E-01  1.04697E+00
  2.83203E-01  1.04648E+00
  2.87109E-01  1.04599E+00
  2.91016E-01  1.04550E+00
  2.94922E-01  1.04501E+00
  2.98828E-01  1.04452E+00
  3.02734E-01  1.04403E+00
  3.06641E-01  1.04354E+00
  3.10547E-01  1.04306E+00
  3.14453E-01  1.04257E+00
  3.18359E-01  1.04208E+00
  3.22266E-01  1.04159E+00
  3.26172E-01  1.04110E+00
  3.30078E-01  1.04062E+00
  3.33984E-01  1.04013E+00
  3.37891E-01  1.03964E+00
  3.41797E-01  1.03916E+00
  3.45703E-01  1.03867E+00
  3.49609E-01  1.03819E+00
  3.53516E-01  1.03770E+00
  3.57422E-01  1.03721E+00
  3.61328E-01  1.03673E+00
  3.65234E-01  1.03624E+00
  3.69141E-01  1.03576E+00
  3.73047E-01  1.03527E+00
  3.76953E-01  1.03479E+00
  3.80859E-01  1.03431E+00
  3.84766E-01  1.03382E+00
  3.88672E-01  1.03334E+00
  3.92578E-01  1.03286E+00
  3.96484E-01  1.03237E+00
  4.00391E-01  1.03189E+00
  4.04297E-01  1.03141E+00
  4.08203E-01  1.03093E+00
  4.12109E-01  1.03044E+00
  4.16016E-01  1.02996E+00
  4.19922E-01  1.02948E+00
  4.23828E-01  1.02900E+00
  4.27734E-01  1.02852E+00
  4.31641E-01  1.02804E+00
  4.35547E-01  1.02756E+00
  4.39453E-01  1.02708E+00
  4.43359E-01  1.02660E+00
  4.47266E-01  1.02612E+00
  4.51172E-01  1.02564E+00
  4.55078E-01  1.02516E+00
  4.58984E-01  1.02468E+00
  4.62891E-01  1.02420E+00
  4.66797E-01  1.02372E+00
  4.70703E-01  1.02324E+00
  4.74609E-01  1.02277E+00
  4.78516E-01  1.02229E+00
  4.82422E-01  1.02181E+00
  4.86328E-01  1.02133E+00
  4.90234E-01  1.02086E+00
  4.94141E-01  1.02038E+00
  4.98047E-01  1.01990E+00
  5.01953E-01  1.01943E+00
  5.05859E-01  1.01895E+00
  5.09766E-01  1.01847E+00
  5.13672E-01  1.01800E+00
  5.17578E-01  1.01752E+00
  5.21484E-01  1.01705E+00
  5.25391E-01  1.01657E+00
  5.29297E-01  1.01610E+00
  5.33203E-01  1.01562E+00
  5.37109E-01  1.01515E+00
  5.41016E-01  1.01468E+00
  5.44922E-01  1.01420E+00
  5.48828E-01  1.01373E+00
  5.52734E-01  1.01326E+00
  5.56641E-01  1.01278E+00
  5.60547E-01  1.01231E+00
  5.64453E-01  1.01184E+00
  5.68359E-01  1.01137E+00
  5.72266E-01  1.01089E+00
  5.76172E-01  1.01042E+00
  5.80078E-01  1.00995E+00
  5.83984E-01  1.00948E+00
  5.87891E-01  1.00901E+00
  5.91797E-01  1.00854E+00
  5.95703E-01  1.00807E+00
  5.99609E-01  1.00760E+00
  6.03516E-01  1.00713E+00
  6.07422E-01  1.00666E+00
  6.11328E-01  1.00619E+00
  6.15234E-01  1.00572E+00
  6.19141E-01  1.00525E+00
  6.23047E-01  1.00478E+00
  6.26953E-01  1.00431E+00
  6.30859E-01  1.00384E+00
  6.34766E-01  1.00338E+00
  6.38672E-01  1.00291E+00
  6.42578E-01  1.00244E+00
  6.46484E-01  1.00197E+00
  6.50391E-01  1.00151E+00
  6.54297E-01  1.00104E+00
  6.58203E-01  1.00057E+00
  6.62109E-01  1.00011E+00
  6.66016E-01  9.99640E-01
  6.69922E-01  9.99174E-01
  6.73828E-01  9.98708E-01
  6.77734E-01  9.98243E-01
  6.81641E-01  9.97778E-01
  6.85547E-01  9.97313E-01
  6.89453E-01  9.96848E-01
  6.93359E-01  9.96383E-01
  6.97266E-01  9.95919E-01
  7.01172E-01  9.95455E-01
  7.05078E-01  9.94991E-01
  7.08984E-01  9.94528E-01
  7.12891E-01  9.94065E-01
  7.16797E-01  9.93602E-01
  7.20703E-01  9.93139E-01
  7.24609E-01  9.92676E-01
  7.28516E-01  9.92213E-01
  7.32422E-01  9.91751E-01
  7.36328E-01  9.91290E-01
  7.40234E-01  9.90828E-01
  7.44141E-01  9.90367E-01
  7.48047E-01  9.89905E-01
  7.51953E-01  9.89445E-01
  7.55859E-01  9.88984E-01
  7.59766E-01  9.88524E-01
  7.63672E-01  9.88063E-01
  7.67578E-01  9.87603E-01
  7.71484E-01  9.87143E-01
  7.75391E-01  9.86684E-01
  7.79297E-01  9.86225E-01
  7.83203E-01  9.85766E-01
  7.87109E-01  9.85307E-01
  7.91016E-01  9.84848E-01
  7.94922E-01  9.84390E-01
  7.98828E-01  9.83932E-01
  8.02734E-01  9.83474E-01
  8.06641E-01  9.83016E-01
  8.10547E-01  9.82559E-01
  8.14453E-01  9.82102E-01
  8.18359E-01  9.81645E-01
  8.22266E-01  9.81188E-01
  8.26172E-01  9.80731E-01
  8.30078E-01  9.80275E-01
  8.33984E-01  9.79819E-01
  8.37891E-01  9.79363E-01
  8.41797E-01  9.78908E-01
  8.45703E-01  9.78453E-01
  8.49609E-01  9.77997E-01
  8.53516E-01  9.77543E-01
  8.57422E-01  9.77088E-01
  8.61328E-01  9.76633E-01
  8.65234E-01  9.76179E-01
  8.69141E-01  9.75725E-01
  8.73047E-01  9.75272E-01
  8.76953E-01  9.74819E-01
  8.80859E-01  9.74365E-01
  8.84766E-01  9.73912E-01
  8.88672E-01  9.73460E-01
  8.92578E-01  9.73007E-01
  8.96484E-01  9.72555E-01
  9.00391E-01  9.72103E-01
  9.04297E-01  9.71651E-01
  9.08203E-01  9.71199E-01
  9.12109E-01  9.70748E-01
  9.16016E-01  9.70297E-01
  9.19922E-01  9.69846E-01
  9.23828E-01  9.69395E-01
  9.27734E-01  9.68945E-01
  9.31641E-01  9.68495E-01
  9.35547E-01  9.68045E-01
  9.39453E-01  9.67595E-01
  9.43359E-01  9.67145E-01
  9.47266E-01  9.66696E-01
  9.51172E-01  9.66247E-01
  9.55078E-01  9.65798E-01
  9.58984E-01  9.65349E-01
  9.62891E-01  9.64901E-01
  9.66797E-01  9.64453E-01
  9.70703E-01  9.64005E-01
  9.74609E-01  9.63557E-01
  9.78516E-01  9.63110E-01
  9.82422E-01  9.62663E-01
  9.86328E-01  9.62216E-01
  9.90234E-01  9.61768E-01
  9.94141E-01  9.61317E-01
  9.98047E-01  9.60851E-01
  1.00195E+00  9.60871E-01
