 -1.95312E-03  4.36419E+00
  1.95312E-03  4.36424E+00
  5.85938E-03  4.36229E+00
  9.76562E-03  4.35889E+00
  1.36719E-02  4.35401E+00
  1.75781E-02  4.34764E+00
  2.14844E-02  4.33982E+00
  2.53906E-02  4.33055E+00
  2.92969E-02  4.31986E+00
  3.32031E-02  4.30775E+00
  3.71094E-02  4.29425E+00
  4.10156E-02  4.27937E+00
  4.49219E-02  4.26314E+00
  4.88281E-02  4.24555E+00
  5.27344E-02  4.22665E+00
  5.66406E-02  4.20643E+00
  6.05469E-02  4.18492E+00
  6.44531E-02  4.16214E+00
  6.83594E-02  4.13811E+00
  7.22656E-02  4.11285E+00
  7.61719E-02  4.08638E+00
  8.00781E-02  4.05873E+00
  8.39844E-02  4.02992E+00
  8.78906E-02  3.99997E+00
  9.17969E-02  3.96892E+00
  9.57031E-02  3.93681E+00
  9.96094E-02  3.90365E+00
  1.03516E-01  3.86950E+00
  1.07422E-01  3.83439E+00
  1.11328E-01  3.79836E+00
  1.15234E-01  3.76146E+00
  1.19141E-01  3.72374E+00
  1.23047E-01  3.68526E+00
  1.26953E-01  3.64606E+00
  1.30859E-01  3.60622E+00
  1.34766E-01  3.56579E+00
  1.38672E-01  3.52484E+00
  1.42578E-01  3.48344E+00
  1.46484E-01  3.44167E+00
  1.50391E-01  3.39960E+00
  1.54297E-01  3.35730E+00
  1.58203E-01  3.31485E+00
  1.62109E-01  3.27234E+00
  1.66016E-01  3.22983E+00
  1.69922E-01  3.18740E+00
  1.73828E-01  3.14512E+00
  1.77734E-01  3.10307E+00
  1.81641E-01  3.06130E+00
  1.85547E-01  3.01989E+00
  1.89453E-01  2.97887E+00
  1.93359E-01  2.93832E+00
  1.97266E-01  2.89826E+00
  2.01172E-01  2.85874E+00
  2.05078E-01  2.81978E+00
  2.08984E-01  2.78141E+00
  2.12891E-01  2.74366E+00
  2.16797E-01  2.70653E+00
  2.20703E-01  2.67002E+00
  2.24609E-01  2.63416E+00
  2.28516E-01  2.59893E+00
  2.32422E-01  2.56434E+00
  2.36328E-01  2.53037E+00
  2.40234E-01  2.49702E+00
  2.44141E-01  2.46427E+00
  2.48047E-01  2.43212E+00
  2.51953E-01  2.40056E+00
  2.55859E-01  2.36958E+00
  2.59766E-01  2.33915E+00
  2.63672E-01  2.30928E+00
  2.67578E-01  2.27995E+00
  2.71484E-01  2.25114E+00
  2.75391E-01  2.22284E+00
  2.79297E-01  2.19505E+00
  2.83203E-01  2.16774E+00
  2.87109E-01  2.14091E+00
  2.91016E-01  2.11454E+00
  2.94922E-01  2.08863E+00
  2.98828E-01  2.06317E+00
  3.02734E-01  2.03814E+00
  3.06641E-01  2.01353E+00
  3.10547E-01  1.98933E+00
  3.14453E-01  1.96554E+00
  3.18359E-01  1.94214E+00
  3.22266E-01  1.91912E+00
  3.26172E-01  1.89648E+00
  3.30078E-01  1.87421E+00
  3.33984E-01  1.85230E+00
  3.37891E-01  1.83074E+00
  3.41797E-01  1.80953E+00
  3.45703E-01  1.78866E+00
  3.49609E-01  1.76812E+00
  3.53516E-01  1.74790E+00
  3.57422E-01  1.72799E+00
  3.61328E-01  1.70840E+00
  3.65234E-01  1.68911E+00
  3.69141E-01  1.67012E+00
  3.73047E-01  1.65143E+00
  3.76953E-01  1.63301E+00
  3.80859E-01  1.61488E+00
  3.84766E-01  1.59702E+00
  3.88672E-01  1.57943E+00
  3.92578E-01  1.56210E+00
  3.96484E-01  1.54503E+00
  4.00391E-01  1.52822E+00
  4.04297E-01  1.51165E+00
  4.08203E-01  1.49533E+00
  4.12109E-01  1.47925E+00
  4.16016E-01  1.46341E+00
  4.19922E-01  1.44781E+00
  4.23828E-01  1.43243E+00
  4.27734E-01  1.41728E+00
  4.31641E-01  1.40234E+00
  4.35547E-01  1.38760E+00
  4.39453E-01  1.37307E+00
  4.43359E-01  1.35875E+00
  4.47266E-01  1.34462E+00
  4.51172E-01  1.33069E+00
  4.55078E-01  1.31696E+00
  4.58984E-01  1.30341E+00
  4.62891E-01  1.29006E+00
  4.66797E-01  1.27688E+00
  4.70703E-01  1.26389E+00
  4.74609E-01  1.25107E+00
  4.78516E-01  1.23843E+00
  4.82422E-01  1.22596E+00
  4.86328E-01  1.21366E+00
  4.90234E-01  1.20152E+00
  4.94141E-01  1.18955E+00
  4.98047E-01  1.17773E+00
  5.01953E-01  1.16607E+00
  5.05859E-01  1.15457E+00
  5.09766E-01  1.14322E+00
  5.13672E-01  1.13201E+00
  5.17578E-01  1.12096E+00
  5.21484E-01  1.11004E+00
  5.25391E-01  1.09928E+00
  5.29297E-01  1.08865E+00
  5.33203E-01  1.07815E+00
  5.37109E-01  1.06780E+00
  5.41016E-01  1.05757E+00
  5.44922E-01  1.04748E+00
  5.48828E-01  1.03752E+00
  5.52734E-01  1.02768E+00
  5.56641E-01  1.01797E+00
  5.60547E-01  1.00838E+00
  5.64453E-01  9.98918E-01
  5.68359E-01  9.89569E-01
  5.72266E-01  9.80337E-01
  5.76172E-01  9.71220E-01
  5.80078E-01  9.62215E-01
  5.83984E-01  9.53322E-01
  5.87891E-01  9.44540E-01
  5.91797E-01  9.35865E-01
  5.95703E-01  9.27296E-01
  5.99609E-01  9.18831E-01
  6.03516E-01  9.10470E-01
  6.07422E-01  9.02212E-01
  6.11328E-01  8.94051E-01
  6.15234E-01  8.85989E-01
  6.19141E-01  8.78025E-01
  6.23047E-01  8.70155E-01
  6.26953E-01  8.62379E-01
  6.30859E-01  8.54697E-01
  6.34766E-01  8.47106E-01
  6.38672E-01  8.39603E-01
  6.42578E-01  8.32189E-01
  6.46484E-01  8.24865E-01
  6.50391E-01  8.17625E-01
  6.54297E-01  8.10467E-01
  6.58203E-01  8.03395E-01
  6.62109E-01  7.96405E-01
  6.66016E-01  7.89496E-01
  6.69922E-01  7.82666E-01
  6.73828E-01  7.75916E-01
  6.77734E-01  7.69241E-01
  6.81641E-01  7.62646E-01
  6.85547E-01  7.56125E-01
  6.89453E-01  7.49677E-01
  6.93359E-01  7.43303E-01
  6.97266E-01  7.37000E-01
  7.01172E-01  7.30767E-01
  7.05078E-01  7.24607E-01
  7.08984E-01  7.18515E-01
  7.12891E-01  7.12493E-01
  7.16797E-01  7.06535E-01
  7.20703E-01  7.00644E-01
  7.24609E-01  6.94819E-01
  7.28516E-01  6.89060E-01
  7.32422E-01  6.83362E-01
  7.36328E-01  6.77727E-01
  7.40234E-01  6.72155E-01
  7.44141E-01  6.66644E-01
  7.48047E-01  6.61192E-01
  7.51953E-01  6.55799E-01
  7.55859E-01  6.50467E-01
  7.59766E-01  6.45191E-01
  7.63672E-01  6.39971E-01
  7.67578E-01  6.34808E-01
  7.71484E-01  6.29701E-01
  7.75391E-01  6.24648E-01
  7.79297E-01  6.19647E-01
  7.83203E-01  6.14700E-01
  7.87109E-01  6.09807E-01
  7.91016E-01  6.04966E-01
  7.94922E-01  6.00177E-01
  7.98828E-01  5.95436E-01
  8.02734E-01  5.90744E-01
  8.06641E-01  5.86102E-01
  8.10547E-01  5.81508E-01
  8.14453E-01  5.76966E-01
  8.18359E-01  5.72468E-01
  8.22266E-01  5.68017E-01
  8.26172E-01  5.63611E-01
  8.30078E-01  5.59252E-01
  8.33984E-01  5.54937E-01
  8.37891E-01  5.50666E-01
  8.41797E-01  5.46438E-01
  8.45703E-01  5.42253E-01
  8.49609E-01  5.38113E-01
  8.53516E-01  5.34014E-01
  8.57422E-01  5.29957E-01
  8.61328E-01  5.25941E-01
  8.65234E-01  5.21965E-01
  8.69141E-01  5.18027E-01
  8.73047E-01  5.14131E-01
  8.76953E-01  5.10273E-01
  8.80859E-01  5.06452E-01
  8.84766E-01  5.02670E-01
  8.88672E-01  4.98927E-01
  8.92578E-01  4.95219E-01
  8.96484E-01  4.91549E-01
  9.00391E-01  4.87914E-01
  9.04297E-01  4.84316E-01
  9.08203E-01  4.80754E-01
  9.12109E-01  4.77225E-01
  9.16016E-01  4.73730E-01
  9.19922E-01  4.70271E-01
  9.23828E-01  4.66846E-01
  9.27734E-01  4.63451E-01
  9.31641E-01  4.60091E-01
  9.35547E-01  4.56763E-01
  9.39453E-01  4.53467E-01
  9.43359E-01  4.50205E-01
  9.47266E-01  4.46975E-01
  9.51172E-01  4.43777E-01
  9.55078E-01  4.40612E-01
  9.58984E-01  4.37480E-01
  9.62891E-01  4.34385E-01
  9.66797E-01  4.31327E-01
  9.70703E-01  4.28312E-01
  9.74609E-01  4.25345E-01
  9.78516E-01  4.22441E-01
  9.82422E-01  4.19615E-01
  9.86328E-01  4.16897E-01
  9.90234E-01  4.14335E-01
  9.94141E-01  4.12023E-01
  9.98047E-01  4.10591E-01
  1.00195E+00  4.10591E-01
