 -1.95312E-03  7.29953E+00
  1.95312E-03  7.29958E+00
  5.85938E-03  7.29818E+00
  9.76562E-03  7.29586E+00
  1.36719E-02  7.29257E+00
  1.75781E-02  7.28830E+00
  2.14844E-02  7.28307E+00
  2.53906E-02  7.27687E+00
  2.92969E-02  7.26971E+00
  3.32031E-02  7.26159E+00
  3.71094E-02  7.25251E+00
  4.10156E-02  7.24248E+00
  4.49219E-02  7.23149E+00
  4.88281E-02  7.21955E+00
  5.27344E-02  7.20667E+00
  5.66406E-02  7.19282E+00
  6.05469E-02  7.17803E+00
  6.44531E-02  7.16228E+00
  6.83594E-02  7.14557E+00
  7.22656E-02  7.12790E+00
  7.61719E-02  7.10927E+00
  8.00781E-02  7.08967E+00
  8.39844E-02  7.06911E+00
  8.78906E-02  7.04756E+00
  9.17969E-02  7.02503E+00
  9.57031E-02  7.00150E+00
  9.96094E-02  6.97698E+00
  1.03516E-01  6.95145E+00
  1.07422E-01  6.92491E+00
  1.11328E-01  6.89734E+00
  1.15234E-01  6.86873E+00
  1.19141E-01  6.83907E+00
  1.23047E-01  6.80835E+00
  1.26953E-01  6.77655E+00
  1.30859E-01  6.74366E+00
  1.34766E-01  6.70966E+00
  1.38672E-01  6.67453E+00
  1.42578E-01  6.63827E+00
  1.46484E-01  6.60083E+00
  1.50391E-01  6.56221E+00
  1.54297E-01  6.52239E+00
  1.58203E-01  6.48132E+00
  1.62109E-01  6.43900E+00
  1.66016E-01  6.39538E+00
  1.69922E-01  6.35045E+00
  1.73828E-01  6.30417E+00
  1.77734E-01  6.25651E+00
  1.81641E-01  6.20742E+00
  1.85547E-01  6.15686E+00
  1.89453E-01  6.10480E+00
  1.93359E-01  6.05118E+00
  1.97266E-01  5.99596E+00
  2.01172E-01  5.93910E+00
  2.05078E-01  5.88051E+00
  2.08984E-01  5.82015E+00
  2.12891E-01  5.75795E+00
  2.16797E-01  5.69383E+00
  2.20703E-01  5.62771E+00
  2.24609E-01  5.55950E+00
  2.28516E-01  5.48913E+00
  2.32422E-01  5.41648E+00
  2.36328E-01  5.34144E+00
  2.40234E-01  5.26389E+00
  2.44141E-01  5.18370E+00
  2.48047E-01  5.10072E+00
  2.51953E-01  5.01478E+00
  2.55859E-01  4.92571E+00
  2.59766E-01  4.83330E+00
  2.63672E-01  4.73732E+00
  2.67578E-01  4.63754E+00
  2.71484E-01  4.53367E+00
  2.75391E-01  4.42540E+00
  2.79297E-01  4.31237E+00
  2.83203E-01  4.19421E+00
  2.87109E-01  4.07046E+00
  2.91016E-01  3.94064E+00
  2.94922E-01  3.80423E+00
  2.98828E-01  3.66065E+00
  3.02734E-01  3.50937E+00
  3.06641E-01  3.34995E+00
  3.10547E-01  3.18226E+00
  3.14453E-01  3.00695E+00
  3.18359E-01  2.82599E+00
  3.22266E-01  2.64326E+00
  3.26172E-01  2.46528E+00
  3.30078E-01  2.30066E+00
  3.33984E-01  2.15704E+00
  3.37891E-01  2.03816E+00
  3.41797E-01  1.94281E+00
  3.45703E-01  1.86654E+00
  3.49609E-01  1.80411E+00
  3.53516E-01  1.75103E+00
  3.57422E-01  1.70406E+00
  3.61328E-01  1.66113E+00
  3.65234E-01  1.62099E+00
  3.69141E-01  1.58295E+00
  3.73047E-01  1.54662E+00
  3.76953E-01  1.51174E+00
  3.80859E-01  1.47818E+00
  3.84766E-01  1.44582E+00
  3.88672E-01  1.41457E+00
  3.92578E-01  1.38435E+00
  3.96484E-01  1.35514E+00
  4.00391E-01  1.32685E+00
  4.04297E-01  1.29944E+00
  4.08203E-01  1.27287E+00
  4.12109E-01  1.24710E+00
  4.16016E-01  1.22208E+00
  4.19922E-01  1.19778E+00
  4.23828E-01  1.17418E+00
  4.27734E-01  1.15124E+00
  4.31641E-01  1.12894E+00
  4.35547E-01  1.10724E+00
  4.39453E-01  1.08614E+00
  4.43359E-01  1.06560E+00
  4.47266E-01  1.04559E+00
  4.51172E-01  1.02613E+00
  4.55078E-01  1.00715E+00
  4.58984E-01  9.88647E-01
  4.62891E-01  9.70652E-01
  4.66797E-01  9.53072E-01
  4.70703E-01  9.35907E-01
  4.74609E-01  9.19234E-01
  4.78516E-01  9.02962E-01
  4.82422E-01  8.87020E-01
  4.86328E-01  8.71391E-01
  4.90234E-01  8.56171E-01
  4.94141E-01  8.41418E-01
  4.98047E-01  8.27061E-01
  5.01953E-01  8.13033E-01
  5.05859E-01  7.99308E-01
  5.09766E-01  7.85885E-01
  5.13672E-01  7.72756E-01
  5.17578E-01  7.59898E-01
  5.21484E-01  7.47294E-01
  5.25391E-01  7.34917E-01
  5.29297E-01  7.22739E-01
  5.33203E-01  7.10839E-01
  5.37109E-01  6.99272E-01
  5.41016E-01  6.88010E-01
  5.44922E-01  6.77009E-01
  5.48828E-01  6.66244E-01
  5.52734E-01  6.55705E-01
  5.56641E-01  6.45390E-01
  5.60547E-01  6.35294E-01
  5.64453E-01  6.25409E-01
  5.68359E-01  6.15730E-01
  5.72266E-01  6.06254E-01
  5.76172E-01  5.96972E-01
  5.80078E-01  5.87878E-01
  5.83984E-01  5.78971E-01
  5.87891E-01  5.70243E-01
  5.91797E-01  5.61691E-01
  5.95703E-01  5.53309E-01
  5.99609E-01  5.45093E-01
  6.03516E-01  5.37041E-01
  6.07422E-01  5.29149E-01
  6.11328E-01  5.21411E-01
  6.15234E-01  5.13826E-01
  6.19141E-01  5.06387E-01
  6.23047E-01  4.99090E-01
  6.26953E-01  4.91933E-01
  6.30859E-01  4.84914E-01
  6.34766E-01  4.78028E-01
  6.38672E-01  4.71271E-01
  6.42578E-01  4.64640E-01
  6.46484E-01  4.58135E-01
  6.50391E-01  4.51753E-01
  6.54297E-01  4.45487E-01
  6.58203E-01  4.39338E-01
  6.62109E-01  4.33301E-01
  6.66016E-01  4.27375E-01
  6.69922E-01  4.21554E-01
  6.73828E-01  4.15842E-01
  6.77734E-01  4.10232E-01
  6.81641E-01  4.04722E-01
  6.85547E-01  3.99311E-01
  6.89453E-01  3.93994E-01
  6.93359E-01  3.88774E-01
  6.97266E-01  3.83642E-01
  7.01172E-01  3.78600E-01
  7.05078E-01  3.73654E-01
  7.08984E-01  3.68790E-01
  7.12891E-01  3.64009E-01
  7.16797E-01  3.59307E-01
  7.20703E-01  3.54690E-01
  7.24609E-01  3.50150E-01
  7.28516E-01  3.45690E-01
  7.32422E-01  3.41306E-01
  7.36328E-01  3.36992E-01
  7.40234E-01  3.32750E-01
  7.44141E-01  3.28583E-01
  7.48047E-01  3.24483E-01
  7.51953E-01  3.20453E-01
  7.55859E-01  3.16488E-01
  7.59766E-01  3.12588E-01
  7.63672E-01  3.08752E-01
  7.67578E-01  3.04977E-01
  7.71484E-01  3.01265E-01
  7.75391E-01  2.97612E-01
  7.79297E-01  2.94017E-01
  7.83203E-01  2.90483E-01
  7.87109E-01  2.87005E-01
  7.91016E-01  2.83583E-01
  7.94922E-01  2.80213E-01
  7.98828E-01  2.76896E-01
  8.02734E-01  2.73631E-01
  8.06641E-01  2.70420E-01
  8.10547E-01  2.67257E-01
  8.14453E-01  2.64144E-01
  8.18359E-01  2.61078E-01
  8.22266E-01  2.58059E-01
  8.26172E-01  2.55088E-01
  8.30078E-01  2.52161E-01
  8.33984E-01  2.49281E-01
  8.37891E-01  2.46443E-01
  8.41797E-01  2.43649E-01
  8.45703E-01  2.40895E-01
  8.49609E-01  2.38182E-01
  8.53516E-01  2.35512E-01
  8.57422E-01  2.32880E-01
  8.61328E-01  2.30288E-01
  8.65234E-01  2.27735E-01
  8.69141E-01  2.25220E-01
  8.73047E-01  2.22741E-01
  8.76953E-01  2.20298E-01
  8.80859E-01  2.17892E-01
  8.84766E-01  2.15521E-01
  8.88672E-01  2.13185E-01
  8.92578E-01  2.10882E-01
  8.96484E-01  2.08613E-01
  9.00391E-01  2.06375E-01
  9.04297E-01  2.04172E-01
  9.08203E-01  2.02001E-01
  9.12109E-01  1.99858E-01
  9.16016E-01  1.97753E-01
  9.19922E-01  1.95670E-01
  9.23828E-01  1.93621E-01
  9.27734E-01  1.91607E-01
  9.31641E-01  1.89615E-01
  9.35547E-01  1.87653E-01
  9.39453E-01  1.85728E-01
  9.43359E-01  1.83826E-01
  9.47266E-01  1.81951E-01
  9.51172E-01  1.80114E-01
  9.55078E-01  1.78298E-01
  9.58984E-01  1.76516E-01
  9.62891E-01  1.74768E-01
  9.66797E-01  1.73044E-01
  9.70703E-01  1.71355E-01
  9.74609E-01  1.69706E-01
  9.78516E-01  1.68082E-01
  9.82422E-01  1.66503E-01
  9.86328E-01  1.64967E-01
  9.90234E-01  1.63466E-01
  9.94141E-01  1.62094E-01
  9.98047E-01  1.61453E-01
  1.00195E+00  1.61453E-01
