 -1.95312E-03  7.22381E+00
  1.95312E-03  7.22391E+00
  5.85938E-03  7.22249E+00
  9.76562E-03  7.22015E+00
  1.36719E-02  7.21682E+00
  1.75781E-02  7.21251E+00
  2.14844E-02  7.20721E+00
  2.53906E-02  7.20094E+00
  2.92969E-02  7.19369E+00
  3.32031E-02  7.18547E+00
  3.71094E-02  7.17628E+00
  4.10156E-02  7.16613E+00
  4.49219E-02  7.15501E+00
  4.88281E-02  7.14292E+00
  5.27344E-02  7.12988E+00
  5.66406E-02  7.11586E+00
  6.05469E-02  7.10088E+00
  6.44531E-02  7.08494E+00
  6.83594E-02  7.06802E+00
  7.22656E-02  7.05013E+00
  7.61719E-02  7.03126E+00
  8.00781E-02  7.01142E+00
  8.39844E-02  6.99059E+00
  8.78906E-02  6.96877E+00
  9.17969E-02  6.94595E+00
  9.57031E-02  6.92213E+00
  9.96094E-02  6.89729E+00
  1.03516E-01  6.87144E+00
  1.07422E-01  6.84455E+00
  1.11328E-01  6.81662E+00
  1.15234E-01  6.78763E+00
  1.19141E-01  6.75758E+00
  1.23047E-01  6.72645E+00
  1.26953E-01  6.69423E+00
  1.30859E-01  6.66090E+00
  1.34766E-01  6.62644E+00
  1.38672E-01  6.59084E+00
  1.42578E-01  6.55408E+00
  1.46484E-01  6.51613E+00
  1.50391E-01  6.47698E+00
  1.54297E-01  6.43660E+00
  1.58203E-01  6.39496E+00
  1.62109E-01  6.35204E+00
  1.66016E-01  6.30781E+00
  1.69922E-01  6.26223E+00
  1.73828E-01  6.21529E+00
  1.77734E-01  6.16693E+00
  1.81641E-01  6.11712E+00
  1.85547E-01  6.06581E+00
  1.89453E-01  6.01297E+00
  1.93359E-01  5.95855E+00
  1.97266E-01  5.90250E+00
  2.01172E-01  5.84476E+00
  2.05078E-01  5.78526E+00
  2.08984E-01  5.72396E+00
  2.12891E-01  5.66077E+00
  2.16797E-01  5.59563E+00
  2.20703E-01  5.52845E+00
  2.24609E-01  5.45914E+00
  2.28516E-01  5.38761E+00
  2.32422E-01  5.31376E+00
  2.36328E-01  5.23747E+00
  2.40234E-01  5.15862E+00
  2.44141E-01  5.07707E+00
  2.48047E-01  4.99268E+00
  2.51953E-01  4.90527E+00
  2.55859E-01  4.81466E+00
  2.59766E-01  4.72067E+00
  2.63672E-01  4.62305E+00
  2.67578E-01  4.52157E+00
  2.71484E-01  4.41597E+00
  2.75391E-01  4.30593E+00
  2.79297E-01  4.19113E+00
  2.83203E-01  4.07120E+00
  2.87109E-01  3.94577E+00
  2.91016E-01  3.81442E+00
  2.94922E-01  3.67675E+00
  2.98828E-01  3.53240E+00
  3.02734E-01  3.38115E+00
  3.06641E-01  3.22307E+00
  3.10547E-01  3.05882E+00
  3.14453E-01  2.89005E+00
  3.18359E-01  2.71972E+00
  3.22266E-01  2.55259E+00
  3.26172E-01  2.39503E+00
  3.30078E-01  2.25334E+00
  3.33984E-01  2.13164E+00
  3.37891E-01  2.03058E+00
  3.41797E-01  1.94782E+00
  3.45703E-01  1.87944E+00
  3.49609E-01  1.82152E+00
  3.53516E-01  1.77082E+00
  3.57422E-01  1.72507E+00
  3.61328E-01  1.68277E+00
  3.65234E-01  1.64296E+00
  3.69141E-01  1.60509E+00
  3.73047E-01  1.56886E+00
  3.76953E-01  1.53405E+00
  3.80859E-01  1.50054E+00
  3.84766E-01  1.46819E+00
  3.88672E-01  1.43696E+00
  3.92578E-01  1.40674E+00
  3.96484E-01  1.37751E+00
  4.00391E-01  1.34918E+00
  4.04297E-01  1.32173E+00
  4.08203E-01  1.29510E+00
  4.12109E-01  1.26924E+00
  4.16016E-01  1.24415E+00
  4.19922E-01  1.21978E+00
  4.23828E-01  1.19609E+00
  4.27734E-01  1.17305E+00
  4.31641E-01  1.15065E+00
  4.35547E-01  1.12885E+00
  4.39453E-01  1.10764E+00
  4.43359E-01  1.08697E+00
  4.47266E-01  1.06685E+00
  4.51172E-01  1.04726E+00
  4.55078E-01  1.02814E+00
  4.58984E-01  1.00953E+00
  4.62891E-01  9.91366E-01
  4.66797E-01  9.73672E-01
  4.70703E-01  9.56423E-01
  4.74609E-01  9.39549E-01
  4.78516E-01  9.23089E-01
  4.82422E-01  9.07080E-01
  4.86328E-01  8.91444E-01
  4.90234E-01  8.76114E-01
  4.94141E-01  8.61069E-01
  4.98047E-01  8.46402E-01
  5.01953E-01  8.32168E-01
  5.05859E-01  8.18305E-01
  5.09766E-01  8.04758E-01
  5.13672E-01  7.91506E-01
  5.17578E-01  7.78538E-01
  5.21484E-01  7.65849E-01
  5.25391E-01  7.53426E-01
  5.29297E-01  7.41249E-01
  5.33203E-01  7.29295E-01
  5.37109E-01  7.17528E-01
  5.41016E-01  7.05991E-01
  5.44922E-01  6.94756E-01
  5.48828E-01  6.83807E-01
  5.52734E-01  6.73111E-01
  5.56641E-01  6.62647E-01
  5.60547E-01  6.52400E-01
  5.64453E-01  6.42367E-01
  5.68359E-01  6.32541E-01
  5.72266E-01  6.22916E-01
  5.76172E-01  6.13488E-01
  5.80078E-01  6.04253E-01
  5.83984E-01  5.95201E-01
  5.87891E-01  5.86332E-01
  5.91797E-01  5.77640E-01
  5.95703E-01  5.69121E-01
  5.99609E-01  5.60767E-01
  6.03516E-01  5.52576E-01
  6.07422E-01  5.44545E-01
  6.11328E-01  5.36670E-01
  6.15234E-01  5.28947E-01
  6.19141E-01  5.21375E-01
  6.23047E-01  5.13947E-01
  6.26953E-01  5.06659E-01
  6.30859E-01  4.99509E-01
  6.34766E-01  4.92492E-01
  6.38672E-01  4.85608E-01
  6.42578E-01  4.78852E-01
  6.46484E-01  4.72218E-01
  6.50391E-01  4.65708E-01
  6.54297E-01  4.59319E-01
  6.58203E-01  4.53046E-01
  6.62109E-01  4.46887E-01
  6.66016E-01  4.40840E-01
  6.69922E-01  4.34901E-01
  6.73828E-01  4.29067E-01
  6.77734E-01  4.23339E-01
  6.81641E-01  4.17712E-01
  6.85547E-01  4.12185E-01
  6.89453E-01  4.06755E-01
  6.93359E-01  4.01420E-01
  6.97266E-01  3.96181E-01
  7.01172E-01  3.91025E-01
  7.05078E-01  3.85960E-01
  7.08984E-01  3.80987E-01
  7.12891E-01  3.76101E-01
  7.16797E-01  3.71295E-01
  7.20703E-01  3.66569E-01
  7.24609E-01  3.61923E-01
  7.28516E-01  3.57355E-01
  7.32422E-01  3.52867E-01
  7.36328E-01  3.48455E-01
  7.40234E-01  3.44112E-01
  7.44141E-01  3.39843E-01
  7.48047E-01  3.35643E-01
  7.51953E-01  3.31513E-01
  7.55859E-01  3.27451E-01
  7.59766E-01  3.23455E-01
  7.63672E-01  3.19525E-01
  7.67578E-01  3.15656E-01
  7.71484E-01  3.11849E-01
  7.75391E-01  3.08105E-01
  7.79297E-01  3.04419E-01
  7.83203E-01  3.00792E-01
  7.87109E-01  2.97221E-01
  7.91016E-01  2.93710E-01
  7.94922E-01  2.90254E-01
  7.98828E-01  2.86850E-01
  8.02734E-01  2.83498E-01
  8.06641E-01  2.80199E-01
  8.10547E-01  2.76953E-01
  8.14453E-01  2.73757E-01
  8.18359E-01  2.70608E-01
  8.22266E-01  2.67506E-01
  8.26172E-01  2.64454E-01
  8.30078E-01  2.61448E-01
  8.33984E-01  2.58486E-01
  8.37891E-01  2.55570E-01
  8.41797E-01  2.52697E-01
  8.45703E-01  2.49868E-01
  8.49609E-01  2.47079E-01
  8.53516E-01  2.44332E-01
  8.57422E-01  2.41626E-01
  8.61328E-01  2.38959E-01
  8.65234E-01  2.36331E-01
  8.69141E-01  2.33744E-01
  8.73047E-01  2.31194E-01
  8.76953E-01  2.28680E-01
  8.80859E-01  2.26203E-01
  8.84766E-01  2.23762E-01
  8.88672E-01  2.21357E-01
  8.92578E-01  2.18985E-01
  8.96484E-01  2.16649E-01
  9.00391E-01  2.14344E-01
  9.04297E-01  2.12074E-01
  9.08203E-01  2.09837E-01
  9.12109E-01  2.07630E-01
  9.16016E-01  2.05456E-01
  9.19922E-01  2.03314E-01
  9.23828E-01  2.01202E-01
  9.27734E-01  1.99121E-01
  9.31641E-01  1.97069E-01
  9.35547E-01  1.95045E-01
  9.39453E-01  1.93059E-01
  9.43359E-01  1.91099E-01
  9.47266E-01  1.89163E-01
  9.51172E-01  1.87267E-01
  9.55078E-01  1.85395E-01
  9.58984E-01  1.83553E-01
  9.62891E-01  1.81749E-01
  9.66797E-01  1.79970E-01
  9.70703E-01  1.78225E-01
  9.74609E-01  1.76523E-01
  9.78516E-01  1.74848E-01
  9.82422E-01  1.73218E-01
  9.86328E-01  1.71634E-01
  9.90234E-01  1.70089E-01
  9.94141E-01  1.68668E-01
  9.98047E-01  1.68001E-01
  1.00195E+00  1.68001E-01
