 -1.95312E-03  1.53473E+00
  1.95312E-03  1.53479E+00
  5.85938E-03  1.53335E+00
  9.76562E-03  1.53115E+00
  1.36719E-02  1.52836E+00
  1.75781E-02  1.52512E+00
  2.14844E-02  1.52157E+00
  2.53906E-02  1.51783E+00
  2.92969E-02  1.51394E+00
  3.32031E-02  1.50998E+00
  3.71094E-02  1.50595E+00
  4.10156E-02  1.50190E+00
  4.49219E-02  1.49783E+00
  4.88281E-02  1.49374E+00
  5.27344E-02  1.48966E+00
  5.66406E-02  1.48557E+00
  6.05469E-02  1.48149E+00
  6.44531E-02  1.47741E+00
  6.83594E-02  1.47334E+00
  7.22656E-02  1.46928E+00
  7.61719E-02  1.46522E+00
  8.00781E-02  1.46118E+00
  8.39844E-02  1.45715E+00
  8.78906E-02  1.45313E+00
  9.17969E-02  1.44912E+00
  9.57031E-02  1.44512E+00
  9.96094E-02  1.44114E+00
  1.03516E-01  1.43717E+00
  1.07422E-01  1.43321E+00
  1.11328E-01  1.42926E+00
  1.15234E-01  1.42532E+00
  1.19141E-01  1.42140E+00
  1.23047E-01  1.41749E+00
  1.26953E-01  1.41359E+00
  1.30859E-01  1.40971E+00
  1.34766E-01  1.40584E+00
  1.38672E-01  1.40198E+00
  1.42578E-01  1.39814E+00
  1.46484E-01  1.39431E+00
  1.50391E-01  1.39049E+00
  1.54297E-01  1.38668E+00
  1.58203E-01  1.38289E+00
  1.62109E-01  1.37911E+00
  1.66016E-01  1.37534E+00
  1.69922E-01  1.37159E+00
  1.73828E-01  1.36785E+00
  1.77734E-01  1.36412E+00
  1.81641E-01  1.36041E+00
  1.85547E-01  1.35670E+00
  1.89453E-01  1.35301E+00
  1.93359E-01  1.34934E+00
  1.97266E-01  1.34567E+00
  2.01172E-01  1.34202E+00
  2.05078E-01  1.33838E+00
  2.08984E-01  1.33476E+00
  2.12891E-01  1.33114E+00
  2.16797E-01  1.32754E+00
  2.20703E-01  1.32395E+00
  2.24609E-01  1.32037E+00
  2.28516E-01  1.31681E+00
  2.32422E-01  1.31326E+00
  2.36328E-01  1.30972E+00
  2.40234E-01  1.30619E+00
  2.44141E-01  1.30267E+00
  2.48047E-01  1.29917E+00
  2.51953E-01  1.29568E+00
  2.55859E-01  1.29220E+00
  2.59766E-01  1.28873E+00
  2.63672E-01  1.28528E+00
  2.67578E-01  1.28183E+00
  2.71484E-01  1.27840E+00
  2.75391E-01  1.27498E+00
  2.79297E-01  1.27157E+00
  2.83203E-01  1.26818E+00
  2.87109E-01  1.26479E+00
  2.91016E-01  1.26142E+00
  2.94922E-01  1.25806E+00
  2.98828E-01  1.25471E+00
  3.02734E-01  1.25137E+00
  3.06641E-01  1.24804E+00
  3.10547E-01  1.24472E+00
  3.14453E-01  1.24142E+00
  3.18359E-01  1.23813E+00
  3.22266E-01  1.23485E+00
  3.26172E-01  1.23157E+00
  3.30078E-01  1.22832E+00
  3.33984E-01  1.22507E+00
  3.37891E-01  1.22183E+00
  3.41797E-01  1.21860E+00
  3.45703E-01  1.21539E+00
  3.49609E-01  1.21218E+00
  3.53516E-01  1.20899E+00
  3.57422E-01  1.20581E+00
  3.61328E-01  1.20264E+00
  3.65234E-01  1.19948E+00
  3.69141E-01  1.19632E+00
  3.73047E-01  1.19319E+00
  3.76953E-01  1.19006E+00
  3.80859E-01  1.18694E+00
  3.84766E-01  1.18383E+00
  3.88672E-01  1.18073E+00
  3.92578E-01  1.17765E+00
  3.96484E-01  1.17457E+00
  4.00391E-01  1.17150E+00
  4.04297E-01  1.16845E+00
  4.08203E-01  1.16540E+00
  4.12109E-01  1.16237E+00
  4.16016E-01  1.15934E+00
  4.19922E-01  1.15633E+00
  4.23828E-01  1.15332E+00
  4.27734E-01  1.15033E+00
  4.31641E-01  1.14734E+00
  4.35547E-01  1.14437E+00
  4.39453E-01  1.14140E+00
  4.43359E-01  1.13845E+00
  4.47266E-01  1.13551E+00
  4.51172E-01  1.13257E+00
  4.55078E-01  1.12965E+00
  4.58984E-01  1.12673E+00
  4.62891E-01  1.12383E+00
  4.66797E-01  1.12093E+00
  4.70703E-01  1.11804E+00
  4.74609E-01  1.11517E+00
  4.78516E-01  1.11230E+00
  4.82422E-01  1.10944E+00
  4.86328E-01  1.10660E+00
  4.90234E-01  1.10376E+00
  4.94141E-01  1.10093E+00
  4.98047E-01  1.09811E+00
  5.01953E-01  1.09530E+00
  5.05859E-01  1.09250E+00
  5.09766E-01  1.08971E+00
  5.13672E-01  1.08692E+00
  5.17578E-01  1.08415E+00
  5.21484E-01  1.08139E+00
  5.25391E-01  1.07863E+00
  5.29297E-01  1.07589E+00
  5.33203E-01  1.07315E+00
  5.37109E-01  1.07042E+00
  5.41016E-01  1.06770E+00
  5.44922E-01  1.06499E+00
  5.48828E-01  1.06229E+00
  5.52734E-01  1.05960E+00
  5.56641E-01  1.05692E+00
  5.60547E-01  1.05424E+00
  5.64453E-01  1.05158E+00
  5.68359E-01  1.04892E+00
  5.72266E-01  1.04627E+00
  5.76172E-01  1.04363E+00
  5.80078E-01  1.04100E+00
  5.83984E-01  1.03838E+00
  5.87891E-01  1.03577E+00
  5.91797E-01  1.03316E+00
  5.95703E-01  1.03056E+00
  5.99609E-01  1.02798E+00
  6.03516E-01  1.02540E+00
  6.07422E-01  1.02282E+00
  6.11328E-01  1.02026E+00
  6.15234E-01  1.01771E+00
  6.19141E-01  1.01516E+00
  6.23047E-01  1.01262E+00
  6.26953E-01  1.01009E+00
  6.30859E-01  1.00757E+00
  6.34766E-01  1.00506E+00
  6.38672E-01  1.00255E+00
  6.42578E-01  1.00005E+00
  6.46484E-01  9.97564E-01
  6.50391E-01  9.95082E-01
  6.54297E-01  9.92609E-01
  6.58203E-01  9.90144E-01
  6.62109E-01  9.87686E-01
  6.66016E-01  9.85237E-01
  6.69922E-01  9.82795E-01
  6.73828E-01  9.80361E-01
  6.77734E-01  9.77935E-01
  6.81641E-01  9.75517E-01
  6.85547E-01  9.73107E-01
  6.89453E-01  9.70704E-01
  6.93359E-01  9.68309E-01
  6.97266E-01  9.65921E-01
  7.01172E-01  9.63542E-01
  7.05078E-01  9.61170E-01
  7.08984E-01  9.58805E-01
  7.12891E-01  9.56448E-01
  7.16797E-01  9.54098E-01
  7.20703E-01  9.51756E-01
  7.24609E-01  9.49421E-01
  7.28516E-01  9.47094E-01
  7.32422E-01  9.44774E-01
  7.36328E-01  9.42461E-01
  7.40234E-01  9.40156E-01
  7.44141E-01  9.37858E-01
  7.48047E-01  9.35568E-01
  7.51953E-01  9.33285E-01
  7.55859E-01  9.31009E-01
  7.59766E-01  9.28740E-01
  7.63672E-01  9.26478E-01
  7.67578E-01  9.24224E-01
  7.71484E-01  9.21976E-01
  7.75391E-01  9.19736E-01
  7.79297E-01  9.17502E-01
  7.83203E-01  9.15276E-01
  7.87109E-01  9.13057E-01
  7.91016E-01  9.10844E-01
  7.94922E-01  9.08639E-01
  7.98828E-01  9.06441E-01
  8.02734E-01  9.04249E-01
  8.06641E-01  9.02064E-01
  8.10547E-01  8.99886E-01
  8.14453E-01  8.97715E-01
  8.18359E-01  8.95551E-01
  8.22266E-01  8.93394E-01
  8.26172E-01  8.91243E-01
  8.30078E-01  8.89099E-01
  8.33984E-01  8.86961E-01
  8.37891E-01  8.84830E-01
  8.41797E-01  8.82706E-01
  8.45703E-01  8.80589E-01
  8.49609E-01  8.78478E-01
  8.53516E-01  8.76373E-01
  8.57422E-01  8.74276E-01
  8.61328E-01  8.72184E-01
  8.65234E-01  8.70099E-01
  8.69141E-01  8.68021E-01
  8.73047E-01  8.65949E-01
  8.76953E-01  8.63883E-01
  8.80859E-01  8.61824E-01
  8.84766E-01  8.59771E-01
  8.88672E-01  8.57725E-01
  8.92578E-01  8.55685E-01
  8.96484E-01  8.53651E-01
  9.00391E-01  8.51623E-01
  9.04297E-01  8.49601E-01
  9.08203E-01  8.47586E-01
  9.12109E-01  8.45577E-01
  9.16016E-01  8.43574E-01
  9.19922E-01  8.41577E-01
  9.23828E-01  8.39587E-01
  9.27734E-01  8.37602E-01
  9.31641E-01  8.35624E-01
  9.35547E-01  8.33651E-01
  9.39453E-01  8.31685E-01
  9.43359E-01  8.29724E-01
  9.47266E-01  8.27770E-01
  9.51172E-01  8.25821E-01
  9.55078E-01  8.23878E-01
  9.58984E-01  8.21942E-01
  9.62891E-01  8.20011E-01
  9.66797E-01  8.18087E-01
  9.70703E-01  8.16168E-01
  9.74609E-01  8.14255E-01
  9.78516E-01  8.12352E-01
  9.82422E-01  8.10463E-01
  9.86328E-01  8.08603E-01
  9.90234E-01  8.06813E-01
  9.94141E-01  8.05189E-01
  9.98047E-01  8.04009E-01
  1.00195E+00  8.04014E-01
