 -1.95312E-03  7.57084E+00
  1.95312E-03  7.57095E+00
  5.85938E-03  7.56959E+00
  9.76562E-03  7.56736E+00
  1.36719E-02  7.56420E+00
  1.75781E-02  7.56011E+00
  2.14844E-02  7.55509E+00
  2.53906E-02  7.54915E+00
  2.92969E-02  7.54229E+00
  3.32031E-02  7.53452E+00
  3.71094E-02  7.52583E+00
  4.10156E-02  7.51622E+00
  4.49219E-02  7.50571E+00
  4.88281E-02  7.49429E+00
  5.27344E-02  7.48196E+00
  5.66406E-02  7.46871E+00
  6.05469E-02  7.45456E+00
  6.44531E-02  7.43950E+00
  6.83594E-02  7.42352E+00
  7.22656E-02  7.40663E+00
  7.61719E-02  7.38882E+00
  8.00781E-02  7.37009E+00
  8.39844E-02  7.35043E+00
  8.78906E-02  7.32985E+00
  9.17969E-02  7.30832E+00
  9.57031E-02  7.28585E+00
  9.96094E-02  7.26244E+00
  1.03516E-01  7.23806E+00
  1.07422E-01  7.21273E+00
  1.11328E-01  7.18642E+00
  1.15234E-01  7.15912E+00
  1.19141E-01  7.13084E+00
  1.23047E-01  7.10154E+00
  1.26953E-01  7.07123E+00
  1.30859E-01  7.03989E+00
  1.34766E-01  7.00750E+00
  1.38672E-01  6.97404E+00
  1.42578E-01  6.93951E+00
  1.46484E-01  6.90389E+00
  1.50391E-01  6.86715E+00
  1.54297E-01  6.82927E+00
  1.58203E-01  6.79024E+00
  1.62109E-01  6.75002E+00
  1.66016E-01  6.70860E+00
  1.69922E-01  6.66594E+00
  1.73828E-01  6.62203E+00
  1.77734E-01  6.57682E+00
  1.81641E-01  6.53029E+00
  1.85547E-01  6.48239E+00
  1.89453E-01  6.43310E+00
  1.93359E-01  6.38236E+00
  1.97266E-01  6.33013E+00
  2.01172E-01  6.27638E+00
  2.05078E-01  6.22104E+00
  2.08984E-01  6.16407E+00
  2.12891E-01  6.10540E+00
  2.16797E-01  6.04497E+00
  2.20703E-01  5.98270E+00
  2.24609E-01  5.91853E+00
  2.28516E-01  5.85236E+00
  2.32422E-01  5.78412E+00
  2.36328E-01  5.71368E+00
  2.40234E-01  5.64096E+00
  2.44141E-01  5.56583E+00
  2.48047E-01  5.48817E+00
  2.51953E-01  5.40781E+00
  2.55859E-01  5.32461E+00
  2.59766E-01  5.23837E+00
  2.63672E-01  5.14890E+00
  2.67578E-01  5.05597E+00
  2.71484E-01  4.95931E+00
  2.75391E-01  4.85864E+00
  2.79297E-01  4.75360E+00
  2.83203E-01  4.64382E+00
  2.87109E-01  4.52883E+00
  2.91016E-01  4.40811E+00
  2.94922E-01  4.28102E+00
  2.98828E-01  4.14680E+00
  3.02734E-01  4.00454E+00
  3.06641E-01  3.85310E+00
  3.10547E-01  3.69109E+00
  3.14453E-01  3.51673E+00
  3.18359E-01  3.32775E+00
  3.22266E-01  3.12151E+00
  3.26172E-01  2.89601E+00
  3.30078E-01  2.65300E+00
  3.33984E-01  2.40242E+00
  3.37891E-01  2.16652E+00
  3.41797E-01  1.97172E+00
  3.45703E-01  1.82906E+00
  3.49609E-01  1.73048E+00
  3.53516E-01  1.66072E+00
  3.57422E-01  1.60710E+00
  3.61328E-01  1.56194E+00
  3.65234E-01  1.52133E+00
  3.69141E-01  1.48344E+00
  3.73047E-01  1.44746E+00
  3.76953E-01  1.41302E+00
  3.80859E-01  1.37993E+00
  3.84766E-01  1.34808E+00
  3.88672E-01  1.31736E+00
  3.92578E-01  1.28771E+00
  3.96484E-01  1.25908E+00
  4.00391E-01  1.23138E+00
  4.04297E-01  1.20460E+00
  4.08203E-01  1.17866E+00
  4.12109E-01  1.15353E+00
  4.16016E-01  1.12919E+00
  4.19922E-01  1.10556E+00
  4.23828E-01  1.08264E+00
  4.27734E-01  1.06041E+00
  4.31641E-01  1.03879E+00
  4.35547E-01  1.01782E+00
  4.39453E-01  9.97428E-01
  4.43359E-01  9.77558E-01
  4.47266E-01  9.58293E-01
  4.51172E-01  9.39567E-01
  4.55078E-01  9.21298E-01
  4.58984E-01  9.03485E-01
  4.62891E-01  8.86235E-01
  4.66797E-01  8.69553E-01
  4.70703E-01  8.53289E-01
  4.74609E-01  8.37377E-01
  4.78516E-01  8.21823E-01
  4.82422E-01  8.06625E-01
  4.86328E-01  7.91756E-01
  4.90234E-01  7.77204E-01
  4.94141E-01  7.62948E-01
  4.98047E-01  7.48997E-01
  5.01953E-01  7.35486E-01
  5.05859E-01  7.22443E-01
  5.09766E-01  7.09758E-01
  5.13672E-01  6.97349E-01
  5.17578E-01  6.85208E-01
  5.21484E-01  6.73343E-01
  5.25391E-01  6.61758E-01
  5.29297E-01  6.50447E-01
  5.33203E-01  6.39395E-01
  5.37109E-01  6.28591E-01
  5.41016E-01  6.18031E-01
  5.44922E-01  6.07709E-01
  5.48828E-01  5.97618E-01
  5.52734E-01  5.87752E-01
  5.56641E-01  5.78101E-01
  5.60547E-01  5.68660E-01
  5.64453E-01  5.59427E-01
  5.68359E-01  5.50395E-01
  5.72266E-01  5.41557E-01
  5.76172E-01  5.32907E-01
  5.80078E-01  5.24444E-01
  5.83984E-01  5.16159E-01
  5.87891E-01  5.08048E-01
  5.91797E-01  5.00107E-01
  5.95703E-01  4.92332E-01
  5.99609E-01  4.84716E-01
  6.03516E-01  4.77259E-01
  6.07422E-01  4.69954E-01
  6.11328E-01  4.62797E-01
  6.15234E-01  4.55786E-01
  6.19141E-01  4.48916E-01
  6.23047E-01  4.42184E-01
  6.26953E-01  4.35587E-01
  6.30859E-01  4.29119E-01
  6.34766E-01  4.22780E-01
  6.38672E-01  4.16565E-01
  6.42578E-01  4.10472E-01
  6.46484E-01  4.04499E-01
  6.50391E-01  3.98643E-01
  6.54297E-01  3.92899E-01
  6.58203E-01  3.87258E-01
  6.62109E-01  3.81725E-01
  6.66016E-01  3.76302E-01
  6.69922E-01  3.70980E-01
  6.73828E-01  3.65761E-01
  6.77734E-01  3.60638E-01
  6.81641E-01  3.55610E-01
  6.85547E-01  3.50678E-01
  6.89453E-01  3.45831E-01
  6.93359E-01  3.41073E-01
  6.97266E-01  3.36407E-01
  7.01172E-01  3.31826E-01
  7.05078E-01  3.27327E-01
  7.08984E-01  3.22907E-01
  7.12891E-01  3.18564E-01
  7.16797E-01  3.14305E-01
  7.20703E-01  3.10116E-01
  7.24609E-01  3.06005E-01
  7.28516E-01  3.01967E-01
  7.32422E-01  2.97997E-01
  7.36328E-01  2.94097E-01
  7.40234E-01  2.90263E-01
  7.44141E-01  2.86499E-01
  7.48047E-01  2.82795E-01
  7.51953E-01  2.79160E-01
  7.55859E-01  2.75585E-01
  7.59766E-01  2.72071E-01
  7.63672E-01  2.68615E-01
  7.67578E-01  2.65223E-01
  7.71484E-01  2.61882E-01
  7.75391E-01  2.58597E-01
  7.79297E-01  2.55369E-01
  7.83203E-01  2.52194E-01
  7.87109E-01  2.49073E-01
  7.91016E-01  2.46001E-01
  7.94922E-01  2.42981E-01
  7.98828E-01  2.40008E-01
  8.02734E-01  2.37084E-01
  8.06641E-01  2.34209E-01
  8.10547E-01  2.31380E-01
  8.14453E-01  2.28595E-01
  8.18359E-01  2.25855E-01
  8.22266E-01  2.23159E-01
  8.26172E-01  2.20506E-01
  8.30078E-01  2.17893E-01
  8.33984E-01  2.15322E-01
  8.37891E-01  2.12792E-01
  8.41797E-01  2.10302E-01
  8.45703E-01  2.07850E-01
  8.49609E-01  2.05437E-01
  8.53516E-01  2.03060E-01
  8.57422E-01  2.00723E-01
  8.61328E-01  1.98418E-01
  8.65234E-01  1.96146E-01
  8.69141E-01  1.93919E-01
  8.73047E-01  1.91719E-01
  8.76953E-01  1.89546E-01
  8.80859E-01  1.87414E-01
  8.84766E-01  1.85318E-01
  8.88672E-01  1.83243E-01
  8.92578E-01  1.81204E-01
  8.96484E-01  1.79202E-01
  9.00391E-01  1.77223E-01
  9.04297E-01  1.75269E-01
  9.08203E-01  1.73355E-01
  9.12109E-01  1.71467E-01
  9.16016E-01  1.69600E-01
  9.19922E-01  1.67767E-01
  9.23828E-01  1.65966E-01
  9.27734E-01  1.64182E-01
  9.31641E-01  1.62432E-01
  9.35547E-01  1.60712E-01
  9.39453E-01  1.59011E-01
  9.43359E-01  1.57337E-01
  9.47266E-01  1.55696E-01
  9.51172E-01  1.54079E-01
  9.55078E-01  1.52483E-01
  9.58984E-01  1.50922E-01
  9.62891E-01  1.49384E-01
  9.66797E-01  1.47871E-01
  9.70703E-01  1.46395E-01
  9.74609E-01  1.44941E-01
  9.78516E-01  1.43514E-01
  9.82422E-01  1.42125E-01
  9.86328E-01  1.40768E-01
  9.90234E-01  1.39442E-01
  9.94141E-01  1.38261E-01
  9.98047E-01  1.37717E-01
  1.00195E+00  1.37717E-01
