 -1.95312E-03  6.53696E+00
  1.95312E-03  6.53698E+00
  5.85938E-03  6.53544E+00
  9.76562E-03  6.53285E+00
  1.36719E-02  6.52916E+00
  1.75781E-02  6.52437E+00
  2.14844E-02  6.51848E+00
  2.53906E-02  6.51149E+00
  2.92969E-02  6.50341E+00
  3.32031E-02  6.49425E+00
  3.71094E-02  6.48401E+00
  4.10156E-02  6.47268E+00
  4.49219E-02  6.46027E+00
  4.88281E-02  6.44679E+00
  5.27344E-02  6.43222E+00
  5.66406E-02  6.41658E+00
  6.05469E-02  6.39986E+00
  6.44531E-02  6.38205E+00
  6.83594E-02  6.36316E+00
  7.22656E-02  6.34317E+00
  7.61719E-02  6.32210E+00
  8.00781E-02  6.29992E+00
  8.39844E-02  6.27664E+00
  8.78906E-02  6.25224E+00
  9.17969E-02  6.22672E+00
  9.57031E-02  6.20007E+00
  9.96094E-02  6.17228E+00
  1.03516E-01  6.14333E+00
  1.07422E-01  6.11323E+00
  1.11328E-01  6.08195E+00
  1.15234E-01  6.04947E+00
  1.19141E-01  6.01580E+00
  1.23047E-01  5.98090E+00
  1.26953E-01  5.94477E+00
  1.30859E-01  5.90737E+00
  1.34766E-01  5.86871E+00
  1.38672E-01  5.82874E+00
  1.42578E-01  5.78746E+00
  1.46484E-01  5.74483E+00
  1.50391E-01  5.70083E+00
  1.54297E-01  5.65543E+00
  1.58203E-01  5.60861E+00
  1.62109E-01  5.56033E+00
  1.66016E-01  5.51057E+00
  1.69922E-01  5.45928E+00
  1.73828E-01  5.40643E+00
  1.77734E-01  5.35198E+00
  1.81641E-01  5.29590E+00
  1.85547E-01  5.23813E+00
  1.89453E-01  5.17864E+00
  1.93359E-01  5.11738E+00
  1.97266E-01  5.05429E+00
  2.01172E-01  4.98933E+00
  2.05078E-01  4.92244E+00
  2.08984E-01  4.85357E+00
  2.12891E-01  4.78266E+00
  2.16797E-01  4.70965E+00
  2.20703E-01  4.63449E+00
  2.24609E-01  4.55711E+00
  2.28516E-01  4.47746E+00
  2.32422E-01  4.39548E+00
  2.36328E-01  4.31112E+00
  2.40234E-01  4.22434E+00
  2.44141E-01  4.13512E+00
  2.48047E-01  4.04344E+00
  2.51953E-01  3.94931E+00
  2.55859E-01  3.85278E+00
  2.59766E-01  3.75395E+00
  2.63672E-01  3.65294E+00
  2.67578E-01  3.54999E+00
  2.71484E-01  3.44541E+00
  2.75391E-01  3.33962E+00
  2.79297E-01  3.23317E+00
  2.83203E-01  3.12671E+00
  2.87109E-01  3.02108E+00
  2.91016E-01  2.91721E+00
  2.94922E-01  2.81612E+00
  2.98828E-01  2.71883E+00
  3.02734E-01  2.62625E+00
  3.06641E-01  2.53910E+00
  3.10547E-01  2.45781E+00
  3.14453E-01  2.38252E+00
  3.18359E-01  2.31309E+00
  3.22266E-01  2.24911E+00
  3.26172E-01  2.19006E+00
  3.30078E-01  2.13532E+00
  3.33984E-01  2.08430E+00
  3.37891E-01  2.03644E+00
  3.41797E-01  1.99125E+00
  3.45703E-01  1.94834E+00
  3.49609E-01  1.90737E+00
  3.53516E-01  1.86812E+00
  3.57422E-01  1.83038E+00
  3.61328E-01  1.79402E+00
  3.65234E-01  1.75889E+00
  3.69141E-01  1.72492E+00
  3.73047E-01  1.69202E+00
  3.76953E-01  1.66011E+00
  3.80859E-01  1.62913E+00
  3.84766E-01  1.59904E+00
  3.88672E-01  1.56978E+00
  3.92578E-01  1.54133E+00
  3.96484E-01  1.51366E+00
  4.00391E-01  1.48672E+00
  4.04297E-01  1.46048E+00
  4.08203E-01  1.43493E+00
  4.12109E-01  1.41002E+00
  4.16016E-01  1.38573E+00
  4.19922E-01  1.36205E+00
  4.23828E-01  1.33895E+00
  4.27734E-01  1.31640E+00
  4.31641E-01  1.29439E+00
  4.35547E-01  1.27291E+00
  4.39453E-01  1.25192E+00
  4.43359E-01  1.23142E+00
  4.47266E-01  1.21138E+00
  4.51172E-01  1.19180E+00
  4.55078E-01  1.17266E+00
  4.58984E-01  1.15395E+00
  4.62891E-01  1.13564E+00
  4.66797E-01  1.11775E+00
  4.70703E-01  1.10023E+00
  4.74609E-01  1.08310E+00
  4.78516E-01  1.06633E+00
  4.82422E-01  1.04991E+00
  4.86328E-01  1.03384E+00
  4.90234E-01  1.01811E+00
  4.94141E-01  1.00270E+00
  4.98047E-01  9.87608E-01
  5.01953E-01  9.72831E-01
  5.05859E-01  9.58344E-01
  5.09766E-01  9.44162E-01
  5.13672E-01  9.30248E-01
  5.17578E-01  9.16626E-01
  5.21484E-01  9.03277E-01
  5.25391E-01  8.90163E-01
  5.29297E-01  8.77328E-01
  5.33203E-01  8.64757E-01
  5.37109E-01  8.52414E-01
  5.41016E-01  8.40280E-01
  5.44922E-01  8.28398E-01
  5.48828E-01  8.16760E-01
  5.52734E-01  8.05353E-01
  5.56641E-01  7.94159E-01
  5.60547E-01  7.83154E-01
  5.64453E-01  7.72318E-01
  5.68359E-01  7.61692E-01
  5.72266E-01  7.51276E-01
  5.76172E-01  7.41062E-01
  5.80078E-01  7.31039E-01
  5.83984E-01  7.21202E-01
  5.87891E-01  7.11547E-01
  5.91797E-01  7.02066E-01
  5.95703E-01  6.92756E-01
  5.99609E-01  6.83610E-01
  6.03516E-01  6.74626E-01
  6.07422E-01  6.65799E-01
  6.11328E-01  6.57123E-01
  6.15234E-01  6.48574E-01
  6.19141E-01  6.40157E-01
  6.23047E-01  6.31889E-01
  6.26953E-01  6.23770E-01
  6.30859E-01  6.15794E-01
  6.34766E-01  6.07959E-01
  6.38672E-01  6.00256E-01
  6.42578E-01  5.92690E-01
  6.46484E-01  5.85250E-01
  6.50391E-01  5.77937E-01
  6.54297E-01  5.70747E-01
  6.58203E-01  5.63675E-01
  6.62109E-01  5.56719E-01
  6.66016E-01  5.49881E-01
  6.69922E-01  5.43152E-01
  6.73828E-01  5.36532E-01
  6.77734E-01  5.30023E-01
  6.81641E-01  5.23618E-01
  6.85547E-01  5.17318E-01
  6.89453E-01  5.11119E-01
  6.93359E-01  5.05019E-01
  6.97266E-01  4.99015E-01
  7.01172E-01  4.93106E-01
  7.05078E-01  4.87289E-01
  7.08984E-01  4.81566E-01
  7.12891E-01  4.75932E-01
  7.16797E-01  4.70386E-01
  7.20703E-01  4.64926E-01
  7.24609E-01  4.59550E-01
  7.28516E-01  4.54257E-01
  7.32422E-01  4.49044E-01
  7.36328E-01  4.43912E-01
  7.40234E-01  4.38857E-01
  7.44141E-01  4.33878E-01
  7.48047E-01  4.28974E-01
  7.51953E-01  4.24144E-01
  7.55859E-01  4.19386E-01
  7.59766E-01  4.14702E-01
  7.63672E-01  4.10085E-01
  7.67578E-01  4.05537E-01
  7.71484E-01  4.01055E-01
  7.75391E-01  3.96639E-01
  7.79297E-01  3.92291E-01
  7.83203E-01  3.88002E-01
  7.87109E-01  3.83776E-01
  7.91016E-01  3.79615E-01
  7.94922E-01  3.75511E-01
  7.98828E-01  3.71466E-01
  8.02734E-01  3.67480E-01
  8.06641E-01  3.63550E-01
  8.10547E-01  3.59677E-01
  8.14453E-01  3.55857E-01
  8.18359E-01  3.52089E-01
  8.22266E-01  3.48378E-01
  8.26172E-01  3.44719E-01
  8.30078E-01  3.41110E-01
  8.33984E-01  3.37550E-01
  8.37891E-01  3.34041E-01
  8.41797E-01  3.30579E-01
  8.45703E-01  3.27166E-01
  8.49609E-01  3.23800E-01
  8.53516E-01  3.20480E-01
  8.57422E-01  3.17206E-01
  8.61328E-01  3.13974E-01
  8.65234E-01  3.10788E-01
  8.69141E-01  3.07643E-01
  8.73047E-01  3.04542E-01
  8.76953E-01  3.01482E-01
  8.80859E-01  2.98463E-01
  8.84766E-01  2.95483E-01
  8.88672E-01  2.92542E-01
  8.92578E-01  2.89643E-01
  8.96484E-01  2.86781E-01
  9.00391E-01  2.83956E-01
  9.04297E-01  2.81170E-01
  9.08203E-01  2.78420E-01
  9.12109E-01  2.75705E-01
  9.16016E-01  2.73027E-01
  9.19922E-01  2.70384E-01
  9.23828E-01  2.67775E-01
  9.27734E-01  2.65201E-01
  9.31641E-01  2.62661E-01
  9.35547E-01  2.60156E-01
  9.39453E-01  2.57684E-01
  9.43359E-01  2.55245E-01
  9.47266E-01  2.52840E-01
  9.51172E-01  2.50472E-01
  9.55078E-01  2.48136E-01
  9.58984E-01  2.45836E-01
  9.62891E-01  2.43574E-01
  9.66797E-01  2.41351E-01
  9.70703E-01  2.39167E-01
  9.74609E-01  2.37028E-01
  9.78516E-01  2.34938E-01
  9.82422E-01  2.32902E-01
  9.86328E-01  2.30930E-01
  9.90234E-01  2.29037E-01
  9.94141E-01  2.27254E-01
  9.98047E-01  2.26343E-01
  1.00195E+00  2.26343E-01
