 -1.95312E-03  3.71835E+00
  1.95312E-03  3.71845E+00
  5.85938E-03  3.71642E+00
  9.76562E-03  3.71286E+00
  1.36719E-02  3.70775E+00
  1.75781E-02  3.70111E+00
  2.14844E-02  3.69297E+00
  2.53906E-02  3.68336E+00
  2.92969E-02  3.67231E+00
  3.32031E-02  3.65986E+00
  3.71094E-02  3.64604E+00
  4.10156E-02  3.63088E+00
  4.49219E-02  3.61443E+00
  4.88281E-02  3.59672E+00
  5.27344E-02  3.57779E+00
  5.66406E-02  3.55768E+00
  6.05469E-02  3.53645E+00
  6.44531E-02  3.51413E+00
  6.83594E-02  3.49077E+00
  7.22656E-02  3.46643E+00
  7.61719E-02  3.44116E+00
  8.00781E-02  3.41502E+00
  8.39844E-02  3.38805E+00
  8.78906E-02  3.36032E+00
  9.17969E-02  3.33189E+00
  9.57031E-02  3.30283E+00
  9.96094E-02  3.27319E+00
  1.03516E-01  3.24304E+00
  1.07422E-01  3.21245E+00
  1.11328E-01  3.18149E+00
  1.15234E-01  3.15021E+00
  1.19141E-01  3.11868E+00
  1.23047E-01  3.08696E+00
  1.26953E-01  3.05512E+00
  1.30859E-01  3.02320E+00
  1.34766E-01  2.99128E+00
  1.38672E-01  2.95939E+00
  1.42578E-01  2.92759E+00
  1.46484E-01  2.89591E+00
  1.50391E-01  2.86441E+00
  1.54297E-01  2.83312E+00
  1.58203E-01  2.80206E+00
  1.62109E-01  2.77127E+00
  1.66016E-01  2.74077E+00
  1.69922E-01  2.71058E+00
  1.73828E-01  2.68072E+00
  1.77734E-01  2.65120E+00
  1.81641E-01  2.62203E+00
  1.85547E-01  2.59322E+00
  1.89453E-01  2.56477E+00
  1.93359E-01  2.53669E+00
  1.97266E-01  2.50899E+00
  2.01172E-01  2.48165E+00
  2.05078E-01  2.45468E+00
  2.08984E-01  2.42808E+00
  2.12891E-01  2.40185E+00
  2.16797E-01  2.37598E+00
  2.20703E-01  2.35047E+00
  2.24609E-01  2.32531E+00
  2.28516E-01  2.30051E+00
  2.32422E-01  2.27605E+00
  2.36328E-01  2.25194E+00
  2.40234E-01  2.22816E+00
  2.44141E-01  2.20472E+00
  2.48047E-01  2.18160E+00
  2.51953E-01  2.15881E+00
  2.55859E-01  2.13633E+00
  2.59766E-01  2.11417E+00
  2.63672E-01  2.09232E+00
  2.67578E-01  2.07076E+00
  2.71484E-01  2.04951E+00
  2.75391E-01  2.02854E+00
  2.79297E-01  2.00787E+00
  2.83203E-01  1.98748E+00
  2.87109E-01  1.96736E+00
  2.91016E-01  1.94752E+00
  2.94922E-01  1.92795E+00
  2.98828E-01  1.90864E+00
  3.02734E-01  1.88959E+00
  3.06641E-01  1.87080E+00
  3.10547E-01  1.85226E+00
  3.14453E-01  1.83396E+00
  3.18359E-01  1.81590E+00
  3.22266E-01  1.79809E+00
  3.26172E-01  1.78051E+00
  3.30078E-01  1.76316E+00
  3.33984E-01  1.74603E+00
  3.37891E-01  1.72914E+00
  3.41797E-01  1.71246E+00
  3.45703E-01  1.69599E+00
  3.49609E-01  1.67974E+00
  3.53516E-01  1.66370E+00
  3.57422E-01  1.64787E+00
  3.61328E-01  1.63223E+00
  3.65234E-01  1.61680E+00
  3.69141E-01  1.60156E+00
  3.73047E-01  1.58651E+00
  3.76953E-01  1.57165E+00
  3.80859E-01  1.55699E+00
  3.84766E-01  1.54250E+00
  3.88672E-01  1.52819E+00
  3.92578E-01  1.51406E+00
  3.96484E-01  1.50011E+00
  4.00391E-01  1.48633E+00
  4.04297E-01  1.47272E+00
  4.08203E-01  1.45928E+00
  4.12109E-01  1.44600E+00
  4.16016E-01  1.43288E+00
  4.19922E-01  1.41992E+00
  4.23828E-01  1.40712E+00
  4.27734E-01  1.39447E+00
  4.31641E-01  1.38197E+00
  4.35547E-01  1.36963E+00
  4.39453E-01  1.35743E+00
  4.43359E-01  1.34537E+00
  4.47266E-01  1.33347E+00
  4.51172E-01  1.32170E+00
  4.55078E-01  1.31008E+00
  4.58984E-01  1.29860E+00
  4.62891E-01  1.28725E+00
  4.66797E-01  1.27603E+00
  4.70703E-01  1.26494E+00
  4.74609E-01  1.25397E+00
  4.78516E-01  1.24314E+00
  4.82422E-01  1.23243E+00
  4.86328E-01  1.22184E+00
  4.90234E-01  1.21137E+00
  4.94141E-01  1.20102E+00
  4.98047E-01  1.19079E+00
  5.01953E-01  1.18067E+00
  5.05859E-01  1.17067E+00
  5.09766E-01  1.16078E+00
  5.13672E-01  1.15101E+00
  5.17578E-01  1.14134E+00
  5.21484E-01  1.13178E+00
  5.25391E-01  1.12233E+00
  5.29297E-01  1.11298E+00
  5.33203E-01  1.10373E+00
  5.37109E-01  1.09459E+00
  5.41016E-01  1.08555E+00
  5.44922E-01  1.07660E+00
  5.48828E-01  1.06776E+00
  5.52734E-01  1.05901E+00
  5.56641E-01  1.05035E+00
  5.60547E-01  1.04179E+00
  5.64453E-01  1.03333E+00
  5.68359E-01  1.02495E+00
  5.72266E-01  1.01667E+00
  5.76172E-01  1.00847E+00
  5.80078E-01  1.00037E+00
  5.83984E-01  9.92353E-01
  5.87891E-01  9.84421E-01
  5.91797E-01  9.76573E-01
  5.95703E-01  9.68809E-01
  5.99609E-01  9.61126E-01
  6.03516E-01  9.53524E-01
  6.07422E-01  9.46003E-01
  6.11328E-01  9.38561E-01
  6.15234E-01  9.31195E-01
  6.19141E-01  9.23908E-01
  6.23047E-01  9.16696E-01
  6.26953E-01  9.09558E-01
  6.30859E-01  9.02495E-01
  6.34766E-01  8.95505E-01
  6.38672E-01  8.88588E-01
  6.42578E-01  8.81741E-01
  6.46484E-01  8.74964E-01
  6.50391E-01  8.68255E-01
  6.54297E-01  8.61615E-01
  6.58203E-01  8.55043E-01
  6.62109E-01  8.48538E-01
  6.66016E-01  8.42098E-01
  6.69922E-01  8.35724E-01
  6.73828E-01  8.29414E-01
  6.77734E-01  8.23167E-01
  6.81641E-01  8.16982E-01
  6.85547E-01  8.10858E-01
  6.89453E-01  8.04796E-01
  6.93359E-01  7.98795E-01
  6.97266E-01  7.92853E-01
  7.01172E-01  7.86968E-01
  7.05078E-01  7.81144E-01
  7.08984E-01  7.75376E-01
  7.12891E-01  7.69664E-01
  7.16797E-01  7.64008E-01
  7.20703E-01  7.58407E-01
  7.24609E-01  7.52861E-01
  7.28516E-01  7.47369E-01
  7.32422E-01  7.41931E-01
  7.36328E-01  7.36544E-01
  7.40234E-01  7.31210E-01
  7.44141E-01  7.25927E-01
  7.48047E-01  7.20694E-01
  7.51953E-01  7.15512E-01
  7.55859E-01  7.10379E-01
  7.59766E-01  7.05295E-01
  7.63672E-01  7.00260E-01
  7.67578E-01  6.95273E-01
  7.71484E-01  6.90332E-01
  7.75391E-01  6.85438E-01
  7.79297E-01  6.80590E-01
  7.83203E-01  6.75788E-01
  7.87109E-01  6.71031E-01
  7.91016E-01  6.66318E-01
  7.94922E-01  6.61649E-01
  7.98828E-01  6.57024E-01
  8.02734E-01  6.52441E-01
  8.06641E-01  6.47901E-01
  8.10547E-01  6.43403E-01
  8.14453E-01  6.38947E-01
  8.18359E-01  6.34532E-01
  8.22266E-01  6.30155E-01
  8.26172E-01  6.25822E-01
  8.30078E-01  6.21526E-01
  8.33984E-01  6.17269E-01
  8.37891E-01  6.13051E-01
  8.41797E-01  6.08871E-01
  8.45703E-01  6.04732E-01
  8.49609E-01  6.00626E-01
  8.53516E-01  5.96560E-01
  8.57422E-01  5.92529E-01
  8.61328E-01  5.88534E-01
  8.65234E-01  5.84576E-01
  8.69141E-01  5.80653E-01
  8.73047E-01  5.76765E-01
  8.76953E-01  5.72910E-01
  8.80859E-01  5.69091E-01
  8.84766E-01  5.65306E-01
  8.88672E-01  5.61554E-01
  8.92578E-01  5.57835E-01
  8.96484E-01  5.54148E-01
  9.00391E-01  5.50496E-01
  9.04297E-01  5.46871E-01
  9.08203E-01  5.43280E-01
  9.12109E-01  5.39723E-01
  9.16016E-01  5.36195E-01
  9.19922E-01  5.32696E-01
  9.23828E-01  5.29229E-01
  9.27734E-01  5.25792E-01
  9.31641E-01  5.22384E-01
  9.35547E-01  5.19006E-01
  9.39453E-01  5.15656E-01
  9.43359E-01  5.12335E-01
  9.47266E-01  5.09044E-01
  9.51172E-01  5.05781E-01
  9.55078E-01  5.02549E-01
  9.58984E-01  4.99346E-01
  9.62891E-01  4.96174E-01
  9.66797E-01  4.93036E-01
  9.70703E-01  4.89937E-01
  9.74609E-01  4.86883E-01
  9.78516E-01  4.83886E-01
  9.82422E-01  4.80966E-01
  9.86328E-01  4.78158E-01
  9.90234E-01  4.75520E-01
  9.94141E-01  4.73165E-01
  9.98047E-01  4.71668E-01
  1.00195E+00  4.71668E-01
