 -1.95312E-03  5.66583E+00
  1.95312E-03  5.66591E+00
  5.85938E-03  5.66420E+00
  9.76562E-03  5.66128E+00
  1.36719E-02  5.65710E+00
  1.75781E-02  5.65165E+00
  2.14844E-02  5.64495E+00
  2.53906E-02  5.63700E+00
  2.92969E-02  5.62781E+00
  3.32031E-02  5.61738E+00
  3.71094E-02  5.60571E+00
  4.10156E-02  5.59282E+00
  4.49219E-02  5.57870E+00
  4.88281E-02  5.56336E+00
  5.27344E-02  5.54679E+00
  5.66406E-02  5.52900E+00
  6.05469E-02  5.50999E+00
  6.44531E-02  5.48976E+00
  6.83594E-02  5.46830E+00
  7.22656E-02  5.44561E+00
  7.61719E-02  5.42170E+00
  8.00781E-02  5.39654E+00
  8.39844E-02  5.37015E+00
  8.78906E-02  5.34252E+00
  9.17969E-02  5.31363E+00
  9.57031E-02  5.28349E+00
  9.96094E-02  5.25208E+00
  1.03516E-01  5.21939E+00
  1.07422E-01  5.18543E+00
  1.11328E-01  5.15018E+00
  1.15234E-01  5.11363E+00
  1.19141E-01  5.07577E+00
  1.23047E-01  5.03660E+00
  1.26953E-01  4.99610E+00
  1.30859E-01  4.95426E+00
  1.34766E-01  4.91107E+00
  1.38672E-01  4.86653E+00
  1.42578E-01  4.82062E+00
  1.46484E-01  4.77333E+00
  1.50391E-01  4.72466E+00
  1.54297E-01  4.67461E+00
  1.58203E-01  4.62316E+00
  1.62109E-01  4.57031E+00
  1.66016E-01  4.51607E+00
  1.69922E-01  4.46043E+00
  1.73828E-01  4.40341E+00
  1.77734E-01  4.34501E+00
  1.81641E-01  4.28524E+00
  1.85547E-01  4.22414E+00
  1.89453E-01  4.16173E+00
  1.93359E-01  4.09805E+00
  1.97266E-01  4.03316E+00
  2.01172E-01  3.96710E+00
  2.05078E-01  3.89996E+00
  2.08984E-01  3.83182E+00
  2.12891E-01  3.76278E+00
  2.16797E-01  3.69297E+00
  2.20703E-01  3.62253E+00
  2.24609E-01  3.55161E+00
  2.28516E-01  3.48040E+00
  2.32422E-01  3.40910E+00
  2.36328E-01  3.33791E+00
  2.40234E-01  3.26707E+00
  2.44141E-01  3.19681E+00
  2.48047E-01  3.12739E+00
  2.51953E-01  3.05904E+00
  2.55859E-01  2.99199E+00
  2.59766E-01  2.92645E+00
  2.63672E-01  2.86261E+00
  2.67578E-01  2.80062E+00
  2.71484E-01  2.74058E+00
  2.75391E-01  2.68258E+00
  2.79297E-01  2.62665E+00
  2.83203E-01  2.57276E+00
  2.87109E-01  2.52090E+00
  2.91016E-01  2.47098E+00
  2.94922E-01  2.42294E+00
  2.98828E-01  2.37666E+00
  3.02734E-01  2.33206E+00
  3.06641E-01  2.28902E+00
  3.10547E-01  2.24744E+00
  3.14453E-01  2.20723E+00
  3.18359E-01  2.16829E+00
  3.22266E-01  2.13054E+00
  3.26172E-01  2.09392E+00
  3.30078E-01  2.05834E+00
  3.33984E-01  2.02377E+00
  3.37891E-01  1.99012E+00
  3.41797E-01  1.95736E+00
  3.45703E-01  1.92545E+00
  3.49609E-01  1.89433E+00
  3.53516E-01  1.86399E+00
  3.57422E-01  1.83439E+00
  3.61328E-01  1.80550E+00
  3.65234E-01  1.77729E+00
  3.69141E-01  1.74973E+00
  3.73047E-01  1.72281E+00
  3.76953E-01  1.69649E+00
  3.80859E-01  1.67076E+00
  3.84766E-01  1.64560E+00
  3.88672E-01  1.62098E+00
  3.92578E-01  1.59690E+00
  3.96484E-01  1.57330E+00
  4.00391E-01  1.55019E+00
  4.04297E-01  1.52756E+00
  4.08203E-01  1.50539E+00
  4.12109E-01  1.48367E+00
  4.16016E-01  1.46239E+00
  4.19922E-01  1.44154E+00
  4.23828E-01  1.42110E+00
  4.27734E-01  1.40106E+00
  4.31641E-01  1.38142E+00
  4.35547E-01  1.36215E+00
  4.39453E-01  1.34326E+00
  4.43359E-01  1.32473E+00
  4.47266E-01  1.30655E+00
  4.51172E-01  1.28872E+00
  4.55078E-01  1.27121E+00
  4.58984E-01  1.25404E+00
  4.62891E-01  1.23719E+00
  4.66797E-01  1.22064E+00
  4.70703E-01  1.20439E+00
  4.74609E-01  1.18844E+00
  4.78516E-01  1.17278E+00
  4.82422E-01  1.15740E+00
  4.86328E-01  1.14230E+00
  4.90234E-01  1.12746E+00
  4.94141E-01  1.11288E+00
  4.98047E-01  1.09856E+00
  5.01953E-01  1.08448E+00
  5.05859E-01  1.07066E+00
  5.09766E-01  1.05707E+00
  5.13672E-01  1.04371E+00
  5.17578E-01  1.03058E+00
  5.21484E-01  1.01768E+00
  5.25391E-01  1.00499E+00
  5.29297E-01  9.92514E-01
  5.33203E-01  9.80247E-01
  5.37109E-01  9.68184E-01
  5.41016E-01  9.56320E-01
  5.44922E-01  9.44653E-01
  5.48828E-01  9.33176E-01
  5.52734E-01  9.21888E-01
  5.56641E-01  9.10781E-01
  5.60547E-01  8.99854E-01
  5.64453E-01  8.89106E-01
  5.68359E-01  8.78525E-01
  5.72266E-01  8.68119E-01
  5.76172E-01  8.57872E-01
  5.80078E-01  8.47790E-01
  5.83984E-01  8.37865E-01
  5.87891E-01  8.28095E-01
  5.91797E-01  8.18483E-01
  5.95703E-01  8.09016E-01
  5.99609E-01  7.99694E-01
  6.03516E-01  7.90521E-01
  6.07422E-01  7.81489E-01
  6.11328E-01  7.72584E-01
  6.15234E-01  7.63818E-01
  6.19141E-01  7.55190E-01
  6.23047E-01  7.46698E-01
  6.26953E-01  7.38330E-01
  6.30859E-01  7.30078E-01
  6.34766E-01  7.21950E-01
  6.38672E-01  7.13946E-01
  6.42578E-01  7.06062E-01
  6.46484E-01  6.98295E-01
  6.50391E-01  6.90646E-01
  6.54297E-01  6.83110E-01
  6.58203E-01  6.75678E-01
  6.62109E-01  6.68349E-01
  6.66016E-01  6.61123E-01
  6.69922E-01  6.54004E-01
  6.73828E-01  6.46991E-01
  6.77734E-01  6.40075E-01
  6.81641E-01  6.33263E-01
  6.85547E-01  6.26546E-01
  6.89453E-01  6.19927E-01
  6.93359E-01  6.13400E-01
  6.97266E-01  6.06963E-01
  7.01172E-01  6.00617E-01
  7.05078E-01  5.94363E-01
  7.08984E-01  5.88193E-01
  7.12891E-01  5.82112E-01
  7.16797E-01  5.76112E-01
  7.20703E-01  5.70193E-01
  7.24609E-01  5.64354E-01
  7.28516E-01  5.58587E-01
  7.32422E-01  5.52900E-01
  7.36328E-01  5.47291E-01
  7.40234E-01  5.41759E-01
  7.44141E-01  5.36300E-01
  7.48047E-01  5.30917E-01
  7.51953E-01  5.25603E-01
  7.55859E-01  5.20362E-01
  7.59766E-01  5.15189E-01
  7.63672E-01  5.10087E-01
  7.67578E-01  5.05050E-01
  7.71484E-01  5.00083E-01
  7.75391E-01  4.95180E-01
  7.79297E-01  4.90339E-01
  7.83203E-01  4.85565E-01
  7.87109E-01  4.80849E-01
  7.91016E-01  4.76194E-01
  7.94922E-01  4.71599E-01
  7.98828E-01  4.67064E-01
  8.02734E-01  4.62587E-01
  8.06641E-01  4.58167E-01
  8.10547E-01  4.53805E-01
  8.14453E-01  4.49498E-01
  8.18359E-01  4.45244E-01
  8.22266E-01  4.41042E-01
  8.26172E-01  4.36894E-01
  8.30078E-01  4.32799E-01
  8.33984E-01  4.28757E-01
  8.37891E-01  4.24761E-01
  8.41797E-01  4.20818E-01
  8.45703E-01  4.16921E-01
  8.49609E-01  4.13074E-01
  8.53516E-01  4.09271E-01
  8.57422E-01  4.05518E-01
  8.61328E-01  4.01809E-01
  8.65234E-01  3.98145E-01
  8.69141E-01  3.94527E-01
  8.73047E-01  3.90951E-01
  8.76953E-01  3.87419E-01
  8.80859E-01  3.83931E-01
  8.84766E-01  3.80482E-01
  8.88672E-01  3.77075E-01
  8.92578E-01  3.73708E-01
  8.96484E-01  3.70383E-01
  9.00391E-01  3.67097E-01
  9.04297E-01  3.63849E-01
  9.08203E-01  3.60637E-01
  9.12109E-01  3.57466E-01
  9.16016E-01  3.54331E-01
  9.19922E-01  3.51234E-01
  9.23828E-01  3.48171E-01
  9.27734E-01  3.45146E-01
  9.31641E-01  3.42157E-01
  9.35547E-01  3.39202E-01
  9.39453E-01  3.36282E-01
  9.43359E-01  3.33397E-01
  9.47266E-01  3.30549E-01
  9.51172E-01  3.27737E-01
  9.55078E-01  3.24959E-01
  9.58984E-01  3.22220E-01
  9.62891E-01  3.19518E-01
  9.66797E-01  3.16860E-01
  9.70703E-01  3.14247E-01
  9.74609E-01  3.11684E-01
  9.78516E-01  3.09179E-01
  9.82422E-01  3.06743E-01
  9.86328E-01  3.04392E-01
  9.90234E-01  3.02155E-01
  9.94141E-01  3.00079E-01
  9.98047E-01  2.98894E-01
  1.00195E+00  2.98894E-01
