 -1.95312E-03  6.79119E+00
  1.95312E-03  6.79130E+00
  5.85938E-03  6.78981E+00
  9.76562E-03  6.78731E+00
  1.36719E-02  6.78376E+00
  1.75781E-02  6.77915E+00
  2.14844E-02  6.77349E+00
  2.53906E-02  6.76677E+00
  2.92969E-02  6.75901E+00
  3.32031E-02  6.75021E+00
  3.71094E-02  6.74036E+00
  4.10156E-02  6.72948E+00
  4.49219E-02  6.71757E+00
  4.88281E-02  6.70461E+00
  5.27344E-02  6.69062E+00
  5.66406E-02  6.67560E+00
  6.05469E-02  6.65953E+00
  6.44531E-02  6.64243E+00
  6.83594E-02  6.62428E+00
  7.22656E-02  6.60509E+00
  7.61719E-02  6.58485E+00
  8.00781E-02  6.56355E+00
  8.39844E-02  6.54119E+00
  8.78906E-02  6.51776E+00
  9.17969E-02  6.49325E+00
  9.57031E-02  6.46766E+00
  9.96094E-02  6.44098E+00
  1.03516E-01  6.41319E+00
  1.07422E-01  6.38429E+00
  1.11328E-01  6.35426E+00
  1.15234E-01  6.32308E+00
  1.19141E-01  6.29076E+00
  1.23047E-01  6.25726E+00
  1.26953E-01  6.22258E+00
  1.30859E-01  6.18669E+00
  1.34766E-01  6.14958E+00
  1.38672E-01  6.11122E+00
  1.42578E-01  6.07160E+00
  1.46484E-01  6.03068E+00
  1.50391E-01  5.98845E+00
  1.54297E-01  5.94488E+00
  1.58203E-01  5.89995E+00
  1.62109E-01  5.85361E+00
  1.66016E-01  5.80583E+00
  1.69922E-01  5.75659E+00
  1.73828E-01  5.70584E+00
  1.77734E-01  5.65355E+00
  1.81641E-01  5.59967E+00
  1.85547E-01  5.54417E+00
  1.89453E-01  5.48698E+00
  1.93359E-01  5.42807E+00
  1.97266E-01  5.36737E+00
  2.01172E-01  5.30482E+00
  2.05078E-01  5.24037E+00
  2.08984E-01  5.17395E+00
  2.12891E-01  5.10549E+00
  2.16797E-01  5.03491E+00
  2.20703E-01  4.96214E+00
  2.24609E-01  4.88710E+00
  2.28516E-01  4.80969E+00
  2.32422E-01  4.72982E+00
  2.36328E-01  4.64740E+00
  2.40234E-01  4.56231E+00
  2.44141E-01  4.47446E+00
  2.48047E-01  4.38374E+00
  2.51953E-01  4.29005E+00
  2.55859E-01  4.19328E+00
  2.59766E-01  4.09334E+00
  2.63672E-01  3.99016E+00
  2.67578E-01  3.88369E+00
  2.71484E-01  3.77393E+00
  2.75391E-01  3.66094E+00
  2.79297E-01  3.54486E+00
  2.83203E-01  3.42600E+00
  2.87109E-01  3.30480E+00
  2.91016E-01  3.18197E+00
  2.94922E-01  3.05845E+00
  2.98828E-01  2.93548E+00
  3.02734E-01  2.81465E+00
  3.06641E-01  2.69772E+00
  3.10547E-01  2.58653E+00
  3.14453E-01  2.48270E+00
  3.18359E-01  2.38731E+00
  3.22266E-01  2.30087E+00
  3.26172E-01  2.22320E+00
  3.30078E-01  2.15357E+00
  3.33984E-01  2.09097E+00
  3.37891E-01  2.03425E+00
  3.41797E-01  1.98233E+00
  3.45703E-01  1.93424E+00
  3.49609E-01  1.88923E+00
  3.53516E-01  1.84674E+00
  3.57422E-01  1.80634E+00
  3.61328E-01  1.76771E+00
  3.65234E-01  1.73063E+00
  3.69141E-01  1.69493E+00
  3.73047E-01  1.66047E+00
  3.76953E-01  1.62714E+00
  3.80859E-01  1.59489E+00
  3.84766E-01  1.56364E+00
  3.88672E-01  1.53334E+00
  3.92578E-01  1.50394E+00
  3.96484E-01  1.47539E+00
  4.00391E-01  1.44766E+00
  4.04297E-01  1.42070E+00
  4.08203E-01  1.39447E+00
  4.12109E-01  1.36896E+00
  4.16016E-01  1.34413E+00
  4.19922E-01  1.31995E+00
  4.23828E-01  1.29638E+00
  4.27734E-01  1.27344E+00
  4.31641E-01  1.25106E+00
  4.35547E-01  1.22923E+00
  4.39453E-01  1.20794E+00
  4.43359E-01  1.18717E+00
  4.47266E-01  1.16689E+00
  4.51172E-01  1.14711E+00
  4.55078E-01  1.12779E+00
  4.58984E-01  1.10892E+00
  4.62891E-01  1.09049E+00
  4.66797E-01  1.07247E+00
  4.70703E-01  1.05487E+00
  4.74609E-01  1.03767E+00
  4.78516E-01  1.02085E+00
  4.82422E-01  1.00440E+00
  4.86328E-01  9.88319E-01
  4.90234E-01  9.72582E-01
  4.94141E-01  9.57190E-01
  4.98047E-01  9.42141E-01
  5.01953E-01  9.27385E-01
  5.05859E-01  9.12964E-01
  5.09766E-01  8.98865E-01
  5.13672E-01  8.85033E-01
  5.17578E-01  8.71462E-01
  5.21484E-01  8.58210E-01
  5.25391E-01  8.45256E-01
  5.29297E-01  8.32569E-01
  5.33203E-01  8.20122E-01
  5.37109E-01  8.07865E-01
  5.41016E-01  7.95850E-01
  5.44922E-01  7.84100E-01
  5.48828E-01  7.72612E-01
  5.52734E-01  7.61361E-01
  5.56641E-01  7.50337E-01
  5.60547E-01  7.39529E-01
  5.64453E-01  7.28930E-01
  5.68359E-01  7.18538E-01
  5.72266E-01  7.08342E-01
  5.76172E-01  6.98341E-01
  5.80078E-01  6.88520E-01
  5.83984E-01  6.78865E-01
  5.87891E-01  6.69348E-01
  5.91797E-01  6.60008E-01
  5.95703E-01  6.50855E-01
  5.99609E-01  6.41882E-01
  6.03516E-01  6.33081E-01
  6.07422E-01  6.24446E-01
  6.11328E-01  6.15975E-01
  6.15234E-01  6.07657E-01
  6.19141E-01  5.99489E-01
  6.23047E-01  5.91470E-01
  6.26953E-01  5.83595E-01
  6.30859E-01  5.75862E-01
  6.34766E-01  5.68266E-01
  6.38672E-01  5.60804E-01
  6.42578E-01  5.53469E-01
  6.46484E-01  5.46265E-01
  6.50391E-01  5.39184E-01
  6.54297E-01  5.32226E-01
  6.58203E-01  5.25390E-01
  6.62109E-01  5.18669E-01
  6.66016E-01  5.12065E-01
  6.69922E-01  5.05574E-01
  6.73828E-01  4.99191E-01
  6.77734E-01  4.92916E-01
  6.81641E-01  4.86745E-01
  6.85547E-01  4.80674E-01
  6.89453E-01  4.74708E-01
  6.93359E-01  4.68839E-01
  6.97266E-01  4.63068E-01
  7.01172E-01  4.57392E-01
  7.05078E-01  4.51807E-01
  7.08984E-01  4.46313E-01
  7.12891E-01  4.40908E-01
  7.16797E-01  4.35590E-01
  7.20703E-01  4.30357E-01
  7.24609E-01  4.25208E-01
  7.28516E-01  4.20140E-01
  7.32422E-01  4.15152E-01
  7.36328E-01  4.10244E-01
  7.40234E-01  4.05413E-01
  7.44141E-01  4.00660E-01
  7.48047E-01  3.95977E-01
  7.51953E-01  3.91369E-01
  7.55859E-01  3.86829E-01
  7.59766E-01  3.82363E-01
  7.63672E-01  3.77964E-01
  7.67578E-01  3.73635E-01
  7.71484E-01  3.69368E-01
  7.75391E-01  3.65167E-01
  7.79297E-01  3.61030E-01
  7.83203E-01  3.56956E-01
  7.87109E-01  3.52943E-01
  7.91016E-01  3.48988E-01
  7.94922E-01  3.45094E-01
  7.98828E-01  3.41257E-01
  8.02734E-01  3.37475E-01
  8.06641E-01  3.33751E-01
  8.10547E-01  3.30080E-01
  8.14453E-01  3.26465E-01
  8.18359E-01  3.22902E-01
  8.22266E-01  3.19389E-01
  8.26172E-01  3.15927E-01
  8.30078E-01  3.12516E-01
  8.33984E-01  3.09153E-01
  8.37891E-01  3.05840E-01
  8.41797E-01  3.02573E-01
  8.45703E-01  2.99353E-01
  8.49609E-01  2.96176E-01
  8.53516E-01  2.93046E-01
  8.57422E-01  2.89960E-01
  8.61328E-01  2.86917E-01
  8.65234E-01  2.83917E-01
  8.69141E-01  2.80958E-01
  8.73047E-01  2.78040E-01
  8.76953E-01  2.75161E-01
  8.80859E-01  2.72323E-01
  8.84766E-01  2.69523E-01
  8.88672E-01  2.66763E-01
  8.92578E-01  2.64041E-01
  8.96484E-01  2.61354E-01
  9.00391E-01  2.58706E-01
  9.04297E-01  2.56093E-01
  9.08203E-01  2.53516E-01
  9.12109E-01  2.50973E-01
  9.16016E-01  2.48465E-01
  9.19922E-01  2.45990E-01
  9.23828E-01  2.43550E-01
  9.27734E-01  2.41144E-01
  9.31641E-01  2.38770E-01
  9.35547E-01  2.36429E-01
  9.39453E-01  2.34120E-01
  9.43359E-01  2.31844E-01
  9.47266E-01  2.29602E-01
  9.51172E-01  2.27394E-01
  9.55078E-01  2.25216E-01
  9.58984E-01  2.23075E-01
  9.62891E-01  2.20969E-01
  9.66797E-01  2.18900E-01
  9.70703E-01  2.16868E-01
  9.74609E-01  2.14878E-01
  9.78516E-01  2.12933E-01
  9.82422E-01  2.11037E-01
  9.86328E-01  2.09199E-01
  9.90234E-01  2.07429E-01
  9.94141E-01  2.05758E-01
  9.98047E-01  2.04937E-01
  1.00195E+00  2.04937E-01
