 -1.95312E-03  5.52063E+00
  1.95312E-03  5.52075E+00
  5.85938E-03  5.51901E+00
  9.76562E-03  5.51604E+00
  1.36719E-02  5.51177E+00
  1.75781E-02  5.50621E+00
  2.14844E-02  5.49938E+00
  2.53906E-02  5.49126E+00
  2.92969E-02  5.48188E+00
  3.32031E-02  5.47124E+00
  3.71094E-02  5.45934E+00
  4.10156E-02  5.44619E+00
  4.49219E-02  5.43179E+00
  4.88281E-02  5.41614E+00
  5.27344E-02  5.39925E+00
  5.66406E-02  5.38112E+00
  6.05469E-02  5.36174E+00
  6.44531E-02  5.34112E+00
  6.83594E-02  5.31925E+00
  7.22656E-02  5.29614E+00
  7.61719E-02  5.27179E+00
  8.00781E-02  5.24618E+00
  8.39844E-02  5.21932E+00
  8.78906E-02  5.19119E+00
  9.17969E-02  5.16181E+00
  9.57031E-02  5.13116E+00
  9.96094E-02  5.09923E+00
  1.03516E-01  5.06603E+00
  1.07422E-01  5.03154E+00
  1.11328E-01  4.99576E+00
  1.15234E-01  4.95868E+00
  1.19141E-01  4.92029E+00
  1.23047E-01  4.88060E+00
  1.26953E-01  4.83959E+00
  1.30859E-01  4.79726E+00
  1.34766E-01  4.75360E+00
  1.38672E-01  4.70861E+00
  1.42578E-01  4.66228E+00
  1.46484E-01  4.61462E+00
  1.50391E-01  4.56562E+00
  1.54297E-01  4.51529E+00
  1.58203E-01  4.46363E+00
  1.62109E-01  4.41066E+00
  1.66016E-01  4.35637E+00
  1.69922E-01  4.30079E+00
  1.73828E-01  4.24394E+00
  1.77734E-01  4.18585E+00
  1.81641E-01  4.12655E+00
  1.85547E-01  4.06608E+00
  1.89453E-01  4.00450E+00
  1.93359E-01  3.94188E+00
  1.97266E-01  3.87827E+00
  2.01172E-01  3.81378E+00
  2.05078E-01  3.74849E+00
  2.08984E-01  3.68252E+00
  2.12891E-01  3.61601E+00
  2.16797E-01  3.54909E+00
  2.20703E-01  3.48193E+00
  2.24609E-01  3.41469E+00
  2.28516E-01  3.34757E+00
  2.32422E-01  3.28076E+00
  2.36328E-01  3.21446E+00
  2.40234E-01  3.14887E+00
  2.44141E-01  3.08420E+00
  2.48047E-01  3.02063E+00
  2.51953E-01  2.95834E+00
  2.55859E-01  2.89748E+00
  2.59766E-01  2.83819E+00
  2.63672E-01  2.78056E+00
  2.67578E-01  2.72467E+00
  2.71484E-01  2.67055E+00
  2.75391E-01  2.61822E+00
  2.79297E-01  2.56764E+00
  2.83203E-01  2.51879E+00
  2.87109E-01  2.47160E+00
  2.91016E-01  2.42600E+00
  2.94922E-01  2.38193E+00
  2.98828E-01  2.33930E+00
  3.02734E-01  2.29802E+00
  3.06641E-01  2.25802E+00
  3.10547E-01  2.21923E+00
  3.14453E-01  2.18158E+00
  3.18359E-01  2.14500E+00
  3.22266E-01  2.10943E+00
  3.26172E-01  2.07482E+00
  3.30078E-01  2.04111E+00
  3.33984E-01  2.00828E+00
  3.37891E-01  1.97627E+00
  3.41797E-01  1.94504E+00
  3.45703E-01  1.91457E+00
  3.49609E-01  1.88481E+00
  3.53516E-01  1.85576E+00
  3.57422E-01  1.82737E+00
  3.61328E-01  1.79962E+00
  3.65234E-01  1.77250E+00
  3.69141E-01  1.74598E+00
  3.73047E-01  1.72004E+00
  3.76953E-01  1.69466E+00
  3.80859E-01  1.66982E+00
  3.84766E-01  1.64550E+00
  3.88672E-01  1.62169E+00
  3.92578E-01  1.59838E+00
  3.96484E-01  1.57554E+00
  4.00391E-01  1.55314E+00
  4.04297E-01  1.53118E+00
  4.08203E-01  1.50965E+00
  4.12109E-01  1.48855E+00
  4.16016E-01  1.46785E+00
  4.19922E-01  1.44756E+00
  4.23828E-01  1.42765E+00
  4.27734E-01  1.40813E+00
  4.31641E-01  1.38897E+00
  4.35547E-01  1.37017E+00
  4.39453E-01  1.35172E+00
  4.43359E-01  1.33362E+00
  4.47266E-01  1.31584E+00
  4.51172E-01  1.29839E+00
  4.55078E-01  1.28126E+00
  4.58984E-01  1.26443E+00
  4.62891E-01  1.24791E+00
  4.66797E-01  1.23169E+00
  4.70703E-01  1.21575E+00
  4.74609E-01  1.20009E+00
  4.78516E-01  1.18471E+00
  4.82422E-01  1.16960E+00
  4.86328E-01  1.15474E+00
  4.90234E-01  1.14014E+00
  4.94141E-01  1.12580E+00
  4.98047E-01  1.11170E+00
  5.01953E-01  1.09783E+00
  5.05859E-01  1.08420E+00
  5.09766E-01  1.07080E+00
  5.13672E-01  1.05762E+00
  5.17578E-01  1.04467E+00
  5.21484E-01  1.03192E+00
  5.25391E-01  1.01939E+00
  5.29297E-01  1.00706E+00
  5.33203E-01  9.94929E-01
  5.37109E-01  9.82996E-01
  5.41016E-01  9.71255E-01
  5.44922E-01  9.59703E-01
  5.48828E-01  9.48335E-01
  5.52734E-01  9.37148E-01
  5.56641E-01  9.26138E-01
  5.60547E-01  9.15303E-01
  5.64453E-01  9.04635E-01
  5.68359E-01  8.94135E-01
  5.72266E-01  8.83801E-01
  5.76172E-01  8.73623E-01
  5.80078E-01  8.63605E-01
  5.83984E-01  8.53739E-01
  5.87891E-01  8.44026E-01
  5.91797E-01  8.34454E-01
  5.95703E-01  8.25035E-01
  5.99609E-01  8.15755E-01
  6.03516E-01  8.06613E-01
  6.07422E-01  7.97612E-01
  6.11328E-01  7.88744E-01
  6.15234E-01  7.80003E-01
  6.19141E-01  7.71396E-01
  6.23047E-01  7.62920E-01
  6.26953E-01  7.54559E-01
  6.30859E-01  7.46322E-01
  6.34766E-01  7.38208E-01
  6.38672E-01  7.30215E-01
  6.42578E-01  7.22339E-01
  6.46484E-01  7.14569E-01
  6.50391E-01  7.06906E-01
  6.54297E-01  6.99356E-01
  6.58203E-01  6.91917E-01
  6.62109E-01  6.84585E-01
  6.66016E-01  6.77360E-01
  6.69922E-01  6.70234E-01
  6.73828E-01  6.63208E-01
  6.77734E-01  6.56278E-01
  6.81641E-01  6.49438E-01
  6.85547E-01  6.42695E-01
  6.89453E-01  6.36046E-01
  6.93359E-01  6.29492E-01
  6.97266E-01  6.23029E-01
  7.01172E-01  6.16652E-01
  7.05078E-01  6.10364E-01
  7.08984E-01  6.04160E-01
  7.12891E-01  5.98043E-01
  7.16797E-01  5.92009E-01
  7.20703E-01  5.86055E-01
  7.24609E-01  5.80180E-01
  7.28516E-01  5.74385E-01
  7.32422E-01  5.68666E-01
  7.36328E-01  5.63023E-01
  7.40234E-01  5.57456E-01
  7.44141E-01  5.51961E-01
  7.48047E-01  5.46536E-01
  7.51953E-01  5.41178E-01
  7.55859E-01  5.35891E-01
  7.59766E-01  5.30670E-01
  7.63672E-01  5.25521E-01
  7.67578E-01  5.20434E-01
  7.71484E-01  5.15417E-01
  7.75391E-01  5.10466E-01
  7.79297E-01  5.05574E-01
  7.83203E-01  5.00747E-01
  7.87109E-01  4.95983E-01
  7.91016E-01  4.91279E-01
  7.94922E-01  4.86631E-01
  7.98828E-01  4.82044E-01
  8.02734E-01  4.77513E-01
  8.06641E-01  4.73039E-01
  8.10547E-01  4.68622E-01
  8.14453E-01  4.64260E-01
  8.18359E-01  4.59953E-01
  8.22266E-01  4.55698E-01
  8.26172E-01  4.51494E-01
  8.30078E-01  4.47341E-01
  8.33984E-01  4.43243E-01
  8.37891E-01  4.39193E-01
  8.41797E-01  4.35193E-01
  8.45703E-01  4.31239E-01
  8.49609E-01  4.27335E-01
  8.53516E-01  4.23476E-01
  8.57422E-01  4.19665E-01
  8.61328E-01  4.15899E-01
  8.65234E-01  4.12178E-01
  8.69141E-01  4.08501E-01
  8.73047E-01  4.04869E-01
  8.76953E-01  4.01277E-01
  8.80859E-01  3.97731E-01
  8.84766E-01  3.94225E-01
  8.88672E-01  3.90761E-01
  8.92578E-01  3.87335E-01
  8.96484E-01  3.83951E-01
  9.00391E-01  3.80606E-01
  9.04297E-01  3.77301E-01
  9.08203E-01  3.74031E-01
  9.12109E-01  3.70801E-01
  9.16016E-01  3.67606E-01
  9.19922E-01  3.64451E-01
  9.23828E-01  3.61331E-01
  9.27734E-01  3.58246E-01
  9.31641E-01  3.55198E-01
  9.35547E-01  3.52185E-01
  9.39453E-01  3.49206E-01
  9.43359E-01  3.46262E-01
  9.47266E-01  3.43355E-01
  9.51172E-01  3.40484E-01
  9.55078E-01  3.37648E-01
  9.58984E-01  3.34849E-01
  9.62891E-01  3.32089E-01
  9.66797E-01  3.29371E-01
  9.70703E-01  3.26699E-01
  9.74609E-01  3.24077E-01
  9.78516E-01  3.21515E-01
  9.82422E-01  3.19023E-01
  9.86328E-01  3.16621E-01
  9.90234E-01  3.14336E-01
  9.94141E-01  3.12225E-01
  9.98047E-01  3.10997E-01
  1.00195E+00  3.10997E-01
