 -1.95312E-03  6.42739E+00
  1.95312E-03  6.42739E+00
  5.85938E-03  6.42583E+00
  9.76562E-03  6.42320E+00
  1.36719E-02  6.41945E+00
  1.75781E-02  6.41458E+00
  2.14844E-02  6.40858E+00
  2.53906E-02  6.40148E+00
  2.92969E-02  6.39327E+00
  3.32031E-02  6.38395E+00
  3.71094E-02  6.37352E+00
  4.10156E-02  6.36200E+00
  4.49219E-02  6.34938E+00
  4.88281E-02  6.33566E+00
  5.27344E-02  6.32085E+00
  5.66406E-02  6.30494E+00
  6.05469E-02  6.28793E+00
  6.44531E-02  6.26981E+00
  6.83594E-02  6.25060E+00
  7.22656E-02  6.23027E+00
  7.61719E-02  6.20883E+00
  8.00781E-02  6.18627E+00
  8.39844E-02  6.16259E+00
  8.78906E-02  6.13777E+00
  9.17969E-02  6.11181E+00
  9.57031E-02  6.08470E+00
  9.96094E-02  6.05644E+00
  1.03516E-01  6.02700E+00
  1.07422E-01  5.99638E+00
  1.11328E-01  5.96456E+00
  1.15234E-01  5.93153E+00
  1.19141E-01  5.89727E+00
  1.23047E-01  5.86178E+00
  1.26953E-01  5.82503E+00
  1.30859E-01  5.78700E+00
  1.34766E-01  5.74767E+00
  1.38672E-01  5.70703E+00
  1.42578E-01  5.66504E+00
  1.46484E-01  5.62169E+00
  1.50391E-01  5.57696E+00
  1.54297E-01  5.53081E+00
  1.58203E-01  5.48321E+00
  1.62109E-01  5.43414E+00
  1.66016E-01  5.38356E+00
  1.69922E-01  5.33145E+00
  1.73828E-01  5.27776E+00
  1.77734E-01  5.22246E+00
  1.81641E-01  5.16551E+00
  1.85547E-01  5.10688E+00
  1.89453E-01  5.04651E+00
  1.93359E-01  4.98437E+00
  1.97266E-01  4.92040E+00
  2.01172E-01  4.85458E+00
  2.05078E-01  4.78684E+00
  2.08984E-01  4.71715E+00
  2.12891E-01  4.64546E+00
  2.16797E-01  4.57171E+00
  2.20703E-01  4.49587E+00
  2.24609E-01  4.41790E+00
  2.28516E-01  4.33776E+00
  2.32422E-01  4.25543E+00
  2.36328E-01  4.17088E+00
  2.40234E-01  4.08413E+00
  2.44141E-01  3.99517E+00
  2.48047E-01  3.90408E+00
  2.51953E-01  3.81091E+00
  2.55859E-01  3.71581E+00
  2.59766E-01  3.61894E+00
  2.63672E-01  3.52057E+00
  2.67578E-01  3.42102E+00
  2.71484E-01  3.32071E+00
  2.75391E-01  3.22015E+00
  2.79297E-01  3.11995E+00
  2.83203E-01  3.02084E+00
  2.87109E-01  2.92361E+00
  2.91016E-01  2.82907E+00
  2.94922E-01  2.73802E+00
  2.98828E-01  2.65116E+00
  3.02734E-01  2.56902E+00
  3.06641E-01  2.49191E+00
  3.10547E-01  2.41993E+00
  3.14453E-01  2.35297E+00
  3.18359E-01  2.29073E+00
  3.22266E-01  2.23281E+00
  3.26172E-01  2.17873E+00
  3.30078E-01  2.12803E+00
  3.33984E-01  2.08026E+00
  3.37891E-01  2.03502E+00
  3.41797E-01  1.99197E+00
  3.45703E-01  1.95081E+00
  3.49609E-01  1.91132E+00
  3.53516E-01  1.87334E+00
  3.57422E-01  1.83671E+00
  3.61328E-01  1.80131E+00
  3.65234E-01  1.76707E+00
  3.69141E-01  1.73389E+00
  3.73047E-01  1.70172E+00
  3.76953E-01  1.67048E+00
  3.80859E-01  1.64011E+00
  3.84766E-01  1.61058E+00
  3.88672E-01  1.58184E+00
  3.92578E-01  1.55387E+00
  3.96484E-01  1.52664E+00
  4.00391E-01  1.50011E+00
  4.04297E-01  1.47425E+00
  4.08203E-01  1.44904E+00
  4.12109E-01  1.42446E+00
  4.16016E-01  1.40048E+00
  4.19922E-01  1.37707E+00
  4.23828E-01  1.35423E+00
  4.27734E-01  1.33192E+00
  4.31641E-01  1.31013E+00
  4.35547E-01  1.28884E+00
  4.39453E-01  1.26803E+00
  4.43359E-01  1.24771E+00
  4.47266E-01  1.22784E+00
  4.51172E-01  1.20841E+00
  4.55078E-01  1.18939E+00
  4.58984E-01  1.17080E+00
  4.62891E-01  1.15261E+00
  4.66797E-01  1.13480E+00
  4.70703E-01  1.11737E+00
  4.74609E-01  1.10032E+00
  4.78516E-01  1.08362E+00
  4.82422E-01  1.06726E+00
  4.86328E-01  1.05124E+00
  4.90234E-01  1.03555E+00
  4.94141E-01  1.02018E+00
  4.98047E-01  1.00512E+00
  5.01953E-01  9.90365E-01
  5.05859E-01  9.75898E-01
  5.09766E-01  9.61727E-01
  5.13672E-01  9.47822E-01
  5.17578E-01  9.34200E-01
  5.21484E-01  9.20835E-01
  5.25391E-01  9.07728E-01
  5.29297E-01  8.94885E-01
  5.33203E-01  8.82272E-01
  5.37109E-01  8.69895E-01
  5.41016E-01  8.57771E-01
  5.44922E-01  8.45880E-01
  5.48828E-01  8.34189E-01
  5.52734E-01  8.22704E-01
  5.56641E-01  8.11445E-01
  5.60547E-01  8.00408E-01
  5.64453E-01  7.89583E-01
  5.68359E-01  7.78951E-01
  5.72266E-01  7.68492E-01
  5.76172E-01  7.58198E-01
  5.80078E-01  7.48094E-01
  5.83984E-01  7.38182E-01
  5.87891E-01  7.28450E-01
  5.91797E-01  7.18896E-01
  5.95703E-01  7.09516E-01
  5.99609E-01  7.00301E-01
  6.03516E-01  6.91249E-01
  6.07422E-01  6.82352E-01
  6.11328E-01  6.73610E-01
  6.15234E-01  6.65019E-01
  6.19141E-01  6.56575E-01
  6.23047E-01  6.48268E-01
  6.26953E-01  6.40091E-01
  6.30859E-01  6.32031E-01
  6.34766E-01  6.24110E-01
  6.38672E-01  6.16322E-01
  6.42578E-01  6.08667E-01
  6.46484E-01  6.01144E-01
  6.50391E-01  5.93745E-01
  6.54297E-01  5.86471E-01
  6.58203E-01  5.79319E-01
  6.62109E-01  5.72280E-01
  6.66016E-01  5.65359E-01
  6.69922E-01  5.58548E-01
  6.73828E-01  5.51846E-01
  6.77734E-01  5.45252E-01
  6.81641E-01  5.38763E-01
  6.85547E-01  5.32377E-01
  6.89453E-01  5.26093E-01
  6.93359E-01  5.19910E-01
  6.97266E-01  5.13823E-01
  7.01172E-01  5.07831E-01
  7.05078E-01  5.01932E-01
  7.08984E-01  4.96121E-01
  7.12891E-01  4.90403E-01
  7.16797E-01  4.84772E-01
  7.20703E-01  4.79228E-01
  7.24609E-01  4.73769E-01
  7.28516E-01  4.68392E-01
  7.32422E-01  4.63096E-01
  7.36328E-01  4.57880E-01
  7.40234E-01  4.52742E-01
  7.44141E-01  4.47681E-01
  7.48047E-01  4.42694E-01
  7.51953E-01  4.37782E-01
  7.55859E-01  4.32940E-01
  7.59766E-01  4.28171E-01
  7.63672E-01  4.23473E-01
  7.67578E-01  4.18843E-01
  7.71484E-01  4.14280E-01
  7.75391E-01  4.09782E-01
  7.79297E-01  4.05350E-01
  7.83203E-01  4.00984E-01
  7.87109E-01  3.96676E-01
  7.91016E-01  3.92433E-01
  7.94922E-01  3.88251E-01
  7.98828E-01  3.84125E-01
  8.02734E-01  3.80059E-01
  8.06641E-01  3.76051E-01
  8.10547E-01  3.72098E-01
  8.14453E-01  3.68203E-01
  8.18359E-01  3.64358E-01
  8.22266E-01  3.60566E-01
  8.26172E-01  3.56829E-01
  8.30078E-01  3.53145E-01
  8.33984E-01  3.49509E-01
  8.37891E-01  3.45924E-01
  8.41797E-01  3.42387E-01
  8.45703E-01  3.38898E-01
  8.49609E-01  3.35456E-01
  8.53516E-01  3.32061E-01
  8.57422E-01  3.28713E-01
  8.61328E-01  3.25409E-01
  8.65234E-01  3.22149E-01
  8.69141E-01  3.18931E-01
  8.73047E-01  3.15758E-01
  8.76953E-01  3.12625E-01
  8.80859E-01  3.09536E-01
  8.84766E-01  3.06486E-01
  8.88672E-01  3.03474E-01
  8.92578E-01  3.00503E-01
  8.96484E-01  2.97571E-01
  9.00391E-01  2.94677E-01
  9.04297E-01  2.91821E-01
  9.08203E-01  2.89002E-01
  9.12109E-01  2.86220E-01
  9.16016E-01  2.83473E-01
  9.19922E-01  2.80764E-01
  9.23828E-01  2.78087E-01
  9.27734E-01  2.75446E-01
  9.31641E-01  2.72839E-01
  9.35547E-01  2.70268E-01
  9.39453E-01  2.67731E-01
  9.43359E-01  2.65227E-01
  9.47266E-01  2.62757E-01
  9.51172E-01  2.60323E-01
  9.55078E-01  2.57924E-01
  9.58984E-01  2.55560E-01
  9.62891E-01  2.53235E-01
  9.66797E-01  2.50949E-01
  9.70703E-01  2.48704E-01
  9.74609E-01  2.46504E-01
  9.78516E-01  2.44355E-01
  9.82422E-01  2.42262E-01
  9.86328E-01  2.40236E-01
  9.90234E-01  2.38293E-01
  9.94141E-01  2.36466E-01
  9.98047E-01  2.35518E-01
  1.00195E+00  2.35518E-01
