 -1.95312E-03  6.00548E+00
  1.95312E-03  6.00562E+00
  5.85938E-03  6.00398E+00
  9.76562E-03  6.00119E+00
  1.36719E-02  5.99720E+00
  1.75781E-02  5.99202E+00
  2.14844E-02  5.98564E+00
  2.53906E-02  5.97807E+00
  2.92969E-02  5.96931E+00
  3.32031E-02  5.95938E+00
  3.71094E-02  5.94827E+00
  4.10156E-02  5.93599E+00
  4.49219E-02  5.92254E+00
  4.88281E-02  5.90792E+00
  5.27344E-02  5.89213E+00
  5.66406E-02  5.87517E+00
  6.05469E-02  5.85705E+00
  6.44531E-02  5.83775E+00
  6.83594E-02  5.81728E+00
  7.22656E-02  5.79563E+00
  7.61719E-02  5.77280E+00
  8.00781E-02  5.74878E+00
  8.39844E-02  5.72356E+00
  8.78906E-02  5.69715E+00
  9.17969E-02  5.66952E+00
  9.57031E-02  5.64067E+00
  9.96094E-02  5.61060E+00
  1.03516E-01  5.57930E+00
  1.07422E-01  5.54674E+00
  1.11328E-01  5.51292E+00
  1.15234E-01  5.47783E+00
  1.19141E-01  5.44145E+00
  1.23047E-01  5.40377E+00
  1.26953E-01  5.36478E+00
  1.30859E-01  5.32445E+00
  1.34766E-01  5.28276E+00
  1.38672E-01  5.23972E+00
  1.42578E-01  5.19528E+00
  1.46484E-01  5.14945E+00
  1.50391E-01  5.10218E+00
  1.54297E-01  5.05347E+00
  1.58203E-01  5.00330E+00
  1.62109E-01  4.95164E+00
  1.66016E-01  4.89847E+00
  1.69922E-01  4.84377E+00
  1.73828E-01  4.78753E+00
  1.77734E-01  4.72971E+00
  1.81641E-01  4.67031E+00
  1.85547E-01  4.60931E+00
  1.89453E-01  4.54669E+00
  1.93359E-01  4.48245E+00
  1.97266E-01  4.41658E+00
  2.01172E-01  4.34908E+00
  2.05078E-01  4.27996E+00
  2.08984E-01  4.20923E+00
  2.12891E-01  4.13692E+00
  2.16797E-01  4.06307E+00
  2.20703E-01  3.98773E+00
  2.24609E-01  3.91097E+00
  2.28516E-01  3.83290E+00
  2.32422E-01  3.75362E+00
  2.36328E-01  3.67330E+00
  2.40234E-01  3.59211E+00
  2.44141E-01  3.51028E+00
  2.48047E-01  3.42805E+00
  2.51953E-01  3.34571E+00
  2.55859E-01  3.26359E+00
  2.59766E-01  3.18204E+00
  2.63672E-01  3.10146E+00
  2.67578E-01  3.02224E+00
  2.71484E-01  2.94475E+00
  2.75391E-01  2.86937E+00
  2.79297E-01  2.79641E+00
  2.83203E-01  2.72614E+00
  2.87109E-01  2.65875E+00
  2.91016E-01  2.59434E+00
  2.94922E-01  2.53292E+00
  2.98828E-01  2.47445E+00
  3.02734E-01  2.41881E+00
  3.06641E-01  2.36587E+00
  3.10547E-01  2.31543E+00
  3.14453E-01  2.26729E+00
  3.18359E-01  2.22127E+00
  3.22266E-01  2.17716E+00
  3.26172E-01  2.13481E+00
  3.30078E-01  2.09404E+00
  3.33984E-01  2.05473E+00
  3.37891E-01  2.01675E+00
  3.41797E-01  1.98001E+00
  3.45703E-01  1.94441E+00
  3.49609E-01  1.90986E+00
  3.53516E-01  1.87632E+00
  3.57422E-01  1.84372E+00
  3.61328E-01  1.81202E+00
  3.65234E-01  1.78117E+00
  3.69141E-01  1.75112E+00
  3.73047E-01  1.72185E+00
  3.76953E-01  1.69332E+00
  3.80859E-01  1.66549E+00
  3.84766E-01  1.63834E+00
  3.88672E-01  1.61183E+00
  3.92578E-01  1.58593E+00
  3.96484E-01  1.56063E+00
  4.00391E-01  1.53591E+00
  4.04297E-01  1.51175E+00
  4.08203E-01  1.48813E+00
  4.12109E-01  1.46504E+00
  4.16016E-01  1.44245E+00
  4.19922E-01  1.42036E+00
  4.23828E-01  1.39875E+00
  4.27734E-01  1.37759E+00
  4.31641E-01  1.35689E+00
  4.35547E-01  1.33662E+00
  4.39453E-01  1.31676E+00
  4.43359E-01  1.29733E+00
  4.47266E-01  1.27828E+00
  4.51172E-01  1.25963E+00
  4.55078E-01  1.24135E+00
  4.58984E-01  1.22344E+00
  4.62891E-01  1.20590E+00
  4.66797E-01  1.18868E+00
  4.70703E-01  1.17180E+00
  4.74609E-01  1.15525E+00
  4.78516E-01  1.13903E+00
  4.82422E-01  1.12311E+00
  4.86328E-01  1.10750E+00
  4.90234E-01  1.09218E+00
  4.94141E-01  1.07715E+00
  4.98047E-01  1.06240E+00
  5.01953E-01  1.04792E+00
  5.05859E-01  1.03372E+00
  5.09766E-01  1.01977E+00
  5.13672E-01  1.00608E+00
  5.17578E-01  9.92637E-01
  5.21484E-01  9.79438E-01
  5.25391E-01  9.66472E-01
  5.29297E-01  9.53738E-01
  5.33203E-01  9.41237E-01
  5.37109E-01  9.28949E-01
  5.41016E-01  9.16881E-01
  5.44922E-01  9.05017E-01
  5.48828E-01  8.93371E-01
  5.52734E-01  8.81916E-01
  5.56641E-01  8.70666E-01
  5.60547E-01  8.59603E-01
  5.64453E-01  8.48726E-01
  5.68359E-01  8.38044E-01
  5.72266E-01  8.27542E-01
  5.76172E-01  8.17202E-01
  5.80078E-01  8.07043E-01
  5.83984E-01  7.97061E-01
  5.87891E-01  7.87247E-01
  5.91797E-01  7.77579E-01
  5.95703E-01  7.68065E-01
  5.99609E-01  7.58716E-01
  6.03516E-01  7.49526E-01
  6.07422E-01  7.40488E-01
  6.11328E-01  7.31595E-01
  6.15234E-01  7.22845E-01
  6.19141E-01  7.14223E-01
  6.23047E-01  7.05734E-01
  6.26953E-01  6.97379E-01
  6.30859E-01  6.89159E-01
  6.34766E-01  6.81074E-01
  6.38672E-01  6.73117E-01
  6.42578E-01  6.65289E-01
  6.46484E-01  6.57578E-01
  6.50391E-01  6.49991E-01
  6.54297E-01  6.42516E-01
  6.58203E-01  6.35162E-01
  6.62109E-01  6.27921E-01
  6.66016E-01  6.20788E-01
  6.69922E-01  6.13762E-01
  6.73828E-01  6.06845E-01
  6.77734E-01  6.00029E-01
  6.81641E-01  5.93304E-01
  6.85547E-01  5.86675E-01
  6.89453E-01  5.80147E-01
  6.93359E-01  5.73721E-01
  6.97266E-01  5.67386E-01
  7.01172E-01  5.61146E-01
  7.05078E-01  5.54995E-01
  7.08984E-01  5.48937E-01
  7.12891E-01  5.42967E-01
  7.16797E-01  5.37083E-01
  7.20703E-01  5.31288E-01
  7.24609E-01  5.25575E-01
  7.28516E-01  5.19945E-01
  7.32422E-01  5.14392E-01
  7.36328E-01  5.08921E-01
  7.40234E-01  5.03527E-01
  7.44141E-01  4.98210E-01
  7.48047E-01  4.92968E-01
  7.51953E-01  4.87798E-01
  7.55859E-01  4.82700E-01
  7.59766E-01  4.77676E-01
  7.63672E-01  4.72720E-01
  7.67578E-01  4.67833E-01
  7.71484E-01  4.63012E-01
  7.75391E-01  4.58256E-01
  7.79297E-01  4.53565E-01
  7.83203E-01  4.48938E-01
  7.87109E-01  4.44376E-01
  7.91016E-01  4.39876E-01
  7.94922E-01  4.35435E-01
  7.98828E-01  4.31055E-01
  8.02734E-01  4.26733E-01
  8.06641E-01  4.22467E-01
  8.10547E-01  4.18258E-01
  8.14453E-01  4.14108E-01
  8.18359E-01  4.10008E-01
  8.22266E-01  4.05965E-01
  8.26172E-01  4.01976E-01
  8.30078E-01  3.98039E-01
  8.33984E-01  3.94151E-01
  8.37891E-01  3.90312E-01
  8.41797E-01  3.86527E-01
  8.45703E-01  3.82788E-01
  8.49609E-01  3.79099E-01
  8.53516E-01  3.75456E-01
  8.57422E-01  3.71860E-01
  8.61328E-01  3.68308E-01
  8.65234E-01  3.64804E-01
  8.69141E-01  3.61343E-01
  8.73047E-01  3.57926E-01
  8.76953E-01  3.54553E-01
  8.80859E-01  3.51219E-01
  8.84766E-01  3.47928E-01
  8.88672E-01  3.44680E-01
  8.92578E-01  3.41472E-01
  8.96484E-01  3.38302E-01
  9.00391E-01  3.35171E-01
  9.04297E-01  3.32079E-01
  9.08203E-01  3.29026E-01
  9.12109E-01  3.26011E-01
  9.16016E-01  3.23031E-01
  9.19922E-01  3.20089E-01
  9.23828E-01  3.17183E-01
  9.27734E-01  3.14313E-01
  9.31641E-01  3.11477E-01
  9.35547E-01  3.08676E-01
  9.39453E-01  3.05912E-01
  9.43359E-01  3.03183E-01
  9.47266E-01  3.00488E-01
  9.51172E-01  2.97830E-01
  9.55078E-01  2.95206E-01
  9.58984E-01  2.92621E-01
  9.62891E-01  2.90073E-01
  9.66797E-01  2.87569E-01
  9.70703E-01  2.85107E-01
  9.74609E-01  2.82694E-01
  9.78516E-01  2.80336E-01
  9.82422E-01  2.78042E-01
  9.86328E-01  2.75826E-01
  9.90234E-01  2.73709E-01
  9.94141E-01  2.71732E-01
  9.98047E-01  2.70648E-01
  1.00195E+00  2.70648E-01
