 -1.95312E-03  1.04042E+00
  1.95312E-03  1.04047E+00
  5.85938E-03  1.04018E+00
  9.76562E-03  1.03993E+00
  1.36719E-02  1.03968E+00
  1.75781E-02  1.03944E+00
  2.14844E-02  1.03920E+00
  2.53906E-02  1.03895E+00
  2.92969E-02  1.03871E+00
  3.32031E-02  1.03847E+00
  3.71094E-02  1.03823E+00
  4.10156E-02  1.03798E+00
  4.49219E-02  1.03774E+00
  4.88281E-02  1.03750E+00
  5.27344E-02  1.03726E+00
  5.66406E-02  1.03702E+00
  6.05469E-02  1.03678E+00
  6.44531E-02  1.03654E+00
  6.83594E-02  1.03629E+00
  7.22656E-02  1.03605E+00
  7.61719E-02  1.03581E+00
  8.00781E-02  1.03557E+00
  8.39844E-02  1.03533E+00
  8.78906E-02  1.03509E+00
  9.17969E-02  1.03485E+00
  9.57031E-02  1.03461E+00
  9.96094E-02  1.03437E+00
  1.03516E-01  1.03412E+00
  1.07422E-01  1.03388E+00
  1.11328E-01  1.03364E+00
  1.15234E-01  1.03340E+00
  1.19141E-01  1.03316E+00
  1.23047E-01  1.03292E+00
  1.26953E-01  1.03268E+00
  1.30859E-01  1.03244E+00
  1.34766E-01  1.03220E+00
  1.38672E-01  1.03196E+00
  1.42578E-01  1.03172E+00
  1.46484E-01  1.03148E+00
  1.50391E-01  1.03124E+00
  1.54297E-01  1.03100E+00
  1.58203E-01  1.03076E+00
  1.62109E-01  1.03052E+00
  1.66016E-01  1.03028E+00
  1.69922E-01  1.03004E+00
  1.73828E-01  1.02980E+00
  1.77734E-01  1.02956E+00
  1.81641E-01  1.02932E+00
  1.85547E-01  1.02908E+00
  1.89453E-01  1.02884E+00
  1.93359E-01  1.02860E+00
  1.97266E-01  1.02836E+00
  2.01172E-01  1.02812E+00
  2.05078E-01  1.02788E+00
  2.08984E-01  1.02764E+00
  2.12891E-01  1.02740E+00
  2.16797E-01  1.02716E+00
  2.20703E-01  1.02692E+00
  2.24609E-01  1.02668E+00
  2.28516E-01  1.02645E+00
  2.32422E-01  1.02621E+00
  2.36328E-01  1.02597E+00
  2.40234E-01  1.02573E+00
  2.44141E-01  1.02549E+00
  2.48047E-01  1.02525E+00
  2.51953E-01  1.02501E+00
  2.55859E-01  1.02477E+00
  2.59766E-01  1.02453E+00
  2.63672E-01  1.02429E+00
  2.67578E-01  1.02406E+00
  2.71484E-01  1.02382E+00
  2.75391E-01  1.02358E+00
  2.79297E-01  1.02334E+00
  2.83203E-01  1.02310E+00
  2.87109E-01  1.02286E+00
  2.91016E-01  1.02262E+00
  2.94922E-01  1.02239E+00
  2.98828E-01  1.02215E+00
  3.02734E-01  1.02191E+00
  3.06641E-01  1.02167E+00
  3.10547E-01  1.02143E+00
  3.14453E-01  1.02119E+00
  3.18359E-01  1.02096E+00
  3.22266E-01  1.02072E+00
  3.26172E-01  1.02048E+00
  3.30078E-01  1.02024E+00
  3.33984E-01  1.02000E+00
  3.37891E-01  1.01977E+00
  3.41797E-01  1.01953E+00
  3.45703E-01  1.01929E+00
  3.49609E-01  1.01905E+00
  3.53516E-01  1.01881E+00
  3.57422E-01  1.01858E+00
  3.61328E-01  1.01834E+00
  3.65234E-01  1.01810E+00
  3.69141E-01  1.01786E+00
  3.73047E-01  1.01763E+00
  3.76953E-01  1.01739E+00
  3.80859E-01  1.01715E+00
  3.84766E-01  1.01691E+00
  3.88672E-01  1.01668E+00
  3.92578E-01  1.01644E+00
  3.96484E-01  1.01620E+00
  4.00391E-01  1.01597E+00
  4.04297E-01  1.01573E+00
  4.08203E-01  1.01549E+00
  4.12109E-01  1.01525E+00
  4.16016E-01  1.01502E+00
  4.19922E-01  1.01478E+00
  4.23828E-01  1.01454E+00
  4.27734E-01  1.01431E+00
  4.31641E-01  1.01407E+00
  4.35547E-01  1.01383E+00
  4.39453E-01  1.01360E+00
  4.43359E-01  1.01336E+00
  4.47266E-01  1.01312E+00
  4.51172E-01  1.01289E+00
  4.55078E-01  1.01265E+00
  4.58984E-01  1.01241E+00
  4.62891E-01  1.01218E+00
  4.66797E-01  1.01194E+00
  4.70703E-01  1.01171E+00
  4.74609E-01  1.01147E+00
  4.78516E-01  1.01123E+00
  4.82422E-01  1.01100E+00
  4.86328E-01  1.01076E+00
  4.90234E-01  1.01052E+00
  4.94141E-01  1.01029E+00
  4.98047E-01  1.01005E+00
  5.01953E-01  1.00982E+00
  5.05859E-01  1.00958E+00
  5.09766E-01  1.00935E+00
  5.13672E-01  1.00911E+00
  5.17578E-01  1.00887E+00
  5.21484E-01  1.00864E+00
  5.25391E-01  1.00840E+00
  5.29297E-01  1.00817E+00
  5.33203E-01  1.00793E+00
  5.37109E-01  1.00770E+00
  5.41016E-01  1.00746E+00
  5.44922E-01  1.00723E+00
  5.48828E-01  1.00699E+00
  5.52734E-01  1.00675E+00
  5.56641E-01  1.00652E+00
  5.60547E-01  1.00628E+00
  5.64453E-01  1.00605E+00
  5.68359E-01  1.00581E+00
  5.72266E-01  1.00558E+00
  5.76172E-01  1.00534E+00
  5.80078E-01  1.00511E+00
  5.83984E-01  1.00487E+00
  5.87891E-01  1.00464E+00
  5.91797E-01  1.00440E+00
  5.95703E-01  1.00417E+00
  5.99609E-01  1.00394E+00
  6.03516E-01  1.00370E+00
  6.07422E-01  1.00347E+00
  6.11328E-01  1.00323E+00
  6.15234E-01  1.00300E+00
  6.19141E-01  1.00276E+00
  6.23047E-01  1.00253E+00
  6.26953E-01  1.00229E+00
  6.30859E-01  1.00206E+00
  6.34766E-01  1.00183E+00
  6.38672E-01  1.00159E+00
  6.42578E-01  1.00136E+00
  6.46484E-01  1.00112E+00
  6.50391E-01  1.00089E+00
  6.54297E-01  1.00065E+00
  6.58203E-01  1.00042E+00
  6.62109E-01  1.00019E+00
  6.66016E-01  9.99953E-01
  6.69922E-01  9.99719E-01
  6.73828E-01  9.99485E-01
  6.77734E-01  9.99252E-01
  6.81641E-01  9.99018E-01
  6.85547E-01  9.98784E-01
  6.89453E-01  9.98551E-01
  6.93359E-01  9.98317E-01
  6.97266E-01  9.98084E-01
  7.01172E-01  9.97850E-01
  7.05078E-01  9.97616E-01
  7.08984E-01  9.97383E-01
  7.12891E-01  9.97150E-01
  7.16797E-01  9.96917E-01
  7.20703E-01  9.96683E-01
  7.24609E-01  9.96450E-01
  7.28516E-01  9.96217E-01
  7.32422E-01  9.95984E-01
  7.36328E-01  9.95751E-01
  7.40234E-01  9.95518E-01
  7.44141E-01  9.95285E-01
  7.48047E-01  9.95052E-01
  7.51953E-01  9.94819E-01
  7.55859E-01  9.94586E-01
  7.59766E-01  9.94354E-01
  7.63672E-01  9.94121E-01
  7.67578E-01  9.93888E-01
  7.71484E-01  9.93656E-01
  7.75391E-01  9.93423E-01
  7.79297E-01  9.93191E-01
  7.83203E-01  9.92958E-01
  7.87109E-01  9.92726E-01
  7.91016E-01  9.92493E-01
  7.94922E-01  9.92261E-01
  7.98828E-01  9.92029E-01
  8.02734E-01  9.91796E-01
  8.06641E-01  9.91564E-01
  8.10547E-01  9.91332E-01
  8.14453E-01  9.91100E-01
  8.18359E-01  9.90868E-01
  8.22266E-01  9.90636E-01
  8.26172E-01  9.90404E-01
  8.30078E-01  9.90172E-01
  8.33984E-01  9.89940E-01
  8.37891E-01  9.89708E-01
  8.41797E-01  9.89476E-01
  8.45703E-01  9.89245E-01
  8.49609E-01  9.89013E-01
  8.53516E-01  9.88781E-01
  8.57422E-01  9.88550E-01
  8.61328E-01  9.88318E-01
  8.65234E-01  9.88087E-01
  8.69141E-01  9.87855E-01
  8.73047E-01  9.87624E-01
  8.76953E-01  9.87393E-01
  8.80859E-01  9.87161E-01
  8.84766E-01  9.86930E-01
  8.88672E-01  9.86699E-01
  8.92578E-01  9.86468E-01
  8.96484E-01  9.86237E-01
  9.00391E-01  9.86006E-01
  9.04297E-01  9.85775E-01
  9.08203E-01  9.85544E-01
  9.12109E-01  9.85313E-01
  9.16016E-01  9.85082E-01
  9.19922E-01  9.84851E-01
  9.23828E-01  9.84620E-01
  9.27734E-01  9.84389E-01
  9.31641E-01  9.84159E-01
  9.35547E-01  9.83928E-01
  9.39453E-01  9.83697E-01
  9.43359E-01  9.83467E-01
  9.47266E-01  9.83236E-01
  9.51172E-01  9.83006E-01
  9.55078E-01  9.82776E-01
  9.58984E-01  9.82545E-01
  9.62891E-01  9.82315E-01
  9.66797E-01  9.82084E-01
  9.70703E-01  9.81854E-01
  9.74609E-01  9.81624E-01
  9.78516E-01  9.81394E-01
  9.82422E-01  9.81164E-01
  9.86328E-01  9.80934E-01
  9.90234E-01  9.80704E-01
  9.94141E-01  9.80471E-01
  9.98047E-01  9.80196E-01
  1.00195E+00  9.80217E-01
