 -1.95312E-03  8.09438E+00
  1.95312E-03  8.09439E+00
  5.85938E-03  8.09311E+00
  9.76562E-03  8.09104E+00
  1.36719E-02  8.08812E+00
  1.75781E-02  8.08435E+00
  2.14844E-02  8.07973E+00
  2.53906E-02  8.07427E+00
  2.92969E-02  8.06797E+00
  3.32031E-02  8.06083E+00
  3.71094E-02  8.05285E+00
  4.10156E-02  8.04404E+00
  4.49219E-02  8.03440E+00
  4.88281E-02  8.02392E+00
  5.27344E-02  8.01262E+00
  5.66406E-02  8.00049E+00
  6.05469E-02  7.98753E+00
  6.44531E-02  7.97374E+00
  6.83594E-02  7.95913E+00
  7.22656E-02  7.94367E+00
  7.61719E-02  7.92739E+00
  8.00781E-02  7.91027E+00
  8.39844E-02  7.89230E+00
  8.78906E-02  7.87350E+00
  9.17969E-02  7.85385E+00
  9.57031E-02  7.83335E+00
  9.96094E-02  7.81199E+00
  1.03516E-01  7.78977E+00
  1.07422E-01  7.76668E+00
  1.11328E-01  7.74272E+00
  1.15234E-01  7.71788E+00
  1.19141E-01  7.69215E+00
  1.23047E-01  7.66552E+00
  1.26953E-01  7.63799E+00
  1.30859E-01  7.60953E+00
  1.34766E-01  7.58015E+00
  1.38672E-01  7.54983E+00
  1.42578E-01  7.51856E+00
  1.46484E-01  7.48633E+00
  1.50391E-01  7.45311E+00
  1.54297E-01  7.41890E+00
  1.58203E-01  7.38367E+00
  1.62109E-01  7.34742E+00
  1.66016E-01  7.31012E+00
  1.69922E-01  7.27176E+00
  1.73828E-01  7.23230E+00
  1.77734E-01  7.19173E+00
  1.81641E-01  7.15003E+00
  1.85547E-01  7.10717E+00
  1.89453E-01  7.06313E+00
  1.93359E-01  7.01786E+00
  1.97266E-01  6.97134E+00
  2.01172E-01  6.92354E+00
  2.05078E-01  6.87442E+00
  2.08984E-01  6.82394E+00
  2.12891E-01  6.77205E+00
  2.16797E-01  6.71872E+00
  2.20703E-01  6.66388E+00
  2.24609E-01  6.60750E+00
  2.28516E-01  6.54952E+00
  2.32422E-01  6.48986E+00
  2.36328E-01  6.42847E+00
  2.40234E-01  6.36528E+00
  2.44141E-01  6.30019E+00
  2.48047E-01  6.23312E+00
  2.51953E-01  6.16398E+00
  2.55859E-01  6.09267E+00
  2.59766E-01  6.01905E+00
  2.63672E-01  5.94302E+00
  2.67578E-01  5.86442E+00
  2.71484E-01  5.78309E+00
  2.75391E-01  5.69886E+00
  2.79297E-01  5.61152E+00
  2.83203E-01  5.52083E+00
  2.87109E-01  5.42652E+00
  2.91016E-01  5.32829E+00
  2.94922E-01  5.22577E+00
  2.98828E-01  5.11854E+00
  3.02734E-01  5.00608E+00
  3.06641E-01  4.88778E+00
  3.10547E-01  4.76288E+00
  3.14453E-01  4.63043E+00
  3.18359E-01  4.48923E+00
  3.22266E-01  4.33765E+00
  3.26172E-01  4.17349E+00
  3.30078E-01  3.99337E+00
  3.33984E-01  3.79056E+00
  3.37891E-01  3.54576E+00
  3.41797E-01  3.19868E+00
  3.45703E-01  2.65757E+00
  3.49609E-01  1.81763E+00
  3.53516E-01  1.43210E+00
  3.57422E-01  1.29857E+00
  3.61328E-01  1.24530E+00
  3.65234E-01  1.21117E+00
  3.69141E-01  1.17900E+00
  3.73047E-01  1.14812E+00
  3.76953E-01  1.11845E+00
  3.80859E-01  1.08992E+00
  3.84766E-01  1.06243E+00
  3.88672E-01  1.03589E+00
  3.92578E-01  1.01033E+00
  3.96484E-01  9.85582E-01
  4.00391E-01  9.61633E-01
  4.04297E-01  9.38601E-01
  4.08203E-01  9.16371E-01
  4.12109E-01  8.94835E-01
  4.16016E-01  8.74007E-01
  4.19922E-01  8.53879E-01
  4.23828E-01  8.34399E-01
  4.27734E-01  8.15523E-01
  4.31641E-01  7.97235E-01
  4.35547E-01  7.79635E-01
  4.39453E-01  7.62574E-01
  4.43359E-01  7.45942E-01
  4.47266E-01  7.29803E-01
  4.51172E-01  7.14187E-01
  4.55078E-01  6.99019E-01
  4.58984E-01  6.84253E-01
  4.62891E-01  6.69902E-01
  4.66797E-01  6.55974E-01
  4.70703E-01  6.42440E-01
  4.74609E-01  6.29268E-01
  4.78516E-01  6.16460E-01
  4.82422E-01  6.04004E-01
  4.86328E-01  5.91886E-01
  4.90234E-01  5.80092E-01
  4.94141E-01  5.68615E-01
  4.98047E-01  5.57437E-01
  5.01953E-01  5.46555E-01
  5.05859E-01  5.35955E-01
  5.09766E-01  5.25631E-01
  5.13672E-01  5.15573E-01
  5.17578E-01  5.05770E-01
  5.21484E-01  4.96217E-01
  5.25391E-01  4.86904E-01
  5.29297E-01  4.77823E-01
  5.33203E-01  4.68969E-01
  5.37109E-01  4.60333E-01
  5.41016E-01  4.51910E-01
  5.44922E-01  4.43691E-01
  5.48828E-01  4.35671E-01
  5.52734E-01  4.27844E-01
  5.56641E-01  4.20203E-01
  5.60547E-01  4.12744E-01
  5.64453E-01  4.05460E-01
  5.68359E-01  3.98347E-01
  5.72266E-01  3.91397E-01
  5.76172E-01  3.84613E-01
  5.80078E-01  3.77991E-01
  5.83984E-01  3.71515E-01
  5.87891E-01  3.65189E-01
  5.91797E-01  3.59003E-01
  5.95703E-01  3.52953E-01
  5.99609E-01  3.47048E-01
  6.03516E-01  3.41268E-01
  6.07422E-01  3.35611E-01
  6.11328E-01  3.30084E-01
  6.15234E-01  3.24680E-01
  6.19141E-01  3.19393E-01
  6.23047E-01  3.14220E-01
  6.26953E-01  3.09154E-01
  6.30859E-01  3.04200E-01
  6.34766E-01  2.99352E-01
  6.38672E-01  2.94603E-01
  6.42578E-01  2.89956E-01
  6.46484E-01  2.85408E-01
  6.50391E-01  2.80954E-01
  6.54297E-01  2.76596E-01
  6.58203E-01  2.72325E-01
  6.62109E-01  2.68136E-01
  6.66016E-01  2.64035E-01
  6.69922E-01  2.60023E-01
  6.73828E-01  2.56088E-01
  6.77734E-01  2.52234E-01
  6.81641E-01  2.48454E-01
  6.85547E-01  2.44751E-01
  6.89453E-01  2.41123E-01
  6.93359E-01  2.37562E-01
  6.97266E-01  2.34075E-01
  7.01172E-01  2.30653E-01
  7.05078E-01  2.27299E-01
  7.08984E-01  2.24007E-01
  7.12891E-01  2.20782E-01
  7.16797E-01  2.17616E-01
  7.20703E-01  2.14514E-01
  7.24609E-01  2.11467E-01
  7.28516E-01  2.08481E-01
  7.32422E-01  2.05546E-01
  7.36328E-01  2.02670E-01
  7.40234E-01  1.99843E-01
  7.44141E-01  1.97073E-01
  7.48047E-01  1.94356E-01
  7.51953E-01  1.91681E-01
  7.55859E-01  1.89054E-01
  7.59766E-01  1.86484E-01
  7.63672E-01  1.83961E-01
  7.67578E-01  1.81472E-01
  7.71484E-01  1.79031E-01
  7.75391E-01  1.76645E-01
  7.79297E-01  1.74295E-01
  7.83203E-01  1.71977E-01
  7.87109E-01  1.69706E-01
  7.91016E-01  1.67483E-01
  7.94922E-01  1.65296E-01
  7.98828E-01  1.63137E-01
  8.02734E-01  1.61019E-01
  8.06641E-01  1.58946E-01
  8.10547E-01  1.56903E-01
  8.14453E-01  1.54891E-01
  8.18359E-01  1.52914E-01
  8.22266E-01  1.50982E-01
  8.26172E-01  1.49076E-01
  8.30078E-01  1.47192E-01
  8.33984E-01  1.45346E-01
  8.37891E-01  1.43539E-01
  8.41797E-01  1.41760E-01
  8.45703E-01  1.40001E-01
  8.49609E-01  1.38279E-01
  8.53516E-01  1.36586E-01
  8.57422E-01  1.34917E-01
  8.61328E-01  1.33272E-01
  8.65234E-01  1.31655E-01
  8.69141E-01  1.30071E-01
  8.73047E-01  1.28512E-01
  8.76953E-01  1.26976E-01
  8.80859E-01  1.25464E-01
  8.84766E-01  1.23976E-01
  8.88672E-01  1.22517E-01
  8.92578E-01  1.21072E-01
  8.96484E-01  1.19653E-01
  9.00391E-01  1.18260E-01
  9.04297E-01  1.16892E-01
  9.08203E-01  1.15545E-01
  9.12109E-01  1.14212E-01
  9.16016E-01  1.12910E-01
  9.19922E-01  1.11624E-01
  9.23828E-01  1.10356E-01
  9.27734E-01  1.09105E-01
  9.31641E-01  1.07882E-01
  9.35547E-01  1.06682E-01
  9.39453E-01  1.05498E-01
  9.43359E-01  1.04329E-01
  9.47266E-01  1.03185E-01
  9.51172E-01  1.02062E-01
  9.55078E-01  1.00954E-01
  9.58984E-01  9.98599E-02
  9.62891E-01  9.87903E-02
  9.66797E-01  9.77410E-02
  9.70703E-01  9.67017E-02
  9.74609E-01  9.56816E-02
  9.78516E-01  9.46868E-02
  9.82422E-01  9.37143E-02
  9.86328E-01  9.27591E-02
  9.90234E-01  9.18389E-02
  9.94141E-01  9.10672E-02
  9.98047E-01  9.07182E-02
  1.00195E+00  9.07182E-02
