 -1.95312E-03  8.91523E+00
  1.95312E-03  8.91527E+00
  5.85938E-03  8.91411E+00
  9.76562E-03  8.91228E+00
  1.36719E-02  8.90972E+00
  1.75781E-02  8.90643E+00
  2.14844E-02  8.90241E+00
  2.53906E-02  8.89767E+00
  2.92969E-02  8.89220E+00
  3.32031E-02  8.88601E+00
  3.71094E-02  8.87910E+00
  4.10156E-02  8.87148E+00
  4.49219E-02  8.86315E+00
  4.88281E-02  8.85410E+00
  5.27344E-02  8.84435E+00
  5.66406E-02  8.83389E+00
  6.05469E-02  8.82272E+00
  6.44531E-02  8.81085E+00
  6.83594E-02  8.79826E+00
  7.22656E-02  8.78497E+00
  7.61719E-02  8.77098E+00
  8.00781E-02  8.75627E+00
  8.39844E-02  8.74086E+00
  8.78906E-02  8.72473E+00
  9.17969E-02  8.70790E+00
  9.57031E-02  8.69034E+00
  9.96094E-02  8.67208E+00
  1.03516E-01  8.65309E+00
  1.07422E-01  8.63339E+00
  1.11328E-01  8.61296E+00
  1.15234E-01  8.59180E+00
  1.19141E-01  8.56991E+00
  1.23047E-01  8.54729E+00
  1.26953E-01  8.52391E+00
  1.30859E-01  8.49978E+00
  1.34766E-01  8.47491E+00
  1.38672E-01  8.44927E+00
  1.42578E-01  8.42287E+00
  1.46484E-01  8.39569E+00
  1.50391E-01  8.36774E+00
  1.54297E-01  8.33899E+00
  1.58203E-01  8.30945E+00
  1.62109E-01  8.27909E+00
  1.66016E-01  8.24791E+00
  1.69922E-01  8.21591E+00
  1.73828E-01  8.18306E+00
  1.77734E-01  8.14935E+00
  1.81641E-01  8.11478E+00
  1.85547E-01  8.07932E+00
  1.89453E-01  8.04298E+00
  1.93359E-01  8.00573E+00
  1.97266E-01  7.96754E+00
  2.01172E-01  7.92842E+00
  2.05078E-01  7.88833E+00
  2.08984E-01  7.84725E+00
  2.12891E-01  7.80518E+00
  2.16797E-01  7.76207E+00
  2.20703E-01  7.71791E+00
  2.24609E-01  7.67268E+00
  2.28516E-01  7.62634E+00
  2.32422E-01  7.57885E+00
  2.36328E-01  7.53021E+00
  2.40234E-01  7.48036E+00
  2.44141E-01  7.42927E+00
  2.48047E-01  7.37691E+00
  2.51953E-01  7.32324E+00
  2.55859E-01  7.26821E+00
  2.59766E-01  7.21178E+00
  2.63672E-01  7.15388E+00
  2.67578E-01  7.09447E+00
  2.71484E-01  7.03349E+00
  2.75391E-01  6.97087E+00
  2.79297E-01  6.90653E+00
  2.83203E-01  6.84040E+00
  2.87109E-01  6.77239E+00
  2.91016E-01  6.70241E+00
  2.94922E-01  6.63036E+00
  2.98828E-01  6.55613E+00
  3.02734E-01  6.47958E+00
  3.06641E-01  6.40058E+00
  3.10547E-01  6.31898E+00
  3.14453E-01  6.23460E+00
  3.18359E-01  6.14724E+00
  3.22266E-01  6.05669E+00
  3.26172E-01  5.96267E+00
  3.30078E-01  5.86491E+00
  3.33984E-01  5.76306E+00
  3.37891E-01  5.65672E+00
  3.41797E-01  5.54541E+00
  3.45703E-01  5.42855E+00
  3.49609E-01  5.30502E+00
  3.53516E-01  5.16568E+00
  3.57422E-01  4.87069E+00
  3.61328E-01  4.49097E-01
  3.65234E-01  3.93017E-01
  3.69141E-01  3.83764E-01
  3.73047E-01  3.72264E-01
  3.76953E-01  3.61591E-01
  3.80859E-01  3.50964E-01
  3.84766E-01  3.41090E-01
  3.88672E-01  3.31263E-01
  3.92578E-01  3.22132E-01
  3.96484E-01  3.13035E-01
  4.00391E-01  3.04551E-01
  4.04297E-01  2.96117E-01
  4.08203E-01  2.88238E-01
  4.12109E-01  2.80384E-01
  4.16016E-01  2.73057E-01
  4.19922E-01  2.65761E-01
  4.23828E-01  2.58937E-01
  4.27734E-01  2.52132E-01
  4.31641E-01  2.45779E-01
  4.35547E-01  2.39418E-01
  4.39453E-01  2.33487E-01
  4.43359E-01  2.27566E-01
  4.47266E-01  2.22000E-01
  4.51172E-01  2.16465E-01
  4.55078E-01  2.11271E-01
  4.58984E-01  2.06086E-01
  4.62891E-01  2.01214E-01
  4.66797E-01  1.96344E-01
  4.70703E-01  1.91782E-01
  4.74609E-01  1.87223E-01
  4.78516E-01  1.82903E-01
  4.82422E-01  1.78677E-01
  4.86328E-01  1.74588E-01
  4.90234E-01  1.70666E-01
  4.94141E-01  1.66765E-01
  4.98047E-01  1.63069E-01
  5.01953E-01  1.59418E-01
  5.05859E-01  1.55946E-01
  5.09766E-01  1.52479E-01
  5.13672E-01  1.49221E-01
  5.17578E-01  1.45969E-01
  5.21484E-01  1.42871E-01
  5.25391E-01  1.39801E-01
  5.29297E-01  1.36896E-01
  5.33203E-01  1.34014E-01
  5.37109E-01  1.31217E-01
  5.41016E-01  1.28532E-01
  5.44922E-01  1.25884E-01
  5.48828E-01  1.23269E-01
  5.52734E-01  1.20767E-01
  5.56641E-01  1.18359E-01
  5.60547E-01  1.15996E-01
  5.64453E-01  1.13698E-01
  5.68359E-01  1.11471E-01
  5.72266E-01  1.09287E-01
  5.76172E-01  1.07106E-01
  5.80078E-01  1.04988E-01
  5.83984E-01  1.02965E-01
  5.87891E-01  1.01015E-01
  5.91797E-01  9.91143E-02
  5.95703E-01  9.72780E-02
  5.99609E-01  9.54693E-02
  6.03516E-01  9.36795E-02
  6.07422E-01  9.19496E-02
  6.11328E-01  9.02778E-02
  6.15234E-01  8.86302E-02
  6.19141E-01  8.69940E-02
  6.23047E-01  8.54142E-02
  6.26953E-01  8.39059E-02
  6.30859E-01  8.24244E-02
  6.34766E-01  8.09613E-02
  6.38672E-01  7.95327E-02
  6.42578E-01  7.81516E-02
  6.46484E-01  7.68016E-02
  6.50391E-01  7.54722E-02
  6.54297E-01  7.41634E-02
  6.58203E-01  7.28905E-02
  6.62109E-01  7.16543E-02
  6.66016E-01  7.04462E-02
  6.69922E-01  6.92542E-02
  6.73828E-01  6.80887E-02
  6.77734E-01  6.69473E-02
  6.81641E-01  6.58452E-02
  6.85547E-01  6.47715E-02
  6.89453E-01  6.37259E-02
  6.93359E-01  6.27022E-02
  6.97266E-01  6.16856E-02
  7.01172E-01  6.06827E-02
  7.05078E-01  5.97021E-02
  7.08984E-01  5.87502E-02
  7.12891E-01  5.78188E-02
  7.16797E-01  5.69083E-02
  7.20703E-01  5.60185E-02
  7.24609E-01  5.51381E-02
  7.28516E-01  5.42788E-02
  7.32422E-01  5.34428E-02
  7.36328E-01  5.26193E-02
  7.40234E-01  5.18199E-02
  7.44141E-01  5.10342E-02
  7.48047E-01  5.02648E-02
  7.51953E-01  4.95058E-02
  7.55859E-01  4.87619E-02
  7.59766E-01  4.80266E-02
  7.63672E-01  4.73051E-02
  7.67578E-01  4.65953E-02
  7.71484E-01  4.59098E-02
  7.75391E-01  4.52387E-02
  7.79297E-01  4.45799E-02
  7.83203E-01  4.39376E-02
  7.87109E-01  4.33090E-02
  7.91016E-01  4.26903E-02
  7.94922E-01  4.20834E-02
  7.98828E-01  4.14892E-02
  8.02734E-01  4.09043E-02
  8.06641E-01  4.03339E-02
  8.10547E-01  3.97733E-02
  8.14453E-01  3.92215E-02
  8.18359E-01  3.86842E-02
  8.22266E-01  3.81519E-02
  8.26172E-01  3.76284E-02
  8.30078E-01  3.71174E-02
  8.33984E-01  3.66139E-02
  8.37891E-01  3.61194E-02
  8.41797E-01  3.56334E-02
  8.45703E-01  3.51590E-02
  8.49609E-01  3.46920E-02
  8.53516E-01  3.42340E-02
  8.57422E-01  3.37836E-02
  8.61328E-01  3.33396E-02
  8.65234E-01  3.29052E-02
  8.69141E-01  3.24763E-02
  8.73047E-01  3.20561E-02
  8.76953E-01  3.16427E-02
  8.80859E-01  3.12366E-02
  8.84766E-01  3.08378E-02
  8.88672E-01  3.04471E-02
  8.92578E-01  3.00613E-02
  8.96484E-01  2.96835E-02
  9.00391E-01  2.93125E-02
  9.04297E-01  2.89451E-02
  9.08203E-01  2.85859E-02
  9.12109E-01  2.82309E-02
  9.16016E-01  2.78840E-02
  9.19922E-01  2.75412E-02
  9.23828E-01  2.72060E-02
  9.27734E-01  2.68762E-02
  9.31641E-01  2.65511E-02
  9.35547E-01  2.62326E-02
  9.39453E-01  2.59196E-02
  9.43359E-01  2.56096E-02
  9.47266E-01  2.53065E-02
  9.51172E-01  2.50078E-02
  9.55078E-01  2.47147E-02
  9.58984E-01  2.44261E-02
  9.62891E-01  2.41429E-02
  9.66797E-01  2.38671E-02
  9.70703E-01  2.35971E-02
  9.74609E-01  2.33338E-02
  9.78516E-01  2.30787E-02
  9.82422E-01  2.28317E-02
  9.86328E-01  2.25973E-02
  9.90234E-01  2.23798E-02
  9.94141E-01  2.21996E-02
  9.98047E-01  2.21135E-02
  1.00195E+00  2.21135E-02
