 -1.95312E-03  7.60149E+00
  1.95312E-03  7.60162E+00
  5.85938E-03  7.60026E+00
  9.76562E-03  7.59804E+00
  1.36719E-02  7.59489E+00
  1.75781E-02  7.59082E+00
  2.14844E-02  7.58583E+00
  2.53906E-02  7.57992E+00
  2.92969E-02  7.57310E+00
  3.32031E-02  7.56536E+00
  3.71094E-02  7.55671E+00
  4.10156E-02  7.54716E+00
  4.49219E-02  7.53670E+00
  4.88281E-02  7.52533E+00
  5.27344E-02  7.51306E+00
  5.66406E-02  7.49988E+00
  6.05469E-02  7.48580E+00
  6.44531E-02  7.47082E+00
  6.83594E-02  7.45492E+00
  7.22656E-02  7.43812E+00
  7.61719E-02  7.42040E+00
  8.00781E-02  7.40177E+00
  8.39844E-02  7.38221E+00
  8.78906E-02  7.36173E+00
  9.17969E-02  7.34031E+00
  9.57031E-02  7.31796E+00
  9.96094E-02  7.29467E+00
  1.03516E-01  7.27043E+00
  1.07422E-01  7.24523E+00
  1.11328E-01  7.21906E+00
  1.15234E-01  7.19191E+00
  1.19141E-01  7.16377E+00
  1.23047E-01  7.13464E+00
  1.26953E-01  7.10449E+00
  1.30859E-01  7.07332E+00
  1.34766E-01  7.04111E+00
  1.38672E-01  7.00784E+00
  1.42578E-01  6.97350E+00
  1.46484E-01  6.93808E+00
  1.50391E-01  6.90154E+00
  1.54297E-01  6.86388E+00
  1.58203E-01  6.82507E+00
  1.62109E-01  6.78509E+00
  1.66016E-01  6.74391E+00
  1.69922E-01  6.70151E+00
  1.73828E-01  6.65786E+00
  1.77734E-01  6.61293E+00
  1.81641E-01  6.56668E+00
  1.85547E-01  6.51908E+00
  1.89453E-01  6.47010E+00
  1.93359E-01  6.41968E+00
  1.97266E-01  6.36779E+00
  2.01172E-01  6.31439E+00
  2.05078E-01  6.25942E+00
  2.08984E-01  6.20282E+00
  2.12891E-01  6.14455E+00
  2.16797E-01  6.08453E+00
  2.20703E-01  6.02270E+00
  2.24609E-01  5.95898E+00
  2.28516E-01  5.89329E+00
  2.32422E-01  5.82554E+00
  2.36328E-01  5.75563E+00
  2.40234E-01  5.68346E+00
  2.44141E-01  5.60891E+00
  2.48047E-01  5.53186E+00
  2.51953E-01  5.45215E+00
  2.55859E-01  5.36963E+00
  2.59766E-01  5.28411E+00
  2.63672E-01  5.19541E+00
  2.67578E-01  5.10330E+00
  2.71484E-01  5.00751E+00
  2.75391E-01  4.90776E+00
  2.79297E-01  4.80372E+00
  2.83203E-01  4.69500E+00
  2.87109E-01  4.58116E+00
  2.91016E-01  4.46167E+00
  2.94922E-01  4.33591E+00
  2.98828E-01  4.20313E+00
  3.02734E-01  4.06242E+00
  3.06641E-01  3.91265E+00
  3.10547E-01  3.75244E+00
  3.14453E-01  3.57994E+00
  3.18359E-01  3.39277E+00
  3.22266E-01  3.18788E+00
  3.26172E-01  2.96206E+00
  3.30078E-01  2.71473E+00
  3.33984E-01  2.45369E+00
  3.37891E-01  2.20006E+00
  3.41797E-01  1.98573E+00
  3.45703E-01  1.82837E+00
  3.49609E-01  1.72171E+00
  3.53516E-01  1.64850E+00
  3.57422E-01  1.59373E+00
  3.61328E-01  1.54832E+00
  3.65234E-01  1.50776E+00
  3.69141E-01  1.46998E+00
  3.73047E-01  1.43413E+00
  3.76953E-01  1.39981E+00
  3.80859E-01  1.36686E+00
  3.84766E-01  1.33512E+00
  3.88672E-01  1.30453E+00
  3.92578E-01  1.27500E+00
  3.96484E-01  1.24650E+00
  4.00391E-01  1.21893E+00
  4.04297E-01  1.19225E+00
  4.08203E-01  1.16643E+00
  4.12109E-01  1.14143E+00
  4.16016E-01  1.11719E+00
  4.19922E-01  1.09369E+00
  4.23828E-01  1.07090E+00
  4.27734E-01  1.04876E+00
  4.31641E-01  1.02727E+00
  4.35547E-01  1.00641E+00
  4.39453E-01  9.86097E-01
  4.43359E-01  9.66388E-01
  4.47266E-01  9.47258E-01
  4.51172E-01  9.28614E-01
  4.55078E-01  9.10441E-01
  4.58984E-01  8.92817E-01
  4.62891E-01  8.75789E-01
  4.66797E-01  8.59207E-01
  4.70703E-01  8.42983E-01
  4.74609E-01  8.27122E-01
  4.78516E-01  8.11628E-01
  4.82422E-01  7.96483E-01
  4.86328E-01  7.81652E-01
  4.90234E-01  7.67141E-01
  4.94141E-01  7.52951E-01
  4.98047E-01  7.39211E-01
  5.01953E-01  7.25958E-01
  5.05859E-01  7.13072E-01
  5.09766E-01  7.00467E-01
  5.13672E-01  6.88129E-01
  5.17578E-01  6.76078E-01
  5.21484E-01  6.64318E-01
  5.25391E-01  6.52837E-01
  5.29297E-01  6.41622E-01
  5.33203E-01  6.30661E-01
  5.37109E-01  6.19951E-01
  5.41016E-01  6.09486E-01
  5.44922E-01  5.99256E-01
  5.48828E-01  5.89257E-01
  5.52734E-01  5.79478E-01
  5.56641E-01  5.69916E-01
  5.60547E-01  5.60564E-01
  5.64453E-01  5.51419E-01
  5.68359E-01  5.42474E-01
  5.72266E-01  5.33719E-01
  5.76172E-01  5.25157E-01
  5.80078E-01  5.16775E-01
  5.83984E-01  5.08573E-01
  5.87891E-01  5.00542E-01
  5.91797E-01  4.92682E-01
  5.95703E-01  4.84986E-01
  5.99609E-01  4.77450E-01
  6.03516E-01  4.70070E-01
  6.07422E-01  4.62840E-01
  6.11328E-01  4.55761E-01
  6.15234E-01  4.48825E-01
  6.19141E-01  4.42029E-01
  6.23047E-01  4.35370E-01
  6.26953E-01  4.28845E-01
  6.30859E-01  4.22449E-01
  6.34766E-01  4.16181E-01
  6.38672E-01  4.10036E-01
  6.42578E-01  4.04012E-01
  6.46484E-01  3.98108E-01
  6.50391E-01  3.92318E-01
  6.54297E-01  3.86636E-01
  6.58203E-01  3.81059E-01
  6.62109E-01  3.75596E-01
  6.66016E-01  3.70238E-01
  6.69922E-01  3.64981E-01
  6.73828E-01  3.59823E-01
  6.77734E-01  3.54761E-01
  6.81641E-01  3.49795E-01
  6.85547E-01  3.44921E-01
  6.89453E-01  3.40132E-01
  6.93359E-01  3.35437E-01
  6.97266E-01  3.30830E-01
  7.01172E-01  3.26306E-01
  7.05078E-01  3.21862E-01
  7.08984E-01  3.17496E-01
  7.12891E-01  3.13211E-01
  7.16797E-01  3.09006E-01
  7.20703E-01  3.04871E-01
  7.24609E-01  3.00816E-01
  7.28516E-01  2.96827E-01
  7.32422E-01  2.92908E-01
  7.36328E-01  2.89061E-01
  7.40234E-01  2.85278E-01
  7.44141E-01  2.81563E-01
  7.48047E-01  2.77910E-01
  7.51953E-01  2.74324E-01
  7.55859E-01  2.70796E-01
  7.59766E-01  2.67331E-01
  7.63672E-01  2.63923E-01
  7.67578E-01  2.60577E-01
  7.71484E-01  2.57279E-01
  7.75391E-01  2.54042E-01
  7.79297E-01  2.50858E-01
  7.83203E-01  2.47729E-01
  7.87109E-01  2.44651E-01
  7.91016E-01  2.41622E-01
  7.94922E-01  2.38644E-01
  7.98828E-01  2.35713E-01
  8.02734E-01  2.32832E-01
  8.06641E-01  2.29997E-01
  8.10547E-01  2.27209E-01
  8.14453E-01  2.24464E-01
  8.18359E-01  2.21764E-01
  8.22266E-01  2.19108E-01
  8.26172E-01  2.16492E-01
  8.30078E-01  2.13918E-01
  8.33984E-01  2.11385E-01
  8.37891E-01  2.08893E-01
  8.41797E-01  2.06439E-01
  8.45703E-01  2.04024E-01
  8.49609E-01  2.01647E-01
  8.53516E-01  1.99307E-01
  8.57422E-01  1.97005E-01
  8.61328E-01  1.94731E-01
  8.65234E-01  1.92497E-01
  8.69141E-01  1.90305E-01
  8.73047E-01  1.88136E-01
  8.76953E-01  1.85998E-01
  8.80859E-01  1.83902E-01
  8.84766E-01  1.81835E-01
  8.88672E-01  1.79791E-01
  8.92578E-01  1.77786E-01
  8.96484E-01  1.75814E-01
  9.00391E-01  1.73865E-01
  9.04297E-01  1.71944E-01
  9.08203E-01  1.70060E-01
  9.12109E-01  1.68201E-01
  9.16016E-01  1.66364E-01
  9.19922E-01  1.64562E-01
  9.23828E-01  1.62789E-01
  9.27734E-01  1.61033E-01
  9.31641E-01  1.59312E-01
  9.35547E-01  1.57619E-01
  9.39453E-01  1.55946E-01
  9.43359E-01  1.54301E-01
  9.47266E-01  1.52687E-01
  9.51172E-01  1.51094E-01
  9.55078E-01  1.49525E-01
  9.58984E-01  1.47990E-01
  9.62891E-01  1.46478E-01
  9.66797E-01  1.44990E-01
  9.70703E-01  1.43539E-01
  9.74609E-01  1.42108E-01
  9.78516E-01  1.40703E-01
  9.82422E-01  1.39338E-01
  9.86328E-01  1.38001E-01
  9.90234E-01  1.36697E-01
  9.94141E-01  1.35540E-01
  9.98047E-01  1.35007E-01
  1.00195E+00  1.35007E-01
