 -1.95312E-03  8.66546E+00
  1.95312E-03  8.66554E+00
  5.85938E-03  8.66434E+00
  9.76562E-03  8.66243E+00
  1.36719E-02  8.65975E+00
  1.75781E-02  8.65629E+00
  2.14844E-02  8.65207E+00
  2.53906E-02  8.64708E+00
  2.92969E-02  8.64133E+00
  3.32031E-02  8.63482E+00
  3.71094E-02  8.62755E+00
  4.10156E-02  8.61953E+00
  4.49219E-02  8.61076E+00
  4.88281E-02  8.60123E+00
  5.27344E-02  8.59095E+00
  5.66406E-02  8.57992E+00
  6.05469E-02  8.56814E+00
  6.44531E-02  8.55560E+00
  6.83594E-02  8.54233E+00
  7.22656E-02  8.52830E+00
  7.61719E-02  8.51352E+00
  8.00781E-02  8.49798E+00
  8.39844E-02  8.48170E+00
  8.78906E-02  8.46465E+00
  9.17969E-02  8.44684E+00
  9.57031E-02  8.42827E+00
  9.96094E-02  8.40894E+00
  1.03516E-01  8.38884E+00
  1.07422E-01  8.36796E+00
  1.11328E-01  8.34630E+00
  1.15234E-01  8.32386E+00
  1.19141E-01  8.30064E+00
  1.23047E-01  8.27662E+00
  1.26953E-01  8.25179E+00
  1.30859E-01  8.22616E+00
  1.34766E-01  8.19971E+00
  1.38672E-01  8.17244E+00
  1.42578E-01  8.14434E+00
  1.46484E-01  8.11540E+00
  1.50391E-01  8.08559E+00
  1.54297E-01  8.05493E+00
  1.58203E-01  8.02339E+00
  1.62109E-01  7.99096E+00
  1.66016E-01  7.95763E+00
  1.69922E-01  7.92338E+00
  1.73828E-01  7.88821E+00
  1.77734E-01  7.85209E+00
  1.81641E-01  7.81501E+00
  1.85547E-01  7.77694E+00
  1.89453E-01  7.73787E+00
  1.93359E-01  7.69778E+00
  1.97266E-01  7.65664E+00
  2.01172E-01  7.61444E+00
  2.05078E-01  7.57114E+00
  2.08984E-01  7.52673E+00
  2.12891E-01  7.48117E+00
  2.16797E-01  7.43443E+00
  2.20703E-01  7.38649E+00
  2.24609E-01  7.33729E+00
  2.28516E-01  7.28682E+00
  2.32422E-01  7.23502E+00
  2.36328E-01  7.18186E+00
  2.40234E-01  7.12730E+00
  2.44141E-01  7.07127E+00
  2.48047E-01  7.01374E+00
  2.51953E-01  6.95464E+00
  2.55859E-01  6.89391E+00
  2.59766E-01  6.83148E+00
  2.63672E-01  6.76729E+00
  2.67578E-01  6.70124E+00
  2.71484E-01  6.63326E+00
  2.75391E-01  6.56324E+00
  2.79297E-01  6.49109E+00
  2.83203E-01  6.41669E+00
  2.87109E-01  6.33990E+00
  2.91016E-01  6.26060E+00
  2.94922E-01  6.17863E+00
  2.98828E-01  6.09380E+00
  3.02734E-01  6.00593E+00
  3.06641E-01  5.91479E+00
  3.10547E-01  5.82012E+00
  3.14453E-01  5.72163E+00
  3.18359E-01  5.61899E+00
  3.22266E-01  5.51180E+00
  3.26172E-01  5.39960E+00
  3.30078E-01  5.28184E+00
  3.33984E-01  5.15784E+00
  3.37891E-01  5.02680E+00
  3.41797E-01  4.88767E+00
  3.45703E-01  4.73899E+00
  3.49609E-01  4.57720E+00
  3.53516E-01  4.37869E+00
  3.57422E-01  3.94982E+00
  3.61328E-01  8.50381E-01
  3.65234E-01  6.63957E-01
  3.69141E-01  6.42354E-01
  3.73047E-01  6.25455E-01
  3.76953E-01  6.07640E-01
  3.80859E-01  5.90958E-01
  3.84766E-01  5.74513E-01
  3.88672E-01  5.58931E-01
  3.92578E-01  5.43820E-01
  3.96484E-01  5.29250E-01
  4.00391E-01  5.15256E-01
  4.04297E-01  5.01697E-01
  4.08203E-01  4.88663E-01
  4.12109E-01  4.76038E-01
  4.16016E-01  4.63890E-01
  4.19922E-01  4.52121E-01
  4.23828E-01  4.40772E-01
  4.27734E-01  4.29786E-01
  4.31641E-01  4.19180E-01
  4.35547E-01  4.08909E-01
  4.39453E-01  3.98985E-01
  4.43359E-01  3.89378E-01
  4.47266E-01  3.80075E-01
  4.51172E-01  3.71061E-01
  4.55078E-01  3.62331E-01
  4.58984E-01  3.53890E-01
  4.62891E-01  3.45701E-01
  4.66797E-01  3.37755E-01
  4.70703E-01  3.30067E-01
  4.74609E-01  3.22614E-01
  4.78516E-01  3.15369E-01
  4.82422E-01  3.08340E-01
  4.86328E-01  3.01529E-01
  4.90234E-01  2.94920E-01
  4.94141E-01  2.88493E-01
  4.98047E-01  2.82252E-01
  5.01953E-01  2.76199E-01
  5.05859E-01  2.70315E-01
  5.09766E-01  2.64592E-01
  5.13672E-01  2.59025E-01
  5.17578E-01  2.53623E-01
  5.21484E-01  2.48367E-01
  5.25391E-01  2.43253E-01
  5.29297E-01  2.38283E-01
  5.33203E-01  2.33451E-01
  5.37109E-01  2.28742E-01
  5.41016E-01  2.24164E-01
  5.44922E-01  2.19704E-01
  5.48828E-01  2.15360E-01
  5.52734E-01  2.11132E-01
  5.56641E-01  2.07017E-01
  5.60547E-01  2.03005E-01
  5.64453E-01  1.99094E-01
  5.68359E-01  1.95293E-01
  5.72266E-01  1.91571E-01
  5.76172E-01  1.87943E-01
  5.80078E-01  1.84426E-01
  5.83984E-01  1.80989E-01
  5.87891E-01  1.77631E-01
  5.91797E-01  1.74366E-01
  5.95703E-01  1.71176E-01
  5.99609E-01  1.68053E-01
  6.03516E-01  1.65007E-01
  6.07422E-01  1.62052E-01
  6.11328E-01  1.59156E-01
  6.15234E-01  1.56322E-01
  6.19141E-01  1.53553E-01
  6.23047E-01  1.50876E-01
  6.26953E-01  1.48238E-01
  6.30859E-01  1.45654E-01
  6.34766E-01  1.43143E-01
  6.38672E-01  1.40701E-01
  6.42578E-01  1.38300E-01
  6.46484E-01  1.35940E-01
  6.50391E-01  1.33649E-01
  6.54297E-01  1.31418E-01
  6.58203E-01  1.29224E-01
  6.62109E-01  1.27084E-01
  6.66016E-01  1.24995E-01
  6.69922E-01  1.22943E-01
  6.73828E-01  1.20936E-01
  6.77734E-01  1.18967E-01
  6.81641E-01  1.17048E-01
  6.85547E-01  1.15175E-01
  6.89453E-01  1.13343E-01
  6.93359E-01  1.11535E-01
  6.97266E-01  1.09772E-01
  7.01172E-01  1.08050E-01
  7.05078E-01  1.06360E-01
  7.08984E-01  1.04695E-01
  7.12891E-01  1.03063E-01
  7.16797E-01  1.01476E-01
  7.20703E-01  9.99299E-02
  7.24609E-01  9.84211E-02
  7.28516E-01  9.69287E-02
  7.32422E-01  9.54606E-02
  7.36328E-01  9.40345E-02
  7.40234E-01  9.26441E-02
  7.44141E-01  9.12766E-02
  7.48047E-01  8.99210E-02
  7.51953E-01  8.85955E-02
  7.55859E-01  8.73004E-02
  7.59766E-01  8.60366E-02
  7.63672E-01  8.48045E-02
  7.67578E-01  8.35833E-02
  7.71484E-01  8.23742E-02
  7.75391E-01  8.11951E-02
  7.79297E-01  8.00439E-02
  7.83203E-01  7.89141E-02
  7.87109E-01  7.78072E-02
  7.91016E-01  7.67130E-02
  7.94922E-01  7.56389E-02
  7.98828E-01  7.45867E-02
  8.02734E-01  7.35555E-02
  8.06641E-01  7.25476E-02
  8.10547E-01  7.15589E-02
  8.14453E-01  7.05841E-02
  8.18359E-01  6.96248E-02
  8.22266E-01  6.86843E-02
  8.26172E-01  6.77644E-02
  8.30078E-01  6.68601E-02
  8.33984E-01  6.59728E-02
  8.37891E-01  6.51011E-02
  8.41797E-01  6.42399E-02
  8.45703E-01  6.33963E-02
  8.49609E-01  6.25666E-02
  8.53516E-01  6.17578E-02
  8.57422E-01  6.09597E-02
  8.61328E-01  6.01758E-02
  8.65234E-01  5.94040E-02
  8.69141E-01  5.86445E-02
  8.73047E-01  5.78980E-02
  8.76953E-01  5.71673E-02
  8.80859E-01  5.64505E-02
  8.84766E-01  5.57454E-02
  8.88672E-01  5.50521E-02
  8.92578E-01  5.43677E-02
  8.96484E-01  5.36948E-02
  9.00391E-01  5.30349E-02
  9.04297E-01  5.23854E-02
  9.08203E-01  5.17498E-02
  9.12109E-01  5.11227E-02
  9.16016E-01  5.05067E-02
  9.19922E-01  4.98991E-02
  9.23828E-01  4.93006E-02
  9.27734E-01  4.87138E-02
  9.31641E-01  4.81375E-02
  9.35547E-01  4.75702E-02
  9.39453E-01  4.70100E-02
  9.43359E-01  4.64585E-02
  9.47266E-01  4.59145E-02
  9.51172E-01  4.53814E-02
  9.55078E-01  4.48586E-02
  9.58984E-01  4.43439E-02
  9.62891E-01  4.38395E-02
  9.66797E-01  4.33428E-02
  9.70703E-01  4.28552E-02
  9.74609E-01  4.23763E-02
  9.78516E-01  4.19102E-02
  9.82422E-01  4.14589E-02
  9.86328E-01  4.10274E-02
  9.90234E-01  4.06235E-02
  9.94141E-01  4.02973E-02
  9.98047E-01  4.01526E-02
  1.00195E+00  4.01526E-02
