 -1.95312E-03  8.75886E+00
  1.95312E-03  8.75898E+00
  5.85938E-03  8.75780E+00
  9.76562E-03  8.75592E+00
  1.36719E-02  8.75330E+00
  1.75781E-02  8.74992E+00
  2.14844E-02  8.74579E+00
  2.53906E-02  8.74090E+00
  2.92969E-02  8.73528E+00
  3.32031E-02  8.72891E+00
  3.71094E-02  8.72180E+00
  4.10156E-02  8.71395E+00
  4.49219E-02  8.70537E+00
  4.88281E-02  8.69606E+00
  5.27344E-02  8.68601E+00
  5.66406E-02  8.67523E+00
  6.05469E-02  8.66372E+00
  6.44531E-02  8.65147E+00
  6.83594E-02  8.63851E+00
  7.22656E-02  8.62481E+00
  7.61719E-02  8.61037E+00
  8.00781E-02  8.59521E+00
  8.39844E-02  8.57931E+00
  8.78906E-02  8.56267E+00
  9.17969E-02  8.54531E+00
  9.57031E-02  8.52720E+00
  9.96094E-02  8.50834E+00
  1.03516E-01  8.48875E+00
  1.07422E-01  8.46840E+00
  1.11328E-01  8.44731E+00
  1.15234E-01  8.42546E+00
  1.19141E-01  8.40285E+00
  1.23047E-01  8.37947E+00
  1.26953E-01  8.35532E+00
  1.30859E-01  8.33038E+00
  1.34766E-01  8.30466E+00
  1.38672E-01  8.27815E+00
  1.42578E-01  8.25084E+00
  1.46484E-01  8.22272E+00
  1.50391E-01  8.19379E+00
  1.54297E-01  8.16402E+00
  1.58203E-01  8.13342E+00
  1.62109E-01  8.10196E+00
  1.66016E-01  8.06965E+00
  1.69922E-01  8.03647E+00
  1.73828E-01  8.00239E+00
  1.77734E-01  7.96742E+00
  1.81641E-01  7.93154E+00
  1.85547E-01  7.89472E+00
  1.89453E-01  7.85696E+00
  1.93359E-01  7.81823E+00
  1.97266E-01  7.77852E+00
  2.01172E-01  7.73782E+00
  2.05078E-01  7.69608E+00
  2.08984E-01  7.65331E+00
  2.12891E-01  7.60946E+00
  2.16797E-01  7.56451E+00
  2.20703E-01  7.51844E+00
  2.24609E-01  7.47121E+00
  2.28516E-01  7.42280E+00
  2.32422E-01  7.37316E+00
  2.36328E-01  7.32227E+00
  2.40234E-01  7.27008E+00
  2.44141E-01  7.21655E+00
  2.48047E-01  7.16164E+00
  2.51953E-01  7.10530E+00
  2.55859E-01  7.04748E+00
  2.59766E-01  6.98812E+00
  2.63672E-01  6.92716E+00
  2.67578E-01  6.86454E+00
  2.71484E-01  6.80017E+00
  2.75391E-01  6.73399E+00
  2.79297E-01  6.66590E+00
  2.83203E-01  6.59582E+00
  2.87109E-01  6.52362E+00
  2.91016E-01  6.44921E+00
  2.94922E-01  6.37246E+00
  2.98828E-01  6.29322E+00
  3.02734E-01  6.21134E+00
  3.06641E-01  6.12664E+00
  3.10547E-01  6.03893E+00
  3.14453E-01  5.94798E+00
  3.18359E-01  5.85352E+00
  3.22266E-01  5.75527E+00
  3.26172E-01  5.65286E+00
  3.30078E-01  5.54591E+00
  3.33984E-01  5.43394E+00
  3.37891E-01  5.31637E+00
  3.41797E-01  5.19250E+00
  3.45703E-01  5.06142E+00
  3.49609E-01  4.92119E+00
  3.53516E-01  4.75760E+00
  3.57422E-01  4.40788E+00
  3.61328E-01  6.77695E-01
  3.65234E-01  5.50060E-01
  3.69141E-01  5.35393E-01
  3.73047E-01  5.19718E-01
  3.76953E-01  5.05107E-01
  3.80859E-01  4.90584E-01
  3.84766E-01  4.77067E-01
  3.88672E-01  4.63723E-01
  3.92578E-01  4.51012E-01
  3.96484E-01  4.38805E-01
  4.00391E-01  4.26880E-01
  4.04297E-01  4.15593E-01
  4.08203E-01  4.04495E-01
  4.12109E-01  3.93974E-01
  4.16016E-01  3.83666E-01
  4.19922E-01  3.73863E-01
  4.23828E-01  3.64243E-01
  4.27734E-01  3.55097E-01
  4.31641E-01  3.46122E-01
  4.35547E-01  3.37551E-01
  4.39453E-01  3.29200E-01
  4.43359E-01  3.21153E-01
  4.47266E-01  3.13360E-01
  4.51172E-01  3.05809E-01
  4.55078E-01  2.98520E-01
  4.58984E-01  2.91434E-01
  4.62891E-01  2.84583E-01
  4.66797E-01  2.77942E-01
  4.70703E-01  2.71515E-01
  4.74609E-01  2.65278E-01
  4.78516E-01  2.59233E-01
  4.82422E-01  2.53369E-01
  4.86328E-01  2.47698E-01
  4.90234E-01  2.42169E-01
  4.94141E-01  2.36811E-01
  4.98047E-01  2.31620E-01
  5.01953E-01  2.26575E-01
  5.05859E-01  2.21669E-01
  5.09766E-01  2.16908E-01
  5.13672E-01  2.12287E-01
  5.17578E-01  2.07795E-01
  5.21484E-01  2.03424E-01
  5.25391E-01  1.99178E-01
  5.29297E-01  1.95047E-01
  5.33203E-01  1.91031E-01
  5.37109E-01  1.87135E-01
  5.41016E-01  1.83331E-01
  5.44922E-01  1.79620E-01
  5.48828E-01  1.76026E-01
  5.52734E-01  1.72531E-01
  5.56641E-01  1.69115E-01
  5.60547E-01  1.65784E-01
  5.64453E-01  1.62561E-01
  5.68359E-01  1.59414E-01
  5.72266E-01  1.56331E-01
  5.76172E-01  1.53342E-01
  5.80078E-01  1.50437E-01
  5.83984E-01  1.47588E-01
  5.87891E-01  1.44814E-01
  5.91797E-01  1.42115E-01
  5.95703E-01  1.39481E-01
  5.99609E-01  1.36898E-01
  6.03516E-01  1.34403E-01
  6.07422E-01  1.31962E-01
  6.11328E-01  1.29562E-01
  6.15234E-01  1.27240E-01
  6.19141E-01  1.24982E-01
  6.23047E-01  1.22767E-01
  6.26953E-01  1.20577E-01
  6.30859E-01  1.18440E-01
  6.34766E-01  1.16376E-01
  6.38672E-01  1.14371E-01
  6.42578E-01  1.12400E-01
  6.46484E-01  1.10471E-01
  6.50391E-01  1.08586E-01
  6.54297E-01  1.06741E-01
  6.58203E-01  1.04921E-01
  6.62109E-01  1.03137E-01
  6.66016E-01  1.01411E-01
  6.69922E-01  9.97464E-02
  6.73828E-01  9.81035E-02
  6.77734E-01  9.64915E-02
  6.81641E-01  9.49223E-02
  6.85547E-01  9.33976E-02
  6.89453E-01  9.19002E-02
  6.93359E-01  9.04233E-02
  6.97266E-01  8.89683E-02
  7.01172E-01  8.75568E-02
  7.05078E-01  8.61831E-02
  7.08984E-01  8.48363E-02
  7.12891E-01  8.35077E-02
  7.16797E-01  8.22058E-02
  7.20703E-01  8.09352E-02
  7.24609E-01  7.96931E-02
  7.28516E-01  7.84799E-02
  7.32422E-01  7.72887E-02
  7.36328E-01  7.61132E-02
  7.40234E-01  7.49564E-02
  7.44141E-01  7.38341E-02
  7.48047E-01  7.27318E-02
  7.51953E-01  7.16550E-02
  7.55859E-01  7.05993E-02
  7.59766E-01  6.95554E-02
  7.63672E-01  6.85344E-02
  7.67578E-01  6.75344E-02
  7.71484E-01  6.65587E-02
  7.75391E-01  6.56049E-02
  7.79297E-01  6.46640E-02
  7.83203E-01  6.37432E-02
  7.87109E-01  6.28374E-02
  7.91016E-01  6.19493E-02
  7.94922E-01  6.10778E-02
  7.98828E-01  6.02237E-02
  8.02734E-01  5.93850E-02
  8.06641E-01  5.85633E-02
  8.10547E-01  5.77550E-02
  8.14453E-01  5.69573E-02
  8.18359E-01  5.61786E-02
  8.22266E-01  5.54130E-02
  8.26172E-01  5.46629E-02
  8.30078E-01  5.39273E-02
  8.33984E-01  5.32064E-02
  8.37891E-01  5.24968E-02
  8.41797E-01  5.17974E-02
  8.45703E-01  5.11106E-02
  8.49609E-01  5.04381E-02
  8.53516E-01  4.97768E-02
  8.57422E-01  4.91293E-02
  8.61328E-01  4.84935E-02
  8.65234E-01  4.78665E-02
  8.69141E-01  4.72489E-02
  8.73047E-01  4.66364E-02
  8.76953E-01  4.60396E-02
  8.80859E-01  4.54517E-02
  8.84766E-01  4.48761E-02
  8.88672E-01  4.43103E-02
  8.92578E-01  4.37556E-02
  8.96484E-01  4.32106E-02
  9.00391E-01  4.26753E-02
  9.04297E-01  4.21491E-02
  9.08203E-01  4.16301E-02
  9.12109E-01  4.11208E-02
  9.16016E-01  4.06210E-02
  9.19922E-01  4.01289E-02
  9.23828E-01  3.96471E-02
  9.27734E-01  3.91705E-02
  9.31641E-01  3.87022E-02
  9.35547E-01  3.82415E-02
  9.39453E-01  3.77880E-02
  9.43359E-01  3.73427E-02
  9.47266E-01  3.69058E-02
  9.51172E-01  3.64769E-02
  9.55078E-01  3.60536E-02
  9.58984E-01  3.56385E-02
  9.62891E-01  3.52301E-02
  9.66797E-01  3.48274E-02
  9.70703E-01  3.44331E-02
  9.74609E-01  3.40474E-02
  9.78516E-01  3.36737E-02
  9.82422E-01  3.33117E-02
  9.86328E-01  3.29662E-02
  9.90234E-01  3.26438E-02
  9.94141E-01  3.23854E-02
  9.98047E-01  3.22637E-02
  1.00195E+00  3.22637E-02
