 -1.95312E-03  7.74520E+00
  1.95312E-03  7.74525E+00
  5.85938E-03  7.74392E+00
  9.76562E-03  7.74174E+00
  1.36719E-02  7.73867E+00
  1.75781E-02  7.73469E+00
  2.14844E-02  7.72981E+00
  2.53906E-02  7.72403E+00
  2.92969E-02  7.71736E+00
  3.32031E-02  7.70979E+00
  3.71094E-02  7.70134E+00
  4.10156E-02  7.69201E+00
  4.49219E-02  7.68179E+00
  4.88281E-02  7.67069E+00
  5.27344E-02  7.65870E+00
  5.66406E-02  7.64583E+00
  6.05469E-02  7.63208E+00
  6.44531E-02  7.61744E+00
  6.83594E-02  7.60193E+00
  7.22656E-02  7.58552E+00
  7.61719E-02  7.56822E+00
  8.00781E-02  7.55003E+00
  8.39844E-02  7.53094E+00
  8.78906E-02  7.51095E+00
  9.17969E-02  7.49006E+00
  9.57031E-02  7.46825E+00
  9.96094E-02  7.44553E+00
  1.03516E-01  7.42188E+00
  1.07422E-01  7.39730E+00
  1.11328E-01  7.37177E+00
  1.15234E-01  7.34530E+00
  1.19141E-01  7.31787E+00
  1.23047E-01  7.28947E+00
  1.26953E-01  7.26008E+00
  1.30859E-01  7.22970E+00
  1.34766E-01  7.19832E+00
  1.38672E-01  7.16592E+00
  1.42578E-01  7.13248E+00
  1.46484E-01  7.09798E+00
  1.50391E-01  7.06242E+00
  1.54297E-01  7.02577E+00
  1.58203E-01  6.98801E+00
  1.62109E-01  6.94911E+00
  1.66016E-01  6.90906E+00
  1.69922E-01  6.86784E+00
  1.73828E-01  6.82541E+00
  1.77734E-01  6.78174E+00
  1.81641E-01  6.73681E+00
  1.85547E-01  6.69059E+00
  1.89453E-01  6.64304E+00
  1.93359E-01  6.59412E+00
  1.97266E-01  6.54379E+00
  2.01172E-01  6.49201E+00
  2.05078E-01  6.43873E+00
  2.08984E-01  6.38390E+00
  2.12891E-01  6.32748E+00
  2.16797E-01  6.26940E+00
  2.20703E-01  6.20959E+00
  2.24609E-01  6.14799E+00
  2.28516E-01  6.08452E+00
  2.32422E-01  6.01910E+00
  2.36328E-01  5.95165E+00
  2.40234E-01  5.88205E+00
  2.44141E-01  5.81021E+00
  2.48047E-01  5.73601E+00
  2.51953E-01  5.65933E+00
  2.55859E-01  5.58001E+00
  2.59766E-01  5.49790E+00
  2.63672E-01  5.41281E+00
  2.67578E-01  5.32454E+00
  2.71484E-01  5.23286E+00
  2.75391E-01  5.13752E+00
  2.79297E-01  5.03820E+00
  2.83203E-01  4.93458E+00
  2.87109E-01  4.82624E+00
  2.91016E-01  4.71273E+00
  2.94922E-01  4.59349E+00
  2.98828E-01  4.46785E+00
  3.02734E-01  4.33500E+00
  3.06641E-01  4.19393E+00
  3.10547E-01  4.04338E+00
  3.14453E-01  3.88166E+00
  3.18359E-01  3.70650E+00
  3.22266E-01  3.51454E+00
  3.26172E-01  3.30046E+00
  3.30078E-01  3.05578E+00
  3.33984E-01  2.77068E+00
  3.37891E-01  2.44759E+00
  3.41797E-01  2.11986E+00
  3.45703E-01  1.85522E+00
  3.49609E-01  1.68508E+00
  3.53516E-01  1.58597E+00
  3.57422E-01  1.52362E+00
  3.61328E-01  1.47708E+00
  3.65234E-01  1.43710E+00
  3.69141E-01  1.40022E+00
  3.73047E-01  1.36526E+00
  3.76953E-01  1.33179E+00
  3.80859E-01  1.29963E+00
  3.84766E-01  1.26869E+00
  3.88672E-01  1.23885E+00
  3.92578E-01  1.21008E+00
  3.96484E-01  1.18230E+00
  4.00391E-01  1.15547E+00
  4.04297E-01  1.12951E+00
  4.08203E-01  1.10439E+00
  4.12109E-01  1.08009E+00
  4.16016E-01  1.05652E+00
  4.19922E-01  1.03372E+00
  4.23828E-01  1.01159E+00
  4.27734E-01  9.90132E-01
  4.31641E-01  9.69383E-01
  4.35547E-01  9.49217E-01
  4.39453E-01  9.29596E-01
  4.43359E-01  9.10571E-01
  4.47266E-01  8.92181E-01
  4.51172E-01  8.74260E-01
  4.55078E-01  8.56727E-01
  4.58984E-01  8.39619E-01
  4.62891E-01  8.22928E-01
  4.66797E-01  8.06643E-01
  4.70703E-01  7.90760E-01
  4.74609E-01  7.75290E-01
  4.78516E-01  7.60280E-01
  4.82422E-01  7.45853E-01
  4.86328E-01  7.31866E-01
  4.90234E-01  7.18188E-01
  4.94141E-01  7.04796E-01
  4.98047E-01  6.91733E-01
  5.01953E-01  6.79013E-01
  5.05859E-01  6.66617E-01
  5.09766E-01  6.54523E-01
  5.13672E-01  6.42718E-01
  5.17578E-01  6.31196E-01
  5.21484E-01  6.19952E-01
  5.25391E-01  6.08978E-01
  5.29297E-01  5.98262E-01
  5.33203E-01  5.87797E-01
  5.37109E-01  5.77577E-01
  5.41016E-01  5.67595E-01
  5.44922E-01  5.57843E-01
  5.48828E-01  5.48316E-01
  5.52734E-01  5.39005E-01
  5.56641E-01  5.29905E-01
  5.60547E-01  5.21010E-01
  5.64453E-01  5.12315E-01
  5.68359E-01  5.03812E-01
  5.72266E-01  4.95497E-01
  5.76172E-01  4.87365E-01
  5.80078E-01  4.79413E-01
  5.83984E-01  4.71631E-01
  5.87891E-01  4.64017E-01
  5.91797E-01  4.56569E-01
  5.95703E-01  4.49277E-01
  5.99609E-01  4.42143E-01
  6.03516E-01  4.35158E-01
  6.07422E-01  4.28321E-01
  6.11328E-01  4.21625E-01
  6.15234E-01  4.15070E-01
  6.19141E-01  4.08652E-01
  6.23047E-01  4.02363E-01
  6.26953E-01  3.96206E-01
  6.30859E-01  3.90169E-01
  6.34766E-01  3.84260E-01
  6.38672E-01  3.78461E-01
  6.42578E-01  3.72784E-01
  6.46484E-01  3.67219E-01
  6.50391E-01  3.61771E-01
  6.54297E-01  3.56425E-01
  6.58203E-01  3.51187E-01
  6.62109E-01  3.46044E-01
  6.66016E-01  3.41010E-01
  6.69922E-01  3.36067E-01
  6.73828E-01  3.31220E-01
  6.77734E-01  3.26468E-01
  6.81641E-01  3.21808E-01
  6.85547E-01  3.17236E-01
  6.89453E-01  3.12748E-01
  6.93359E-01  3.08342E-01
  6.97266E-01  3.04021E-01
  7.01172E-01  2.99783E-01
  7.05078E-01  2.95622E-01
  7.08984E-01  2.91538E-01
  7.12891E-01  2.87527E-01
  7.16797E-01  2.83591E-01
  7.20703E-01  2.79725E-01
  7.24609E-01  2.75929E-01
  7.28516E-01  2.72203E-01
  7.32422E-01  2.68543E-01
  7.36328E-01  2.64948E-01
  7.40234E-01  2.61420E-01
  7.44141E-01  2.57953E-01
  7.48047E-01  2.54545E-01
  7.51953E-01  2.51199E-01
  7.55859E-01  2.47910E-01
  7.59766E-01  2.44679E-01
  7.63672E-01  2.41500E-01
  7.67578E-01  2.38384E-01
  7.71484E-01  2.35317E-01
  7.75391E-01  2.32302E-01
  7.79297E-01  2.29337E-01
  7.83203E-01  2.26425E-01
  7.87109E-01  2.23559E-01
  7.91016E-01  2.20744E-01
  7.94922E-01  2.17976E-01
  7.98828E-01  2.15254E-01
  8.02734E-01  2.12576E-01
  8.06641E-01  2.09942E-01
  8.10547E-01  2.07352E-01
  8.14453E-01  2.04806E-01
  8.18359E-01  2.02297E-01
  8.22266E-01  1.99833E-01
  8.26172E-01  1.97407E-01
  8.30078E-01  1.95020E-01
  8.33984E-01  1.92679E-01
  8.37891E-01  1.90368E-01
  8.41797E-01  1.88089E-01
  8.45703E-01  1.85856E-01
  8.49609E-01  1.83659E-01
  8.53516E-01  1.81486E-01
  8.57422E-01  1.79351E-01
  8.61328E-01  1.77258E-01
  8.65234E-01  1.75193E-01
  8.69141E-01  1.73153E-01
  8.73047E-01  1.71151E-01
  8.76953E-01  1.69186E-01
  8.80859E-01  1.67242E-01
  8.84766E-01  1.65327E-01
  8.88672E-01  1.63450E-01
  8.92578E-01  1.61601E-01
  8.96484E-01  1.59771E-01
  9.00391E-01  1.57975E-01
  9.04297E-01  1.56211E-01
  9.08203E-01  1.54469E-01
  9.12109E-01  1.52750E-01
  9.16016E-01  1.51065E-01
  9.19922E-01  1.49404E-01
  9.23828E-01  1.47763E-01
  9.27734E-01  1.46152E-01
  9.31641E-01  1.44573E-01
  9.35547E-01  1.43008E-01
  9.39453E-01  1.41470E-01
  9.43359E-01  1.39960E-01
  9.47266E-01  1.38470E-01
  9.51172E-01  1.37005E-01
  9.55078E-01  1.35568E-01
  9.58984E-01  1.34155E-01
  9.62891E-01  1.32762E-01
  9.66797E-01  1.31401E-01
  9.70703E-01  1.30064E-01
  9.74609E-01  1.28745E-01
  9.78516E-01  1.27454E-01
  9.82422E-01  1.26198E-01
  9.86328E-01  1.24966E-01
  9.90234E-01  1.23764E-01
  9.94141E-01  1.22715E-01
  9.98047E-01  1.22232E-01
  1.00195E+00  1.22232E-01
