 -1.95312E-03  8.48644E+00
  1.95312E-03  8.48659E+00
  5.85938E-03  8.48536E+00
  9.76562E-03  8.48340E+00
  1.36719E-02  8.48064E+00
  1.75781E-02  8.47710E+00
  2.14844E-02  8.47276E+00
  2.53906E-02  8.46763E+00
  2.92969E-02  8.46171E+00
  3.32031E-02  8.45501E+00
  3.71094E-02  8.44753E+00
  4.10156E-02  8.43928E+00
  4.49219E-02  8.43025E+00
  4.88281E-02  8.42044E+00
  5.27344E-02  8.40985E+00
  5.66406E-02  8.39849E+00
  6.05469E-02  8.38636E+00
  6.44531E-02  8.37346E+00
  6.83594E-02  8.35978E+00
  7.22656E-02  8.34533E+00
  7.61719E-02  8.33010E+00
  8.00781E-02  8.31410E+00
  8.39844E-02  8.29733E+00
  8.78906E-02  8.27977E+00
  9.17969E-02  8.26142E+00
  9.57031E-02  8.24229E+00
  9.96094E-02  8.22237E+00
  1.03516E-01  8.20165E+00
  1.07422E-01  8.18014E+00
  1.11328E-01  8.15782E+00
  1.15234E-01  8.13469E+00
  1.19141E-01  8.11074E+00
  1.23047E-01  8.08597E+00
  1.26953E-01  8.06036E+00
  1.30859E-01  8.03392E+00
  1.34766E-01  8.00663E+00
  1.38672E-01  7.97849E+00
  1.42578E-01  7.94949E+00
  1.46484E-01  7.91960E+00
  1.50391E-01  7.88883E+00
  1.54297E-01  7.85716E+00
  1.58203E-01  7.82458E+00
  1.62109E-01  7.79107E+00
  1.66016E-01  7.75662E+00
  1.69922E-01  7.72122E+00
  1.73828E-01  7.68485E+00
  1.77734E-01  7.64749E+00
  1.81641E-01  7.60912E+00
  1.85547E-01  7.56972E+00
  1.89453E-01  7.52926E+00
  1.93359E-01  7.48775E+00
  1.97266E-01  7.44513E+00
  2.01172E-01  7.40139E+00
  2.05078E-01  7.35651E+00
  2.08984E-01  7.31045E+00
  2.12891E-01  7.26318E+00
  2.16797E-01  7.21466E+00
  2.20703E-01  7.16487E+00
  2.24609E-01  7.11376E+00
  2.28516E-01  7.06128E+00
  2.32422E-01  7.00741E+00
  2.36328E-01  6.95208E+00
  2.40234E-01  6.89524E+00
  2.44141E-01  6.83685E+00
  2.48047E-01  6.77683E+00
  2.51953E-01  6.71512E+00
  2.55859E-01  6.65165E+00
  2.59766E-01  6.58635E+00
  2.63672E-01  6.51912E+00
  2.67578E-01  6.44987E+00
  2.71484E-01  6.37850E+00
  2.75391E-01  6.30489E+00
  2.79297E-01  6.22891E+00
  2.83203E-01  6.15043E+00
  2.87109E-01  6.06929E+00
  2.91016E-01  5.98531E+00
  2.94922E-01  5.89829E+00
  2.98828E-01  5.80801E+00
  3.02734E-01  5.71420E+00
  3.06641E-01  5.61658E+00
  3.10547E-01  5.51479E+00
  3.14453E-01  5.40842E+00
  3.18359E-01  5.29701E+00
  3.22266E-01  5.17997E+00
  3.26172E-01  5.05661E+00
  3.30078E-01  4.92606E+00
  3.33984E-01  4.78724E+00
  3.37891E-01  4.63871E+00
  3.41797E-01  4.47832E+00
  3.45703E-01  4.30045E+00
  3.49609E-01  4.07295E+00
  3.53516E-01  3.60320E+00
  3.57422E-01  1.45659E+00
  3.61328E-01  9.16640E-01
  3.65234E-01  8.50581E-01
  3.69141E-01  8.29344E-01
  3.73047E-01  8.06438E-01
  3.76953E-01  7.84441E-01
  3.80859E-01  7.63221E-01
  3.84766E-01  7.42802E-01
  3.88672E-01  7.23153E-01
  3.92578E-01  7.04178E-01
  3.96484E-01  6.85895E-01
  4.00391E-01  6.68256E-01
  4.04297E-01  6.51231E-01
  4.08203E-01  6.34784E-01
  4.12109E-01  6.18907E-01
  4.16016E-01  6.03558E-01
  4.19922E-01  5.88719E-01
  4.23828E-01  5.74371E-01
  4.27734E-01  5.60496E-01
  4.31641E-01  5.47067E-01
  4.35547E-01  5.34072E-01
  4.39453E-01  5.21484E-01
  4.43359E-01  5.09295E-01
  4.47266E-01  4.97484E-01
  4.51172E-01  4.86043E-01
  4.55078E-01  4.74952E-01
  4.58984E-01  4.64199E-01
  4.62891E-01  4.53772E-01
  4.66797E-01  4.43657E-01
  4.70703E-01  4.33844E-01
  4.74609E-01  4.24317E-01
  4.78516E-01  4.15070E-01
  4.82422E-01  4.06091E-01
  4.86328E-01  3.97370E-01
  4.90234E-01  3.88899E-01
  4.94141E-01  3.80669E-01
  4.98047E-01  3.72657E-01
  5.01953E-01  3.64875E-01
  5.05859E-01  3.57321E-01
  5.09766E-01  3.49970E-01
  5.13672E-01  3.42812E-01
  5.17578E-01  3.35858E-01
  5.21484E-01  3.29087E-01
  5.25391E-01  3.22494E-01
  5.29297E-01  3.16081E-01
  5.33203E-01  3.09837E-01
  5.37109E-01  3.03752E-01
  5.41016E-01  2.97833E-01
  5.44922E-01  2.92065E-01
  5.48828E-01  2.86443E-01
  5.52734E-01  2.80970E-01
  5.56641E-01  2.75626E-01
  5.60547E-01  2.70423E-01
  5.64453E-01  2.65352E-01
  5.68359E-01  2.60405E-01
  5.72266E-01  2.55582E-01
  5.76172E-01  2.50876E-01
  5.80078E-01  2.46283E-01
  5.83984E-01  2.41804E-01
  5.87891E-01  2.37428E-01
  5.91797E-01  2.33162E-01
  5.95703E-01  2.28996E-01
  5.99609E-01  2.24928E-01
  6.03516E-01  2.20962E-01
  6.07422E-01  2.17082E-01
  6.11328E-01  2.13295E-01
  6.15234E-01  2.09593E-01
  6.19141E-01  2.05980E-01
  6.23047E-01  2.02448E-01
  6.26953E-01  1.99000E-01
  6.30859E-01  1.95622E-01
  6.34766E-01  1.92327E-01
  6.38672E-01  1.89110E-01
  6.42578E-01  1.85954E-01
  6.46484E-01  1.82864E-01
  6.50391E-01  1.79853E-01
  6.54297E-01  1.76909E-01
  6.58203E-01  1.74013E-01
  6.62109E-01  1.71194E-01
  6.66016E-01  1.68438E-01
  6.69922E-01  1.65739E-01
  6.73828E-01  1.63086E-01
  6.77734E-01  1.60490E-01
  6.81641E-01  1.57967E-01
  6.85547E-01  1.55489E-01
  6.89453E-01  1.53049E-01
  6.93359E-01  1.50668E-01
  6.97266E-01  1.48349E-01
  7.01172E-01  1.46068E-01
  7.05078E-01  1.43822E-01
  7.08984E-01  1.41624E-01
  7.12891E-01  1.39493E-01
  7.16797E-01  1.37399E-01
  7.20703E-01  1.35335E-01
  7.24609E-01  1.33307E-01
  7.28516E-01  1.31326E-01
  7.32422E-01  1.29387E-01
  7.36328E-01  1.27487E-01
  7.40234E-01  1.25625E-01
  7.44141E-01  1.23795E-01
  7.48047E-01  1.22006E-01
  7.51953E-01  1.20252E-01
  7.55859E-01  1.18521E-01
  7.59766E-01  1.16818E-01
  7.63672E-01  1.15162E-01
  7.67578E-01  1.13540E-01
  7.71484E-01  1.11946E-01
  7.75391E-01  1.10373E-01
  7.79297E-01  1.08827E-01
  7.83203E-01  1.07321E-01
  7.87109E-01  1.05840E-01
  7.91016E-01  1.04378E-01
  7.94922E-01  1.02943E-01
  7.98828E-01  1.01547E-01
  8.02734E-01  1.00174E-01
  8.06641E-01  9.88287E-02
  8.10547E-01  9.75069E-02
  8.14453E-01  9.62050E-02
  8.18359E-01  9.49224E-02
  8.22266E-01  9.36672E-02
  8.26172E-01  9.24397E-02
  8.30078E-01  9.12293E-02
  8.33984E-01  9.00336E-02
  8.37891E-01  8.88549E-02
  8.41797E-01  8.76999E-02
  8.45703E-01  8.65721E-02
  8.49609E-01  8.54644E-02
  8.53516E-01  8.43744E-02
  8.57422E-01  8.33044E-02
  8.61328E-01  8.22498E-02
  8.65234E-01  8.12109E-02
  8.69141E-01  8.01920E-02
  8.73047E-01  7.91868E-02
  8.76953E-01  7.81996E-02
  8.80859E-01  7.72286E-02
  8.84766E-01  7.62790E-02
  8.88672E-01  7.53444E-02
  8.92578E-01  7.44232E-02
  8.96484E-01  7.35152E-02
  9.00391E-01  7.26208E-02
  9.04297E-01  7.17476E-02
  9.08203E-01  7.08899E-02
  9.12109E-01  7.00455E-02
  9.16016E-01  6.92132E-02
  9.19922E-01  6.83932E-02
  9.23828E-01  6.75880E-02
  9.27734E-01  6.67995E-02
  9.31641E-01  6.60224E-02
  9.35547E-01  6.52569E-02
  9.39453E-01  6.45024E-02
  9.43359E-01  6.37603E-02
  9.47266E-01  6.30342E-02
  9.51172E-01  6.23181E-02
  9.55078E-01  6.16127E-02
  9.58984E-01  6.09163E-02
  9.62891E-01  6.02344E-02
  9.66797E-01  5.95651E-02
  9.70703E-01  5.89105E-02
  9.74609E-01  5.82656E-02
  9.78516E-01  5.76307E-02
  9.82422E-01  5.70110E-02
  9.86328E-01  5.64140E-02
  9.90234E-01  5.58552E-02
  9.94141E-01  5.53986E-02
  9.98047E-01  5.51748E-02
  1.00195E+00  5.51748E-02
