 -1.95312E-03  7.71768E+00
  1.95312E-03  7.71777E+00
  5.85938E-03  7.71643E+00
  9.76562E-03  7.71424E+00
  1.36719E-02  7.71115E+00
  1.75781E-02  7.70716E+00
  2.14844E-02  7.70225E+00
  2.53906E-02  7.69645E+00
  2.92969E-02  7.68975E+00
  3.32031E-02  7.68215E+00
  3.71094E-02  7.67367E+00
  4.10156E-02  7.66429E+00
  4.49219E-02  7.65402E+00
  4.88281E-02  7.64287E+00
  5.27344E-02  7.63083E+00
  5.66406E-02  7.61791E+00
  6.05469E-02  7.60409E+00
  6.44531E-02  7.58939E+00
  6.83594E-02  7.57380E+00
  7.22656E-02  7.55732E+00
  7.61719E-02  7.53994E+00
  8.00781E-02  7.52167E+00
  8.39844E-02  7.50249E+00
  8.78906E-02  7.48241E+00
  9.17969E-02  7.46142E+00
  9.57031E-02  7.43951E+00
  9.96094E-02  7.41667E+00
  1.03516E-01  7.39291E+00
  1.07422E-01  7.36821E+00
  1.11328E-01  7.34256E+00
  1.15234E-01  7.31596E+00
  1.19141E-01  7.28840E+00
  1.23047E-01  7.25986E+00
  1.26953E-01  7.23033E+00
  1.30859E-01  7.19980E+00
  1.34766E-01  7.16826E+00
  1.38672E-01  7.13569E+00
  1.42578E-01  7.10208E+00
  1.46484E-01  7.06741E+00
  1.50391E-01  7.03166E+00
  1.54297E-01  6.99482E+00
  1.58203E-01  6.95686E+00
  1.62109E-01  6.91776E+00
  1.66016E-01  6.87749E+00
  1.69922E-01  6.83604E+00
  1.73828E-01  6.79338E+00
  1.77734E-01  6.74948E+00
  1.81641E-01  6.70430E+00
  1.85547E-01  6.65781E+00
  1.89453E-01  6.60999E+00
  1.93359E-01  6.56078E+00
  1.97266E-01  6.51016E+00
  2.01172E-01  6.45807E+00
  2.05078E-01  6.40447E+00
  2.08984E-01  6.34931E+00
  2.12891E-01  6.29253E+00
  2.16797E-01  6.23407E+00
  2.20703E-01  6.17387E+00
  2.24609E-01  6.11187E+00
  2.28516E-01  6.04797E+00
  2.32422E-01  5.98211E+00
  2.36328E-01  5.91418E+00
  2.40234E-01  5.84409E+00
  2.44141E-01  5.77174E+00
  2.48047E-01  5.69700E+00
  2.51953E-01  5.61973E+00
  2.55859E-01  5.53980E+00
  2.59766E-01  5.45704E+00
  2.63672E-01  5.37125E+00
  2.67578E-01  5.28225E+00
  2.71484E-01  5.18978E+00
  2.75391E-01  5.09358E+00
  2.79297E-01  4.99336E+00
  2.83203E-01  4.88875E+00
  2.87109E-01  4.77934E+00
  2.91016E-01  4.66467E+00
  2.94922E-01  4.54415E+00
  2.98828E-01  4.41710E+00
  3.02734E-01  4.28270E+00
  3.06641E-01  4.13990E+00
  3.10547E-01  3.98739E+00
  3.14453E-01  3.82344E+00
  3.18359E-01  3.64570E+00
  3.22266E-01  3.45072E+00
  3.26172E-01  3.23315E+00
  3.30078E-01  2.98526E+00
  3.33984E-01  2.70047E+00
  3.37891E-01  2.38732E+00
  3.41797E-01  2.08289E+00
  3.45703E-01  1.84466E+00
  3.49609E-01  1.69110E+00
  3.53516E-01  1.59863E+00
  3.57422E-01  1.53806E+00
  3.61328E-01  1.49171E+00
  3.65234E-01  1.45156E+00
  3.69141E-01  1.41447E+00
  3.73047E-01  1.37929E+00
  3.76953E-01  1.34563E+00
  3.80859E-01  1.31329E+00
  3.84766E-01  1.28216E+00
  3.88672E-01  1.25215E+00
  3.92578E-01  1.22322E+00
  3.96484E-01  1.19528E+00
  4.00391E-01  1.16828E+00
  4.04297E-01  1.14217E+00
  4.08203E-01  1.11691E+00
  4.12109E-01  1.09244E+00
  4.16016E-01  1.06875E+00
  4.19922E-01  1.04576E+00
  4.23828E-01  1.02351E+00
  4.27734E-01  1.00187E+00
  4.31641E-01  9.80933E-01
  4.35547E-01  9.60644E-01
  4.39453E-01  9.40904E-01
  4.43359E-01  9.21694E-01
  4.47266E-01  9.03107E-01
  4.51172E-01  8.85115E-01
  4.55078E-01  8.67550E-01
  4.58984E-01  8.50375E-01
  4.62891E-01  8.33606E-01
  4.66797E-01  8.17245E-01
  4.70703E-01  8.01267E-01
  4.74609E-01  7.85669E-01
  4.78516E-01  7.70462E-01
  4.82422E-01  7.55730E-01
  4.86328E-01  7.41555E-01
  4.90234E-01  7.27803E-01
  4.94141E-01  7.14350E-01
  4.98047E-01  7.01181E-01
  5.01953E-01  6.88332E-01
  5.05859E-01  6.75815E-01
  5.09766E-01  6.63612E-01
  5.13672E-01  6.51702E-01
  5.17578E-01  6.40076E-01
  5.21484E-01  6.28724E-01
  5.25391E-01  6.17644E-01
  5.29297E-01  6.06827E-01
  5.33203E-01  5.96262E-01
  5.37109E-01  5.85940E-01
  5.41016E-01  5.75858E-01
  5.44922E-01  5.66007E-01
  5.48828E-01  5.56382E-01
  5.52734E-01  5.46978E-01
  5.56641E-01  5.37785E-01
  5.60547E-01  5.28796E-01
  5.64453E-01  5.20009E-01
  5.68359E-01  5.11416E-01
  5.72266E-01  5.03013E-01
  5.76172E-01  4.94792E-01
  5.80078E-01  4.86753E-01
  5.83984E-01  4.78888E-01
  5.87891E-01  4.71188E-01
  5.91797E-01  4.63656E-01
  5.95703E-01  4.56283E-01
  5.99609E-01  4.49068E-01
  6.03516E-01  4.42003E-01
  6.07422E-01  4.35087E-01
  6.11328E-01  4.28314E-01
  6.15234E-01  4.21681E-01
  6.19141E-01  4.15186E-01
  6.23047E-01  4.08823E-01
  6.26953E-01  4.02592E-01
  6.30859E-01  3.96487E-01
  6.34766E-01  3.90506E-01
  6.38672E-01  3.84637E-01
  6.42578E-01  3.78889E-01
  6.46484E-01  3.73252E-01
  6.50391E-01  3.67734E-01
  6.54297E-01  3.62322E-01
  6.58203E-01  3.57021E-01
  6.62109E-01  3.51813E-01
  6.66016E-01  3.46712E-01
  6.69922E-01  3.41708E-01
  6.73828E-01  3.36798E-01
  6.77734E-01  3.31983E-01
  6.81641E-01  3.27260E-01
  6.85547E-01  3.22629E-01
  6.89453E-01  3.18085E-01
  6.93359E-01  3.13621E-01
  6.97266E-01  3.09241E-01
  7.01172E-01  3.04944E-01
  7.05078E-01  3.00727E-01
  7.08984E-01  2.96588E-01
  7.12891E-01  2.92523E-01
  7.16797E-01  2.88533E-01
  7.20703E-01  2.84615E-01
  7.24609E-01  2.80766E-01
  7.28516E-01  2.76987E-01
  7.32422E-01  2.73277E-01
  7.36328E-01  2.69631E-01
  7.40234E-01  2.66052E-01
  7.44141E-01  2.62536E-01
  7.48047E-01  2.59081E-01
  7.51953E-01  2.55687E-01
  7.55859E-01  2.52351E-01
  7.59766E-01  2.49075E-01
  7.63672E-01  2.45850E-01
  7.67578E-01  2.42685E-01
  7.71484E-01  2.39574E-01
  7.75391E-01  2.36517E-01
  7.79297E-01  2.33508E-01
  7.83203E-01  2.30553E-01
  7.87109E-01  2.27645E-01
  7.91016E-01  2.24788E-01
  7.94922E-01  2.21978E-01
  7.98828E-01  2.19215E-01
  8.02734E-01  2.16498E-01
  8.06641E-01  2.13824E-01
  8.10547E-01  2.11195E-01
  8.14453E-01  2.08608E-01
  8.18359E-01  2.06065E-01
  8.22266E-01  2.03559E-01
  8.26172E-01  2.01098E-01
  8.30078E-01  1.98674E-01
  8.33984E-01  1.96293E-01
  8.37891E-01  1.93949E-01
  8.41797E-01  1.91634E-01
  8.45703E-01  1.89362E-01
  8.49609E-01  1.87133E-01
  8.53516E-01  1.84930E-01
  8.57422E-01  1.82758E-01
  8.61328E-01  1.80630E-01
  8.65234E-01  1.78536E-01
  8.69141E-01  1.76465E-01
  8.73047E-01  1.74426E-01
  8.76953E-01  1.72430E-01
  8.80859E-01  1.70457E-01
  8.84766E-01  1.68510E-01
  8.88672E-01  1.66600E-01
  8.92578E-01  1.64722E-01
  8.96484E-01  1.62864E-01
  9.00391E-01  1.61037E-01
  9.04297E-01  1.59243E-01
  9.08203E-01  1.57475E-01
  9.12109E-01  1.55725E-01
  9.16016E-01  1.54011E-01
  9.19922E-01  1.52326E-01
  9.23828E-01  1.50658E-01
  9.27734E-01  1.49016E-01
  9.31641E-01  1.47411E-01
  9.35547E-01  1.45821E-01
  9.39453E-01  1.44256E-01
  9.43359E-01  1.42719E-01
  9.47266E-01  1.41208E-01
  9.51172E-01  1.39715E-01
  9.55078E-01  1.38251E-01
  9.58984E-01  1.36818E-01
  9.62891E-01  1.35401E-01
  9.66797E-01  1.34012E-01
  9.70703E-01  1.32656E-01
  9.74609E-01  1.31317E-01
  9.78516E-01  1.30001E-01
  9.82422E-01  1.28723E-01
  9.86328E-01  1.27470E-01
  9.90234E-01  1.26249E-01
  9.94141E-01  1.25180E-01
  9.98047E-01  1.24688E-01
  1.00195E+00  1.24688E-01
