 -1.95312E-03  8.94322E+00
  1.95312E-03  8.94323E+00
  5.85938E-03  8.94208E+00
  9.76562E-03  8.94025E+00
  1.36719E-02  8.93771E+00
  1.75781E-02  8.93443E+00
  2.14844E-02  8.93043E+00
  2.53906E-02  8.92571E+00
  2.92969E-02  8.92027E+00
  3.32031E-02  8.91411E+00
  3.71094E-02  8.90724E+00
  4.10156E-02  8.89965E+00
  4.49219E-02  8.89136E+00
  4.88281E-02  8.88236E+00
  5.27344E-02  8.87266E+00
  5.66406E-02  8.86225E+00
  6.05469E-02  8.85113E+00
  6.44531E-02  8.83932E+00
  6.83594E-02  8.82679E+00
  7.22656E-02  8.81357E+00
  7.61719E-02  8.79964E+00
  8.00781E-02  8.78501E+00
  8.39844E-02  8.76967E+00
  8.78906E-02  8.75362E+00
  9.17969E-02  8.73687E+00
  9.57031E-02  8.71941E+00
  9.96094E-02  8.70123E+00
  1.03516E-01  8.68235E+00
  1.07422E-01  8.66275E+00
  1.11328E-01  8.64242E+00
  1.15234E-01  8.62137E+00
  1.19141E-01  8.59960E+00
  1.23047E-01  8.57709E+00
  1.26953E-01  8.55384E+00
  1.30859E-01  8.52984E+00
  1.34766E-01  8.50510E+00
  1.38672E-01  8.47961E+00
  1.42578E-01  8.45335E+00
  1.46484E-01  8.42633E+00
  1.50391E-01  8.39853E+00
  1.54297E-01  8.36995E+00
  1.58203E-01  8.34057E+00
  1.62109E-01  8.31039E+00
  1.66016E-01  8.27939E+00
  1.69922E-01  8.24758E+00
  1.73828E-01  8.21493E+00
  1.77734E-01  8.18142E+00
  1.81641E-01  8.14706E+00
  1.85547E-01  8.11182E+00
  1.89453E-01  8.07570E+00
  1.93359E-01  8.03867E+00
  1.97266E-01  8.00073E+00
  2.01172E-01  7.96185E+00
  2.05078E-01  7.92202E+00
  2.08984E-01  7.88122E+00
  2.12891E-01  7.83942E+00
  2.16797E-01  7.79660E+00
  2.20703E-01  7.75275E+00
  2.24609E-01  7.70782E+00
  2.28516E-01  7.66181E+00
  2.32422E-01  7.61467E+00
  2.36328E-01  7.56638E+00
  2.40234E-01  7.51690E+00
  2.44141E-01  7.46620E+00
  2.48047E-01  7.41424E+00
  2.51953E-01  7.36098E+00
  2.55859E-01  7.30639E+00
  2.59766E-01  7.25040E+00
  2.63672E-01  7.19298E+00
  2.67578E-01  7.13407E+00
  2.71484E-01  7.07361E+00
  2.75391E-01  7.01153E+00
  2.79297E-01  6.94777E+00
  2.83203E-01  6.88225E+00
  2.87109E-01  6.81488E+00
  2.91016E-01  6.74558E+00
  2.94922E-01  6.67425E+00
  2.98828E-01  6.60077E+00
  3.02734E-01  6.52503E+00
  3.06641E-01  6.44689E+00
  3.10547E-01  6.36621E+00
  3.14453E-01  6.28281E+00
  3.18359E-01  6.19652E+00
  3.22266E-01  6.10711E+00
  3.26172E-01  6.01434E+00
  3.30078E-01  5.91793E+00
  3.33984E-01  5.81755E+00
  3.37891E-01  5.71284E+00
  3.41797E-01  5.60334E+00
  3.45703E-01  5.48851E+00
  3.49609E-01  5.36730E+00
  3.53516E-01  5.23114E+00
  3.57422E-01  4.94336E+00
  3.61328E-01  4.12543E-01
  3.65234E-01  3.65635E-01
  3.69141E-01  3.57097E-01
  3.73047E-01  3.46348E-01
  3.76953E-01  3.36387E-01
  3.80859E-01  3.26474E-01
  3.84766E-01  3.17267E-01
  3.88672E-01  3.08081E-01
  3.92578E-01  2.99561E-01
  3.96484E-01  2.91051E-01
  4.00391E-01  2.83149E-01
  4.04297E-01  2.75250E-01
  4.08203E-01  2.67924E-01
  4.12109E-01  2.60590E-01
  4.16016E-01  2.53764E-01
  4.19922E-01  2.46943E-01
  4.23828E-01  2.40592E-01
  4.27734E-01  2.34238E-01
  4.31641E-01  2.28315E-01
  4.35547E-01  2.22390E-01
  4.39453E-01  2.16863E-01
  4.43359E-01  2.11333E-01
  4.47266E-01  2.06162E-01
  4.51172E-01  2.00987E-01
  4.55078E-01  1.96150E-01
  4.58984E-01  1.91306E-01
  4.62891E-01  1.86774E-01
  4.66797E-01  1.82258E-01
  4.70703E-01  1.78017E-01
  4.74609E-01  1.73767E-01
  4.78516E-01  1.69768E-01
  4.82422E-01  1.65778E-01
  4.86328E-01  1.62033E-01
  4.90234E-01  1.58285E-01
  4.94141E-01  1.54764E-01
  4.98047E-01  1.51251E-01
  5.01953E-01  1.47892E-01
  5.05859E-01  1.44645E-01
  5.09766E-01  1.41441E-01
  5.13672E-01  1.38396E-01
  5.17578E-01  1.35387E-01
  5.21484E-01  1.32503E-01
  5.25391E-01  1.29636E-01
  5.29297E-01  1.26924E-01
  5.33203E-01  1.24201E-01
  5.37109E-01  1.21615E-01
  5.41016E-01  1.19076E-01
  5.44922E-01  1.16683E-01
  5.48828E-01  1.14280E-01
  5.52734E-01  1.11949E-01
  5.56641E-01  1.09683E-01
  5.60547E-01  1.07456E-01
  5.64453E-01  1.05254E-01
  5.68359E-01  1.03165E-01
  5.72266E-01  1.01172E-01
  5.76172E-01  9.92320E-02
  5.80078E-01  9.73286E-02
  5.83984E-01  9.54544E-02
  5.87891E-01  9.36245E-02
  5.91797E-01  9.18384E-02
  5.95703E-01  9.01136E-02
  5.99609E-01  8.84246E-02
  6.03516E-01  8.67609E-02
  6.07422E-01  8.51315E-02
  6.11328E-01  8.35816E-02
  6.15234E-01  8.20844E-02
  6.19141E-01  8.06016E-02
  6.23047E-01  7.91277E-02
  6.26953E-01  7.77025E-02
  6.30859E-01  7.63342E-02
  6.34766E-01  7.49889E-02
  6.38672E-01  7.36508E-02
  6.42578E-01  7.23416E-02
  6.46484E-01  7.10778E-02
  6.50391E-01  6.98541E-02
  6.54297E-01  6.86485E-02
  6.58203E-01  6.74611E-02
  6.62109E-01  6.63034E-02
  6.66016E-01  6.51854E-02
  6.69922E-01  6.41058E-02
  6.73828E-01  6.30561E-02
  6.77734E-01  6.20097E-02
  6.81641E-01  6.09674E-02
  6.85547E-01  5.99457E-02
  6.89453E-01  5.89570E-02
  6.93359E-01  5.79895E-02
  6.97266E-01  5.70504E-02
  7.01172E-01  5.61322E-02
  7.05078E-01  5.52315E-02
  7.08984E-01  5.43468E-02
  7.12891E-01  5.34807E-02
  7.16797E-01  5.26331E-02
  7.20703E-01  5.18040E-02
  7.24609E-01  5.09993E-02
  7.28516E-01  5.02084E-02
  7.32422E-01  4.94294E-02
  7.36328E-01  4.86675E-02
  7.40234E-01  4.79092E-02
  7.44141E-01  4.71622E-02
  7.48047E-01  4.64405E-02
  7.51953E-01  4.57339E-02
  7.55859E-01  4.50467E-02
  7.59766E-01  4.43733E-02
  7.63672E-01  4.37205E-02
  7.67578E-01  4.30793E-02
  7.71484E-01  4.24504E-02
  7.75391E-01  4.18287E-02
  7.79297E-01  4.12244E-02
  7.83203E-01  4.06273E-02
  7.87109E-01  4.00430E-02
  7.91016E-01  3.94706E-02
  7.94922E-01  3.89101E-02
  7.98828E-01  3.83595E-02
  8.02734E-01  3.78207E-02
  8.06641E-01  3.72914E-02
  8.10547E-01  3.67702E-02
  8.14453E-01  3.62606E-02
  8.18359E-01  3.57568E-02
  8.22266E-01  3.52631E-02
  8.26172E-01  3.47824E-02
  8.30078E-01  3.43060E-02
  8.33984E-01  3.38396E-02
  8.37891E-01  3.33840E-02
  8.41797E-01  3.29360E-02
  8.45703E-01  3.24962E-02
  8.49609E-01  3.20627E-02
  8.53516E-01  3.16381E-02
  8.57422E-01  3.12193E-02
  8.61328E-01  3.08090E-02
  8.65234E-01  3.04057E-02
  8.69141E-01  3.00086E-02
  8.73047E-01  2.96202E-02
  8.76953E-01  2.92372E-02
  8.80859E-01  2.88624E-02
  8.84766E-01  2.84936E-02
  8.88672E-01  2.81311E-02
  8.92578E-01  2.77743E-02
  8.96484E-01  2.74249E-02
  9.00391E-01  2.70791E-02
  9.04297E-01  2.67396E-02
  9.08203E-01  2.64073E-02
  9.12109E-01  2.60789E-02
  9.16016E-01  2.57582E-02
  9.19922E-01  2.54411E-02
  9.23828E-01  2.51317E-02
  9.27734E-01  2.48256E-02
  9.31641E-01  2.45253E-02
  9.35547E-01  2.42307E-02
  9.39453E-01  2.39398E-02
  9.43359E-01  2.36531E-02
  9.47266E-01  2.33731E-02
  9.51172E-01  2.30965E-02
  9.55078E-01  2.28253E-02
  9.58984E-01  2.25584E-02
  9.62891E-01  2.22974E-02
  9.66797E-01  2.20430E-02
  9.70703E-01  2.17936E-02
  9.74609E-01  2.15507E-02
  9.78516E-01  2.13152E-02
  9.82422E-01  2.10874E-02
  9.86328E-01  2.08714E-02
  9.90234E-01  2.06708E-02
  9.94141E-01  2.05035E-02
  9.98047E-01  2.04238E-02
  1.00195E+00  2.04238E-02
