 -1.95312E-03  8.72346E+00
  1.95312E-03  8.72354E+00
  5.85938E-03  8.72236E+00
  9.76562E-03  8.72047E+00
  1.36719E-02  8.71782E+00
  1.75781E-02  8.71442E+00
  2.14844E-02  8.71025E+00
  2.53906E-02  8.70533E+00
  2.92969E-02  8.69966E+00
  3.32031E-02  8.69324E+00
  3.71094E-02  8.68608E+00
  4.10156E-02  8.67817E+00
  4.49219E-02  8.66952E+00
  4.88281E-02  8.66013E+00
  5.27344E-02  8.64999E+00
  5.66406E-02  8.63913E+00
  6.05469E-02  8.62752E+00
  6.44531E-02  8.61517E+00
  6.83594E-02  8.60209E+00
  7.22656E-02  8.58827E+00
  7.61719E-02  8.57371E+00
  8.00781E-02  8.55841E+00
  8.39844E-02  8.54237E+00
  8.78906E-02  8.52559E+00
  9.17969E-02  8.50807E+00
  9.57031E-02  8.48980E+00
  9.96094E-02  8.47077E+00
  1.03516E-01  8.45099E+00
  1.07422E-01  8.43046E+00
  1.11328E-01  8.40916E+00
  1.15234E-01  8.38709E+00
  1.19141E-01  8.36426E+00
  1.23047E-01  8.34065E+00
  1.26953E-01  8.31625E+00
  1.30859E-01  8.29106E+00
  1.34766E-01  8.26509E+00
  1.38672E-01  8.23831E+00
  1.42578E-01  8.21072E+00
  1.46484E-01  8.18231E+00
  1.50391E-01  8.15307E+00
  1.54297E-01  8.12300E+00
  1.58203E-01  8.09207E+00
  1.62109E-01  8.06028E+00
  1.66016E-01  8.02762E+00
  1.69922E-01  7.99408E+00
  1.73828E-01  7.95963E+00
  1.77734E-01  7.92428E+00
  1.81641E-01  7.88799E+00
  1.85547E-01  7.85076E+00
  1.89453E-01  7.81257E+00
  1.93359E-01  7.77340E+00
  1.97266E-01  7.73323E+00
  2.01172E-01  7.69204E+00
  2.05078E-01  7.64981E+00
  2.08984E-01  7.60651E+00
  2.12891E-01  7.56212E+00
  2.16797E-01  7.51661E+00
  2.20703E-01  7.46995E+00
  2.24609E-01  7.42211E+00
  2.28516E-01  7.37305E+00
  2.32422E-01  7.32275E+00
  2.36328E-01  7.27116E+00
  2.40234E-01  7.21825E+00
  2.44141E-01  7.16397E+00
  2.48047E-01  7.10828E+00
  2.51953E-01  7.05111E+00
  2.55859E-01  6.99243E+00
  2.59766E-01  6.93217E+00
  2.63672E-01  6.87026E+00
  2.67578E-01  6.80664E+00
  2.71484E-01  6.74122E+00
  2.75391E-01  6.67393E+00
  2.79297E-01  6.60467E+00
  2.83203E-01  6.53335E+00
  2.87109E-01  6.45984E+00
  2.91016E-01  6.38404E+00
  2.94922E-01  6.30581E+00
  2.98828E-01  6.22501E+00
  3.02734E-01  6.14145E+00
  3.06641E-01  6.05496E+00
  3.10547E-01  5.96531E+00
  3.14453E-01  5.87227E+00
  3.18359E-01  5.77556E+00
  3.22266E-01  5.67484E+00
  3.26172E-01  5.56975E+00
  3.30078E-01  5.45984E+00
  3.33984E-01  5.34459E+00
  3.37891E-01  5.22335E+00
  3.41797E-01  5.09534E+00
  3.45703E-01  4.95951E+00
  3.49609E-01  4.81355E+00
  3.53516E-01  4.64111E+00
  3.57422E-01  4.27131E+00
  3.61328E-01  7.38431E-01
  3.65234E-01  5.89537E-01
  3.69141E-01  5.73046E-01
  3.73047E-01  5.56422E-01
  3.76953E-01  5.40550E-01
  3.80859E-01  5.25534E-01
  3.84766E-01  5.10707E-01
  3.88672E-01  4.96811E-01
  3.92578E-01  4.83099E-01
  3.96484E-01  4.70150E-01
  4.00391E-01  4.57454E-01
  4.04297E-01  4.45407E-01
  4.08203E-01  4.33595E-01
  4.12109E-01  4.22375E-01
  4.16016E-01  4.11401E-01
  4.19922E-01  4.00894E-01
  4.23828E-01  3.90700E-01
  4.27734E-01  3.80862E-01
  4.31641E-01  3.71367E-01
  4.35547E-01  3.62165E-01
  4.39453E-01  3.53293E-01
  4.43359E-01  3.44682E-01
  4.47266E-01  3.36367E-01
  4.51172E-01  3.28310E-01
  4.55078E-01  3.20517E-01
  4.58984E-01  3.12953E-01
  4.62891E-01  3.05647E-01
  4.66797E-01  2.98555E-01
  4.70703E-01  2.91693E-01
  4.74609E-01  2.85017E-01
  4.78516E-01  2.78554E-01
  4.82422E-01  2.72298E-01
  4.86328E-01  2.66211E-01
  4.90234E-01  2.60305E-01
  4.94141E-01  2.54582E-01
  4.98047E-01  2.49029E-01
  5.01953E-01  2.43628E-01
  5.05859E-01  2.38383E-01
  5.09766E-01  2.33291E-01
  5.13672E-01  2.28345E-01
  5.17578E-01  2.23532E-01
  5.21484E-01  2.18851E-01
  5.25391E-01  2.14307E-01
  5.29297E-01  2.09888E-01
  5.33203E-01  2.05588E-01
  5.37109E-01  2.01403E-01
  5.41016E-01  1.97333E-01
  5.44922E-01  1.93371E-01
  5.48828E-01  1.89525E-01
  5.52734E-01  1.85767E-01
  5.56641E-01  1.82105E-01
  5.60547E-01  1.78549E-01
  5.64453E-01  1.75086E-01
  5.68359E-01  1.71690E-01
  5.72266E-01  1.68398E-01
  5.76172E-01  1.65200E-01
  5.80078E-01  1.62070E-01
  5.83984E-01  1.59012E-01
  5.87891E-01  1.56046E-01
  5.91797E-01  1.53152E-01
  5.95703E-01  1.50315E-01
  5.99609E-01  1.47558E-01
  6.03516E-01  1.44875E-01
  6.07422E-01  1.42241E-01
  6.11328E-01  1.39669E-01
  6.15234E-01  1.37169E-01
  6.19141E-01  1.34748E-01
  6.23047E-01  1.32352E-01
  6.26953E-01  1.30007E-01
  6.30859E-01  1.27751E-01
  6.34766E-01  1.25555E-01
  6.38672E-01  1.23372E-01
  6.42578E-01  1.21231E-01
  6.46484E-01  1.19165E-01
  6.50391E-01  1.17141E-01
  6.54297E-01  1.15159E-01
  6.58203E-01  1.13220E-01
  6.62109E-01  1.11340E-01
  6.66016E-01  1.09502E-01
  6.69922E-01  1.07678E-01
  6.73828E-01  1.05890E-01
  6.77734E-01  1.04153E-01
  6.81641E-01  1.02454E-01
  6.85547E-01  1.00802E-01
  6.89453E-01  9.91775E-02
  6.93359E-01  9.75889E-02
  6.97266E-01  9.60474E-02
  7.01172E-01  9.45414E-02
  7.05078E-01  9.30613E-02
  7.08984E-01  9.15993E-02
  7.12891E-01  9.01674E-02
  7.16797E-01  8.87747E-02
  7.20703E-01  8.74127E-02
  7.24609E-01  8.60770E-02
  7.28516E-01  8.47661E-02
  7.32422E-01  8.34723E-02
  7.36328E-01  8.22150E-02
  7.40234E-01  8.09874E-02
  7.44141E-01  7.97786E-02
  7.48047E-01  7.85937E-02
  7.51953E-01  7.74252E-02
  7.55859E-01  7.62815E-02
  7.59766E-01  7.51643E-02
  7.63672E-01  7.40692E-02
  7.67578E-01  7.29981E-02
  7.71484E-01  7.19385E-02
  7.75391E-01  7.09007E-02
  7.79297E-01  6.98861E-02
  7.83203E-01  6.88927E-02
  7.87109E-01  6.79210E-02
  7.91016E-01  6.69677E-02
  7.94922E-01  6.60272E-02
  7.98828E-01  6.51033E-02
  8.02734E-01  6.41989E-02
  8.06641E-01  6.33091E-02
  8.10547E-01  6.24436E-02
  8.14453E-01  6.15920E-02
  8.18359E-01  6.07525E-02
  8.22266E-01  5.99266E-02
  8.26172E-01  5.91160E-02
  8.30078E-01  5.83196E-02
  8.33984E-01  5.75383E-02
  8.37891E-01  5.67735E-02
  8.41797E-01  5.60245E-02
  8.45703E-01  5.52855E-02
  8.49609E-01  5.45590E-02
  8.53516E-01  5.38452E-02
  8.57422E-01  5.31430E-02
  8.61328E-01  5.24565E-02
  8.65234E-01  5.17798E-02
  8.69141E-01  5.11197E-02
  8.73047E-01  5.04682E-02
  8.76953E-01  4.98273E-02
  8.80859E-01  4.91958E-02
  8.84766E-01  4.85755E-02
  8.88672E-01  4.79655E-02
  8.92578E-01  4.73651E-02
  8.96484E-01  4.67746E-02
  9.00391E-01  4.61941E-02
  9.04297E-01  4.56244E-02
  9.08203E-01  4.50633E-02
  9.12109E-01  4.45100E-02
  9.16016E-01  4.39676E-02
  9.19922E-01  4.34331E-02
  9.23828E-01  4.29125E-02
  9.27734E-01  4.24000E-02
  9.31641E-01  4.18949E-02
  9.35547E-01  4.13981E-02
  9.39453E-01  4.09089E-02
  9.43359E-01  4.04275E-02
  9.47266E-01  3.99547E-02
  9.51172E-01  3.94920E-02
  9.55078E-01  3.90356E-02
  9.58984E-01  3.85872E-02
  9.62891E-01  3.81471E-02
  9.66797E-01  3.77127E-02
  9.70703E-01  3.72865E-02
  9.74609E-01  3.68688E-02
  9.78516E-01  3.64637E-02
  9.82422E-01  3.60715E-02
  9.86328E-01  3.56968E-02
  9.90234E-01  3.53465E-02
  9.94141E-01  3.50662E-02
  9.98047E-01  3.49361E-02
  1.00195E+00  3.49361E-02
