 -1.95312E-03  8.05364E+00
  1.95312E-03  8.05372E+00
  5.85938E-03  8.05244E+00
  9.76562E-03  8.05035E+00
  1.36719E-02  8.04741E+00
  1.75781E-02  8.04362E+00
  2.14844E-02  8.03897E+00
  2.53906E-02  8.03347E+00
  2.92969E-02  8.02713E+00
  3.32031E-02  8.01993E+00
  3.71094E-02  8.01190E+00
  4.10156E-02  8.00303E+00
  4.49219E-02  7.99331E+00
  4.88281E-02  7.98277E+00
  5.27344E-02  7.97138E+00
  5.66406E-02  7.95916E+00
  6.05469E-02  7.94611E+00
  6.44531E-02  7.93222E+00
  6.83594E-02  7.91749E+00
  7.22656E-02  7.90192E+00
  7.61719E-02  7.88551E+00
  8.00781E-02  7.86826E+00
  8.39844E-02  7.85016E+00
  8.78906E-02  7.83122E+00
  9.17969E-02  7.81142E+00
  9.57031E-02  7.79076E+00
  9.96094E-02  7.76924E+00
  1.03516E-01  7.74685E+00
  1.07422E-01  7.72359E+00
  1.11328E-01  7.69944E+00
  1.15234E-01  7.67440E+00
  1.19141E-01  7.64847E+00
  1.23047E-01  7.62163E+00
  1.26953E-01  7.59387E+00
  1.30859E-01  7.56518E+00
  1.34766E-01  7.53556E+00
  1.38672E-01  7.50499E+00
  1.42578E-01  7.47346E+00
  1.46484E-01  7.44095E+00
  1.50391E-01  7.40745E+00
  1.54297E-01  7.37294E+00
  1.58203E-01  7.33742E+00
  1.62109E-01  7.30085E+00
  1.66016E-01  7.26322E+00
  1.69922E-01  7.22451E+00
  1.73828E-01  7.18470E+00
  1.77734E-01  7.14376E+00
  1.81641E-01  7.10167E+00
  1.85547E-01  7.05840E+00
  1.89453E-01  7.01393E+00
  1.93359E-01  6.96822E+00
  1.97266E-01  6.92125E+00
  2.01172E-01  6.87296E+00
  2.05078E-01  6.82334E+00
  2.08984E-01  6.77233E+00
  2.12891E-01  6.71989E+00
  2.16797E-01  6.66598E+00
  2.20703E-01  6.61055E+00
  2.24609E-01  6.55354E+00
  2.28516E-01  6.49488E+00
  2.32422E-01  6.43453E+00
  2.36328E-01  6.37240E+00
  2.40234E-01  6.30843E+00
  2.44141E-01  6.24252E+00
  2.48047E-01  6.17459E+00
  2.51953E-01  6.10454E+00
  2.55859E-01  6.03225E+00
  2.59766E-01  5.95762E+00
  2.63672E-01  5.88051E+00
  2.67578E-01  5.80076E+00
  2.71484E-01  5.71822E+00
  2.75391E-01  5.63270E+00
  2.79297E-01  5.54398E+00
  2.83203E-01  5.45183E+00
  2.87109E-01  5.35598E+00
  2.91016E-01  5.25611E+00
  2.94922E-01  5.15187E+00
  2.98828E-01  5.04283E+00
  3.02734E-01  4.92849E+00
  3.06641E-01  4.80825E+00
  3.10547E-01  4.68139E+00
  3.14453E-01  4.54701E+00
  3.18359E-01  4.40398E+00
  3.22266E-01  4.25083E+00
  3.26172E-01  4.08554E+00
  3.30078E-01  3.90487E+00
  3.33984E-01  3.70095E+00
  3.37891E-01  3.44473E+00
  3.41797E-01  3.03851E+00
  3.45703E-01  2.38427E+00
  3.49609E-01  1.73965E+00
  3.53516E-01  1.44128E+00
  3.57422E-01  1.32701E+00
  3.61328E-01  1.27680E+00
  3.65234E-01  1.24156E+00
  3.69141E-01  1.20870E+00
  3.73047E-01  1.17721E+00
  3.76953E-01  1.14698E+00
  3.80859E-01  1.11793E+00
  3.84766E-01  1.08994E+00
  3.88672E-01  1.06299E+00
  3.92578E-01  1.03694E+00
  3.96484E-01  1.01184E+00
  4.00391E-01  9.87540E-01
  4.04297E-01  9.63975E-01
  4.08203E-01  9.41234E-01
  4.12109E-01  9.19307E-01
  4.16016E-01  8.98042E-01
  4.19922E-01  8.77438E-01
  4.23828E-01  8.57514E-01
  4.27734E-01  8.38241E-01
  4.31641E-01  8.19569E-01
  4.35547E-01  8.01462E-01
  4.39453E-01  7.83989E-01
  4.43359E-01  7.67122E-01
  4.47266E-01  7.50676E-01
  4.51172E-01  7.34659E-01
  4.55078E-01  7.19143E-01
  4.58984E-01  7.04107E-01
  4.62891E-01  6.89474E-01
  4.66797E-01  6.75222E-01
  4.70703E-01  6.61376E-01
  4.74609E-01  6.47922E-01
  4.78516E-01  6.34835E-01
  4.82422E-01  6.22096E-01
  4.86328E-01  6.09700E-01
  4.90234E-01  5.97636E-01
  4.94141E-01  5.85894E-01
  4.98047E-01  5.74460E-01
  5.01953E-01  5.63322E-01
  5.05859E-01  5.52476E-01
  5.09766E-01  5.41906E-01
  5.13672E-01  5.31607E-01
  5.17578E-01  5.21569E-01
  5.21484E-01  5.11782E-01
  5.25391E-01  5.02242E-01
  5.29297E-01  4.92939E-01
  5.33203E-01  4.83866E-01
  5.37109E-01  4.75013E-01
  5.41016E-01  4.66379E-01
  5.44922E-01  4.57953E-01
  5.48828E-01  4.49729E-01
  5.52734E-01  4.41703E-01
  5.56641E-01  4.33867E-01
  5.60547E-01  4.26216E-01
  5.64453E-01  4.18743E-01
  5.68359E-01  4.11446E-01
  5.72266E-01  4.04316E-01
  5.76172E-01  3.97348E-01
  5.80078E-01  3.90543E-01
  5.83984E-01  3.83894E-01
  5.87891E-01  3.77394E-01
  5.91797E-01  3.71049E-01
  5.95703E-01  3.64837E-01
  5.99609E-01  3.58760E-01
  6.03516E-01  3.52826E-01
  6.07422E-01  3.47021E-01
  6.11328E-01  3.41338E-01
  6.15234E-01  3.35779E-01
  6.19141E-01  3.30340E-01
  6.23047E-01  3.25023E-01
  6.26953E-01  3.19820E-01
  6.30859E-01  3.14722E-01
  6.34766E-01  3.09735E-01
  6.38672E-01  3.04854E-01
  6.42578E-01  3.00071E-01
  6.46484E-01  2.95390E-01
  6.50391E-01  2.90806E-01
  6.54297E-01  2.86315E-01
  6.58203E-01  2.81921E-01
  6.62109E-01  2.77619E-01
  6.66016E-01  2.73395E-01
  6.69922E-01  2.69259E-01
  6.73828E-01  2.65205E-01
  6.77734E-01  2.61236E-01
  6.81641E-01  2.57346E-01
  6.85547E-01  2.53529E-01
  6.89453E-01  2.49792E-01
  6.93359E-01  2.46125E-01
  6.97266E-01  2.42531E-01
  7.01172E-01  2.39005E-01
  7.05078E-01  2.35549E-01
  7.08984E-01  2.32156E-01
  7.12891E-01  2.28831E-01
  7.16797E-01  2.25566E-01
  7.20703E-01  2.22366E-01
  7.24609E-01  2.19225E-01
  7.28516E-01  2.16145E-01
  7.32422E-01  2.13121E-01
  7.36328E-01  2.10152E-01
  7.40234E-01  2.07238E-01
  7.44141E-01  2.04380E-01
  7.48047E-01  2.01569E-01
  7.51953E-01  1.98817E-01
  7.55859E-01  1.96111E-01
  7.59766E-01  1.93449E-01
  7.63672E-01  1.90845E-01
  7.67578E-01  1.88288E-01
  7.71484E-01  1.85765E-01
  7.75391E-01  1.83287E-01
  7.79297E-01  1.80864E-01
  7.83203E-01  1.78481E-01
  7.87109E-01  1.76132E-01
  7.91016E-01  1.73825E-01
  7.94922E-01  1.71569E-01
  7.98828E-01  1.69349E-01
  8.02734E-01  1.67157E-01
  8.06641E-01  1.65009E-01
  8.10547E-01  1.62903E-01
  8.14453E-01  1.60830E-01
  8.18359E-01  1.58783E-01
  8.22266E-01  1.56777E-01
  8.26172E-01  1.54810E-01
  8.30078E-01  1.52874E-01
  8.33984E-01  1.50961E-01
  8.37891E-01  1.49085E-01
  8.41797E-01  1.47246E-01
  8.45703E-01  1.45436E-01
  8.49609E-01  1.43648E-01
  8.53516E-01  1.41895E-01
  8.57422E-01  1.40174E-01
  8.61328E-01  1.38477E-01
  8.65234E-01  1.36802E-01
  8.69141E-01  1.35154E-01
  8.73047E-01  1.33544E-01
  8.76953E-01  1.31959E-01
  8.80859E-01  1.30391E-01
  8.84766E-01  1.28847E-01
  8.88672E-01  1.27341E-01
  8.92578E-01  1.25851E-01
  8.96484E-01  1.24380E-01
  9.00391E-01  1.22933E-01
  9.04297E-01  1.21518E-01
  9.08203E-01  1.20124E-01
  9.12109E-01  1.18745E-01
  9.16016E-01  1.17390E-01
  9.19922E-01  1.16064E-01
  9.23828E-01  1.14755E-01
  9.27734E-01  1.13460E-01
  9.31641E-01  1.12188E-01
  9.35547E-01  1.10941E-01
  9.39453E-01  1.09714E-01
  9.43359E-01  1.08505E-01
  9.47266E-01  1.07320E-01
  9.51172E-01  1.06155E-01
  9.55078E-01  1.05009E-01
  9.58984E-01  1.03878E-01
  9.62891E-01  1.02768E-01
  9.66797E-01  1.01683E-01
  9.70703E-01  1.00607E-01
  9.74609E-01  9.95502E-02
  9.78516E-01  9.85205E-02
  9.82422E-01  9.75146E-02
  9.86328E-01  9.65237E-02
  9.90234E-01  9.55676E-02
  9.94141E-01  9.47617E-02
  9.98047E-01  9.43933E-02
  1.00195E+00  9.43933E-02
