 -1.95312E-03  8.39645E+00
  1.95312E-03  8.39653E+00
  5.85938E-03  8.39530E+00
  9.76562E-03  8.39332E+00
  1.36719E-02  8.39053E+00
  1.75781E-02  8.38693E+00
  2.14844E-02  8.38253E+00
  2.53906E-02  8.37733E+00
  2.92969E-02  8.37133E+00
  3.32031E-02  8.36453E+00
  3.71094E-02  8.35694E+00
  4.10156E-02  8.34856E+00
  4.49219E-02  8.33939E+00
  4.88281E-02  8.32943E+00
  5.27344E-02  8.31869E+00
  5.66406E-02  8.30715E+00
  6.05469E-02  8.29483E+00
  6.44531E-02  8.28172E+00
  6.83594E-02  8.26783E+00
  7.22656E-02  8.25315E+00
  7.61719E-02  8.23769E+00
  8.00781E-02  8.22143E+00
  8.39844E-02  8.20438E+00
  8.78906E-02  8.18654E+00
  9.17969E-02  8.16789E+00
  9.57031E-02  8.14844E+00
  9.96094E-02  8.12819E+00
  1.03516E-01  8.10713E+00
  1.07422E-01  8.08525E+00
  1.11328E-01  8.06256E+00
  1.15234E-01  8.03903E+00
  1.19141E-01  8.01467E+00
  1.23047E-01  7.98946E+00
  1.26953E-01  7.96340E+00
  1.30859E-01  7.93649E+00
  1.34766E-01  7.90871E+00
  1.38672E-01  7.88005E+00
  1.42578E-01  7.85051E+00
  1.46484E-01  7.82007E+00
  1.50391E-01  7.78872E+00
  1.54297E-01  7.75644E+00
  1.58203E-01  7.72323E+00
  1.62109E-01  7.68907E+00
  1.66016E-01  7.65394E+00
  1.69922E-01  7.61782E+00
  1.73828E-01  7.58070E+00
  1.77734E-01  7.54256E+00
  1.81641E-01  7.50338E+00
  1.85547E-01  7.46313E+00
  1.89453E-01  7.42180E+00
  1.93359E-01  7.37936E+00
  1.97266E-01  7.33578E+00
  2.01172E-01  7.29104E+00
  2.05078E-01  7.24510E+00
  2.08984E-01  7.19793E+00
  2.12891E-01  7.14950E+00
  2.16797E-01  7.09976E+00
  2.20703E-01  7.04869E+00
  2.24609E-01  6.99623E+00
  2.28516E-01  6.94234E+00
  2.32422E-01  6.88697E+00
  2.36328E-01  6.83007E+00
  2.40234E-01  6.77157E+00
  2.44141E-01  6.71142E+00
  2.48047E-01  6.64955E+00
  2.51953E-01  6.58588E+00
  2.55859E-01  6.52032E+00
  2.59766E-01  6.45279E+00
  2.63672E-01  6.38319E+00
  2.67578E-01  6.31141E+00
  2.71484E-01  6.23732E+00
  2.75391E-01  6.16081E+00
  2.79297E-01  6.08172E+00
  2.83203E-01  5.99989E+00
  2.87109E-01  5.91512E+00
  2.91016E-01  5.82721E+00
  2.94922E-01  5.73591E+00
  2.98828E-01  5.64096E+00
  3.02734E-01  5.54203E+00
  3.06641E-01  5.43876E+00
  3.10547E-01  5.33071E+00
  3.14453E-01  5.21735E+00
  3.18359E-01  5.09808E+00
  3.22266E-01  4.97211E+00
  3.26172E-01  4.83851E+00
  3.30078E-01  4.69605E+00
  3.33984E-01  4.54311E+00
  3.37891E-01  4.37734E+00
  3.41797E-01  4.19369E+00
  3.45703E-01  3.97100E+00
  3.49609E-01  3.59904E+00
  3.53516E-01  2.81018E+00
  3.57422E-01  1.28216E+00
  3.61328E-01  9.97915E-01
  3.65234E-01  9.43726E-01
  3.69141E-01  9.20832E-01
  3.73047E-01  8.95825E-01
  3.76953E-01  8.71503E-01
  3.80859E-01  8.48230E-01
  3.84766E-01  8.25774E-01
  3.88672E-01  8.04307E-01
  3.92578E-01  7.83595E-01
  3.96484E-01  7.63545E-01
  4.00391E-01  7.44218E-01
  4.04297E-01  7.25588E-01
  4.08203E-01  7.07565E-01
  4.12109E-01  6.90144E-01
  4.16016E-01  6.73314E-01
  4.19922E-01  6.57036E-01
  4.23828E-01  6.41281E-01
  4.27734E-01  6.26041E-01
  4.31641E-01  6.11292E-01
  4.35547E-01  5.97004E-01
  4.39453E-01  5.83166E-01
  4.43359E-01  5.69761E-01
  4.47266E-01  5.56766E-01
  4.51172E-01  5.44166E-01
  4.55078E-01  5.31945E-01
  4.58984E-01  5.20099E-01
  4.62891E-01  5.08598E-01
  4.66797E-01  4.97442E-01
  4.70703E-01  4.86610E-01
  4.74609E-01  4.76091E-01
  4.78516E-01  4.65877E-01
  4.82422E-01  4.55954E-01
  4.86328E-01  4.46312E-01
  4.90234E-01  4.36943E-01
  4.94141E-01  4.27838E-01
  4.98047E-01  4.18985E-01
  5.01953E-01  4.10376E-01
  5.05859E-01  4.02004E-01
  5.09766E-01  3.93857E-01
  5.13672E-01  3.85926E-01
  5.17578E-01  3.78206E-01
  5.21484E-01  3.70701E-01
  5.25391E-01  3.63385E-01
  5.29297E-01  3.56263E-01
  5.33203E-01  3.49331E-01
  5.37109E-01  3.42572E-01
  5.41016E-01  3.35993E-01
  5.44922E-01  3.29579E-01
  5.48828E-01  3.23324E-01
  5.52734E-01  3.17234E-01
  5.56641E-01  3.11288E-01
  5.60547E-01  3.05495E-01
  5.64453E-01  2.99840E-01
  5.68359E-01  2.94329E-01
  5.72266E-01  2.88956E-01
  5.76172E-01  2.83707E-01
  5.80078E-01  2.78588E-01
  5.83984E-01  2.73588E-01
  5.87891E-01  2.68709E-01
  5.91797E-01  2.63948E-01
  5.95703E-01  2.59297E-01
  5.99609E-01  2.54755E-01
  6.03516E-01  2.50316E-01
  6.07422E-01  2.45984E-01
  6.11328E-01  2.41750E-01
  6.15234E-01  2.37610E-01
  6.19141E-01  2.33563E-01
  6.23047E-01  2.29610E-01
  6.26953E-01  2.25745E-01
  6.30859E-01  2.21970E-01
  6.34766E-01  2.18276E-01
  6.38672E-01  2.14664E-01
  6.42578E-01  2.11129E-01
  6.46484E-01  2.07669E-01
  6.50391E-01  2.04297E-01
  6.54297E-01  2.00985E-01
  6.58203E-01  1.97752E-01
  6.62109E-01  1.94580E-01
  6.66016E-01  1.91473E-01
  6.69922E-01  1.88449E-01
  6.73828E-01  1.85482E-01
  6.77734E-01  1.82563E-01
  6.81641E-01  1.79710E-01
  6.85547E-01  1.76931E-01
  6.89453E-01  1.74205E-01
  6.93359E-01  1.71521E-01
  6.97266E-01  1.68895E-01
  7.01172E-01  1.66335E-01
  7.05078E-01  1.63821E-01
  7.08984E-01  1.61347E-01
  7.12891E-01  1.58927E-01
  7.16797E-01  1.56568E-01
  7.20703E-01  1.54250E-01
  7.24609E-01  1.51966E-01
  7.28516E-01  1.49730E-01
  7.32422E-01  1.47551E-01
  7.36328E-01  1.45411E-01
  7.40234E-01  1.43307E-01
  7.44141E-01  1.41237E-01
  7.48047E-01  1.39218E-01
  7.51953E-01  1.37231E-01
  7.55859E-01  1.35277E-01
  7.59766E-01  1.33365E-01
  7.63672E-01  1.31494E-01
  7.67578E-01  1.29660E-01
  7.71484E-01  1.27856E-01
  7.75391E-01  1.26079E-01
  7.79297E-01  1.24337E-01
  7.83203E-01  1.22634E-01
  7.87109E-01  1.20961E-01
  7.91016E-01  1.19310E-01
  7.94922E-01  1.17690E-01
  7.98828E-01  1.16105E-01
  8.02734E-01  1.14554E-01
  8.06641E-01  1.13024E-01
  8.10547E-01  1.11513E-01
  8.14453E-01  1.10034E-01
  8.18359E-01  1.08586E-01
  8.22266E-01  1.07162E-01
  8.26172E-01  1.05760E-01
  8.30078E-01  1.04383E-01
  8.33984E-01  1.03033E-01
  8.37891E-01  1.01713E-01
  8.41797E-01  1.00416E-01
  8.45703E-01  9.91287E-02
  8.49609E-01  9.78620E-02
  8.53516E-01  9.66275E-02
  8.57422E-01  9.54136E-02
  8.61328E-01  9.42178E-02
  8.65234E-01  9.30336E-02
  8.69141E-01  9.18787E-02
  8.73047E-01  9.07457E-02
  8.76953E-01  8.96334E-02
  8.80859E-01  8.85343E-02
  8.84766E-01  8.74454E-02
  8.88672E-01  8.63765E-02
  8.92578E-01  8.53317E-02
  8.96484E-01  8.43104E-02
  9.00391E-01  8.33039E-02
  9.04297E-01  8.23082E-02
  9.08203E-01  8.13252E-02
  9.12109E-01  8.03589E-02
  9.16016E-01  7.94126E-02
  9.19922E-01  7.84851E-02
  9.23828E-01  7.75680E-02
  9.27734E-01  7.66655E-02
  9.31641E-01  7.57804E-02
  9.35547E-01  7.49109E-02
  9.39453E-01  7.40566E-02
  9.43359E-01  7.32115E-02
  9.47266E-01  7.23821E-02
  9.51172E-01  7.15668E-02
  9.55078E-01  7.07661E-02
  9.58984E-01  6.99769E-02
  9.62891E-01  6.92006E-02
  9.66797E-01  6.84366E-02
  9.70703E-01  6.76901E-02
  9.74609E-01  6.69585E-02
  9.78516E-01  6.62372E-02
  9.82422E-01  6.55296E-02
  9.86328E-01  6.48445E-02
  9.90234E-01  6.41986E-02
  9.94141E-01  6.36733E-02
  9.98047E-01  6.34290E-02
  1.00195E+00  6.34290E-02
