 -1.95312E-03  8.13364E+00
  1.95312E-03  8.13367E+00
  5.85938E-03  8.13240E+00
  9.76562E-03  8.13034E+00
  1.36719E-02  8.12743E+00
  1.75781E-02  8.12368E+00
  2.14844E-02  8.11910E+00
  2.53906E-02  8.11367E+00
  2.92969E-02  8.10741E+00
  3.32031E-02  8.10031E+00
  3.71094E-02  8.09239E+00
  4.10156E-02  8.08364E+00
  4.49219E-02  8.07406E+00
  4.88281E-02  8.06366E+00
  5.27344E-02  8.05244E+00
  5.66406E-02  8.04039E+00
  6.05469E-02  8.02752E+00
  6.44531E-02  8.01383E+00
  6.83594E-02  7.99931E+00
  7.22656E-02  7.98397E+00
  7.61719E-02  7.96780E+00
  8.00781E-02  7.95080E+00
  8.39844E-02  7.93297E+00
  8.78906E-02  7.91430E+00
  9.17969E-02  7.89479E+00
  9.57031E-02  7.87444E+00
  9.96094E-02  7.85324E+00
  1.03516E-01  7.83118E+00
  1.07422E-01  7.80826E+00
  1.11328E-01  7.78448E+00
  1.15234E-01  7.75982E+00
  1.19141E-01  7.73429E+00
  1.23047E-01  7.70786E+00
  1.26953E-01  7.68053E+00
  1.30859E-01  7.65230E+00
  1.34766E-01  7.62315E+00
  1.38672E-01  7.59306E+00
  1.42578E-01  7.56204E+00
  1.46484E-01  7.53006E+00
  1.50391E-01  7.49710E+00
  1.54297E-01  7.46316E+00
  1.58203E-01  7.42822E+00
  1.62109E-01  7.39227E+00
  1.66016E-01  7.35527E+00
  1.69922E-01  7.31722E+00
  1.73828E-01  7.27809E+00
  1.77734E-01  7.23786E+00
  1.81641E-01  7.19651E+00
  1.85547E-01  7.15401E+00
  1.89453E-01  7.11034E+00
  1.93359E-01  7.06546E+00
  1.97266E-01  7.01934E+00
  2.01172E-01  6.97196E+00
  2.05078E-01  6.92327E+00
  2.08984E-01  6.87323E+00
  2.12891E-01  6.82181E+00
  2.16797E-01  6.76895E+00
  2.20703E-01  6.71462E+00
  2.24609E-01  6.65876E+00
  2.28516E-01  6.60131E+00
  2.32422E-01  6.54222E+00
  2.36328E-01  6.48141E+00
  2.40234E-01  6.41881E+00
  2.44141E-01  6.35435E+00
  2.48047E-01  6.28794E+00
  2.51953E-01  6.21947E+00
  2.55859E-01  6.14886E+00
  2.59766E-01  6.07597E+00
  2.63672E-01  6.00070E+00
  2.67578E-01  5.92290E+00
  2.71484E-01  5.84241E+00
  2.75391E-01  5.75906E+00
  2.79297E-01  5.67265E+00
  2.83203E-01  5.58295E+00
  2.87109E-01  5.48971E+00
  2.91016E-01  5.39265E+00
  2.94922E-01  5.29141E+00
  2.98828E-01  5.18561E+00
  3.02734E-01  5.07478E+00
  3.06641E-01  4.95839E+00
  3.10547E-01  4.83576E+00
  3.14453E-01  4.70608E+00
  3.18359E-01  4.56833E+00
  3.22266E-01  4.42123E+00
  3.26172E-01  4.26306E+00
  3.30078E-01  4.09138E+00
  3.33984E-01  3.90181E+00
  3.37891E-01  3.68207E+00
  3.41797E-01  3.38538E+00
  3.45703E-01  2.88714E+00
  3.49609E-01  1.91249E+00
  3.53516E-01  1.43324E+00
  3.57422E-01  1.27274E+00
  3.61328E-01  1.21366E+00
  3.65234E-01  1.18095E+00
  3.69141E-01  1.14939E+00
  3.73047E-01  1.11909E+00
  3.76953E-01  1.08997E+00
  3.80859E-01  1.06192E+00
  3.84766E-01  1.03489E+00
  3.88672E-01  1.00887E+00
  3.92578E-01  9.83709E-01
  3.96484E-01  9.59410E-01
  4.00391E-01  9.36087E-01
  4.04297E-01  9.13563E-01
  4.08203E-01  8.91765E-01
  4.12109E-01  8.70705E-01
  4.16016E-01  8.50353E-01
  4.19922E-01  8.30644E-01
  4.23828E-01  8.11542E-01
  4.27734E-01  7.93107E-01
  4.31641E-01  7.75350E-01
  4.35547E-01  7.58088E-01
  4.39453E-01  7.41296E-01
  4.43359E-01  7.25049E-01
  4.47266E-01  7.09303E-01
  4.51172E-01  6.93994E-01
  4.55078E-01  6.79111E-01
  4.58984E-01  6.64670E-01
  4.62891E-01  6.50658E-01
  4.66797E-01  6.37034E-01
  4.70703E-01  6.23784E-01
  4.74609E-01  6.10910E-01
  4.78516E-01  5.98394E-01
  4.82422E-01  5.86222E-01
  4.86328E-01  5.74379E-01
  4.90234E-01  5.62854E-01
  4.94141E-01  5.51641E-01
  4.98047E-01  5.40724E-01
  5.01953E-01  5.30099E-01
  5.05859E-01  5.19750E-01
  5.09766E-01  5.09672E-01
  5.13672E-01  4.99854E-01
  5.17578E-01  4.90287E-01
  5.21484E-01  4.80964E-01
  5.25391E-01  4.71879E-01
  5.29297E-01  4.63022E-01
  5.33203E-01  4.54388E-01
  5.37109E-01  4.45967E-01
  5.41016E-01  4.37754E-01
  5.44922E-01  4.29742E-01
  5.48828E-01  4.21923E-01
  5.52734E-01  4.14294E-01
  5.56641E-01  4.06849E-01
  5.60547E-01  3.99581E-01
  5.64453E-01  3.92485E-01
  5.68359E-01  3.85560E-01
  5.72266E-01  3.78799E-01
  5.76172E-01  3.72194E-01
  5.80078E-01  3.65747E-01
  5.83984E-01  3.59438E-01
  5.87891E-01  3.53280E-01
  5.91797E-01  3.47259E-01
  5.95703E-01  3.41379E-01
  5.99609E-01  3.35626E-01
  6.03516E-01  3.29998E-01
  6.07422E-01  3.24506E-01
  6.11328E-01  3.19133E-01
  6.15234E-01  3.13875E-01
  6.19141E-01  3.08732E-01
  6.23047E-01  3.03701E-01
  6.26953E-01  2.98779E-01
  6.30859E-01  2.93967E-01
  6.34766E-01  2.89253E-01
  6.38672E-01  2.84640E-01
  6.42578E-01  2.80126E-01
  6.46484E-01  2.75710E-01
  6.50391E-01  2.71384E-01
  6.54297E-01  2.67147E-01
  6.58203E-01  2.62994E-01
  6.62109E-01  2.58931E-01
  6.66016E-01  2.54955E-01
  6.69922E-01  2.51056E-01
  6.73828E-01  2.47237E-01
  6.77734E-01  2.43495E-01
  6.81641E-01  2.39827E-01
  6.85547E-01  2.36236E-01
  6.89453E-01  2.32712E-01
  6.93359E-01  2.29259E-01
  6.97266E-01  2.25875E-01
  7.01172E-01  2.22555E-01
  7.05078E-01  2.19302E-01
  7.08984E-01  2.16111E-01
  7.12891E-01  2.12984E-01
  7.16797E-01  2.09915E-01
  7.20703E-01  2.06908E-01
  7.24609E-01  2.03952E-01
  7.28516E-01  2.01058E-01
  7.32422E-01  1.98213E-01
  7.36328E-01  1.95422E-01
  7.40234E-01  1.92691E-01
  7.44141E-01  1.90011E-01
  7.48047E-01  1.87368E-01
  7.51953E-01  1.84776E-01
  7.55859E-01  1.82242E-01
  7.59766E-01  1.79752E-01
  7.63672E-01  1.77296E-01
  7.67578E-01  1.74888E-01
  7.71484E-01  1.72534E-01
  7.75391E-01  1.70219E-01
  7.79297E-01  1.67934E-01
  7.83203E-01  1.65697E-01
  7.87109E-01  1.63508E-01
  7.91016E-01  1.61351E-01
  7.94922E-01  1.59225E-01
  7.98828E-01  1.57139E-01
  8.02734E-01  1.55100E-01
  8.06641E-01  1.53089E-01
  8.10547E-01  1.51105E-01
  8.14453E-01  1.49164E-01
  8.18359E-01  1.47260E-01
  8.22266E-01  1.45384E-01
  8.26172E-01  1.43530E-01
  8.30078E-01  1.41716E-01
  8.33984E-01  1.39935E-01
  8.37891E-01  1.38190E-01
  8.41797E-01  1.36462E-01
  8.45703E-01  1.34763E-01
  8.49609E-01  1.33102E-01
  8.53516E-01  1.31465E-01
  8.57422E-01  1.29845E-01
  8.61328E-01  1.28254E-01
  8.65234E-01  1.26702E-01
  8.69141E-01  1.25175E-01
  8.73047E-01  1.23665E-01
  8.76953E-01  1.22175E-01
  8.80859E-01  1.20716E-01
  8.84766E-01  1.19283E-01
  8.88672E-01  1.17866E-01
  8.92578E-01  1.16470E-01
  8.96484E-01  1.15102E-01
  9.00391E-01  1.13763E-01
  9.04297E-01  1.12440E-01
  9.08203E-01  1.11133E-01
  9.12109E-01  1.09849E-01
  9.16016E-01  1.08591E-01
  9.19922E-01  1.07349E-01
  9.23828E-01  1.06127E-01
  9.27734E-01  1.04922E-01
  9.31641E-01  1.03742E-01
  9.35547E-01  1.02585E-01
  9.39453E-01  1.01439E-01
  9.43359E-01  1.00310E-01
  9.47266E-01  9.92079E-02
  9.51172E-01  9.81228E-02
  9.55078E-01  9.70519E-02
  9.58984E-01  9.59963E-02
  9.62891E-01  9.49624E-02
  9.66797E-01  9.39490E-02
  9.70703E-01  9.29467E-02
  9.74609E-01  9.19647E-02
  9.78516E-01  9.10043E-02
  9.82422E-01  9.00602E-02
  9.86328E-01  8.91381E-02
  9.90234E-01  8.82531E-02
  9.94141E-01  8.75167E-02
  9.98047E-01  8.71810E-02
  1.00195E+00  8.71810E-02
