 -1.95312E-03  8.87754E+00
  1.95312E-03  8.87767E+00
  5.85938E-03  8.87650E+00
  9.76562E-03  8.87466E+00
  1.36719E-02  8.87208E+00
  1.75781E-02  8.86878E+00
  2.14844E-02  8.86473E+00
  2.53906E-02  8.85996E+00
  2.92969E-02  8.85446E+00
  3.32031E-02  8.84823E+00
  3.71094E-02  8.84128E+00
  4.10156E-02  8.83361E+00
  4.49219E-02  8.82522E+00
  4.88281E-02  8.81612E+00
  5.27344E-02  8.80630E+00
  5.66406E-02  8.79576E+00
  6.05469E-02  8.78452E+00
  6.44531E-02  8.77256E+00
  6.83594E-02  8.75990E+00
  7.22656E-02  8.74652E+00
  7.61719E-02  8.73243E+00
  8.00781E-02  8.71762E+00
  8.39844E-02  8.70210E+00
  8.78906E-02  8.68586E+00
  9.17969E-02  8.66891E+00
  9.57031E-02  8.65124E+00
  9.96094E-02  8.63284E+00
  1.03516E-01  8.61373E+00
  1.07422E-01  8.59389E+00
  1.11328E-01  8.57331E+00
  1.15234E-01  8.55200E+00
  1.19141E-01  8.52995E+00
  1.23047E-01  8.50716E+00
  1.26953E-01  8.48361E+00
  1.30859E-01  8.45931E+00
  1.34766E-01  8.43424E+00
  1.38672E-01  8.40841E+00
  1.42578E-01  8.38181E+00
  1.46484E-01  8.35443E+00
  1.50391E-01  8.32626E+00
  1.54297E-01  8.29729E+00
  1.58203E-01  8.26752E+00
  1.62109E-01  8.23693E+00
  1.66016E-01  8.20550E+00
  1.69922E-01  8.17324E+00
  1.73828E-01  8.14013E+00
  1.77734E-01  8.10615E+00
  1.81641E-01  8.07129E+00
  1.85547E-01  8.03555E+00
  1.89453E-01  7.99890E+00
  1.93359E-01  7.96133E+00
  1.97266E-01  7.92281E+00
  2.01172E-01  7.88334E+00
  2.05078E-01  7.84289E+00
  2.08984E-01  7.80145E+00
  2.12891E-01  7.75899E+00
  2.16797E-01  7.71549E+00
  2.20703E-01  7.67092E+00
  2.24609E-01  7.62525E+00
  2.28516E-01  7.57846E+00
  2.32422E-01  7.53051E+00
  2.36328E-01  7.48138E+00
  2.40234E-01  7.43103E+00
  2.44141E-01  7.37941E+00
  2.48047E-01  7.32651E+00
  2.51953E-01  7.27226E+00
  2.55859E-01  7.21664E+00
  2.59766E-01  7.15957E+00
  2.63672E-01  7.10102E+00
  2.67578E-01  7.04092E+00
  2.71484E-01  6.97921E+00
  2.75391E-01  6.91582E+00
  2.79297E-01  6.85068E+00
  2.83203E-01  6.78370E+00
  2.87109E-01  6.71480E+00
  2.91016E-01  6.64387E+00
  2.94922E-01  6.57082E+00
  2.98828E-01  6.49551E+00
  3.02734E-01  6.41782E+00
  3.06641E-01  6.33761E+00
  3.10547E-01  6.25471E+00
  3.14453E-01  6.16893E+00
  3.18359E-01  6.08007E+00
  3.22266E-01  5.98788E+00
  3.26172E-01  5.89210E+00
  3.30078E-01  5.79242E+00
  3.33984E-01  5.68845E+00
  3.37891E-01  5.57978E+00
  3.41797E-01  5.46589E+00
  3.45703E-01  5.34612E+00
  3.49609E-01  5.21922E+00
  3.53516E-01  5.07516E+00
  3.57422E-01  4.76958E+00
  3.61328E-01  4.99931E-01
  3.65234E-01  4.29857E-01
  3.69141E-01  4.19568E-01
  3.73047E-01  4.07072E-01
  3.76953E-01  3.95442E-01
  3.80859E-01  3.83900E-01
  3.84766E-01  3.73135E-01
  3.88672E-01  3.62476E-01
  3.92578E-01  3.52508E-01
  3.96484E-01  3.42614E-01
  4.00391E-01  3.33353E-01
  4.04297E-01  3.24175E-01
  4.08203E-01  3.15582E-01
  4.12109E-01  3.07037E-01
  4.16016E-01  2.99054E-01
  4.19922E-01  2.91122E-01
  4.23828E-01  2.83652E-01
  4.27734E-01  2.76274E-01
  4.31641E-01  2.69307E-01
  4.35547E-01  2.62400E-01
  4.39453E-01  2.55923E-01
  4.43359E-01  2.49443E-01
  4.47266E-01  2.43397E-01
  4.51172E-01  2.37363E-01
  4.55078E-01  2.31641E-01
  4.58984E-01  2.26071E-01
  4.62891E-01  2.20643E-01
  4.66797E-01  2.15449E-01
  4.70703E-01  2.10347E-01
  4.74609E-01  2.05489E-01
  4.78516E-01  2.00686E-01
  4.82422E-01  1.96126E-01
  4.86328E-01  1.91612E-01
  4.90234E-01  1.87345E-01
  4.94141E-01  1.83072E-01
  4.98047E-01  1.79022E-01
  5.01953E-01  1.75040E-01
  5.05859E-01  1.71229E-01
  5.09766E-01  1.67478E-01
  5.13672E-01  1.63864E-01
  5.17578E-01  1.60356E-01
  5.21484E-01  1.56917E-01
  5.25391E-01  1.53598E-01
  5.29297E-01  1.50380E-01
  5.33203E-01  1.47232E-01
  5.37109E-01  1.44176E-01
  5.41016E-01  1.41231E-01
  5.44922E-01  1.38331E-01
  5.48828E-01  1.35521E-01
  5.52734E-01  1.32796E-01
  5.56641E-01  1.30149E-01
  5.60547E-01  1.27565E-01
  5.64453E-01  1.25033E-01
  5.68359E-01  1.22561E-01
  5.72266E-01  1.20159E-01
  5.76172E-01  1.17817E-01
  5.80078E-01  1.15555E-01
  5.83984E-01  1.13364E-01
  5.87891E-01  1.11225E-01
  5.91797E-01  1.09112E-01
  5.95703E-01  1.07037E-01
  5.99609E-01  1.04997E-01
  6.03516E-01  1.03025E-01
  6.07422E-01  1.01133E-01
  6.11328E-01  9.93027E-02
  6.15234E-01  9.75064E-02
  6.19141E-01  9.57458E-02
  6.23047E-01  9.40344E-02
  6.26953E-01  9.23692E-02
  6.30859E-01  9.07290E-02
  6.34766E-01  8.91160E-02
  6.38672E-01  8.75472E-02
  6.42578E-01  8.60239E-02
  6.46484E-01  8.45327E-02
  6.50391E-01  8.30716E-02
  6.54297E-01  8.16446E-02
  6.58203E-01  8.02679E-02
  6.62109E-01  7.89174E-02
  6.66016E-01  7.75872E-02
  6.69922E-01  7.62771E-02
  6.73828E-01  7.50039E-02
  6.77734E-01  7.37665E-02
  6.81641E-01  7.25567E-02
  6.85547E-01  7.13657E-02
  6.89453E-01  7.01919E-02
  6.93359E-01  6.90467E-02
  6.97266E-01  6.79307E-02
  7.01172E-01  6.68416E-02
  7.05078E-01  6.57810E-02
  7.08984E-01  6.47377E-02
  7.12891E-01  6.37190E-02
  7.16797E-01  6.27309E-02
  7.20703E-01  6.17455E-02
  7.24609E-01  6.07845E-02
  7.28516E-01  5.98441E-02
  7.32422E-01  5.89246E-02
  7.36328E-01  5.80201E-02
  7.40234E-01  5.71356E-02
  7.44141E-01  5.62645E-02
  7.48047E-01  5.54148E-02
  7.51953E-01  5.45811E-02
  7.55859E-01  5.37711E-02
  7.59766E-01  5.29747E-02
  7.63672E-01  5.21915E-02
  7.67578E-01  5.14253E-02
  7.71484E-01  5.06733E-02
  7.75391E-01  4.99329E-02
  7.79297E-01  4.92082E-02
  7.83203E-01  4.84979E-02
  7.87109E-01  4.77958E-02
  7.91016E-01  4.71075E-02
  7.94922E-01  4.64335E-02
  7.98828E-01  4.57734E-02
  8.02734E-01  4.51286E-02
  8.06641E-01  4.44913E-02
  8.10547E-01  4.38717E-02
  8.14453E-01  4.32660E-02
  8.18359E-01  4.26688E-02
  8.22266E-01  4.20865E-02
  8.26172E-01  4.15154E-02
  8.30078E-01  4.09537E-02
  8.33984E-01  4.03995E-02
  8.37891E-01  3.98573E-02
  8.41797E-01  3.93240E-02
  8.45703E-01  3.87986E-02
  8.49609E-01  3.82838E-02
  8.53516E-01  3.77771E-02
  8.57422E-01  3.72826E-02
  8.61328E-01  3.67955E-02
  8.65234E-01  3.63174E-02
  8.69141E-01  3.58472E-02
  8.73047E-01  3.53847E-02
  8.76953E-01  3.49297E-02
  8.80859E-01  3.44833E-02
  8.84766E-01  3.40428E-02
  8.88672E-01  3.36112E-02
  8.92578E-01  3.31881E-02
  8.96484E-01  3.27700E-02
  9.00391E-01  3.23620E-02
  9.04297E-01  3.19591E-02
  9.08203E-01  3.15642E-02
  9.12109E-01  3.11736E-02
  9.16016E-01  3.07908E-02
  9.19922E-01  3.04138E-02
  9.23828E-01  3.00429E-02
  9.27734E-01  2.96797E-02
  9.31641E-01  2.93222E-02
  9.35547E-01  2.89700E-02
  9.39453E-01  2.86260E-02
  9.43359E-01  2.82857E-02
  9.47266E-01  2.79513E-02
  9.51172E-01  2.76223E-02
  9.55078E-01  2.72993E-02
  9.58984E-01  2.69817E-02
  9.62891E-01  2.66687E-02
  9.66797E-01  2.63633E-02
  9.70703E-01  2.60652E-02
  9.74609E-01  2.57740E-02
  9.78516E-01  2.54919E-02
  9.82422E-01  2.52186E-02
  9.86328E-01  2.49589E-02
  9.90234E-01  2.47180E-02
  9.94141E-01  2.45203E-02
  9.98047E-01  2.44257E-02
  1.00195E+00  2.44257E-02
