 -1.95312E-03  8.56935E+00
  1.95312E-03  8.56942E+00
  5.85938E-03  8.56821E+00
  9.76562E-03  8.56628E+00
  1.36719E-02  8.56358E+00
  1.75781E-02  8.56009E+00
  2.14844E-02  8.55582E+00
  2.53906E-02  8.55077E+00
  2.92969E-02  8.54495E+00
  3.32031E-02  8.53836E+00
  3.71094E-02  8.53101E+00
  4.10156E-02  8.52289E+00
  4.49219E-02  8.51401E+00
  4.88281E-02  8.50437E+00
  5.27344E-02  8.49396E+00
  5.66406E-02  8.48280E+00
  6.05469E-02  8.47088E+00
  6.44531E-02  8.45819E+00
  6.83594E-02  8.44476E+00
  7.22656E-02  8.43056E+00
  7.61719E-02  8.41560E+00
  8.00781E-02  8.39987E+00
  8.39844E-02  8.38339E+00
  8.78906E-02  8.36615E+00
  9.17969E-02  8.34813E+00
  9.57031E-02  8.32935E+00
  9.96094E-02  8.30979E+00
  1.03516E-01  8.28946E+00
  1.07422E-01  8.26834E+00
  1.11328E-01  8.24643E+00
  1.15234E-01  8.22374E+00
  1.19141E-01  8.20024E+00
  1.23047E-01  8.17594E+00
  1.26953E-01  8.15083E+00
  1.30859E-01  8.12490E+00
  1.34766E-01  8.09815E+00
  1.38672E-01  8.07057E+00
  1.42578E-01  8.04215E+00
  1.46484E-01  8.01287E+00
  1.50391E-01  7.98273E+00
  1.54297E-01  7.95172E+00
  1.58203E-01  7.91982E+00
  1.62109E-01  7.88703E+00
  1.66016E-01  7.85332E+00
  1.69922E-01  7.81869E+00
  1.73828E-01  7.78312E+00
  1.77734E-01  7.74659E+00
  1.81641E-01  7.70909E+00
  1.85547E-01  7.67060E+00
  1.89453E-01  7.63110E+00
  1.93359E-01  7.59056E+00
  1.97266E-01  7.54898E+00
  2.01172E-01  7.50631E+00
  2.05078E-01  7.46255E+00
  2.08984E-01  7.41765E+00
  2.12891E-01  7.37160E+00
  2.16797E-01  7.32436E+00
  2.20703E-01  7.27590E+00
  2.24609E-01  7.22619E+00
  2.28516E-01  7.17517E+00
  2.32422E-01  7.12283E+00
  2.36328E-01  7.06911E+00
  2.40234E-01  7.01396E+00
  2.44141E-01  6.95733E+00
  2.48047E-01  6.89918E+00
  2.51953E-01  6.83944E+00
  2.55859E-01  6.77805E+00
  2.59766E-01  6.71493E+00
  2.63672E-01  6.65002E+00
  2.67578E-01  6.58323E+00
  2.71484E-01  6.51446E+00
  2.75391E-01  6.44362E+00
  2.79297E-01  6.37060E+00
  2.83203E-01  6.29529E+00
  2.87109E-01  6.21754E+00
  2.91016E-01  6.13722E+00
  2.94922E-01  6.05414E+00
  2.98828E-01  5.96814E+00
  3.02734E-01  5.87899E+00
  3.06641E-01  5.78645E+00
  3.10547E-01  5.69025E+00
  3.14453E-01  5.59007E+00
  3.18359E-01  5.48554E+00
  3.22266E-01  5.37622E+00
  3.26172E-01  5.26158E+00
  3.30078E-01  5.14102E+00
  3.33984E-01  5.01374E+00
  3.37891E-01  4.87880E+00
  3.41797E-01  4.73486E+00
  3.45703E-01  4.57898E+00
  3.49609E-01  4.39285E+00
  3.53516E-01  4.02308E+00
  3.57422E-01  1.75481E+00
  3.61328E-01  8.44567E-01
  3.65234E-01  7.63990E-01
  3.69141E-01  7.44153E-01
  3.73047E-01  7.23140E-01
  3.76953E-01  7.03255E-01
  3.80859E-01  6.83899E-01
  3.84766E-01  6.65414E-01
  3.88672E-01  6.47506E-01
  3.92578E-01  6.30309E-01
  3.96484E-01  6.13697E-01
  4.00391E-01  5.97692E-01
  4.04297E-01  5.82233E-01
  4.08203E-01  5.67324E-01
  4.12109E-01  5.52922E-01
  4.16016E-01  5.39008E-01
  4.19922E-01  5.25567E-01
  4.23828E-01  5.12575E-01
  4.27734E-01  5.00010E-01
  4.31641E-01  4.87861E-01
  4.35547E-01  4.76105E-01
  4.39453E-01  4.64726E-01
  4.43359E-01  4.53710E-01
  4.47266E-01  4.43041E-01
  4.51172E-01  4.32707E-01
  4.55078E-01  4.22692E-01
  4.58984E-01  4.12988E-01
  4.62891E-01  4.03578E-01
  4.66797E-01  3.94451E-01
  4.70703E-01  3.85600E-01
  4.74609E-01  3.77013E-01
  4.78516E-01  3.68674E-01
  4.82422E-01  3.60593E-01
  4.86328E-01  3.52749E-01
  4.90234E-01  3.45122E-01
  4.94141E-01  3.37707E-01
  4.98047E-01  3.30514E-01
  5.01953E-01  3.23530E-01
  5.05859E-01  3.16732E-01
  5.09766E-01  3.10123E-01
  5.13672E-01  3.03706E-01
  5.17578E-01  2.97464E-01
  5.21484E-01  2.91384E-01
  5.25391E-01  2.85473E-01
  5.29297E-01  2.79724E-01
  5.33203E-01  2.74122E-01
  5.37109E-01  2.68678E-01
  5.41016E-01  2.63376E-01
  5.44922E-01  2.58206E-01
  5.48828E-01  2.53173E-01
  5.52734E-01  2.48272E-01
  5.56641E-01  2.43490E-01
  5.60547E-01  2.38835E-01
  5.64453E-01  2.34299E-01
  5.68359E-01  2.29877E-01
  5.72266E-01  2.25565E-01
  5.76172E-01  2.21364E-01
  5.80078E-01  2.17260E-01
  5.83984E-01  2.13267E-01
  5.87891E-01  2.09360E-01
  5.91797E-01  2.05551E-01
  5.95703E-01  2.01839E-01
  5.99609E-01  1.98210E-01
  6.03516E-01  1.94677E-01
  6.07422E-01  1.91221E-01
  6.11328E-01  1.87831E-01
  6.15234E-01  1.84539E-01
  6.19141E-01  1.81331E-01
  6.23047E-01  1.78188E-01
  6.26953E-01  1.75105E-01
  6.30859E-01  1.72102E-01
  6.34766E-01  1.69179E-01
  6.38672E-01  1.66306E-01
  6.42578E-01  1.63496E-01
  6.46484E-01  1.60763E-01
  6.50391E-01  1.58089E-01
  6.54297E-01  1.55459E-01
  6.58203E-01  1.52895E-01
  6.62109E-01  1.50395E-01
  6.66016E-01  1.47948E-01
  6.69922E-01  1.45544E-01
  6.73828E-01  1.43194E-01
  6.77734E-01  1.40903E-01
  6.81641E-01  1.38653E-01
  6.85547E-01  1.36446E-01
  6.89453E-01  1.34292E-01
  6.93359E-01  1.32198E-01
  6.97266E-01  1.30132E-01
  7.01172E-01  1.28099E-01
  7.05078E-01  1.26120E-01
  7.08984E-01  1.24185E-01
  7.12891E-01  1.22291E-01
  7.16797E-01  1.20432E-01
  7.20703E-01  1.18599E-01
  7.24609E-01  1.16807E-01
  7.28516E-01  1.15060E-01
  7.32422E-01  1.13350E-01
  7.36328E-01  1.11665E-01
  7.40234E-01  1.10006E-01
  7.44141E-01  1.08393E-01
  7.48047E-01  1.06810E-01
  7.51953E-01  1.05251E-01
  7.55859E-01  1.03723E-01
  7.59766E-01  1.02222E-01
  7.63672E-01  1.00760E-01
  7.67578E-01  9.93286E-02
  7.71484E-01  9.79240E-02
  7.75391E-01  9.65392E-02
  7.79297E-01  9.51749E-02
  7.83203E-01  9.38469E-02
  7.87109E-01  9.25557E-02
  7.91016E-01  9.12803E-02
  7.94922E-01  9.00163E-02
  7.98828E-01  8.87716E-02
  8.02734E-01  8.75585E-02
  8.06641E-01  8.63695E-02
  8.10547E-01  8.52056E-02
  8.14453E-01  8.40604E-02
  8.18359E-01  8.29244E-02
  8.22266E-01  8.18105E-02
  8.26172E-01  8.07217E-02
  8.30078E-01  7.96569E-02
  8.33984E-01  7.86072E-02
  8.37891E-01  7.75757E-02
  8.41797E-01  7.65596E-02
  8.45703E-01  7.55638E-02
  8.49609E-01  7.45887E-02
  8.53516E-01  7.36281E-02
  8.57422E-01  7.26799E-02
  8.61328E-01  7.17495E-02
  8.65234E-01  7.08358E-02
  8.69141E-01  6.99388E-02
  8.73047E-01  6.90611E-02
  8.76953E-01  6.81972E-02
  8.80859E-01  6.73460E-02
  8.84766E-01  6.65081E-02
  8.88672E-01  6.56831E-02
  8.92578E-01  6.48769E-02
  8.96484E-01  6.40840E-02
  9.00391E-01  6.33056E-02
  9.04297E-01  6.25373E-02
  9.08203E-01  6.17793E-02
  9.12109E-01  6.10357E-02
  9.16016E-01  6.03048E-02
  9.19922E-01  5.95883E-02
  9.23828E-01  5.88840E-02
  9.27734E-01  5.81890E-02
  9.31641E-01  5.75038E-02
  9.35547E-01  5.68315E-02
  9.39453E-01  5.61699E-02
  9.43359E-01  5.55214E-02
  9.47266E-01  5.48829E-02
  9.51172E-01  5.42518E-02
  9.55078E-01  5.36327E-02
  9.58984E-01  5.30237E-02
  9.62891E-01  5.24268E-02
  9.66797E-01  5.18408E-02
  9.70703E-01  5.12655E-02
  9.74609E-01  5.06978E-02
  9.78516E-01  5.01413E-02
  9.82422E-01  4.96008E-02
  9.86328E-01  4.90823E-02
  9.90234E-01  4.85999E-02
  9.94141E-01  4.81990E-02
  9.98047E-01  4.80140E-02
  1.00195E+00  4.80140E-02
