 -1.95312E-03  8.58079E+00
  1.95312E-03  8.58094E+00
  5.85938E-03  8.57973E+00
  9.76562E-03  8.57780E+00
  1.36719E-02  8.57510E+00
  1.75781E-02  8.57162E+00
  2.14844E-02  8.56736E+00
  2.53906E-02  8.56233E+00
  2.92969E-02  8.55652E+00
  3.32031E-02  8.54995E+00
  3.71094E-02  8.54261E+00
  4.10156E-02  8.53452E+00
  4.49219E-02  8.52566E+00
  4.88281E-02  8.51604E+00
  5.27344E-02  8.50566E+00
  5.66406E-02  8.49453E+00
  6.05469E-02  8.48264E+00
  6.44531E-02  8.46999E+00
  6.83594E-02  8.45658E+00
  7.22656E-02  8.44243E+00
  7.61719E-02  8.42751E+00
  8.00781E-02  8.41183E+00
  8.39844E-02  8.39539E+00
  8.78906E-02  8.37819E+00
  9.17969E-02  8.36022E+00
  9.57031E-02  8.34148E+00
  9.96094E-02  8.32197E+00
  1.03516E-01  8.30169E+00
  1.07422E-01  8.28062E+00
  1.11328E-01  8.25878E+00
  1.15234E-01  8.23614E+00
  1.19141E-01  8.21271E+00
  1.23047E-01  8.18848E+00
  1.26953E-01  8.16344E+00
  1.30859E-01  8.13758E+00
  1.34766E-01  8.11091E+00
  1.38672E-01  8.08340E+00
  1.42578E-01  8.05506E+00
  1.46484E-01  8.02587E+00
  1.50391E-01  7.99582E+00
  1.54297E-01  7.96490E+00
  1.58203E-01  7.93311E+00
  1.62109E-01  7.90041E+00
  1.66016E-01  7.86681E+00
  1.69922E-01  7.83230E+00
  1.73828E-01  7.79684E+00
  1.77734E-01  7.76043E+00
  1.81641E-01  7.72306E+00
  1.85547E-01  7.68470E+00
  1.89453E-01  7.64533E+00
  1.93359E-01  7.60493E+00
  1.97266E-01  7.56348E+00
  2.01172E-01  7.52097E+00
  2.05078E-01  7.47735E+00
  2.08984E-01  7.43262E+00
  2.12891E-01  7.38673E+00
  2.16797E-01  7.33966E+00
  2.20703E-01  7.29138E+00
  2.24609E-01  7.24184E+00
  2.28516E-01  7.19102E+00
  2.32422E-01  7.13888E+00
  2.36328E-01  7.08537E+00
  2.40234E-01  7.03044E+00
  2.44141E-01  6.97405E+00
  2.48047E-01  6.91615E+00
  2.51953E-01  6.85666E+00
  2.55859E-01  6.79554E+00
  2.59766E-01  6.73272E+00
  2.63672E-01  6.66810E+00
  2.67578E-01  6.60163E+00
  2.71484E-01  6.53319E+00
  2.75391E-01  6.46271E+00
  2.79297E-01  6.39007E+00
  2.83203E-01  6.31515E+00
  2.87109E-01  6.23782E+00
  2.91016E-01  6.15794E+00
  2.94922E-01  6.07534E+00
  2.98828E-01  5.98984E+00
  3.02734E-01  5.90123E+00
  3.06641E-01  5.80927E+00
  3.10547E-01  5.71369E+00
  3.14453E-01  5.61417E+00
  3.18359E-01  5.51035E+00
  3.22266E-01  5.40180E+00
  3.26172E-01  5.28802E+00
  3.30078E-01  5.16837E+00
  3.33984E-01  5.04212E+00
  3.37891E-01  4.90830E+00
  3.41797E-01  4.76563E+00
  3.45703E-01  4.61128E+00
  3.49609E-01  4.42783E+00
  3.53516E-01  4.06575E+00
  3.57422E-01  1.81683E+00
  3.61328E-01  8.34339E-01
  3.65234E-01  7.52035E-01
  3.69141E-01  7.32488E-01
  3.73047E-01  7.11760E-01
  3.76953E-01  6.92157E-01
  3.80859E-01  6.73066E-01
  3.84766E-01  6.54846E-01
  3.88672E-01  6.37183E-01
  3.92578E-01  6.20236E-01
  3.96484E-01  6.03852E-01
  4.00391E-01  5.88077E-01
  4.04297E-01  5.72836E-01
  4.08203E-01  5.58142E-01
  4.12109E-01  5.43943E-01
  4.16016E-01  5.30231E-01
  4.19922E-01  5.16986E-01
  4.23828E-01  5.04182E-01
  4.27734E-01  4.91800E-01
  4.31641E-01  4.79828E-01
  4.35547E-01  4.68242E-01
  4.39453E-01  4.57030E-01
  4.43359E-01  4.46176E-01
  4.47266E-01  4.35664E-01
  4.51172E-01  4.25483E-01
  4.55078E-01  4.15617E-01
  4.58984E-01  4.06058E-01
  4.62891E-01  3.96785E-01
  4.66797E-01  3.87795E-01
  4.70703E-01  3.79079E-01
  4.74609E-01  3.70617E-01
  4.78516E-01  3.62414E-01
  4.82422E-01  3.54460E-01
  4.86328E-01  3.46724E-01
  4.90234E-01  3.39208E-01
  4.94141E-01  3.31916E-01
  4.98047E-01  3.24840E-01
  5.01953E-01  3.17957E-01
  5.05859E-01  3.11262E-01
  5.09766E-01  3.04763E-01
  5.13672E-01  2.98446E-01
  5.17578E-01  2.92294E-01
  5.21484E-01  2.86311E-01
  5.25391E-01  2.80497E-01
  5.29297E-01  2.74836E-01
  5.33203E-01  2.69325E-01
  5.37109E-01  2.63969E-01
  5.41016E-01  2.58746E-01
  5.44922E-01  2.53657E-01
  5.48828E-01  2.48708E-01
  5.52734E-01  2.43880E-01
  5.56641E-01  2.39176E-01
  5.60547E-01  2.34600E-01
  5.64453E-01  2.30136E-01
  5.68359E-01  2.25787E-01
  5.72266E-01  2.21545E-01
  5.76172E-01  2.17411E-01
  5.80078E-01  2.13376E-01
  5.83984E-01  2.09445E-01
  5.87891E-01  2.05599E-01
  5.91797E-01  2.01861E-01
  5.95703E-01  1.98204E-01
  5.99609E-01  1.94641E-01
  6.03516E-01  1.91166E-01
  6.07422E-01  1.87754E-01
  6.11328E-01  1.84430E-01
  6.15234E-01  1.81204E-01
  6.19141E-01  1.78040E-01
  6.23047E-01  1.74938E-01
  6.26953E-01  1.71913E-01
  6.30859E-01  1.68971E-01
  6.34766E-01  1.66089E-01
  6.38672E-01  1.63256E-01
  6.42578E-01  1.60507E-01
  6.46484E-01  1.57819E-01
  6.50391E-01  1.55179E-01
  6.54297E-01  1.52598E-01
  6.58203E-01  1.50084E-01
  6.62109E-01  1.47629E-01
  6.66016E-01  1.45217E-01
  6.69922E-01  1.42851E-01
  6.73828E-01  1.40550E-01
  6.77734E-01  1.38293E-01
  6.81641E-01  1.36077E-01
  6.85547E-01  1.33917E-01
  6.89453E-01  1.31803E-01
  6.93359E-01  1.29738E-01
  6.97266E-01  1.27705E-01
  7.01172E-01  1.25711E-01
  7.05078E-01  1.23771E-01
  7.08984E-01  1.21868E-01
  7.12891E-01  1.20009E-01
  7.16797E-01  1.18169E-01
  7.20703E-01  1.16371E-01
  7.24609E-01  1.14618E-01
  7.28516E-01  1.12908E-01
  7.32422E-01  1.11219E-01
  7.36328E-01  1.09556E-01
  7.40234E-01  1.07936E-01
  7.44141E-01  1.06347E-01
  7.48047E-01  1.04789E-01
  7.51953E-01  1.03259E-01
  7.55859E-01  1.01758E-01
  7.59766E-01  1.00287E-01
  7.63672E-01  9.88579E-02
  7.67578E-01  9.74543E-02
  7.71484E-01  9.60651E-02
  7.75391E-01  9.46998E-02
  7.79297E-01  9.33710E-02
  7.83203E-01  9.20784E-02
  7.87109E-01  9.08026E-02
  7.91016E-01  8.95353E-02
  7.94922E-01  8.82913E-02
  7.98828E-01  8.70768E-02
  8.02734E-01  8.58893E-02
  8.06641E-01  8.47274E-02
  8.10547E-01  8.35802E-02
  8.14453E-01  8.24438E-02
  8.18359E-01  8.13267E-02
  8.22266E-01  8.02412E-02
  8.26172E-01  7.91741E-02
  8.30078E-01  7.81282E-02
  8.33984E-01  7.70959E-02
  8.37891E-01  7.60824E-02
  8.41797E-01  7.50852E-02
  8.45703E-01  7.41087E-02
  8.49609E-01  7.31471E-02
  8.53516E-01  7.22047E-02
  8.57422E-01  7.12756E-02
  8.61328E-01  7.03626E-02
  8.65234E-01  6.94664E-02
  8.69141E-01  6.85871E-02
  8.73047E-01  6.77259E-02
  8.76953E-01  6.68767E-02
  8.80859E-01  6.60405E-02
  8.84766E-01  6.52176E-02
  8.88672E-01  6.44090E-02
  8.92578E-01  6.36186E-02
  8.96484E-01  6.28404E-02
  9.00391E-01  6.20751E-02
  9.04297E-01  6.13195E-02
  9.08203E-01  6.05766E-02
  9.12109E-01  5.98472E-02
  9.16016E-01  5.91303E-02
  9.19922E-01  5.84274E-02
  9.23828E-01  5.77356E-02
  9.27734E-01  5.70529E-02
  9.31641E-01  5.63805E-02
  9.35547E-01  5.57208E-02
  9.39453E-01  5.50718E-02
  9.43359E-01  5.44354E-02
  9.47266E-01  5.38081E-02
  9.51172E-01  5.31887E-02
  9.55078E-01  5.25812E-02
  9.58984E-01  5.19836E-02
  9.62891E-01  5.13981E-02
  9.66797E-01  5.08229E-02
  9.70703E-01  5.02582E-02
  9.74609E-01  4.97007E-02
  9.78516E-01  4.91549E-02
  9.82422E-01  4.86250E-02
  9.86328E-01  4.81169E-02
  9.90234E-01  4.76440E-02
  9.94141E-01  4.72514E-02
  9.98047E-01  4.70727E-02
  1.00195E+00  4.70727E-02
