 -1.95312E-03  8.83730E+00
  1.95312E-03  8.83730E+00
  5.85938E-03  8.83613E+00
  9.76562E-03  8.83428E+00
  1.36719E-02  8.83169E+00
  1.75781E-02  8.82836E+00
  2.14844E-02  8.82429E+00
  2.53906E-02  8.81948E+00
  2.92969E-02  8.81394E+00
  3.32031E-02  8.80767E+00
  3.71094E-02  8.80067E+00
  4.10156E-02  8.79295E+00
  4.49219E-02  8.78450E+00
  4.88281E-02  8.77533E+00
  5.27344E-02  8.76544E+00
  5.66406E-02  8.75483E+00
  6.05469E-02  8.74350E+00
  6.44531E-02  8.73146E+00
  6.83594E-02  8.71869E+00
  7.22656E-02  8.70521E+00
  7.61719E-02  8.69101E+00
  8.00781E-02  8.67609E+00
  8.39844E-02  8.66045E+00
  8.78906E-02  8.64408E+00
  9.17969E-02  8.62700E+00
  9.57031E-02  8.60918E+00
  9.96094E-02  8.59064E+00
  1.03516E-01  8.57137E+00
  1.07422E-01  8.55136E+00
  1.11328E-01  8.53062E+00
  1.15234E-01  8.50914E+00
  1.19141E-01  8.48691E+00
  1.23047E-01  8.46394E+00
  1.26953E-01  8.44020E+00
  1.30859E-01  8.41570E+00
  1.34766E-01  8.39044E+00
  1.38672E-01  8.36440E+00
  1.42578E-01  8.33757E+00
  1.46484E-01  8.30996E+00
  1.50391E-01  8.28156E+00
  1.54297E-01  8.25234E+00
  1.58203E-01  8.22231E+00
  1.62109E-01  8.19145E+00
  1.66016E-01  8.15975E+00
  1.69922E-01  8.12720E+00
  1.73828E-01  8.09379E+00
  1.77734E-01  8.05950E+00
  1.81641E-01  8.02432E+00
  1.85547E-01  7.98824E+00
  1.89453E-01  7.95125E+00
  1.93359E-01  7.91332E+00
  1.97266E-01  7.87443E+00
  2.01172E-01  7.83457E+00
  2.05078E-01  7.79373E+00
  2.08984E-01  7.75186E+00
  2.12891E-01  7.70897E+00
  2.16797E-01  7.66501E+00
  2.20703E-01  7.61996E+00
  2.24609E-01  7.57381E+00
  2.28516E-01  7.52651E+00
  2.32422E-01  7.47804E+00
  2.36328E-01  7.42836E+00
  2.40234E-01  7.37743E+00
  2.44141E-01  7.32522E+00
  2.48047E-01  7.27170E+00
  2.51953E-01  7.21681E+00
  2.55859E-01  7.16050E+00
  2.59766E-01  7.10272E+00
  2.63672E-01  7.04342E+00
  2.67578E-01  6.98254E+00
  2.71484E-01  6.92000E+00
  2.75391E-01  6.85575E+00
  2.79297E-01  6.78969E+00
  2.83203E-01  6.72175E+00
  2.87109E-01  6.65183E+00
  2.91016E-01  6.57983E+00
  2.94922E-01  6.50563E+00
  2.98828E-01  6.42911E+00
  3.02734E-01  6.35013E+00
  3.06641E-01  6.26854E+00
  3.10547E-01  6.18415E+00
  3.14453E-01  6.09679E+00
  3.18359E-01  6.00621E+00
  3.22266E-01  5.91217E+00
  3.26172E-01  5.81437E+00
  3.30078E-01  5.71247E+00
  3.33984E-01  5.60608E+00
  3.37891E-01  5.49471E+00
  3.41797E-01  5.37780E+00
  3.45703E-01  5.25464E+00
  3.49609E-01  5.12378E+00
  3.53516E-01  4.97409E+00
  3.57422E-01  4.65576E+00
  3.61328E-01  5.57042E-01
  3.65234E-01  4.69725E-01
  3.69141E-01  4.58180E-01
  3.73047E-01  4.44614E-01
  3.76953E-01  4.31977E-01
  3.80859E-01  4.19459E-01
  3.84766E-01  4.07747E-01
  3.88672E-01  3.96167E-01
  3.92578E-01  3.85325E-01
  3.96484E-01  3.74582E-01
  4.00391E-01  3.64494E-01
  4.04297E-01  3.54561E-01
  4.08203E-01  3.45170E-01
  4.12109E-01  3.35913E-01
  4.16016E-01  3.27216E-01
  4.19922E-01  3.18551E-01
  4.23828E-01  3.10449E-01
  4.27734E-01  3.02411E-01
  4.31641E-01  2.94775E-01
  4.35547E-01  2.87368E-01
  4.39453E-01  2.80163E-01
  4.43359E-01  2.73288E-01
  4.47266E-01  2.66529E-01
  4.51172E-01  2.60089E-01
  4.55078E-01  2.53758E-01
  4.58984E-01  2.47740E-01
  4.62891E-01  2.41792E-01
  4.66797E-01  2.36149E-01
  4.70703E-01  2.30577E-01
  4.74609E-01  2.25278E-01
  4.78516E-01  2.20052E-01
  4.82422E-01  2.15042E-01
  4.86328E-01  2.10162E-01
  4.90234E-01  2.05436E-01
  4.94141E-01  2.00846E-01
  4.98047E-01  1.96381E-01
  5.01953E-01  1.92082E-01
  5.05859E-01  1.87880E-01
  5.09766E-01  1.83797E-01
  5.13672E-01  1.79851E-01
  5.17578E-01  1.76010E-01
  5.21484E-01  1.72250E-01
  5.25391E-01  1.68631E-01
  5.29297E-01  1.65106E-01
  5.33203E-01  1.61672E-01
  5.37109E-01  1.58334E-01
  5.41016E-01  1.55096E-01
  5.44922E-01  1.51936E-01
  5.48828E-01  1.48853E-01
  5.52734E-01  1.45873E-01
  5.56641E-01  1.42972E-01
  5.60547E-01  1.40132E-01
  5.64453E-01  1.37362E-01
  5.68359E-01  1.34693E-01
  5.72266E-01  1.32080E-01
  5.76172E-01  1.29522E-01
  5.80078E-01  1.27058E-01
  5.83984E-01  1.24648E-01
  5.87891E-01  1.22263E-01
  5.91797E-01  1.19943E-01
  5.95703E-01  1.17699E-01
  5.99609E-01  1.15512E-01
  6.03516E-01  1.13382E-01
  6.07422E-01  1.11328E-01
  6.11328E-01  1.09302E-01
  6.15234E-01  1.07293E-01
  6.19141E-01  1.05318E-01
  6.23047E-01  1.03416E-01
  6.26953E-01  1.01585E-01
  6.30859E-01  9.97807E-02
  6.34766E-01  9.80221E-02
  6.38672E-01  9.63239E-02
  6.42578E-01  9.46748E-02
  6.46484E-01  9.30398E-02
  6.50391E-01  9.14292E-02
  6.54297E-01  8.98693E-02
  6.58203E-01  8.83534E-02
  6.62109E-01  8.68635E-02
  6.66016E-01  8.53916E-02
  6.69922E-01  8.39573E-02
  6.73828E-01  8.25693E-02
  6.77734E-01  8.12203E-02
  6.81641E-01  7.98930E-02
  6.85547E-01  7.85801E-02
  6.89453E-01  7.72986E-02
  6.93359E-01  7.60511E-02
  6.97266E-01  7.48337E-02
  7.01172E-01  7.36470E-02
  7.05078E-01  7.24677E-02
  7.08984E-01  7.13151E-02
  7.12891E-01  7.01888E-02
  7.16797E-01  6.90889E-02
  7.20703E-01  6.80136E-02
  7.24609E-01  6.69654E-02
  7.28516E-01  6.59306E-02
  7.32422E-01  6.49172E-02
  7.36328E-01  6.39240E-02
  7.40234E-01  6.29628E-02
  7.44141E-01  6.20196E-02
  7.48047E-01  6.10895E-02
  7.51953E-01  6.01782E-02
  7.55859E-01  5.92798E-02
  7.59766E-01  5.83963E-02
  7.63672E-01  5.75341E-02
  7.67578E-01  5.66917E-02
  7.71484E-01  5.58642E-02
  7.75391E-01  5.50567E-02
  7.79297E-01  5.42631E-02
  7.83203E-01  5.34831E-02
  7.87109E-01  5.27188E-02
  7.91016E-01  5.19648E-02
  7.94922E-01  5.12294E-02
  7.98828E-01  5.05080E-02
  8.02734E-01  4.97992E-02
  8.06641E-01  4.91082E-02
  8.10547E-01  4.84258E-02
  8.14453E-01  4.77520E-02
  8.18359E-01  4.70880E-02
  8.22266E-01  4.64383E-02
  8.26172E-01  4.57996E-02
  8.30078E-01  4.51756E-02
  8.33984E-01  4.45660E-02
  8.37891E-01  4.39664E-02
  8.41797E-01  4.33816E-02
  8.45703E-01  4.28055E-02
  8.49609E-01  4.22410E-02
  8.53516E-01  4.16845E-02
  8.57422E-01  4.11370E-02
  8.61328E-01  4.05997E-02
  8.65234E-01  4.00731E-02
  8.69141E-01  3.95556E-02
  8.73047E-01  3.90486E-02
  8.76953E-01  3.85488E-02
  8.80859E-01  3.80577E-02
  8.84766E-01  3.75758E-02
  8.88672E-01  3.70988E-02
  8.92578E-01  3.66331E-02
  8.96484E-01  3.61730E-02
  9.00391E-01  3.57225E-02
  9.04297E-01  3.52787E-02
  9.08203E-01  3.48442E-02
  9.12109E-01  3.44163E-02
  9.16016E-01  3.39947E-02
  9.19922E-01  3.35805E-02
  9.23828E-01  3.31721E-02
  9.27734E-01  3.27706E-02
  9.31641E-01  3.23775E-02
  9.35547E-01  3.19891E-02
  9.39453E-01  3.16093E-02
  9.43359E-01  3.12357E-02
  9.47266E-01  3.08680E-02
  9.51172E-01  3.05059E-02
  9.55078E-01  3.01498E-02
  9.58984E-01  2.98005E-02
  9.62891E-01  2.94558E-02
  9.66797E-01  2.91180E-02
  9.70703E-01  2.87884E-02
  9.74609E-01  2.84665E-02
  9.78516E-01  2.81546E-02
  9.82422E-01  2.78525E-02
  9.86328E-01  2.75648E-02
  9.90234E-01  2.72976E-02
  9.94141E-01  2.70805E-02
  9.98047E-01  2.69767E-02
  1.00195E+00  2.69767E-02
