 -1.95312E-03  9.21049E+00
  1.95312E-03  9.21049E+00
  5.85938E-03  9.20936E+00
  9.76562E-03  9.20760E+00
  1.36719E-02  9.20515E+00
  1.75781E-02  9.20200E+00
  2.14844E-02  9.19817E+00
  2.53906E-02  9.19364E+00
  2.92969E-02  9.18843E+00
  3.32031E-02  9.18252E+00
  3.71094E-02  9.17594E+00
  4.10156E-02  9.16867E+00
  4.49219E-02  9.16074E+00
  4.88281E-02  9.15212E+00
  5.27344E-02  9.14283E+00
  5.66406E-02  9.13287E+00
  6.05469E-02  9.12223E+00
  6.44531E-02  9.11092E+00
  6.83594E-02  9.09895E+00
  7.22656E-02  9.08629E+00
  7.61719E-02  9.07298E+00
  8.00781E-02  9.05898E+00
  8.39844E-02  9.04432E+00
  8.78906E-02  9.02899E+00
  9.17969E-02  9.01299E+00
  9.57031E-02  8.99631E+00
  9.96094E-02  8.97896E+00
  1.03516E-01  8.96093E+00
  1.07422E-01  8.94222E+00
  1.11328E-01  8.92283E+00
  1.15234E-01  8.90276E+00
  1.19141E-01  8.88199E+00
  1.23047E-01  8.86054E+00
  1.26953E-01  8.83838E+00
  1.30859E-01  8.81553E+00
  1.34766E-01  8.79196E+00
  1.38672E-01  8.76768E+00
  1.42578E-01  8.74269E+00
  1.46484E-01  8.71698E+00
  1.50391E-01  8.69054E+00
  1.54297E-01  8.66337E+00
  1.58203E-01  8.63545E+00
  1.62109E-01  8.60678E+00
  1.66016E-01  8.57736E+00
  1.69922E-01  8.54717E+00
  1.73828E-01  8.51620E+00
  1.77734E-01  8.48444E+00
  1.81641E-01  8.45189E+00
  1.85547E-01  8.41853E+00
  1.89453E-01  8.38434E+00
  1.93359E-01  8.34933E+00
  1.97266E-01  8.31347E+00
  2.01172E-01  8.27675E+00
  2.05078E-01  8.23915E+00
  2.08984E-01  8.20066E+00
  2.12891E-01  8.16126E+00
  2.16797E-01  8.12094E+00
  2.20703E-01  8.07966E+00
  2.24609E-01  8.03742E+00
  2.28516E-01  7.99419E+00
  2.32422E-01  7.94995E+00
  2.36328E-01  7.90467E+00
  2.40234E-01  7.85832E+00
  2.44141E-01  7.81087E+00
  2.48047E-01  7.76231E+00
  2.51953E-01  7.71259E+00
  2.55859E-01  7.66168E+00
  2.59766E-01  7.60954E+00
  2.63672E-01  7.55614E+00
  2.67578E-01  7.50143E+00
  2.71484E-01  7.44537E+00
  2.75391E-01  7.38791E+00
  2.79297E-01  7.32900E+00
  2.83203E-01  7.26856E+00
  2.87109E-01  7.20656E+00
  2.91016E-01  7.14291E+00
  2.94922E-01  7.07755E+00
  2.98828E-01  7.01038E+00
  3.02734E-01  6.94133E+00
  3.06641E-01  6.87030E+00
  3.10547E-01  6.79718E+00
  3.14453E-01  6.72185E+00
  3.18359E-01  6.64418E+00
  3.22266E-01  6.56402E+00
  3.26172E-01  6.48123E+00
  3.30078E-01  6.39560E+00
  3.33984E-01  6.30695E+00
  3.37891E-01  6.21502E+00
  3.41797E-01  6.11955E+00
  3.45703E-01  6.02022E+00
  3.49609E-01  5.91648E+00
  3.53516E-01  5.80320E+00
  3.57422E-01  5.56644E+00
  3.61328E-01  1.07287E-01
  3.65234E-01  1.03815E-01
  3.69141E-01  1.00721E-01
  3.73047E-01  9.75582E-02
  3.76953E-01  9.46242E-02
  3.80859E-01  9.16813E-02
  3.84766E-01  8.89599E-02
  3.88672E-01  8.62608E-02
  3.92578E-01  8.37558E-02
  3.96484E-01  8.12914E-02
  4.00391E-01  7.90359E-02
  4.04297E-01  7.67696E-02
  4.08203E-01  7.46399E-02
  4.12109E-01  7.25049E-02
  4.16016E-01  7.04893E-02
  4.19922E-01  6.84706E-02
  4.23828E-01  6.65779E-02
  4.27734E-01  6.47020E-02
  4.31641E-01  6.29500E-02
  4.35547E-01  6.12515E-02
  4.39453E-01  5.97140E-02
  4.43359E-01  5.81882E-02
  4.47266E-01  5.67269E-02
  4.51172E-01  5.53008E-02
  4.55078E-01  5.39823E-02
  4.58984E-01  5.26538E-02
  4.62891E-01  5.13630E-02
  4.66797E-01  5.00856E-02
  4.70703E-01  4.88729E-02
  4.74609E-01  4.76757E-02
  4.78516E-01  4.65384E-02
  4.82422E-01  4.54358E-02
  4.86328E-01  4.43926E-02
  4.90234E-01  4.33558E-02
  4.94141E-01  4.23684E-02
  4.98047E-01  4.13824E-02
  5.01953E-01  4.04191E-02
  5.05859E-01  3.94760E-02
  5.09766E-01  3.85938E-02
  5.13672E-01  3.77490E-02
  5.17578E-01  3.69238E-02
  5.21484E-01  3.61030E-02
  5.25391E-01  3.53075E-02
  5.29297E-01  3.45388E-02
  5.33203E-01  3.37970E-02
  5.37109E-01  3.30741E-02
  5.41016E-01  3.23730E-02
  5.44922E-01  3.16917E-02
  5.48828E-01  3.10278E-02
  5.52734E-01  3.03781E-02
  5.56641E-01  2.97499E-02
  5.60547E-01  2.91383E-02
  5.64453E-01  2.85455E-02
  5.68359E-01  2.79678E-02
  5.72266E-01  2.74045E-02
  5.76172E-01  2.68562E-02
  5.80078E-01  2.63249E-02
  5.83984E-01  2.58076E-02
  5.87891E-01  2.53017E-02
  5.91797E-01  2.48090E-02
  5.95703E-01  2.43287E-02
  5.99609E-01  2.38641E-02
  6.03516E-01  2.34106E-02
  6.07422E-01  2.29649E-02
  6.11328E-01  2.25311E-02
  6.15234E-01  2.21089E-02
  6.19141E-01  2.16997E-02
  6.23047E-01  2.12984E-02
  6.26953E-01  2.09051E-02
  6.30859E-01  2.05222E-02
  6.34766E-01  2.01512E-02
  6.38672E-01  1.97880E-02
  6.42578E-01  1.94324E-02
  6.46484E-01  1.90854E-02
  6.50391E-01  1.87468E-02
  6.54297E-01  1.84172E-02
  6.58203E-01  1.80944E-02
  6.62109E-01  1.77797E-02
  6.66016E-01  1.74729E-02
  6.69922E-01  1.71727E-02
  6.73828E-01  1.68781E-02
  6.77734E-01  1.65898E-02
  6.81641E-01  1.63104E-02
  6.85547E-01  1.60370E-02
  6.89453E-01  1.57674E-02
  6.93359E-01  1.55051E-02
  6.97266E-01  1.52498E-02
  7.01172E-01  1.49987E-02
  7.05078E-01  1.47517E-02
  7.08984E-01  1.45133E-02
  7.12891E-01  1.42792E-02
  7.16797E-01  1.40488E-02
  7.20703E-01  1.38219E-02
  7.24609E-01  1.36022E-02
  7.28516E-01  1.33873E-02
  7.32422E-01  1.31769E-02
  7.36328E-01  1.29708E-02
  7.40234E-01  1.27678E-02
  7.44141E-01  1.25694E-02
  7.48047E-01  1.23760E-02
  7.51953E-01  1.21867E-02
  7.55859E-01  1.19997E-02
  7.59766E-01  1.18179E-02
  7.63672E-01  1.16397E-02
  7.67578E-01  1.14652E-02
  7.71484E-01  1.12939E-02
  7.75391E-01  1.11253E-02
  7.79297E-01  1.09602E-02
  7.83203E-01  1.07995E-02
  7.87109E-01  1.06417E-02
  7.91016E-01  1.04854E-02
  7.94922E-01  1.03344E-02
  7.98828E-01  1.01841E-02
  8.02734E-01  1.00388E-02
  8.06641E-01  9.89355E-03
  8.10547E-01  9.75391E-03
  8.14453E-01  9.61536E-03
  8.18359E-01  9.48131E-03
  8.22266E-01  9.34681E-03
  8.26172E-01  9.21627E-03
  8.30078E-01  9.08731E-03
  8.33984E-01  8.96288E-03
  8.37891E-01  8.84018E-03
  8.41797E-01  8.71775E-03
  8.45703E-01  8.59894E-03
  8.49609E-01  8.48270E-03
  8.53516E-01  8.36862E-03
  8.57422E-01  8.25533E-03
  8.61328E-01  8.14554E-03
  8.65234E-01  8.03668E-03
  8.69141E-01  7.93005E-03
  8.73047E-01  7.82617E-03
  8.76953E-01  7.72387E-03
  8.80859E-01  7.62224E-03
  8.84766E-01  7.52356E-03
  8.88672E-01  7.42625E-03
  8.92578E-01  7.33083E-03
  8.96484E-01  7.23676E-03
  9.00391E-01  7.14562E-03
  9.04297E-01  7.05516E-03
  9.08203E-01  6.96634E-03
  9.12109E-01  6.87905E-03
  9.16016E-01  6.79312E-03
  9.19922E-01  6.70979E-03
  9.23828E-01  6.62631E-03
  9.27734E-01  6.54530E-03
  9.31641E-01  6.46551E-03
  9.35547E-01  6.38787E-03
  9.39453E-01  6.31074E-03
  9.43359E-01  6.23552E-03
  9.47266E-01  6.16154E-03
  9.51172E-01  6.08872E-03
  9.55078E-01  6.01832E-03
  9.58984E-01  5.94890E-03
  9.62891E-01  5.87991E-03
  9.66797E-01  5.81356E-03
  9.70703E-01  5.74873E-03
  9.74609E-01  5.68500E-03
  9.78516E-01  5.62361E-03
  9.82422E-01  5.56318E-03
  9.86328E-01  5.50579E-03
  9.90234E-01  5.45154E-03
  9.94141E-01  5.40626E-03
  9.98047E-01  5.38499E-03
  1.00195E+00  5.38499E-03
