 -1.95312E-03  9.16440E+00
  1.95312E-03  9.16450E+00
  5.85938E-03  9.16337E+00
  9.76562E-03  9.16160E+00
  1.36719E-02  9.15914E+00
  1.75781E-02  9.15597E+00
  2.14844E-02  9.15211E+00
  2.53906E-02  9.14755E+00
  2.92969E-02  9.14230E+00
  3.32031E-02  9.13635E+00
  3.71094E-02  9.12973E+00
  4.10156E-02  9.12241E+00
  4.49219E-02  9.11442E+00
  4.88281E-02  9.10574E+00
  5.27344E-02  9.09638E+00
  5.66406E-02  9.08635E+00
  6.05469E-02  9.07564E+00
  6.44531E-02  9.06425E+00
  6.83594E-02  9.05218E+00
  7.22656E-02  9.03944E+00
  7.61719E-02  9.02602E+00
  8.00781E-02  9.01193E+00
  8.39844E-02  8.99717E+00
  8.78906E-02  8.98173E+00
  9.17969E-02  8.96560E+00
  9.57031E-02  8.94880E+00
  9.96094E-02  8.93132E+00
  1.03516E-01  8.91315E+00
  1.07422E-01  8.89430E+00
  1.11328E-01  8.87476E+00
  1.15234E-01  8.85452E+00
  1.19141E-01  8.83360E+00
  1.23047E-01  8.81197E+00
  1.26953E-01  8.78963E+00
  1.30859E-01  8.76659E+00
  1.34766E-01  8.74283E+00
  1.38672E-01  8.71836E+00
  1.42578E-01  8.69316E+00
  1.46484E-01  8.66724E+00
  1.50391E-01  8.64058E+00
  1.54297E-01  8.61317E+00
  1.58203E-01  8.58502E+00
  1.62109E-01  8.55611E+00
  1.66016E-01  8.52643E+00
  1.69922E-01  8.49598E+00
  1.73828E-01  8.46474E+00
  1.77734E-01  8.43270E+00
  1.81641E-01  8.39986E+00
  1.85547E-01  8.36619E+00
  1.89453E-01  8.33169E+00
  1.93359E-01  8.29634E+00
  1.97266E-01  8.26014E+00
  2.01172E-01  8.22306E+00
  2.05078E-01  8.18510E+00
  2.08984E-01  8.14624E+00
  2.12891E-01  8.10645E+00
  2.16797E-01  8.06572E+00
  2.20703E-01  8.02403E+00
  2.24609E-01  7.98136E+00
  2.28516E-01  7.93767E+00
  2.32422E-01  7.89296E+00
  2.36328E-01  7.84720E+00
  2.40234E-01  7.80035E+00
  2.44141E-01  7.75239E+00
  2.48047E-01  7.70328E+00
  2.51953E-01  7.65300E+00
  2.55859E-01  7.60150E+00
  2.59766E-01  7.54875E+00
  2.63672E-01  7.49471E+00
  2.67578E-01  7.43934E+00
  2.71484E-01  7.38258E+00
  2.75391E-01  7.32438E+00
  2.79297E-01  7.26470E+00
  2.83203E-01  7.20347E+00
  2.87109E-01  7.14062E+00
  2.91016E-01  7.07608E+00
  2.94922E-01  7.00977E+00
  2.98828E-01  6.94162E+00
  3.02734E-01  6.87153E+00
  3.06641E-01  6.79939E+00
  3.10547E-01  6.72510E+00
  3.14453E-01  6.64852E+00
  3.18359E-01  6.56951E+00
  3.22266E-01  6.48794E+00
  3.26172E-01  6.40363E+00
  3.30078E-01  6.31637E+00
  3.33984E-01  6.22595E+00
  3.37891E-01  6.13211E+00
  3.41797E-01  6.03456E+00
  3.45703E-01  5.93295E+00
  3.49609E-01  5.82669E+00
  3.53516E-01  5.71021E+00
  3.57422E-01  5.46637E+00
  3.61328E-01  1.55576E-01
  3.65234E-01  1.48788E-01
  3.69141E-01  1.45274E-01
  3.73047E-01  1.40752E-01
  3.76953E-01  1.36580E-01
  3.80859E-01  1.32405E-01
  3.84766E-01  1.28582E-01
  3.88672E-01  1.24761E-01
  3.92578E-01  1.21242E-01
  3.96484E-01  1.17732E-01
  4.00391E-01  1.14466E-01
  4.04297E-01  1.11201E-01
  4.08203E-01  1.08158E-01
  4.12109E-01  1.05110E-01
  4.16016E-01  1.02277E-01
  4.19922E-01  9.94572E-02
  4.23828E-01  9.68173E-02
  4.27734E-01  9.41970E-02
  4.31641E-01  9.17515E-02
  4.35547E-01  8.93127E-02
  4.39453E-01  8.70743E-02
  4.43359E-01  8.48291E-02
  4.47266E-01  8.27228E-02
  4.51172E-01  8.06232E-02
  4.55078E-01  7.86482E-02
  4.58984E-01  7.66661E-02
  4.62891E-01  7.47810E-02
  4.66797E-01  7.29049E-02
  4.70703E-01  7.11178E-02
  4.74609E-01  6.93317E-02
  4.78516E-01  6.76525E-02
  4.82422E-01  6.60302E-02
  4.86328E-01  6.45141E-02
  4.90234E-01  6.29906E-02
  4.94141E-01  6.15383E-02
  4.98047E-01  6.01217E-02
  5.01953E-01  5.87436E-02
  5.05859E-01  5.73549E-02
  5.09766E-01  5.60017E-02
  5.13672E-01  5.47122E-02
  5.17578E-01  5.34854E-02
  5.21484E-01  5.22856E-02
  5.25391E-01  5.11061E-02
  5.29297E-01  4.99662E-02
  5.33203E-01  4.89057E-02
  5.37109E-01  4.79420E-02
  5.41016E-01  4.70213E-02
  5.44922E-01  4.60795E-02
  5.48828E-01  4.51302E-02
  5.52734E-01  4.41807E-02
  5.56641E-01  4.32480E-02
  5.60547E-01  4.23503E-02
  5.64453E-01  4.14931E-02
  5.68359E-01  4.06692E-02
  5.72266E-01  3.98655E-02
  5.76172E-01  3.90769E-02
  5.80078E-01  3.83017E-02
  5.83984E-01  3.75439E-02
  5.87891E-01  3.68084E-02
  5.91797E-01  3.60961E-02
  5.95703E-01  3.54045E-02
  5.99609E-01  3.47287E-02
  6.03516E-01  3.40671E-02
  6.07422E-01  3.34233E-02
  6.11328E-01  3.27978E-02
  6.15234E-01  3.21883E-02
  6.19141E-01  3.15907E-02
  6.23047E-01  3.10093E-02
  6.26953E-01  3.04439E-02
  6.30859E-01  2.98919E-02
  6.34766E-01  2.93496E-02
  6.38672E-01  2.88204E-02
  6.42578E-01  2.83048E-02
  6.46484E-01  2.78039E-02
  6.50391E-01  2.73125E-02
  6.54297E-01  2.68311E-02
  6.58203E-01  2.63636E-02
  6.62109E-01  2.59071E-02
  6.66016E-01  2.54598E-02
  6.69922E-01  2.50235E-02
  6.73828E-01  2.45988E-02
  6.77734E-01  2.41809E-02
  6.81641E-01  2.37734E-02
  6.85547E-01  2.33770E-02
  6.89453E-01  2.29880E-02
  6.93359E-01  2.26050E-02
  6.97266E-01  2.22328E-02
  7.01172E-01  2.18691E-02
  7.05078E-01  2.15120E-02
  7.08984E-01  2.11636E-02
  7.12891E-01  2.08222E-02
  7.16797E-01  2.04880E-02
  7.20703E-01  2.01600E-02
  7.24609E-01  1.98403E-02
  7.28516E-01  1.95271E-02
  7.32422E-01  1.92230E-02
  7.36328E-01  1.89198E-02
  7.40234E-01  1.86281E-02
  7.44141E-01  1.83380E-02
  7.48047E-01  1.80602E-02
  7.51953E-01  1.77816E-02
  7.55859E-01  1.75121E-02
  7.59766E-01  1.72440E-02
  7.63672E-01  1.69878E-02
  7.67578E-01  1.67329E-02
  7.71484E-01  1.64834E-02
  7.75391E-01  1.62383E-02
  7.79297E-01  1.59993E-02
  7.83203E-01  1.57640E-02
  7.87109E-01  1.55319E-02
  7.91016E-01  1.53074E-02
  7.94922E-01  1.50860E-02
  7.98828E-01  1.48687E-02
  8.02734E-01  1.46547E-02
  8.06641E-01  1.44463E-02
  8.10547E-01  1.42411E-02
  8.14453E-01  1.40403E-02
  8.18359E-01  1.38423E-02
  8.22266E-01  1.36508E-02
  8.26172E-01  1.34599E-02
  8.30078E-01  1.32719E-02
  8.33984E-01  1.30906E-02
  8.37891E-01  1.29122E-02
  8.41797E-01  1.27342E-02
  8.45703E-01  1.25612E-02
  8.49609E-01  1.23913E-02
  8.53516E-01  1.22251E-02
  8.57422E-01  1.20612E-02
  8.61328E-01  1.19000E-02
  8.65234E-01  1.17415E-02
  8.69141E-01  1.15871E-02
  8.73047E-01  1.14340E-02
  8.76953E-01  1.12837E-02
  8.80859E-01  1.11374E-02
  8.84766E-01  1.09923E-02
  8.88672E-01  1.08510E-02
  8.92578E-01  1.07103E-02
  8.96484E-01  1.05745E-02
  9.00391E-01  1.04386E-02
  9.04297E-01  1.03071E-02
  9.08203E-01  1.01777E-02
  9.12109E-01  1.00496E-02
  9.16016E-01  9.92350E-03
  9.19922E-01  9.80109E-03
  9.23828E-01  9.68027E-03
  9.27734E-01  9.56139E-03
  9.31641E-01  9.44553E-03
  9.35547E-01  9.33093E-03
  9.39453E-01  9.21867E-03
  9.43359E-01  9.10817E-03
  9.47266E-01  8.99949E-03
  9.51172E-01  8.89443E-03
  9.55078E-01  8.78979E-03
  9.58984E-01  8.68752E-03
  9.62891E-01  8.58863E-03
  9.66797E-01  8.49073E-03
  9.70703E-01  8.39577E-03
  9.74609E-01  8.30264E-03
  9.78516E-01  8.21325E-03
  9.82422E-01  8.12626E-03
  9.86328E-01  8.04264E-03
  9.90234E-01  7.96372E-03
  9.94141E-01  7.89750E-03
  9.98047E-01  7.86641E-03
  1.00195E+00  7.86641E-03
