 -1.95312E-03  9.24990E+00
  1.95312E-03  9.24999E+00
  5.85938E-03  9.24887E+00
  9.76562E-03  9.24712E+00
  1.36719E-02  9.24469E+00
  1.75781E-02  9.24156E+00
  2.14844E-02  9.23775E+00
  2.53906E-02  9.23325E+00
  2.92969E-02  9.22806E+00
  3.32031E-02  9.22220E+00
  3.71094E-02  9.21565E+00
  4.10156E-02  9.20844E+00
  4.49219E-02  9.20055E+00
  4.88281E-02  9.19199E+00
  5.27344E-02  9.18276E+00
  5.66406E-02  9.17286E+00
  6.05469E-02  9.16230E+00
  6.44531E-02  9.15106E+00
  6.83594E-02  9.13916E+00
  7.22656E-02  9.12660E+00
  7.61719E-02  9.11336E+00
  8.00781E-02  9.09946E+00
  8.39844E-02  9.08490E+00
  8.78906E-02  9.06967E+00
  9.17969E-02  9.05377E+00
  9.57031E-02  9.03721E+00
  9.96094E-02  9.01997E+00
  1.03516E-01  9.00205E+00
  1.07422E-01  8.98346E+00
  1.11328E-01  8.96419E+00
  1.15234E-01  8.94425E+00
  1.19141E-01  8.92362E+00
  1.23047E-01  8.90230E+00
  1.26953E-01  8.88029E+00
  1.30859E-01  8.85758E+00
  1.34766E-01  8.83417E+00
  1.38672E-01  8.81006E+00
  1.42578E-01  8.78524E+00
  1.46484E-01  8.75971E+00
  1.50391E-01  8.73345E+00
  1.54297E-01  8.70647E+00
  1.58203E-01  8.67875E+00
  1.62109E-01  8.65030E+00
  1.66016E-01  8.62108E+00
  1.69922E-01  8.59111E+00
  1.73828E-01  8.56036E+00
  1.77734E-01  8.52884E+00
  1.81641E-01  8.49652E+00
  1.85547E-01  8.46339E+00
  1.89453E-01  8.42946E+00
  1.93359E-01  8.39470E+00
  1.97266E-01  8.35910E+00
  2.01172E-01  8.32265E+00
  2.05078E-01  8.28534E+00
  2.08984E-01  8.24716E+00
  2.12891E-01  8.20807E+00
  2.16797E-01  8.16806E+00
  2.20703E-01  8.12713E+00
  2.24609E-01  8.08524E+00
  2.28516E-01  8.04237E+00
  2.32422E-01  7.99851E+00
  2.36328E-01  7.95362E+00
  2.40234E-01  7.90768E+00
  2.44141E-01  7.86066E+00
  2.48047E-01  7.81254E+00
  2.51953E-01  7.76328E+00
  2.55859E-01  7.71285E+00
  2.59766E-01  7.66121E+00
  2.63672E-01  7.60833E+00
  2.67578E-01  7.55416E+00
  2.71484E-01  7.49867E+00
  2.75391E-01  7.44180E+00
  2.79297E-01  7.38350E+00
  2.83203E-01  7.32372E+00
  2.87109E-01  7.26240E+00
  2.91016E-01  7.19947E+00
  2.94922E-01  7.13486E+00
  2.98828E-01  7.06849E+00
  3.02734E-01  7.00029E+00
  3.06641E-01  6.93014E+00
  3.10547E-01  6.85796E+00
  3.14453E-01  6.78364E+00
  3.18359E-01  6.70703E+00
  3.22266E-01  6.62802E+00
  3.26172E-01  6.54643E+00
  3.30078E-01  6.46211E+00
  3.33984E-01  6.37486E+00
  3.37891E-01  6.28445E+00
  3.41797E-01  6.19063E+00
  3.45703E-01  6.09310E+00
  3.49609E-01  5.99136E+00
  3.53516E-01  5.88058E+00
  3.57422E-01  5.64936E+00
  3.61328E-01  6.54500E-02
  3.65234E-01  6.36572E-02
  3.69141E-01  6.16093E-02
  3.73047E-01  5.97737E-02
  3.76953E-01  5.79528E-02
  3.80859E-01  5.62517E-02
  3.84766E-01  5.45507E-02
  3.88672E-01  5.29603E-02
  3.92578E-01  5.13654E-02
  3.96484E-01  4.98782E-02
  4.00391E-01  4.84350E-02
  4.04297E-01  4.71182E-02
  4.08203E-01  4.58003E-02
  4.12109E-01  4.45377E-02
  4.16016E-01  4.32856E-02
  4.19922E-01  4.21114E-02
  4.23828E-01  4.09378E-02
  4.27734E-01  3.98457E-02
  4.31641E-01  3.87760E-02
  4.35547E-01  3.77808E-02
  4.39453E-01  3.67800E-02
  4.43359E-01  3.58280E-02
  4.47266E-01  3.48865E-02
  4.51172E-01  3.40079E-02
  4.55078E-01  3.31344E-02
  4.58984E-01  3.23169E-02
  4.62891E-01  3.15198E-02
  4.66797E-01  3.07377E-02
  4.70703E-01  2.99802E-02
  4.74609E-01  2.92446E-02
  4.78516E-01  2.85547E-02
  4.82422E-01  2.78693E-02
  4.86328E-01  2.72128E-02
  4.90234E-01  2.65613E-02
  4.94141E-01  2.59502E-02
  4.98047E-01  2.53462E-02
  5.01953E-01  2.47694E-02
  5.05859E-01  2.41940E-02
  5.09766E-01  2.36535E-02
  5.13672E-01  2.31191E-02
  5.17578E-01  2.26086E-02
  5.21484E-01  2.20999E-02
  5.25391E-01  2.16212E-02
  5.29297E-01  2.11462E-02
  5.33203E-01  2.06938E-02
  5.37109E-01  2.02412E-02
  5.41016E-01  1.98141E-02
  5.44922E-01  1.93918E-02
  5.48828E-01  1.89893E-02
  5.52734E-01  1.85871E-02
  5.56641E-01  1.82060E-02
  5.60547E-01  1.78260E-02
  5.64453E-01  1.74672E-02
  5.68359E-01  1.71082E-02
  5.72266E-01  1.67668E-02
  5.76172E-01  1.64253E-02
  5.80078E-01  1.61015E-02
  5.83984E-01  1.57794E-02
  5.87891E-01  1.54747E-02
  5.91797E-01  1.51693E-02
  5.95703E-01  1.48778E-02
  5.99609E-01  1.45868E-02
  6.03516E-01  1.43110E-02
  6.07422E-01  1.40360E-02
  6.11328E-01  1.37737E-02
  6.15234E-01  1.35112E-02
  6.19141E-01  1.32615E-02
  6.23047E-01  1.30135E-02
  6.26953E-01  1.27761E-02
  6.30859E-01  1.25384E-02
  6.34766E-01  1.23118E-02
  6.38672E-01  1.20883E-02
  6.42578E-01  1.18727E-02
  6.46484E-01  1.16596E-02
  6.50391E-01  1.14525E-02
  6.54297E-01  1.12485E-02
  6.58203E-01  1.10523E-02
  6.62109E-01  1.08584E-02
  6.66016E-01  1.06702E-02
  6.69922E-01  1.04858E-02
  6.73828E-01  1.03076E-02
  6.77734E-01  1.01312E-02
  6.81641E-01  9.95957E-03
  6.85547E-01  9.78978E-03
  6.89453E-01  9.62548E-03
  6.93359E-01  9.46698E-03
  6.97266E-01  9.30976E-03
  7.01172E-01  9.15507E-03
  7.05078E-01  9.00415E-03
  7.08984E-01  8.85830E-03
  7.12891E-01  8.71543E-03
  7.16797E-01  8.57399E-03
  7.20703E-01  8.43610E-03
  7.24609E-01  8.30131E-03
  7.28516E-01  8.16971E-03
  7.32422E-01  8.03987E-03
  7.36328E-01  7.91449E-03
  7.40234E-01  7.79134E-03
  7.44141E-01  7.66956E-03
  7.48047E-01  7.55046E-03
  7.51953E-01  7.43425E-03
  7.55859E-01  7.32083E-03
  7.59766E-01  7.20909E-03
  7.63672E-01  7.09960E-03
  7.67578E-01  6.99285E-03
  7.71484E-01  6.88829E-03
  7.75391E-01  6.78570E-03
  7.79297E-01  6.68509E-03
  7.83203E-01  6.58616E-03
  7.87109E-01  6.48876E-03
  7.91016E-01  6.39356E-03
  7.94922E-01  6.30182E-03
  7.98828E-01  6.21049E-03
  8.02734E-01  6.12107E-03
  8.06641E-01  6.03280E-03
  8.10547E-01  5.94701E-03
  8.14453E-01  5.86232E-03
  8.18359E-01  5.78001E-03
  8.22266E-01  5.69952E-03
  8.26172E-01  5.61935E-03
  8.30078E-01  5.54097E-03
  8.33984E-01  5.46409E-03
  8.37891E-01  5.38921E-03
  8.41797E-01  5.31526E-03
  8.45703E-01  5.24316E-03
  8.49609E-01  5.17193E-03
  8.53516E-01  5.10230E-03
  8.57422E-01  5.03436E-03
  8.61328E-01  4.96646E-03
  8.65234E-01  4.90077E-03
  8.69141E-01  4.83569E-03
  8.73047E-01  4.77254E-03
  8.76953E-01  4.70930E-03
  8.80859E-01  4.64809E-03
  8.84766E-01  4.58774E-03
  8.88672E-01  4.52914E-03
  8.92578E-01  4.47076E-03
  8.96484E-01  4.41318E-03
  9.00391E-01  4.35748E-03
  9.04297E-01  4.30236E-03
  9.08203E-01  4.24865E-03
  9.12109E-01  4.19540E-03
  9.16016E-01  4.14331E-03
  9.19922E-01  4.09174E-03
  9.23828E-01  4.04156E-03
  9.27734E-01  3.99206E-03
  9.31641E-01  3.94413E-03
  9.35547E-01  3.89609E-03
  9.39453E-01  3.84952E-03
  9.43359E-01  3.80383E-03
  9.47266E-01  3.75835E-03
  9.51172E-01  3.71436E-03
  9.55078E-01  3.67062E-03
  9.58984E-01  3.62889E-03
  9.62891E-01  3.58728E-03
  9.66797E-01  3.54612E-03
  9.70703E-01  3.50620E-03
  9.74609E-01  3.46752E-03
  9.78516E-01  3.42934E-03
  9.82422E-01  3.39250E-03
  9.86328E-01  3.35772E-03
  9.90234E-01  3.32443E-03
  9.94141E-01  3.29690E-03
  9.98047E-01  3.28392E-03
  1.00195E+00  3.28392E-03
