 -1.95312E-03  9.24466E+00
  1.95312E-03  9.24466E+00
  5.85938E-03  9.24353E+00
  9.76562E-03  9.24178E+00
  1.36719E-02  9.23934E+00
  1.75781E-02  9.23621E+00
  2.14844E-02  9.23240E+00
  2.53906E-02  9.22789E+00
  2.92969E-02  9.22270E+00
  3.32031E-02  9.21683E+00
  3.71094E-02  9.21028E+00
  4.10156E-02  9.20305E+00
  4.49219E-02  9.19516E+00
  4.88281E-02  9.18659E+00
  5.27344E-02  9.17735E+00
  5.66406E-02  9.16744E+00
  6.05469E-02  9.15686E+00
  6.44531E-02  9.14562E+00
  6.83594E-02  9.13371E+00
  7.22656E-02  9.12114E+00
  7.61719E-02  9.10790E+00
  8.00781E-02  9.09399E+00
  8.39844E-02  9.07942E+00
  8.78906E-02  9.06418E+00
  9.17969E-02  9.04827E+00
  9.57031E-02  9.03170E+00
  9.96094E-02  9.01444E+00
  1.03516E-01  8.99651E+00
  1.07422E-01  8.97791E+00
  1.11328E-01  8.95864E+00
  1.15234E-01  8.93868E+00
  1.19141E-01  8.91803E+00
  1.23047E-01  8.89670E+00
  1.26953E-01  8.87468E+00
  1.30859E-01  8.85196E+00
  1.34766E-01  8.82854E+00
  1.38672E-01  8.80441E+00
  1.42578E-01  8.77957E+00
  1.46484E-01  8.75402E+00
  1.50391E-01  8.72775E+00
  1.54297E-01  8.70075E+00
  1.58203E-01  8.67301E+00
  1.62109E-01  8.64453E+00
  1.66016E-01  8.61529E+00
  1.69922E-01  8.58529E+00
  1.73828E-01  8.55452E+00
  1.77734E-01  8.52297E+00
  1.81641E-01  8.49062E+00
  1.85547E-01  8.45747E+00
  1.89453E-01  8.42351E+00
  1.93359E-01  8.38872E+00
  1.97266E-01  8.35310E+00
  2.01172E-01  8.31662E+00
  2.05078E-01  8.27928E+00
  2.08984E-01  8.24105E+00
  2.12891E-01  8.20193E+00
  2.16797E-01  8.16189E+00
  2.20703E-01  8.12091E+00
  2.24609E-01  8.07898E+00
  2.28516E-01  8.03607E+00
  2.32422E-01  7.99215E+00
  2.36328E-01  7.94722E+00
  2.40234E-01  7.90123E+00
  2.44141E-01  7.85416E+00
  2.48047E-01  7.80598E+00
  2.51953E-01  7.75666E+00
  2.55859E-01  7.70617E+00
  2.59766E-01  7.65446E+00
  2.63672E-01  7.60152E+00
  2.67578E-01  7.54729E+00
  2.71484E-01  7.49172E+00
  2.75391E-01  7.43477E+00
  2.79297E-01  7.37640E+00
  2.83203E-01  7.31654E+00
  2.87109E-01  7.25513E+00
  2.91016E-01  7.19211E+00
  2.94922E-01  7.12740E+00
  2.98828E-01  7.06093E+00
  3.02734E-01  6.99262E+00
  3.06641E-01  6.92236E+00
  3.10547E-01  6.85006E+00
  3.14453E-01  6.77560E+00
  3.18359E-01  6.69885E+00
  3.22266E-01  6.61969E+00
  3.26172E-01  6.53795E+00
  3.30078E-01  6.45347E+00
  3.33984E-01  6.36605E+00
  3.37891E-01  6.27545E+00
  3.41797E-01  6.18143E+00
  3.45703E-01  6.08368E+00
  3.49609E-01  5.98170E+00
  3.53516E-01  5.87062E+00
  3.57422E-01  5.63871E+00
  3.61328E-01  7.08926E-02
  3.65234E-01  6.89489E-02
  3.69141E-01  6.67671E-02
  3.73047E-01  6.47233E-02
  3.76953E-01  6.26807E-02
  3.80859E-01  6.07940E-02
  3.84766E-01  5.89495E-02
  3.88672E-01  5.72438E-02
  3.92578E-01  5.55436E-02
  3.96484E-01  5.39992E-02
  4.00391E-01  5.24484E-02
  4.04297E-01  5.09720E-02
  4.08203E-01  4.95030E-02
  4.12109E-01  4.81380E-02
  4.16016E-01  4.67956E-02
  4.19922E-01  4.55479E-02
  4.23828E-01  4.43004E-02
  4.27734E-01  4.31451E-02
  4.31641E-01  4.19860E-02
  4.35547E-01  4.08853E-02
  4.39453E-01  3.97820E-02
  4.43359E-01  3.87487E-02
  4.47266E-01  3.77651E-02
  4.51172E-01  3.68027E-02
  4.55078E-01  3.58831E-02
  4.58984E-01  3.49735E-02
  4.62891E-01  3.41082E-02
  4.66797E-01  3.32466E-02
  4.70703E-01  3.24404E-02
  4.74609E-01  3.16566E-02
  4.78516E-01  3.09087E-02
  4.82422E-01  3.01590E-02
  4.86328E-01  2.94457E-02
  4.90234E-01  2.87462E-02
  4.94141E-01  2.80895E-02
  4.98047E-01  2.74346E-02
  5.01953E-01  2.68063E-02
  5.05859E-01  2.61885E-02
  5.09766E-01  2.56064E-02
  5.13672E-01  2.50257E-02
  5.17578E-01  2.44718E-02
  5.21484E-01  2.39231E-02
  5.25391E-01  2.34055E-02
  5.29297E-01  2.28915E-02
  5.33203E-01  2.23981E-02
  5.37109E-01  2.19109E-02
  5.41016E-01  2.14513E-02
  5.44922E-01  2.09924E-02
  5.48828E-01  2.05553E-02
  5.52734E-01  2.01195E-02
  5.56641E-01  1.97077E-02
  5.60547E-01  1.92975E-02
  5.64453E-01  1.89091E-02
  5.68359E-01  1.85198E-02
  5.72266E-01  1.81503E-02
  5.76172E-01  1.77812E-02
  5.80078E-01  1.74331E-02
  5.83984E-01  1.70859E-02
  5.87891E-01  1.67538E-02
  5.91797E-01  1.64214E-02
  5.95703E-01  1.61054E-02
  5.99609E-01  1.57930E-02
  6.03516E-01  1.54949E-02
  6.07422E-01  1.51977E-02
  6.11328E-01  1.49123E-02
  6.15234E-01  1.46291E-02
  6.19141E-01  1.43590E-02
  6.23047E-01  1.40916E-02
  6.26953E-01  1.38317E-02
  6.30859E-01  1.35774E-02
  6.34766E-01  1.33317E-02
  6.38672E-01  1.30896E-02
  6.42578E-01  1.28546E-02
  6.46484E-01  1.26229E-02
  6.50391E-01  1.23993E-02
  6.54297E-01  1.21808E-02
  6.58203E-01  1.19680E-02
  6.62109E-01  1.17577E-02
  6.66016E-01  1.15544E-02
  6.69922E-01  1.13546E-02
  6.73828E-01  1.11595E-02
  6.77734E-01  1.09692E-02
  6.81641E-01  1.07822E-02
  6.85547E-01  1.06019E-02
  6.89453E-01  1.04254E-02
  6.93359E-01  1.02509E-02
  6.97266E-01  1.00794E-02
  7.01172E-01  9.91319E-03
  7.05078E-01  9.75242E-03
  7.08984E-01  9.59308E-03
  7.12891E-01  9.43662E-03
  7.16797E-01  9.28381E-03
  7.20703E-01  9.13603E-03
  7.24609E-01  8.99011E-03
  7.28516E-01  8.84716E-03
  7.32422E-01  8.70796E-03
  7.36328E-01  8.57073E-03
  7.40234E-01  8.43623E-03
  7.44141E-01  8.30517E-03
  7.48047E-01  8.17758E-03
  7.51953E-01  8.05200E-03
  7.55859E-01  7.92827E-03
  7.59766E-01  7.80740E-03
  7.63672E-01  7.68932E-03
  7.67578E-01  7.57332E-03
  7.71484E-01  7.45956E-03
  7.75391E-01  7.34818E-03
  7.79297E-01  7.23941E-03
  7.83203E-01  7.13225E-03
  7.87109E-01  7.02865E-03
  7.91016E-01  6.92552E-03
  7.94922E-01  6.82421E-03
  7.98828E-01  6.72490E-03
  8.02734E-01  6.62879E-03
  8.06641E-01  6.53407E-03
  8.10547E-01  6.44084E-03
  8.14453E-01  6.34975E-03
  8.18359E-01  6.25936E-03
  8.22266E-01  6.17140E-03
  8.26172E-01  6.08549E-03
  8.30078E-01  6.00151E-03
  8.33984E-01  5.91808E-03
  8.37891E-01  5.83652E-03
  8.41797E-01  5.75633E-03
  8.45703E-01  5.67772E-03
  8.49609E-01  5.60128E-03
  8.53516E-01  5.52503E-03
  8.57422E-01  5.45148E-03
  8.61328E-01  5.37856E-03
  8.65234E-01  5.30763E-03
  8.69141E-01  5.23667E-03
  8.73047E-01  5.16822E-03
  8.76953E-01  5.10046E-03
  8.80859E-01  5.03408E-03
  8.84766E-01  4.96827E-03
  8.88672E-01  4.90411E-03
  8.92578E-01  4.84186E-03
  8.96484E-01  4.77966E-03
  9.00391E-01  4.71889E-03
  9.04297E-01  4.65899E-03
  9.08203E-01  4.60070E-03
  9.12109E-01  4.54321E-03
  9.16016E-01  4.48702E-03
  9.19922E-01  4.43125E-03
  9.23828E-01  4.37686E-03
  9.27734E-01  4.32282E-03
  9.31641E-01  4.27089E-03
  9.35547E-01  4.21929E-03
  9.39453E-01  4.16848E-03
  9.43359E-01  4.11922E-03
  9.47266E-01  4.07008E-03
  9.51172E-01  4.02246E-03
  9.55078E-01  3.97492E-03
  9.58984E-01  3.92941E-03
  9.62891E-01  3.88478E-03
  9.66797E-01  3.84037E-03
  9.70703E-01  3.79697E-03
  9.74609E-01  3.75512E-03
  9.78516E-01  3.71392E-03
  9.82422E-01  3.67391E-03
  9.86328E-01  3.63624E-03
  9.90234E-01  3.60023E-03
  9.94141E-01  3.57040E-03
  9.98047E-01  3.55634E-03
  1.00195E+00  3.55634E-03
