 -1.95312E-03  9.12190E+00
  1.95312E-03  9.12200E+00
  5.85938E-03  9.12087E+00
  9.76562E-03  9.11909E+00
  1.36719E-02  9.11661E+00
  1.75781E-02  9.11343E+00
  2.14844E-02  9.10954E+00
  2.53906E-02  9.10495E+00
  2.92969E-02  9.09967E+00
  3.32031E-02  9.09369E+00
  3.71094E-02  9.08701E+00
  4.10156E-02  9.07965E+00
  4.49219E-02  9.07160E+00
  4.88281E-02  9.06286E+00
  5.27344E-02  9.05344E+00
  5.66406E-02  9.04334E+00
  6.05469E-02  9.03255E+00
  6.44531E-02  9.02108E+00
  6.83594E-02  9.00894E+00
  7.22656E-02  8.99611E+00
  7.61719E-02  8.98260E+00
  8.00781E-02  8.96840E+00
  8.39844E-02  8.95354E+00
  8.78906E-02  8.93798E+00
  9.17969E-02  8.92175E+00
  9.57031E-02  8.90483E+00
  9.96094E-02  8.88722E+00
  1.03516E-01  8.86892E+00
  1.07422E-01  8.84993E+00
  1.11328E-01  8.83025E+00
  1.15234E-01  8.80987E+00
  1.19141E-01  8.78878E+00
  1.23047E-01  8.76700E+00
  1.26953E-01  8.74450E+00
  1.30859E-01  8.72128E+00
  1.34766E-01  8.69735E+00
  1.38672E-01  8.67269E+00
  1.42578E-01  8.64730E+00
  1.46484E-01  8.62118E+00
  1.50391E-01  8.59432E+00
  1.54297E-01  8.56670E+00
  1.58203E-01  8.53833E+00
  1.62109E-01  8.50919E+00
  1.66016E-01  8.47927E+00
  1.69922E-01  8.44857E+00
  1.73828E-01  8.41707E+00
  1.77734E-01  8.38477E+00
  1.81641E-01  8.35164E+00
  1.85547E-01  8.31769E+00
  1.89453E-01  8.28289E+00
  1.93359E-01  8.24724E+00
  1.97266E-01  8.21072E+00
  2.01172E-01  8.17332E+00
  2.05078E-01  8.13502E+00
  2.08984E-01  8.09580E+00
  2.12891E-01  8.05565E+00
  2.16797E-01  8.01454E+00
  2.20703E-01  7.97245E+00
  2.24609E-01  7.92937E+00
  2.28516E-01  7.88526E+00
  2.32422E-01  7.84011E+00
  2.36328E-01  7.79389E+00
  2.40234E-01  7.74656E+00
  2.44141E-01  7.69810E+00
  2.48047E-01  7.64848E+00
  2.51953E-01  7.59766E+00
  2.55859E-01  7.54560E+00
  2.59766E-01  7.49227E+00
  2.63672E-01  7.43762E+00
  2.67578E-01  7.38162E+00
  2.71484E-01  7.32420E+00
  2.75391E-01  7.26531E+00
  2.79297E-01  7.20490E+00
  2.83203E-01  7.14291E+00
  2.87109E-01  7.07926E+00
  2.91016E-01  7.01388E+00
  2.94922E-01  6.94669E+00
  2.98828E-01  6.87760E+00
  3.02734E-01  6.80651E+00
  3.06641E-01  6.73332E+00
  3.10547E-01  6.65791E+00
  3.14453E-01  6.58014E+00
  3.18359E-01  6.49987E+00
  3.22266E-01  6.41693E+00
  3.26172E-01  6.33115E+00
  3.30078E-01  6.24232E+00
  3.33984E-01  6.15019E+00
  3.37891E-01  6.05450E+00
  3.41797E-01  5.95492E+00
  3.45703E-01  5.85109E+00
  3.49609E-01  5.74234E+00
  3.53516E-01  5.62269E+00
  3.57422E-01  5.37181E+00
  3.61328E-01  2.01479E-01
  3.65234E-01  1.90622E-01
  3.69141E-01  1.86174E-01
  3.73047E-01  1.80402E-01
  3.76953E-01  1.75103E-01
  3.80859E-01  1.69797E-01
  3.84766E-01  1.64898E-01
  3.88672E-01  1.59993E-01
  3.92578E-01  1.55452E-01
  3.96484E-01  1.50904E-01
  4.00391E-01  1.46703E-01
  4.04297E-01  1.42498E-01
  4.08203E-01  1.38619E-01
  4.12109E-01  1.34748E-01
  4.16016E-01  1.31169E-01
  4.19922E-01  1.27582E-01
  4.23828E-01  1.24232E-01
  4.27734E-01  1.20878E-01
  4.31641E-01  1.17743E-01
  4.35547E-01  1.14603E-01
  4.39453E-01  1.11683E-01
  4.43359E-01  1.08783E-01
  4.47266E-01  1.06078E-01
  4.51172E-01  1.03372E-01
  4.55078E-01  1.00870E-01
  4.58984E-01  9.83518E-02
  4.62891E-01  9.59742E-02
  4.66797E-01  9.36217E-02
  4.70703E-01  9.13996E-02
  4.74609E-01  8.91762E-02
  4.78516E-01  8.70938E-02
  4.82422E-01  8.50061E-02
  4.86328E-01  8.30193E-02
  4.90234E-01  8.10549E-02
  4.94141E-01  7.92266E-02
  4.98047E-01  7.74209E-02
  5.01953E-01  7.56848E-02
  5.05859E-01  7.39581E-02
  5.09766E-01  7.23540E-02
  5.13672E-01  7.07989E-02
  5.17578E-01  6.92793E-02
  5.21484E-01  6.77501E-02
  5.25391E-01  6.62543E-02
  5.29297E-01  6.47817E-02
  5.33203E-01  6.33328E-02
  5.37109E-01  6.19086E-02
  5.41016E-01  6.05827E-02
  5.44922E-01  5.93524E-02
  5.48828E-01  5.81761E-02
  5.52734E-01  5.69853E-02
  5.56641E-01  5.57980E-02
  5.60547E-01  5.46299E-02
  5.64453E-01  5.35034E-02
  5.68359E-01  5.24122E-02
  5.72266E-01  5.13403E-02
  5.76172E-01  5.02727E-02
  5.80078E-01  4.92271E-02
  5.83984E-01  4.82251E-02
  5.87891E-01  4.72895E-02
  5.91797E-01  4.64089E-02
  5.95703E-01  4.55744E-02
  5.99609E-01  4.47492E-02
  6.03516E-01  4.39243E-02
  6.07422E-01  4.30988E-02
  6.11328E-01  4.22839E-02
  6.15234E-01  4.14922E-02
  6.19141E-01  4.07286E-02
  6.23047E-01  3.99865E-02
  6.26953E-01  3.92604E-02
  6.30859E-01  3.85493E-02
  6.34766E-01  3.78566E-02
  6.38672E-01  3.71792E-02
  6.42578E-01  3.65147E-02
  6.46484E-01  3.58673E-02
  6.50391E-01  3.52390E-02
  6.54297E-01  3.46230E-02
  6.58203E-01  3.40187E-02
  6.62109E-01  3.34321E-02
  6.66016E-01  3.28576E-02
  6.69922E-01  3.22971E-02
  6.73828E-01  3.17502E-02
  6.77734E-01  3.12162E-02
  6.81641E-01  3.06892E-02
  6.85547E-01  3.01798E-02
  6.89453E-01  2.96763E-02
  6.93359E-01  2.91891E-02
  6.97266E-01  2.87045E-02
  7.01172E-01  2.82395E-02
  7.05078E-01  2.77761E-02
  7.08984E-01  2.73322E-02
  7.12891E-01  2.68877E-02
  7.16797E-01  2.64609E-02
  7.20703E-01  2.60395E-02
  7.24609E-01  2.56283E-02
  7.28516E-01  2.52260E-02
  7.32422E-01  2.48324E-02
  7.36328E-01  2.44465E-02
  7.40234E-01  2.40659E-02
  7.44141E-01  2.36962E-02
  7.48047E-01  2.33346E-02
  7.51953E-01  2.29794E-02
  7.55859E-01  2.26278E-02
  7.59766E-01  2.22869E-02
  7.63672E-01  2.19537E-02
  7.67578E-01  2.16249E-02
  7.71484E-01  2.13016E-02
  7.75391E-01  2.09880E-02
  7.79297E-01  2.06791E-02
  7.83203E-01  2.03769E-02
  7.87109E-01  2.00799E-02
  7.91016E-01  1.97895E-02
  7.94922E-01  1.95032E-02
  7.98828E-01  1.92227E-02
  8.02734E-01  1.89497E-02
  8.06641E-01  1.86813E-02
  8.10547E-01  1.84145E-02
  8.14453E-01  1.81578E-02
  8.18359E-01  1.79020E-02
  8.22266E-01  1.76509E-02
  8.26172E-01  1.74074E-02
  8.30078E-01  1.71675E-02
  8.33984E-01  1.69295E-02
  8.37891E-01  1.66977E-02
  8.41797E-01  1.64710E-02
  8.45703E-01  1.62482E-02
  8.49609E-01  1.60283E-02
  8.53516E-01  1.58122E-02
  8.57422E-01  1.56030E-02
  8.61328E-01  1.53943E-02
  8.65234E-01  1.51913E-02
  8.69141E-01  1.49897E-02
  8.73047E-01  1.47950E-02
  8.76953E-01  1.45999E-02
  8.80859E-01  1.44110E-02
  8.84766E-01  1.42249E-02
  8.88672E-01  1.40411E-02
  8.92578E-01  1.38610E-02
  8.96484E-01  1.36839E-02
  9.00391E-01  1.35094E-02
  9.04297E-01  1.33394E-02
  9.08203E-01  1.31712E-02
  9.12109E-01  1.30050E-02
  9.16016E-01  1.28437E-02
  9.19922E-01  1.26843E-02
  9.23828E-01  1.25278E-02
  9.27734E-01  1.23739E-02
  9.31641E-01  1.22224E-02
  9.35547E-01  1.20745E-02
  9.39453E-01  1.19284E-02
  9.43359E-01  1.17867E-02
  9.47266E-01  1.16465E-02
  9.51172E-01  1.15081E-02
  9.55078E-01  1.13742E-02
  9.58984E-01  1.12415E-02
  9.62891E-01  1.11123E-02
  9.66797E-01  1.09857E-02
  9.70703E-01  1.08629E-02
  9.74609E-01  1.07423E-02
  9.78516E-01  1.06259E-02
  9.82422E-01  1.05139E-02
  9.86328E-01  1.04065E-02
  9.90234E-01  1.03050E-02
  9.94141E-01  1.02193E-02
  9.98047E-01  1.01792E-02
  1.00195E+00  1.01792E-02
