 -1.95312E-03  9.24191E+00
  1.95312E-03  9.24191E+00
  5.85938E-03  9.24078E+00
  9.76562E-03  9.23903E+00
  1.36719E-02  9.23660E+00
  1.75781E-02  9.23347E+00
  2.14844E-02  9.22965E+00
  2.53906E-02  9.22514E+00
  2.92969E-02  9.21996E+00
  3.32031E-02  9.21408E+00
  3.71094E-02  9.20753E+00
  4.10156E-02  9.20031E+00
  4.49219E-02  9.19241E+00
  4.88281E-02  9.18384E+00
  5.27344E-02  9.17459E+00
  5.66406E-02  9.16468E+00
  6.05469E-02  9.15410E+00
  6.44531E-02  9.14286E+00
  6.83594E-02  9.13095E+00
  7.22656E-02  9.11837E+00
  7.61719E-02  9.10513E+00
  8.00781E-02  9.09122E+00
  8.39844E-02  9.07665E+00
  8.78906E-02  9.06141E+00
  9.17969E-02  9.04550E+00
  9.57031E-02  9.02892E+00
  9.96094E-02  9.01166E+00
  1.03516E-01  8.99372E+00
  1.07422E-01  8.97512E+00
  1.11328E-01  8.95583E+00
  1.15234E-01  8.93587E+00
  1.19141E-01  8.91522E+00
  1.23047E-01  8.89387E+00
  1.26953E-01  8.87184E+00
  1.30859E-01  8.84911E+00
  1.34766E-01  8.82567E+00
  1.38672E-01  8.80154E+00
  1.42578E-01  8.77668E+00
  1.46484E-01  8.75112E+00
  1.50391E-01  8.72483E+00
  1.54297E-01  8.69781E+00
  1.58203E-01  8.67005E+00
  1.62109E-01  8.64155E+00
  1.66016E-01  8.61230E+00
  1.69922E-01  8.58228E+00
  1.73828E-01  8.55149E+00
  1.77734E-01  8.51992E+00
  1.81641E-01  8.48756E+00
  1.85547E-01  8.45439E+00
  1.89453E-01  8.42041E+00
  1.93359E-01  8.38561E+00
  1.97266E-01  8.34996E+00
  2.01172E-01  8.31347E+00
  2.05078E-01  8.27610E+00
  2.08984E-01  8.23786E+00
  2.12891E-01  8.19871E+00
  2.16797E-01  8.15866E+00
  2.20703E-01  8.11765E+00
  2.24609E-01  8.07570E+00
  2.28516E-01  8.03276E+00
  2.32422E-01  7.98882E+00
  2.36328E-01  7.94386E+00
  2.40234E-01  7.89785E+00
  2.44141E-01  7.85075E+00
  2.48047E-01  7.80254E+00
  2.51953E-01  7.75320E+00
  2.55859E-01  7.70267E+00
  2.59766E-01  7.65094E+00
  2.63672E-01  7.59796E+00
  2.67578E-01  7.54370E+00
  2.71484E-01  7.48809E+00
  2.75391E-01  7.43111E+00
  2.79297E-01  7.37269E+00
  2.83203E-01  7.31279E+00
  2.87109E-01  7.25134E+00
  2.91016E-01  7.18827E+00
  2.94922E-01  7.12351E+00
  2.98828E-01  7.05699E+00
  3.02734E-01  6.98862E+00
  3.06641E-01  6.91830E+00
  3.10547E-01  6.84594E+00
  3.14453E-01  6.77141E+00
  3.18359E-01  6.69459E+00
  3.22266E-01  6.61534E+00
  3.26172E-01  6.53352E+00
  3.30078E-01  6.44894E+00
  3.33984E-01  6.36141E+00
  3.37891E-01  6.27070E+00
  3.41797E-01  6.17656E+00
  3.45703E-01  6.07868E+00
  3.49609E-01  5.97656E+00
  3.53516E-01  5.86530E+00
  3.57422E-01  5.63302E+00
  3.61328E-01  7.36230E-02
  3.65234E-01  7.16103E-02
  3.69141E-01  6.93819E-02
  3.73047E-01  6.73034E-02
  3.76953E-01  6.52162E-02
  3.80859E-01  6.32576E-02
  3.84766E-01  6.13072E-02
  3.88672E-01  5.95162E-02
  3.92578E-01  5.77376E-02
  3.96484E-01  5.60795E-02
  4.00391E-01  5.44592E-02
  4.04297E-01  5.29761E-02
  4.08203E-01  5.14814E-02
  4.12109E-01  5.00666E-02
  4.16016E-01  4.86616E-02
  4.19922E-01  4.73474E-02
  4.23828E-01  4.60392E-02
  4.27734E-01  4.48235E-02
  4.31641E-01  4.36234E-02
  4.35547E-01  4.24979E-02
  4.39453E-01  4.14030E-02
  4.43359E-01  4.03065E-02
  4.47266E-01  3.92630E-02
  4.51172E-01  3.82489E-02
  4.55078E-01  3.72966E-02
  4.58984E-01  3.63570E-02
  4.62891E-01  3.54678E-02
  4.66797E-01  3.45888E-02
  4.70703E-01  3.37419E-02
  4.74609E-01  3.29036E-02
  4.78516E-01  3.21209E-02
  4.82422E-01  3.13562E-02
  4.86328E-01  3.06264E-02
  4.90234E-01  2.98958E-02
  4.94141E-01  2.91992E-02
  4.98047E-01  2.85202E-02
  5.01953E-01  2.78771E-02
  5.05859E-01  2.72342E-02
  5.09766E-01  2.66220E-02
  5.13672E-01  2.60198E-02
  5.17578E-01  2.54486E-02
  5.21484E-01  2.48807E-02
  5.25391E-01  2.43364E-02
  5.29297E-01  2.38012E-02
  5.33203E-01  2.32947E-02
  5.37109E-01  2.27876E-02
  5.41016E-01  2.23050E-02
  5.44922E-01  2.18270E-02
  5.48828E-01  2.13757E-02
  5.52734E-01  2.09244E-02
  5.56641E-01  2.04954E-02
  5.60547E-01  2.00667E-02
  5.64453E-01  1.96614E-02
  5.68359E-01  1.92578E-02
  5.72266E-01  1.88759E-02
  5.76172E-01  1.84929E-02
  5.80078E-01  1.81283E-02
  5.83984E-01  1.77645E-02
  5.87891E-01  1.74214E-02
  5.91797E-01  1.70802E-02
  5.95703E-01  1.67513E-02
  5.99609E-01  1.64242E-02
  6.03516E-01  1.61118E-02
  6.07422E-01  1.58039E-02
  6.11328E-01  1.55086E-02
  6.15234E-01  1.52160E-02
  6.19141E-01  1.49317E-02
  6.23047E-01  1.46546E-02
  6.26953E-01  1.43861E-02
  6.30859E-01  1.41211E-02
  6.34766E-01  1.38644E-02
  6.38672E-01  1.36128E-02
  6.42578E-01  1.33693E-02
  6.46484E-01  1.31299E-02
  6.50391E-01  1.28962E-02
  6.54297E-01  1.26668E-02
  6.58203E-01  1.24457E-02
  6.62109E-01  1.22288E-02
  6.66016E-01  1.20165E-02
  6.69922E-01  1.18096E-02
  6.73828E-01  1.16064E-02
  6.77734E-01  1.14091E-02
  6.81641E-01  1.12151E-02
  6.85547E-01  1.10248E-02
  6.89453E-01  1.08405E-02
  6.93359E-01  1.06614E-02
  6.97266E-01  1.04855E-02
  7.01172E-01  1.03107E-02
  7.05078E-01  1.01413E-02
  7.08984E-01  9.97679E-03
  7.12891E-01  9.81604E-03
  7.16797E-01  9.65662E-03
  7.20703E-01  9.50119E-03
  7.24609E-01  9.35030E-03
  7.28516E-01  9.20173E-03
  7.32422E-01  9.05659E-03
  7.36328E-01  8.91480E-03
  7.40234E-01  8.77547E-03
  7.44141E-01  8.63831E-03
  7.48047E-01  8.50451E-03
  7.51953E-01  8.37445E-03
  7.55859E-01  8.24671E-03
  7.59766E-01  8.12088E-03
  7.63672E-01  7.99775E-03
  7.67578E-01  7.87726E-03
  7.71484E-01  7.75928E-03
  7.75391E-01  7.64299E-03
  7.79297E-01  7.53007E-03
  7.83203E-01  7.41813E-03
  7.87109E-01  7.30968E-03
  7.91016E-01  7.20345E-03
  7.94922E-01  7.09902E-03
  7.98828E-01  6.99535E-03
  8.02734E-01  6.89427E-03
  8.06641E-01  6.79600E-03
  8.10547E-01  6.69901E-03
  8.14453E-01  6.60460E-03
  8.18359E-01  6.51121E-03
  8.22266E-01  6.41935E-03
  8.26172E-01  6.32918E-03
  8.30078E-01  6.24188E-03
  8.33984E-01  6.15571E-03
  8.37891E-01  6.07091E-03
  8.41797E-01  5.98772E-03
  8.45703E-01  5.90538E-03
  8.49609E-01  5.82597E-03
  8.53516E-01  5.74678E-03
  8.57422E-01  5.66999E-03
  8.61328E-01  5.59383E-03
  8.65234E-01  5.52053E-03
  8.69141E-01  5.44696E-03
  8.73047E-01  5.37537E-03
  8.76953E-01  5.30495E-03
  8.80859E-01  5.23611E-03
  8.84766E-01  5.16797E-03
  8.88672E-01  5.10063E-03
  8.92578E-01  5.03579E-03
  8.96484E-01  4.97146E-03
  9.00391E-01  4.90831E-03
  9.04297E-01  4.84588E-03
  9.08203E-01  4.78508E-03
  9.12109E-01  4.72525E-03
  9.16016E-01  4.66687E-03
  9.19922E-01  4.60896E-03
  9.23828E-01  4.55251E-03
  9.27734E-01  4.49618E-03
  9.31641E-01  4.44192E-03
  9.35547E-01  4.38847E-03
  9.39453E-01  4.33553E-03
  9.43359E-01  4.28431E-03
  9.47266E-01  4.23326E-03
  9.51172E-01  4.18379E-03
  9.55078E-01  4.13433E-03
  9.58984E-01  4.08674E-03
  9.62891E-01  4.04046E-03
  9.66797E-01  3.99444E-03
  9.70703E-01  3.94923E-03
  9.74609E-01  3.90569E-03
  9.78516E-01  3.86293E-03
  9.82422E-01  3.82127E-03
  9.86328E-01  3.78208E-03
  9.90234E-01  3.74464E-03
  9.94141E-01  3.71361E-03
  9.98047E-01  3.69899E-03
  1.00195E+00  3.69899E-03
