 -1.95312E-03  8.98212E+00
  1.95312E-03  8.98216E+00
  5.85938E-03  8.98101E+00
  9.76562E-03  8.97920E+00
  1.36719E-02  8.97667E+00
  1.75781E-02  8.97341E+00
  2.14844E-02  8.96944E+00
  2.53906E-02  8.96475E+00
  2.92969E-02  8.95934E+00
  3.32031E-02  8.95322E+00
  3.71094E-02  8.94639E+00
  4.10156E-02  8.93886E+00
  4.49219E-02  8.93062E+00
  4.88281E-02  8.92168E+00
  5.27344E-02  8.91204E+00
  5.66406E-02  8.90170E+00
  6.05469E-02  8.89065E+00
  6.44531E-02  8.87891E+00
  6.83594E-02  8.86647E+00
  7.22656E-02  8.85334E+00
  7.61719E-02  8.83950E+00
  8.00781E-02  8.82497E+00
  8.39844E-02  8.80974E+00
  8.78906E-02  8.79381E+00
  9.17969E-02  8.77717E+00
  9.57031E-02  8.75984E+00
  9.96094E-02  8.74179E+00
  1.03516E-01  8.72304E+00
  1.07422E-01  8.70358E+00
  1.11328E-01  8.68340E+00
  1.15234E-01  8.66251E+00
  1.19141E-01  8.64089E+00
  1.23047E-01  8.61854E+00
  1.26953E-01  8.59546E+00
  1.30859E-01  8.57165E+00
  1.34766E-01  8.54709E+00
  1.38672E-01  8.52178E+00
  1.42578E-01  8.49573E+00
  1.46484E-01  8.46891E+00
  1.50391E-01  8.44132E+00
  1.54297E-01  8.41295E+00
  1.58203E-01  8.38380E+00
  1.62109E-01  8.35385E+00
  1.66016E-01  8.32310E+00
  1.69922E-01  8.29153E+00
  1.73828E-01  8.25914E+00
  1.77734E-01  8.22591E+00
  1.81641E-01  8.19182E+00
  1.85547E-01  8.15687E+00
  1.89453E-01  8.12105E+00
  1.93359E-01  8.08433E+00
  1.97266E-01  8.04672E+00
  2.01172E-01  8.00817E+00
  2.05078E-01  7.96869E+00
  2.08984E-01  7.92825E+00
  2.12891E-01  7.88682E+00
  2.16797E-01  7.84440E+00
  2.20703E-01  7.80094E+00
  2.24609E-01  7.75644E+00
  2.28516E-01  7.71086E+00
  2.32422E-01  7.66417E+00
  2.36328E-01  7.61635E+00
  2.40234E-01  7.56737E+00
  2.44141E-01  7.51718E+00
  2.48047E-01  7.46576E+00
  2.51953E-01  7.41306E+00
  2.55859E-01  7.35905E+00
  2.59766E-01  7.30368E+00
  2.63672E-01  7.24690E+00
  2.67578E-01  7.18865E+00
  2.71484E-01  7.12889E+00
  2.75391E-01  7.06754E+00
  2.79297E-01  7.00455E+00
  2.83203E-01  6.93984E+00
  2.87109E-01  6.87334E+00
  2.91016E-01  6.80495E+00
  2.94922E-01  6.73458E+00
  2.98828E-01  6.66212E+00
  3.02734E-01  6.58746E+00
  3.06641E-01  6.51047E+00
  3.10547E-01  6.43102E+00
  3.14453E-01  6.34894E+00
  3.18359E-01  6.26405E+00
  3.22266E-01  6.17617E+00
  3.26172E-01  6.08505E+00
  3.30078E-01  5.99044E+00
  3.33984E-01  5.89203E+00
  3.37891E-01  5.78948E+00
  3.41797E-01  5.68236E+00
  3.45703E-01  5.57019E+00
  3.49609E-01  5.45203E+00
  3.53516E-01  5.32000E+00
  3.57422E-01  5.04151E+00
  3.61328E-01  3.63601E-01
  3.65234E-01  3.27688E-01
  3.69141E-01  3.20087E-01
  3.73047E-01  3.10394E-01
  3.76953E-01  3.01430E-01
  3.80859E-01  2.92485E-01
  3.84766E-01  2.84204E-01
  3.88672E-01  2.75921E-01
  3.92578E-01  2.68260E-01
  3.96484E-01  2.60592E-01
  4.00391E-01  2.53487E-01
  4.04297E-01  2.46377E-01
  4.08203E-01  2.39782E-01
  4.12109E-01  2.33183E-01
  4.16016E-01  2.27050E-01
  4.19922E-01  2.20911E-01
  4.23828E-01  2.15201E-01
  4.27734E-01  2.09486E-01
  4.31641E-01  2.04167E-01
  4.35547E-01  1.98847E-01
  4.39453E-01  1.93895E-01
  4.43359E-01  1.88933E-01
  4.47266E-01  1.84282E-01
  4.51172E-01  1.79629E-01
  4.55078E-01  1.75280E-01
  4.58984E-01  1.70937E-01
  4.62891E-01  1.66881E-01
  4.66797E-01  1.62815E-01
  4.70703E-01  1.59004E-01
  4.74609E-01  1.55192E-01
  4.78516E-01  1.51620E-01
  4.82422E-01  1.48048E-01
  4.86328E-01  1.44691E-01
  4.90234E-01  1.41331E-01
  4.94141E-01  1.38167E-01
  4.98047E-01  1.35002E-01
  5.01953E-01  1.32005E-01
  5.05859E-01  1.29029E-01
  5.09766E-01  1.26218E-01
  5.13672E-01  1.23410E-01
  5.17578E-01  1.20776E-01
  5.21484E-01  1.18140E-01
  5.25391E-01  1.15645E-01
  5.29297E-01  1.13156E-01
  5.33203E-01  1.10723E-01
  5.37109E-01  1.08396E-01
  5.41016E-01  1.06089E-01
  5.44922E-01  1.03927E-01
  5.48828E-01  1.01796E-01
  5.52734E-01  9.97862E-02
  5.56641E-01  9.77728E-02
  5.60547E-01  9.58012E-02
  5.64453E-01  9.38434E-02
  5.68359E-01  9.20002E-02
  5.72266E-01  9.02011E-02
  5.76172E-01  8.84347E-02
  5.80078E-01  8.66819E-02
  5.83984E-01  8.50184E-02
  5.87891E-01  8.34103E-02
  5.91797E-01  8.18444E-02
  5.95703E-01  8.03058E-02
  5.99609E-01  7.87938E-02
  6.03516E-01  7.73059E-02
  6.07422E-01  7.58678E-02
  6.11328E-01  7.44830E-02
  6.15234E-01  7.31093E-02
  6.19141E-01  7.17535E-02
  6.23047E-01  7.04303E-02
  6.26953E-01  6.91735E-02
  6.30859E-01  6.79457E-02
  6.34766E-01  6.67364E-02
  6.38672E-01  6.55466E-02
  6.42578E-01  6.44089E-02
  6.46484E-01  6.33147E-02
  6.50391E-01  6.22258E-02
  6.54297E-01  6.11347E-02
  6.58203E-01  6.00586E-02
  6.62109E-01  5.90109E-02
  6.66016E-01  5.79981E-02
  6.69922E-01  5.70161E-02
  6.73828E-01  5.60624E-02
  6.77734E-01  5.51267E-02
  6.81641E-01  5.42089E-02
  6.85547E-01  5.33095E-02
  6.89453E-01  5.24310E-02
  6.93359E-01  5.15689E-02
  6.97266E-01  5.07263E-02
  7.01172E-01  4.99064E-02
  7.05078E-01  4.91013E-02
  7.08984E-01  4.83027E-02
  7.12891E-01  4.75187E-02
  7.16797E-01  4.67484E-02
  7.20703E-01  4.60032E-02
  7.24609E-01  4.52776E-02
  7.28516E-01  4.45734E-02
  7.32422E-01  4.38851E-02
  7.36328E-01  4.32138E-02
  7.40234E-01  4.25587E-02
  7.44141E-01  4.19098E-02
  7.48047E-01  4.12767E-02
  7.51953E-01  4.06590E-02
  7.55859E-01  4.00470E-02
  7.59766E-01  3.94488E-02
  7.63672E-01  3.88627E-02
  7.67578E-01  3.82872E-02
  7.71484E-01  3.77271E-02
  7.75391E-01  3.71731E-02
  7.79297E-01  3.66339E-02
  7.83203E-01  3.61045E-02
  7.87109E-01  3.55864E-02
  7.91016E-01  3.50738E-02
  7.94922E-01  3.45759E-02
  7.98828E-01  3.40823E-02
  8.02734E-01  3.36003E-02
  8.06641E-01  3.31264E-02
  8.10547E-01  3.26626E-02
  8.14453E-01  3.22068E-02
  8.18359E-01  3.17614E-02
  8.22266E-01  3.13226E-02
  8.26172E-01  3.08912E-02
  8.30078E-01  3.04724E-02
  8.33984E-01  3.00577E-02
  8.37891E-01  2.96484E-02
  8.41797E-01  2.92496E-02
  8.45703E-01  2.88562E-02
  8.49609E-01  2.84702E-02
  8.53516E-01  2.80914E-02
  8.57422E-01  2.77189E-02
  8.61328E-01  2.73540E-02
  8.65234E-01  2.69944E-02
  8.69141E-01  2.66430E-02
  8.73047E-01  2.62965E-02
  8.76953E-01  2.59564E-02
  8.80859E-01  2.56228E-02
  8.84766E-01  2.52932E-02
  8.88672E-01  2.49709E-02
  8.92578E-01  2.46528E-02
  8.96484E-01  2.43401E-02
  9.00391E-01  2.40329E-02
  9.04297E-01  2.37327E-02
  9.08203E-01  2.34357E-02
  9.12109E-01  2.31448E-02
  9.16016E-01  2.28595E-02
  9.19922E-01  2.25776E-02
  9.23828E-01  2.23021E-02
  9.27734E-01  2.20292E-02
  9.31641E-01  2.17630E-02
  9.35547E-01  2.14995E-02
  9.39453E-01  2.12402E-02
  9.43359E-01  2.09865E-02
  9.47266E-01  2.07371E-02
  9.51172E-01  2.04908E-02
  9.55078E-01  2.02501E-02
  9.58984E-01  2.00135E-02
  9.62891E-01  1.97827E-02
  9.66797E-01  1.95571E-02
  9.70703E-01  1.93357E-02
  9.74609E-01  1.91207E-02
  9.78516E-01  1.89120E-02
  9.82422E-01  1.87103E-02
  9.86328E-01  1.85193E-02
  9.90234E-01  1.83414E-02
  9.94141E-01  1.81919E-02
  9.98047E-01  1.81209E-02
  1.00195E+00  1.81209E-02
