 -1.95312E-03  9.10654E+00
  1.95312E-03  9.10664E+00
  5.85938E-03  9.10550E+00
  9.76562E-03  9.10372E+00
  1.36719E-02  9.10123E+00
  1.75781E-02  9.09804E+00
  2.14844E-02  9.09414E+00
  2.53906E-02  9.08954E+00
  2.92969E-02  9.08424E+00
  3.32031E-02  9.07824E+00
  3.71094E-02  9.07155E+00
  4.10156E-02  9.06417E+00
  4.49219E-02  9.05610E+00
  4.88281E-02  9.04734E+00
  5.27344E-02  9.03790E+00
  5.66406E-02  9.02777E+00
  6.05469E-02  9.01696E+00
  6.44531E-02  9.00547E+00
  6.83594E-02  8.99329E+00
  7.22656E-02  8.98044E+00
  7.61719E-02  8.96690E+00
  8.00781E-02  8.95267E+00
  8.39844E-02  8.93777E+00
  8.78906E-02  8.92218E+00
  9.17969E-02  8.90590E+00
  9.57031E-02  8.88894E+00
  9.96094E-02  8.87128E+00
  1.03516E-01  8.85294E+00
  1.07422E-01  8.83391E+00
  1.11328E-01  8.81417E+00
  1.15234E-01  8.79374E+00
  1.19141E-01  8.77260E+00
  1.23047E-01  8.75075E+00
  1.26953E-01  8.72819E+00
  1.30859E-01  8.70491E+00
  1.34766E-01  8.68091E+00
  1.38672E-01  8.65619E+00
  1.42578E-01  8.63073E+00
  1.46484E-01  8.60454E+00
  1.50391E-01  8.57760E+00
  1.54297E-01  8.54990E+00
  1.58203E-01  8.52145E+00
  1.62109E-01  8.49222E+00
  1.66016E-01  8.46221E+00
  1.69922E-01  8.43141E+00
  1.73828E-01  8.39981E+00
  1.77734E-01  8.36740E+00
  1.81641E-01  8.33417E+00
  1.85547E-01  8.30011E+00
  1.89453E-01  8.26519E+00
  1.93359E-01  8.22942E+00
  1.97266E-01  8.19279E+00
  2.01172E-01  8.15526E+00
  2.05078E-01  8.11683E+00
  2.08984E-01  8.07749E+00
  2.12891E-01  8.03720E+00
  2.16797E-01  7.99595E+00
  2.20703E-01  7.95372E+00
  2.24609E-01  7.91049E+00
  2.28516E-01  7.86623E+00
  2.32422E-01  7.82092E+00
  2.36328E-01  7.77453E+00
  2.40234E-01  7.72703E+00
  2.44141E-01  7.67839E+00
  2.48047E-01  7.62858E+00
  2.51953E-01  7.57757E+00
  2.55859E-01  7.52531E+00
  2.59766E-01  7.47177E+00
  2.63672E-01  7.41690E+00
  2.67578E-01  7.36067E+00
  2.71484E-01  7.30301E+00
  2.75391E-01  7.24387E+00
  2.79297E-01  7.18319E+00
  2.83203E-01  7.12091E+00
  2.87109E-01  7.05697E+00
  2.91016E-01  6.99128E+00
  2.94922E-01  6.92376E+00
  2.98828E-01  6.85432E+00
  3.02734E-01  6.78287E+00
  3.06641E-01  6.70928E+00
  3.10547E-01  6.63345E+00
  3.14453E-01  6.55524E+00
  3.18359E-01  6.47450E+00
  3.22266E-01  6.39106E+00
  3.26172E-01  6.30474E+00
  3.30078E-01  6.21532E+00
  3.33984E-01  6.12255E+00
  3.37891E-01  6.02617E+00
  3.41797E-01  5.92584E+00
  3.45703E-01  5.82117E+00
  3.49609E-01  5.71149E+00
  3.53516E-01  5.59064E+00
  3.57422E-01  5.33710E+00
  3.61328E-01  2.18422E-01
  3.65234E-01  2.05788E-01
  3.69141E-01  2.01011E-01
  3.73047E-01  1.94815E-01
  3.76953E-01  1.89089E-01
  3.80859E-01  1.83358E-01
  3.84766E-01  1.78068E-01
  3.88672E-01  1.72779E-01
  3.92578E-01  1.67905E-01
  3.96484E-01  1.63023E-01
  4.00391E-01  1.58504E-01
  4.04297E-01  1.53981E-01
  4.08203E-01  1.49784E-01
  4.12109E-01  1.45577E-01
  4.16016E-01  1.41670E-01
  4.19922E-01  1.37762E-01
  4.23828E-01  1.34140E-01
  4.27734E-01  1.30522E-01
  4.31641E-01  1.27178E-01
  4.35547E-01  1.23824E-01
  4.39453E-01  1.20708E-01
  4.43359E-01  1.17583E-01
  4.47266E-01  1.14638E-01
  4.51172E-01  1.11697E-01
  4.55078E-01  1.08944E-01
  4.58984E-01  1.06193E-01
  4.62891E-01  1.03625E-01
  4.66797E-01  1.01090E-01
  4.70703E-01  9.87182E-02
  4.74609E-01  9.63360E-02
  4.78516E-01  9.41007E-02
  4.82422E-01  9.18647E-02
  4.86328E-01  8.97531E-02
  4.90234E-01  8.76530E-02
  4.94141E-01  8.56826E-02
  4.98047E-01  8.36967E-02
  5.01953E-01  8.17921E-02
  5.05859E-01  7.99168E-02
  5.09766E-01  7.81627E-02
  5.13672E-01  7.64370E-02
  5.17578E-01  7.47551E-02
  5.21484E-01  7.31022E-02
  5.25391E-01  7.15645E-02
  5.29297E-01  7.00733E-02
  5.33203E-01  6.86268E-02
  5.37109E-01  6.71743E-02
  5.41016E-01  6.57591E-02
  5.44922E-01  6.43413E-02
  5.48828E-01  6.29428E-02
  5.52734E-01  6.15653E-02
  5.56641E-01  6.02731E-02
  5.60547E-01  5.90650E-02
  5.64453E-01  5.79196E-02
  5.68359E-01  5.67757E-02
  5.72266E-01  5.56378E-02
  5.76172E-01  5.45170E-02
  5.80078E-01  5.34360E-02
  5.83984E-01  5.23781E-02
  5.87891E-01  5.13397E-02
  5.91797E-01  5.03078E-02
  5.95703E-01  4.92996E-02
  5.99609E-01  4.83202E-02
  6.03516E-01  4.73875E-02
  6.07422E-01  4.65000E-02
  6.11328E-01  4.56654E-02
  6.15234E-01  4.48635E-02
  6.19141E-01  4.40658E-02
  6.23047E-01  4.32656E-02
  6.26953E-01  4.24742E-02
  6.30859E-01  4.17034E-02
  6.34766E-01  4.09549E-02
  6.38672E-01  4.02235E-02
  6.42578E-01  3.95103E-02
  6.46484E-01  3.88177E-02
  6.50391E-01  3.81357E-02
  6.54297E-01  3.74683E-02
  6.58203E-01  3.68175E-02
  6.62109E-01  3.61834E-02
  6.66016E-01  3.55600E-02
  6.69922E-01  3.49567E-02
  6.73828E-01  3.43594E-02
  6.77734E-01  3.37825E-02
  6.81641E-01  3.32126E-02
  6.85547E-01  3.26652E-02
  6.89453E-01  3.21191E-02
  6.93359E-01  3.15946E-02
  6.97266E-01  3.10728E-02
  7.01172E-01  3.05702E-02
  7.05078E-01  3.00724E-02
  7.08984E-01  2.95861E-02
  7.12891E-01  2.91116E-02
  7.16797E-01  2.86464E-02
  7.20703E-01  2.81911E-02
  7.24609E-01  2.77448E-02
  7.28516E-01  2.73098E-02
  7.32422E-01  2.68819E-02
  7.36328E-01  2.64642E-02
  7.40234E-01  2.60562E-02
  7.44141E-01  2.56577E-02
  7.48047E-01  2.52631E-02
  7.51953E-01  2.48777E-02
  7.55859E-01  2.45030E-02
  7.59766E-01  2.41352E-02
  7.63672E-01  2.37706E-02
  7.67578E-01  2.34165E-02
  7.71484E-01  2.30694E-02
  7.75391E-01  2.27284E-02
  7.79297E-01  2.23930E-02
  7.83203E-01  2.20656E-02
  7.87109E-01  2.17445E-02
  7.91016E-01  2.14295E-02
  7.94922E-01  2.11212E-02
  7.98828E-01  2.08204E-02
  8.02734E-01  2.05199E-02
  8.06641E-01  2.02301E-02
  8.10547E-01  1.99451E-02
  8.14453E-01  1.96634E-02
  8.18359E-01  1.93894E-02
  8.22266E-01  1.91203E-02
  8.26172E-01  1.88531E-02
  8.30078E-01  1.85929E-02
  8.33984E-01  1.83386E-02
  8.37891E-01  1.80877E-02
  8.41797E-01  1.78406E-02
  8.45703E-01  1.75980E-02
  8.49609E-01  1.73630E-02
  8.53516E-01  1.71282E-02
  8.57422E-01  1.69002E-02
  8.61328E-01  1.66745E-02
  8.65234E-01  1.64563E-02
  8.69141E-01  1.62377E-02
  8.73047E-01  1.60258E-02
  8.76953E-01  1.58170E-02
  8.80859E-01  1.56109E-02
  8.84766E-01  1.54094E-02
  8.88672E-01  1.52114E-02
  8.92578E-01  1.50162E-02
  8.96484E-01  1.48252E-02
  9.00391E-01  1.46362E-02
  9.04297E-01  1.44508E-02
  9.08203E-01  1.42701E-02
  9.12109E-01  1.40905E-02
  9.16016E-01  1.39146E-02
  9.19922E-01  1.37422E-02
  9.23828E-01  1.35727E-02
  9.27734E-01  1.34064E-02
  9.31641E-01  1.32421E-02
  9.35547E-01  1.30818E-02
  9.39453E-01  1.29232E-02
  9.43359E-01  1.27688E-02
  9.47266E-01  1.26179E-02
  9.51172E-01  1.24678E-02
  9.55078E-01  1.23224E-02
  9.58984E-01  1.21790E-02
  9.62891E-01  1.20388E-02
  9.66797E-01  1.19013E-02
  9.70703E-01  1.17682E-02
  9.74609E-01  1.16377E-02
  9.78516E-01  1.15113E-02
  9.82422E-01  1.13899E-02
  9.86328E-01  1.12738E-02
  9.90234E-01  1.11641E-02
  9.94141E-01  1.10714E-02
  9.98047E-01  1.10279E-02
  1.00195E+00  1.10279E-02
