 -1.95312E-03  9.11820E+00
  1.95312E-03  9.11830E+00
  5.85938E-03  9.11717E+00
  9.76562E-03  9.11539E+00
  1.36719E-02  9.11291E+00
  1.75781E-02  9.10972E+00
  2.14844E-02  9.10583E+00
  2.53906E-02  9.10123E+00
  2.92969E-02  9.09594E+00
  3.32031E-02  9.08995E+00
  3.71094E-02  9.08326E+00
  4.10156E-02  9.07589E+00
  4.49219E-02  9.06783E+00
  4.88281E-02  9.05909E+00
  5.27344E-02  9.04966E+00
  5.66406E-02  9.03955E+00
  6.05469E-02  9.02876E+00
  6.44531E-02  9.01729E+00
  6.83594E-02  9.00513E+00
  7.22656E-02  8.99230E+00
  7.61719E-02  8.97879E+00
  8.00781E-02  8.96459E+00
  8.39844E-02  8.94971E+00
  8.78906E-02  8.93414E+00
  9.17969E-02  8.91790E+00
  9.57031E-02  8.90096E+00
  9.96094E-02  8.88334E+00
  1.03516E-01  8.86503E+00
  1.07422E-01  8.84603E+00
  1.11328E-01  8.82633E+00
  1.15234E-01  8.80594E+00
  1.19141E-01  8.78485E+00
  1.23047E-01  8.76304E+00
  1.26953E-01  8.74053E+00
  1.30859E-01  8.71729E+00
  1.34766E-01  8.69334E+00
  1.38672E-01  8.66867E+00
  1.42578E-01  8.64326E+00
  1.46484E-01  8.61712E+00
  1.50391E-01  8.59023E+00
  1.54297E-01  8.56259E+00
  1.58203E-01  8.53420E+00
  1.62109E-01  8.50504E+00
  1.66016E-01  8.47510E+00
  1.69922E-01  8.44438E+00
  1.73828E-01  8.41286E+00
  1.77734E-01  8.38053E+00
  1.81641E-01  8.34738E+00
  1.85547E-01  8.31340E+00
  1.89453E-01  8.27857E+00
  1.93359E-01  8.24290E+00
  1.97266E-01  8.20635E+00
  2.01172E-01  8.16892E+00
  2.05078E-01  8.13059E+00
  2.08984E-01  8.09134E+00
  2.12891E-01  8.05116E+00
  2.16797E-01  8.01002E+00
  2.20703E-01  7.96790E+00
  2.24609E-01  7.92478E+00
  2.28516E-01  7.88064E+00
  2.32422E-01  7.83545E+00
  2.36328E-01  7.78919E+00
  2.40234E-01  7.74182E+00
  2.44141E-01  7.69332E+00
  2.48047E-01  7.64366E+00
  2.51953E-01  7.59279E+00
  2.55859E-01  7.54069E+00
  2.59766E-01  7.48731E+00
  2.63672E-01  7.43261E+00
  2.67578E-01  7.37654E+00
  2.71484E-01  7.31907E+00
  2.75391E-01  7.26012E+00
  2.79297E-01  7.19965E+00
  2.83203E-01  7.13758E+00
  2.87109E-01  7.07386E+00
  2.91016E-01  7.00841E+00
  2.94922E-01  6.94114E+00
  2.98828E-01  6.87196E+00
  3.02734E-01  6.80079E+00
  3.06641E-01  6.72750E+00
  3.10547E-01  6.65198E+00
  3.14453E-01  6.57410E+00
  3.18359E-01  6.49371E+00
  3.22266E-01  6.41066E+00
  3.26172E-01  6.32475E+00
  3.30078E-01  6.23578E+00
  3.33984E-01  6.14350E+00
  3.37891E-01  6.04764E+00
  3.41797E-01  5.94789E+00
  3.45703E-01  5.84385E+00
  3.49609E-01  5.73488E+00
  3.53516E-01  5.61494E+00
  3.57422E-01  5.36341E+00
  3.61328E-01  2.05589E-01
  3.65234E-01  1.94315E-01
  3.69141E-01  1.89783E-01
  3.73047E-01  1.83903E-01
  3.76953E-01  1.78488E-01
  3.80859E-01  1.73079E-01
  3.84766E-01  1.68098E-01
  3.88672E-01  1.63104E-01
  3.92578E-01  1.58485E-01
  3.96484E-01  1.53857E-01
  4.00391E-01  1.49574E-01
  4.04297E-01  1.45280E-01
  4.08203E-01  1.41318E-01
  4.12109E-01  1.37353E-01
  4.16016E-01  1.33696E-01
  4.19922E-01  1.30040E-01
  4.23828E-01  1.26643E-01
  4.27734E-01  1.23232E-01
  4.31641E-01  1.20052E-01
  4.35547E-01  1.16862E-01
  4.39453E-01  1.13872E-01
  4.43359E-01  1.10903E-01
  4.47266E-01  1.08135E-01
  4.51172E-01  1.05372E-01
  4.55078E-01  1.02801E-01
  4.58984E-01  1.00254E-01
  4.62891E-01  9.78443E-02
  4.66797E-01  9.54342E-02
  4.70703E-01  9.31816E-02
  4.74609E-01  9.09237E-02
  4.78516E-01  8.87949E-02
  4.82422E-01  8.66835E-02
  4.86328E-01  8.46728E-02
  4.90234E-01  8.26604E-02
  4.94141E-01  8.07662E-02
  4.98047E-01  7.89126E-02
  5.01953E-01  7.71686E-02
  5.05859E-01  7.54121E-02
  5.09766E-01  7.37354E-02
  5.13672E-01  7.21188E-02
  5.17578E-01  7.06089E-02
  5.21484E-01  6.90914E-02
  5.25391E-01  6.75936E-02
  5.29297E-01  6.61061E-02
  5.33203E-01  6.46572E-02
  5.37109E-01  6.32113E-02
  5.41016E-01  6.18101E-02
  5.44922E-01  6.04818E-02
  5.48828E-01  5.92691E-02
  5.52734E-01  5.80945E-02
  5.56641E-01  5.69197E-02
  5.60547E-01  5.57441E-02
  5.64453E-01  5.45899E-02
  5.68359E-01  5.34727E-02
  5.72266E-01  5.23932E-02
  5.76172E-01  5.13271E-02
  5.80078E-01  5.02714E-02
  5.83984E-01  4.92315E-02
  5.87891E-01  4.82393E-02
  5.91797E-01  4.72985E-02
  5.95703E-01  4.64229E-02
  5.99609E-01  4.55825E-02
  6.03516E-01  4.47686E-02
  6.07422E-01  4.39499E-02
  6.11328E-01  4.31316E-02
  6.15234E-01  4.23223E-02
  6.19141E-01  4.15362E-02
  6.23047E-01  4.07761E-02
  6.26953E-01  4.00376E-02
  6.30859E-01  3.93142E-02
  6.34766E-01  3.86077E-02
  6.38672E-01  3.79189E-02
  6.42578E-01  3.72440E-02
  6.46484E-01  3.65819E-02
  6.50391E-01  3.59389E-02
  6.54297E-01  3.53132E-02
  6.58203E-01  3.46975E-02
  6.62109E-01  3.40982E-02
  6.66016E-01  3.35124E-02
  6.69922E-01  3.29403E-02
  6.73828E-01  3.23810E-02
  6.77734E-01  3.18386E-02
  6.81641E-01  3.13015E-02
  6.85547E-01  3.07819E-02
  6.89453E-01  3.02682E-02
  6.93359E-01  2.97730E-02
  6.97266E-01  2.92789E-02
  7.01172E-01  2.88046E-02
  7.05078E-01  2.83313E-02
  7.08984E-01  2.78785E-02
  7.12891E-01  2.74270E-02
  7.16797E-01  2.69894E-02
  7.20703E-01  2.65605E-02
  7.24609E-01  2.61408E-02
  7.28516E-01  2.57302E-02
  7.32422E-01  2.53284E-02
  7.36328E-01  2.49363E-02
  7.40234E-01  2.45489E-02
  7.44141E-01  2.41703E-02
  7.48047E-01  2.38008E-02
  7.51953E-01  2.34406E-02
  7.55859E-01  2.30831E-02
  7.59766E-01  2.27335E-02
  7.63672E-01  2.23934E-02
  7.67578E-01  2.20599E-02
  7.71484E-01  2.17297E-02
  7.75391E-01  2.14089E-02
  7.79297E-01  2.10940E-02
  7.83203E-01  2.07859E-02
  7.87109E-01  2.04830E-02
  7.91016E-01  2.01869E-02
  7.94922E-01  1.98957E-02
  7.98828E-01  1.96090E-02
  8.02734E-01  1.93294E-02
  8.06641E-01  1.90572E-02
  8.10547E-01  1.87850E-02
  8.14453E-01  1.85223E-02
  8.18359E-01  1.82630E-02
  8.22266E-01  1.80064E-02
  8.26172E-01  1.77569E-02
  8.30078E-01  1.75131E-02
  8.33984E-01  1.72711E-02
  8.37891E-01  1.70339E-02
  8.41797E-01  1.68022E-02
  8.45703E-01  1.65753E-02
  8.49609E-01  1.63517E-02
  8.53516E-01  1.61305E-02
  8.57422E-01  1.59169E-02
  8.61328E-01  1.57045E-02
  8.65234E-01  1.54977E-02
  8.69141E-01  1.52917E-02
  8.73047E-01  1.50932E-02
  8.76953E-01  1.48947E-02
  8.80859E-01  1.47014E-02
  8.84766E-01  1.45118E-02
  8.88672E-01  1.43245E-02
  8.92578E-01  1.41408E-02
  8.96484E-01  1.39603E-02
  9.00391E-01  1.37821E-02
  9.04297E-01  1.36085E-02
  9.08203E-01  1.34374E-02
  9.12109E-01  1.32677E-02
  9.16016E-01  1.31029E-02
  9.19922E-01  1.29405E-02
  9.23828E-01  1.27808E-02
  9.27734E-01  1.26238E-02
  9.31641E-01  1.24692E-02
  9.35547E-01  1.23183E-02
  9.39453E-01  1.21691E-02
  9.43359E-01  1.20244E-02
  9.47266E-01  1.18817E-02
  9.51172E-01  1.17404E-02
  9.55078E-01  1.16038E-02
  9.58984E-01  1.14685E-02
  9.62891E-01  1.13366E-02
  9.66797E-01  1.12074E-02
  9.70703E-01  1.10821E-02
  9.74609E-01  1.09591E-02
  9.78516E-01  1.08402E-02
  9.82422E-01  1.07260E-02
  9.86328E-01  1.06164E-02
  9.90234E-01  1.05129E-02
  9.94141E-01  1.04256E-02
  9.98047E-01  1.03846E-02
  1.00195E+00  1.03846E-02
