 -1.95312E-03  9.15858E+00
  1.95312E-03  9.15868E+00
  5.85938E-03  9.15756E+00
  9.76562E-03  9.15579E+00
  1.36719E-02  9.15332E+00
  1.75781E-02  9.15015E+00
  2.14844E-02  9.14629E+00
  2.53906E-02  9.14172E+00
  2.92969E-02  9.13647E+00
  3.32031E-02  9.13052E+00
  3.71094E-02  9.12388E+00
  4.10156E-02  9.11656E+00
  4.49219E-02  9.10856E+00
  4.88281E-02  9.09987E+00
  5.27344E-02  9.09051E+00
  5.66406E-02  9.08046E+00
  6.05469E-02  9.06974E+00
  6.44531E-02  9.05834E+00
  6.83594E-02  9.04627E+00
  7.22656E-02  9.03352E+00
  7.61719E-02  9.02010E+00
  8.00781E-02  9.00599E+00
  8.39844E-02  8.99121E+00
  8.78906E-02  8.97575E+00
  9.17969E-02  8.95962E+00
  9.57031E-02  8.94280E+00
  9.96094E-02  8.92530E+00
  1.03516E-01  8.90711E+00
  1.07422E-01  8.88824E+00
  1.11328E-01  8.86869E+00
  1.15234E-01  8.84844E+00
  1.19141E-01  8.82749E+00
  1.23047E-01  8.80585E+00
  1.26953E-01  8.78349E+00
  1.30859E-01  8.76043E+00
  1.34766E-01  8.73665E+00
  1.38672E-01  8.71215E+00
  1.42578E-01  8.68693E+00
  1.46484E-01  8.66098E+00
  1.50391E-01  8.63429E+00
  1.54297E-01  8.60685E+00
  1.58203E-01  8.57867E+00
  1.62109E-01  8.54973E+00
  1.66016E-01  8.52002E+00
  1.69922E-01  8.48953E+00
  1.73828E-01  8.45826E+00
  1.77734E-01  8.42619E+00
  1.81641E-01  8.39331E+00
  1.85547E-01  8.35960E+00
  1.89453E-01  8.32507E+00
  1.93359E-01  8.28968E+00
  1.97266E-01  8.25344E+00
  2.01172E-01  8.21632E+00
  2.05078E-01  8.17831E+00
  2.08984E-01  8.13939E+00
  2.12891E-01  8.09955E+00
  2.16797E-01  8.05877E+00
  2.20703E-01  8.01702E+00
  2.24609E-01  7.97429E+00
  2.28516E-01  7.93055E+00
  2.32422E-01  7.88578E+00
  2.36328E-01  7.83995E+00
  2.40234E-01  7.79303E+00
  2.44141E-01  7.74500E+00
  2.48047E-01  7.69582E+00
  2.51953E-01  7.64545E+00
  2.55859E-01  7.59387E+00
  2.59766E-01  7.54104E+00
  2.63672E-01  7.48691E+00
  2.67578E-01  7.43144E+00
  2.71484E-01  7.37459E+00
  2.75391E-01  7.31629E+00
  2.79297E-01  7.25651E+00
  2.83203E-01  7.19517E+00
  2.87109E-01  7.13221E+00
  2.91016E-01  7.06755E+00
  2.94922E-01  7.00113E+00
  2.98828E-01  6.93285E+00
  3.02734E-01  6.86262E+00
  3.06641E-01  6.79034E+00
  3.10547E-01  6.71589E+00
  3.14453E-01  6.63915E+00
  3.18359E-01  6.55998E+00
  3.22266E-01  6.47822E+00
  3.26172E-01  6.39371E+00
  3.30078E-01  6.30624E+00
  3.33984E-01  6.21559E+00
  3.37891E-01  6.12150E+00
  3.41797E-01  6.02368E+00
  3.45703E-01  5.92177E+00
  3.49609E-01  5.81517E+00
  3.53516E-01  5.69827E+00
  3.57422E-01  5.45349E+00
  3.61328E-01  1.61783E-01
  3.65234E-01  1.54494E-01
  3.69141E-01  1.50899E-01
  3.73047E-01  1.46227E-01
  3.76953E-01  1.41912E-01
  3.80859E-01  1.37587E-01
  3.84766E-01  1.33587E-01
  3.88672E-01  1.29595E-01
  3.92578E-01  1.25917E-01
  3.96484E-01  1.22237E-01
  4.00391E-01  1.18871E-01
  4.04297E-01  1.15493E-01
  4.08203E-01  1.12357E-01
  4.12109E-01  1.09213E-01
  4.16016E-01  1.06279E-01
  4.19922E-01  1.03339E-01
  4.23828E-01  1.00619E-01
  4.27734E-01  9.78900E-02
  4.31641E-01  9.53449E-02
  4.35547E-01  9.28072E-02
  4.39453E-01  9.04309E-02
  4.43359E-01  8.80750E-02
  4.47266E-01  8.59006E-02
  4.51172E-01  8.37169E-02
  4.55078E-01  8.16774E-02
  4.58984E-01  7.96485E-02
  4.62891E-01  7.77320E-02
  4.66797E-01  7.58058E-02
  4.70703E-01  7.39867E-02
  4.74609E-01  7.21765E-02
  4.78516E-01  7.04328E-02
  4.82422E-01  6.86894E-02
  4.86328E-01  6.70444E-02
  4.90234E-01  6.54584E-02
  4.94141E-01  6.39584E-02
  4.98047E-01  6.24733E-02
  5.01953E-01  6.10671E-02
  5.05859E-01  5.97075E-02
  5.09766E-01  5.83559E-02
  5.13672E-01  5.70009E-02
  5.17578E-01  5.56800E-02
  5.21484E-01  5.44197E-02
  5.25391E-01  5.32140E-02
  5.29297E-01  5.20344E-02
  5.33203E-01  5.08714E-02
  5.37109E-01  4.97447E-02
  5.41016E-01  4.86934E-02
  5.44922E-01  4.77411E-02
  5.48828E-01  4.68428E-02
  5.52734E-01  4.59241E-02
  5.56641E-01  4.49960E-02
  5.60547E-01  4.40676E-02
  5.64453E-01  4.31522E-02
  5.68359E-01  4.22682E-02
  5.72266E-01  4.14218E-02
  5.76172E-01  4.06076E-02
  5.80078E-01  3.98166E-02
  5.83984E-01  3.90406E-02
  5.87891E-01  3.82781E-02
  5.91797E-01  3.75317E-02
  5.95703E-01  3.68059E-02
  5.99609E-01  3.61036E-02
  6.03516E-01  3.54203E-02
  6.07422E-01  3.47525E-02
  6.11328E-01  3.40987E-02
  6.15234E-01  3.34640E-02
  6.19141E-01  3.28461E-02
  6.23047E-01  3.22420E-02
  6.26953E-01  3.16510E-02
  6.30859E-01  3.10772E-02
  6.34766E-01  3.05177E-02
  6.38672E-01  2.99708E-02
  6.42578E-01  2.94336E-02
  6.46484E-01  2.89093E-02
  6.50391E-01  2.84007E-02
  6.54297E-01  2.79026E-02
  6.58203E-01  2.74144E-02
  6.62109E-01  2.69386E-02
  6.66016E-01  2.64753E-02
  6.69922E-01  2.60204E-02
  6.73828E-01  2.55774E-02
  6.77734E-01  2.51457E-02
  6.81641E-01  2.47217E-02
  6.85547E-01  2.43067E-02
  6.89453E-01  2.39041E-02
  6.93359E-01  2.35091E-02
  6.97266E-01  2.31207E-02
  7.01172E-01  2.27420E-02
  7.05078E-01  2.23715E-02
  7.08984E-01  2.20090E-02
  7.12891E-01  2.16541E-02
  7.16797E-01  2.13077E-02
  7.20703E-01  2.09670E-02
  7.24609E-01  2.06352E-02
  7.28516E-01  2.03063E-02
  7.32422E-01  1.99910E-02
  7.36328E-01  1.96770E-02
  7.40234E-01  1.93742E-02
  7.44141E-01  1.90714E-02
  7.48047E-01  1.87809E-02
  7.51953E-01  1.84926E-02
  7.55859E-01  1.82148E-02
  7.59766E-01  1.79362E-02
  7.63672E-01  1.76660E-02
  7.67578E-01  1.74022E-02
  7.71484E-01  1.71440E-02
  7.75391E-01  1.68894E-02
  7.79297E-01  1.66397E-02
  7.83203E-01  1.63969E-02
  7.87109E-01  1.61559E-02
  7.91016E-01  1.59205E-02
  7.94922E-01  1.56904E-02
  7.98828E-01  1.54655E-02
  8.02734E-01  1.52432E-02
  8.06641E-01  1.50259E-02
  8.10547E-01  1.48123E-02
  8.14453E-01  1.46042E-02
  8.18359E-01  1.43976E-02
  8.22266E-01  1.41971E-02
  8.26172E-01  1.40012E-02
  8.30078E-01  1.38059E-02
  8.33984E-01  1.36146E-02
  8.37891E-01  1.34301E-02
  8.41797E-01  1.32466E-02
  8.45703E-01  1.30663E-02
  8.49609E-01  1.28890E-02
  8.53516E-01  1.27158E-02
  8.57422E-01  1.25458E-02
  8.61328E-01  1.23788E-02
  8.65234E-01  1.22135E-02
  8.69141E-01  1.20527E-02
  8.73047E-01  1.18944E-02
  8.76953E-01  1.17376E-02
  8.80859E-01  1.15852E-02
  8.84766E-01  1.14342E-02
  8.88672E-01  1.12878E-02
  8.92578E-01  1.11412E-02
  8.96484E-01  1.09998E-02
  9.00391E-01  1.08590E-02
  9.04297E-01  1.07214E-02
  9.08203E-01  1.05869E-02
  9.12109E-01  1.04544E-02
  9.16016E-01  1.03229E-02
  9.19922E-01  1.01951E-02
  9.23828E-01  1.00697E-02
  9.27734E-01  9.94587E-03
  9.31641E-01  9.82522E-03
  9.35547E-01  9.70622E-03
  9.39453E-01  9.58942E-03
  9.43359E-01  9.47466E-03
  9.47266E-01  9.36130E-03
  9.51172E-01  9.25192E-03
  9.55078E-01  9.14341E-03
  9.58984E-01  9.03672E-03
  9.62891E-01  8.93376E-03
  9.66797E-01  8.83204E-03
  9.70703E-01  8.73325E-03
  9.74609E-01  8.63633E-03
  9.78516E-01  8.54328E-03
  9.82422E-01  8.45290E-03
  9.86328E-01  8.36600E-03
  9.90234E-01  8.28398E-03
  9.94141E-01  8.21508E-03
  9.98047E-01  8.18276E-03
  1.00195E+00  8.18276E-03
