 -1.95312E-03  9.23186E+00
  1.95312E-03  9.23186E+00
  5.85938E-03  9.23073E+00
  9.76562E-03  9.22898E+00
  1.36719E-02  9.22653E+00
  1.75781E-02  9.22340E+00
  2.14844E-02  9.21957E+00
  2.53906E-02  9.21506E+00
  2.92969E-02  9.20986E+00
  3.32031E-02  9.20397E+00
  3.71094E-02  9.19741E+00
  4.10156E-02  9.19017E+00
  4.49219E-02  9.18226E+00
  4.88281E-02  9.17368E+00
  5.27344E-02  9.16442E+00
  5.66406E-02  9.15449E+00
  6.05469E-02  9.14389E+00
  6.44531E-02  9.13263E+00
  6.83594E-02  9.12069E+00
  7.22656E-02  9.10809E+00
  7.61719E-02  9.09483E+00
  8.00781E-02  9.08089E+00
  8.39844E-02  9.06628E+00
  8.78906E-02  9.05101E+00
  9.17969E-02  9.03507E+00
  9.57031E-02  9.01845E+00
  9.96094E-02  9.00116E+00
  1.03516E-01  8.98320E+00
  1.07422E-01  8.96456E+00
  1.11328E-01  8.94524E+00
  1.15234E-01  8.92524E+00
  1.19141E-01  8.90455E+00
  1.23047E-01  8.88317E+00
  1.26953E-01  8.86109E+00
  1.30859E-01  8.83832E+00
  1.34766E-01  8.81484E+00
  1.38672E-01  8.79066E+00
  1.42578E-01  8.76577E+00
  1.46484E-01  8.74016E+00
  1.50391E-01  8.71382E+00
  1.54297E-01  8.68675E+00
  1.58203E-01  8.65894E+00
  1.62109E-01  8.63039E+00
  1.66016E-01  8.60108E+00
  1.69922E-01  8.57101E+00
  1.73828E-01  8.54016E+00
  1.77734E-01  8.50853E+00
  1.81641E-01  8.47610E+00
  1.85547E-01  8.44286E+00
  1.89453E-01  8.40881E+00
  1.93359E-01  8.37393E+00
  1.97266E-01  8.33821E+00
  2.01172E-01  8.30164E+00
  2.05078E-01  8.26420E+00
  2.08984E-01  8.22587E+00
  2.12891E-01  8.18664E+00
  2.16797E-01  8.14649E+00
  2.20703E-01  8.10540E+00
  2.24609E-01  8.06335E+00
  2.28516E-01  8.02032E+00
  2.32422E-01  7.97628E+00
  2.36328E-01  7.93121E+00
  2.40234E-01  7.88508E+00
  2.44141E-01  7.83787E+00
  2.48047E-01  7.78955E+00
  2.51953E-01  7.74008E+00
  2.55859E-01  7.68942E+00
  2.59766E-01  7.63755E+00
  2.63672E-01  7.58443E+00
  2.67578E-01  7.53002E+00
  2.71484E-01  7.47427E+00
  2.75391E-01  7.41713E+00
  2.79297E-01  7.35855E+00
  2.83203E-01  7.29848E+00
  2.87109E-01  7.23685E+00
  2.91016E-01  7.17359E+00
  2.94922E-01  7.10864E+00
  2.98828E-01  7.04192E+00
  3.02734E-01  6.97333E+00
  3.06641E-01  6.90278E+00
  3.10547E-01  6.83018E+00
  3.14453E-01  6.75539E+00
  3.18359E-01  6.67831E+00
  3.22266E-01  6.59878E+00
  3.26172E-01  6.51665E+00
  3.30078E-01  6.43174E+00
  3.33984E-01  6.34385E+00
  3.37891E-01  6.25275E+00
  3.41797E-01  6.15819E+00
  3.45703E-01  6.05985E+00
  3.49609E-01  5.95722E+00
  3.53516E-01  5.84532E+00
  3.57422E-01  5.61161E+00
  3.61328E-01  8.44948E-02
  3.65234E-01  8.19883E-02
  3.69141E-01  7.93183E-02
  3.73047E-01  7.68619E-02
  3.76953E-01  7.44209E-02
  3.80859E-01  7.22249E-02
  3.84766E-01  7.00730E-02
  3.88672E-01  6.80924E-02
  3.92578E-01  6.61106E-02
  3.96484E-01  6.42720E-02
  4.00391E-01  6.24188E-02
  4.04297E-01  6.06694E-02
  4.08203E-01  5.89993E-02
  4.12109E-01  5.73271E-02
  4.16016E-01  5.57486E-02
  4.19922E-01  5.41809E-02
  4.23828E-01  5.27178E-02
  4.27734E-01  5.12771E-02
  4.31641E-01  4.99591E-02
  4.35547E-01  4.86682E-02
  4.39453E-01  4.74431E-02
  4.43359E-01  4.62091E-02
  4.47266E-01  4.50128E-02
  4.51172E-01  4.38285E-02
  4.55078E-01  4.27239E-02
  4.58984E-01  4.16601E-02
  4.62891E-01  4.06473E-02
  4.66797E-01  3.96475E-02
  4.70703E-01  3.86889E-02
  4.74609E-01  3.77400E-02
  4.78516E-01  3.68269E-02
  4.82422E-01  3.59341E-02
  4.86328E-01  3.50997E-02
  4.90234E-01  3.42849E-02
  4.94141E-01  3.34910E-02
  4.98047E-01  3.27014E-02
  5.01953E-01  3.19511E-02
  5.05859E-01  3.12204E-02
  5.09766E-01  3.05261E-02
  5.13672E-01  2.98341E-02
  5.17578E-01  2.91745E-02
  5.21484E-01  2.85253E-02
  5.25391E-01  2.79098E-02
  5.29297E-01  2.72939E-02
  5.33203E-01  2.67086E-02
  5.37109E-01  2.61321E-02
  5.41016E-01  2.55834E-02
  5.44922E-01  2.50360E-02
  5.48828E-01  2.45141E-02
  5.52734E-01  2.39989E-02
  5.56641E-01  2.35071E-02
  5.60547E-01  2.30207E-02
  5.64453E-01  2.25520E-02
  5.68359E-01  2.20906E-02
  5.72266E-01  2.16473E-02
  5.76172E-01  2.12133E-02
  5.80078E-01  2.07948E-02
  5.83984E-01  2.03813E-02
  5.87891E-01  1.99801E-02
  5.91797E-01  1.95907E-02
  5.95703E-01  1.92135E-02
  5.99609E-01  1.88435E-02
  6.03516E-01  1.84831E-02
  6.07422E-01  1.81295E-02
  6.11328E-01  1.77891E-02
  6.15234E-01  1.74570E-02
  6.19141E-01  1.71324E-02
  6.23047E-01  1.68133E-02
  6.26953E-01  1.65039E-02
  6.30859E-01  1.62018E-02
  6.34766E-01  1.59076E-02
  6.38672E-01  1.56199E-02
  6.42578E-01  1.53384E-02
  6.46484E-01  1.50662E-02
  6.50391E-01  1.47986E-02
  6.54297E-01  1.45365E-02
  6.58203E-01  1.42814E-02
  6.62109E-01  1.40322E-02
  6.66016E-01  1.37899E-02
  6.69922E-01  1.35518E-02
  6.73828E-01  1.33188E-02
  6.77734E-01  1.30910E-02
  6.81641E-01  1.28701E-02
  6.85547E-01  1.26528E-02
  6.89453E-01  1.24403E-02
  6.93359E-01  1.22338E-02
  6.97266E-01  1.20325E-02
  7.01172E-01  1.18338E-02
  7.05078E-01  1.16375E-02
  7.08984E-01  1.14483E-02
  7.12891E-01  1.12645E-02
  7.16797E-01  1.10830E-02
  7.20703E-01  1.09047E-02
  7.24609E-01  1.07310E-02
  7.28516E-01  1.05611E-02
  7.32422E-01  1.03945E-02
  7.36328E-01  1.02316E-02
  7.40234E-01  1.00720E-02
  7.44141E-01  9.91483E-03
  7.48047E-01  9.76178E-03
  7.51953E-01  9.61223E-03
  7.55859E-01  9.46622E-03
  7.59766E-01  9.32114E-03
  7.63672E-01  9.18020E-03
  7.67578E-01  9.04180E-03
  7.71484E-01  8.90652E-03
  7.75391E-01  8.77400E-03
  7.79297E-01  8.64403E-03
  7.83203E-01  8.51623E-03
  7.87109E-01  8.39119E-03
  7.91016E-01  8.26932E-03
  7.94922E-01  8.14807E-03
  7.98828E-01  8.02981E-03
  8.02734E-01  7.91455E-03
  8.06641E-01  7.80188E-03
  8.10547E-01  7.69073E-03
  8.14453E-01  7.58172E-03
  8.18359E-01  7.47407E-03
  8.22266E-01  7.36872E-03
  8.26172E-01  7.26675E-03
  8.30078E-01  7.16542E-03
  8.33984E-01  7.06677E-03
  8.37891E-01  6.96823E-03
  8.41797E-01  6.87327E-03
  8.45703E-01  6.77946E-03
  8.49609E-01  6.68835E-03
  8.53516E-01  6.59713E-03
  8.57422E-01  6.50893E-03
  8.61328E-01  6.42184E-03
  8.65234E-01  6.33602E-03
  8.69141E-01  6.25207E-03
  8.73047E-01  6.16999E-03
  8.76953E-01  6.08978E-03
  8.80859E-01  6.00965E-03
  8.84766E-01  5.93227E-03
  8.88672E-01  5.85596E-03
  8.92578E-01  5.78062E-03
  8.96484E-01  5.70623E-03
  9.00391E-01  5.63398E-03
  9.04297E-01  5.56276E-03
  9.08203E-01  5.49302E-03
  9.12109E-01  5.42375E-03
  9.16016E-01  5.35653E-03
  9.19922E-01  5.28995E-03
  9.23828E-01  5.22544E-03
  9.27734E-01  5.16161E-03
  9.31641E-01  5.09825E-03
  9.35547E-01  5.03702E-03
  9.39453E-01  4.97622E-03
  9.43359E-01  4.91730E-03
  9.47266E-01  4.85881E-03
  9.51172E-01  4.80221E-03
  9.55078E-01  4.74594E-03
  9.58984E-01  4.69050E-03
  9.62891E-01  4.63714E-03
  9.66797E-01  4.58500E-03
  9.70703E-01  4.53319E-03
  9.74609E-01  4.48304E-03
  9.78516E-01  4.43429E-03
  9.82422E-01  4.38642E-03
  9.86328E-01  4.34133E-03
  9.90234E-01  4.29846E-03
  9.94141E-01  4.26279E-03
  9.98047E-01  4.24602E-03
  1.00195E+00  4.24602E-03
