 -1.95312E-03  9.24720E+00
  1.95312E-03  9.24727E+00
  5.85938E-03  9.24616E+00
  9.76562E-03  9.24441E+00
  1.36719E-02  9.24197E+00
  1.75781E-02  9.23884E+00
  2.14844E-02  9.23503E+00
  2.53906E-02  9.23053E+00
  2.92969E-02  9.22534E+00
  3.32031E-02  9.21948E+00
  3.71094E-02  9.21293E+00
  4.10156E-02  9.20572E+00
  4.49219E-02  9.19783E+00
  4.88281E-02  9.18927E+00
  5.27344E-02  9.18003E+00
  5.66406E-02  9.17012E+00
  6.05469E-02  9.15955E+00
  6.44531E-02  9.14831E+00
  6.83594E-02  9.13641E+00
  7.22656E-02  9.12384E+00
  7.61719E-02  9.11061E+00
  8.00781E-02  9.09671E+00
  8.39844E-02  9.08214E+00
  8.78906E-02  9.06691E+00
  9.17969E-02  9.05100E+00
  9.57031E-02  9.03443E+00
  9.96094E-02  9.01719E+00
  1.03516E-01  8.99927E+00
  1.07422E-01  8.98068E+00
  1.11328E-01  8.96141E+00
  1.15234E-01  8.94146E+00
  1.19141E-01  8.92083E+00
  1.23047E-01  8.89951E+00
  1.26953E-01  8.87749E+00
  1.30859E-01  8.85479E+00
  1.34766E-01  8.83137E+00
  1.38672E-01  8.80725E+00
  1.42578E-01  8.78243E+00
  1.46484E-01  8.75689E+00
  1.50391E-01  8.73063E+00
  1.54297E-01  8.70364E+00
  1.58203E-01  8.67591E+00
  1.62109E-01  8.64744E+00
  1.66016E-01  8.61821E+00
  1.69922E-01  8.58823E+00
  1.73828E-01  8.55747E+00
  1.77734E-01  8.52594E+00
  1.81641E-01  8.49361E+00
  1.85547E-01  8.46048E+00
  1.89453E-01  8.42653E+00
  1.93359E-01  8.39176E+00
  1.97266E-01  8.35615E+00
  2.01172E-01  8.31969E+00
  2.05078E-01  8.28236E+00
  2.08984E-01  8.24415E+00
  2.12891E-01  8.20505E+00
  2.16797E-01  8.16503E+00
  2.20703E-01  8.12407E+00
  2.24609E-01  8.08216E+00
  2.28516E-01  8.03927E+00
  2.32422E-01  7.99538E+00
  2.36328E-01  7.95047E+00
  2.40234E-01  7.90450E+00
  2.44141E-01  7.85746E+00
  2.48047E-01  7.80931E+00
  2.51953E-01  7.76002E+00
  2.55859E-01  7.70955E+00
  2.59766E-01  7.65788E+00
  2.63672E-01  7.60497E+00
  2.67578E-01  7.55077E+00
  2.71484E-01  7.49524E+00
  2.75391E-01  7.43833E+00
  2.79297E-01  7.37999E+00
  2.83203E-01  7.32017E+00
  2.87109E-01  7.25880E+00
  2.91016E-01  7.19582E+00
  2.94922E-01  7.13116E+00
  2.98828E-01  7.06474E+00
  3.02734E-01  6.99647E+00
  3.06641E-01  6.92626E+00
  3.10547E-01  6.85402E+00
  3.14453E-01  6.77962E+00
  3.18359E-01  6.70294E+00
  3.22266E-01  6.62385E+00
  3.26172E-01  6.54218E+00
  3.30078E-01  6.45777E+00
  3.33984E-01  6.37043E+00
  3.37891E-01  6.27992E+00
  3.41797E-01  6.18599E+00
  3.45703E-01  6.08835E+00
  3.49609E-01  5.98649E+00
  3.53516E-01  5.87556E+00
  3.57422E-01  5.64398E+00
  3.61328E-01  6.81750E-02
  3.65234E-01  6.62993E-02
  3.69141E-01  6.41633E-02
  3.73047E-01  6.21847E-02
  3.76953E-01  6.02451E-02
  3.80859E-01  5.84865E-02
  3.84766E-01  5.67242E-02
  3.88672E-01  5.50981E-02
  3.92578E-01  5.34796E-02
  3.96484E-01  5.19476E-02
  4.00391E-01  5.04140E-02
  4.04297E-01  4.89872E-02
  4.08203E-01  4.76036E-02
  4.12109E-01  4.63224E-02
  4.16016E-01  4.50389E-02
  4.19922E-01  4.38292E-02
  4.23828E-01  4.26263E-02
  4.27734E-01  4.14889E-02
  4.31641E-01  4.03519E-02
  4.35547E-01  3.92916E-02
  4.39453E-01  3.82573E-02
  4.43359E-01  3.72934E-02
  4.47266E-01  3.63220E-02
  4.51172E-01  3.53963E-02
  4.55078E-01  3.44968E-02
  4.58984E-01  3.36194E-02
  4.62891E-01  3.27883E-02
  4.66797E-01  3.19799E-02
  4.70703E-01  3.12146E-02
  4.74609E-01  3.04452E-02
  4.78516E-01  2.97118E-02
  4.82422E-01  2.89945E-02
  4.86328E-01  2.83209E-02
  4.90234E-01  2.76511E-02
  4.94141E-01  2.70098E-02
  4.98047E-01  2.63741E-02
  5.01953E-01  2.57782E-02
  5.05859E-01  2.51872E-02
  5.09766E-01  2.46206E-02
  5.13672E-01  2.40590E-02
  5.17578E-01  2.35309E-02
  5.21484E-01  2.30056E-02
  5.25391E-01  2.25052E-02
  5.29297E-01  2.20061E-02
  5.33203E-01  2.15368E-02
  5.37109E-01  2.10717E-02
  5.41016E-01  2.06255E-02
  5.44922E-01  2.01819E-02
  5.48828E-01  1.97629E-02
  5.52734E-01  1.93462E-02
  5.56641E-01  1.89509E-02
  5.60547E-01  1.85552E-02
  5.64453E-01  1.81800E-02
  5.68359E-01  1.78054E-02
  5.72266E-01  1.74521E-02
  5.76172E-01  1.70990E-02
  5.80078E-01  1.67623E-02
  5.83984E-01  1.64254E-02
  5.87891E-01  1.61054E-02
  5.91797E-01  1.57879E-02
  5.95703E-01  1.54871E-02
  5.99609E-01  1.51855E-02
  6.03516E-01  1.48972E-02
  6.07422E-01  1.46100E-02
  6.11328E-01  1.43370E-02
  6.15234E-01  1.40656E-02
  6.19141E-01  1.38055E-02
  6.23047E-01  1.35457E-02
  6.26953E-01  1.32986E-02
  6.30859E-01  1.30542E-02
  6.34766E-01  1.28168E-02
  6.38672E-01  1.25831E-02
  6.42578E-01  1.23575E-02
  6.46484E-01  1.21362E-02
  6.50391E-01  1.19225E-02
  6.54297E-01  1.17108E-02
  6.58203E-01  1.15050E-02
  6.62109E-01  1.13036E-02
  6.66016E-01  1.11082E-02
  6.69922E-01  1.09151E-02
  6.73828E-01  1.07285E-02
  6.77734E-01  1.05456E-02
  6.81641E-01  1.03677E-02
  6.85547E-01  1.01938E-02
  6.89453E-01  1.00209E-02
  6.93359E-01  9.85307E-03
  6.97266E-01  9.69070E-03
  7.01172E-01  9.53204E-03
  7.05078E-01  9.37505E-03
  7.08984E-01  9.22070E-03
  7.12891E-01  9.07181E-03
  7.16797E-01  8.92607E-03
  7.20703E-01  8.78308E-03
  7.24609E-01  8.64202E-03
  7.28516E-01  8.50535E-03
  7.32422E-01  8.37064E-03
  7.36328E-01  8.23847E-03
  7.40234E-01  8.11033E-03
  7.44141E-01  7.98487E-03
  7.48047E-01  7.86137E-03
  7.51953E-01  7.73975E-03
  7.55859E-01  7.62121E-03
  7.59766E-01  7.50545E-03
  7.63672E-01  7.39157E-03
  7.67578E-01  7.27990E-03
  7.71484E-01  7.17083E-03
  7.75391E-01  7.06406E-03
  7.79297E-01  6.95947E-03
  7.83203E-01  6.85694E-03
  7.87109E-01  6.75647E-03
  7.91016E-01  6.65635E-03
  7.94922E-01  6.55979E-03
  7.98828E-01  6.46520E-03
  8.02734E-01  6.37275E-03
  8.06641E-01  6.28102E-03
  8.10547E-01  6.19149E-03
  8.14453E-01  6.10345E-03
  8.18359E-01  6.01684E-03
  8.22266E-01  5.93311E-03
  8.26172E-01  5.85046E-03
  8.30078E-01  5.76906E-03
  8.33984E-01  5.68867E-03
  8.37891E-01  5.61049E-03
  8.41797E-01  5.53346E-03
  8.45703E-01  5.45829E-03
  8.49609E-01  5.38442E-03
  8.53516E-01  5.31137E-03
  8.57422E-01  5.24093E-03
  8.61328E-01  5.17058E-03
  8.65234E-01  5.10209E-03
  8.69141E-01  5.03402E-03
  8.73047E-01  4.96851E-03
  8.76953E-01  4.90301E-03
  8.80859E-01  4.83906E-03
  8.84766E-01  4.77593E-03
  8.88672E-01  4.71478E-03
  8.92578E-01  4.65460E-03
  8.96484E-01  4.59454E-03
  9.00391E-01  4.53629E-03
  9.04297E-01  4.47883E-03
  9.08203E-01  4.42292E-03
  9.12109E-01  4.36760E-03
  9.16016E-01  4.31346E-03
  9.19922E-01  4.25979E-03
  9.23828E-01  4.20747E-03
  9.27734E-01  4.15572E-03
  9.31641E-01  4.10592E-03
  9.35547E-01  4.05607E-03
  9.39453E-01  4.00738E-03
  9.43359E-01  3.95996E-03
  9.47266E-01  3.91265E-03
  9.51172E-01  3.86685E-03
  9.55078E-01  3.82121E-03
  9.58984E-01  3.77765E-03
  9.62891E-01  3.73456E-03
  9.66797E-01  3.69176E-03
  9.70703E-01  3.65011E-03
  9.74609E-01  3.60987E-03
  9.78516E-01  3.57019E-03
  9.82422E-01  3.53179E-03
  9.86328E-01  3.49558E-03
  9.90234E-01  3.46094E-03
  9.94141E-01  3.43227E-03
  9.98047E-01  3.41877E-03
  1.00195E+00  3.41877E-03
