 -1.95312E-03  9.18351E+00
  1.95312E-03  9.18351E+00
  5.85938E-03  9.18238E+00
  9.76562E-03  9.18061E+00
  1.36719E-02  9.17815E+00
  1.75781E-02  9.17500E+00
  2.14844E-02  9.17114E+00
  2.53906E-02  9.16660E+00
  2.92969E-02  9.16136E+00
  3.32031E-02  9.15544E+00
  3.71094E-02  9.14883E+00
  4.10156E-02  9.14153E+00
  4.49219E-02  9.13356E+00
  4.88281E-02  9.12491E+00
  5.27344E-02  9.11558E+00
  5.66406E-02  9.10557E+00
  6.05469E-02  9.09490E+00
  6.44531E-02  9.08354E+00
  6.83594E-02  9.07151E+00
  7.22656E-02  9.05880E+00
  7.61719E-02  9.04543E+00
  8.00781E-02  9.03138E+00
  8.39844E-02  9.01665E+00
  8.78906E-02  9.00125E+00
  9.17969E-02  8.98518E+00
  9.57031E-02  8.96843E+00
  9.96094E-02  8.95100E+00
  1.03516E-01  8.93289E+00
  1.07422E-01  8.91410E+00
  1.11328E-01  8.89462E+00
  1.15234E-01  8.87445E+00
  1.19141E-01  8.85359E+00
  1.23047E-01  8.83203E+00
  1.26953E-01  8.80977E+00
  1.30859E-01  8.78681E+00
  1.34766E-01  8.76313E+00
  1.38672E-01  8.73874E+00
  1.42578E-01  8.71363E+00
  1.46484E-01  8.68779E+00
  1.50391E-01  8.66122E+00
  1.54297E-01  8.63391E+00
  1.58203E-01  8.60586E+00
  1.62109E-01  8.57704E+00
  1.66016E-01  8.54747E+00
  1.69922E-01  8.51712E+00
  1.73828E-01  8.48600E+00
  1.77734E-01  8.45408E+00
  1.81641E-01  8.42135E+00
  1.85547E-01  8.38782E+00
  1.89453E-01  8.35345E+00
  1.93359E-01  8.31824E+00
  1.97266E-01  8.28218E+00
  2.01172E-01  8.24525E+00
  2.05078E-01  8.20744E+00
  2.08984E-01  8.16873E+00
  2.12891E-01  8.12910E+00
  2.16797E-01  8.08854E+00
  2.20703E-01  8.04702E+00
  2.24609E-01  8.00453E+00
  2.28516E-01  7.96103E+00
  2.32422E-01  7.91651E+00
  2.36328E-01  7.87095E+00
  2.40234E-01  7.82430E+00
  2.44141E-01  7.77656E+00
  2.48047E-01  7.72767E+00
  2.51953E-01  7.67762E+00
  2.55859E-01  7.62636E+00
  2.59766E-01  7.57386E+00
  2.63672E-01  7.52008E+00
  2.67578E-01  7.46498E+00
  2.71484E-01  7.40851E+00
  2.75391E-01  7.35062E+00
  2.79297E-01  7.29125E+00
  2.83203E-01  7.23035E+00
  2.87109E-01  7.16785E+00
  2.91016E-01  7.10369E+00
  2.94922E-01  7.03778E+00
  2.98828E-01  6.97004E+00
  3.02734E-01  6.90038E+00
  3.06641E-01  6.82870E+00
  3.10547E-01  6.75489E+00
  3.14453E-01  6.67882E+00
  3.18359E-01  6.60037E+00
  3.22266E-01  6.51939E+00
  3.26172E-01  6.43570E+00
  3.30078E-01  6.34912E+00
  3.33984E-01  6.25943E+00
  3.37891E-01  6.16638E+00
  3.41797E-01  6.06969E+00
  3.45703E-01  5.96904E+00
  3.49609E-01  5.86382E+00
  3.53516E-01  5.74868E+00
  3.57422E-01  5.50781E+00
  3.61328E-01  1.35624E-01
  3.65234E-01  1.30412E-01
  3.69141E-01  1.27000E-01
  3.73047E-01  1.23051E-01
  3.76953E-01  1.19413E-01
  3.80859E-01  1.15768E-01
  3.84766E-01  1.12405E-01
  3.88672E-01  1.09039E-01
  3.92578E-01  1.05925E-01
  3.96484E-01  1.02813E-01
  4.00391E-01  9.99579E-02
  4.04297E-01  9.70956E-02
  4.08203E-01  9.44719E-02
  4.12109E-01  9.18390E-02
  4.16016E-01  8.93958E-02
  4.19922E-01  8.69510E-02
  4.23828E-01  8.46492E-02
  4.27734E-01  8.23436E-02
  4.31641E-01  8.01749E-02
  4.35547E-01  7.80036E-02
  4.39453E-01  7.59565E-02
  4.43359E-01  7.39174E-02
  4.47266E-01  7.20348E-02
  4.51172E-01  7.01824E-02
  4.55078E-01  6.84631E-02
  4.58984E-01  6.67602E-02
  4.62891E-01  6.51263E-02
  4.66797E-01  6.34755E-02
  4.70703E-01  6.18753E-02
  4.74609E-01  6.03224E-02
  4.78516E-01  5.88527E-02
  4.82422E-01  5.73905E-02
  4.86328E-01  5.59974E-02
  4.90234E-01  5.46646E-02
  4.94141E-01  5.34198E-02
  4.98047E-01  5.21759E-02
  5.01953E-01  5.09909E-02
  5.05859E-01  4.98628E-02
  5.09766E-01  4.88345E-02
  5.13672E-01  4.78077E-02
  5.17578E-01  4.67764E-02
  5.21484E-01  4.57462E-02
  5.25391E-01  4.47226E-02
  5.29297E-01  4.37258E-02
  5.33203E-01  4.27800E-02
  5.37109E-01  4.18848E-02
  5.41016E-01  4.10181E-02
  5.44922E-01  4.01630E-02
  5.48828E-01  3.93178E-02
  5.52734E-01  3.84912E-02
  5.56641E-01  3.76929E-02
  5.60547E-01  3.69199E-02
  5.64453E-01  3.61733E-02
  5.68359E-01  3.54467E-02
  5.72266E-01  3.47372E-02
  5.76172E-01  3.40441E-02
  5.80078E-01  3.33686E-02
  5.83984E-01  3.27124E-02
  5.87891E-01  3.20763E-02
  5.91797E-01  3.14557E-02
  5.95703E-01  3.08487E-02
  5.99609E-01  3.02571E-02
  6.03516E-01  2.96812E-02
  6.07422E-01  2.91212E-02
  6.11328E-01  2.85725E-02
  6.15234E-01  2.80359E-02
  6.19141E-01  2.75155E-02
  6.23047E-01  2.70098E-02
  6.26953E-01  2.65153E-02
  6.30859E-01  2.60303E-02
  6.34766E-01  2.55579E-02
  6.38672E-01  2.50996E-02
  6.42578E-01  2.46517E-02
  6.46484E-01  2.42136E-02
  6.50391E-01  2.37845E-02
  6.54297E-01  2.33674E-02
  6.58203E-01  2.29601E-02
  6.62109E-01  2.25613E-02
  6.66016E-01  2.21704E-02
  6.69922E-01  2.17910E-02
  6.73828E-01  2.14180E-02
  6.77734E-01  2.10532E-02
  6.81641E-01  2.06989E-02
  6.85547E-01  2.03526E-02
  6.89453E-01  2.00113E-02
  6.93359E-01  1.96778E-02
  6.97266E-01  1.93543E-02
  7.01172E-01  1.90362E-02
  7.05078E-01  1.87251E-02
  7.08984E-01  1.84219E-02
  7.12891E-01  1.81256E-02
  7.16797E-01  1.78333E-02
  7.20703E-01  1.75485E-02
  7.24609E-01  1.72700E-02
  7.28516E-01  1.69979E-02
  7.32422E-01  1.67309E-02
  7.36328E-01  1.64680E-02
  7.40234E-01  1.62114E-02
  7.44141E-01  1.59619E-02
  7.48047E-01  1.57173E-02
  7.51953E-01  1.54753E-02
  7.55859E-01  1.52400E-02
  7.59766E-01  1.50069E-02
  7.63672E-01  1.47830E-02
  7.67578E-01  1.45592E-02
  7.71484E-01  1.43430E-02
  7.75391E-01  1.41283E-02
  7.79297E-01  1.39221E-02
  7.83203E-01  1.37154E-02
  7.87109E-01  1.35152E-02
  7.91016E-01  1.33173E-02
  7.94922E-01  1.31262E-02
  7.98828E-01  1.29367E-02
  8.02734E-01  1.27506E-02
  8.06641E-01  1.25695E-02
  8.10547E-01  1.23906E-02
  8.14453E-01  1.22156E-02
  8.18359E-01  1.20430E-02
  8.22266E-01  1.18754E-02
  8.26172E-01  1.17105E-02
  8.30078E-01  1.15473E-02
  8.33984E-01  1.13863E-02
  8.37891E-01  1.12317E-02
  8.41797E-01  1.10788E-02
  8.45703E-01  1.09270E-02
  8.49609E-01  1.07787E-02
  8.53516E-01  1.06337E-02
  8.57422E-01  1.04905E-02
  8.61328E-01  1.03510E-02
  8.65234E-01  1.02127E-02
  8.69141E-01  1.00775E-02
  8.73047E-01  9.94507E-03
  8.76953E-01  9.81512E-03
  8.80859E-01  9.68610E-03
  8.84766E-01  9.56063E-03
  8.88672E-01  9.43720E-03
  8.92578E-01  9.31560E-03
  8.96484E-01  9.19705E-03
  9.00391E-01  9.07937E-03
  9.04297E-01  8.96503E-03
  9.08203E-01  8.85061E-03
  9.12109E-01  8.74053E-03
  9.16016E-01  8.63196E-03
  9.19922E-01  8.52505E-03
  9.23828E-01  8.41966E-03
  9.27734E-01  8.31714E-03
  9.31641E-01  8.21568E-03
  9.35547E-01  8.11575E-03
  9.39453E-01  8.01828E-03
  9.43359E-01  7.92218E-03
  9.47266E-01  7.82856E-03
  9.51172E-01  7.73650E-03
  9.55078E-01  7.64518E-03
  9.58984E-01  7.55737E-03
  9.62891E-01  7.47100E-03
  9.66797E-01  7.38566E-03
  9.70703E-01  7.30326E-03
  9.74609E-01  7.22236E-03
  9.78516E-01  7.14465E-03
  9.82422E-01  7.06856E-03
  9.86328E-01  6.99566E-03
  9.90234E-01  6.92689E-03
  9.94141E-01  6.86929E-03
  9.98047E-01  6.84226E-03
  1.00195E+00  6.84226E-03
