 -1.95312E-03  9.22528E+00
  1.95312E-03  9.22528E+00
  5.85938E-03  9.22416E+00
  9.76562E-03  9.22240E+00
  1.36719E-02  9.21996E+00
  1.75781E-02  9.21682E+00
  2.14844E-02  9.21299E+00
  2.53906E-02  9.20847E+00
  2.92969E-02  9.20327E+00
  3.32031E-02  9.19738E+00
  3.71094E-02  9.19081E+00
  4.10156E-02  9.18357E+00
  4.49219E-02  9.17564E+00
  4.88281E-02  9.16705E+00
  5.27344E-02  9.15778E+00
  5.66406E-02  9.14785E+00
  6.05469E-02  9.13724E+00
  6.44531E-02  9.12596E+00
  6.83594E-02  9.11401E+00
  7.22656E-02  9.10139E+00
  7.61719E-02  9.08811E+00
  8.00781E-02  9.07416E+00
  8.39844E-02  9.05954E+00
  8.78906E-02  9.04425E+00
  9.17969E-02  9.02829E+00
  9.57031E-02  9.01165E+00
  9.96094E-02  8.99435E+00
  1.03516E-01  8.97637E+00
  1.07422E-01  8.95771E+00
  1.11328E-01  8.93837E+00
  1.15234E-01  8.91835E+00
  1.19141E-01  8.89763E+00
  1.23047E-01  8.87623E+00
  1.26953E-01  8.85414E+00
  1.30859E-01  8.83134E+00
  1.34766E-01  8.80784E+00
  1.38672E-01  8.78363E+00
  1.42578E-01  8.75871E+00
  1.46484E-01  8.73306E+00
  1.50391E-01  8.70670E+00
  1.54297E-01  8.67960E+00
  1.58203E-01  8.65177E+00
  1.62109E-01  8.62318E+00
  1.66016E-01  8.59384E+00
  1.69922E-01  8.56373E+00
  1.73828E-01  8.53284E+00
  1.77734E-01  8.50117E+00
  1.81641E-01  8.46870E+00
  1.85547E-01  8.43543E+00
  1.89453E-01  8.40133E+00
  1.93359E-01  8.36640E+00
  1.97266E-01  8.33063E+00
  2.01172E-01  8.29400E+00
  2.05078E-01  8.25651E+00
  2.08984E-01  8.21813E+00
  2.12891E-01  8.17885E+00
  2.16797E-01  8.13864E+00
  2.20703E-01  8.09749E+00
  2.24609E-01  8.05538E+00
  2.28516E-01  8.01228E+00
  2.32422E-01  7.96817E+00
  2.36328E-01  7.92303E+00
  2.40234E-01  7.87683E+00
  2.44141E-01  7.82955E+00
  2.48047E-01  7.78114E+00
  2.51953E-01  7.73159E+00
  2.55859E-01  7.68085E+00
  2.59766E-01  7.62890E+00
  2.63672E-01  7.57569E+00
  2.67578E-01  7.52119E+00
  2.71484E-01  7.46534E+00
  2.75391E-01  7.40811E+00
  2.79297E-01  7.34943E+00
  2.83203E-01  7.28924E+00
  2.87109E-01  7.22750E+00
  2.91016E-01  7.16412E+00
  2.94922E-01  7.09904E+00
  2.98828E-01  7.03218E+00
  3.02734E-01  6.96345E+00
  3.06641E-01  6.89275E+00
  3.10547E-01  6.81999E+00
  3.14453E-01  6.74504E+00
  3.18359E-01  6.66776E+00
  3.22266E-01  6.58804E+00
  3.26172E-01  6.50570E+00
  3.30078E-01  6.42057E+00
  3.33984E-01  6.33244E+00
  3.37891E-01  6.24108E+00
  3.41797E-01  6.14624E+00
  3.45703E-01  6.04759E+00
  3.49609E-01  5.94461E+00
  3.53516E-01  5.83229E+00
  3.57422E-01  5.59764E+00
  3.61328E-01  9.15156E-02
  3.65234E-01  8.87875E-02
  3.69141E-01  8.59817E-02
  3.73047E-01  8.33702E-02
  3.76953E-01  8.07480E-02
  3.80859E-01  7.83114E-02
  3.84766E-01  7.58792E-02
  3.88672E-01  7.35536E-02
  3.92578E-01  7.13852E-02
  3.96484E-01  6.92658E-02
  4.00391E-01  6.73203E-02
  4.04297E-01  6.54084E-02
  4.08203E-01  6.36306E-02
  4.12109E-01  6.18537E-02
  4.16016E-01  6.02291E-02
  4.19922E-01  5.85963E-02
  4.23828E-01  5.70461E-02
  4.27734E-01  5.55032E-02
  4.31641E-01  5.40395E-02
  4.35547E-01  5.25736E-02
  4.39453E-01  5.11889E-02
  4.43359E-01  4.98401E-02
  4.47266E-01  4.86034E-02
  4.51172E-01  4.74010E-02
  4.55078E-01  4.62480E-02
  4.58984E-01  4.50862E-02
  4.62891E-01  4.39560E-02
  4.66797E-01  4.28466E-02
  4.70703E-01  4.17997E-02
  4.74609E-01  4.07808E-02
  4.78516E-01  3.98154E-02
  4.82422E-01  3.88755E-02
  4.86328E-01  3.79748E-02
  4.90234E-01  3.70711E-02
  4.94141E-01  3.61991E-02
  4.98047E-01  3.53510E-02
  5.01953E-01  3.45573E-02
  5.05859E-01  3.37750E-02
  5.09766E-01  3.30187E-02
  5.13672E-01  3.22652E-02
  5.17578E-01  3.15516E-02
  5.21484E-01  3.08518E-02
  5.25391E-01  3.01802E-02
  5.29297E-01  2.95164E-02
  5.33203E-01  2.88853E-02
  5.37109E-01  2.82646E-02
  5.41016E-01  2.76656E-02
  5.44922E-01  2.70767E-02
  5.48828E-01  2.65114E-02
  5.52734E-01  2.59587E-02
  5.56641E-01  2.54243E-02
  5.60547E-01  2.48992E-02
  5.64453E-01  2.43921E-02
  5.68359E-01  2.38970E-02
  5.72266E-01  2.34176E-02
  5.76172E-01  2.29497E-02
  5.80078E-01  2.24924E-02
  5.83984E-01  2.20456E-02
  5.87891E-01  2.16152E-02
  5.91797E-01  2.11947E-02
  5.95703E-01  2.07853E-02
  5.99609E-01  2.03834E-02
  6.03516E-01  1.99929E-02
  6.07422E-01  1.96139E-02
  6.11328E-01  1.92463E-02
  6.15234E-01  1.88845E-02
  6.19141E-01  1.85308E-02
  6.23047E-01  1.81881E-02
  6.26953E-01  1.78541E-02
  6.30859E-01  1.75294E-02
  6.34766E-01  1.72101E-02
  6.38672E-01  1.68986E-02
  6.42578E-01  1.65961E-02
  6.46484E-01  1.62994E-02
  6.50391E-01  1.60099E-02
  6.54297E-01  1.57271E-02
  6.58203E-01  1.54524E-02
  6.62109E-01  1.51833E-02
  6.66016E-01  1.49201E-02
  6.69922E-01  1.46618E-02
  6.73828E-01  1.44110E-02
  6.77734E-01  1.41666E-02
  6.81641E-01  1.39263E-02
  6.85547E-01  1.36910E-02
  6.89453E-01  1.34616E-02
  6.93359E-01  1.32381E-02
  6.97266E-01  1.30176E-02
  7.01172E-01  1.28022E-02
  7.05078E-01  1.25944E-02
  7.08984E-01  1.23907E-02
  7.12891E-01  1.21886E-02
  7.16797E-01  1.19911E-02
  7.20703E-01  1.17993E-02
  7.24609E-01  1.16119E-02
  7.28516E-01  1.14277E-02
  7.32422E-01  1.12480E-02
  7.36328E-01  1.10712E-02
  7.40234E-01  1.08987E-02
  7.44141E-01  1.07296E-02
  7.48047E-01  1.05650E-02
  7.51953E-01  1.04017E-02
  7.55859E-01  1.02423E-02
  7.59766E-01  1.00871E-02
  7.63672E-01  9.93497E-03
  7.67578E-01  9.78563E-03
  7.71484E-01  9.63893E-03
  7.75391E-01  9.49516E-03
  7.79297E-01  9.35390E-03
  7.83203E-01  9.21686E-03
  7.87109E-01  9.08126E-03
  7.91016E-01  8.94839E-03
  7.94922E-01  8.81884E-03
  7.98828E-01  8.69183E-03
  8.02734E-01  8.56608E-03
  8.06641E-01  8.44289E-03
  8.10547E-01  8.32266E-03
  8.14453E-01  8.20453E-03
  8.18359E-01  8.09020E-03
  8.22266E-01  7.97573E-03
  8.26172E-01  7.86460E-03
  8.30078E-01  7.75397E-03
  8.33984E-01  7.64784E-03
  8.37891E-01  7.54246E-03
  8.41797E-01  7.43959E-03
  8.45703E-01  7.33681E-03
  8.49609E-01  7.23777E-03
  8.53516E-01  7.14039E-03
  8.57422E-01  7.04425E-03
  8.61328E-01  6.95023E-03
  8.65234E-01  6.85776E-03
  8.69141E-01  6.76707E-03
  8.73047E-01  6.67689E-03
  8.76953E-01  6.59013E-03
  8.80859E-01  6.50431E-03
  8.84766E-01  6.41974E-03
  8.88672E-01  6.33695E-03
  8.92578E-01  6.25624E-03
  8.96484E-01  6.17600E-03
  9.00391E-01  6.09737E-03
  9.04297E-01  6.01992E-03
  9.08203E-01  5.94475E-03
  9.12109E-01  5.87001E-03
  9.16016E-01  5.79711E-03
  9.19922E-01  5.72495E-03
  9.23828E-01  5.65445E-03
  9.27734E-01  5.58604E-03
  9.31641E-01  5.51759E-03
  9.35547E-01  5.45112E-03
  9.39453E-01  5.38523E-03
  9.43359E-01  5.32140E-03
  9.47266E-01  5.25808E-03
  9.51172E-01  5.19665E-03
  9.55078E-01  5.13629E-03
  9.58984E-01  5.07621E-03
  9.62891E-01  5.01799E-03
  9.66797E-01  4.96175E-03
  9.70703E-01  4.90591E-03
  9.74609E-01  4.85155E-03
  9.78516E-01  4.79895E-03
  9.82422E-01  4.74718E-03
  9.86328E-01  4.69832E-03
  9.90234E-01  4.65196E-03
  9.94141E-01  4.61334E-03
  9.98047E-01  4.59520E-03
  1.00195E+00  4.59520E-03
