 -1.95312E-03  9.09844E+00
  1.95312E-03  9.09851E+00
  5.85938E-03  9.09737E+00
  9.76562E-03  9.09559E+00
  1.36719E-02  9.09310E+00
  1.75781E-02  9.08991E+00
  2.14844E-02  9.08601E+00
  2.53906E-02  9.08140E+00
  2.92969E-02  9.07610E+00
  3.32031E-02  9.07009E+00
  3.71094E-02  9.06339E+00
  4.10156E-02  9.05600E+00
  4.49219E-02  9.04792E+00
  4.88281E-02  9.03915E+00
  5.27344E-02  9.02969E+00
  5.66406E-02  9.01954E+00
  6.05469E-02  9.00871E+00
  6.44531E-02  8.99720E+00
  6.83594E-02  8.98500E+00
  7.22656E-02  8.97212E+00
  7.61719E-02  8.95856E+00
  8.00781E-02  8.94431E+00
  8.39844E-02  8.92938E+00
  8.78906E-02  8.91376E+00
  9.17969E-02  8.89746E+00
  9.57031E-02  8.88047E+00
  9.96094E-02  8.86279E+00
  1.03516E-01  8.84441E+00
  1.07422E-01  8.82535E+00
  1.11328E-01  8.80558E+00
  1.15234E-01  8.78511E+00
  1.19141E-01  8.76394E+00
  1.23047E-01  8.74206E+00
  1.26953E-01  8.71947E+00
  1.30859E-01  8.69615E+00
  1.34766E-01  8.67212E+00
  1.38672E-01  8.64736E+00
  1.42578E-01  8.62186E+00
  1.46484E-01  8.59562E+00
  1.50391E-01  8.56864E+00
  1.54297E-01  8.54090E+00
  1.58203E-01  8.51240E+00
  1.62109E-01  8.48313E+00
  1.66016E-01  8.45308E+00
  1.69922E-01  8.42224E+00
  1.73828E-01  8.39059E+00
  1.77734E-01  8.35813E+00
  1.81641E-01  8.32485E+00
  1.85547E-01  8.29074E+00
  1.89453E-01  8.25578E+00
  1.93359E-01  8.21995E+00
  1.97266E-01  8.18325E+00
  2.01172E-01  8.14567E+00
  2.05078E-01  8.10717E+00
  2.08984E-01  8.06776E+00
  2.12891E-01  8.02739E+00
  2.16797E-01  7.98607E+00
  2.20703E-01  7.94376E+00
  2.24609E-01  7.90045E+00
  2.28516E-01  7.85610E+00
  2.32422E-01  7.81070E+00
  2.36328E-01  7.76422E+00
  2.40234E-01  7.71663E+00
  2.44141E-01  7.66790E+00
  2.48047E-01  7.61798E+00
  2.51953E-01  7.56686E+00
  2.55859E-01  7.51449E+00
  2.59766E-01  7.46084E+00
  2.63672E-01  7.40585E+00
  2.67578E-01  7.34948E+00
  2.71484E-01  7.29169E+00
  2.75391E-01  7.23241E+00
  2.79297E-01  7.17158E+00
  2.83203E-01  7.10915E+00
  2.87109E-01  7.04505E+00
  2.91016E-01  6.97919E+00
  2.94922E-01  6.91149E+00
  2.98828E-01  6.84187E+00
  3.02734E-01  6.77022E+00
  3.06641E-01  6.69643E+00
  3.10547E-01  6.62038E+00
  3.14453E-01  6.54193E+00
  3.18359E-01  6.46094E+00
  3.22266E-01  6.37724E+00
  3.26172E-01  6.29063E+00
  3.30078E-01  6.20090E+00
  3.33984E-01  6.10780E+00
  3.37891E-01  6.01104E+00
  3.41797E-01  5.91031E+00
  3.45703E-01  5.80520E+00
  3.49609E-01  5.69503E+00
  3.53516E-01  5.57354E+00
  3.57422E-01  5.31856E+00
  3.61328E-01  2.27411E-01
  3.65234E-01  2.13749E-01
  3.69141E-01  2.08799E-01
  3.73047E-01  2.02381E-01
  3.76953E-01  1.96462E-01
  3.80859E-01  1.90533E-01
  3.84766E-01  1.85048E-01
  3.88672E-01  1.79557E-01
  3.92578E-01  1.74483E-01
  3.96484E-01  1.69407E-01
  4.00391E-01  1.64717E-01
  4.04297E-01  1.60022E-01
  4.08203E-01  1.55675E-01
  4.12109E-01  1.51323E-01
  4.16016E-01  1.47275E-01
  4.19922E-01  1.43223E-01
  4.23828E-01  1.39450E-01
  4.27734E-01  1.35680E-01
  4.31641E-01  1.32165E-01
  4.35547E-01  1.28669E-01
  4.39453E-01  1.25418E-01
  4.43359E-01  1.22166E-01
  4.47266E-01  1.19158E-01
  4.51172E-01  1.16133E-01
  4.55078E-01  1.13276E-01
  4.58984E-01  1.10431E-01
  4.62891E-01  1.07741E-01
  4.66797E-01  1.05067E-01
  4.70703E-01  1.02563E-01
  4.74609E-01  1.00099E-01
  4.78516E-01  9.77852E-02
  4.82422E-01  9.54653E-02
  4.86328E-01  9.32908E-02
  4.90234E-01  9.11088E-02
  4.94141E-01  8.90472E-02
  4.98047E-01  8.70067E-02
  5.01953E-01  8.50830E-02
  5.05859E-01  8.31458E-02
  5.09766E-01  8.12788E-02
  5.13672E-01  7.94448E-02
  5.17578E-01  7.77269E-02
  5.21484E-01  7.60317E-02
  5.25391E-01  7.43795E-02
  5.29297E-01  7.27604E-02
  5.33203E-01  7.12484E-02
  5.37109E-01  6.97802E-02
  5.41016E-01  6.83666E-02
  5.44922E-01  6.69512E-02
  5.48828E-01  6.55703E-02
  5.52734E-01  6.41841E-02
  5.56641E-01  6.28128E-02
  5.60547E-01  6.14574E-02
  5.64453E-01  6.01793E-02
  5.68359E-01  5.89811E-02
  5.72266E-01  5.78472E-02
  5.76172E-01  5.67199E-02
  5.80078E-01  5.56050E-02
  5.83984E-01  5.45059E-02
  5.87891E-01  5.34442E-02
  5.91797E-01  5.24036E-02
  5.95703E-01  5.13794E-02
  5.99609E-01  5.03650E-02
  6.03516E-01  4.93760E-02
  6.07422E-01  4.84102E-02
  6.11328E-01  4.74781E-02
  6.15234E-01  4.65890E-02
  6.19141E-01  4.57555E-02
  6.23047E-01  4.49584E-02
  6.26953E-01  4.41695E-02
  6.30859E-01  4.33802E-02
  6.34766E-01  4.26010E-02
  6.38672E-01  4.18415E-02
  6.42578E-01  4.10962E-02
  6.46484E-01  4.03720E-02
  6.50391E-01  3.96675E-02
  6.54297E-01  3.89793E-02
  6.58203E-01  3.83009E-02
  6.62109E-01  3.76435E-02
  6.66016E-01  3.69938E-02
  6.69922E-01  3.63668E-02
  6.73828E-01  3.57469E-02
  6.77734E-01  3.51485E-02
  6.81641E-01  3.45529E-02
  6.85547E-01  3.39816E-02
  6.89453E-01  3.34155E-02
  6.93359E-01  3.28688E-02
  6.97266E-01  3.23288E-02
  7.01172E-01  3.18026E-02
  7.05078E-01  3.12893E-02
  7.08984E-01  3.07845E-02
  7.12891E-01  3.02904E-02
  7.16797E-01  2.98064E-02
  7.20703E-01  2.93342E-02
  7.24609E-01  2.88696E-02
  7.28516E-01  2.84163E-02
  7.32422E-01  2.79723E-02
  7.36328E-01  2.75376E-02
  7.40234E-01  2.71102E-02
  7.44141E-01  2.66953E-02
  7.48047E-01  2.62892E-02
  7.51953E-01  2.58884E-02
  7.55859E-01  2.54944E-02
  7.59766E-01  2.51135E-02
  7.63672E-01  2.47376E-02
  7.67578E-01  2.43679E-02
  7.71484E-01  2.40059E-02
  7.75391E-01  2.36525E-02
  7.79297E-01  2.33046E-02
  7.83203E-01  2.29632E-02
  7.87109E-01  2.26288E-02
  7.91016E-01  2.23019E-02
  7.94922E-01  2.19782E-02
  7.98828E-01  2.16668E-02
  8.02734E-01  2.13571E-02
  8.06641E-01  2.10524E-02
  8.10547E-01  2.07566E-02
  8.14453E-01  2.04646E-02
  8.18359E-01  2.01775E-02
  8.22266E-01  1.98987E-02
  8.26172E-01  1.96230E-02
  8.30078E-01  1.93508E-02
  8.33984E-01  1.90854E-02
  8.37891E-01  1.88252E-02
  8.41797E-01  1.85698E-02
  8.45703E-01  1.83157E-02
  8.49609E-01  1.80706E-02
  8.53516E-01  1.78275E-02
  8.57422E-01  1.75905E-02
  8.61328E-01  1.73545E-02
  8.65234E-01  1.71273E-02
  8.69141E-01  1.69012E-02
  8.73047E-01  1.66797E-02
  8.76953E-01  1.64630E-02
  8.80859E-01  1.62488E-02
  8.84766E-01  1.60388E-02
  8.88672E-01  1.58330E-02
  8.92578E-01  1.56298E-02
  8.96484E-01  1.54312E-02
  9.00391E-01  1.52352E-02
  9.04297E-01  1.50416E-02
  9.08203E-01  1.48535E-02
  9.12109E-01  1.46674E-02
  9.16016E-01  1.44840E-02
  9.19922E-01  1.43044E-02
  9.23828E-01  1.41279E-02
  9.27734E-01  1.39551E-02
  9.31641E-01  1.37840E-02
  9.35547E-01  1.36172E-02
  9.39453E-01  1.34521E-02
  9.43359E-01  1.32908E-02
  9.47266E-01  1.31340E-02
  9.51172E-01  1.29780E-02
  9.55078E-01  1.28263E-02
  9.58984E-01  1.26771E-02
  9.62891E-01  1.25312E-02
  9.66797E-01  1.23880E-02
  9.70703E-01  1.22493E-02
  9.74609E-01  1.21135E-02
  9.78516E-01  1.19818E-02
  9.82422E-01  1.18554E-02
  9.86328E-01  1.17346E-02
  9.90234E-01  1.16206E-02
  9.94141E-01  1.15242E-02
  9.98047E-01  1.14789E-02
  1.00195E+00  1.14789E-02
