 -1.95312E-03  9.20852E+00
  1.95312E-03  9.20852E+00
  5.85938E-03  9.20739E+00
  9.76562E-03  9.20564E+00
  1.36719E-02  9.20319E+00
  1.75781E-02  9.20004E+00
  2.14844E-02  9.19621E+00
  2.53906E-02  9.19168E+00
  2.92969E-02  9.18646E+00
  3.32031E-02  9.18056E+00
  3.71094E-02  9.17398E+00
  4.10156E-02  9.16671E+00
  4.49219E-02  9.15877E+00
  4.88281E-02  9.15016E+00
  5.27344E-02  9.14087E+00
  5.66406E-02  9.13090E+00
  6.05469E-02  9.12026E+00
  6.44531E-02  9.10895E+00
  6.83594E-02  9.09696E+00
  7.22656E-02  9.08431E+00
  7.61719E-02  9.07098E+00
  8.00781E-02  9.05699E+00
  8.39844E-02  9.04232E+00
  8.78906E-02  9.02699E+00
  9.17969E-02  9.01098E+00
  9.57031E-02  8.99429E+00
  9.96094E-02  8.97693E+00
  1.03516E-01  8.95889E+00
  1.07422E-01  8.94018E+00
  1.11328E-01  8.92078E+00
  1.15234E-01  8.90070E+00
  1.19141E-01  8.87993E+00
  1.23047E-01  8.85847E+00
  1.26953E-01  8.83631E+00
  1.30859E-01  8.81344E+00
  1.34766E-01  8.78987E+00
  1.38672E-01  8.76558E+00
  1.42578E-01  8.74059E+00
  1.46484E-01  8.71486E+00
  1.50391E-01  8.68841E+00
  1.54297E-01  8.66122E+00
  1.58203E-01  8.63329E+00
  1.62109E-01  8.60461E+00
  1.66016E-01  8.57517E+00
  1.69922E-01  8.54497E+00
  1.73828E-01  8.51399E+00
  1.77734E-01  8.48222E+00
  1.81641E-01  8.44965E+00
  1.85547E-01  8.41628E+00
  1.89453E-01  8.38208E+00
  1.93359E-01  8.34705E+00
  1.97266E-01  8.31117E+00
  2.01172E-01  8.27444E+00
  2.05078E-01  8.23682E+00
  2.08984E-01  8.19832E+00
  2.12891E-01  8.15890E+00
  2.16797E-01  8.11856E+00
  2.20703E-01  8.07727E+00
  2.24609E-01  8.03501E+00
  2.28516E-01  7.99176E+00
  2.32422E-01  7.94750E+00
  2.36328E-01  7.90220E+00
  2.40234E-01  7.85583E+00
  2.44141E-01  7.80837E+00
  2.48047E-01  7.75978E+00
  2.51953E-01  7.71003E+00
  2.55859E-01  7.65909E+00
  2.59766E-01  7.60693E+00
  2.63672E-01  7.55350E+00
  2.67578E-01  7.49877E+00
  2.71484E-01  7.44268E+00
  2.75391E-01  7.38519E+00
  2.79297E-01  7.32624E+00
  2.83203E-01  7.26577E+00
  2.87109E-01  7.20373E+00
  2.91016E-01  7.14004E+00
  2.94922E-01  7.07464E+00
  2.98828E-01  7.00743E+00
  3.02734E-01  6.93834E+00
  3.06641E-01  6.86726E+00
  3.10547E-01  6.79409E+00
  3.14453E-01  6.71871E+00
  3.18359E-01  6.64098E+00
  3.22266E-01  6.56076E+00
  3.26172E-01  6.47789E+00
  3.30078E-01  6.39220E+00
  3.33984E-01  6.30346E+00
  3.37891E-01  6.21144E+00
  3.41797E-01  6.11588E+00
  3.45703E-01  6.01645E+00
  3.49609E-01  5.91260E+00
  3.53516E-01  5.79918E+00
  3.57422E-01  5.56213E+00
  3.61328E-01  1.09375E-01
  3.65234E-01  1.05802E-01
  3.69141E-01  1.02695E-01
  3.73047E-01  9.94942E-02
  3.76953E-01  9.65222E-02
  3.80859E-01  9.35419E-02
  3.84766E-01  9.07643E-02
  3.88672E-01  8.80066E-02
  3.92578E-01  8.54435E-02
  3.96484E-01  8.28945E-02
  4.00391E-01  8.05713E-02
  4.04297E-01  7.82653E-02
  4.08203E-01  7.61192E-02
  4.12109E-01  7.39666E-02
  4.16016E-01  7.19399E-02
  4.19922E-01  6.99028E-02
  4.23828E-01  6.79744E-02
  4.27734E-01  6.60596E-02
  4.31641E-01  6.42553E-02
  4.35547E-01  6.24806E-02
  4.39453E-01  6.08564E-02
  4.43359E-01  5.93010E-02
  4.47266E-01  5.78234E-02
  4.51172E-01  5.63469E-02
  4.55078E-01  5.49827E-02
  4.58984E-01  5.36540E-02
  4.62891E-01  5.23671E-02
  4.66797E-01  5.10781E-02
  4.70703E-01  4.98467E-02
  4.74609E-01  4.86341E-02
  4.78516E-01  4.74690E-02
  4.82422E-01  4.63220E-02
  4.86328E-01  4.52508E-02
  4.90234E-01  4.41972E-02
  4.94141E-01  4.31922E-02
  4.98047E-01  4.22064E-02
  5.01953E-01  4.12443E-02
  5.05859E-01  4.02814E-02
  5.09766E-01  3.93553E-02
  5.13672E-01  3.84778E-02
  5.17578E-01  3.76441E-02
  5.21484E-01  3.68228E-02
  5.25391E-01  3.60147E-02
  5.29297E-01  3.52266E-02
  5.33203E-01  3.44668E-02
  5.37109E-01  3.37297E-02
  5.41016E-01  3.30142E-02
  5.44922E-01  3.23190E-02
  5.48828E-01  3.16453E-02
  5.52734E-01  3.09849E-02
  5.56641E-01  3.03433E-02
  5.60547E-01  2.97185E-02
  5.64453E-01  2.91126E-02
  5.68359E-01  2.85241E-02
  5.72266E-01  2.79510E-02
  5.76172E-01  2.73913E-02
  5.80078E-01  2.68474E-02
  5.83984E-01  2.63202E-02
  5.87891E-01  2.58056E-02
  5.91797E-01  2.53042E-02
  5.95703E-01  2.48134E-02
  5.99609E-01  2.43371E-02
  6.03516E-01  2.38759E-02
  6.07422E-01  2.34239E-02
  6.11328E-01  2.29819E-02
  6.15234E-01  2.25496E-02
  6.19141E-01  2.21309E-02
  6.23047E-01  2.17234E-02
  6.26953E-01  2.13241E-02
  6.30859E-01  2.09324E-02
  6.34766E-01  2.05524E-02
  6.38672E-01  2.01827E-02
  6.42578E-01  1.98209E-02
  6.46484E-01  1.94672E-02
  6.50391E-01  1.91213E-02
  6.54297E-01  1.87849E-02
  6.58203E-01  1.84559E-02
  6.62109E-01  1.81344E-02
  6.66016E-01  1.78211E-02
  6.69922E-01  1.75155E-02
  6.73828E-01  1.72164E-02
  6.77734E-01  1.69221E-02
  6.81641E-01  1.66354E-02
  6.85547E-01  1.63573E-02
  6.89453E-01  1.60836E-02
  6.93359E-01  1.58151E-02
  6.97266E-01  1.55541E-02
  7.01172E-01  1.52995E-02
  7.05078E-01  1.50475E-02
  7.08984E-01  1.48028E-02
  7.12891E-01  1.45644E-02
  7.16797E-01  1.43310E-02
  7.20703E-01  1.40999E-02
  7.24609E-01  1.38745E-02
  7.28516E-01  1.36550E-02
  7.32422E-01  1.34403E-02
  7.36328E-01  1.32306E-02
  7.40234E-01  1.30242E-02
  7.44141E-01  1.28215E-02
  7.48047E-01  1.26235E-02
  7.51953E-01  1.24309E-02
  7.55859E-01  1.22405E-02
  7.59766E-01  1.20546E-02
  7.63672E-01  1.18727E-02
  7.67578E-01  1.16947E-02
  7.71484E-01  1.15204E-02
  7.75391E-01  1.13489E-02
  7.79297E-01  1.11800E-02
  7.83203E-01  1.10156E-02
  7.87109E-01  1.08552E-02
  7.91016E-01  1.06958E-02
  7.94922E-01  1.05417E-02
  7.98828E-01  1.03883E-02
  8.02734E-01  1.02405E-02
  8.06641E-01  1.00924E-02
  8.10547E-01  9.94956E-03
  8.14453E-01  9.80773E-03
  8.18359E-01  9.67155E-03
  8.22266E-01  9.53499E-03
  8.26172E-01  9.40179E-03
  8.30078E-01  9.26990E-03
  8.33984E-01  9.14220E-03
  8.37891E-01  9.01777E-03
  8.41797E-01  8.89337E-03
  8.45703E-01  8.77164E-03
  8.49609E-01  8.65279E-03
  8.53516E-01  8.53678E-03
  8.57422E-01  8.42129E-03
  8.61328E-01  8.30910E-03
  8.65234E-01  8.19831E-03
  8.69141E-01  8.08934E-03
  8.73047E-01  7.98308E-03
  8.76953E-01  7.87908E-03
  8.80859E-01  7.77555E-03
  8.84766E-01  7.67467E-03
  8.88672E-01  7.57542E-03
  8.92578E-01  7.47815E-03
  8.96484E-01  7.38201E-03
  9.00391E-01  7.28891E-03
  9.04297E-01  7.19684E-03
  9.08203E-01  7.10625E-03
  9.12109E-01  7.01727E-03
  9.16016E-01  6.92941E-03
  9.19922E-01  6.84452E-03
  9.23828E-01  6.75949E-03
  9.27734E-01  6.67673E-03
  9.31641E-01  6.59525E-03
  9.35547E-01  6.51607E-03
  9.39453E-01  6.43746E-03
  9.43359E-01  6.36066E-03
  9.47266E-01  6.28526E-03
  9.51172E-01  6.21090E-03
  9.55078E-01  6.13900E-03
  9.58984E-01  6.06833E-03
  9.62891E-01  5.99796E-03
  9.66797E-01  5.93018E-03
  9.70703E-01  5.86409E-03
  9.74609E-01  5.79909E-03
  9.78516E-01  5.73650E-03
  9.82422E-01  5.67489E-03
  9.86328E-01  5.61634E-03
  9.90234E-01  5.56102E-03
  9.94141E-01  5.51482E-03
  9.98047E-01  5.49312E-03
  1.00195E+00  5.49312E-03
