 -1.95312E-03  9.25116E+00
  1.95312E-03  9.25125E+00
  5.85938E-03  9.25014E+00
  9.76562E-03  9.24839E+00
  1.36719E-02  9.24595E+00
  1.75781E-02  9.24282E+00
  2.14844E-02  9.23901E+00
  2.53906E-02  9.23451E+00
  2.92969E-02  9.22932E+00
  3.32031E-02  9.22345E+00
  3.71094E-02  9.21691E+00
  4.10156E-02  9.20970E+00
  4.49219E-02  9.20181E+00
  4.88281E-02  9.19325E+00
  5.27344E-02  9.18402E+00
  5.66406E-02  9.17412E+00
  6.05469E-02  9.16356E+00
  6.44531E-02  9.15233E+00
  6.83594E-02  9.14042E+00
  7.22656E-02  9.12786E+00
  7.61719E-02  9.11463E+00
  8.00781E-02  9.10073E+00
  8.39844E-02  9.08616E+00
  8.78906E-02  9.07094E+00
  9.17969E-02  9.05504E+00
  9.57031E-02  9.03848E+00
  9.96094E-02  9.02124E+00
  1.03516E-01  9.00333E+00
  1.07422E-01  8.98475E+00
  1.11328E-01  8.96549E+00
  1.15234E-01  8.94556E+00
  1.19141E-01  8.92493E+00
  1.23047E-01  8.90362E+00
  1.26953E-01  8.88162E+00
  1.30859E-01  8.85892E+00
  1.34766E-01  8.83552E+00
  1.38672E-01  8.81141E+00
  1.42578E-01  8.78660E+00
  1.46484E-01  8.76107E+00
  1.50391E-01  8.73482E+00
  1.54297E-01  8.70785E+00
  1.58203E-01  8.68014E+00
  1.62109E-01  8.65169E+00
  1.66016E-01  8.62248E+00
  1.69922E-01  8.59251E+00
  1.73828E-01  8.56177E+00
  1.77734E-01  8.53025E+00
  1.81641E-01  8.49794E+00
  1.85547E-01  8.46483E+00
  1.89453E-01  8.43090E+00
  1.93359E-01  8.39615E+00
  1.97266E-01  8.36056E+00
  2.01172E-01  8.32412E+00
  2.05078E-01  8.28682E+00
  2.08984E-01  8.24864E+00
  2.12891E-01  8.20956E+00
  2.16797E-01  8.16957E+00
  2.20703E-01  8.12864E+00
  2.24609E-01  8.08676E+00
  2.28516E-01  8.04391E+00
  2.32422E-01  8.00005E+00
  2.36328E-01  7.95517E+00
  2.40234E-01  7.90924E+00
  2.44141E-01  7.86224E+00
  2.48047E-01  7.81413E+00
  2.51953E-01  7.76488E+00
  2.55859E-01  7.71446E+00
  2.59766E-01  7.66284E+00
  2.63672E-01  7.60997E+00
  2.67578E-01  7.55582E+00
  2.71484E-01  7.50034E+00
  2.75391E-01  7.44349E+00
  2.79297E-01  7.38521E+00
  2.83203E-01  7.32545E+00
  2.87109E-01  7.26415E+00
  2.91016E-01  7.20124E+00
  2.94922E-01  7.13665E+00
  2.98828E-01  7.07030E+00
  3.02734E-01  7.00212E+00
  3.06641E-01  6.93200E+00
  3.10547E-01  6.85985E+00
  3.14453E-01  6.78555E+00
  3.18359E-01  6.70898E+00
  3.22266E-01  6.62999E+00
  3.26172E-01  6.54845E+00
  3.30078E-01  6.46417E+00
  3.33984E-01  6.37695E+00
  3.37891E-01  6.28659E+00
  3.41797E-01  6.19283E+00
  3.45703E-01  6.09536E+00
  3.49609E-01  5.99368E+00
  3.53516E-01  5.88298E+00
  3.57422E-01  5.65192E+00
  3.61328E-01  6.41326E-02
  3.65234E-01  6.23971E-02
  3.69141E-01  6.04154E-02
  3.73047E-01  5.86351E-02
  3.76953E-01  5.68336E-02
  3.80859E-01  5.51526E-02
  3.84766E-01  5.34688E-02
  3.88672E-01  5.18972E-02
  3.92578E-01  5.03304E-02
  3.96484E-01  4.89031E-02
  4.00391E-01  4.75196E-02
  4.04297E-01  4.62174E-02
  4.08203E-01  4.49025E-02
  4.12109E-01  4.36522E-02
  4.16016E-01  4.24247E-02
  4.19922E-01  4.12687E-02
  4.23828E-01  4.01233E-02
  4.27734E-01  3.90699E-02
  4.31641E-01  3.80272E-02
  4.35547E-01  3.70372E-02
  4.39453E-01  3.60451E-02
  4.43359E-01  3.51126E-02
  4.47266E-01  3.41963E-02
  4.51172E-01  3.33381E-02
  4.55078E-01  3.24850E-02
  4.58984E-01  3.16905E-02
  4.62891E-01  3.08924E-02
  4.66797E-01  3.01237E-02
  4.70703E-01  2.93842E-02
  4.74609E-01  2.86746E-02
  4.78516E-01  2.79949E-02
  4.82422E-01  2.73156E-02
  4.86328E-01  2.66706E-02
  4.90234E-01  2.60369E-02
  4.94141E-01  2.54407E-02
  4.98047E-01  2.48440E-02
  5.01953E-01  2.42757E-02
  5.05859E-01  2.37149E-02
  5.09766E-01  2.31882E-02
  5.13672E-01  2.26609E-02
  5.17578E-01  2.21588E-02
  5.21484E-01  2.16627E-02
  5.25391E-01  2.11952E-02
  5.29297E-01  2.07271E-02
  5.33203E-01  2.02819E-02
  5.37109E-01  1.98396E-02
  5.41016E-01  1.94238E-02
  5.44922E-01  1.90086E-02
  5.48828E-01  1.86124E-02
  5.52734E-01  1.82182E-02
  5.56641E-01  1.78454E-02
  5.60547E-01  1.74737E-02
  5.64453E-01  1.71213E-02
  5.68359E-01  1.67683E-02
  5.72266E-01  1.64333E-02
  5.76172E-01  1.60986E-02
  5.80078E-01  1.57829E-02
  5.83984E-01  1.54679E-02
  5.87891E-01  1.51679E-02
  5.91797E-01  1.48675E-02
  5.95703E-01  1.45818E-02
  5.99609E-01  1.42973E-02
  6.03516E-01  1.40275E-02
  6.07422E-01  1.37573E-02
  6.11328E-01  1.34997E-02
  6.15234E-01  1.32426E-02
  6.19141E-01  1.29987E-02
  6.23047E-01  1.27550E-02
  6.26953E-01  1.25215E-02
  6.30859E-01  1.22888E-02
  6.34766E-01  1.20684E-02
  6.38672E-01  1.18487E-02
  6.42578E-01  1.16372E-02
  6.46484E-01  1.14273E-02
  6.50391E-01  1.12243E-02
  6.54297E-01  1.10252E-02
  6.58203E-01  1.08329E-02
  6.62109E-01  1.06423E-02
  6.66016E-01  1.04585E-02
  6.69922E-01  1.02783E-02
  6.73828E-01  1.01030E-02
  6.77734E-01  9.92926E-03
  6.81641E-01  9.76065E-03
  6.85547E-01  9.59473E-03
  6.89453E-01  9.43549E-03
  6.93359E-01  9.27913E-03
  6.97266E-01  9.12353E-03
  7.01172E-01  8.97238E-03
  7.05078E-01  8.82564E-03
  7.08984E-01  8.68293E-03
  7.12891E-01  8.54167E-03
  7.16797E-01  8.40286E-03
  7.20703E-01  8.26820E-03
  7.24609E-01  8.13613E-03
  7.28516E-01  8.00691E-03
  7.32422E-01  7.88016E-03
  7.36328E-01  7.75757E-03
  7.40234E-01  7.63588E-03
  7.44141E-01  7.51635E-03
  7.48047E-01  7.40006E-03
  7.51953E-01  7.28642E-03
  7.55859E-01  7.17502E-03
  7.59766E-01  7.06530E-03
  7.63672E-01  6.95833E-03
  7.67578E-01  6.85387E-03
  7.71484E-01  6.75128E-03
  7.75391E-01  6.65062E-03
  7.79297E-01  6.55180E-03
  7.83203E-01  6.45457E-03
  7.87109E-01  6.35930E-03
  7.91016E-01  6.26675E-03
  7.94922E-01  6.17665E-03
  7.98828E-01  6.08660E-03
  8.02734E-01  5.99892E-03
  8.06641E-01  5.91253E-03
  8.10547E-01  5.82857E-03
  8.14453E-01  5.74569E-03
  8.18359E-01  5.66529E-03
  8.22266E-01  5.58593E-03
  8.26172E-01  5.50712E-03
  8.30078E-01  5.43052E-03
  8.33984E-01  5.35534E-03
  8.37891E-01  5.28197E-03
  8.41797E-01  5.20948E-03
  8.45703E-01  5.13882E-03
  8.49609E-01  5.06898E-03
  8.53516E-01  5.00093E-03
  8.57422E-01  4.93407E-03
  8.61328E-01  4.86749E-03
  8.65234E-01  4.80326E-03
  8.69141E-01  4.73949E-03
  8.73047E-01  4.67744E-03
  8.76953E-01  4.61541E-03
  8.80859E-01  4.55563E-03
  8.84766E-01  4.49655E-03
  8.88672E-01  4.43905E-03
  8.92578E-01  4.38160E-03
  8.96484E-01  4.32534E-03
  9.00391E-01  4.27083E-03
  9.04297E-01  4.21678E-03
  9.08203E-01  4.16414E-03
  9.12109E-01  4.11189E-03
  9.16016E-01  4.06082E-03
  9.19922E-01  4.01030E-03
  9.23828E-01  3.96117E-03
  9.27734E-01  3.91273E-03
  9.31641E-01  3.86567E-03
  9.35547E-01  3.81854E-03
  9.39453E-01  3.77299E-03
  9.43359E-01  3.72812E-03
  9.47266E-01  3.68354E-03
  9.51172E-01  3.64044E-03
  9.55078E-01  3.59763E-03
  9.58984E-01  3.55677E-03
  9.62891E-01  3.51586E-03
  9.66797E-01  3.47551E-03
  9.70703E-01  3.43643E-03
  9.74609E-01  3.39850E-03
  9.78516E-01  3.36105E-03
  9.82422E-01  3.32498E-03
  9.86328E-01  3.29089E-03
  9.90234E-01  3.25825E-03
  9.94141E-01  3.23128E-03
  9.98047E-01  3.21856E-03
  1.00195E+00  3.21856E-03
