 -1.95312E-03  9.20212E+00
  1.95312E-03  9.20212E+00
  5.85938E-03  9.20099E+00
  9.76562E-03  9.19923E+00
  1.36719E-02  9.19678E+00
  1.75781E-02  9.19363E+00
  2.14844E-02  9.18979E+00
  2.53906E-02  9.18526E+00
  2.92969E-02  9.18004E+00
  3.32031E-02  9.17413E+00
  3.71094E-02  9.16754E+00
  4.10156E-02  9.16028E+00
  4.49219E-02  9.15233E+00
  4.88281E-02  9.14371E+00
  5.27344E-02  9.13441E+00
  5.66406E-02  9.12444E+00
  6.05469E-02  9.11379E+00
  6.44531E-02  9.10247E+00
  6.83594E-02  9.09049E+00
  7.22656E-02  9.07783E+00
  7.61719E-02  9.06451E+00
  8.00781E-02  9.05051E+00
  8.39844E-02  9.03583E+00
  8.78906E-02  9.02049E+00
  9.17969E-02  9.00448E+00
  9.57031E-02  8.98779E+00
  9.96094E-02  8.97041E+00
  1.03516E-01  8.95237E+00
  1.07422E-01  8.93364E+00
  1.11328E-01  8.91423E+00
  1.15234E-01  8.89413E+00
  1.19141E-01  8.87335E+00
  1.23047E-01  8.85187E+00
  1.26953E-01  8.82969E+00
  1.30859E-01  8.80680E+00
  1.34766E-01  8.78321E+00
  1.38672E-01  8.75891E+00
  1.42578E-01  8.73389E+00
  1.46484E-01  8.70815E+00
  1.50391E-01  8.68168E+00
  1.54297E-01  8.65448E+00
  1.58203E-01  8.62653E+00
  1.62109E-01  8.59783E+00
  1.66016E-01  8.56836E+00
  1.69922E-01  8.53813E+00
  1.73828E-01  8.50711E+00
  1.77734E-01  8.47530E+00
  1.81641E-01  8.44269E+00
  1.85547E-01  8.40926E+00
  1.89453E-01  8.37501E+00
  1.93359E-01  8.33993E+00
  1.97266E-01  8.30400E+00
  2.01172E-01  8.26721E+00
  2.05078E-01  8.22954E+00
  2.08984E-01  8.19098E+00
  2.12891E-01  8.15151E+00
  2.16797E-01  8.11111E+00
  2.20703E-01  8.06977E+00
  2.24609E-01  8.02745E+00
  2.28516E-01  7.98413E+00
  2.32422E-01  7.93980E+00
  2.36328E-01  7.89443E+00
  2.40234E-01  7.84799E+00
  2.44141E-01  7.80045E+00
  2.48047E-01  7.75179E+00
  2.51953E-01  7.70196E+00
  2.55859E-01  7.65094E+00
  2.59766E-01  7.59869E+00
  2.63672E-01  7.54518E+00
  2.67578E-01  7.49035E+00
  2.71484E-01  7.43417E+00
  2.75391E-01  7.37657E+00
  2.79297E-01  7.31752E+00
  2.83203E-01  7.25695E+00
  2.87109E-01  7.19479E+00
  2.91016E-01  7.13099E+00
  2.94922E-01  7.06545E+00
  2.98828E-01  6.99811E+00
  3.02734E-01  6.92887E+00
  3.06641E-01  6.85763E+00
  3.10547E-01  6.78430E+00
  3.14453E-01  6.70874E+00
  3.18359E-01  6.63083E+00
  3.22266E-01  6.55042E+00
  3.26172E-01  6.46734E+00
  3.30078E-01  6.38142E+00
  3.33984E-01  6.29245E+00
  3.37891E-01  6.20017E+00
  3.41797E-01  6.10433E+00
  3.45703E-01  6.00459E+00
  3.49609E-01  5.90041E+00
  3.53516E-01  5.78657E+00
  3.57422E-01  5.54856E+00
  3.61328E-01  1.15900E-01
  3.65234E-01  1.11946E-01
  3.69141E-01  1.08750E-01
  3.73047E-01  1.05382E-01
  3.76953E-01  1.02294E-01
  3.80859E-01  9.91940E-02
  3.84766E-01  9.63222E-02
  3.88672E-01  9.34376E-02
  3.92578E-01  9.07418E-02
  3.96484E-01  8.80495E-02
  4.00391E-01  8.55297E-02
  4.04297E-01  8.30180E-02
  4.08203E-01  8.07013E-02
  4.12109E-01  7.84061E-02
  4.16016E-01  7.62885E-02
  4.19922E-01  7.41851E-02
  4.23828E-01  7.22364E-02
  4.27734E-01  7.02704E-02
  4.31641E-01  6.83896E-02
  4.35547E-01  6.65120E-02
  4.39453E-01  6.47230E-02
  4.43359E-01  6.29410E-02
  4.47266E-01  6.12853E-02
  4.51172E-01  5.97055E-02
  4.55078E-01  5.82336E-02
  4.58984E-01  5.67576E-02
  4.62891E-01  5.53756E-02
  4.66797E-01  5.40519E-02
  4.70703E-01  5.27973E-02
  4.74609E-01  5.15372E-02
  4.78516E-01  5.03393E-02
  4.82422E-01  4.91654E-02
  4.86328E-01  4.80182E-02
  4.90234E-01  4.68730E-02
  4.94141E-01  4.57787E-02
  4.98047E-01  4.47170E-02
  5.01953E-01  4.37019E-02
  5.05859E-01  4.27294E-02
  5.09766E-01  4.17952E-02
  5.13672E-01  4.08587E-02
  5.17578E-01  3.99299E-02
  5.21484E-01  3.90326E-02
  5.25391E-01  3.81823E-02
  5.29297E-01  3.73652E-02
  5.33203E-01  3.65679E-02
  5.37109E-01  3.57847E-02
  5.41016E-01  3.50245E-02
  5.44922E-01  3.42834E-02
  5.48828E-01  3.35644E-02
  5.52734E-01  3.28675E-02
  5.56641E-01  3.21916E-02
  5.60547E-01  3.15332E-02
  5.64453E-01  3.08911E-02
  5.68359E-01  3.02643E-02
  5.72266E-01  2.96538E-02
  5.76172E-01  2.90629E-02
  5.80078E-01  2.84866E-02
  5.83984E-01  2.79250E-02
  5.87891E-01  2.73776E-02
  5.91797E-01  2.68445E-02
  5.95703E-01  2.63288E-02
  5.99609E-01  2.58241E-02
  6.03516E-01  2.53307E-02
  6.07422E-01  2.48495E-02
  6.11328E-01  2.43831E-02
  6.15234E-01  2.39294E-02
  6.19141E-01  2.34851E-02
  6.23047E-01  2.30491E-02
  6.26953E-01  2.26253E-02
  6.30859E-01  2.22143E-02
  6.34766E-01  2.18115E-02
  6.38672E-01  2.14173E-02
  6.42578E-01  2.10323E-02
  6.46484E-01  2.06579E-02
  6.50391E-01  2.02928E-02
  6.54297E-01  1.99351E-02
  6.58203E-01  1.95859E-02
  6.62109E-01  1.92449E-02
  6.66016E-01  1.89121E-02
  6.69922E-01  1.85861E-02
  6.73828E-01  1.82679E-02
  6.77734E-01  1.79594E-02
  6.81641E-01  1.76563E-02
  6.85547E-01  1.73582E-02
  6.89453E-01  1.70677E-02
  6.93359E-01  1.67858E-02
  6.97266E-01  1.65072E-02
  7.01172E-01  1.62356E-02
  7.05078E-01  1.59710E-02
  7.08984E-01  1.57121E-02
  7.12891E-01  1.54565E-02
  7.16797E-01  1.52076E-02
  7.20703E-01  1.49659E-02
  7.24609E-01  1.47281E-02
  7.28516E-01  1.44946E-02
  7.32422E-01  1.42652E-02
  7.36328E-01  1.40413E-02
  7.40234E-01  1.38227E-02
  7.44141E-01  1.36099E-02
  7.48047E-01  1.33994E-02
  7.51953E-01  1.31935E-02
  7.55859E-01  1.29925E-02
  7.59766E-01  1.27953E-02
  7.63672E-01  1.26021E-02
  7.67578E-01  1.24124E-02
  7.71484E-01  1.22268E-02
  7.75391E-01  1.20456E-02
  7.79297E-01  1.18687E-02
  7.83203E-01  1.16921E-02
  7.87109E-01  1.15220E-02
  7.91016E-01  1.13529E-02
  7.94922E-01  1.11900E-02
  7.98828E-01  1.10269E-02
  8.02734E-01  1.08698E-02
  8.06641E-01  1.07135E-02
  8.10547E-01  1.05625E-02
  8.14453E-01  1.04112E-02
  8.18359E-01  1.02649E-02
  8.22266E-01  1.01213E-02
  8.26172E-01  9.98092E-03
  8.30078E-01  9.84241E-03
  8.33984E-01  9.70451E-03
  8.37891E-01  9.57135E-03
  8.41797E-01  9.44113E-03
  8.45703E-01  9.31270E-03
  8.49609E-01  9.18516E-03
  8.53516E-01  9.06188E-03
  8.57422E-01  8.94008E-03
  8.61328E-01  8.82046E-03
  8.65234E-01  8.70343E-03
  8.69141E-01  8.58799E-03
  8.73047E-01  8.47403E-03
  8.76953E-01  8.36376E-03
  8.80859E-01  8.25466E-03
  8.84766E-01  8.14740E-03
  8.88672E-01  8.04177E-03
  8.92578E-01  7.93886E-03
  8.96484E-01  7.83664E-03
  9.00391E-01  7.73698E-03
  9.04297E-01  7.63953E-03
  9.08203E-01  7.54346E-03
  9.12109E-01  7.44951E-03
  9.16016E-01  7.35577E-03
  9.19922E-01  7.26546E-03
  9.23828E-01  7.17579E-03
  9.27734E-01  7.08783E-03
  9.31641E-01  7.00099E-03
  9.35547E-01  6.91679E-03
  9.39453E-01  6.83360E-03
  9.43359E-01  6.75195E-03
  9.47266E-01  6.67207E-03
  9.51172E-01  6.59299E-03
  9.55078E-01  6.51627E-03
  9.58984E-01  6.44163E-03
  9.62891E-01  6.36709E-03
  9.66797E-01  6.29480E-03
  9.70703E-01  6.22472E-03
  9.74609E-01  6.15575E-03
  9.78516E-01  6.08940E-03
  9.82422E-01  6.02413E-03
  9.86328E-01  5.96196E-03
  9.90234E-01  5.90327E-03
  9.94141E-01  5.85421E-03
  9.98047E-01  5.83117E-03
  1.00195E+00  5.83117E-03
