 -1.95312E-03  9.28857E+00
  1.95312E-03  9.28866E+00
  5.85938E-03  9.28755E+00
  9.76562E-03  9.28581E+00
  1.36719E-02  9.28339E+00
  1.75781E-02  9.28028E+00
  2.14844E-02  9.27649E+00
  2.53906E-02  9.27201E+00
  2.92969E-02  9.26686E+00
  3.32031E-02  9.26103E+00
  3.71094E-02  9.25453E+00
  4.10156E-02  9.24736E+00
  4.49219E-02  9.23952E+00
  4.88281E-02  9.23102E+00
  5.27344E-02  9.22184E+00
  5.66406E-02  9.21201E+00
  6.05469E-02  9.20151E+00
  6.44531E-02  9.19035E+00
  6.83594E-02  9.17852E+00
  7.22656E-02  9.16605E+00
  7.61719E-02  9.15291E+00
  8.00781E-02  9.13910E+00
  8.39844E-02  9.12464E+00
  8.78906E-02  9.10952E+00
  9.17969E-02  9.09373E+00
  9.57031E-02  9.07727E+00
  9.96094E-02  9.06015E+00
  1.03516E-01  9.04236E+00
  1.07422E-01  9.02390E+00
  1.11328E-01  9.00477E+00
  1.15234E-01  8.98497E+00
  1.19141E-01  8.96448E+00
  1.23047E-01  8.94332E+00
  1.26953E-01  8.92147E+00
  1.30859E-01  8.89892E+00
  1.34766E-01  8.87568E+00
  1.38672E-01  8.85175E+00
  1.42578E-01  8.82711E+00
  1.46484E-01  8.80176E+00
  1.50391E-01  8.77570E+00
  1.54297E-01  8.74891E+00
  1.58203E-01  8.72140E+00
  1.62109E-01  8.69314E+00
  1.66016E-01  8.66415E+00
  1.69922E-01  8.63439E+00
  1.73828E-01  8.60388E+00
  1.77734E-01  8.57260E+00
  1.81641E-01  8.54053E+00
  1.85547E-01  8.50766E+00
  1.89453E-01  8.47399E+00
  1.93359E-01  8.43950E+00
  1.97266E-01  8.40418E+00
  2.01172E-01  8.36802E+00
  2.05078E-01  8.33101E+00
  2.08984E-01  8.29313E+00
  2.12891E-01  8.25437E+00
  2.16797E-01  8.21469E+00
  2.20703E-01  8.17410E+00
  2.24609E-01  8.13256E+00
  2.28516E-01  8.09006E+00
  2.32422E-01  8.04657E+00
  2.36328E-01  8.00208E+00
  2.40234E-01  7.95654E+00
  2.44141E-01  7.90995E+00
  2.48047E-01  7.86226E+00
  2.51953E-01  7.81345E+00
  2.55859E-01  7.76349E+00
  2.59766E-01  7.71234E+00
  2.63672E-01  7.65997E+00
  2.67578E-01  7.60633E+00
  2.71484E-01  7.55139E+00
  2.75391E-01  7.49510E+00
  2.79297E-01  7.43740E+00
  2.83203E-01  7.37825E+00
  2.87109E-01  7.31759E+00
  2.91016E-01  7.25536E+00
  2.94922E-01  7.19147E+00
  2.98828E-01  7.12587E+00
  3.02734E-01  7.05846E+00
  3.06641E-01  6.98916E+00
  3.10547E-01  6.91788E+00
  3.14453E-01  6.84449E+00
  3.18359E-01  6.76889E+00
  3.22266E-01  6.69094E+00
  3.26172E-01  6.61049E+00
  3.30078E-01  6.52739E+00
  3.33984E-01  6.44145E+00
  3.37891E-01  6.35246E+00
  3.41797E-01  6.26017E+00
  3.45703E-01  6.16431E+00
  3.49609E-01  6.06441E+00
  3.53516E-01  5.95592E+00
  3.57422E-01  5.72969E+00
  3.61328E-01  1.98902E-02
  3.65234E-01  1.94067E-02
  3.69141E-01  1.87865E-02
  3.73047E-01  1.82174E-02
  3.76953E-01  1.76473E-02
  3.80859E-01  1.71232E-02
  3.84766E-01  1.65984E-02
  3.88672E-01  1.61153E-02
  3.92578E-01  1.56315E-02
  3.96484E-01  1.51852E-02
  4.00391E-01  1.47383E-02
  4.04297E-01  1.43252E-02
  4.08203E-01  1.39116E-02
  4.12109E-01  1.35287E-02
  4.16016E-01  1.31453E-02
  4.19922E-01  1.27901E-02
  4.23828E-01  1.24345E-02
  4.27734E-01  1.21046E-02
  4.31641E-01  1.17742E-02
  4.35547E-01  1.14672E-02
  4.39453E-01  1.11599E-02
  4.43359E-01  1.08739E-02
  4.47266E-01  1.05875E-02
  4.51172E-01  1.03206E-02
  4.55078E-01  1.00534E-02
  4.58984E-01  9.80422E-03
  4.62891E-01  9.55473E-03
  4.66797E-01  9.32167E-03
  4.70703E-01  9.08838E-03
  4.74609E-01  8.87021E-03
  4.78516E-01  8.65191E-03
  4.82422E-01  8.44761E-03
  4.86328E-01  8.24308E-03
  4.90234E-01  8.05140E-03
  4.94141E-01  7.85950E-03
  4.98047E-01  7.67950E-03
  5.01953E-01  7.49939E-03
  5.05859E-01  7.33043E-03
  5.09766E-01  7.16130E-03
  5.13672E-01  7.00240E-03
  5.17578E-01  6.84336E-03
  5.21484E-01  6.69372E-03
  5.25391E-01  6.54392E-03
  5.29297E-01  6.40273E-03
  5.33203E-01  6.26144E-03
  5.37109E-01  6.12823E-03
  5.41016E-01  5.99497E-03
  5.44922E-01  5.86933E-03
  5.48828E-01  5.74359E-03
  5.52734E-01  5.62496E-03
  5.56641E-01  5.50623E-03
  5.60547E-01  5.39404E-03
  5.64453E-01  5.28177E-03
  5.68359E-01  5.17560E-03
  5.72266E-01  5.06937E-03
  5.76172E-01  4.96880E-03
  5.80078E-01  4.86812E-03
  5.83984E-01  4.77270E-03
  5.87891E-01  4.67724E-03
  5.91797E-01  4.58687E-03
  5.95703E-01  4.49646E-03
  5.99609E-01  4.41081E-03
  6.03516E-01  4.32508E-03
  6.07422E-01  4.24373E-03
  6.11328E-01  4.16231E-03
  6.15234E-01  4.08482E-03
  6.19141E-01  4.00726E-03
  6.23047E-01  3.93345E-03
  6.26953E-01  3.85966E-03
  6.30859E-01  3.78964E-03
  6.34766E-01  3.71973E-03
  6.38672E-01  3.65339E-03
  6.42578E-01  3.58694E-03
  6.46484E-01  3.52356E-03
  6.50391E-01  3.46011E-03
  6.54297E-01  3.39951E-03
  6.58203E-01  3.33889E-03
  6.62109E-01  3.28108E-03
  6.66016E-01  3.22328E-03
  6.69922E-01  3.16819E-03
  6.73828E-01  3.11308E-03
  6.77734E-01  3.06053E-03
  6.81641E-01  3.00795E-03
  6.85547E-01  2.95775E-03
  6.89453E-01  2.90749E-03
  6.93359E-01  2.85945E-03
  6.97266E-01  2.81142E-03
  7.01172E-01  2.76552E-03
  7.05078E-01  2.71958E-03
  7.08984E-01  2.67568E-03
  7.12891E-01  2.63183E-03
  7.16797E-01  2.58980E-03
  7.20703E-01  2.54772E-03
  7.24609E-01  2.50748E-03
  7.28516E-01  2.46746E-03
  7.32422E-01  2.42837E-03
  7.36328E-01  2.39049E-03
  7.40234E-01  2.35277E-03
  7.44141E-01  2.31663E-03
  7.48047E-01  2.28048E-03
  7.51953E-01  2.24578E-03
  7.55859E-01  2.21105E-03
  7.59766E-01  2.17769E-03
  7.63672E-01  2.14435E-03
  7.67578E-01  2.11244E-03
  7.71484E-01  2.08059E-03
  7.75391E-01  2.05000E-03
  7.79297E-01  2.01936E-03
  7.83203E-01  1.98982E-03
  7.87109E-01  1.96025E-03
  7.91016E-01  1.93181E-03
  7.94922E-01  1.90342E-03
  7.98828E-01  1.87620E-03
  8.02734E-01  1.84899E-03
  8.06641E-01  1.82285E-03
  8.10547E-01  1.79671E-03
  8.14453E-01  1.77164E-03
  8.18359E-01  1.74653E-03
  8.22266E-01  1.72225E-03
  8.26172E-01  1.69796E-03
  8.30078E-01  1.67454E-03
  8.33984E-01  1.65122E-03
  8.37891E-01  1.62877E-03
  8.41797E-01  1.60632E-03
  8.45703E-01  1.58464E-03
  8.49609E-01  1.56294E-03
  8.53516E-01  1.54201E-03
  8.57422E-01  1.52120E-03
  8.61328E-01  1.50112E-03
  8.65234E-01  1.48099E-03
  8.69141E-01  1.46155E-03
  8.73047E-01  1.44242E-03
  8.76953E-01  1.42339E-03
  8.80859E-01  1.40499E-03
  8.84766E-01  1.38683E-03
  8.88672E-01  1.36880E-03
  8.92578E-01  1.35144E-03
  8.96484E-01  1.33422E-03
  9.00391E-01  1.31729E-03
  9.04297E-01  1.30056E-03
  9.08203E-01  1.28422E-03
  9.12109E-01  1.26806E-03
  9.16016E-01  1.25227E-03
  9.19922E-01  1.23672E-03
  9.23828E-01  1.22137E-03
  9.27734E-01  1.20664E-03
  9.31641E-01  1.19194E-03
  9.35547E-01  1.17746E-03
  9.39453E-01  1.16339E-03
  9.43359E-01  1.14937E-03
  9.47266E-01  1.13573E-03
  9.51172E-01  1.12237E-03
  9.55078E-01  1.10903E-03
  9.58984E-01  1.09620E-03
  9.62891E-01  1.08360E-03
  9.66797E-01  1.07132E-03
  9.70703E-01  1.05939E-03
  9.74609E-01  1.04744E-03
  9.78516E-01  1.03597E-03
  9.82422E-01  1.02490E-03
  9.86328E-01  1.01418E-03
  9.90234E-01  1.00433E-03
  9.94141E-01  9.95981E-04
  9.98047E-01  9.92057E-04
  1.00195E+00  9.92057E-04
