 -1.95312E-03  9.26739E+00
  1.95312E-03  9.26748E+00
  5.85938E-03  9.26637E+00
  9.76562E-03  9.26463E+00
  1.36719E-02  9.26220E+00
  1.75781E-02  9.25908E+00
  2.14844E-02  9.25527E+00
  2.53906E-02  9.25078E+00
  2.92969E-02  9.24561E+00
  3.32031E-02  9.23976E+00
  3.71094E-02  9.23324E+00
  4.10156E-02  9.22604E+00
  4.49219E-02  9.21817E+00
  4.88281E-02  9.20963E+00
  5.27344E-02  9.20043E+00
  5.66406E-02  9.19056E+00
  6.05469E-02  9.18002E+00
  6.44531E-02  9.16882E+00
  6.83594E-02  9.15695E+00
  7.22656E-02  9.14441E+00
  7.61719E-02  9.13122E+00
  8.00781E-02  9.11735E+00
  8.39844E-02  9.10283E+00
  8.78906E-02  9.08765E+00
  9.17969E-02  9.07179E+00
  9.57031E-02  9.05527E+00
  9.96094E-02  9.03808E+00
  1.03516E-01  9.02022E+00
  1.07422E-01  9.00169E+00
  1.11328E-01  8.98248E+00
  1.15234E-01  8.96260E+00
  1.19141E-01  8.94203E+00
  1.23047E-01  8.92078E+00
  1.26953E-01  8.89883E+00
  1.30859E-01  8.87619E+00
  1.34766E-01  8.85286E+00
  1.38672E-01  8.82882E+00
  1.42578E-01  8.80407E+00
  1.46484E-01  8.77862E+00
  1.50391E-01  8.75244E+00
  1.54297E-01  8.72554E+00
  1.58203E-01  8.69791E+00
  1.62109E-01  8.66954E+00
  1.66016E-01  8.64041E+00
  1.69922E-01  8.61053E+00
  1.73828E-01  8.57989E+00
  1.77734E-01  8.54846E+00
  1.81641E-01  8.51625E+00
  1.85547E-01  8.48324E+00
  1.89453E-01  8.44943E+00
  1.93359E-01  8.41479E+00
  1.97266E-01  8.37933E+00
  2.01172E-01  8.34302E+00
  2.05078E-01  8.30585E+00
  2.08984E-01  8.26780E+00
  2.12891E-01  8.22886E+00
  2.16797E-01  8.18901E+00
  2.20703E-01  8.14823E+00
  2.24609E-01  8.10650E+00
  2.28516E-01  8.06380E+00
  2.32422E-01  8.02012E+00
  2.36328E-01  7.97541E+00
  2.40234E-01  7.92965E+00
  2.44141E-01  7.88283E+00
  2.48047E-01  7.83491E+00
  2.51953E-01  7.78587E+00
  2.55859E-01  7.73565E+00
  2.59766E-01  7.68424E+00
  2.63672E-01  7.63160E+00
  2.67578E-01  7.57768E+00
  2.71484E-01  7.52245E+00
  2.75391E-01  7.46584E+00
  2.79297E-01  7.40783E+00
  2.83203E-01  7.34834E+00
  2.87109E-01  7.28733E+00
  2.91016E-01  7.22472E+00
  2.94922E-01  7.16045E+00
  2.98828E-01  7.09443E+00
  3.02734E-01  7.02659E+00
  3.06641E-01  6.95684E+00
  3.10547E-01  6.88508E+00
  3.14453E-01  6.81119E+00
  3.18359E-01  6.73506E+00
  3.22266E-01  6.65654E+00
  3.26172E-01  6.57550E+00
  3.30078E-01  6.49175E+00
  3.33984E-01  6.40512E+00
  3.37891E-01  6.31538E+00
  3.41797E-01  6.22229E+00
  3.45703E-01  6.12555E+00
  3.49609E-01  6.02469E+00
  3.53516E-01  5.91500E+00
  3.57422E-01  5.68617E+00
  3.61328E-01  4.66950E-02
  3.65234E-01  4.55059E-02
  3.69141E-01  4.40588E-02
  3.73047E-01  4.27208E-02
  3.76953E-01  4.13829E-02
  3.80859E-01  4.01534E-02
  3.84766E-01  3.89333E-02
  3.88672E-01  3.78148E-02
  3.92578E-01  3.66890E-02
  3.96484E-01  3.56366E-02
  4.00391E-01  3.45865E-02
  4.04297E-01  3.36148E-02
  4.08203E-01  3.26505E-02
  4.12109E-01  3.17614E-02
  4.16016E-01  3.08683E-02
  4.19922E-01  3.00300E-02
  4.23828E-01  2.91946E-02
  4.27734E-01  2.84207E-02
  4.31641E-01  2.76526E-02
  4.35547E-01  2.69328E-02
  4.39453E-01  2.62133E-02
  4.43359E-01  2.55411E-02
  4.47266E-01  2.48696E-02
  4.51172E-01  2.42462E-02
  4.55078E-01  2.36229E-02
  4.58984E-01  2.30368E-02
  4.62891E-01  2.24518E-02
  4.66797E-01  2.19063E-02
  4.70703E-01  2.13618E-02
  4.74609E-01  2.08506E-02
  4.78516E-01  2.03387E-02
  4.82422E-01  1.98596E-02
  4.86328E-01  1.93813E-02
  4.90234E-01  1.89314E-02
  4.94141E-01  1.84810E-02
  4.98047E-01  1.80584E-02
  5.01953E-01  1.76377E-02
  5.05859E-01  1.72409E-02
  5.09766E-01  1.68435E-02
  5.13672E-01  1.64696E-02
  5.17578E-01  1.60977E-02
  5.21484E-01  1.57464E-02
  5.25391E-01  1.53943E-02
  5.29297E-01  1.50616E-02
  5.33203E-01  1.47301E-02
  5.37109E-01  1.44188E-02
  5.41016E-01  1.41064E-02
  5.44922E-01  1.38085E-02
  5.48828E-01  1.35181E-02
  5.52734E-01  1.32326E-02
  5.56641E-01  1.29612E-02
  5.60547E-01  1.26901E-02
  5.64453E-01  1.24339E-02
  5.68359E-01  1.21774E-02
  5.72266E-01  1.19347E-02
  5.76172E-01  1.16917E-02
  5.80078E-01  1.14613E-02
  5.83984E-01  1.12309E-02
  5.87891E-01  1.10130E-02
  5.91797E-01  1.07949E-02
  5.95703E-01  1.05885E-02
  5.99609E-01  1.03818E-02
  6.03516E-01  1.01855E-02
  6.07422E-01  9.98886E-03
  6.11328E-01  9.80186E-03
  6.15234E-01  9.61477E-03
  6.19141E-01  9.43708E-03
  6.23047E-01  9.25946E-03
  6.26953E-01  9.09095E-03
  6.30859E-01  8.92228E-03
  6.34766E-01  8.76163E-03
  6.38672E-01  8.60076E-03
  6.42578E-01  8.44733E-03
  6.46484E-01  8.29396E-03
  6.50391E-01  8.14824E-03
  6.54297E-01  8.00282E-03
  6.58203E-01  7.86366E-03
  6.62109E-01  7.72420E-03
  6.66016E-01  7.59075E-03
  6.69922E-01  7.45790E-03
  6.73828E-01  7.33177E-03
  6.77734E-01  7.20597E-03
  6.81641E-01  7.08446E-03
  6.85547E-01  6.96294E-03
  6.89453E-01  6.84644E-03
  6.93359E-01  6.73128E-03
  6.97266E-01  6.62095E-03
  7.01172E-01  6.51049E-03
  7.05078E-01  6.40414E-03
  7.08984E-01  6.29909E-03
  7.12891E-01  6.19807E-03
  7.16797E-01  6.09677E-03
  7.20703E-01  5.99904E-03
  7.24609E-01  5.90279E-03
  7.28516E-01  5.80997E-03
  7.32422E-01  5.71718E-03
  7.36328E-01  5.62735E-03
  7.40234E-01  5.53848E-03
  7.44141E-01  5.45382E-03
  7.48047E-01  5.36943E-03
  7.51953E-01  5.28651E-03
  7.55859E-01  5.20545E-03
  7.59766E-01  5.12585E-03
  7.63672E-01  5.04817E-03
  7.67578E-01  4.97188E-03
  7.71484E-01  4.89791E-03
  7.75391E-01  4.82528E-03
  7.79297E-01  4.75339E-03
  7.83203E-01  4.68305E-03
  7.87109E-01  4.61350E-03
  7.91016E-01  4.54662E-03
  7.94922E-01  4.48056E-03
  7.98828E-01  4.41577E-03
  8.02734E-01  4.35250E-03
  8.06641E-01  4.29046E-03
  8.10547E-01  4.22935E-03
  8.14453E-01  4.16898E-03
  8.18359E-01  4.11033E-03
  8.22266E-01  4.05308E-03
  8.26172E-01  3.99626E-03
  8.30078E-01  3.94046E-03
  8.33984E-01  3.88605E-03
  8.37891E-01  3.83255E-03
  8.41797E-01  3.78037E-03
  8.45703E-01  3.72842E-03
  8.49609E-01  3.67836E-03
  8.53516E-01  3.62832E-03
  8.57422E-01  3.57987E-03
  8.61328E-01  3.53230E-03
  8.65234E-01  3.48527E-03
  8.69141E-01  3.43895E-03
  8.73047E-01  3.39349E-03
  8.76953E-01  3.34965E-03
  8.80859E-01  3.30597E-03
  8.84766E-01  3.26331E-03
  8.88672E-01  3.22115E-03
  8.92578E-01  3.17946E-03
  8.96484E-01  3.13918E-03
  9.00391E-01  3.09913E-03
  9.04297E-01  3.06030E-03
  9.08203E-01  3.02158E-03
  9.12109E-01  2.98437E-03
  9.16016E-01  2.94709E-03
  9.19922E-01  2.91062E-03
  9.23828E-01  2.87493E-03
  9.27734E-01  2.83958E-03
  9.31641E-01  2.80533E-03
  9.35547E-01  2.77124E-03
  9.39453E-01  2.73801E-03
  9.43359E-01  2.70530E-03
  9.47266E-01  2.67375E-03
  9.51172E-01  2.64208E-03
  9.55078E-01  2.61120E-03
  9.58984E-01  2.58079E-03
  9.62891E-01  2.55081E-03
  9.66797E-01  2.52214E-03
  9.70703E-01  2.49366E-03
  9.74609E-01  2.46575E-03
  9.78516E-01  2.43865E-03
  9.82422E-01  2.41281E-03
  9.86328E-01  2.38788E-03
  9.90234E-01  2.36414E-03
  9.94141E-01  2.34464E-03
  9.98047E-01  2.33541E-03
  1.00195E+00  2.33541E-03
