 -1.95312E-03  9.28959E+00
  1.95312E-03  9.28968E+00
  5.85938E-03  9.28857E+00
  9.76562E-03  9.28683E+00
  1.36719E-02  9.28441E+00
  1.75781E-02  9.28130E+00
  2.14844E-02  9.27751E+00
  2.53906E-02  9.27304E+00
  2.92969E-02  9.26788E+00
  3.32031E-02  9.26205E+00
  3.71094E-02  9.25555E+00
  4.10156E-02  9.24838E+00
  4.49219E-02  9.24054E+00
  4.88281E-02  9.23204E+00
  5.27344E-02  9.22287E+00
  5.66406E-02  9.21303E+00
  6.05469E-02  9.20253E+00
  6.44531E-02  9.19137E+00
  6.83594E-02  9.17955E+00
  7.22656E-02  9.16707E+00
  7.61719E-02  9.15393E+00
  8.00781E-02  9.14012E+00
  8.39844E-02  9.12566E+00
  8.78906E-02  9.11053E+00
  9.17969E-02  9.09474E+00
  9.57031E-02  9.07828E+00
  9.96094E-02  9.06115E+00
  1.03516E-01  9.04336E+00
  1.07422E-01  9.02489E+00
  1.11328E-01  9.00576E+00
  1.15234E-01  8.98595E+00
  1.19141E-01  8.96546E+00
  1.23047E-01  8.94429E+00
  1.26953E-01  8.92244E+00
  1.30859E-01  8.89989E+00
  1.34766E-01  8.87665E+00
  1.38672E-01  8.85271E+00
  1.42578E-01  8.82807E+00
  1.46484E-01  8.80272E+00
  1.50391E-01  8.77666E+00
  1.54297E-01  8.74987E+00
  1.58203E-01  8.72235E+00
  1.62109E-01  8.69410E+00
  1.66016E-01  8.66510E+00
  1.69922E-01  8.63535E+00
  1.73828E-01  8.60483E+00
  1.77734E-01  8.57355E+00
  1.81641E-01  8.54148E+00
  1.85547E-01  8.50862E+00
  1.89453E-01  8.47495E+00
  1.93359E-01  8.44046E+00
  1.97266E-01  8.40514E+00
  2.01172E-01  8.36898E+00
  2.05078E-01  8.33196E+00
  2.08984E-01  8.29408E+00
  2.12891E-01  8.25531E+00
  2.16797E-01  8.21563E+00
  2.20703E-01  8.17503E+00
  2.24609E-01  8.13349E+00
  2.28516E-01  8.09099E+00
  2.32422E-01  8.04749E+00
  2.36328E-01  8.00299E+00
  2.40234E-01  7.95745E+00
  2.44141E-01  7.91085E+00
  2.48047E-01  7.86316E+00
  2.51953E-01  7.81434E+00
  2.55859E-01  7.76437E+00
  2.59766E-01  7.71322E+00
  2.63672E-01  7.66084E+00
  2.67578E-01  7.60720E+00
  2.71484E-01  7.55225E+00
  2.75391E-01  7.49595E+00
  2.79297E-01  7.43825E+00
  2.83203E-01  7.37908E+00
  2.87109E-01  7.31840E+00
  2.91016E-01  7.25615E+00
  2.94922E-01  7.19225E+00
  2.98828E-01  7.12662E+00
  3.02734E-01  7.05919E+00
  3.06641E-01  6.98986E+00
  3.10547E-01  6.91855E+00
  3.14453E-01  6.84513E+00
  3.18359E-01  6.76948E+00
  3.22266E-01  6.69149E+00
  3.26172E-01  6.61098E+00
  3.30078E-01  6.52781E+00
  3.33984E-01  6.44179E+00
  3.37891E-01  6.35270E+00
  3.41797E-01  6.26030E+00
  3.45703E-01  6.16430E+00
  3.49609E-01  6.06424E+00
  3.53516E-01  5.95554E+00
  3.57422E-01  5.72885E+00
  3.61328E-01  9.54055E-03
  3.65234E-01  9.31028E-03
  3.69141E-01  9.01234E-03
  3.73047E-01  8.73898E-03
  3.76953E-01  8.46521E-03
  3.80859E-01  8.21368E-03
  3.84766E-01  7.96174E-03
  3.88672E-01  7.72972E-03
  3.92578E-01  7.49738E-03
  3.96484E-01  7.28307E-03
  4.00391E-01  7.06843E-03
  4.04297E-01  6.87013E-03
  4.08203E-01  6.67158E-03
  4.12109E-01  6.48789E-03
  4.16016E-01  6.30397E-03
  4.19922E-01  6.13363E-03
  4.23828E-01  5.96306E-03
  4.27734E-01  5.80477E-03
  4.31641E-01  5.64628E-03
  4.35547E-01  5.49897E-03
  4.39453E-01  5.35146E-03
  4.43359E-01  5.21412E-03
  4.47266E-01  5.07667E-03
  4.51172E-01  4.94865E-03
  4.55078E-01  4.82052E-03
  4.58984E-01  4.70112E-03
  4.62891E-01  4.58159E-03
  4.66797E-01  4.46998E-03
  4.70703E-01  4.35828E-03
  4.74609E-01  4.25382E-03
  4.78516E-01  4.14924E-03
  4.82422E-01  4.05127E-03
  4.86328E-01  3.95318E-03
  4.90234E-01  3.86121E-03
  4.94141E-01  3.76918E-03
  4.98047E-01  3.68290E-03
  5.01953E-01  3.59654E-03
  5.05859E-01  3.51549E-03
  5.09766E-01  3.43437E-03
  5.13672E-01  3.35814E-03
  5.17578E-01  3.28185E-03
  5.21484E-01  3.21008E-03
  5.25391E-01  3.13824E-03
  5.29297E-01  3.07058E-03
  5.33203E-01  3.00288E-03
  5.37109E-01  2.93909E-03
  5.41016E-01  2.87525E-03
  5.44922E-01  2.81506E-03
  5.48828E-01  2.75481E-03
  5.52734E-01  2.69792E-03
  5.56641E-01  2.64098E-03
  5.60547E-01  2.58718E-03
  5.64453E-01  2.53335E-03
  5.68359E-01  2.48244E-03
  5.72266E-01  2.43148E-03
  5.76172E-01  2.38328E-03
  5.80078E-01  2.33503E-03
  5.83984E-01  2.28934E-03
  5.87891E-01  2.24361E-03
  5.91797E-01  2.20029E-03
  5.95703E-01  2.15692E-03
  5.99609E-01  2.11582E-03
  6.03516E-01  2.07467E-03
  6.07422E-01  2.03564E-03
  6.11328E-01  1.99658E-03
  6.15234E-01  1.95949E-03
  6.19141E-01  1.92235E-03
  6.23047E-01  1.88708E-03
  6.26953E-01  1.85179E-03
  6.30859E-01  1.81823E-03
  6.34766E-01  1.78466E-03
  6.38672E-01  1.75269E-03
  6.42578E-01  1.72070E-03
  6.46484E-01  1.69021E-03
  6.50391E-01  1.65971E-03
  6.54297E-01  1.63066E-03
  6.58203E-01  1.60161E-03
  6.62109E-01  1.57395E-03
  6.66016E-01  1.54628E-03
  6.69922E-01  1.51991E-03
  6.73828E-01  1.49353E-03
  6.77734E-01  1.46838E-03
  6.81641E-01  1.44320E-03
  6.85547E-01  1.41916E-03
  6.89453E-01  1.39510E-03
  6.93359E-01  1.37207E-03
  6.97266E-01  1.34903E-03
  7.01172E-01  1.32700E-03
  7.05078E-01  1.30495E-03
  7.08984E-01  1.28388E-03
  7.12891E-01  1.26279E-03
  7.16797E-01  1.24263E-03
  7.20703E-01  1.22246E-03
  7.24609E-01  1.20315E-03
  7.28516E-01  1.18383E-03
  7.32422E-01  1.16534E-03
  7.36328E-01  1.14684E-03
  7.40234E-01  1.12911E-03
  7.44141E-01  1.11138E-03
  7.48047E-01  1.09439E-03
  7.51953E-01  1.07739E-03
  7.55859E-01  1.06111E-03
  7.59766E-01  1.04482E-03
  7.63672E-01  1.02919E-03
  7.67578E-01  1.01355E-03
  7.71484E-01  9.98529E-04
  7.75391E-01  9.83500E-04
  7.79297E-01  9.69070E-04
  7.83203E-01  9.54636E-04
  7.87109E-01  9.40774E-04
  7.91016E-01  9.26900E-04
  7.94922E-01  9.13575E-04
  7.98828E-01  9.00246E-04
  8.02734E-01  8.87447E-04
  8.06641E-01  8.74637E-04
  8.10547E-01  8.62319E-04
  8.14453E-01  8.49996E-04
  8.18359E-01  8.38129E-04
  8.22266E-01  8.26249E-04
  8.26172E-01  8.14798E-04
  8.30078E-01  8.03365E-04
  8.33984E-01  7.92352E-04
  8.37891E-01  7.81317E-04
  8.41797E-01  7.70656E-04
  8.45703E-01  7.60166E-04
  8.49609E-01  7.49803E-04
  8.53516E-01  7.39786E-04
  8.57422E-01  7.29769E-04
  8.61328E-01  7.20115E-04
  8.65234E-01  7.10456E-04
  8.69141E-01  7.01159E-04
  8.73047E-01  6.91866E-04
  8.76953E-01  6.82924E-04
  8.80859E-01  6.73962E-04
  8.84766E-01  6.65282E-04
  8.88672E-01  6.56601E-04
  8.92578E-01  6.48220E-04
  8.96484E-01  6.39869E-04
  9.00391E-01  6.31804E-04
  9.04297E-01  6.23733E-04
  9.08203E-01  6.15937E-04
  9.12109E-01  6.08189E-04
  9.16016E-01  6.00665E-04
  9.19922E-01  5.93127E-04
  9.23828E-01  5.85838E-04
  9.27734E-01  5.78706E-04
  9.31641E-01  5.71686E-04
  9.35547E-01  5.64761E-04
  9.39453E-01  5.57999E-04
  9.43359E-01  5.51345E-04
  9.47266E-01  5.44851E-04
  9.51172E-01  5.38332E-04
  9.55078E-01  5.31980E-04
  9.58984E-01  5.25836E-04
  9.62891E-01  5.19765E-04
  9.66797E-01  5.13771E-04
  9.70703E-01  5.08011E-04
  9.74609E-01  5.02435E-04
  9.78516E-01  4.96867E-04
  9.82422E-01  4.91526E-04
  9.86328E-01  4.86524E-04
  9.90234E-01  4.81748E-04
  9.94141E-01  4.77719E-04
  9.98047E-01  4.75839E-04
  1.00195E+00  4.75839E-04
