 -1.95312E-03  9.28951E+00
  1.95312E-03  9.28960E+00
  5.85938E-03  9.28849E+00
  9.76562E-03  9.28675E+00
  1.36719E-02  9.28433E+00
  1.75781E-02  9.28122E+00
  2.14844E-02  9.27743E+00
  2.53906E-02  9.27296E+00
  2.92969E-02  9.26781E+00
  3.32031E-02  9.26198E+00
  3.71094E-02  9.25548E+00
  4.10156E-02  9.24831E+00
  4.49219E-02  9.24047E+00
  4.88281E-02  9.23197E+00
  5.27344E-02  9.22280E+00
  5.66406E-02  9.21296E+00
  6.05469E-02  9.20246E+00
  6.44531E-02  9.19130E+00
  6.83594E-02  9.17948E+00
  7.22656E-02  9.16700E+00
  7.61719E-02  9.15386E+00
  8.00781E-02  9.14006E+00
  8.39844E-02  9.12559E+00
  8.78906E-02  9.11046E+00
  9.17969E-02  9.09467E+00
  9.57031E-02  9.07821E+00
  9.96094E-02  9.06109E+00
  1.03516E-01  9.04329E+00
  1.07422E-01  9.02483E+00
  1.11328E-01  9.00569E+00
  1.15234E-01  8.98588E+00
  1.19141E-01  8.96539E+00
  1.23047E-01  8.94422E+00
  1.26953E-01  8.92237E+00
  1.30859E-01  8.89982E+00
  1.34766E-01  8.87658E+00
  1.38672E-01  8.85264E+00
  1.42578E-01  8.82800E+00
  1.46484E-01  8.80265E+00
  1.50391E-01  8.77659E+00
  1.54297E-01  8.74980E+00
  1.58203E-01  8.72228E+00
  1.62109E-01  8.69403E+00
  1.66016E-01  8.66503E+00
  1.69922E-01  8.63528E+00
  1.73828E-01  8.60477E+00
  1.77734E-01  8.57348E+00
  1.81641E-01  8.54142E+00
  1.85547E-01  8.50855E+00
  1.89453E-01  8.47488E+00
  1.93359E-01  8.44039E+00
  1.97266E-01  8.40507E+00
  2.01172E-01  8.36891E+00
  2.05078E-01  8.33189E+00
  2.08984E-01  8.29401E+00
  2.12891E-01  8.25524E+00
  2.16797E-01  8.21557E+00
  2.20703E-01  8.17497E+00
  2.24609E-01  8.13343E+00
  2.28516E-01  8.09093E+00
  2.32422E-01  8.04744E+00
  2.36328E-01  8.00294E+00
  2.40234E-01  7.95740E+00
  2.44141E-01  7.91080E+00
  2.48047E-01  7.86310E+00
  2.51953E-01  7.81429E+00
  2.55859E-01  7.76432E+00
  2.59766E-01  7.71317E+00
  2.63672E-01  7.66079E+00
  2.67578E-01  7.60715E+00
  2.71484E-01  7.55220E+00
  2.75391E-01  7.49590E+00
  2.79297E-01  7.43820E+00
  2.83203E-01  7.37904E+00
  2.87109E-01  7.31836E+00
  2.91016E-01  7.25611E+00
  2.94922E-01  7.19221E+00
  2.98828E-01  7.12659E+00
  3.02734E-01  7.05916E+00
  3.06641E-01  6.98984E+00
  3.10547E-01  6.91853E+00
  3.14453E-01  6.84512E+00
  3.18359E-01  6.76948E+00
  3.22266E-01  6.69149E+00
  3.26172E-01  6.61099E+00
  3.30078E-01  6.52783E+00
  3.33984E-01  6.44181E+00
  3.37891E-01  6.35273E+00
  3.41797E-01  6.26034E+00
  3.45703E-01  6.16436E+00
  3.49609E-01  6.06430E+00
  3.53516E-01  5.95561E+00
  3.57422E-01  5.72894E+00
  3.61328E-01  9.92729E-03
  3.65234E-01  9.68779E-03
  3.69141E-01  9.37775E-03
  3.73047E-01  9.09327E-03
  3.76953E-01  8.80833E-03
  3.80859E-01  8.54644E-03
  3.84766E-01  8.28416E-03
  3.88672E-01  8.04282E-03
  3.92578E-01  7.80111E-03
  3.96484E-01  7.57814E-03
  4.00391E-01  7.35488E-03
  4.04297E-01  7.14859E-03
  4.08203E-01  6.94200E-03
  4.12109E-01  6.75083E-03
  4.16016E-01  6.55943E-03
  4.19922E-01  6.38207E-03
  4.23828E-01  6.20453E-03
  4.27734E-01  6.03983E-03
  4.31641E-01  5.87494E-03
  4.35547E-01  5.72173E-03
  4.39453E-01  5.56835E-03
  4.43359E-01  5.42557E-03
  4.47266E-01  5.28260E-03
  4.51172E-01  5.14933E-03
  4.55078E-01  5.01594E-03
  4.58984E-01  4.89154E-03
  4.62891E-01  4.76703E-03
  4.66797E-01  4.65085E-03
  4.70703E-01  4.53455E-03
  4.74609E-01  4.42587E-03
  4.78516E-01  4.31709E-03
  4.82422E-01  4.21530E-03
  4.86328E-01  4.11338E-03
  4.90234E-01  4.01775E-03
  4.94141E-01  3.92205E-03
  4.98047E-01  3.83222E-03
  5.01953E-01  3.74233E-03
  5.05859E-01  3.65795E-03
  5.09766E-01  3.57350E-03
  5.13672E-01  3.49415E-03
  5.17578E-01  3.41474E-03
  5.21484E-01  3.34007E-03
  5.25391E-01  3.26533E-03
  5.29297E-01  3.19496E-03
  5.33203E-01  3.12451E-03
  5.37109E-01  3.05811E-03
  5.41016E-01  2.99167E-03
  5.44922E-01  2.92901E-03
  5.48828E-01  2.86631E-03
  5.52734E-01  2.80713E-03
  5.56641E-01  2.74790E-03
  5.60547E-01  2.69193E-03
  5.64453E-01  2.63592E-03
  5.68359E-01  2.58296E-03
  5.72266E-01  2.52996E-03
  5.76172E-01  2.47980E-03
  5.80078E-01  2.42960E-03
  5.83984E-01  2.38206E-03
  5.87891E-01  2.33448E-03
  5.91797E-01  2.28939E-03
  5.95703E-01  2.24426E-03
  5.99609E-01  2.20148E-03
  6.03516E-01  2.15866E-03
  6.07422E-01  2.11805E-03
  6.11328E-01  2.07740E-03
  6.15234E-01  2.03881E-03
  6.19141E-01  2.00019E-03
  6.23047E-01  1.96349E-03
  6.26953E-01  1.92675E-03
  6.30859E-01  1.89183E-03
  6.34766E-01  1.85689E-03
  6.38672E-01  1.82366E-03
  6.42578E-01  1.79040E-03
  6.46484E-01  1.75872E-03
  6.50391E-01  1.72702E-03
  6.54297E-01  1.69678E-03
  6.58203E-01  1.66652E-03
  6.62109E-01  1.63769E-03
  6.66016E-01  1.60885E-03
  6.69922E-01  1.58139E-03
  6.73828E-01  1.55391E-03
  6.77734E-01  1.52772E-03
  6.81641E-01  1.50151E-03
  6.85547E-01  1.47651E-03
  6.89453E-01  1.45149E-03
  6.93359E-01  1.42759E-03
  6.97266E-01  1.40366E-03
  7.01172E-01  1.38075E-03
  7.05078E-01  1.35783E-03
  7.08984E-01  1.33589E-03
  7.12891E-01  1.31395E-03
  7.16797E-01  1.29296E-03
  7.20703E-01  1.27197E-03
  7.24609E-01  1.25187E-03
  7.28516E-01  1.23177E-03
  7.32422E-01  1.21253E-03
  7.36328E-01  1.19328E-03
  7.40234E-01  1.17484E-03
  7.44141E-01  1.15639E-03
  7.48047E-01  1.13870E-03
  7.51953E-01  1.12100E-03
  7.55859E-01  1.10404E-03
  7.59766E-01  1.08707E-03
  7.63672E-01  1.07082E-03
  7.67578E-01  1.05456E-03
  7.71484E-01  1.03894E-03
  7.75391E-01  1.02332E-03
  7.79297E-01  1.00830E-03
  7.83203E-01  9.93280E-04
  7.87109E-01  9.78862E-04
  7.91016E-01  9.64435E-04
  7.94922E-01  9.50567E-04
  7.98828E-01  9.36689E-04
  8.02734E-01  9.23362E-04
  8.06641E-01  9.10035E-04
  8.10547E-01  8.97224E-04
  8.14453E-01  8.84400E-04
  8.18359E-01  8.72067E-04
  8.22266E-01  8.59734E-04
  8.26172E-01  8.47832E-04
  8.30078E-01  8.35920E-04
  8.33984E-01  8.24457E-04
  8.37891E-01  8.13053E-04
  8.41797E-01  8.01863E-04
  8.45703E-01  7.90994E-04
  8.49609E-01  7.80163E-04
  8.53516E-01  7.69744E-04
  8.57422E-01  7.59322E-04
  8.61328E-01  7.49283E-04
  8.65234E-01  7.39232E-04
  8.69141E-01  7.29547E-04
  8.73047E-01  7.19861E-04
  8.76953E-01  7.10552E-04
  8.80859E-01  7.01245E-04
  8.84766E-01  6.92244E-04
  8.88672E-01  6.83225E-04
  8.92578E-01  6.74494E-04
  8.96484E-01  6.65787E-04
  9.00391E-01  6.57400E-04
  9.04297E-01  6.49015E-04
  9.08203E-01  6.40887E-04
  9.12109E-01  6.32807E-04
  9.16016E-01  6.25014E-04
  9.19922E-01  6.17194E-04
  9.23828E-01  6.09558E-04
  9.27734E-01  6.02121E-04
  9.31641E-01  5.94831E-04
  9.35547E-01  5.87629E-04
  9.39453E-01  5.80589E-04
  9.43359E-01  5.73644E-04
  9.47266E-01  5.66928E-04
  9.51172E-01  5.60172E-04
  9.55078E-01  5.53537E-04
  9.58984E-01  5.47131E-04
  9.62891E-01  5.40833E-04
  9.66797E-01  5.34592E-04
  9.70703E-01  5.28574E-04
  9.74609E-01  5.22786E-04
  9.78516E-01  5.17006E-04
  9.82422E-01  5.11432E-04
  9.86328E-01  5.06223E-04
  9.90234E-01  5.01264E-04
  9.94141E-01  4.97070E-04
  9.98047E-01  4.95114E-04
  1.00195E+00  4.95114E-04
