 -1.95312E-03  9.28347E+00
  1.95312E-03  9.28356E+00
  5.85938E-03  9.28244E+00
  9.76562E-03  9.28070E+00
  1.36719E-02  9.27828E+00
  1.75781E-02  9.27517E+00
  2.14844E-02  9.27137E+00
  2.53906E-02  9.26690E+00
  2.92969E-02  9.26174E+00
  3.32031E-02  9.25591E+00
  3.71094E-02  9.24940E+00
  4.10156E-02  9.24222E+00
  4.49219E-02  9.23437E+00
  4.88281E-02  9.22586E+00
  5.27344E-02  9.21667E+00
  5.66406E-02  9.20683E+00
  6.05469E-02  9.19632E+00
  6.44531E-02  9.18515E+00
  6.83594E-02  9.17332E+00
  7.22656E-02  9.16083E+00
  7.61719E-02  9.14768E+00
  8.00781E-02  9.13386E+00
  8.39844E-02  9.11939E+00
  8.78906E-02  9.10425E+00
  9.17969E-02  9.08845E+00
  9.57031E-02  9.07198E+00
  9.96094E-02  9.05484E+00
  1.03516E-01  9.03704E+00
  1.07422E-01  9.01856E+00
  1.11328E-01  8.99941E+00
  1.15234E-01  8.97959E+00
  1.19141E-01  8.95908E+00
  1.23047E-01  8.93789E+00
  1.26953E-01  8.91602E+00
  1.30859E-01  8.89345E+00
  1.34766E-01  8.87019E+00
  1.38672E-01  8.84622E+00
  1.42578E-01  8.82155E+00
  1.46484E-01  8.79618E+00
  1.50391E-01  8.77008E+00
  1.54297E-01  8.74327E+00
  1.58203E-01  8.71573E+00
  1.62109E-01  8.68744E+00
  1.66016E-01  8.65841E+00
  1.69922E-01  8.62863E+00
  1.73828E-01  8.59809E+00
  1.77734E-01  8.56676E+00
  1.81641E-01  8.53465E+00
  1.85547E-01  8.50175E+00
  1.89453E-01  8.46804E+00
  1.93359E-01  8.43350E+00
  1.97266E-01  8.39814E+00
  2.01172E-01  8.36193E+00
  2.05078E-01  8.32487E+00
  2.08984E-01  8.28693E+00
  2.12891E-01  8.24811E+00
  2.16797E-01  8.20838E+00
  2.20703E-01  8.16773E+00
  2.24609E-01  8.12613E+00
  2.28516E-01  8.08358E+00
  2.32422E-01  8.04003E+00
  2.36328E-01  7.99547E+00
  2.40234E-01  7.94988E+00
  2.44141E-01  7.90322E+00
  2.48047E-01  7.85547E+00
  2.51953E-01  7.80659E+00
  2.55859E-01  7.75656E+00
  2.59766E-01  7.70533E+00
  2.63672E-01  7.65288E+00
  2.67578E-01  7.59917E+00
  2.71484E-01  7.54415E+00
  2.75391E-01  7.48778E+00
  2.79297E-01  7.43000E+00
  2.83203E-01  7.37076E+00
  2.87109E-01  7.31001E+00
  2.91016E-01  7.24768E+00
  2.94922E-01  7.18370E+00
  2.98828E-01  7.11800E+00
  3.02734E-01  7.05049E+00
  3.06641E-01  6.98109E+00
  3.10547E-01  6.90969E+00
  3.14453E-01  6.83619E+00
  3.18359E-01  6.76048E+00
  3.22266E-01  6.68241E+00
  3.26172E-01  6.60183E+00
  3.30078E-01  6.51859E+00
  3.33984E-01  6.43250E+00
  3.37891E-01  6.34334E+00
  3.41797E-01  6.25088E+00
  3.45703E-01  6.15483E+00
  3.49609E-01  6.05473E+00
  3.53516E-01  5.94599E+00
  3.57422E-01  5.71923E+00
  3.61328E-01  2.89944E-02
  3.65234E-01  2.82805E-02
  3.69141E-01  2.73780E-02
  3.73047E-01  2.65495E-02
  3.76953E-01  2.57197E-02
  3.80859E-01  2.49566E-02
  3.84766E-01  2.41925E-02
  3.88672E-01  2.34888E-02
  3.92578E-01  2.27842E-02
  3.96484E-01  2.21342E-02
  4.00391E-01  2.14833E-02
  4.04297E-01  2.08818E-02
  4.08203E-01  2.02794E-02
  4.12109E-01  1.97216E-02
  4.16016E-01  1.91633E-02
  4.19922E-01  1.86457E-02
  4.23828E-01  1.81276E-02
  4.27734E-01  1.76469E-02
  4.31641E-01  1.71657E-02
  4.35547E-01  1.67184E-02
  4.39453E-01  1.62706E-02
  4.43359E-01  1.58541E-02
  4.47266E-01  1.54370E-02
  4.51172E-01  1.50485E-02
  4.55078E-01  1.46595E-02
  4.58984E-01  1.42965E-02
  4.62891E-01  1.39332E-02
  4.66797E-01  1.35938E-02
  4.70703E-01  1.32542E-02
  4.74609E-01  1.29366E-02
  4.78516E-01  1.26188E-02
  4.82422E-01  1.23214E-02
  4.86328E-01  1.20237E-02
  4.90234E-01  1.17446E-02
  4.94141E-01  1.14651E-02
  4.98047E-01  1.12028E-02
  5.01953E-01  1.09403E-02
  5.05859E-01  1.06938E-02
  5.09766E-01  1.04471E-02
  5.13672E-01  1.02154E-02
  5.17578E-01  9.98337E-03
  5.21484E-01  9.76510E-03
  5.25391E-01  9.54664E-03
  5.29297E-01  9.34095E-03
  5.33203E-01  9.13506E-03
  5.37109E-01  8.94103E-03
  5.41016E-01  8.74684E-03
  5.44922E-01  8.56354E-03
  5.48828E-01  8.38014E-03
  5.52734E-01  8.20685E-03
  5.56641E-01  8.03346E-03
  5.60547E-01  7.86960E-03
  5.64453E-01  7.70570E-03
  5.68359E-01  7.55086E-03
  5.72266E-01  7.39592E-03
  5.76172E-01  7.24929E-03
  5.80078E-01  7.10250E-03
  5.83984E-01  6.96329E-03
  5.87891E-01  6.82399E-03
  5.91797E-01  6.69199E-03
  5.95703E-01  6.55999E-03
  5.99609E-01  6.43511E-03
  6.03516E-01  6.31013E-03
  6.07422E-01  6.19149E-03
  6.11328E-01  6.07266E-03
  6.15234E-01  5.95966E-03
  6.19141E-01  5.84659E-03
  6.23047E-01  5.73905E-03
  6.26953E-01  5.63149E-03
  6.30859E-01  5.52941E-03
  6.34766E-01  5.42725E-03
  6.38672E-01  5.32982E-03
  6.42578E-01  5.23247E-03
  6.46484E-01  5.14013E-03
  6.50391E-01  5.04767E-03
  6.54297E-01  4.95853E-03
  6.58203E-01  4.87171E-03
  6.62109E-01  4.78560E-03
  6.66016E-01  4.70320E-03
  6.69922E-01  4.62077E-03
  6.73828E-01  4.54210E-03
  6.77734E-01  4.46344E-03
  6.81641E-01  4.38856E-03
  6.85547E-01  4.31381E-03
  6.89453E-01  4.24242E-03
  6.93359E-01  4.17086E-03
  6.97266E-01  4.10209E-03
  7.01172E-01  4.03333E-03
  7.05078E-01  3.96756E-03
  7.08984E-01  3.90206E-03
  7.12891E-01  3.83953E-03
  7.16797E-01  3.77704E-03
  7.20703E-01  3.71721E-03
  7.24609E-01  3.65737E-03
  7.28516E-01  3.59996E-03
  7.32422E-01  3.54245E-03
  7.36328E-01  3.48717E-03
  7.40234E-01  3.43196E-03
  7.44141E-01  3.37916E-03
  7.48047E-01  3.32651E-03
  7.51953E-01  3.27587E-03
  7.55859E-01  3.22520E-03
  7.59766E-01  3.17652E-03
  7.63672E-01  3.12796E-03
  7.67578E-01  3.08131E-03
  7.71484E-01  3.03462E-03
  7.75391E-01  2.98975E-03
  7.79297E-01  2.94498E-03
  7.83203E-01  2.90212E-03
  7.87109E-01  2.85923E-03
  7.91016E-01  2.81782E-03
  7.94922E-01  2.77638E-03
  7.98828E-01  2.73650E-03
  8.02734E-01  2.69690E-03
  8.06641E-01  2.65886E-03
  8.10547E-01  2.62072E-03
  8.14453E-01  2.58365E-03
  8.18359E-01  2.54679E-03
  8.22266E-01  2.51151E-03
  8.26172E-01  2.47654E-03
  8.30078E-01  2.44212E-03
  8.33984E-01  2.40861E-03
  8.37891E-01  2.37533E-03
  8.41797E-01  2.34283E-03
  8.45703E-01  2.31083E-03
  8.49609E-01  2.27921E-03
  8.53516E-01  2.24887E-03
  8.57422E-01  2.21871E-03
  8.61328E-01  2.18928E-03
  8.65234E-01  2.16023E-03
  8.69141E-01  2.13161E-03
  8.73047E-01  2.10364E-03
  8.76953E-01  2.07622E-03
  8.80859E-01  2.04909E-03
  8.84766E-01  2.02255E-03
  8.88672E-01  1.99655E-03
  8.92578E-01  1.97076E-03
  8.96484E-01  1.94580E-03
  9.00391E-01  1.92092E-03
  9.04297E-01  1.89694E-03
  9.08203E-01  1.87299E-03
  9.12109E-01  1.84947E-03
  9.16016E-01  1.82673E-03
  9.19922E-01  1.80407E-03
  9.23828E-01  1.78200E-03
  9.27734E-01  1.76030E-03
  9.31641E-01  1.73872E-03
  9.35547E-01  1.71773E-03
  9.39453E-01  1.69676E-03
  9.43359E-01  1.67661E-03
  9.47266E-01  1.65675E-03
  9.51172E-01  1.63716E-03
  9.55078E-01  1.61813E-03
  9.58984E-01  1.59924E-03
  9.62891E-01  1.58091E-03
  9.66797E-01  1.56257E-03
  9.70703E-01  1.54501E-03
  9.74609E-01  1.52805E-03
  9.78516E-01  1.51130E-03
  9.82422E-01  1.49519E-03
  9.86328E-01  1.47952E-03
  9.90234E-01  1.46499E-03
  9.94141E-01  1.45289E-03
  9.98047E-01  1.44717E-03
  1.00195E+00  1.44717E-03
