 -1.95312E-03  9.28945E+00
  1.95312E-03  9.28954E+00
  5.85938E-03  9.28843E+00
  9.76562E-03  9.28669E+00
  1.36719E-02  9.28427E+00
  1.75781E-02  9.28117E+00
  2.14844E-02  9.27737E+00
  2.53906E-02  9.27290E+00
  2.92969E-02  9.26775E+00
  3.32031E-02  9.26192E+00
  3.71094E-02  9.25542E+00
  4.10156E-02  9.24825E+00
  4.49219E-02  9.24041E+00
  4.88281E-02  9.23190E+00
  5.27344E-02  9.22273E+00
  5.66406E-02  9.21290E+00
  6.05469E-02  9.20240E+00
  6.44531E-02  9.19123E+00
  6.83594E-02  9.17941E+00
  7.22656E-02  9.16693E+00
  7.61719E-02  9.15379E+00
  8.00781E-02  9.13999E+00
  8.39844E-02  9.12552E+00
  8.78906E-02  9.11039E+00
  9.17969E-02  9.09460E+00
  9.57031E-02  9.07815E+00
  9.96094E-02  9.06103E+00
  1.03516E-01  9.04323E+00
  1.07422E-01  9.02477E+00
  1.11328E-01  9.00564E+00
  1.15234E-01  8.98583E+00
  1.19141E-01  8.96534E+00
  1.23047E-01  8.94417E+00
  1.26953E-01  8.92232E+00
  1.30859E-01  8.89977E+00
  1.34766E-01  8.87653E+00
  1.38672E-01  8.85259E+00
  1.42578E-01  8.82795E+00
  1.46484E-01  8.80260E+00
  1.50391E-01  8.77654E+00
  1.54297E-01  8.74975E+00
  1.58203E-01  8.72224E+00
  1.62109E-01  8.69398E+00
  1.66016E-01  8.66498E+00
  1.69922E-01  8.63522E+00
  1.73828E-01  8.60471E+00
  1.77734E-01  8.57342E+00
  1.81641E-01  8.54136E+00
  1.85547E-01  8.50850E+00
  1.89453E-01  8.47483E+00
  1.93359E-01  8.44034E+00
  1.97266E-01  8.40501E+00
  2.01172E-01  8.36885E+00
  2.05078E-01  8.33184E+00
  2.08984E-01  8.29396E+00
  2.12891E-01  8.25519E+00
  2.16797E-01  8.21552E+00
  2.20703E-01  8.17492E+00
  2.24609E-01  8.13338E+00
  2.28516E-01  8.09087E+00
  2.32422E-01  8.04738E+00
  2.36328E-01  8.00288E+00
  2.40234E-01  7.95734E+00
  2.44141E-01  7.91074E+00
  2.48047E-01  7.86306E+00
  2.51953E-01  7.81424E+00
  2.55859E-01  7.76428E+00
  2.59766E-01  7.71312E+00
  2.63672E-01  7.66075E+00
  2.67578E-01  7.60710E+00
  2.71484E-01  7.55215E+00
  2.75391E-01  7.49585E+00
  2.79297E-01  7.43815E+00
  2.83203E-01  7.37900E+00
  2.87109E-01  7.31833E+00
  2.91016E-01  7.25608E+00
  2.94922E-01  7.19218E+00
  2.98828E-01  7.12656E+00
  3.02734E-01  7.05913E+00
  3.06641E-01  6.98982E+00
  3.10547E-01  6.91851E+00
  3.14453E-01  6.84510E+00
  3.18359E-01  6.76947E+00
  3.22266E-01  6.69149E+00
  3.26172E-01  6.61100E+00
  3.30078E-01  6.52785E+00
  3.33984E-01  6.44185E+00
  3.37891E-01  6.35278E+00
  3.41797E-01  6.26040E+00
  3.45703E-01  6.16444E+00
  3.49609E-01  6.06441E+00
  3.53516E-01  5.95575E+00
  3.57422E-01  5.72913E+00
  3.61328E-01  1.07479E-02
  3.65234E-01  1.04888E-02
  3.69141E-01  1.01533E-02
  3.73047E-01  9.84543E-03
  3.76953E-01  9.53709E-03
  3.80859E-01  9.25355E-03
  3.84766E-01  8.96956E-03
  3.88672E-01  8.70803E-03
  3.92578E-01  8.44614E-03
  3.96484E-01  8.20467E-03
  4.00391E-01  7.96286E-03
  4.04297E-01  7.73949E-03
  4.08203E-01  7.51586E-03
  4.12109E-01  7.30901E-03
  4.16016E-01  7.10188E-03
  4.19922E-01  6.90991E-03
  4.23828E-01  6.71769E-03
  4.27734E-01  6.53927E-03
  4.31641E-01  6.36065E-03
  4.35547E-01  6.19467E-03
  4.39453E-01  6.02850E-03
  4.43359E-01  5.87393E-03
  4.47266E-01  5.71920E-03
  4.51172E-01  5.57513E-03
  4.55078E-01  5.43088E-03
  4.58984E-01  5.29627E-03
  4.62891E-01  5.16152E-03
  4.66797E-01  5.03562E-03
  4.70703E-01  4.90958E-03
  4.74609E-01  4.79168E-03
  4.78516E-01  4.67369E-03
  4.82422E-01  4.56330E-03
  4.86328E-01  4.45284E-03
  4.90234E-01  4.34943E-03
  4.94141E-01  4.24593E-03
  4.98047E-01  4.14893E-03
  5.01953E-01  4.05179E-03
  5.05859E-01  3.96051E-03
  5.09766E-01  3.86913E-03
  5.13672E-01  3.78320E-03
  5.17578E-01  3.69720E-03
  5.21484E-01  3.61625E-03
  5.25391E-01  3.53525E-03
  5.29297E-01  3.45901E-03
  5.33203E-01  3.38272E-03
  5.37109E-01  3.31086E-03
  5.41016E-01  3.23894E-03
  5.44922E-01  3.17109E-03
  5.48828E-01  3.10318E-03
  5.52734E-01  3.03908E-03
  5.56641E-01  2.97493E-03
  5.60547E-01  2.91432E-03
  5.64453E-01  2.85368E-03
  5.68359E-01  2.79633E-03
  5.72266E-01  2.73895E-03
  5.76172E-01  2.68466E-03
  5.80078E-01  2.63033E-03
  5.83984E-01  2.57889E-03
  5.87891E-01  2.52741E-03
  5.91797E-01  2.47861E-03
  5.95703E-01  2.42977E-03
  5.99609E-01  2.38343E-03
  6.03516E-01  2.33707E-03
  6.07422E-01  2.29306E-03
  6.11328E-01  2.24904E-03
  6.15234E-01  2.20723E-03
  6.19141E-01  2.16541E-03
  6.23047E-01  2.12568E-03
  6.26953E-01  2.08592E-03
  6.30859E-01  2.04813E-03
  6.34766E-01  2.01031E-03
  6.38672E-01  1.97431E-03
  6.42578E-01  1.93828E-03
  6.46484E-01  1.90398E-03
  6.50391E-01  1.86967E-03
  6.54297E-01  1.83701E-03
  6.58203E-01  1.80433E-03
  6.62109E-01  1.77317E-03
  6.66016E-01  1.74198E-03
  6.69922E-01  1.71218E-03
  6.73828E-01  1.68237E-03
  6.77734E-01  1.65391E-03
  6.81641E-01  1.62546E-03
  6.85547E-01  1.59834E-03
  6.89453E-01  1.57120E-03
  6.93359E-01  1.54531E-03
  6.97266E-01  1.51941E-03
  7.01172E-01  1.49468E-03
  7.05078E-01  1.46993E-03
  7.08984E-01  1.44626E-03
  7.12891E-01  1.42256E-03
  7.16797E-01  1.39985E-03
  7.20703E-01  1.37712E-03
  7.24609E-01  1.35535E-03
  7.28516E-01  1.33358E-03
  7.32422E-01  1.31273E-03
  7.36328E-01  1.29188E-03
  7.40234E-01  1.27191E-03
  7.44141E-01  1.25193E-03
  7.48047E-01  1.23279E-03
  7.51953E-01  1.21364E-03
  7.55859E-01  1.19527E-03
  7.59766E-01  1.17689E-03
  7.63672E-01  1.15925E-03
  7.67578E-01  1.14162E-03
  7.71484E-01  1.12470E-03
  7.75391E-01  1.10778E-03
  7.79297E-01  1.09156E-03
  7.83203E-01  1.07532E-03
  7.87109E-01  1.05972E-03
  7.91016E-01  1.04410E-03
  7.94922E-01  1.02909E-03
  7.98828E-01  1.01408E-03
  8.02734E-01  9.99654E-04
  8.06641E-01  9.85216E-04
  8.10547E-01  9.71314E-04
  8.14453E-01  9.57438E-04
  8.18359E-01  9.44106E-04
  8.22266E-01  9.30746E-04
  8.26172E-01  9.17852E-04
  8.30078E-01  9.05124E-04
  8.33984E-01  8.92540E-04
  8.37891E-01  8.80365E-04
  8.41797E-01  8.68192E-04
  8.45703E-01  8.56453E-04
  8.49609E-01  8.44709E-04
  8.53516E-01  8.33392E-04
  8.57422E-01  8.22076E-04
  8.61328E-01  8.11197E-04
  8.65234E-01  8.00323E-04
  8.69141E-01  7.89849E-04
  8.73047E-01  7.79359E-04
  8.76953E-01  7.69240E-04
  8.80859E-01  7.59126E-04
  8.84766E-01  7.49410E-04
  8.88672E-01  7.39707E-04
  8.92578E-01  7.30293E-04
  8.96484E-01  7.20866E-04
  9.00391E-01  7.11740E-04
  9.04297E-01  7.02678E-04
  9.08203E-01  6.93899E-04
  9.12109E-01  6.85112E-04
  9.16016E-01  6.76637E-04
  9.19922E-01  6.68277E-04
  9.23828E-01  6.59992E-04
  9.27734E-01  6.51864E-04
  9.31641E-01  6.43963E-04
  9.35547E-01  6.36174E-04
  9.39453E-01  6.28571E-04
  9.43359E-01  6.20999E-04
  9.47266E-01  6.13745E-04
  9.51172E-01  6.06531E-04
  9.55078E-01  5.99334E-04
  9.58984E-01  5.92347E-04
  9.62891E-01  5.85554E-04
  9.66797E-01  5.78810E-04
  9.70703E-01  5.72242E-04
  9.74609E-01  5.65980E-04
  9.78516E-01  5.59764E-04
  9.82422E-01  5.53705E-04
  9.86328E-01  5.48050E-04
  9.90234E-01  5.42698E-04
  9.94141E-01  5.38157E-04
  9.98047E-01  5.36037E-04
  1.00195E+00  5.36037E-04
