 -1.95312E-03  9.28821E+00
  1.95312E-03  9.28830E+00
  5.85938E-03  9.28719E+00
  9.76562E-03  9.28545E+00
  1.36719E-02  9.28302E+00
  1.75781E-02  9.27992E+00
  2.14844E-02  9.27613E+00
  2.53906E-02  9.27166E+00
  2.92969E-02  9.26651E+00
  3.32031E-02  9.26068E+00
  3.71094E-02  9.25417E+00
  4.10156E-02  9.24700E+00
  4.49219E-02  9.23916E+00
  4.88281E-02  9.23065E+00
  5.27344E-02  9.22148E+00
  5.66406E-02  9.21164E+00
  6.05469E-02  9.20114E+00
  6.44531E-02  9.18998E+00
  6.83594E-02  9.17816E+00
  7.22656E-02  9.16568E+00
  7.61719E-02  9.15254E+00
  8.00781E-02  9.13873E+00
  8.39844E-02  9.12427E+00
  8.78906E-02  9.10915E+00
  9.17969E-02  9.09336E+00
  9.57031E-02  9.07691E+00
  9.96094E-02  9.05979E+00
  1.03516E-01  9.04200E+00
  1.07422E-01  9.02354E+00
  1.11328E-01  9.00441E+00
  1.15234E-01  8.98460E+00
  1.19141E-01  8.96412E+00
  1.23047E-01  8.94296E+00
  1.26953E-01  8.92110E+00
  1.30859E-01  8.89856E+00
  1.34766E-01  8.87532E+00
  1.38672E-01  8.85138E+00
  1.42578E-01  8.82675E+00
  1.46484E-01  8.80140E+00
  1.50391E-01  8.77534E+00
  1.54297E-01  8.74856E+00
  1.58203E-01  8.72104E+00
  1.62109E-01  8.69279E+00
  1.66016E-01  8.66379E+00
  1.69922E-01  8.63404E+00
  1.73828E-01  8.60354E+00
  1.77734E-01  8.57225E+00
  1.81641E-01  8.54019E+00
  1.85547E-01  8.50733E+00
  1.89453E-01  8.47365E+00
  1.93359E-01  8.43917E+00
  1.97266E-01  8.40384E+00
  2.01172E-01  8.36768E+00
  2.05078E-01  8.33067E+00
  2.08984E-01  8.29279E+00
  2.12891E-01  8.25402E+00
  2.16797E-01  8.21434E+00
  2.20703E-01  8.17374E+00
  2.24609E-01  8.13220E+00
  2.28516E-01  8.08970E+00
  2.32422E-01  8.04621E+00
  2.36328E-01  8.00171E+00
  2.40234E-01  7.95618E+00
  2.44141E-01  7.90959E+00
  2.48047E-01  7.86190E+00
  2.51953E-01  7.81309E+00
  2.55859E-01  7.76312E+00
  2.59766E-01  7.71197E+00
  2.63672E-01  7.65960E+00
  2.67578E-01  7.60596E+00
  2.71484E-01  7.55102E+00
  2.75391E-01  7.49472E+00
  2.79297E-01  7.43703E+00
  2.83203E-01  7.37788E+00
  2.87109E-01  7.31721E+00
  2.91016E-01  7.25497E+00
  2.94922E-01  7.19109E+00
  2.98828E-01  7.12548E+00
  3.02734E-01  7.05807E+00
  3.06641E-01  6.98878E+00
  3.10547E-01  6.91749E+00
  3.14453E-01  6.84411E+00
  3.18359E-01  6.76851E+00
  3.22266E-01  6.69056E+00
  3.26172E-01  6.61012E+00
  3.30078E-01  6.52703E+00
  3.33984E-01  6.44110E+00
  3.37891E-01  6.35211E+00
  3.41797E-01  6.25983E+00
  3.45703E-01  6.16398E+00
  3.49609E-01  6.06409E+00
  3.53516E-01  5.95561E+00
  3.57422E-01  5.72943E+00
  3.61328E-01  2.15323E-02
  3.65234E-01  2.10078E-02
  3.69141E-01  2.03365E-02
  3.73047E-01  1.97207E-02
  3.76953E-01  1.91038E-02
  3.80859E-01  1.85367E-02
  3.84766E-01  1.79686E-02
  3.88672E-01  1.74455E-02
  3.92578E-01  1.69216E-02
  3.96484E-01  1.64384E-02
  4.00391E-01  1.59545E-02
  4.04297E-01  1.55075E-02
  4.08203E-01  1.50600E-02
  4.12109E-01  1.46460E-02
  4.16016E-01  1.42313E-02
  4.19922E-01  1.38470E-02
  4.23828E-01  1.34621E-02
  4.27734E-01  1.31048E-02
  4.31641E-01  1.27471E-02
  4.35547E-01  1.24147E-02
  4.39453E-01  1.20819E-02
  4.43359E-01  1.17723E-02
  4.47266E-01  1.14624E-02
  4.51172E-01  1.11737E-02
  4.55078E-01  1.08846E-02
  4.58984E-01  1.06149E-02
  4.62891E-01  1.03449E-02
  4.66797E-01  1.00928E-02
  4.70703E-01  9.84034E-03
  4.74609E-01  9.60422E-03
  4.78516E-01  9.36789E-03
  4.82422E-01  9.14659E-03
  4.86328E-01  8.92508E-03
  4.90234E-01  8.71756E-03
  4.94141E-01  8.50988E-03
  4.98047E-01  8.31515E-03
  5.01953E-01  8.12019E-03
  5.05859E-01  7.93703E-03
  5.09766E-01  7.75374E-03
  5.13672E-01  7.58147E-03
  5.17578E-01  7.40908E-03
  5.21484E-01  7.24696E-03
  5.25391E-01  7.08472E-03
  5.29297E-01  6.93207E-03
  5.33203E-01  6.77929E-03
  5.37109E-01  6.63535E-03
  5.41016E-01  6.49124E-03
  5.44922E-01  6.35517E-03
  5.48828E-01  6.21900E-03
  5.52734E-01  6.09038E-03
  5.56641E-01  5.96168E-03
  5.60547E-01  5.84013E-03
  5.64453E-01  5.71851E-03
  5.68359E-01  5.60355E-03
  5.72266E-01  5.48850E-03
  5.76172E-01  5.37966E-03
  5.80078E-01  5.27073E-03
  5.83984E-01  5.16763E-03
  5.87891E-01  5.06444E-03
  5.91797E-01  4.96662E-03
  5.95703E-01  4.86870E-03
  5.99609E-01  4.77572E-03
  6.03516E-01  4.68270E-03
  6.07422E-01  4.59442E-03
  6.11328E-01  4.50613E-03
  6.15234E-01  4.42243E-03
  6.19141E-01  4.33867E-03
  6.23047E-01  4.25917E-03
  6.26953E-01  4.17957E-03
  6.30859E-01  4.10376E-03
  6.34766E-01  4.02782E-03
  6.38672E-01  3.95538E-03
  6.42578E-01  3.88296E-03
  6.46484E-01  3.81410E-03
  6.50391E-01  3.74540E-03
  6.54297E-01  3.68017E-03
  6.58203E-01  3.61488E-03
  6.62109E-01  3.55254E-03
  6.66016E-01  3.49014E-03
  6.69922E-01  3.43044E-03
  6.73828E-01  3.37073E-03
  6.77734E-01  3.31369E-03
  6.81641E-01  3.25668E-03
  6.85547E-01  3.20226E-03
  6.89453E-01  3.14781E-03
  6.93359E-01  3.09586E-03
  6.97266E-01  3.04399E-03
  7.01172E-01  2.99427E-03
  7.05078E-01  2.94449E-03
  7.08984E-01  2.89690E-03
  7.12891E-01  2.84957E-03
  7.16797E-01  2.80349E-03
  7.20703E-01  2.75878E-03
  7.24609E-01  2.71430E-03
  7.28516E-01  2.67167E-03
  7.32422E-01  2.62903E-03
  7.36328E-01  2.58819E-03
  7.40234E-01  2.54732E-03
  7.44141E-01  2.50813E-03
  7.48047E-01  2.46891E-03
  7.51953E-01  2.43133E-03
  7.55859E-01  2.39375E-03
  7.59766E-01  2.35777E-03
  7.63672E-01  2.32176E-03
  7.67578E-01  2.28713E-03
  7.71484E-01  2.25246E-03
  7.75391E-01  2.21917E-03
  7.79297E-01  2.18594E-03
  7.83203E-01  2.15414E-03
  7.87109E-01  2.12237E-03
  7.91016E-01  2.09174E-03
  7.94922E-01  2.06105E-03
  7.98828E-01  2.03143E-03
  8.02734E-01  2.00186E-03
  8.06641E-01  1.97343E-03
  8.10547E-01  1.94509E-03
  8.14453E-01  1.91781E-03
  8.18359E-01  1.89055E-03
  8.22266E-01  1.86442E-03
  8.26172E-01  1.83834E-03
  8.30078E-01  1.81307E-03
  8.33984E-01  1.78777E-03
  8.37891E-01  1.76335E-03
  8.41797E-01  1.73903E-03
  8.45703E-01  1.71557E-03
  8.49609E-01  1.69220E-03
  8.53516E-01  1.66960E-03
  8.57422E-01  1.64694E-03
  8.61328E-01  1.62504E-03
  8.65234E-01  1.60355E-03
  8.69141E-01  1.58220E-03
  8.73047E-01  1.56154E-03
  8.76953E-01  1.54117E-03
  8.80859E-01  1.52094E-03
  8.84766E-01  1.50146E-03
  8.88672E-01  1.48202E-03
  8.92578E-01  1.46300E-03
  8.96484E-01  1.44436E-03
  9.00391E-01  1.42617E-03
  9.04297E-01  1.40813E-03
  9.08203E-01  1.39044E-03
  9.12109E-01  1.37300E-03
  9.16016E-01  1.35583E-03
  9.19922E-01  1.33912E-03
  9.23828E-01  1.32239E-03
  9.27734E-01  1.30625E-03
  9.31641E-01  1.29048E-03
  9.35547E-01  1.27479E-03
  9.39453E-01  1.25956E-03
  9.43359E-01  1.24447E-03
  9.47266E-01  1.22960E-03
  9.51172E-01  1.21523E-03
  9.55078E-01  1.20082E-03
  9.58984E-01  1.18683E-03
  9.62891E-01  1.17318E-03
  9.66797E-01  1.15980E-03
  9.70703E-01  1.14698E-03
  9.74609E-01  1.13410E-03
  9.78516E-01  1.12164E-03
  9.82422E-01  1.10966E-03
  9.86328E-01  1.09804E-03
  9.90234E-01  1.08736E-03
  9.94141E-01  1.07833E-03
  9.98047E-01  1.07409E-03
  1.00195E+00  1.07409E-03
