 -1.95312E-03  9.27657E+00
  1.95312E-03  9.27666E+00
  5.85938E-03  9.27554E+00
  9.76562E-03  9.27380E+00
  1.36719E-02  9.27137E+00
  1.75781E-02  9.26826E+00
  2.14844E-02  9.26446E+00
  2.53906E-02  9.25998E+00
  2.92969E-02  9.25481E+00
  3.32031E-02  9.24897E+00
  3.71094E-02  9.24246E+00
  4.10156E-02  9.23527E+00
  4.49219E-02  9.22742E+00
  4.88281E-02  9.21889E+00
  5.27344E-02  9.20970E+00
  5.66406E-02  9.19985E+00
  6.05469E-02  9.18933E+00
  6.44531E-02  9.17814E+00
  6.83594E-02  9.16629E+00
  7.22656E-02  9.15378E+00
  7.61719E-02  9.14061E+00
  8.00781E-02  9.12678E+00
  8.39844E-02  9.11228E+00
  8.78906E-02  9.09711E+00
  9.17969E-02  9.08129E+00
  9.57031E-02  9.06480E+00
  9.96094E-02  9.04763E+00
  1.03516E-01  9.02980E+00
  1.07422E-01  9.01130E+00
  1.11328E-01  8.99212E+00
  1.15234E-01  8.97226E+00
  1.19141E-01  8.95173E+00
  1.23047E-01  8.93051E+00
  1.26953E-01  8.90861E+00
  1.30859E-01  8.88600E+00
  1.34766E-01  8.86270E+00
  1.38672E-01  8.83871E+00
  1.42578E-01  8.81401E+00
  1.46484E-01  8.78860E+00
  1.50391E-01  8.76247E+00
  1.54297E-01  8.73561E+00
  1.58203E-01  8.70803E+00
  1.62109E-01  8.67971E+00
  1.66016E-01  8.65064E+00
  1.69922E-01  8.62082E+00
  1.73828E-01  8.59023E+00
  1.77734E-01  8.55886E+00
  1.81641E-01  8.52671E+00
  1.85547E-01  8.49376E+00
  1.89453E-01  8.46001E+00
  1.93359E-01  8.42543E+00
  1.97266E-01  8.39002E+00
  2.01172E-01  8.35377E+00
  2.05078E-01  8.31666E+00
  2.08984E-01  8.27867E+00
  2.12891E-01  8.23979E+00
  2.16797E-01  8.20001E+00
  2.20703E-01  8.15929E+00
  2.24609E-01  8.11764E+00
  2.28516E-01  8.07501E+00
  2.32422E-01  8.03139E+00
  2.36328E-01  7.98677E+00
  2.40234E-01  7.94110E+00
  2.44141E-01  7.89437E+00
  2.48047E-01  7.84654E+00
  2.51953E-01  7.79758E+00
  2.55859E-01  7.74747E+00
  2.59766E-01  7.69616E+00
  2.63672E-01  7.64363E+00
  2.67578E-01  7.58982E+00
  2.71484E-01  7.53471E+00
  2.75391E-01  7.47823E+00
  2.79297E-01  7.42035E+00
  2.83203E-01  7.36100E+00
  2.87109E-01  7.30014E+00
  2.91016E-01  7.23768E+00
  2.94922E-01  7.17357E+00
  2.98828E-01  7.10774E+00
  3.02734E-01  7.04009E+00
  3.06641E-01  6.97054E+00
  3.10547E-01  6.89899E+00
  3.14453E-01  6.82532E+00
  3.18359E-01  6.74942E+00
  3.22266E-01  6.67116E+00
  3.26172E-01  6.59038E+00
  3.30078E-01  6.50693E+00
  3.33984E-01  6.42060E+00
  3.37891E-01  6.33119E+00
  3.41797E-01  6.23846E+00
  3.45703E-01  6.14212E+00
  3.49609E-01  6.04169E+00
  3.53516E-01  5.93254E+00
  3.57422E-01  5.70489E+00
  3.61328E-01  3.67914E-02
  3.65234E-01  3.58724E-02
  3.69141E-01  3.47281E-02
  3.73047E-01  3.36754E-02
  3.76953E-01  3.26222E-02
  3.80859E-01  3.16566E-02
  3.84766E-01  3.06895E-02
  3.88672E-01  2.97982E-02
  3.92578E-01  2.89050E-02
  3.96484E-01  2.80804E-02
  4.00391E-01  2.72553E-02
  4.04297E-01  2.64934E-02
  4.08203E-01  2.57302E-02
  4.12109E-01  2.50239E-02
  4.16016E-01  2.43167E-02
  4.19922E-01  2.36612E-02
  4.23828E-01  2.30049E-02
  4.27734E-01  2.23956E-02
  4.31641E-01  2.17854E-02
  4.35547E-01  2.12180E-02
  4.39453E-01  2.06501E-02
  4.43359E-01  2.01217E-02
  4.47266E-01  1.95928E-02
  4.51172E-01  1.91002E-02
  4.55078E-01  1.86070E-02
  4.58984E-01  1.81466E-02
  4.62891E-01  1.76858E-02
  4.66797E-01  1.72551E-02
  4.70703E-01  1.68239E-02
  4.74609E-01  1.64207E-02
  4.78516E-01  1.60172E-02
  4.82422E-01  1.56395E-02
  4.86328E-01  1.52616E-02
  4.90234E-01  1.49075E-02
  4.94141E-01  1.45530E-02
  4.98047E-01  1.42205E-02
  5.01953E-01  1.38876E-02
  5.05859E-01  1.35752E-02
  5.09766E-01  1.32625E-02
  5.13672E-01  1.29685E-02
  5.17578E-01  1.26742E-02
  5.21484E-01  1.23972E-02
  5.25391E-01  1.21199E-02
  5.29297E-01  1.18589E-02
  5.33203E-01  1.15977E-02
  5.37109E-01  1.13519E-02
  5.41016E-01  1.11058E-02
  5.44922E-01  1.08735E-02
  5.48828E-01  1.06410E-02
  5.52734E-01  1.04212E-02
  5.56641E-01  1.02012E-02
  5.60547E-01  9.99335E-03
  5.64453E-01  9.78533E-03
  5.68359E-01  9.58874E-03
  5.72266E-01  9.39213E-03
  5.76172E-01  9.20630E-03
  5.80078E-01  9.02011E-03
  5.83984E-01  8.84329E-03
  5.87891E-01  8.66671E-03
  5.91797E-01  8.49959E-03
  5.95703E-01  8.33204E-03
  5.99609E-01  8.17227E-03
  6.03516E-01  8.01578E-03
  6.07422E-01  7.86156E-03
  6.11328E-01  7.71412E-03
  6.15234E-01  7.56679E-03
  6.19141E-01  7.42695E-03
  6.23047E-01  7.28716E-03
  6.26953E-01  7.15446E-03
  6.30859E-01  7.02156E-03
  6.34766E-01  6.89477E-03
  6.38672E-01  6.76788E-03
  6.42578E-01  6.64696E-03
  6.46484E-01  6.52620E-03
  6.50391E-01  6.41159E-03
  6.54297E-01  6.29710E-03
  6.58203E-01  6.18770E-03
  6.62109E-01  6.07816E-03
  6.66016E-01  5.97347E-03
  6.69922E-01  5.86891E-03
  6.73828E-01  5.76924E-03
  6.77734E-01  5.66947E-03
  6.81641E-01  5.57397E-03
  6.85547E-01  5.47857E-03
  6.89453E-01  5.38763E-03
  6.93359E-01  5.29676E-03
  6.97266E-01  5.20965E-03
  7.01172E-01  5.12255E-03
  7.05078E-01  5.03947E-03
  7.08984E-01  4.95666E-03
  7.12891E-01  4.87686E-03
  7.16797E-01  4.79694E-03
  7.20703E-01  4.72009E-03
  7.24609E-01  4.64398E-03
  7.28516E-01  4.57132E-03
  7.32422E-01  4.49880E-03
  7.36328E-01  4.42869E-03
  7.40234E-01  4.35867E-03
  7.44141E-01  4.29138E-03
  7.48047E-01  4.22424E-03
  7.51953E-01  4.15949E-03
  7.55859E-01  4.09517E-03
  7.59766E-01  4.03382E-03
  7.63672E-01  3.97267E-03
  7.67578E-01  3.91335E-03
  7.71484E-01  3.85409E-03
  7.75391E-01  3.79704E-03
  7.79297E-01  3.74024E-03
  7.83203E-01  3.68555E-03
  7.87109E-01  3.63104E-03
  7.91016E-01  3.57804E-03
  7.94922E-01  3.52617E-03
  7.98828E-01  3.47517E-03
  8.02734E-01  3.42527E-03
  8.06641E-01  3.37570E-03
  8.10547E-01  3.32774E-03
  8.14453E-01  3.28109E-03
  8.18359E-01  3.23460E-03
  8.22266E-01  3.18928E-03
  8.26172E-01  3.14440E-03
  8.30078E-01  3.10112E-03
  8.33984E-01  3.05833E-03
  8.37891E-01  3.01611E-03
  8.41797E-01  2.97489E-03
  8.45703E-01  2.93430E-03
  8.49609E-01  2.89447E-03
  8.53516E-01  2.85560E-03
  8.57422E-01  2.81747E-03
  8.61328E-01  2.78006E-03
  8.65234E-01  2.74305E-03
  8.69141E-01  2.70640E-03
  8.73047E-01  2.67099E-03
  8.76953E-01  2.63589E-03
  8.80859E-01  2.60186E-03
  8.84766E-01  2.56808E-03
  8.88672E-01  2.53513E-03
  8.92578E-01  2.50273E-03
  8.96484E-01  2.47059E-03
  9.00391E-01  2.43960E-03
  9.04297E-01  2.40857E-03
  9.08203E-01  2.37821E-03
  9.12109E-01  2.34864E-03
  9.16016E-01  2.31932E-03
  9.19922E-01  2.29086E-03
  9.23828E-01  2.26241E-03
  9.27734E-01  2.23504E-03
  9.31641E-01  2.20774E-03
  9.35547E-01  2.18121E-03
  9.39453E-01  2.15527E-03
  9.43359E-01  2.12932E-03
  9.47266E-01  2.10401E-03
  9.51172E-01  2.07899E-03
  9.55078E-01  2.05483E-03
  9.58984E-01  2.03079E-03
  9.62891E-01  2.00766E-03
  9.66797E-01  1.98481E-03
  9.70703E-01  1.96207E-03
  9.74609E-01  1.94033E-03
  9.78516E-01  1.91917E-03
  9.82422E-01  1.89882E-03
  9.86328E-01  1.87902E-03
  9.90234E-01  1.86042E-03
  9.94141E-01  1.84508E-03
  9.98047E-01  1.83782E-03
  1.00195E+00  1.83782E-03
