 -1.95312E-03  9.28499E+00
  1.95312E-03  9.28508E+00
  5.85938E-03  9.28397E+00
  9.76562E-03  9.28223E+00
  1.36719E-02  9.27980E+00
  1.75781E-02  9.27669E+00
  2.14844E-02  9.27290E+00
  2.53906E-02  9.26842E+00
  2.92969E-02  9.26327E+00
  3.32031E-02  9.25743E+00
  3.71094E-02  9.25093E+00
  4.10156E-02  9.24376E+00
  4.49219E-02  9.23592E+00
  4.88281E-02  9.22740E+00
  5.27344E-02  9.21823E+00
  5.66406E-02  9.20839E+00
  6.05469E-02  9.19788E+00
  6.44531E-02  9.18672E+00
  6.83594E-02  9.17489E+00
  7.22656E-02  9.16241E+00
  7.61719E-02  9.14926E+00
  8.00781E-02  9.13546E+00
  8.39844E-02  9.12099E+00
  8.78906E-02  9.10586E+00
  9.17969E-02  9.09007E+00
  9.57031E-02  9.07361E+00
  9.96094E-02  9.05648E+00
  1.03516E-01  9.03868E+00
  1.07422E-01  9.02022E+00
  1.11328E-01  9.00108E+00
  1.15234E-01  8.98126E+00
  1.19141E-01  8.96077E+00
  1.23047E-01  8.93960E+00
  1.26953E-01  8.91773E+00
  1.30859E-01  8.89518E+00
  1.34766E-01  8.87192E+00
  1.38672E-01  8.84797E+00
  1.42578E-01  8.82332E+00
  1.46484E-01  8.79795E+00
  1.50391E-01  8.77187E+00
  1.54297E-01  8.74507E+00
  1.58203E-01  8.71755E+00
  1.62109E-01  8.68928E+00
  1.66016E-01  8.66027E+00
  1.69922E-01  8.63050E+00
  1.73828E-01  8.59997E+00
  1.77734E-01  8.56867E+00
  1.81641E-01  8.53659E+00
  1.85547E-01  8.50370E+00
  1.89453E-01  8.47001E+00
  1.93359E-01  8.43550E+00
  1.97266E-01  8.40015E+00
  2.01172E-01  8.36397E+00
  2.05078E-01  8.32693E+00
  2.08984E-01  8.28902E+00
  2.12891E-01  8.25023E+00
  2.16797E-01  8.21053E+00
  2.20703E-01  8.16990E+00
  2.24609E-01  8.12833E+00
  2.28516E-01  8.08580E+00
  2.32422E-01  8.04228E+00
  2.36328E-01  7.99776E+00
  2.40234E-01  7.95219E+00
  2.44141E-01  7.90556E+00
  2.48047E-01  7.85784E+00
  2.51953E-01  7.80899E+00
  2.55859E-01  7.75899E+00
  2.59766E-01  7.70780E+00
  2.63672E-01  7.65539E+00
  2.67578E-01  7.60171E+00
  2.71484E-01  7.54673E+00
  2.75391E-01  7.49039E+00
  2.79297E-01  7.43265E+00
  2.83203E-01  7.37346E+00
  2.87109E-01  7.31275E+00
  2.91016E-01  7.25046E+00
  2.94922E-01  7.18653E+00
  2.98828E-01  7.12087E+00
  3.02734E-01  7.05341E+00
  3.06641E-01  6.98405E+00
  3.10547E-01  6.91271E+00
  3.14453E-01  6.83926E+00
  3.18359E-01  6.76359E+00
  3.22266E-01  6.68557E+00
  3.26172E-01  6.60505E+00
  3.30078E-01  6.52187E+00
  3.33984E-01  6.43584E+00
  3.37891E-01  6.34676E+00
  3.41797E-01  6.25438E+00
  3.45703E-01  6.15842E+00
  3.49609E-01  6.05841E+00
  3.53516E-01  5.94979E+00
  3.57422E-01  5.72328E+00
  3.61328E-01  2.67830E-02
  3.65234E-01  2.61256E-02
  3.69141E-01  2.52913E-02
  3.73047E-01  2.45259E-02
  3.76953E-01  2.37592E-02
  3.80859E-01  2.30544E-02
  3.84766E-01  2.23484E-02
  3.88672E-01  2.16980E-02
  3.92578E-01  2.10467E-02
  3.96484E-01  2.04458E-02
  4.00391E-01  1.98440E-02
  4.04297E-01  1.92880E-02
  4.08203E-01  1.87312E-02
  4.12109E-01  1.82162E-02
  4.16016E-01  1.77005E-02
  4.19922E-01  1.72228E-02
  4.23828E-01  1.67444E-02
  4.27734E-01  1.63002E-02
  4.31641E-01  1.58556E-02
  4.35547E-01  1.54425E-02
  4.39453E-01  1.50289E-02
  4.43359E-01  1.46440E-02
  4.47266E-01  1.42587E-02
  4.51172E-01  1.38997E-02
  4.55078E-01  1.35403E-02
  4.58984E-01  1.32052E-02
  4.62891E-01  1.28697E-02
  4.66797E-01  1.25564E-02
  4.70703E-01  1.22427E-02
  4.74609E-01  1.19493E-02
  4.78516E-01  1.16555E-02
  4.82422E-01  1.13803E-02
  4.86328E-01  1.11049E-02
  4.90234E-01  1.08469E-02
  4.94141E-01  1.05887E-02
  4.98047E-01  1.03466E-02
  5.01953E-01  1.01043E-02
  5.05859E-01  9.87669E-03
  5.09766E-01  9.64884E-03
  5.13672E-01  9.43469E-03
  5.17578E-01  9.22033E-03
  5.21484E-01  9.01872E-03
  5.25391E-01  8.81692E-03
  5.29297E-01  8.62683E-03
  5.33203E-01  8.43655E-03
  5.37109E-01  8.25708E-03
  5.41016E-01  8.07751E-03
  5.44922E-01  7.90819E-03
  5.48828E-01  7.73874E-03
  5.52734E-01  7.57890E-03
  5.56641E-01  7.41893E-03
  5.60547E-01  7.26772E-03
  5.64453E-01  7.11635E-03
  5.68359E-01  6.97308E-03
  5.72266E-01  6.82976E-03
  5.76172E-01  6.69429E-03
  5.80078E-01  6.55877E-03
  5.83984E-01  6.43060E-03
  5.87891E-01  6.30231E-03
  5.91797E-01  6.18064E-03
  5.95703E-01  6.05884E-03
  5.99609E-01  5.94313E-03
  6.03516E-01  5.82739E-03
  6.07422E-01  5.71755E-03
  6.11328E-01  5.60766E-03
  6.15234E-01  5.50339E-03
  6.19141E-01  5.39903E-03
  6.23047E-01  5.29991E-03
  6.26953E-01  5.20073E-03
  6.30859E-01  5.10651E-03
  6.34766E-01  5.01219E-03
  6.38672E-01  4.92233E-03
  6.42578E-01  4.83245E-03
  6.46484E-01  4.74689E-03
  6.50391E-01  4.66125E-03
  6.54297E-01  4.57943E-03
  6.58203E-01  4.49771E-03
  6.62109E-01  4.42010E-03
  6.66016E-01  4.34242E-03
  6.69922E-01  4.26788E-03
  6.73828E-01  4.19500E-03
  6.77734E-01  4.12272E-03
  6.81641E-01  4.05316E-03
  6.85547E-01  3.98367E-03
  6.89453E-01  3.91727E-03
  6.93359E-01  3.85106E-03
  6.97266E-01  3.78798E-03
  7.01172E-01  3.72497E-03
  7.05078E-01  3.66467E-03
  7.08984E-01  3.60432E-03
  7.12891E-01  3.54646E-03
  7.16797E-01  3.48855E-03
  7.20703E-01  3.43301E-03
  7.24609E-01  3.37745E-03
  7.28516E-01  3.32430E-03
  7.32422E-01  3.27126E-03
  7.36328E-01  3.22050E-03
  7.40234E-01  3.16966E-03
  7.44141E-01  3.12082E-03
  7.48047E-01  3.07201E-03
  7.51953E-01  3.02524E-03
  7.55859E-01  2.97848E-03
  7.59766E-01  2.93356E-03
  7.63672E-01  2.88864E-03
  7.67578E-01  2.84562E-03
  7.71484E-01  2.80266E-03
  7.75391E-01  2.76136E-03
  7.79297E-01  2.72000E-03
  7.83203E-01  2.68017E-03
  7.87109E-01  2.64038E-03
  7.91016E-01  2.60223E-03
  7.94922E-01  2.56424E-03
  7.98828E-01  2.52756E-03
  8.02734E-01  2.49080E-03
  8.06641E-01  2.45530E-03
  8.10547E-01  2.42003E-03
  8.14453E-01  2.38624E-03
  8.18359E-01  2.35256E-03
  8.22266E-01  2.31979E-03
  8.26172E-01  2.28710E-03
  8.30078E-01  2.25562E-03
  8.33984E-01  2.22417E-03
  8.37891E-01  2.19348E-03
  8.41797E-01  2.16355E-03
  8.45703E-01  2.13403E-03
  8.49609E-01  2.10548E-03
  8.53516E-01  2.07721E-03
  8.57422E-01  2.04916E-03
  8.61328E-01  2.02201E-03
  8.65234E-01  1.99500E-03
  8.69141E-01  1.96876E-03
  8.73047E-01  1.94291E-03
  8.76953E-01  1.91740E-03
  8.80859E-01  1.89241E-03
  8.84766E-01  1.86798E-03
  8.88672E-01  1.84381E-03
  8.92578E-01  1.82018E-03
  8.96484E-01  1.79709E-03
  9.00391E-01  1.77418E-03
  9.04297E-01  1.75192E-03
  9.08203E-01  1.72968E-03
  9.12109E-01  1.70830E-03
  9.16016E-01  1.68717E-03
  9.19922E-01  1.66618E-03
  9.23828E-01  1.64586E-03
  9.27734E-01  1.62560E-03
  9.31641E-01  1.60568E-03
  9.35547E-01  1.58624E-03
  9.39453E-01  1.56698E-03
  9.43359E-01  1.54852E-03
  9.47266E-01  1.53004E-03
  9.51172E-01  1.51201E-03
  9.55078E-01  1.49440E-03
  9.58984E-01  1.47691E-03
  9.62891E-01  1.45993E-03
  9.66797E-01  1.44302E-03
  9.70703E-01  1.42695E-03
  9.74609E-01  1.41123E-03
  9.78516E-01  1.39572E-03
  9.82422E-01  1.38083E-03
  9.86328E-01  1.36635E-03
  9.90234E-01  1.35297E-03
  9.94141E-01  1.34178E-03
  9.98047E-01  1.33650E-03
  1.00195E+00  1.33650E-03
