 -1.95312E-03  9.28858E+00
  1.95312E-03  9.28867E+00
  5.85938E-03  9.28756E+00
  9.76562E-03  9.28582E+00
  1.36719E-02  9.28340E+00
  1.75781E-02  9.28030E+00
  2.14844E-02  9.27651E+00
  2.53906E-02  9.27203E+00
  2.92969E-02  9.26688E+00
  3.32031E-02  9.26105E+00
  3.71094E-02  9.25455E+00
  4.10156E-02  9.24738E+00
  4.49219E-02  9.23954E+00
  4.88281E-02  9.23103E+00
  5.27344E-02  9.22186E+00
  5.66406E-02  9.21202E+00
  6.05469E-02  9.20152E+00
  6.44531E-02  9.19036E+00
  6.83594E-02  9.17854E+00
  7.22656E-02  9.16606E+00
  7.61719E-02  9.15292E+00
  8.00781E-02  9.13912E+00
  8.39844E-02  9.12466E+00
  8.78906E-02  9.10953E+00
  9.17969E-02  9.09375E+00
  9.57031E-02  9.07729E+00
  9.96094E-02  9.06017E+00
  1.03516E-01  9.04238E+00
  1.07422E-01  9.02393E+00
  1.11328E-01  9.00479E+00
  1.15234E-01  8.98499E+00
  1.19141E-01  8.96451E+00
  1.23047E-01  8.94334E+00
  1.26953E-01  8.92149E+00
  1.30859E-01  8.89894E+00
  1.34766E-01  8.87570E+00
  1.38672E-01  8.85177E+00
  1.42578E-01  8.82713E+00
  1.46484E-01  8.80178E+00
  1.50391E-01  8.77572E+00
  1.54297E-01  8.74893E+00
  1.58203E-01  8.72142E+00
  1.62109E-01  8.69317E+00
  1.66016E-01  8.66417E+00
  1.69922E-01  8.63442E+00
  1.73828E-01  8.60391E+00
  1.77734E-01  8.57263E+00
  1.81641E-01  8.54056E+00
  1.85547E-01  8.50769E+00
  1.89453E-01  8.47402E+00
  1.93359E-01  8.43953E+00
  1.97266E-01  8.40420E+00
  2.01172E-01  8.36804E+00
  2.05078E-01  8.33103E+00
  2.08984E-01  8.29315E+00
  2.12891E-01  8.25438E+00
  2.16797E-01  8.21471E+00
  2.20703E-01  8.17412E+00
  2.24609E-01  8.13258E+00
  2.28516E-01  8.09008E+00
  2.32422E-01  8.04659E+00
  2.36328E-01  8.00209E+00
  2.40234E-01  7.95656E+00
  2.44141E-01  7.90997E+00
  2.48047E-01  7.86228E+00
  2.51953E-01  7.81347E+00
  2.55859E-01  7.76351E+00
  2.59766E-01  7.71236E+00
  2.63672E-01  7.65999E+00
  2.67578E-01  7.60635E+00
  2.71484E-01  7.55141E+00
  2.75391E-01  7.49512E+00
  2.79297E-01  7.43743E+00
  2.83203E-01  7.37828E+00
  2.87109E-01  7.31762E+00
  2.91016E-01  7.25538E+00
  2.94922E-01  7.19149E+00
  2.98828E-01  7.12589E+00
  3.02734E-01  7.05848E+00
  3.06641E-01  6.98918E+00
  3.10547E-01  6.91790E+00
  3.14453E-01  6.84451E+00
  3.18359E-01  6.76891E+00
  3.22266E-01  6.69096E+00
  3.26172E-01  6.61051E+00
  3.30078E-01  6.52740E+00
  3.33984E-01  6.44146E+00
  3.37891E-01  6.35247E+00
  3.41797E-01  6.26018E+00
  3.45703E-01  6.16432E+00
  3.49609E-01  6.06442E+00
  3.53516E-01  5.95593E+00
  3.57422E-01  5.72969E+00
  3.61328E-01  1.94997E-02
  3.65234E-01  1.90257E-02
  3.69141E-01  1.84177E-02
  3.73047E-01  1.78597E-02
  3.76953E-01  1.73008E-02
  3.80859E-01  1.67871E-02
  3.84766E-01  1.62727E-02
  3.88672E-01  1.57991E-02
  3.92578E-01  1.53247E-02
  3.96484E-01  1.48871E-02
  4.00391E-01  1.44488E-02
  4.04297E-01  1.40437E-02
  4.08203E-01  1.36381E-02
  4.12109E-01  1.32628E-02
  4.16016E-01  1.28870E-02
  4.19922E-01  1.25388E-02
  4.23828E-01  1.21902E-02
  4.27734E-01  1.18667E-02
  4.31641E-01  1.15428E-02
  4.35547E-01  1.12419E-02
  4.39453E-01  1.09406E-02
  4.43359E-01  1.06601E-02
  4.47266E-01  1.03793E-02
  4.51172E-01  1.01176E-02
  4.55078E-01  9.85566E-03
  4.58984E-01  9.61132E-03
  4.62891E-01  9.36672E-03
  4.66797E-01  9.13823E-03
  4.70703E-01  8.90951E-03
  4.74609E-01  8.69570E-03
  4.78516E-01  8.48165E-03
  4.82422E-01  8.28134E-03
  4.86328E-01  8.08081E-03
  4.90234E-01  7.89287E-03
  4.94141E-01  7.70475E-03
  4.98047E-01  7.52840E-03
  5.01953E-01  7.35193E-03
  5.05859E-01  7.18634E-03
  5.09766E-01  7.02057E-03
  5.13672E-01  6.86479E-03
  5.17578E-01  6.70884E-03
  5.21484E-01  6.56205E-03
  5.25391E-01  6.41512E-03
  5.29297E-01  6.27666E-03
  5.33203E-01  6.13814E-03
  5.37109E-01  6.00760E-03
  5.41016E-01  5.87699E-03
  5.44922E-01  5.75388E-03
  5.48828E-01  5.63066E-03
  5.52734E-01  5.51437E-03
  5.56641E-01  5.39796E-03
  5.60547E-01  5.28798E-03
  5.64453E-01  5.17790E-03
  5.68359E-01  5.07381E-03
  5.72266E-01  4.96963E-03
  5.76172E-01  4.87095E-03
  5.80078E-01  4.77221E-03
  5.83984E-01  4.67872E-03
  5.87891E-01  4.58521E-03
  5.91797E-01  4.49671E-03
  5.95703E-01  4.40814E-03
  5.99609E-01  4.32417E-03
  6.03516E-01  4.24011E-03
  6.07422E-01  4.16028E-03
  6.11328E-01  4.08035E-03
  6.15234E-01  4.00429E-03
  6.19141E-01  3.92820E-03
  6.23047E-01  3.85592E-03
  6.26953E-01  3.78370E-03
  6.30859E-01  3.71531E-03
  6.34766E-01  3.64689E-03
  6.38672E-01  3.58177E-03
  6.42578E-01  3.51656E-03
  6.46484E-01  3.45430E-03
  6.50391E-01  3.39200E-03
  6.54297E-01  3.33256E-03
  6.58203E-01  3.27312E-03
  6.62109E-01  3.21651E-03
  6.66016E-01  3.15987E-03
  6.69922E-01  3.10589E-03
  6.73828E-01  3.05188E-03
  6.77734E-01  3.00037E-03
  6.81641E-01  2.94882E-03
  6.85547E-01  2.89956E-03
  6.89453E-01  2.85028E-03
  6.93359E-01  2.80322E-03
  6.97266E-01  2.75613E-03
  7.01172E-01  2.71113E-03
  7.05078E-01  2.66611E-03
  7.08984E-01  2.62312E-03
  7.12891E-01  2.58009E-03
  7.16797E-01  2.53885E-03
  7.20703E-01  2.49765E-03
  7.24609E-01  2.45827E-03
  7.28516E-01  2.41878E-03
  7.32422E-01  2.38074E-03
  7.36328E-01  2.34344E-03
  7.40234E-01  2.30657E-03
  7.44141E-01  2.27112E-03
  7.48047E-01  2.23566E-03
  7.51953E-01  2.20160E-03
  7.55859E-01  2.16752E-03
  7.59766E-01  2.13486E-03
  7.63672E-01  2.10223E-03
  7.67578E-01  2.07102E-03
  7.71484E-01  2.03978E-03
  7.75391E-01  2.00973E-03
  7.79297E-01  1.97963E-03
  7.83203E-01  1.95063E-03
  7.87109E-01  1.92164E-03
  7.91016E-01  1.89379E-03
  7.94922E-01  1.86600E-03
  7.98828E-01  1.83935E-03
  8.02734E-01  1.81268E-03
  8.06641E-01  1.78708E-03
  8.10547E-01  1.76148E-03
  8.14453E-01  1.73687E-03
  8.18359E-01  1.71220E-03
  8.22266E-01  1.68836E-03
  8.26172E-01  1.66454E-03
  8.30078E-01  1.64163E-03
  8.33984E-01  1.61879E-03
  8.37891E-01  1.59677E-03
  8.41797E-01  1.57474E-03
  8.45703E-01  1.55347E-03
  8.49609E-01  1.53219E-03
  8.53516E-01  1.51171E-03
  8.57422E-01  1.49133E-03
  8.61328E-01  1.47160E-03
  8.65234E-01  1.45187E-03
  8.69141E-01  1.43288E-03
  8.73047E-01  1.41403E-03
  8.76953E-01  1.39542E-03
  8.80859E-01  1.37741E-03
  8.84766E-01  1.35954E-03
  8.88672E-01  1.34191E-03
  8.92578E-01  1.32493E-03
  8.96484E-01  1.30800E-03
  9.00391E-01  1.29138E-03
  9.04297E-01  1.27497E-03
  9.08203E-01  1.25895E-03
  9.12109E-01  1.24310E-03
  9.16016E-01  1.22763E-03
  9.19922E-01  1.21237E-03
  9.23828E-01  1.19738E-03
  9.27734E-01  1.18295E-03
  9.31641E-01  1.16849E-03
  9.35547E-01  1.15432E-03
  9.39453E-01  1.14051E-03
  9.43359E-01  1.12676E-03
  9.47266E-01  1.11340E-03
  9.51172E-01  1.10028E-03
  9.55078E-01  1.08721E-03
  9.58984E-01  1.07465E-03
  9.62891E-01  1.06231E-03
  9.66797E-01  1.05027E-03
  9.70703E-01  1.03856E-03
  9.74609E-01  1.02683E-03
  9.78516E-01  1.01560E-03
  9.82422E-01  1.00474E-03
  9.86328E-01  9.94235E-04
  9.90234E-01  9.84582E-04
  9.94141E-01  9.76396E-04
  9.98047E-01  9.72551E-04
  1.00195E+00  9.72551E-04
