 -1.95312E-03  9.28838E+00
  1.95312E-03  9.28847E+00
  5.85938E-03  9.28736E+00
  9.76562E-03  9.28562E+00
  1.36719E-02  9.28320E+00
  1.75781E-02  9.28009E+00
  2.14844E-02  9.27630E+00
  2.53906E-02  9.27183E+00
  2.92969E-02  9.26668E+00
  3.32031E-02  9.26085E+00
  3.71094E-02  9.25435E+00
  4.10156E-02  9.24717E+00
  4.49219E-02  9.23934E+00
  4.88281E-02  9.23083E+00
  5.27344E-02  9.22166E+00
  5.66406E-02  9.21182E+00
  6.05469E-02  9.20132E+00
  6.44531E-02  9.19016E+00
  6.83594E-02  9.17834E+00
  7.22656E-02  9.16586E+00
  7.61719E-02  9.15272E+00
  8.00781E-02  9.13891E+00
  8.39844E-02  9.12445E+00
  8.78906E-02  9.10932E+00
  9.17969E-02  9.09354E+00
  9.57031E-02  9.07708E+00
  9.96094E-02  9.05996E+00
  1.03516E-01  9.04218E+00
  1.07422E-01  9.02372E+00
  1.11328E-01  9.00459E+00
  1.15234E-01  8.98478E+00
  1.19141E-01  8.96430E+00
  1.23047E-01  8.94313E+00
  1.26953E-01  8.92128E+00
  1.30859E-01  8.89873E+00
  1.34766E-01  8.87549E+00
  1.38672E-01  8.85156E+00
  1.42578E-01  8.82692E+00
  1.46484E-01  8.80157E+00
  1.50391E-01  8.77551E+00
  1.54297E-01  8.74872E+00
  1.58203E-01  8.72121E+00
  1.62109E-01  8.69296E+00
  1.66016E-01  8.66396E+00
  1.69922E-01  8.63421E+00
  1.73828E-01  8.60370E+00
  1.77734E-01  8.57242E+00
  1.81641E-01  8.54035E+00
  1.85547E-01  8.50749E+00
  1.89453E-01  8.47382E+00
  1.93359E-01  8.43933E+00
  1.97266E-01  8.40401E+00
  2.01172E-01  8.36785E+00
  2.05078E-01  8.33084E+00
  2.08984E-01  8.29296E+00
  2.12891E-01  8.25419E+00
  2.16797E-01  8.21452E+00
  2.20703E-01  8.17393E+00
  2.24609E-01  8.13239E+00
  2.28516E-01  8.08989E+00
  2.32422E-01  8.04640E+00
  2.36328E-01  8.00191E+00
  2.40234E-01  7.95638E+00
  2.44141E-01  7.90978E+00
  2.48047E-01  7.86210E+00
  2.51953E-01  7.81329E+00
  2.55859E-01  7.76332E+00
  2.59766E-01  7.71217E+00
  2.63672E-01  7.65980E+00
  2.67578E-01  7.60616E+00
  2.71484E-01  7.55122E+00
  2.75391E-01  7.49493E+00
  2.79297E-01  7.43724E+00
  2.83203E-01  7.37809E+00
  2.87109E-01  7.31743E+00
  2.91016E-01  7.25519E+00
  2.94922E-01  7.19131E+00
  2.98828E-01  7.12570E+00
  3.02734E-01  7.05829E+00
  3.06641E-01  6.98899E+00
  3.10547E-01  6.91770E+00
  3.14453E-01  6.84432E+00
  3.18359E-01  6.76872E+00
  3.22266E-01  6.69076E+00
  3.26172E-01  6.61032E+00
  3.30078E-01  6.52722E+00
  3.33984E-01  6.44128E+00
  3.37891E-01  6.35229E+00
  3.41797E-01  6.26001E+00
  3.45703E-01  6.16416E+00
  3.49609E-01  6.06427E+00
  3.53516E-01  5.95579E+00
  3.57422E-01  5.72958E+00
  3.61328E-01  2.06950E-02
  3.65234E-01  2.01914E-02
  3.69141E-01  1.95462E-02
  3.73047E-01  1.89542E-02
  3.76953E-01  1.83612E-02
  3.80859E-01  1.78160E-02
  3.84766E-01  1.72699E-02
  3.88672E-01  1.67672E-02
  3.92578E-01  1.62637E-02
  3.96484E-01  1.57993E-02
  4.00391E-01  1.53343E-02
  4.04297E-01  1.49048E-02
  4.08203E-01  1.44747E-02
  4.12109E-01  1.40765E-02
  4.16016E-01  1.36778E-02
  4.19922E-01  1.33081E-02
  4.23828E-01  1.29381E-02
  4.27734E-01  1.25947E-02
  4.31641E-01  1.22509E-02
  4.35547E-01  1.19315E-02
  4.39453E-01  1.16117E-02
  4.43359E-01  1.13142E-02
  4.47266E-01  1.10164E-02
  4.51172E-01  1.07388E-02
  4.55078E-01  1.04609E-02
  4.58984E-01  1.02016E-02
  4.62891E-01  9.94207E-03
  4.66797E-01  9.69965E-03
  4.70703E-01  9.45694E-03
  4.74609E-01  9.22996E-03
  4.78516E-01  9.00275E-03
  4.82422E-01  8.79011E-03
  4.86328E-01  8.57725E-03
  4.90234E-01  8.37789E-03
  4.94141E-01  8.17833E-03
  4.98047E-01  7.99106E-03
  5.01953E-01  7.80360E-03
  5.05859E-01  7.62757E-03
  5.09766E-01  7.45145E-03
  5.13672E-01  7.28603E-03
  5.17578E-01  7.12046E-03
  5.21484E-01  6.96480E-03
  5.25391E-01  6.80899E-03
  5.29297E-01  6.66230E-03
  5.33203E-01  6.51543E-03
  5.37109E-01  6.37687E-03
  5.41016E-01  6.23822E-03
  5.44922E-01  6.10739E-03
  5.48828E-01  5.97647E-03
  5.52734E-01  5.85295E-03
  5.56641E-01  5.72934E-03
  5.60547E-01  5.61260E-03
  5.64453E-01  5.49576E-03
  5.68359E-01  5.38531E-03
  5.72266E-01  5.27476E-03
  5.76172E-01  5.17019E-03
  5.80078E-01  5.06552E-03
  5.83984E-01  4.96638E-03
  5.87891E-01  4.86713E-03
  5.91797E-01  4.77295E-03
  5.95703E-01  4.67875E-03
  5.99609E-01  4.58946E-03
  6.03516E-01  4.50015E-03
  6.07422E-01  4.41551E-03
  6.11328E-01  4.33081E-03
  6.15234E-01  4.25042E-03
  6.19141E-01  4.16993E-03
  6.23047E-01  4.09332E-03
  6.26953E-01  4.01660E-03
  6.30859E-01  3.94350E-03
  6.34766E-01  3.87040E-03
  6.38672E-01  3.80099E-03
  6.42578E-01  3.73170E-03
  6.46484E-01  3.66595E-03
  6.50391E-01  3.60010E-03
  6.54297E-01  3.53726E-03
  6.58203E-01  3.47435E-03
  6.62109E-01  3.41422E-03
  6.66016E-01  3.35407E-03
  6.69922E-01  3.29666E-03
  6.73828E-01  3.23927E-03
  6.77734E-01  3.18454E-03
  6.81641E-01  3.12977E-03
  6.85547E-01  3.07755E-03
  6.89453E-01  3.02531E-03
  6.93359E-01  2.97539E-03
  6.97266E-01  2.92539E-03
  7.01172E-01  2.87757E-03
  7.05078E-01  2.82984E-03
  7.08984E-01  2.78411E-03
  7.12891E-01  2.73835E-03
  7.16797E-01  2.69464E-03
  7.20703E-01  2.65115E-03
  7.24609E-01  2.60877E-03
  7.28516E-01  2.56765E-03
  7.32422E-01  2.52669E-03
  7.36328E-01  2.48740E-03
  7.40234E-01  2.44809E-03
  7.44141E-01  2.41044E-03
  7.48047E-01  2.37277E-03
  7.51953E-01  2.33673E-03
  7.55859E-01  2.30065E-03
  7.59766E-01  2.26599E-03
  7.63672E-01  2.23130E-03
  7.67578E-01  2.19799E-03
  7.71484E-01  2.16470E-03
  7.75391E-01  2.13285E-03
  7.79297E-01  2.10104E-03
  7.83203E-01  2.07045E-03
  7.87109E-01  2.03980E-03
  7.91016E-01  2.01022E-03
  7.94922E-01  1.98064E-03
  7.98828E-01  1.95221E-03
  8.02734E-01  1.92385E-03
  8.06641E-01  1.89662E-03
  8.10547E-01  1.86939E-03
  8.14453E-01  1.84323E-03
  8.18359E-01  1.81713E-03
  8.22266E-01  1.79200E-03
  8.26172E-01  1.76681E-03
  8.30078E-01  1.74243E-03
  8.33984E-01  1.71811E-03
  8.37891E-01  1.69469E-03
  8.41797E-01  1.67135E-03
  8.45703E-01  1.64883E-03
  8.49609E-01  1.62632E-03
  8.53516E-01  1.60452E-03
  8.57422E-01  1.58276E-03
  8.61328E-01  1.56188E-03
  8.65234E-01  1.54105E-03
  8.69141E-01  1.52064E-03
  8.73047E-01  1.50084E-03
  8.76953E-01  1.48110E-03
  8.80859E-01  1.46180E-03
  8.84766E-01  1.44304E-03
  8.88672E-01  1.42427E-03
  8.92578E-01  1.40608E-03
  8.96484E-01  1.38821E-03
  9.00391E-01  1.37068E-03
  9.04297E-01  1.35328E-03
  9.08203E-01  1.33628E-03
  9.12109E-01  1.31949E-03
  9.16016E-01  1.30302E-03
  9.19922E-01  1.28690E-03
  9.23828E-01  1.27085E-03
  9.27734E-01  1.25545E-03
  9.31641E-01  1.24024E-03
  9.35547E-01  1.22516E-03
  9.39453E-01  1.21053E-03
  9.43359E-01  1.19598E-03
  9.47266E-01  1.18173E-03
  9.51172E-01  1.16788E-03
  9.55078E-01  1.15401E-03
  9.58984E-01  1.14060E-03
  9.62891E-01  1.12750E-03
  9.66797E-01  1.11468E-03
  9.70703E-01  1.10232E-03
  9.74609E-01  1.08991E-03
  9.78516E-01  1.07796E-03
  9.82422E-01  1.06644E-03
  9.86328E-01  1.05528E-03
  9.90234E-01  1.04502E-03
  9.94141E-01  1.03634E-03
  9.98047E-01  1.03226E-03
  1.00195E+00  1.03226E-03
