 -1.95312E-03  9.26384E+00
  1.95312E-03  9.26393E+00
  5.85938E-03  9.26282E+00
  9.76562E-03  9.26107E+00
  1.36719E-02  9.25864E+00
  1.75781E-02  9.25552E+00
  2.14844E-02  9.25171E+00
  2.53906E-02  9.24722E+00
  2.92969E-02  9.24204E+00
  3.32031E-02  9.23619E+00
  3.71094E-02  9.22966E+00
  4.10156E-02  9.22245E+00
  4.49219E-02  9.21458E+00
  4.88281E-02  9.20604E+00
  5.27344E-02  9.19683E+00
  5.66406E-02  9.18695E+00
  6.05469E-02  9.17641E+00
  6.44531E-02  9.16519E+00
  6.83594E-02  9.15332E+00
  7.22656E-02  9.14078E+00
  7.61719E-02  9.12757E+00
  8.00781E-02  9.11370E+00
  8.39844E-02  9.09917E+00
  8.78906E-02  9.08397E+00
  9.17969E-02  9.06810E+00
  9.57031E-02  9.05157E+00
  9.96094E-02  9.03437E+00
  1.03516E-01  9.01649E+00
  1.07422E-01  8.99795E+00
  1.11328E-01  8.97872E+00
  1.15234E-01  8.95882E+00
  1.19141E-01  8.93824E+00
  1.23047E-01  8.91697E+00
  1.26953E-01  8.89501E+00
  1.30859E-01  8.87236E+00
  1.34766E-01  8.84900E+00
  1.38672E-01  8.82495E+00
  1.42578E-01  8.80019E+00
  1.46484E-01  8.77471E+00
  1.50391E-01  8.74852E+00
  1.54297E-01  8.72160E+00
  1.58203E-01  8.69395E+00
  1.62109E-01  8.66556E+00
  1.66016E-01  8.63642E+00
  1.69922E-01  8.60652E+00
  1.73828E-01  8.57585E+00
  1.77734E-01  8.54440E+00
  1.81641E-01  8.51217E+00
  1.85547E-01  8.47914E+00
  1.89453E-01  8.44530E+00
  1.93359E-01  8.41064E+00
  1.97266E-01  8.37516E+00
  2.01172E-01  8.33883E+00
  2.05078E-01  8.30163E+00
  2.08984E-01  8.26356E+00
  2.12891E-01  8.22460E+00
  2.16797E-01  8.18472E+00
  2.20703E-01  8.14392E+00
  2.24609E-01  8.10216E+00
  2.28516E-01  8.05944E+00
  2.32422E-01  8.01572E+00
  2.36328E-01  7.97098E+00
  2.40234E-01  7.92519E+00
  2.44141E-01  7.87834E+00
  2.48047E-01  7.83038E+00
  2.51953E-01  7.78129E+00
  2.55859E-01  7.73104E+00
  2.59766E-01  7.67959E+00
  2.63672E-01  7.62690E+00
  2.67578E-01  7.57294E+00
  2.71484E-01  7.51766E+00
  2.75391E-01  7.46101E+00
  2.79297E-01  7.40294E+00
  2.83203E-01  7.34340E+00
  2.87109E-01  7.28233E+00
  2.91016E-01  7.21966E+00
  2.94922E-01  7.15532E+00
  2.98828E-01  7.08924E+00
  3.02734E-01  7.02134E+00
  3.06641E-01  6.95151E+00
  3.10547E-01  6.87967E+00
  3.14453E-01  6.80571E+00
  3.18359E-01  6.72949E+00
  3.22266E-01  6.65088E+00
  3.26172E-01  6.56973E+00
  3.30078E-01  6.48588E+00
  3.33984E-01  6.39912E+00
  3.37891E-01  6.30925E+00
  3.41797E-01  6.21602E+00
  3.45703E-01  6.11913E+00
  3.49609E-01  6.01810E+00
  3.53516E-01  5.90821E+00
  3.57422E-01  5.67891E+00
  3.61328E-01  5.05368E-02
  3.65234E-01  4.92318E-02
  3.69141E-01  4.76686E-02
  3.73047E-01  4.62396E-02
  3.76953E-01  4.48028E-02
  3.80859E-01  4.34831E-02
  3.84766E-01  4.21666E-02
  3.88672E-01  4.09344E-02
  3.92578E-01  3.97010E-02
  3.96484E-01  3.85615E-02
  4.00391E-01  3.74434E-02
  4.04297E-01  3.64025E-02
  4.08203E-01  3.53624E-02
  4.12109E-01  3.43911E-02
  4.16016E-01  3.34163E-02
  4.19922E-01  3.25044E-02
  4.23828E-01  3.16122E-02
  4.27734E-01  3.07810E-02
  4.31641E-01  2.99471E-02
  4.35547E-01  2.91624E-02
  4.39453E-01  2.83842E-02
  4.43359E-01  2.76544E-02
  4.47266E-01  2.69326E-02
  4.51172E-01  2.62572E-02
  4.55078E-01  2.55800E-02
  4.58984E-01  2.49444E-02
  4.62891E-01  2.43119E-02
  4.66797E-01  2.37231E-02
  4.70703E-01  2.31339E-02
  4.74609E-01  2.25779E-02
  4.78516E-01  2.20231E-02
  4.82422E-01  2.15051E-02
  4.86328E-01  2.09895E-02
  4.90234E-01  2.05015E-02
  4.94141E-01  2.00140E-02
  4.98047E-01  1.95576E-02
  5.01953E-01  1.91034E-02
  5.05859E-01  1.86717E-02
  5.09766E-01  1.82411E-02
  5.13672E-01  1.78372E-02
  5.17578E-01  1.74349E-02
  5.21484E-01  1.70528E-02
  5.25391E-01  1.66737E-02
  5.29297E-01  1.63097E-02
  5.33203E-01  1.59602E-02
  5.37109E-01  1.56128E-02
  5.41016E-01  1.52830E-02
  5.44922E-01  1.49537E-02
  5.48828E-01  1.46431E-02
  5.52734E-01  1.43325E-02
  5.56641E-01  1.40390E-02
  5.60547E-01  1.37452E-02
  5.64453E-01  1.34674E-02
  5.68359E-01  1.31894E-02
  5.72266E-01  1.29264E-02
  5.76172E-01  1.26633E-02
  5.80078E-01  1.24145E-02
  5.83984E-01  1.21654E-02
  5.87891E-01  1.19295E-02
  5.91797E-01  1.16933E-02
  5.95703E-01  1.14689E-02
  5.99609E-01  1.12444E-02
  6.03516E-01  1.10314E-02
  6.07422E-01  1.08186E-02
  6.11328E-01  1.06170E-02
  6.15234E-01  1.04153E-02
  6.19141E-01  1.02233E-02
  6.23047E-01  1.00311E-02
  6.26953E-01  9.84809E-03
  6.30859E-01  9.66493E-03
  6.34766E-01  9.49053E-03
  6.38672E-01  9.31615E-03
  6.42578E-01  9.15058E-03
  6.46484E-01  8.98519E-03
  6.50391E-01  8.82751E-03
  6.54297E-01  8.66941E-03
  6.58203E-01  8.51810E-03
  6.62109E-01  8.36705E-03
  6.66016E-01  8.22357E-03
  6.69922E-01  8.08082E-03
  6.73828E-01  7.94329E-03
  6.77734E-01  7.80556E-03
  6.81641E-01  7.67335E-03
  6.85547E-01  7.54276E-03
  6.89453E-01  7.41832E-03
  6.93359E-01  7.29385E-03
  6.97266E-01  7.17291E-03
  7.01172E-01  7.05282E-03
  7.05078E-01  6.93809E-03
  7.08984E-01  6.82431E-03
  7.12891E-01  6.71356E-03
  7.16797E-01  6.60440E-03
  7.20703E-01  6.49965E-03
  7.24609E-01  6.39529E-03
  7.28516E-01  6.29403E-03
  7.32422E-01  6.19359E-03
  7.36328E-01  6.09686E-03
  7.40234E-01  6.00206E-03
  7.44141E-01  5.90783E-03
  7.48047E-01  5.81600E-03
  7.51953E-01  5.72654E-03
  7.55859E-01  5.63947E-03
  7.59766E-01  5.55368E-03
  7.63672E-01  5.46950E-03
  7.67578E-01  5.38726E-03
  7.71484E-01  5.30573E-03
  7.75391E-01  5.22662E-03
  7.79297E-01  5.14882E-03
  7.83203E-01  5.07355E-03
  7.87109E-01  4.99941E-03
  7.91016E-01  4.92590E-03
  7.94922E-01  4.85394E-03
  7.98828E-01  4.78367E-03
  8.02734E-01  4.71486E-03
  8.06641E-01  4.64718E-03
  8.10547E-01  4.58126E-03
  8.14453E-01  4.51692E-03
  8.18359E-01  4.45303E-03
  8.22266E-01  4.39021E-03
  8.26172E-01  4.32925E-03
  8.30078E-01  4.26910E-03
  8.33984E-01  4.21031E-03
  8.37891E-01  4.15175E-03
  8.41797E-01  4.09536E-03
  8.45703E-01  4.03924E-03
  8.49609E-01  3.98462E-03
  8.53516E-01  3.93098E-03
  8.57422E-01  3.87799E-03
  8.61328E-01  3.82622E-03
  8.65234E-01  3.77545E-03
  8.69141E-01  3.72601E-03
  8.73047E-01  3.67648E-03
  8.76953E-01  3.62825E-03
  8.80859E-01  3.58111E-03
  8.84766E-01  3.53474E-03
  8.88672E-01  3.48969E-03
  8.92578E-01  3.44457E-03
  8.96484E-01  3.40072E-03
  9.00391E-01  3.35718E-03
  9.04297E-01  3.31517E-03
  9.08203E-01  3.27318E-03
  9.12109E-01  3.23250E-03
  9.16016E-01  3.19259E-03
  9.19922E-01  3.15301E-03
  9.23828E-01  3.11445E-03
  9.27734E-01  3.07611E-03
  9.31641E-01  3.03891E-03
  9.35547E-01  3.00211E-03
  9.39453E-01  2.96614E-03
  9.43359E-01  2.93041E-03
  9.47266E-01  2.89619E-03
  9.51172E-01  2.86220E-03
  9.55078E-01  2.82875E-03
  9.58984E-01  2.79597E-03
  9.62891E-01  2.76336E-03
  9.66797E-01  2.73215E-03
  9.70703E-01  2.70147E-03
  9.74609E-01  2.67130E-03
  9.78516E-01  2.64185E-03
  9.82422E-01  2.61379E-03
  9.86328E-01  2.58687E-03
  9.90234E-01  2.56115E-03
  9.94141E-01  2.54000E-03
  9.98047E-01  2.53000E-03
  1.00195E+00  2.53000E-03
