 -1.95312E-03  9.27201E+00
  1.95312E-03  9.27210E+00
  5.85938E-03  9.27098E+00
  9.76562E-03  9.26924E+00
  1.36719E-02  9.26681E+00
  1.75781E-02  9.26370E+00
  2.14844E-02  9.25990E+00
  2.53906E-02  9.25541E+00
  2.92969E-02  9.25025E+00
  3.32031E-02  9.24440E+00
  3.71094E-02  9.23788E+00
  4.10156E-02  9.23069E+00
  4.49219E-02  9.22283E+00
  4.88281E-02  9.21430E+00
  5.27344E-02  9.20510E+00
  5.66406E-02  9.19524E+00
  6.05469E-02  9.18471E+00
  6.44531E-02  9.17352E+00
  6.83594E-02  9.16166E+00
  7.22656E-02  9.14915E+00
  7.61719E-02  9.13597E+00
  8.00781E-02  9.12213E+00
  8.39844E-02  9.10763E+00
  8.78906E-02  9.09246E+00
  9.17969E-02  9.07662E+00
  9.57031E-02  9.06012E+00
  9.96094E-02  9.04295E+00
  1.03516E-01  9.02511E+00
  1.07422E-01  9.00659E+00
  1.11328E-01  8.98741E+00
  1.15234E-01  8.96754E+00
  1.19141E-01  8.94700E+00
  1.23047E-01  8.92577E+00
  1.26953E-01  8.90385E+00
  1.30859E-01  8.88124E+00
  1.34766E-01  8.85793E+00
  1.38672E-01  8.83392E+00
  1.42578E-01  8.80920E+00
  1.46484E-01  8.78377E+00
  1.50391E-01  8.75763E+00
  1.54297E-01  8.73076E+00
  1.58203E-01  8.70316E+00
  1.62109E-01  8.67482E+00
  1.66016E-01  8.64573E+00
  1.69922E-01  8.61588E+00
  1.73828E-01  8.58527E+00
  1.77734E-01  8.55388E+00
  1.81641E-01  8.52170E+00
  1.85547E-01  8.48873E+00
  1.89453E-01  8.45495E+00
  1.93359E-01  8.42035E+00
  1.97266E-01  8.38492E+00
  2.01172E-01  8.34865E+00
  2.05078E-01  8.31151E+00
  2.08984E-01  8.27350E+00
  2.12891E-01  8.23460E+00
  2.16797E-01  8.19480E+00
  2.20703E-01  8.15406E+00
  2.24609E-01  8.11238E+00
  2.28516E-01  8.06973E+00
  2.32422E-01  8.02608E+00
  2.36328E-01  7.98142E+00
  2.40234E-01  7.93572E+00
  2.44141E-01  7.88895E+00
  2.48047E-01  7.84108E+00
  2.51953E-01  7.79209E+00
  2.55859E-01  7.74193E+00
  2.59766E-01  7.69058E+00
  2.63672E-01  7.63800E+00
  2.67578E-01  7.58414E+00
  2.71484E-01  7.52898E+00
  2.75391E-01  7.47245E+00
  2.79297E-01  7.41450E+00
  2.83203E-01  7.35510E+00
  2.87109E-01  7.29417E+00
  2.91016E-01  7.23164E+00
  2.94922E-01  7.16746E+00
  2.98828E-01  7.10155E+00
  3.02734E-01  7.03382E+00
  3.06641E-01  6.96417E+00
  3.10547E-01  6.89252E+00
  3.14453E-01  6.81875E+00
  3.18359E-01  6.74274E+00
  3.22266E-01  6.66436E+00
  3.26172E-01  6.58345E+00
  3.30078E-01  6.49986E+00
  3.33984E-01  6.41338E+00
  3.37891E-01  6.32382E+00
  3.41797E-01  6.23091E+00
  3.45703E-01  6.13439E+00
  3.49609E-01  6.03376E+00
  3.53516E-01  5.92436E+00
  3.57422E-01  5.69616E+00
  3.61328E-01  4.14493E-02
  3.65234E-01  4.04054E-02
  3.69141E-01  3.91200E-02
  3.73047E-01  3.79327E-02
  3.76953E-01  3.67447E-02
  3.80859E-01  3.56543E-02
  3.84766E-01  3.45691E-02
  3.88672E-01  3.35689E-02
  3.92578E-01  3.25643E-02
  3.96484E-01  3.16317E-02
  4.00391E-01  3.06999E-02
  4.04297E-01  2.98412E-02
  4.08203E-01  2.89851E-02
  4.12109E-01  2.81903E-02
  4.16016E-01  2.73935E-02
  4.19922E-01  2.66530E-02
  4.23828E-01  2.59140E-02
  4.27734E-01  2.52291E-02
  4.31641E-01  2.45427E-02
  4.35547E-01  2.39036E-02
  4.39453E-01  2.32643E-02
  4.43359E-01  2.26699E-02
  4.47266E-01  2.20750E-02
  4.51172E-01  2.15202E-02
  4.55078E-01  2.09646E-02
  4.58984E-01  2.04459E-02
  4.62891E-01  1.99268E-02
  4.66797E-01  1.94419E-02
  4.70703E-01  1.89565E-02
  4.74609E-01  1.85029E-02
  4.78516E-01  1.80488E-02
  4.82422E-01  1.76236E-02
  4.86328E-01  1.71979E-02
  4.90234E-01  1.67992E-02
  4.94141E-01  1.64001E-02
  4.98047E-01  1.60252E-02
  5.01953E-01  1.56498E-02
  5.05859E-01  1.52972E-02
  5.09766E-01  1.49447E-02
  5.13672E-01  1.46139E-02
  5.17578E-01  1.42824E-02
  5.21484E-01  1.39702E-02
  5.25391E-01  1.36578E-02
  5.29297E-01  1.33640E-02
  5.33203E-01  1.30699E-02
  5.37109E-01  1.27927E-02
  5.41016E-01  1.25153E-02
  5.44922E-01  1.22534E-02
  5.48828E-01  1.19912E-02
  5.52734E-01  1.17436E-02
  5.56641E-01  1.14962E-02
  5.60547E-01  1.12621E-02
  5.64453E-01  1.10278E-02
  5.68359E-01  1.08069E-02
  5.72266E-01  1.05871E-02
  5.76172E-01  1.03741E-02
  5.80078E-01  1.01689E-02
  5.83984E-01  9.96457E-03
  5.87891E-01  9.77067E-03
  5.91797E-01  9.57679E-03
  5.95703E-01  9.39326E-03
  5.99609E-01  9.20963E-03
  6.03516E-01  9.03536E-03
  6.07422E-01  8.86097E-03
  6.11328E-01  8.69520E-03
  6.15234E-01  8.52927E-03
  6.19141E-01  8.37167E-03
  6.23047E-01  8.21402E-03
  6.26953E-01  8.06441E-03
  6.30859E-01  7.91467E-03
  6.34766E-01  7.77187E-03
  6.38672E-01  7.62893E-03
  6.42578E-01  7.49274E-03
  6.46484E-01  7.35677E-03
  6.50391E-01  7.22772E-03
  6.54297E-01  7.09869E-03
  6.58203E-01  6.97509E-03
  6.62109E-01  6.85131E-03
  6.66016E-01  6.73285E-03
  6.69922E-01  6.61489E-03
  6.73828E-01  6.50277E-03
  6.77734E-01  6.39094E-03
  6.81641E-01  6.28347E-03
  6.85547E-01  6.17601E-03
  6.89453E-01  6.07327E-03
  6.93359E-01  5.97106E-03
  6.97266E-01  5.87283E-03
  7.01172E-01  5.77452E-03
  7.05078E-01  5.68034E-03
  7.08984E-01  5.58694E-03
  7.12891E-01  5.49714E-03
  7.16797E-01  5.40719E-03
  7.20703E-01  5.32073E-03
  7.24609E-01  5.23540E-03
  7.28516E-01  5.15349E-03
  7.32422E-01  5.07136E-03
  7.36328E-01  4.99166E-03
  7.40234E-01  4.91257E-03
  7.44141E-01  4.83685E-03
  7.48047E-01  4.76177E-03
  7.51953E-01  4.68911E-03
  7.55859E-01  4.61688E-03
  7.59766E-01  4.54746E-03
  7.63672E-01  4.47785E-03
  7.67578E-01  4.41015E-03
  7.71484E-01  4.34366E-03
  7.75391E-01  4.27909E-03
  7.79297E-01  4.21619E-03
  7.83203E-01  4.15391E-03
  7.87109E-01  4.09310E-03
  7.91016E-01  4.03323E-03
  7.94922E-01  3.97470E-03
  7.98828E-01  3.91739E-03
  8.02734E-01  3.86037E-03
  8.06641E-01  3.80558E-03
  8.10547E-01  3.75145E-03
  8.14453E-01  3.69831E-03
  8.18359E-01  3.64572E-03
  8.22266E-01  3.59449E-03
  8.26172E-01  3.54472E-03
  8.30078E-01  3.49542E-03
  8.33984E-01  3.44694E-03
  8.37891E-01  3.39959E-03
  8.41797E-01  3.35307E-03
  8.45703E-01  3.30751E-03
  8.49609E-01  3.26278E-03
  8.53516E-01  3.21863E-03
  8.57422E-01  3.17559E-03
  8.61328E-01  3.13268E-03
  8.65234E-01  3.09153E-03
  8.69141E-01  3.05084E-03
  8.73047E-01  3.01089E-03
  8.76953E-01  2.97128E-03
  8.80859E-01  2.93238E-03
  8.84766E-01  2.89454E-03
  8.88672E-01  2.85696E-03
  8.92578E-01  2.82070E-03
  8.96484E-01  2.78470E-03
  9.00391E-01  2.74928E-03
  9.04297E-01  2.71489E-03
  9.08203E-01  2.68062E-03
  9.12109E-01  2.64728E-03
  9.16016E-01  2.61404E-03
  9.19922E-01  2.58204E-03
  9.23828E-01  2.55012E-03
  9.27734E-01  2.51899E-03
  9.31641E-01  2.48846E-03
  9.35547E-01  2.45819E-03
  9.39453E-01  2.42900E-03
  9.43359E-01  2.40009E-03
  9.47266E-01  2.37175E-03
  9.51172E-01  2.34347E-03
  9.55078E-01  2.31615E-03
  9.58984E-01  2.28907E-03
  9.62891E-01  2.26276E-03
  9.66797E-01  2.23730E-03
  9.70703E-01  2.21178E-03
  9.74609E-01  2.18709E-03
  9.78516E-01  2.16317E-03
  9.82422E-01  2.14027E-03
  9.86328E-01  2.11805E-03
  9.90234E-01  2.09702E-03
  9.94141E-01  2.07973E-03
  9.98047E-01  2.07154E-03
  1.00195E+00  2.07154E-03
