 -1.95312E-03  9.26973E+00
  1.95312E-03  9.26982E+00
  5.85938E-03  9.26871E+00
  9.76562E-03  9.26696E+00
  1.36719E-02  9.26453E+00
  1.75781E-02  9.26141E+00
  2.14844E-02  9.25761E+00
  2.53906E-02  9.25312E+00
  2.92969E-02  9.24795E+00
  3.32031E-02  9.24210E+00
  3.71094E-02  9.23558E+00
  4.10156E-02  9.22838E+00
  4.49219E-02  9.22051E+00
  4.88281E-02  9.21198E+00
  5.27344E-02  9.20277E+00
  5.66406E-02  9.19290E+00
  6.05469E-02  9.18237E+00
  6.44531E-02  9.17117E+00
  6.83594E-02  9.15931E+00
  7.22656E-02  9.14679E+00
  7.61719E-02  9.13361E+00
  8.00781E-02  9.11977E+00
  8.39844E-02  9.10526E+00
  8.78906E-02  9.09009E+00
  9.17969E-02  9.07425E+00
  9.57031E-02  9.05775E+00
  9.96094E-02  9.04057E+00
  1.03516E-01  9.02272E+00
  1.07422E-01  9.00420E+00
  1.11328E-01  8.98501E+00
  1.15234E-01  8.96513E+00
  1.19141E-01  8.94458E+00
  1.23047E-01  8.92334E+00
  1.26953E-01  8.90141E+00
  1.30859E-01  8.87879E+00
  1.34766E-01  8.85547E+00
  1.38672E-01  8.83145E+00
  1.42578E-01  8.80672E+00
  1.46484E-01  8.78128E+00
  1.50391E-01  8.75513E+00
  1.54297E-01  8.72824E+00
  1.58203E-01  8.70063E+00
  1.62109E-01  8.67227E+00
  1.66016E-01  8.64317E+00
  1.69922E-01  8.61330E+00
  1.73828E-01  8.58267E+00
  1.77734E-01  8.55127E+00
  1.81641E-01  8.51908E+00
  1.85547E-01  8.48609E+00
  1.89453E-01  8.45229E+00
  1.93359E-01  8.41768E+00
  1.97266E-01  8.38223E+00
  2.01172E-01  8.34594E+00
  2.05078E-01  8.30879E+00
  2.08984E-01  8.27077E+00
  2.12891E-01  8.23185E+00
  2.16797E-01  8.19202E+00
  2.20703E-01  8.15126E+00
  2.24609E-01  8.10956E+00
  2.28516E-01  8.06688E+00
  2.32422E-01  8.02322E+00
  2.36328E-01  7.97853E+00
  2.40234E-01  7.93280E+00
  2.44141E-01  7.88601E+00
  2.48047E-01  7.83812E+00
  2.51953E-01  7.78909E+00
  2.55859E-01  7.73891E+00
  2.59766E-01  7.68753E+00
  2.63672E-01  7.63492E+00
  2.67578E-01  7.58104E+00
  2.71484E-01  7.52584E+00
  2.75391E-01  7.46928E+00
  2.79297E-01  7.41130E+00
  2.83203E-01  7.35186E+00
  2.87109E-01  7.29089E+00
  2.91016E-01  7.22833E+00
  2.94922E-01  7.16411E+00
  2.98828E-01  7.09815E+00
  3.02734E-01  7.03037E+00
  3.06641E-01  6.96068E+00
  3.10547E-01  6.88898E+00
  3.14453E-01  6.81516E+00
  3.18359E-01  6.73909E+00
  3.22266E-01  6.66065E+00
  3.26172E-01  6.57968E+00
  3.30078E-01  6.49602E+00
  3.33984E-01  6.40947E+00
  3.37891E-01  6.31983E+00
  3.41797E-01  6.22683E+00
  3.45703E-01  6.13021E+00
  3.49609E-01  6.02947E+00
  3.53516E-01  5.91993E+00
  3.57422E-01  5.69143E+00
  3.61328E-01  4.39870E-02
  3.65234E-01  4.28667E-02
  3.69141E-01  4.14990E-02
  3.73047E-01  4.02538E-02
  3.76953E-01  3.90075E-02
  3.80859E-01  3.78528E-02
  3.84766E-01  3.66940E-02
  3.88672E-01  3.56201E-02
  3.92578E-01  3.45519E-02
  3.96484E-01  3.35716E-02
  4.00391E-01  3.25927E-02
  4.04297E-01  3.16804E-02
  4.08203E-01  3.07662E-02
  4.12109E-01  2.99162E-02
  4.16016E-01  2.90714E-02
  4.19922E-01  2.82915E-02
  4.23828E-01  2.75097E-02
  4.27734E-01  2.67789E-02
  4.31641E-01  2.60488E-02
  4.35547E-01  2.53711E-02
  4.39453E-01  2.46944E-02
  4.43359E-01  2.40632E-02
  4.47266E-01  2.34310E-02
  4.51172E-01  2.28412E-02
  4.55078E-01  2.22520E-02
  4.58984E-01  2.17032E-02
  4.62891E-01  2.11531E-02
  4.66797E-01  2.06381E-02
  4.70703E-01  2.01232E-02
  4.74609E-01  1.96418E-02
  4.78516E-01  1.91596E-02
  4.82422E-01  1.87077E-02
  4.86328E-01  1.82559E-02
  4.90234E-01  1.78331E-02
  4.94141E-01  1.74097E-02
  4.98047E-01  1.70116E-02
  5.01953E-01  1.66135E-02
  5.05859E-01  1.62404E-02
  5.09766E-01  1.58669E-02
  5.13672E-01  1.55144E-02
  5.17578E-01  1.51618E-02
  5.21484E-01  1.48305E-02
  5.25391E-01  1.45000E-02
  5.29297E-01  1.41877E-02
  5.33203E-01  1.38751E-02
  5.37109E-01  1.35805E-02
  5.41016E-01  1.32864E-02
  5.44922E-01  1.30081E-02
  5.48828E-01  1.27298E-02
  5.52734E-01  1.24679E-02
  5.56641E-01  1.22060E-02
  5.60547E-01  1.19547E-02
  5.64453E-01  1.17109E-02
  5.68359E-01  1.14695E-02
  5.72266E-01  1.12407E-02
  5.76172E-01  1.10120E-02
  5.80078E-01  1.07957E-02
  5.83984E-01  1.05791E-02
  5.87891E-01  1.03739E-02
  5.91797E-01  1.01685E-02
  5.95703E-01  9.97324E-03
  5.99609E-01  9.77789E-03
  6.03516E-01  9.59252E-03
  6.07422E-01  9.40719E-03
  6.11328E-01  9.23153E-03
  6.15234E-01  9.05577E-03
  6.19141E-01  8.88870E-03
  6.23047E-01  8.72143E-03
  6.26953E-01  8.56221E-03
  6.30859E-01  8.40289E-03
  6.34766E-01  8.25141E-03
  6.38672E-01  8.10007E-03
  6.42578E-01  7.95617E-03
  6.46484E-01  7.81198E-03
  6.50391E-01  7.67409E-03
  6.54297E-01  7.53623E-03
  6.58203E-01  7.40501E-03
  6.62109E-01  7.27444E-03
  6.66016E-01  7.14991E-03
  6.69922E-01  7.02499E-03
  6.73828E-01  6.90487E-03
  6.77734E-01  6.78501E-03
  6.81641E-01  6.67074E-03
  6.85547E-01  6.55743E-03
  6.89453E-01  6.44864E-03
  6.93359E-01  6.33970E-03
  6.97266E-01  6.23522E-03
  7.01172E-01  6.13161E-03
  7.05078E-01  6.03204E-03
  7.08984E-01  5.93226E-03
  7.12891E-01  5.83629E-03
  7.16797E-01  5.74150E-03
  7.20703E-01  5.65029E-03
  7.24609E-01  5.55889E-03
  7.28516E-01  5.47073E-03
  7.32422E-01  5.38378E-03
  7.36328E-01  5.30051E-03
  7.40234E-01  5.21727E-03
  7.44141E-01  5.13621E-03
  7.48047E-01  5.05568E-03
  7.51953E-01  4.97850E-03
  7.55859E-01  4.90187E-03
  7.59766E-01  4.82743E-03
  7.63672E-01  4.75466E-03
  7.67578E-01  4.68322E-03
  7.71484E-01  4.61304E-03
  7.75391E-01  4.54349E-03
  7.79297E-01  4.47594E-03
  7.83203E-01  4.40998E-03
  7.87109E-01  4.34545E-03
  7.91016E-01  4.28242E-03
  7.94922E-01  4.21973E-03
  7.98828E-01  4.15933E-03
  8.02734E-01  4.09939E-03
  8.06641E-01  4.04049E-03
  8.10547E-01  3.98278E-03
  8.14453E-01  3.92660E-03
  8.18359E-01  3.87151E-03
  8.22266E-01  3.81675E-03
  8.26172E-01  3.76324E-03
  8.30078E-01  3.71120E-03
  8.33984E-01  3.65994E-03
  8.37891E-01  3.60955E-03
  8.41797E-01  3.56013E-03
  8.45703E-01  3.51152E-03
  8.49609E-01  3.46425E-03
  8.53516E-01  3.41719E-03
  8.57422E-01  3.37190E-03
  8.61328E-01  3.32649E-03
  8.65234E-01  3.28213E-03
  8.69141E-01  3.23878E-03
  8.73047E-01  3.19650E-03
  8.76953E-01  3.15496E-03
  8.80859E-01  3.11355E-03
  8.84766E-01  3.07336E-03
  8.88672E-01  3.03341E-03
  8.92578E-01  2.99455E-03
  8.96484E-01  2.95661E-03
  9.00391E-01  2.91888E-03
  9.04297E-01  2.88233E-03
  9.08203E-01  2.84600E-03
  9.12109E-01  2.81079E-03
  9.16016E-01  2.77549E-03
  9.19922E-01  2.74133E-03
  9.23828E-01  2.70761E-03
  9.27734E-01  2.67441E-03
  9.31641E-01  2.64212E-03
  9.35547E-01  2.60993E-03
  9.39453E-01  2.57877E-03
  9.43359E-01  2.54812E-03
  9.47266E-01  2.51822E-03
  9.51172E-01  2.48826E-03
  9.55078E-01  2.45920E-03
  9.58984E-01  2.43049E-03
  9.62891E-01  2.40239E-03
  9.66797E-01  2.37542E-03
  9.70703E-01  2.34845E-03
  9.74609E-01  2.32218E-03
  9.78516E-01  2.29673E-03
  9.82422E-01  2.27241E-03
  9.86328E-01  2.24887E-03
  9.90234E-01  2.22653E-03
  9.94141E-01  2.20816E-03
  9.98047E-01  2.19948E-03
  1.00195E+00  2.19948E-03
