 -1.95312E-03  9.28893E+00
  1.95312E-03  9.28902E+00
  5.85938E-03  9.28791E+00
  9.76562E-03  9.28617E+00
  1.36719E-02  9.28375E+00
  1.75781E-02  9.28065E+00
  2.14844E-02  9.27685E+00
  2.53906E-02  9.27238E+00
  2.92969E-02  9.26723E+00
  3.32031E-02  9.26140E+00
  3.71094E-02  9.25490E+00
  4.10156E-02  9.24773E+00
  4.49219E-02  9.23989E+00
  4.88281E-02  9.23138E+00
  5.27344E-02  9.22221E+00
  5.66406E-02  9.21237E+00
  6.05469E-02  9.20187E+00
  6.44531E-02  9.19071E+00
  6.83594E-02  9.17889E+00
  7.22656E-02  9.16640E+00
  7.61719E-02  9.15326E+00
  8.00781E-02  9.13946E+00
  8.39844E-02  9.12500E+00
  8.78906E-02  9.10987E+00
  9.17969E-02  9.09408E+00
  9.57031E-02  9.07763E+00
  9.96094E-02  9.06051E+00
  1.03516E-01  9.04272E+00
  1.07422E-01  9.02425E+00
  1.11328E-01  9.00512E+00
  1.15234E-01  8.98532E+00
  1.19141E-01  8.96483E+00
  1.23047E-01  8.94367E+00
  1.26953E-01  8.92181E+00
  1.30859E-01  8.89927E+00
  1.34766E-01  8.87603E+00
  1.38672E-01  8.85210E+00
  1.42578E-01  8.82746E+00
  1.46484E-01  8.80212E+00
  1.50391E-01  8.77605E+00
  1.54297E-01  8.74927E+00
  1.58203E-01  8.72176E+00
  1.62109E-01  8.69351E+00
  1.66016E-01  8.66451E+00
  1.69922E-01  8.63476E+00
  1.73828E-01  8.60424E+00
  1.77734E-01  8.57296E+00
  1.81641E-01  8.54089E+00
  1.85547E-01  8.50802E+00
  1.89453E-01  8.47435E+00
  1.93359E-01  8.43986E+00
  1.97266E-01  8.40454E+00
  2.01172E-01  8.36838E+00
  2.05078E-01  8.33136E+00
  2.08984E-01  8.29348E+00
  2.12891E-01  8.25471E+00
  2.16797E-01  8.21504E+00
  2.20703E-01  8.17444E+00
  2.24609E-01  8.13291E+00
  2.28516E-01  8.09040E+00
  2.32422E-01  8.04691E+00
  2.36328E-01  8.00242E+00
  2.40234E-01  7.95688E+00
  2.44141E-01  7.91029E+00
  2.48047E-01  7.86260E+00
  2.51953E-01  7.81379E+00
  2.55859E-01  7.76383E+00
  2.59766E-01  7.71268E+00
  2.63672E-01  7.66031E+00
  2.67578E-01  7.60667E+00
  2.71484E-01  7.55173E+00
  2.75391E-01  7.49544E+00
  2.79297E-01  7.43775E+00
  2.83203E-01  7.37860E+00
  2.87109E-01  7.31794E+00
  2.91016E-01  7.25570E+00
  2.94922E-01  7.19182E+00
  2.98828E-01  7.12621E+00
  3.02734E-01  7.05880E+00
  3.06641E-01  6.98949E+00
  3.10547E-01  6.91820E+00
  3.14453E-01  6.84480E+00
  3.18359E-01  6.76920E+00
  3.22266E-01  6.69124E+00
  3.26172E-01  6.61079E+00
  3.30078E-01  6.52767E+00
  3.33984E-01  6.44171E+00
  3.37891E-01  6.35270E+00
  3.41797E-01  6.26039E+00
  3.45703E-01  6.16450E+00
  3.49609E-01  6.06456E+00
  3.53516E-01  5.95601E+00
  3.57422E-01  5.72963E+00
  3.61328E-01  1.59907E-02
  3.65234E-01  1.56032E-02
  3.69141E-01  1.51042E-02
  3.73047E-01  1.46464E-02
  3.76953E-01  1.41879E-02
  3.80859E-01  1.37664E-02
  3.84766E-01  1.33444E-02
  3.88672E-01  1.29557E-02
  3.92578E-01  1.25664E-02
  3.96484E-01  1.22072E-02
  4.00391E-01  1.18476E-02
  4.04297E-01  1.15153E-02
  4.08203E-01  1.11825E-02
  4.12109E-01  1.08745E-02
  4.16016E-01  1.05662E-02
  4.19922E-01  1.02805E-02
  4.23828E-01  9.99443E-03
  4.27734E-01  9.72897E-03
  4.31641E-01  9.46316E-03
  4.35547E-01  9.21623E-03
  4.39453E-01  8.96899E-03
  4.43359E-01  8.73893E-03
  4.47266E-01  8.50862E-03
  4.51172E-01  8.29409E-03
  4.55078E-01  8.07937E-03
  4.58984E-01  7.87920E-03
  4.62891E-01  7.67877E-03
  4.66797E-01  7.49160E-03
  4.70703E-01  7.30424E-03
  4.74609E-01  7.12898E-03
  4.78516E-01  6.95354E-03
  4.82422E-01  6.78923E-03
  4.86328E-01  6.62481E-03
  4.90234E-01  6.47075E-03
  4.94141E-01  6.31659E-03
  4.98047E-01  6.17207E-03
  5.01953E-01  6.02740E-03
  5.05859E-01  5.89157E-03
  5.09766E-01  5.75564E-03
  5.13672E-01  5.62789E-03
  5.17578E-01  5.50000E-03
  5.21484E-01  5.37965E-03
  5.25391E-01  5.25918E-03
  5.29297E-01  5.14568E-03
  5.33203E-01  5.03213E-03
  5.37109E-01  4.92513E-03
  5.41016E-01  4.81808E-03
  5.44922E-01  4.71720E-03
  5.48828E-01  4.61624E-03
  5.52734E-01  4.52098E-03
  5.56641E-01  4.42559E-03
  5.60547E-01  4.33531E-03
  5.64453E-01  4.24500E-03
  5.68359E-01  4.15950E-03
  5.72266E-01  4.07399E-03
  5.76172E-01  3.99306E-03
  5.80078E-01  3.91214E-03
  5.83984E-01  3.83568E-03
  5.87891E-01  3.75918E-03
  5.91797E-01  3.68679E-03
  5.95703E-01  3.61429E-03
  5.99609E-01  3.54544E-03
  6.03516E-01  3.47651E-03
  6.07422E-01  3.41098E-03
  6.11328E-01  3.34543E-03
  6.15234E-01  3.28317E-03
  6.19141E-01  3.22090E-03
  6.23047E-01  3.16177E-03
  6.26953E-01  3.10261E-03
  6.30859E-01  3.04635E-03
  6.34766E-01  2.99006E-03
  6.38672E-01  2.93649E-03
  6.42578E-01  2.88289E-03
  6.46484E-01  2.83186E-03
  6.50391E-01  2.78080E-03
  6.54297E-01  2.73218E-03
  6.58203E-01  2.68353E-03
  6.62109E-01  2.63718E-03
  6.66016E-01  2.59079E-03
  6.69922E-01  2.54656E-03
  6.73828E-01  2.50228E-03
  6.77734E-01  2.46003E-03
  6.81641E-01  2.41774E-03
  6.85547E-01  2.37737E-03
  6.89453E-01  2.33698E-03
  6.93359E-01  2.29840E-03
  6.97266E-01  2.25980E-03
  7.01172E-01  2.22295E-03
  7.05078E-01  2.18607E-03
  7.08984E-01  2.15080E-03
  7.12891E-01  2.11551E-03
  7.16797E-01  2.08172E-03
  7.20703E-01  2.04791E-03
  7.24609E-01  2.01556E-03
  7.28516E-01  1.98319E-03
  7.32422E-01  1.95228E-03
  7.36328E-01  1.92138E-03
  7.40234E-01  1.89172E-03
  7.44141E-01  1.86200E-03
  7.48047E-01  1.83344E-03
  7.51953E-01  1.80493E-03
  7.55859E-01  1.77752E-03
  7.59766E-01  1.75011E-03
  7.63672E-01  1.72388E-03
  7.67578E-01  1.69788E-03
  7.71484E-01  1.67245E-03
  7.75391E-01  1.64778E-03
  7.79297E-01  1.62318E-03
  7.83203E-01  1.59954E-03
  7.87109E-01  1.57587E-03
  7.91016E-01  1.55308E-03
  7.94922E-01  1.53029E-03
  7.98828E-01  1.50835E-03
  8.02734E-01  1.48643E-03
  8.06641E-01  1.46540E-03
  8.10547E-01  1.44437E-03
  8.14453E-01  1.42413E-03
  8.18359E-01  1.40386E-03
  8.22266E-01  1.38433E-03
  8.26172E-01  1.36481E-03
  8.30078E-01  1.34604E-03
  8.33984E-01  1.32728E-03
  8.37891E-01  1.30925E-03
  8.41797E-01  1.29119E-03
  8.45703E-01  1.27379E-03
  8.49609E-01  1.25639E-03
  8.53516E-01  1.23963E-03
  8.57422E-01  1.22286E-03
  8.61328E-01  1.20669E-03
  8.65234E-01  1.19052E-03
  8.69141E-01  1.17498E-03
  8.73047E-01  1.15943E-03
  8.76953E-01  1.14437E-03
  8.80859E-01  1.12936E-03
  8.84766E-01  1.11489E-03
  8.88672E-01  1.10035E-03
  8.92578E-01  1.08610E-03
  8.96484E-01  1.07232E-03
  9.00391E-01  1.05867E-03
  9.04297E-01  1.04519E-03
  9.08203E-01  1.03211E-03
  9.12109E-01  1.01916E-03
  9.16016E-01  1.00656E-03
  9.19922E-01  9.94112E-04
  9.23828E-01  9.81937E-04
  9.27734E-01  9.69795E-04
  9.31641E-01  9.57989E-04
  9.35547E-01  9.46471E-04
  9.39453E-01  9.34950E-04
  9.43359E-01  9.23780E-04
  9.47266E-01  9.12831E-04
  9.51172E-01  9.01930E-04
  9.55078E-01  8.91440E-04
  9.58984E-01  8.81222E-04
  9.62891E-01  8.71034E-04
  9.66797E-01  8.61184E-04
  9.70703E-01  8.51407E-04
  9.74609E-01  8.41806E-04
  9.78516E-01  8.32695E-04
  9.82422E-01  8.23734E-04
  9.86328E-01  8.15162E-04
  9.90234E-01  8.07266E-04
  9.94141E-01  8.00528E-04
  9.98047E-01  7.97377E-04
  1.00195E+00  7.97377E-04
