 -1.95312E-03  9.28860E+00
  1.95312E-03  9.28869E+00
  5.85938E-03  9.28758E+00
  9.76562E-03  9.28584E+00
  1.36719E-02  9.28342E+00
  1.75781E-02  9.28032E+00
  2.14844E-02  9.27653E+00
  2.53906E-02  9.27205E+00
  2.92969E-02  9.26690E+00
  3.32031E-02  9.26107E+00
  3.71094E-02  9.25457E+00
  4.10156E-02  9.24740E+00
  4.49219E-02  9.23956E+00
  4.88281E-02  9.23105E+00
  5.27344E-02  9.22188E+00
  5.66406E-02  9.21204E+00
  6.05469E-02  9.20155E+00
  6.44531E-02  9.19039E+00
  6.83594E-02  9.17857E+00
  7.22656E-02  9.16609E+00
  7.61719E-02  9.15295E+00
  8.00781E-02  9.13915E+00
  8.39844E-02  9.12468E+00
  8.78906E-02  9.10956E+00
  9.17969E-02  9.09377E+00
  9.57031E-02  9.07732E+00
  9.96094E-02  9.06020E+00
  1.03516E-01  9.04241E+00
  1.07422E-01  9.02395E+00
  1.11328E-01  9.00482E+00
  1.15234E-01  8.98502E+00
  1.19141E-01  8.96453E+00
  1.23047E-01  8.94337E+00
  1.26953E-01  8.92151E+00
  1.30859E-01  8.89897E+00
  1.34766E-01  8.87573E+00
  1.38672E-01  8.85179E+00
  1.42578E-01  8.82716E+00
  1.46484E-01  8.80181E+00
  1.50391E-01  8.77575E+00
  1.54297E-01  8.74896E+00
  1.58203E-01  8.72145E+00
  1.62109E-01  8.69320E+00
  1.66016E-01  8.66420E+00
  1.69922E-01  8.63445E+00
  1.73828E-01  8.60393E+00
  1.77734E-01  8.57265E+00
  1.81641E-01  8.54058E+00
  1.85547E-01  8.50772E+00
  1.89453E-01  8.47405E+00
  1.93359E-01  8.43956E+00
  1.97266E-01  8.40423E+00
  2.01172E-01  8.36808E+00
  2.05078E-01  8.33106E+00
  2.08984E-01  8.29318E+00
  2.12891E-01  8.25441E+00
  2.16797E-01  8.21474E+00
  2.20703E-01  8.17414E+00
  2.24609E-01  8.13260E+00
  2.28516E-01  8.09010E+00
  2.32422E-01  8.04661E+00
  2.36328E-01  8.00211E+00
  2.40234E-01  7.95658E+00
  2.44141E-01  7.90999E+00
  2.48047E-01  7.86230E+00
  2.51953E-01  7.81349E+00
  2.55859E-01  7.76353E+00
  2.59766E-01  7.71238E+00
  2.63672E-01  7.66001E+00
  2.67578E-01  7.60638E+00
  2.71484E-01  7.55144E+00
  2.75391E-01  7.49515E+00
  2.79297E-01  7.43745E+00
  2.83203E-01  7.37831E+00
  2.87109E-01  7.31764E+00
  2.91016E-01  7.25541E+00
  2.94922E-01  7.19152E+00
  2.98828E-01  7.12592E+00
  3.02734E-01  7.05851E+00
  3.06641E-01  6.98921E+00
  3.10547E-01  6.91792E+00
  3.14453E-01  6.84454E+00
  3.18359E-01  6.76894E+00
  3.22266E-01  6.69099E+00
  3.26172E-01  6.61054E+00
  3.30078E-01  6.52744E+00
  3.33984E-01  6.44149E+00
  3.37891E-01  6.35249E+00
  3.41797E-01  6.26020E+00
  3.45703E-01  6.16434E+00
  3.49609E-01  6.06444E+00
  3.53516E-01  5.95594E+00
  3.57422E-01  5.72969E+00
  3.61328E-01  1.87410E-02
  3.65234E-01  1.82860E-02
  3.69141E-01  1.77017E-02
  3.73047E-01  1.71653E-02
  3.76953E-01  1.66283E-02
  3.80859E-01  1.61347E-02
  3.84766E-01  1.56403E-02
  3.88672E-01  1.51848E-02
  3.92578E-01  1.47287E-02
  3.96484E-01  1.43079E-02
  4.00391E-01  1.38864E-02
  4.04297E-01  1.34971E-02
  4.08203E-01  1.31073E-02
  4.12109E-01  1.27466E-02
  4.16016E-01  1.23855E-02
  4.19922E-01  1.20509E-02
  4.23828E-01  1.17159E-02
  4.27734E-01  1.14049E-02
  4.31641E-01  1.10936E-02
  4.35547E-01  1.08042E-02
  4.39453E-01  1.05145E-02
  4.43359E-01  1.02448E-02
  4.47266E-01  9.97491E-03
  4.51172E-01  9.72342E-03
  4.55078E-01  9.47165E-03
  4.58984E-01  9.23681E-03
  4.62891E-01  9.00170E-03
  4.66797E-01  8.78210E-03
  4.70703E-01  8.56229E-03
  4.74609E-01  8.35680E-03
  4.78516E-01  8.15108E-03
  4.82422E-01  7.95856E-03
  4.86328E-01  7.76582E-03
  4.90234E-01  7.58529E-03
  4.94141E-01  7.40466E-03
  4.98047E-01  7.23534E-03
  5.01953E-01  7.06583E-03
  5.05859E-01  6.90663E-03
  5.09766E-01  6.74725E-03
  5.13672E-01  6.59740E-03
  5.17578E-01  6.44741E-03
  5.21484E-01  6.30624E-03
  5.25391E-01  6.16497E-03
  5.29297E-01  6.03197E-03
  5.33203E-01  5.89891E-03
  5.37109E-01  5.77357E-03
  5.41016E-01  5.64813E-03
  5.44922E-01  5.52986E-03
  5.48828E-01  5.41146E-03
  5.52734E-01  5.29964E-03
  5.56641E-01  5.18775E-03
  5.60547E-01  5.08199E-03
  5.64453E-01  4.97614E-03
  5.68359E-01  4.87601E-03
  5.72266E-01  4.77580E-03
  5.76172E-01  4.68104E-03
  5.80078E-01  4.58624E-03
  5.83984E-01  4.49658E-03
  5.87891E-01  4.40682E-03
  5.91797E-01  4.32175E-03
  5.95703E-01  4.23659E-03
  5.99609E-01  4.15576E-03
  6.03516E-01  4.07484E-03
  6.07422E-01  3.99794E-03
  6.11328E-01  3.92100E-03
  6.15234E-01  3.84799E-03
  6.19141E-01  3.77504E-03
  6.23047E-01  3.70598E-03
  6.26953E-01  3.63686E-03
  6.30859E-01  3.57110E-03
  6.34766E-01  3.50524E-03
  6.38672E-01  3.44241E-03
  6.42578E-01  3.37954E-03
  6.46484E-01  3.31962E-03
  6.50391E-01  3.25970E-03
  6.54297E-01  3.20265E-03
  6.58203E-01  3.14559E-03
  6.62109E-01  3.09122E-03
  6.66016E-01  3.03683E-03
  6.69922E-01  2.98497E-03
  6.73828E-01  2.93306E-03
  6.77734E-01  2.88352E-03
  6.81641E-01  2.83394E-03
  6.85547E-01  2.78662E-03
  6.89453E-01  2.73927E-03
  6.93359E-01  2.69406E-03
  6.97266E-01  2.64882E-03
  7.01172E-01  2.60561E-03
  7.05078E-01  2.56237E-03
  7.08984E-01  2.52100E-03
  7.12891E-01  2.47961E-03
  7.16797E-01  2.44004E-03
  7.20703E-01  2.40043E-03
  7.24609E-01  2.36246E-03
  7.28516E-01  2.32451E-03
  7.32422E-01  2.28830E-03
  7.36328E-01  2.25202E-03
  7.40234E-01  2.21698E-03
  7.44141E-01  2.18264E-03
  7.48047E-01  2.14857E-03
  7.51953E-01  2.11582E-03
  7.55859E-01  2.08313E-03
  7.59766E-01  2.05186E-03
  7.63672E-01  2.02059E-03
  7.67578E-01  1.99052E-03
  7.71484E-01  1.96041E-03
  7.75391E-01  1.93142E-03
  7.79297E-01  1.90242E-03
  7.83203E-01  1.87455E-03
  7.87109E-01  1.84673E-03
  7.91016E-01  1.82007E-03
  7.94922E-01  1.79343E-03
  7.98828E-01  1.76783E-03
  8.02734E-01  1.74223E-03
  8.06641E-01  1.71765E-03
  8.10547E-01  1.69303E-03
  8.14453E-01  1.66926E-03
  8.18359E-01  1.64549E-03
  8.22266E-01  1.62258E-03
  8.26172E-01  1.59973E-03
  8.30078E-01  1.57777E-03
  8.33984E-01  1.55582E-03
  8.37891E-01  1.53461E-03
  8.41797E-01  1.51339E-03
  8.45703E-01  1.49295E-03
  8.49609E-01  1.47253E-03
  8.53516E-01  1.45292E-03
  8.57422E-01  1.43329E-03
  8.61328E-01  1.41431E-03
  8.65234E-01  1.39538E-03
  8.69141E-01  1.37717E-03
  8.73047E-01  1.35891E-03
  8.76953E-01  1.34115E-03
  8.80859E-01  1.32383E-03
  8.84766E-01  1.30655E-03
  8.88672E-01  1.28977E-03
  8.92578E-01  1.27341E-03
  8.96484E-01  1.25703E-03
  9.00391E-01  1.24106E-03
  9.04297E-01  1.22529E-03
  9.08203E-01  1.20989E-03
  9.12109E-01  1.19466E-03
  9.16016E-01  1.17981E-03
  9.19922E-01  1.16514E-03
  9.23828E-01  1.15084E-03
  9.27734E-01  1.13691E-03
  9.31641E-01  1.12296E-03
  9.35547E-01  1.10938E-03
  9.39453E-01  1.09608E-03
  9.43359E-01  1.08286E-03
  9.47266E-01  1.07005E-03
  9.51172E-01  1.05740E-03
  9.55078E-01  1.04485E-03
  9.58984E-01  1.03283E-03
  9.62891E-01  1.02096E-03
  9.66797E-01  1.00940E-03
  9.70703E-01  9.98106E-04
  9.74609E-01  9.86821E-04
  9.78516E-01  9.76056E-04
  9.82422E-01  9.65610E-04
  9.86328E-01  9.55517E-04
  9.90234E-01  9.46247E-04
  9.94141E-01  9.38372E-04
  9.98047E-01  9.34678E-04
  1.00195E+00  9.34678E-04
