 -1.95312E-03  9.28946E+00
  1.95312E-03  9.28955E+00
  5.85938E-03  9.28844E+00
  9.76562E-03  9.28670E+00
  1.36719E-02  9.28428E+00
  1.75781E-02  9.28117E+00
  2.14844E-02  9.27738E+00
  2.53906E-02  9.27291E+00
  2.92969E-02  9.26775E+00
  3.32031E-02  9.26192E+00
  3.71094E-02  9.25542E+00
  4.10156E-02  9.24825E+00
  4.49219E-02  9.24041E+00
  4.88281E-02  9.23191E+00
  5.27344E-02  9.22274E+00
  5.66406E-02  9.21290E+00
  6.05469E-02  9.20240E+00
  6.44531E-02  9.19124E+00
  6.83594E-02  9.17942E+00
  7.22656E-02  9.16694E+00
  7.61719E-02  9.15380E+00
  8.00781E-02  9.14000E+00
  8.39844E-02  9.12553E+00
  8.78906E-02  9.11040E+00
  9.17969E-02  9.09461E+00
  9.57031E-02  9.07816E+00
  9.96094E-02  9.06103E+00
  1.03516E-01  9.04324E+00
  1.07422E-01  9.02478E+00
  1.11328E-01  9.00564E+00
  1.15234E-01  8.98583E+00
  1.19141E-01  8.96535E+00
  1.23047E-01  8.94418E+00
  1.26953E-01  8.92233E+00
  1.30859E-01  8.89978E+00
  1.34766E-01  8.87654E+00
  1.38672E-01  8.85260E+00
  1.42578E-01  8.82796E+00
  1.46484E-01  8.80261E+00
  1.50391E-01  8.77655E+00
  1.54297E-01  8.74976E+00
  1.58203E-01  8.72224E+00
  1.62109E-01  8.69399E+00
  1.66016E-01  8.66499E+00
  1.69922E-01  8.63523E+00
  1.73828E-01  8.60472E+00
  1.77734E-01  8.57343E+00
  1.81641E-01  8.54137E+00
  1.85547E-01  8.50850E+00
  1.89453E-01  8.47483E+00
  1.93359E-01  8.44034E+00
  1.97266E-01  8.40502E+00
  2.01172E-01  8.36886E+00
  2.05078E-01  8.33185E+00
  2.08984E-01  8.29397E+00
  2.12891E-01  8.25520E+00
  2.16797E-01  8.21552E+00
  2.20703E-01  8.17492E+00
  2.24609E-01  8.13338E+00
  2.28516E-01  8.09088E+00
  2.32422E-01  8.04739E+00
  2.36328E-01  8.00289E+00
  2.40234E-01  7.95735E+00
  2.44141E-01  7.91075E+00
  2.48047E-01  7.86306E+00
  2.51953E-01  7.81425E+00
  2.55859E-01  7.76428E+00
  2.59766E-01  7.71313E+00
  2.63672E-01  7.66075E+00
  2.67578E-01  7.60711E+00
  2.71484E-01  7.55216E+00
  2.75391E-01  7.49586E+00
  2.79297E-01  7.43816E+00
  2.83203E-01  7.37900E+00
  2.87109E-01  7.31833E+00
  2.91016E-01  7.25608E+00
  2.94922E-01  7.19219E+00
  2.98828E-01  7.12657E+00
  3.02734E-01  7.05914E+00
  3.06641E-01  6.98983E+00
  3.10547E-01  6.91851E+00
  3.14453E-01  6.84511E+00
  3.18359E-01  6.76948E+00
  3.22266E-01  6.69149E+00
  3.26172E-01  6.61100E+00
  3.30078E-01  6.52784E+00
  3.33984E-01  6.44184E+00
  3.37891E-01  6.35276E+00
  3.41797E-01  6.26037E+00
  3.45703E-01  6.16439E+00
  3.49609E-01  6.06436E+00
  3.53516E-01  5.95568E+00
  3.57422E-01  5.72903E+00
  3.61328E-01  1.03295E-02
  3.65234E-01  1.00804E-02
  3.69141E-01  9.75790E-03
  3.73047E-01  9.46194E-03
  3.76953E-01  9.16551E-03
  3.80859E-01  8.89294E-03
  3.84766E-01  8.61996E-03
  3.88672E-01  8.36873E-03
  3.92578E-01  8.11713E-03
  3.96484E-01  7.88511E-03
  4.00391E-01  7.65278E-03
  4.04297E-01  7.43819E-03
  4.08203E-01  7.22331E-03
  4.12109E-01  7.02445E-03
  4.16016E-01  6.82533E-03
  4.19922E-01  6.64076E-03
  4.23828E-01  6.45597E-03
  4.27734E-01  6.28452E-03
  4.31641E-01  6.11288E-03
  4.35547E-01  5.95343E-03
  4.39453E-01  5.79379E-03
  4.43359E-01  5.64533E-03
  4.47266E-01  5.49668E-03
  4.51172E-01  5.35812E-03
  4.55078E-01  5.21939E-03
  4.58984E-01  5.08994E-03
  4.62891E-01  4.96034E-03
  4.66797E-01  4.83932E-03
  4.70703E-01  4.71818E-03
  4.74609E-01  4.60499E-03
  4.78516E-01  4.49169E-03
  4.82422E-01  4.38576E-03
  4.86328E-01  4.27970E-03
  4.90234E-01  4.18039E-03
  4.94141E-01  4.08096E-03
  4.98047E-01  3.98757E-03
  5.01953E-01  3.89409E-03
  5.05859E-01  3.80627E-03
  5.09766E-01  3.71839E-03
  5.13672E-01  3.63578E-03
  5.17578E-01  3.55311E-03
  5.21484E-01  3.47536E-03
  5.25391E-01  3.39756E-03
  5.29297E-01  3.32435E-03
  5.33203E-01  3.25106E-03
  5.37109E-01  3.18199E-03
  5.41016E-01  3.11285E-03
  5.44922E-01  3.04764E-03
  5.48828E-01  2.98237E-03
  5.52734E-01  2.92078E-03
  5.56641E-01  2.85914E-03
  5.60547E-01  2.80091E-03
  5.64453E-01  2.74264E-03
  5.68359E-01  2.68753E-03
  5.72266E-01  2.63239E-03
  5.76172E-01  2.58021E-03
  5.80078E-01  2.52799E-03
  5.83984E-01  2.47853E-03
  5.87891E-01  2.42904E-03
  5.91797E-01  2.38212E-03
  5.95703E-01  2.33517E-03
  5.99609E-01  2.29064E-03
  6.03516E-01  2.24609E-03
  6.07422E-01  2.20381E-03
  6.11328E-01  2.16151E-03
  6.15234E-01  2.12134E-03
  6.19141E-01  2.08116E-03
  6.23047E-01  2.04299E-03
  6.26953E-01  2.00478E-03
  6.30859E-01  1.96844E-03
  6.34766E-01  1.93207E-03
  6.38672E-01  1.89747E-03
  6.42578E-01  1.86285E-03
  6.46484E-01  1.82992E-03
  6.50391E-01  1.79696E-03
  6.54297E-01  1.76555E-03
  6.58203E-01  1.73412E-03
  6.62109E-01  1.70410E-03
  6.66016E-01  1.67408E-03
  6.69922E-01  1.64544E-03
  6.73828E-01  1.61681E-03
  6.77734E-01  1.58952E-03
  6.81641E-01  1.56222E-03
  6.85547E-01  1.53619E-03
  6.89453E-01  1.51014E-03
  6.93359E-01  1.48528E-03
  6.97266E-01  1.46040E-03
  7.01172E-01  1.43662E-03
  7.05078E-01  1.41281E-03
  7.08984E-01  1.39001E-03
  7.12891E-01  1.36719E-03
  7.16797E-01  1.34535E-03
  7.20703E-01  1.32349E-03
  7.24609E-01  1.30258E-03
  7.28516E-01  1.28166E-03
  7.32422E-01  1.26164E-03
  7.36328E-01  1.24160E-03
  7.40234E-01  1.22241E-03
  7.44141E-01  1.20321E-03
  7.48047E-01  1.18481E-03
  7.51953E-01  1.16640E-03
  7.55859E-01  1.14874E-03
  7.59766E-01  1.13108E-03
  7.63672E-01  1.11415E-03
  7.67578E-01  1.09721E-03
  7.71484E-01  1.08097E-03
  7.75391E-01  1.06472E-03
  7.79297E-01  1.04912E-03
  7.83203E-01  1.03350E-03
  7.87109E-01  1.01849E-03
  7.91016E-01  1.00347E-03
  7.94922E-01  9.89056E-04
  7.98828E-01  9.74629E-04
  8.02734E-01  9.60746E-04
  8.06641E-01  9.46863E-04
  8.10547E-01  9.33534E-04
  8.14453E-01  9.20208E-04
  8.18359E-01  9.07365E-04
  8.22266E-01  8.94522E-04
  8.26172E-01  8.82187E-04
  8.30078E-01  8.69832E-04
  8.33984E-01  8.57820E-04
  8.37891E-01  8.46061E-04
  8.41797E-01  8.34364E-04
  8.45703E-01  8.23075E-04
  8.49609E-01  8.11785E-04
  8.53516E-01  8.00924E-04
  8.57422E-01  7.90067E-04
  8.61328E-01  7.79627E-04
  8.65234E-01  7.69177E-04
  8.69141E-01  7.59099E-04
  8.73047E-01  7.49013E-04
  8.76953E-01  7.39302E-04
  8.80859E-01  7.29607E-04
  8.84766E-01  7.20275E-04
  8.88672E-01  7.10919E-04
  8.92578E-01  7.01842E-04
  8.96484E-01  6.92773E-04
  9.00391E-01  6.84026E-04
  9.04297E-01  6.75319E-04
  9.08203E-01  6.66865E-04
  9.12109E-01  6.58429E-04
  9.16016E-01  6.50323E-04
  9.19922E-01  6.42237E-04
  9.23828E-01  6.34264E-04
  9.27734E-01  6.26491E-04
  9.31641E-01  6.18910E-04
  9.35547E-01  6.11422E-04
  9.39453E-01  6.04100E-04
  9.43359E-01  5.96846E-04
  9.47266E-01  5.89883E-04
  9.51172E-01  5.82897E-04
  9.55078E-01  5.75976E-04
  9.58984E-01  5.69289E-04
  9.62891E-01  5.62752E-04
  9.66797E-01  5.56261E-04
  9.70703E-01  5.49973E-04
  9.74609E-01  5.43955E-04
  9.78516E-01  5.37961E-04
  9.82422E-01  5.32148E-04
  9.86328E-01  5.26721E-04
  9.90234E-01  5.21570E-04
  9.94141E-01  5.17205E-04
  9.98047E-01  5.15168E-04
  1.00195E+00  5.15168E-04
