 -1.95312E-03  2.58849E+00
  1.95312E-03  2.58849E+00
  5.85938E-03  2.58840E+00
  9.76562E-03  2.58822E+00
  1.36719E-02  2.58795E+00
  1.75781E-02  2.58759E+00
  2.14844E-02  2.58714E+00
  2.53906E-02  2.58661E+00
  2.92969E-02  2.58599E+00
  3.32031E-02  2.58529E+00
  3.71094E-02  2.58450E+00
  4.10156E-02  2.58362E+00
  4.49219E-02  2.58266E+00
  4.88281E-02  2.58161E+00
  5.27344E-02  2.58048E+00
  5.66406E-02  2.57927E+00
  6.05469E-02  2.57798E+00
  6.44531E-02  2.57660E+00
  6.83594E-02  2.57514E+00
  7.22656E-02  2.57361E+00
  7.61719E-02  2.57199E+00
  8.00781E-02  2.57029E+00
  8.39844E-02  2.56850E+00
  8.78906E-02  2.56665E+00
  9.17969E-02  2.56471E+00
  9.57031E-02  2.56269E+00
  9.96094E-02  2.56059E+00
  1.03516E-01  2.55842E+00
  1.07422E-01  2.55616E+00
  1.11328E-01  2.55383E+00
  1.15234E-01  2.55142E+00
  1.19141E-01  2.54894E+00
  1.23047E-01  2.54638E+00
  1.26953E-01  2.54374E+00
  1.30859E-01  2.54103E+00
  1.34766E-01  2.53824E+00
  1.38672E-01  2.53537E+00
  1.42578E-01  2.53243E+00
  1.46484E-01  2.52942E+00
  1.50391E-01  2.52632E+00
  1.54297E-01  2.52316E+00
  1.58203E-01  2.51992E+00
  1.62109E-01  2.51660E+00
  1.66016E-01  2.51321E+00
  1.69922E-01  2.50975E+00
  1.73828E-01  2.50621E+00
  1.77734E-01  2.50260E+00
  1.81641E-01  2.49891E+00
  1.85547E-01  2.49515E+00
  1.89453E-01  2.49132E+00
  1.93359E-01  2.48741E+00
  1.97266E-01  2.48343E+00
  2.01172E-01  2.47938E+00
  2.05078E-01  2.47525E+00
  2.08984E-01  2.47105E+00
  2.12891E-01  2.46678E+00
  2.16797E-01  2.46243E+00
  2.20703E-01  2.45801E+00
  2.24609E-01  2.45352E+00
  2.28516E-01  2.44895E+00
  2.32422E-01  2.44431E+00
  2.36328E-01  2.43960E+00
  2.40234E-01  2.43482E+00
  2.44141E-01  2.42996E+00
  2.48047E-01  2.42502E+00
  2.51953E-01  2.42002E+00
  2.55859E-01  2.41494E+00
  2.59766E-01  2.40979E+00
  2.63672E-01  2.40457E+00
  2.67578E-01  2.39927E+00
  2.71484E-01  2.39390E+00
  2.75391E-01  2.38845E+00
  2.79297E-01  2.38293E+00
  2.83203E-01  2.37734E+00
  2.87109E-01  2.37167E+00
  2.91016E-01  2.36593E+00
  2.94922E-01  2.36011E+00
  2.98828E-01  2.35422E+00
  3.02734E-01  2.34825E+00
  3.06641E-01  2.34221E+00
  3.10547E-01  2.33609E+00
  3.14453E-01  2.32990E+00
  3.18359E-01  2.32363E+00
  3.22266E-01  2.31729E+00
  3.26172E-01  2.31087E+00
  3.30078E-01  2.30437E+00
  3.33984E-01  2.29780E+00
  3.37891E-01  2.29115E+00
  3.41797E-01  2.28442E+00
  3.45703E-01  2.27761E+00
  3.49609E-01  2.27073E+00
  3.53516E-01  2.26377E+00
  3.57422E-01  2.25673E+00
  3.61328E-01  2.24961E+00
  3.65234E-01  2.24240E+00
  3.69141E-01  2.23512E+00
  3.73047E-01  2.22776E+00
  3.76953E-01  2.22032E+00
  3.80859E-01  2.21279E+00
  3.84766E-01  2.20518E+00
  3.88672E-01  2.19749E+00
  3.92578E-01  2.18971E+00
  3.96484E-01  2.18185E+00
  4.00391E-01  2.17391E+00
  4.04297E-01  2.16588E+00
  4.08203E-01  2.15776E+00
  4.12109E-01  2.14956E+00
  4.16016E-01  2.14126E+00
  4.19922E-01  2.13288E+00
  4.23828E-01  2.12441E+00
  4.27734E-01  2.11585E+00
  4.31641E-01  2.10720E+00
  4.35547E-01  2.09846E+00
  4.39453E-01  2.08962E+00
  4.43359E-01  2.08069E+00
  4.47266E-01  2.07166E+00
  4.51172E-01  2.06254E+00
  4.55078E-01  2.05332E+00
  4.58984E-01  2.04400E+00
  4.62891E-01  2.03458E+00
  4.66797E-01  2.02506E+00
  4.70703E-01  2.01543E+00
  4.74609E-01  2.00571E+00
  4.78516E-01  1.99587E+00
  4.82422E-01  1.98593E+00
  4.86328E-01  1.97588E+00
  4.90234E-01  1.96572E+00
  4.94141E-01  1.95545E+00
  4.98047E-01  1.94506E+00
  5.01953E-01  1.93456E+00
  5.05859E-01  1.92394E+00
  5.09766E-01  1.91320E+00
  5.13672E-01  1.90234E+00
  5.17578E-01  1.89136E+00
  5.21484E-01  1.88025E+00
  5.25391E-01  1.86900E+00
  5.29297E-01  1.85763E+00
  5.33203E-01  1.84612E+00
  5.37109E-01  1.83448E+00
  5.41016E-01  1.82269E+00
  5.44922E-01  1.81076E+00
  5.48828E-01  1.79868E+00
  5.52734E-01  1.78646E+00
  5.56641E-01  1.77407E+00
  5.60547E-01  1.76153E+00
  5.64453E-01  1.74882E+00
  5.68359E-01  1.73595E+00
  5.72266E-01  1.72291E+00
  5.76172E-01  1.70968E+00
  5.80078E-01  1.69628E+00
  5.83984E-01  1.68269E+00
  5.87891E-01  1.66890E+00
  5.91797E-01  1.65491E+00
  5.95703E-01  1.64072E+00
  5.99609E-01  1.62631E+00
  6.03516E-01  1.61167E+00
  6.07422E-01  1.59681E+00
  6.11328E-01  1.58170E+00
  6.15234E-01  1.56635E+00
  6.19141E-01  1.55073E+00
  6.23047E-01  1.53485E+00
  6.26953E-01  1.51867E+00
  6.30859E-01  1.50220E+00
  6.34766E-01  1.48541E+00
  6.38672E-01  1.46829E+00
  6.42578E-01  1.45083E+00
  6.46484E-01  1.43300E+00
  6.50391E-01  1.41477E+00
  6.54297E-01  1.39614E+00
  6.58203E-01  1.37706E+00
  6.62109E-01  1.35751E+00
  6.66016E-01  1.33746E+00
  6.69922E-01  1.31687E+00
  6.73828E-01  1.29568E+00
  6.77734E-01  1.27386E+00
  6.81641E-01  1.25135E+00
  6.85547E-01  1.22807E+00
  6.89453E-01  1.20395E+00
  6.93359E-01  1.17889E+00
  6.97266E-01  1.15279E+00
  7.01172E-01  1.12550E+00
  7.05078E-01  1.09684E+00
  7.08984E-01  1.06660E+00
  7.12891E-01  1.03450E+00
  7.16797E-01  1.00008E+00
  7.20703E-01  9.62182E-01
  7.24609E-01  9.13531E-01
  7.28516E-01  8.04730E-01
  7.32422E-01  1.51038E-07
  7.36328E-01  1.49248E-07
  7.40234E-01  1.46886E-07
  7.44141E-01  1.44627E-07
  7.48047E-01  1.42365E-07
  7.51953E-01  1.40198E-07
  7.55859E-01  1.38030E-07
  7.59766E-01  1.35950E-07
  7.63672E-01  1.33869E-07
  7.67578E-01  1.31874E-07
  7.71484E-01  1.29877E-07
  7.75391E-01  1.27960E-07
  7.79297E-01  1.26041E-07
  7.83203E-01  1.24200E-07
  7.87109E-01  1.22359E-07
  7.91016E-01  1.20590E-07
  7.94922E-01  1.18818E-07
  7.98828E-01  1.17117E-07
  8.02734E-01  1.15414E-07
  8.06641E-01  1.13778E-07
  8.10547E-01  1.12141E-07
  8.14453E-01  1.10567E-07
  8.18359E-01  1.08992E-07
  8.22266E-01  1.07478E-07
  8.26172E-01  1.05962E-07
  8.30078E-01  1.04505E-07
  8.33984E-01  1.03047E-07
  8.37891E-01  1.01643E-07
  8.41797E-01  1.00238E-07
  8.45703E-01  9.88861E-08
  8.49609E-01  9.75333E-08
  8.53516E-01  9.62293E-08
  8.57422E-01  9.49262E-08
  8.61328E-01  9.36697E-08
  8.65234E-01  9.24135E-08
  8.69141E-01  9.12021E-08
  8.73047E-01  8.99910E-08
  8.76953E-01  8.88224E-08
  8.80859E-01  8.76548E-08
  8.84766E-01  8.65273E-08
  8.88672E-01  8.54013E-08
  8.92578E-01  8.43144E-08
  8.96484E-01  8.32267E-08
  9.00391E-01  8.21789E-08
  9.04297E-01  8.11302E-08
  9.08203E-01  8.01181E-08
  9.12109E-01  7.91059E-08
  9.16016E-01  7.81304E-08
  9.19922E-01  7.71539E-08
  9.23828E-01  7.62122E-08
  9.27734E-01  7.52694E-08
  9.31641E-01  7.43607E-08
  9.35547E-01  7.34516E-08
  9.39453E-01  7.25762E-08
  9.43359E-01  7.16997E-08
  9.47266E-01  7.08561E-08
  9.51172E-01  7.00115E-08
  9.55078E-01  6.91998E-08
  9.58984E-01  6.83871E-08
  9.62891E-01  6.76079E-08
  9.66797E-01  6.68278E-08
  9.70703E-01  6.60833E-08
  9.74609E-01  6.53379E-08
  9.78516E-01  6.46346E-08
  9.82422E-01  6.39309E-08
  9.86328E-01  6.32855E-08
  9.90234E-01  6.26422E-08
  9.94141E-01  6.21358E-08
  9.98047E-01  6.18916E-08
  1.00195E+00  6.18916E-08
