 -1.95312E-03  2.58890E+00
  1.95312E-03  2.58890E+00
  5.85938E-03  2.58881E+00
  9.76562E-03  2.58863E+00
  1.36719E-02  2.58836E+00
  1.75781E-02  2.58800E+00
  2.14844E-02  2.58756E+00
  2.53906E-02  2.58702E+00
  2.92969E-02  2.58640E+00
  3.32031E-02  2.58570E+00
  3.71094E-02  2.58491E+00
  4.10156E-02  2.58403E+00
  4.49219E-02  2.58307E+00
  4.88281E-02  2.58203E+00
  5.27344E-02  2.58090E+00
  5.66406E-02  2.57969E+00
  6.05469E-02  2.57839E+00
  6.44531E-02  2.57701E+00
  6.83594E-02  2.57556E+00
  7.22656E-02  2.57402E+00
  7.61719E-02  2.57240E+00
  8.00781E-02  2.57069E+00
  8.39844E-02  2.56891E+00
  8.78906E-02  2.56705E+00
  9.17969E-02  2.56511E+00
  9.57031E-02  2.56310E+00
  9.96094E-02  2.56100E+00
  1.03516E-01  2.55882E+00
  1.07422E-01  2.55657E+00
  1.11328E-01  2.55424E+00
  1.15234E-01  2.55183E+00
  1.19141E-01  2.54934E+00
  1.23047E-01  2.54678E+00
  1.26953E-01  2.54414E+00
  1.30859E-01  2.54143E+00
  1.34766E-01  2.53864E+00
  1.38672E-01  2.53577E+00
  1.42578E-01  2.53283E+00
  1.46484E-01  2.52981E+00
  1.50391E-01  2.52672E+00
  1.54297E-01  2.52355E+00
  1.58203E-01  2.52031E+00
  1.62109E-01  2.51699E+00
  1.66016E-01  2.51360E+00
  1.69922E-01  2.51014E+00
  1.73828E-01  2.50660E+00
  1.77734E-01  2.50299E+00
  1.81641E-01  2.49930E+00
  1.85547E-01  2.49554E+00
  1.89453E-01  2.49171E+00
  1.93359E-01  2.48780E+00
  1.97266E-01  2.48382E+00
  2.01172E-01  2.47977E+00
  2.05078E-01  2.47564E+00
  2.08984E-01  2.47144E+00
  2.12891E-01  2.46716E+00
  2.16797E-01  2.46282E+00
  2.20703E-01  2.45840E+00
  2.24609E-01  2.45390E+00
  2.28516E-01  2.44934E+00
  2.32422E-01  2.44470E+00
  2.36328E-01  2.43998E+00
  2.40234E-01  2.43520E+00
  2.44141E-01  2.43034E+00
  2.48047E-01  2.42541E+00
  2.51953E-01  2.42040E+00
  2.55859E-01  2.41532E+00
  2.59766E-01  2.41017E+00
  2.63672E-01  2.40494E+00
  2.67578E-01  2.39964E+00
  2.71484E-01  2.39427E+00
  2.75391E-01  2.38882E+00
  2.79297E-01  2.38330E+00
  2.83203E-01  2.37770E+00
  2.87109E-01  2.37203E+00
  2.91016E-01  2.36629E+00
  2.94922E-01  2.36047E+00
  2.98828E-01  2.35457E+00
  3.02734E-01  2.34860E+00
  3.06641E-01  2.34256E+00
  3.10547E-01  2.33644E+00
  3.14453E-01  2.33025E+00
  3.18359E-01  2.32397E+00
  3.22266E-01  2.31763E+00
  3.26172E-01  2.31120E+00
  3.30078E-01  2.30470E+00
  3.33984E-01  2.29812E+00
  3.37891E-01  2.29147E+00
  3.41797E-01  2.28473E+00
  3.45703E-01  2.27792E+00
  3.49609E-01  2.27103E+00
  3.53516E-01  2.26407E+00
  3.57422E-01  2.25702E+00
  3.61328E-01  2.24989E+00
  3.65234E-01  2.24269E+00
  3.69141E-01  2.23540E+00
  3.73047E-01  2.22803E+00
  3.76953E-01  2.22058E+00
  3.80859E-01  2.21305E+00
  3.84766E-01  2.20544E+00
  3.88672E-01  2.19774E+00
  3.92578E-01  2.18996E+00
  3.96484E-01  2.18209E+00
  4.00391E-01  2.17414E+00
  4.04297E-01  2.16610E+00
  4.08203E-01  2.15798E+00
  4.12109E-01  2.14977E+00
  4.16016E-01  2.14147E+00
  4.19922E-01  2.13308E+00
  4.23828E-01  2.12461E+00
  4.27734E-01  2.11604E+00
  4.31641E-01  2.10738E+00
  4.35547E-01  2.09863E+00
  4.39453E-01  2.08978E+00
  4.43359E-01  2.08084E+00
  4.47266E-01  2.07181E+00
  4.51172E-01  2.06267E+00
  4.55078E-01  2.05345E+00
  4.58984E-01  2.04412E+00
  4.62891E-01  2.03469E+00
  4.66797E-01  2.02516E+00
  4.70703E-01  2.01553E+00
  4.74609E-01  2.00580E+00
  4.78516E-01  1.99595E+00
  4.82422E-01  1.98601E+00
  4.86328E-01  1.97595E+00
  4.90234E-01  1.96578E+00
  4.94141E-01  1.95550E+00
  4.98047E-01  1.94511E+00
  5.01953E-01  1.93460E+00
  5.05859E-01  1.92397E+00
  5.09766E-01  1.91322E+00
  5.13672E-01  1.90235E+00
  5.17578E-01  1.89136E+00
  5.21484E-01  1.88024E+00
  5.25391E-01  1.86898E+00
  5.29297E-01  1.85760E+00
  5.33203E-01  1.84609E+00
  5.37109E-01  1.83443E+00
  5.41016E-01  1.82264E+00
  5.44922E-01  1.81070E+00
  5.48828E-01  1.79861E+00
  5.52734E-01  1.78637E+00
  5.56641E-01  1.77397E+00
  5.60547E-01  1.76142E+00
  5.64453E-01  1.74870E+00
  5.68359E-01  1.73582E+00
  5.72266E-01  1.72277E+00
  5.76172E-01  1.70953E+00
  5.80078E-01  1.69612E+00
  5.83984E-01  1.68251E+00
  5.87891E-01  1.66872E+00
  5.91797E-01  1.65472E+00
  5.95703E-01  1.64051E+00
  5.99609E-01  1.62608E+00
  6.03516E-01  1.61144E+00
  6.07422E-01  1.59656E+00
  6.11328E-01  1.58144E+00
  6.15234E-01  1.56607E+00
  6.19141E-01  1.55044E+00
  6.23047E-01  1.53453E+00
  6.26953E-01  1.51834E+00
  6.30859E-01  1.50185E+00
  6.34766E-01  1.48504E+00
  6.38672E-01  1.46791E+00
  6.42578E-01  1.45042E+00
  6.46484E-01  1.43257E+00
  6.50391E-01  1.41432E+00
  6.54297E-01  1.39566E+00
  6.58203E-01  1.37656E+00
  6.62109E-01  1.35699E+00
  6.66016E-01  1.33691E+00
  6.69922E-01  1.31628E+00
  6.73828E-01  1.29506E+00
  6.77734E-01  1.27320E+00
  6.81641E-01  1.25065E+00
  6.85547E-01  1.22733E+00
  6.89453E-01  1.20317E+00
  6.93359E-01  1.17806E+00
  6.97266E-01  1.15191E+00
  7.01172E-01  1.12457E+00
  7.05078E-01  1.09586E+00
  7.08984E-01  1.06556E+00
  7.12891E-01  1.03337E+00
  7.16797E-01  9.98855E-01
  7.20703E-01  9.60808E-01
  7.24609E-01  9.11843E-01
  7.28516E-01  8.02229E-01
  7.32422E-01  1.15237E-13
  7.36328E-01  1.13871E-13
  7.40234E-01  1.12072E-13
  7.44141E-01  1.10347E-13
  7.48047E-01  1.08622E-13
  7.51953E-01  1.06968E-13
  7.55859E-01  1.05313E-13
  7.59766E-01  1.03726E-13
  7.63672E-01  1.02138E-13
  7.67578E-01  1.00615E-13
  7.71484E-01  9.90910E-14
  7.75391E-01  9.76294E-14
  7.79297E-01  9.61668E-14
  7.83203E-01  9.47626E-14
  7.87109E-01  9.33572E-14
  7.91016E-01  9.20080E-14
  7.94922E-01  9.06579E-14
  7.98828E-01  8.93601E-14
  8.02734E-01  8.80618E-14
  8.06641E-01  8.68143E-14
  8.10547E-01  8.55653E-14
  8.14453E-01  8.43649E-14
  8.18359E-01  8.31638E-14
  8.22266E-01  8.20080E-14
  8.26172E-01  8.08521E-14
  8.30078E-01  7.97394E-14
  8.33984E-01  7.86259E-14
  8.37891E-01  7.75548E-14
  8.41797E-01  7.64828E-14
  8.45703E-01  7.54503E-14
  8.49609E-01  7.44184E-14
  8.53516E-01  7.34235E-14
  8.57422E-01  7.24281E-14
  8.61328E-01  7.14702E-14
  8.65234E-01  7.05115E-14
  8.69141E-01  6.95872E-14
  8.73047E-01  6.86622E-14
  8.76953E-01  6.77710E-14
  8.80859E-01  6.68799E-14
  8.84766E-01  6.60209E-14
  8.88672E-01  6.51610E-14
  8.92578E-01  6.43322E-14
  8.96484E-01  6.35024E-14
  9.00391E-01  6.27026E-14
  9.04297E-01  6.19020E-14
  9.08203E-01  6.11303E-14
  9.12109E-01  6.03579E-14
  9.16016E-01  5.96132E-14
  9.19922E-01  5.88681E-14
  9.23828E-01  5.81497E-14
  9.27734E-01  5.74306E-14
  9.31641E-01  5.67370E-14
  9.35547E-01  5.60435E-14
  9.39453E-01  5.53755E-14
  9.43359E-01  5.47067E-14
  9.47266E-01  5.40627E-14
  9.51172E-01  5.34186E-14
  9.55078E-01  5.27991E-14
  9.58984E-01  5.21791E-14
  9.62891E-01  5.15848E-14
  9.66797E-01  5.09895E-14
  9.70703E-01  5.04218E-14
  9.74609E-01  4.98532E-14
  9.78516E-01  4.93164E-14
  9.82422E-01  4.87792E-14
  9.86328E-01  4.82863E-14
  9.90234E-01  4.77953E-14
  9.94141E-01  4.74098E-14
  9.98047E-01  4.72230E-14
  1.00195E+00  4.72230E-14
