 -1.95312E-03  2.58851E+00
  1.95312E-03  2.58851E+00
  5.85938E-03  2.58842E+00
  9.76562E-03  2.58824E+00
  1.36719E-02  2.58797E+00
  1.75781E-02  2.58762E+00
  2.14844E-02  2.58717E+00
  2.53906E-02  2.58664E+00
  2.92969E-02  2.58602E+00
  3.32031E-02  2.58531E+00
  3.71094E-02  2.58452E+00
  4.10156E-02  2.58364E+00
  4.49219E-02  2.58268E+00
  4.88281E-02  2.58164E+00
  5.27344E-02  2.58051E+00
  5.66406E-02  2.57930E+00
  6.05469E-02  2.57800E+00
  6.44531E-02  2.57663E+00
  6.83594E-02  2.57517E+00
  7.22656E-02  2.57363E+00
  7.61719E-02  2.57201E+00
  8.00781E-02  2.57031E+00
  8.39844E-02  2.56853E+00
  8.78906E-02  2.56667E+00
  9.17969E-02  2.56473E+00
  9.57031E-02  2.56271E+00
  9.96094E-02  2.56062E+00
  1.03516E-01  2.55844E+00
  1.07422E-01  2.55619E+00
  1.11328E-01  2.55386E+00
  1.15234E-01  2.55145E+00
  1.19141E-01  2.54897E+00
  1.23047E-01  2.54641E+00
  1.26953E-01  2.54377E+00
  1.30859E-01  2.54105E+00
  1.34766E-01  2.53826E+00
  1.38672E-01  2.53540E+00
  1.42578E-01  2.53246E+00
  1.46484E-01  2.52944E+00
  1.50391E-01  2.52635E+00
  1.54297E-01  2.52318E+00
  1.58203E-01  2.51994E+00
  1.62109E-01  2.51663E+00
  1.66016E-01  2.51324E+00
  1.69922E-01  2.50977E+00
  1.73828E-01  2.50623E+00
  1.77734E-01  2.50262E+00
  1.81641E-01  2.49894E+00
  1.85547E-01  2.49518E+00
  1.89453E-01  2.49134E+00
  1.93359E-01  2.48744E+00
  1.97266E-01  2.48346E+00
  2.01172E-01  2.47940E+00
  2.05078E-01  2.47528E+00
  2.08984E-01  2.47108E+00
  2.12891E-01  2.46680E+00
  2.16797E-01  2.46246E+00
  2.20703E-01  2.45804E+00
  2.24609E-01  2.45354E+00
  2.28516E-01  2.44898E+00
  2.32422E-01  2.44434E+00
  2.36328E-01  2.43963E+00
  2.40234E-01  2.43484E+00
  2.44141E-01  2.42998E+00
  2.48047E-01  2.42505E+00
  2.51953E-01  2.42005E+00
  2.55859E-01  2.41497E+00
  2.59766E-01  2.40982E+00
  2.63672E-01  2.40459E+00
  2.67578E-01  2.39929E+00
  2.71484E-01  2.39392E+00
  2.75391E-01  2.38847E+00
  2.79297E-01  2.38295E+00
  2.83203E-01  2.37736E+00
  2.87109E-01  2.37169E+00
  2.91016E-01  2.36595E+00
  2.94922E-01  2.36013E+00
  2.98828E-01  2.35424E+00
  3.02734E-01  2.34827E+00
  3.06641E-01  2.34223E+00
  3.10547E-01  2.33612E+00
  3.14453E-01  2.32992E+00
  3.18359E-01  2.32366E+00
  3.22266E-01  2.31731E+00
  3.26172E-01  2.31089E+00
  3.30078E-01  2.30439E+00
  3.33984E-01  2.29782E+00
  3.37891E-01  2.29117E+00
  3.41797E-01  2.28444E+00
  3.45703E-01  2.27764E+00
  3.49609E-01  2.27075E+00
  3.53516E-01  2.26379E+00
  3.57422E-01  2.25675E+00
  3.61328E-01  2.24962E+00
  3.65234E-01  2.24242E+00
  3.69141E-01  2.23514E+00
  3.73047E-01  2.22778E+00
  3.76953E-01  2.22033E+00
  3.80859E-01  2.21281E+00
  3.84766E-01  2.20520E+00
  3.88672E-01  2.19750E+00
  3.92578E-01  2.18973E+00
  3.96484E-01  2.18187E+00
  4.00391E-01  2.17392E+00
  4.04297E-01  2.16589E+00
  4.08203E-01  2.15777E+00
  4.12109E-01  2.14957E+00
  4.16016E-01  2.14128E+00
  4.19922E-01  2.13289E+00
  4.23828E-01  2.12442E+00
  4.27734E-01  2.11586E+00
  4.31641E-01  2.10721E+00
  4.35547E-01  2.09847E+00
  4.39453E-01  2.08963E+00
  4.43359E-01  2.08070E+00
  4.47266E-01  2.07167E+00
  4.51172E-01  2.06255E+00
  4.55078E-01  2.05332E+00
  4.58984E-01  2.04400E+00
  4.62891E-01  2.03458E+00
  4.66797E-01  2.02506E+00
  4.70703E-01  2.01544E+00
  4.74609E-01  2.00571E+00
  4.78516E-01  1.99588E+00
  4.82422E-01  1.98594E+00
  4.86328E-01  1.97588E+00
  4.90234E-01  1.96572E+00
  4.94141E-01  1.95545E+00
  4.98047E-01  1.94506E+00
  5.01953E-01  1.93456E+00
  5.05859E-01  1.92394E+00
  5.09766E-01  1.91320E+00
  5.13672E-01  1.90234E+00
  5.17578E-01  1.89135E+00
  5.21484E-01  1.88024E+00
  5.25391E-01  1.86900E+00
  5.29297E-01  1.85763E+00
  5.33203E-01  1.84612E+00
  5.37109E-01  1.83447E+00
  5.41016E-01  1.82269E+00
  5.44922E-01  1.81076E+00
  5.48828E-01  1.79868E+00
  5.52734E-01  1.78645E+00
  5.56641E-01  1.77406E+00
  5.60547E-01  1.76152E+00
  5.64453E-01  1.74881E+00
  5.68359E-01  1.73594E+00
  5.72266E-01  1.72289E+00
  5.76172E-01  1.70967E+00
  5.80078E-01  1.69627E+00
  5.83984E-01  1.68267E+00
  5.87891E-01  1.66889E+00
  5.91797E-01  1.65490E+00
  5.95703E-01  1.64070E+00
  5.99609E-01  1.62629E+00
  6.03516E-01  1.61166E+00
  6.07422E-01  1.59679E+00
  6.11328E-01  1.58169E+00
  6.15234E-01  1.56633E+00
  6.19141E-01  1.55072E+00
  6.23047E-01  1.53483E+00
  6.26953E-01  1.51865E+00
  6.30859E-01  1.50218E+00
  6.34766E-01  1.48539E+00
  6.38672E-01  1.46828E+00
  6.42578E-01  1.45081E+00
  6.46484E-01  1.43298E+00
  6.50391E-01  1.41475E+00
  6.54297E-01  1.39611E+00
  6.58203E-01  1.37704E+00
  6.62109E-01  1.35749E+00
  6.66016E-01  1.33744E+00
  6.69922E-01  1.31684E+00
  6.73828E-01  1.29565E+00
  6.77734E-01  1.27383E+00
  6.81641E-01  1.25131E+00
  6.85547E-01  1.22803E+00
  6.89453E-01  1.20391E+00
  6.93359E-01  1.17885E+00
  6.97266E-01  1.15274E+00
  7.01172E-01  1.12545E+00
  7.05078E-01  1.09679E+00
  7.08984E-01  1.06656E+00
  7.12891E-01  1.03445E+00
  7.16797E-01  1.00004E+00
  7.20703E-01  9.62132E-01
  7.24609E-01  9.13470E-01
  7.28516E-01  8.04653E-01
  7.32422E-01  4.66795E-08
  7.36328E-01  4.61264E-08
  7.40234E-01  4.53980E-08
  7.44141E-01  4.47000E-08
  7.48047E-01  4.40013E-08
  7.51953E-01  4.33317E-08
  7.55859E-01  4.26620E-08
  7.59766E-01  4.20191E-08
  7.63672E-01  4.13769E-08
  7.67578E-01  4.07596E-08
  7.71484E-01  4.01428E-08
  7.75391E-01  3.95497E-08
  7.79297E-01  3.89575E-08
  7.83203E-01  3.83876E-08
  7.87109E-01  3.78188E-08
  7.91016E-01  3.72716E-08
  7.94922E-01  3.67243E-08
  7.98828E-01  3.61987E-08
  8.02734E-01  3.56728E-08
  8.06641E-01  3.51667E-08
  8.10547E-01  3.46610E-08
  8.14453E-01  3.41747E-08
  8.18359E-01  3.36881E-08
  8.22266E-01  3.32199E-08
  8.26172E-01  3.27513E-08
  8.30078E-01  3.23005E-08
  8.33984E-01  3.18496E-08
  8.37891E-01  3.14158E-08
  8.41797E-01  3.09816E-08
  8.45703E-01  3.05635E-08
  8.49609E-01  3.01452E-08
  8.53516E-01  2.97420E-08
  8.57422E-01  2.93389E-08
  8.61328E-01  2.89507E-08
  8.65234E-01  2.85623E-08
  8.69141E-01  2.81881E-08
  8.73047E-01  2.78136E-08
  8.76953E-01  2.74528E-08
  8.80859E-01  2.70915E-08
  8.84766E-01  2.67435E-08
  8.88672E-01  2.63953E-08
  8.92578E-01  2.60594E-08
  8.96484E-01  2.57234E-08
  9.00391E-01  2.53995E-08
  9.04297E-01  2.50752E-08
  9.08203E-01  2.47627E-08
  9.12109E-01  2.44499E-08
  9.16016E-01  2.41483E-08
  9.19922E-01  2.38464E-08
  9.23828E-01  2.35554E-08
  9.27734E-01  2.32641E-08
  9.31641E-01  2.29834E-08
  9.35547E-01  2.27025E-08
  9.39453E-01  2.24316E-08
  9.43359E-01  2.21609E-08
  9.47266E-01  2.19001E-08
  9.51172E-01  2.16389E-08
  9.55078E-01  2.13881E-08
  9.58984E-01  2.11370E-08
  9.62891E-01  2.08962E-08
  9.66797E-01  2.06550E-08
  9.70703E-01  2.04249E-08
  9.74609E-01  2.01945E-08
  9.78516E-01  1.99772E-08
  9.82422E-01  1.97595E-08
  9.86328E-01  1.95599E-08
  9.90234E-01  1.93610E-08
  9.94141E-01  1.92049E-08
  9.98047E-01  1.91292E-08
  1.00195E+00  1.91292E-08
