 -1.95312E-03  2.58870E+00
  1.95312E-03  2.58870E+00
  5.85938E-03  2.58861E+00
  9.76562E-03  2.58843E+00
  1.36719E-02  2.58816E+00
  1.75781E-02  2.58780E+00
  2.14844E-02  2.58736E+00
  2.53906E-02  2.58682E+00
  2.92969E-02  2.58621E+00
  3.32031E-02  2.58550E+00
  3.71094E-02  2.58471E+00
  4.10156E-02  2.58383E+00
  4.49219E-02  2.58287E+00
  4.88281E-02  2.58183E+00
  5.27344E-02  2.58070E+00
  5.66406E-02  2.57949E+00
  6.05469E-02  2.57819E+00
  6.44531E-02  2.57682E+00
  6.83594E-02  2.57536E+00
  7.22656E-02  2.57382E+00
  7.61719E-02  2.57220E+00
  8.00781E-02  2.57050E+00
  8.39844E-02  2.56872E+00
  8.78906E-02  2.56686E+00
  9.17969E-02  2.56492E+00
  9.57031E-02  2.56290E+00
  9.96094E-02  2.56080E+00
  1.03516E-01  2.55863E+00
  1.07422E-01  2.55637E+00
  1.11328E-01  2.55404E+00
  1.15234E-01  2.55163E+00
  1.19141E-01  2.54915E+00
  1.23047E-01  2.54659E+00
  1.26953E-01  2.54395E+00
  1.30859E-01  2.54123E+00
  1.34766E-01  2.53844E+00
  1.38672E-01  2.53558E+00
  1.42578E-01  2.53264E+00
  1.46484E-01  2.52962E+00
  1.50391E-01  2.52653E+00
  1.54297E-01  2.52336E+00
  1.58203E-01  2.52012E+00
  1.62109E-01  2.51680E+00
  1.66016E-01  2.51341E+00
  1.69922E-01  2.50995E+00
  1.73828E-01  2.50641E+00
  1.77734E-01  2.50280E+00
  1.81641E-01  2.49911E+00
  1.85547E-01  2.49535E+00
  1.89453E-01  2.49152E+00
  1.93359E-01  2.48761E+00
  1.97266E-01  2.48363E+00
  2.01172E-01  2.47958E+00
  2.05078E-01  2.47545E+00
  2.08984E-01  2.47125E+00
  2.12891E-01  2.46698E+00
  2.16797E-01  2.46263E+00
  2.20703E-01  2.45821E+00
  2.24609E-01  2.45372E+00
  2.28516E-01  2.44915E+00
  2.32422E-01  2.44451E+00
  2.36328E-01  2.43980E+00
  2.40234E-01  2.43502E+00
  2.44141E-01  2.43016E+00
  2.48047E-01  2.42522E+00
  2.51953E-01  2.42022E+00
  2.55859E-01  2.41514E+00
  2.59766E-01  2.40999E+00
  2.63672E-01  2.40476E+00
  2.67578E-01  2.39946E+00
  2.71484E-01  2.39409E+00
  2.75391E-01  2.38864E+00
  2.79297E-01  2.38312E+00
  2.83203E-01  2.37753E+00
  2.87109E-01  2.37186E+00
  2.91016E-01  2.36611E+00
  2.94922E-01  2.36030E+00
  2.98828E-01  2.35440E+00
  3.02734E-01  2.34844E+00
  3.06641E-01  2.34239E+00
  3.10547E-01  2.33628E+00
  3.14453E-01  2.33008E+00
  3.18359E-01  2.32381E+00
  3.22266E-01  2.31747E+00
  3.26172E-01  2.31105E+00
  3.30078E-01  2.30455E+00
  3.33984E-01  2.29797E+00
  3.37891E-01  2.29132E+00
  3.41797E-01  2.28459E+00
  3.45703E-01  2.27778E+00
  3.49609E-01  2.27089E+00
  3.53516E-01  2.26393E+00
  3.57422E-01  2.25688E+00
  3.61328E-01  2.24976E+00
  3.65234E-01  2.24256E+00
  3.69141E-01  2.23527E+00
  3.73047E-01  2.22791E+00
  3.76953E-01  2.22046E+00
  3.80859E-01  2.21293E+00
  3.84766E-01  2.20532E+00
  3.88672E-01  2.19763E+00
  3.92578E-01  2.18985E+00
  3.96484E-01  2.18198E+00
  4.00391E-01  2.17403E+00
  4.04297E-01  2.16600E+00
  4.08203E-01  2.15788E+00
  4.12109E-01  2.14967E+00
  4.16016E-01  2.14137E+00
  4.19922E-01  2.13299E+00
  4.23828E-01  2.12451E+00
  4.27734E-01  2.11595E+00
  4.31641E-01  2.10729E+00
  4.35547E-01  2.09854E+00
  4.39453E-01  2.08970E+00
  4.43359E-01  2.08077E+00
  4.47266E-01  2.07173E+00
  4.51172E-01  2.06261E+00
  4.55078E-01  2.05338E+00
  4.58984E-01  2.04406E+00
  4.62891E-01  2.03463E+00
  4.66797E-01  2.02511E+00
  4.70703E-01  2.01548E+00
  4.74609E-01  2.00575E+00
  4.78516E-01  1.99591E+00
  4.82422E-01  1.98597E+00
  4.86328E-01  1.97591E+00
  4.90234E-01  1.96575E+00
  4.94141E-01  1.95547E+00
  4.98047E-01  1.94508E+00
  5.01953E-01  1.93458E+00
  5.05859E-01  1.92395E+00
  5.09766E-01  1.91321E+00
  5.13672E-01  1.90234E+00
  5.17578E-01  1.89135E+00
  5.21484E-01  1.88024E+00
  5.25391E-01  1.86899E+00
  5.29297E-01  1.85761E+00
  5.33203E-01  1.84610E+00
  5.37109E-01  1.83445E+00
  5.41016E-01  1.82266E+00
  5.44922E-01  1.81072E+00
  5.48828E-01  1.79864E+00
  5.52734E-01  1.78641E+00
  5.56641E-01  1.77402E+00
  5.60547E-01  1.76147E+00
  5.64453E-01  1.74876E+00
  5.68359E-01  1.73588E+00
  5.72266E-01  1.72283E+00
  5.76172E-01  1.70960E+00
  5.80078E-01  1.69619E+00
  5.83984E-01  1.68259E+00
  5.87891E-01  1.66880E+00
  5.91797E-01  1.65480E+00
  5.95703E-01  1.64060E+00
  5.99609E-01  1.62618E+00
  6.03516E-01  1.61154E+00
  6.07422E-01  1.59667E+00
  6.11328E-01  1.58156E+00
  6.15234E-01  1.56619E+00
  6.19141E-01  1.55057E+00
  6.23047E-01  1.53467E+00
  6.26953E-01  1.51849E+00
  6.30859E-01  1.50200E+00
  6.34766E-01  1.48520E+00
  6.38672E-01  1.46808E+00
  6.42578E-01  1.45060E+00
  6.46484E-01  1.43275E+00
  6.50391E-01  1.41452E+00
  6.54297E-01  1.39586E+00
  6.58203E-01  1.37677E+00
  6.62109E-01  1.35720E+00
  6.66016E-01  1.33713E+00
  6.69922E-01  1.31651E+00
  6.73828E-01  1.29531E+00
  6.77734E-01  1.27346E+00
  6.81641E-01  1.25092E+00
  6.85547E-01  1.22762E+00
  6.89453E-01  1.20347E+00
  6.93359E-01  1.17839E+00
  6.97266E-01  1.15226E+00
  7.01172E-01  1.12493E+00
  7.05078E-01  1.09624E+00
  7.08984E-01  1.06597E+00
  7.12891E-01  1.03382E+00
  7.16797E-01  9.99346E-01
  7.20703E-01  9.61360E-01
  7.24609E-01  9.12531E-01
  7.28516E-01  8.03248E-01
  7.32422E-01  1.37907E-09
  7.36328E-01  1.36274E-09
  7.40234E-01  1.34121E-09
  7.44141E-01  1.32059E-09
  7.48047E-01  1.29994E-09
  7.51953E-01  1.28017E-09
  7.55859E-01  1.26038E-09
  7.59766E-01  1.24138E-09
  7.63672E-01  1.22238E-09
  7.67578E-01  1.20415E-09
  7.71484E-01  1.18591E-09
  7.75391E-01  1.16841E-09
  7.79297E-01  1.15090E-09
  7.83203E-01  1.13408E-09
  7.87109E-01  1.11727E-09
  7.91016E-01  1.10110E-09
  7.94922E-01  1.08493E-09
  7.98828E-01  1.06941E-09
  8.02734E-01  1.05387E-09
  8.06641E-01  1.03893E-09
  8.10547E-01  1.02398E-09
  8.14453E-01  1.00960E-09
  8.18359E-01  9.95225E-10
  8.22266E-01  9.81403E-10
  8.26172E-01  9.67567E-10
  8.30078E-01  9.54255E-10
  8.33984E-01  9.40931E-10
  8.37891E-01  9.28103E-10
  8.41797E-01  9.15270E-10
  8.45703E-01  9.02919E-10
  8.49609E-01  8.90560E-10
  8.53516E-01  8.78659E-10
  8.57422E-01  8.66753E-10
  8.61328E-01  8.55288E-10
  8.65234E-01  8.43814E-10
  8.69141E-01  8.32758E-10
  8.73047E-01  8.21691E-10
  8.76953E-01  8.11034E-10
  8.80859E-01  8.00367E-10
  8.84766E-01  7.90078E-10
  8.88672E-01  7.79794E-10
  8.92578E-01  7.69871E-10
  8.96484E-01  7.59946E-10
  9.00391E-01  7.50374E-10
  9.04297E-01  7.40798E-10
  9.08203E-01  7.31560E-10
  9.12109E-01  7.22322E-10
  9.16016E-01  7.13404E-10
  9.19922E-01  7.04493E-10
  9.23828E-01  6.95889E-10
  9.27734E-01  6.87287E-10
  9.31641E-01  6.78995E-10
  9.35547E-01  6.70692E-10
  9.39453E-01  6.62692E-10
  9.43359E-01  6.54694E-10
  9.47266E-01  6.46990E-10
  9.51172E-01  6.39276E-10
  9.55078E-01  6.31860E-10
  9.58984E-01  6.24441E-10
  9.62891E-01  6.17330E-10
  9.66797E-01  6.10209E-10
  9.70703E-01  6.03413E-10
  9.74609E-01  5.96608E-10
  9.78516E-01  5.90185E-10
  9.82422E-01  5.83754E-10
  9.86328E-01  5.77858E-10
  9.90234E-01  5.71981E-10
  9.94141E-01  5.67365E-10
  9.98047E-01  5.65132E-10
  1.00195E+00  5.65132E-10
