 -1.95312E-03  2.58767E+00
  1.95312E-03  2.58767E+00
  5.85938E-03  2.58758E+00
  9.76562E-03  2.58740E+00
  1.36719E-02  2.58713E+00
  1.75781E-02  2.58677E+00
  2.14844E-02  2.58632E+00
  2.53906E-02  2.58579E+00
  2.92969E-02  2.58517E+00
  3.32031E-02  2.58447E+00
  3.71094E-02  2.58367E+00
  4.10156E-02  2.58280E+00
  4.49219E-02  2.58184E+00
  4.88281E-02  2.58079E+00
  5.27344E-02  2.57966E+00
  5.66406E-02  2.57845E+00
  6.05469E-02  2.57715E+00
  6.44531E-02  2.57578E+00
  6.83594E-02  2.57432E+00
  7.22656E-02  2.57278E+00
  7.61719E-02  2.57116E+00
  8.00781E-02  2.56946E+00
  8.39844E-02  2.56768E+00
  8.78906E-02  2.56582E+00
  9.17969E-02  2.56388E+00
  9.57031E-02  2.56187E+00
  9.96094E-02  2.55977E+00
  1.03516E-01  2.55760E+00
  1.07422E-01  2.55534E+00
  1.11328E-01  2.55301E+00
  1.15234E-01  2.55060E+00
  1.19141E-01  2.54812E+00
  1.23047E-01  2.54556E+00
  1.26953E-01  2.54292E+00
  1.30859E-01  2.54020E+00
  1.34766E-01  2.53741E+00
  1.38672E-01  2.53455E+00
  1.42578E-01  2.53161E+00
  1.46484E-01  2.52859E+00
  1.50391E-01  2.52550E+00
  1.54297E-01  2.52233E+00
  1.58203E-01  2.51909E+00
  1.62109E-01  2.51577E+00
  1.66016E-01  2.51238E+00
  1.69922E-01  2.50892E+00
  1.73828E-01  2.50538E+00
  1.77734E-01  2.50177E+00
  1.81641E-01  2.49808E+00
  1.85547E-01  2.49432E+00
  1.89453E-01  2.49049E+00
  1.93359E-01  2.48658E+00
  1.97266E-01  2.48260E+00
  2.01172E-01  2.47854E+00
  2.05078E-01  2.47442E+00
  2.08984E-01  2.47022E+00
  2.12891E-01  2.46594E+00
  2.16797E-01  2.46159E+00
  2.20703E-01  2.45717E+00
  2.24609E-01  2.45268E+00
  2.28516E-01  2.44811E+00
  2.32422E-01  2.44348E+00
  2.36328E-01  2.43876E+00
  2.40234E-01  2.43398E+00
  2.44141E-01  2.42912E+00
  2.48047E-01  2.42419E+00
  2.51953E-01  2.41918E+00
  2.55859E-01  2.41411E+00
  2.59766E-01  2.40896E+00
  2.63672E-01  2.40373E+00
  2.67578E-01  2.39843E+00
  2.71484E-01  2.39306E+00
  2.75391E-01  2.38762E+00
  2.79297E-01  2.38210E+00
  2.83203E-01  2.37651E+00
  2.87109E-01  2.37084E+00
  2.91016E-01  2.36510E+00
  2.94922E-01  2.35929E+00
  2.98828E-01  2.35340E+00
  3.02734E-01  2.34743E+00
  3.06641E-01  2.34139E+00
  3.10547E-01  2.33528E+00
  3.14453E-01  2.32909E+00
  3.18359E-01  2.32282E+00
  3.22266E-01  2.31648E+00
  3.26172E-01  2.31006E+00
  3.30078E-01  2.30357E+00
  3.33984E-01  2.29700E+00
  3.37891E-01  2.29035E+00
  3.41797E-01  2.28363E+00
  3.45703E-01  2.27683E+00
  3.49609E-01  2.26995E+00
  3.53516E-01  2.26299E+00
  3.57422E-01  2.25595E+00
  3.61328E-01  2.24883E+00
  3.65234E-01  2.24164E+00
  3.69141E-01  2.23436E+00
  3.73047E-01  2.22700E+00
  3.76953E-01  2.21957E+00
  3.80859E-01  2.21205E+00
  3.84766E-01  2.20444E+00
  3.88672E-01  2.19676E+00
  3.92578E-01  2.18899E+00
  3.96484E-01  2.18114E+00
  4.00391E-01  2.17320E+00
  4.04297E-01  2.16518E+00
  4.08203E-01  2.15708E+00
  4.12109E-01  2.14888E+00
  4.16016E-01  2.14060E+00
  4.19922E-01  2.13224E+00
  4.23828E-01  2.12378E+00
  4.27734E-01  2.11523E+00
  4.31641E-01  2.10659E+00
  4.35547E-01  2.09786E+00
  4.39453E-01  2.08904E+00
  4.43359E-01  2.08013E+00
  4.47266E-01  2.07112E+00
  4.51172E-01  2.06201E+00
  4.55078E-01  2.05281E+00
  4.58984E-01  2.04351E+00
  4.62891E-01  2.03411E+00
  4.66797E-01  2.02462E+00
  4.70703E-01  2.01502E+00
  4.74609E-01  2.00532E+00
  4.78516E-01  1.99551E+00
  4.82422E-01  1.98560E+00
  4.86328E-01  1.97558E+00
  4.90234E-01  1.96546E+00
  4.94141E-01  1.95522E+00
  4.98047E-01  1.94487E+00
  5.01953E-01  1.93441E+00
  5.05859E-01  1.92383E+00
  5.09766E-01  1.91314E+00
  5.13672E-01  1.90232E+00
  5.17578E-01  1.89138E+00
  5.21484E-01  1.88032E+00
  5.25391E-01  1.86913E+00
  5.29297E-01  1.85782E+00
  5.33203E-01  1.84637E+00
  5.37109E-01  1.83479E+00
  5.41016E-01  1.82307E+00
  5.44922E-01  1.81121E+00
  5.48828E-01  1.79921E+00
  5.52734E-01  1.78707E+00
  5.56641E-01  1.77477E+00
  5.60547E-01  1.76232E+00
  5.64453E-01  1.74971E+00
  5.68359E-01  1.73693E+00
  5.72266E-01  1.72399E+00
  5.76172E-01  1.71088E+00
  5.80078E-01  1.69760E+00
  5.83984E-01  1.68413E+00
  5.87891E-01  1.67048E+00
  5.91797E-01  1.65664E+00
  5.95703E-01  1.64259E+00
  5.99609E-01  1.62834E+00
  6.03516E-01  1.61388E+00
  6.07422E-01  1.59919E+00
  6.11328E-01  1.58427E+00
  6.15234E-01  1.56912E+00
  6.19141E-01  1.55371E+00
  6.23047E-01  1.53805E+00
  6.26953E-01  1.52212E+00
  6.30859E-01  1.50591E+00
  6.34766E-01  1.48940E+00
  6.38672E-01  1.47258E+00
  6.42578E-01  1.45544E+00
  6.46484E-01  1.43795E+00
  6.50391E-01  1.42009E+00
  6.54297E-01  1.40185E+00
  6.58203E-01  1.38319E+00
  6.62109E-01  1.36409E+00
  6.66016E-01  1.34452E+00
  6.69922E-01  1.32445E+00
  6.73828E-01  1.30383E+00
  6.77734E-01  1.28263E+00
  6.81641E-01  1.26078E+00
  6.85547E-01  1.23825E+00
  6.89453E-01  1.21494E+00
  6.93359E-01  1.19080E+00
  6.97266E-01  1.16571E+00
  7.01172E-01  1.13958E+00
  7.05078E-01  1.11226E+00
  7.08984E-01  1.08357E+00
  7.12891E-01  1.05329E+00
  7.16797E-01  1.02110E+00
  7.20703E-01  9.86208E-01
  7.24609E-01  9.43465E-01
  7.28516E-01  8.49873E-01
  7.32422E-01  1.75724E-02
  7.36328E-01  1.73019E-02
  7.40234E-01  1.70555E-02
  7.44141E-01  1.68026E-02
  7.48047E-01  1.65587E-02
  7.51953E-01  1.63133E-02
  7.55859E-01  1.60684E-02
  7.59766E-01  1.58214E-02
  7.63672E-01  1.55781E-02
  7.67578E-01  1.53453E-02
  7.71484E-01  1.51200E-02
  7.75391E-01  1.48993E-02
  7.79297E-01  1.46835E-02
  7.83203E-01  1.44710E-02
  7.87109E-01  1.42645E-02
  7.91016E-01  1.40606E-02
  7.94922E-01  1.38625E-02
  7.98828E-01  1.36652E-02
  8.02734E-01  1.34705E-02
  8.06641E-01  1.32761E-02
  8.10547E-01  1.30866E-02
  8.14453E-01  1.29003E-02
  8.18359E-01  1.27234E-02
  8.22266E-01  1.25492E-02
  8.26172E-01  1.23789E-02
  8.30078E-01  1.22112E-02
  8.33984E-01  1.20478E-02
  8.37891E-01  1.18863E-02
  8.41797E-01  1.17284E-02
  8.45703E-01  1.15722E-02
  8.49609E-01  1.14201E-02
  8.53516E-01  1.12696E-02
  8.57422E-01  1.11228E-02
  8.61328E-01  1.09778E-02
  8.65234E-01  1.08360E-02
  8.69141E-01  1.06957E-02
  8.73047E-01  1.05593E-02
  8.76953E-01  1.04245E-02
  8.80859E-01  1.02921E-02
  8.84766E-01  1.01617E-02
  8.88672E-01  1.00346E-02
  8.92578E-01  9.90886E-03
  8.96484E-01  9.78576E-03
  9.00391E-01  9.66435E-03
  9.04297E-01  9.54582E-03
  9.08203E-01  9.42826E-03
  9.12109E-01  9.31347E-03
  9.16016E-01  9.19991E-03
  9.19922E-01  9.08927E-03
  9.23828E-01  8.97952E-03
  9.27734E-01  8.87211E-03
  9.31641E-01  8.76616E-03
  9.35547E-01  8.66301E-03
  9.39453E-01  8.55969E-03
  9.43359E-01  8.45951E-03
  9.47266E-01  8.36092E-03
  9.51172E-01  8.26339E-03
  9.55078E-01  8.16799E-03
  9.58984E-01  8.07401E-03
  9.62891E-01  7.98167E-03
  9.66797E-01  7.89100E-03
  9.70703E-01  7.80201E-03
  9.74609E-01  7.71505E-03
  9.78516E-01  7.63033E-03
  9.82422E-01  7.54888E-03
  9.86328E-01  7.47198E-03
  9.90234E-01  7.40309E-03
  9.94141E-01  7.34833E-03
  9.98047E-01  7.32101E-03
  1.00195E+00  7.32101E-03
