 -1.95312E-03  2.58874E+00
  1.95312E-03  2.58874E+00
  5.85938E-03  2.58865E+00
  9.76562E-03  2.58847E+00
  1.36719E-02  2.58820E+00
  1.75781E-02  2.58785E+00
  2.14844E-02  2.58740E+00
  2.53906E-02  2.58687E+00
  2.92969E-02  2.58625E+00
  3.32031E-02  2.58554E+00
  3.71094E-02  2.58475E+00
  4.10156E-02  2.58388E+00
  4.49219E-02  2.58292E+00
  4.88281E-02  2.58187E+00
  5.27344E-02  2.58074E+00
  5.66406E-02  2.57953E+00
  6.05469E-02  2.57824E+00
  6.44531E-02  2.57686E+00
  6.83594E-02  2.57540E+00
  7.22656E-02  2.57386E+00
  7.61719E-02  2.57224E+00
  8.00781E-02  2.57054E+00
  8.39844E-02  2.56876E+00
  8.78906E-02  2.56690E+00
  9.17969E-02  2.56496E+00
  9.57031E-02  2.56294E+00
  9.96094E-02  2.56085E+00
  1.03516E-01  2.55867E+00
  1.07422E-01  2.55642E+00
  1.11328E-01  2.55409E+00
  1.15234E-01  2.55168E+00
  1.19141E-01  2.54919E+00
  1.23047E-01  2.54663E+00
  1.26953E-01  2.54399E+00
  1.30859E-01  2.54128E+00
  1.34766E-01  2.53849E+00
  1.38672E-01  2.53562E+00
  1.42578E-01  2.53268E+00
  1.46484E-01  2.52966E+00
  1.50391E-01  2.52657E+00
  1.54297E-01  2.52340E+00
  1.58203E-01  2.52016E+00
  1.62109E-01  2.51685E+00
  1.66016E-01  2.51346E+00
  1.69922E-01  2.50999E+00
  1.73828E-01  2.50645E+00
  1.77734E-01  2.50284E+00
  1.81641E-01  2.49915E+00
  1.85547E-01  2.49539E+00
  1.89453E-01  2.49156E+00
  1.93359E-01  2.48765E+00
  1.97266E-01  2.48367E+00
  2.01172E-01  2.47962E+00
  2.05078E-01  2.47549E+00
  2.08984E-01  2.47129E+00
  2.12891E-01  2.46702E+00
  2.16797E-01  2.46267E+00
  2.20703E-01  2.45825E+00
  2.24609E-01  2.45376E+00
  2.28516E-01  2.44919E+00
  2.32422E-01  2.44455E+00
  2.36328E-01  2.43984E+00
  2.40234E-01  2.43505E+00
  2.44141E-01  2.43019E+00
  2.48047E-01  2.42526E+00
  2.51953E-01  2.42026E+00
  2.55859E-01  2.41518E+00
  2.59766E-01  2.41003E+00
  2.63672E-01  2.40480E+00
  2.67578E-01  2.39950E+00
  2.71484E-01  2.39413E+00
  2.75391E-01  2.38868E+00
  2.79297E-01  2.38316E+00
  2.83203E-01  2.37757E+00
  2.87109E-01  2.37190E+00
  2.91016E-01  2.36615E+00
  2.94922E-01  2.36034E+00
  2.98828E-01  2.35444E+00
  3.02734E-01  2.34847E+00
  3.06641E-01  2.34243E+00
  3.10547E-01  2.33631E+00
  3.14453E-01  2.33012E+00
  3.18359E-01  2.32385E+00
  3.22266E-01  2.31750E+00
  3.26172E-01  2.31108E+00
  3.30078E-01  2.30458E+00
  3.33984E-01  2.29801E+00
  3.37891E-01  2.29135E+00
  3.41797E-01  2.28462E+00
  3.45703E-01  2.27781E+00
  3.49609E-01  2.27093E+00
  3.53516E-01  2.26396E+00
  3.57422E-01  2.25692E+00
  3.61328E-01  2.24979E+00
  3.65234E-01  2.24259E+00
  3.69141E-01  2.23530E+00
  3.73047E-01  2.22794E+00
  3.76953E-01  2.22049E+00
  3.80859E-01  2.21296E+00
  3.84766E-01  2.20535E+00
  3.88672E-01  2.19765E+00
  3.92578E-01  2.18987E+00
  3.96484E-01  2.18201E+00
  4.00391E-01  2.17406E+00
  4.04297E-01  2.16602E+00
  4.08203E-01  2.15790E+00
  4.12109E-01  2.14969E+00
  4.16016E-01  2.14140E+00
  4.19922E-01  2.13301E+00
  4.23828E-01  2.12453E+00
  4.27734E-01  2.11597E+00
  4.31641E-01  2.10731E+00
  4.35547E-01  2.09856E+00
  4.39453E-01  2.08972E+00
  4.43359E-01  2.08078E+00
  4.47266E-01  2.07175E+00
  4.51172E-01  2.06262E+00
  4.55078E-01  2.05340E+00
  4.58984E-01  2.04407E+00
  4.62891E-01  2.03465E+00
  4.66797E-01  2.02512E+00
  4.70703E-01  2.01549E+00
  4.74609E-01  2.00576E+00
  4.78516E-01  1.99592E+00
  4.82422E-01  1.98598E+00
  4.86328E-01  1.97592E+00
  4.90234E-01  1.96576E+00
  4.94141E-01  1.95548E+00
  4.98047E-01  1.94509E+00
  5.01953E-01  1.93458E+00
  5.05859E-01  1.92395E+00
  5.09766E-01  1.91321E+00
  5.13672E-01  1.90234E+00
  5.17578E-01  1.89135E+00
  5.21484E-01  1.88023E+00
  5.25391E-01  1.86899E+00
  5.29297E-01  1.85761E+00
  5.33203E-01  1.84610E+00
  5.37109E-01  1.83444E+00
  5.41016E-01  1.82265E+00
  5.44922E-01  1.81072E+00
  5.48828E-01  1.79863E+00
  5.52734E-01  1.78640E+00
  5.56641E-01  1.77401E+00
  5.60547E-01  1.76146E+00
  5.64453E-01  1.74875E+00
  5.68359E-01  1.73587E+00
  5.72266E-01  1.72281E+00
  5.76172E-01  1.70959E+00
  5.80078E-01  1.69617E+00
  5.83984E-01  1.68257E+00
  5.87891E-01  1.66878E+00
  5.91797E-01  1.65479E+00
  5.95703E-01  1.64058E+00
  5.99609E-01  1.62616E+00
  6.03516E-01  1.61152E+00
  6.07422E-01  1.59665E+00
  6.11328E-01  1.58153E+00
  6.15234E-01  1.56617E+00
  6.19141E-01  1.55054E+00
  6.23047E-01  1.53464E+00
  6.26953E-01  1.51846E+00
  6.30859E-01  1.50197E+00
  6.34766E-01  1.48517E+00
  6.38672E-01  1.46804E+00
  6.42578E-01  1.45056E+00
  6.46484E-01  1.43271E+00
  6.50391E-01  1.41447E+00
  6.54297E-01  1.39581E+00
  6.58203E-01  1.37671E+00
  6.62109E-01  1.35714E+00
  6.66016E-01  1.33707E+00
  6.69922E-01  1.31645E+00
  6.73828E-01  1.29524E+00
  6.77734E-01  1.27339E+00
  6.81641E-01  1.25085E+00
  6.85547E-01  1.22754E+00
  6.89453E-01  1.20339E+00
  6.93359E-01  1.17829E+00
  6.97266E-01  1.15215E+00
  7.01172E-01  1.12481E+00
  7.05078E-01  1.09611E+00
  7.08984E-01  1.06583E+00
  7.12891E-01  1.03366E+00
  7.16797E-01  9.99165E-01
  7.20703E-01  9.61149E-01
  7.24609E-01  9.12254E-01
  7.28516E-01  8.02814E-01
  7.32422E-01  1.76781E-10
  7.36328E-01  1.74688E-10
  7.40234E-01  1.71928E-10
  7.44141E-01  1.69284E-10
  7.48047E-01  1.66639E-10
  7.51953E-01  1.64102E-10
  7.55859E-01  1.61566E-10
  7.59766E-01  1.59132E-10
  7.63672E-01  1.56698E-10
  7.67578E-01  1.54360E-10
  7.71484E-01  1.52023E-10
  7.75391E-01  1.49777E-10
  7.79297E-01  1.47535E-10
  7.83203E-01  1.45377E-10
  7.87109E-01  1.43222E-10
  7.91016E-01  1.41151E-10
  7.94922E-01  1.39078E-10
  7.98828E-01  1.37086E-10
  8.02734E-01  1.35095E-10
  8.06641E-01  1.33181E-10
  8.10547E-01  1.31264E-10
  8.14453E-01  1.29421E-10
  8.18359E-01  1.27578E-10
  8.22266E-01  1.25806E-10
  8.26172E-01  1.24033E-10
  8.30078E-01  1.22327E-10
  8.33984E-01  1.20619E-10
  8.37891E-01  1.18975E-10
  8.41797E-01  1.17330E-10
  8.45703E-01  1.15746E-10
  8.49609E-01  1.14161E-10
  8.53516E-01  1.12636E-10
  8.57422E-01  1.11109E-10
  8.61328E-01  1.09639E-10
  8.65234E-01  1.08168E-10
  8.69141E-01  1.06750E-10
  8.73047E-01  1.05333E-10
  8.76953E-01  1.03966E-10
  8.80859E-01  1.02598E-10
  8.84766E-01  1.01280E-10
  8.88672E-01  9.99614E-11
  8.92578E-01  9.86893E-11
  8.96484E-01  9.74172E-11
  9.00391E-01  9.61902E-11
  9.04297E-01  9.49625E-11
  9.08203E-01  9.37786E-11
  9.12109E-01  9.25941E-11
  9.16016E-01  9.14515E-11
  9.19922E-01  9.03087E-11
  9.23828E-01  8.92057E-11
  9.27734E-01  8.81036E-11
  9.31641E-01  8.70399E-11
  9.35547E-01  8.59758E-11
  9.39453E-01  8.49510E-11
  9.43359E-01  8.39249E-11
  9.47266E-01  8.29366E-11
  9.51172E-01  8.19486E-11
  9.55078E-01  8.09987E-11
  9.58984E-01  8.00475E-11
  9.62891E-01  7.91355E-11
  9.66797E-01  7.82220E-11
  9.70703E-01  7.73505E-11
  9.74609E-01  7.64784E-11
  9.78516E-01  7.56551E-11
  9.82422E-01  7.48309E-11
  9.86328E-01  7.40750E-11
  9.90234E-01  7.33213E-11
  9.94141E-01  7.27307E-11
  9.98047E-01  7.24438E-11
  1.00195E+00  7.24438E-11
