 -1.95312E-03  2.58850E+00
  1.95312E-03  2.58850E+00
  5.85938E-03  2.58841E+00
  9.76562E-03  2.58823E+00
  1.36719E-02  2.58797E+00
  1.75781E-02  2.58761E+00
  2.14844E-02  2.58716E+00
  2.53906E-02  2.58663E+00
  2.92969E-02  2.58601E+00
  3.32031E-02  2.58531E+00
  3.71094E-02  2.58451E+00
  4.10156E-02  2.58364E+00
  4.49219E-02  2.58268E+00
  4.88281E-02  2.58163E+00
  5.27344E-02  2.58050E+00
  5.66406E-02  2.57929E+00
  6.05469E-02  2.57800E+00
  6.44531E-02  2.57662E+00
  6.83594E-02  2.57516E+00
  7.22656E-02  2.57362E+00
  7.61719E-02  2.57200E+00
  8.00781E-02  2.57030E+00
  8.39844E-02  2.56852E+00
  8.78906E-02  2.56666E+00
  9.17969E-02  2.56472E+00
  9.57031E-02  2.56271E+00
  9.96094E-02  2.56061E+00
  1.03516E-01  2.55843E+00
  1.07422E-01  2.55618E+00
  1.11328E-01  2.55385E+00
  1.15234E-01  2.55144E+00
  1.19141E-01  2.54896E+00
  1.23047E-01  2.54640E+00
  1.26953E-01  2.54376E+00
  1.30859E-01  2.54105E+00
  1.34766E-01  2.53826E+00
  1.38672E-01  2.53539E+00
  1.42578E-01  2.53245E+00
  1.46484E-01  2.52943E+00
  1.50391E-01  2.52634E+00
  1.54297E-01  2.52318E+00
  1.58203E-01  2.51994E+00
  1.62109E-01  2.51662E+00
  1.66016E-01  2.51323E+00
  1.69922E-01  2.50976E+00
  1.73828E-01  2.50623E+00
  1.77734E-01  2.50261E+00
  1.81641E-01  2.49893E+00
  1.85547E-01  2.49517E+00
  1.89453E-01  2.49134E+00
  1.93359E-01  2.48743E+00
  1.97266E-01  2.48345E+00
  2.01172E-01  2.47940E+00
  2.05078E-01  2.47527E+00
  2.08984E-01  2.47107E+00
  2.12891E-01  2.46679E+00
  2.16797E-01  2.46245E+00
  2.20703E-01  2.45803E+00
  2.24609E-01  2.45354E+00
  2.28516E-01  2.44897E+00
  2.32422E-01  2.44433E+00
  2.36328E-01  2.43962E+00
  2.40234E-01  2.43483E+00
  2.44141E-01  2.42997E+00
  2.48047E-01  2.42504E+00
  2.51953E-01  2.42004E+00
  2.55859E-01  2.41496E+00
  2.59766E-01  2.40981E+00
  2.63672E-01  2.40458E+00
  2.67578E-01  2.39928E+00
  2.71484E-01  2.39391E+00
  2.75391E-01  2.38847E+00
  2.79297E-01  2.38295E+00
  2.83203E-01  2.37735E+00
  2.87109E-01  2.37168E+00
  2.91016E-01  2.36594E+00
  2.94922E-01  2.36013E+00
  2.98828E-01  2.35423E+00
  3.02734E-01  2.34827E+00
  3.06641E-01  2.34222E+00
  3.10547E-01  2.33611E+00
  3.14453E-01  2.32992E+00
  3.18359E-01  2.32365E+00
  3.22266E-01  2.31731E+00
  3.26172E-01  2.31089E+00
  3.30078E-01  2.30439E+00
  3.33984E-01  2.29782E+00
  3.37891E-01  2.29116E+00
  3.41797E-01  2.28444E+00
  3.45703E-01  2.27763E+00
  3.49609E-01  2.27074E+00
  3.53516E-01  2.26378E+00
  3.57422E-01  2.25674E+00
  3.61328E-01  2.24962E+00
  3.65234E-01  2.24242E+00
  3.69141E-01  2.23513E+00
  3.73047E-01  2.22777E+00
  3.76953E-01  2.22033E+00
  3.80859E-01  2.21280E+00
  3.84766E-01  2.20519E+00
  3.88672E-01  2.19750E+00
  3.92578E-01  2.18972E+00
  3.96484E-01  2.18186E+00
  4.00391E-01  2.17392E+00
  4.04297E-01  2.16589E+00
  4.08203E-01  2.15777E+00
  4.12109E-01  2.14957E+00
  4.16016E-01  2.14127E+00
  4.19922E-01  2.13289E+00
  4.23828E-01  2.12442E+00
  4.27734E-01  2.11586E+00
  4.31641E-01  2.10721E+00
  4.35547E-01  2.09846E+00
  4.39453E-01  2.08963E+00
  4.43359E-01  2.08070E+00
  4.47266E-01  2.07167E+00
  4.51172E-01  2.06254E+00
  4.55078E-01  2.05332E+00
  4.58984E-01  2.04400E+00
  4.62891E-01  2.03458E+00
  4.66797E-01  2.02506E+00
  4.70703E-01  2.01544E+00
  4.74609E-01  2.00571E+00
  4.78516E-01  1.99587E+00
  4.82422E-01  1.98593E+00
  4.86328E-01  1.97588E+00
  4.90234E-01  1.96572E+00
  4.94141E-01  1.95545E+00
  4.98047E-01  1.94506E+00
  5.01953E-01  1.93456E+00
  5.05859E-01  1.92394E+00
  5.09766E-01  1.91320E+00
  5.13672E-01  1.90234E+00
  5.17578E-01  1.89135E+00
  5.21484E-01  1.88024E+00
  5.25391E-01  1.86900E+00
  5.29297E-01  1.85763E+00
  5.33203E-01  1.84612E+00
  5.37109E-01  1.83448E+00
  5.41016E-01  1.82269E+00
  5.44922E-01  1.81076E+00
  5.48828E-01  1.79868E+00
  5.52734E-01  1.78645E+00
  5.56641E-01  1.77407E+00
  5.60547E-01  1.76152E+00
  5.64453E-01  1.74882E+00
  5.68359E-01  1.73594E+00
  5.72266E-01  1.72290E+00
  5.76172E-01  1.70967E+00
  5.80078E-01  1.69627E+00
  5.83984E-01  1.68268E+00
  5.87891E-01  1.66889E+00
  5.91797E-01  1.65490E+00
  5.95703E-01  1.64071E+00
  5.99609E-01  1.62630E+00
  6.03516E-01  1.61166E+00
  6.07422E-01  1.59680E+00
  6.11328E-01  1.58169E+00
  6.15234E-01  1.56634E+00
  6.19141E-01  1.55072E+00
  6.23047E-01  1.53483E+00
  6.26953E-01  1.51866E+00
  6.30859E-01  1.50218E+00
  6.34766E-01  1.48540E+00
  6.38672E-01  1.46828E+00
  6.42578E-01  1.45081E+00
  6.46484E-01  1.43298E+00
  6.50391E-01  1.41476E+00
  6.54297E-01  1.39612E+00
  6.58203E-01  1.37704E+00
  6.62109E-01  1.35749E+00
  6.66016E-01  1.33744E+00
  6.69922E-01  1.31684E+00
  6.73828E-01  1.29566E+00
  6.77734E-01  1.27383E+00
  6.81641E-01  1.25132E+00
  6.85547E-01  1.22803E+00
  6.89453E-01  1.20391E+00
  6.93359E-01  1.17885E+00
  6.97266E-01  1.15275E+00
  7.01172E-01  1.12545E+00
  7.05078E-01  1.09680E+00
  7.08984E-01  1.06657E+00
  7.12891E-01  1.03446E+00
  7.16797E-01  1.00004E+00
  7.20703E-01  9.62140E-01
  7.24609E-01  9.13485E-01
  7.28516E-01  8.04666E-01
  7.32422E-01  6.26068E-08
  7.36328E-01  6.18654E-08
  7.40234E-01  6.08874E-08
  7.44141E-01  5.99508E-08
  7.48047E-01  5.90124E-08
  7.51953E-01  5.81141E-08
  7.55859E-01  5.72151E-08
  7.59766E-01  5.63529E-08
  7.63672E-01  5.54900E-08
  7.67578E-01  5.46623E-08
  7.71484E-01  5.38341E-08
  7.75391E-01  5.30397E-08
  7.79297E-01  5.22449E-08
  7.83203E-01  5.14821E-08
  7.87109E-01  5.07188E-08
  7.91016E-01  4.99858E-08
  7.94922E-01  4.92521E-08
  7.98828E-01  4.85470E-08
  8.02734E-01  4.78420E-08
  8.06641E-01  4.71641E-08
  8.10547E-01  4.64856E-08
  8.14453E-01  4.58336E-08
  8.18359E-01  4.51810E-08
  8.22266E-01  4.45531E-08
  8.26172E-01  4.39254E-08
  8.30078E-01  4.33207E-08
  8.33984E-01  4.27164E-08
  8.37891E-01  4.21340E-08
  8.41797E-01  4.15518E-08
  8.45703E-01  4.09910E-08
  8.49609E-01  4.04298E-08
  8.53516E-01  3.98897E-08
  8.57422E-01  3.93493E-08
  8.61328E-01  3.88282E-08
  8.65234E-01  3.83074E-08
  8.69141E-01  3.78055E-08
  8.73047E-01  3.73033E-08
  8.76953E-01  3.68190E-08
  8.80859E-01  3.63344E-08
  8.84766E-01  3.58678E-08
  8.88672E-01  3.54008E-08
  8.92578E-01  3.49505E-08
  8.96484E-01  3.44997E-08
  9.00391E-01  3.40652E-08
  9.04297E-01  3.36303E-08
  9.08203E-01  3.32110E-08
  9.12109E-01  3.27913E-08
  9.16016E-01  3.23867E-08
  9.19922E-01  3.19818E-08
  9.23828E-01  3.15915E-08
  9.27734E-01  3.12009E-08
  9.31641E-01  3.08245E-08
  9.35547E-01  3.04477E-08
  9.39453E-01  3.00848E-08
  9.43359E-01  2.97210E-08
  9.47266E-01  2.93713E-08
  9.51172E-01  2.90213E-08
  9.55078E-01  2.86847E-08
  9.58984E-01  2.83478E-08
  9.62891E-01  2.80250E-08
  9.66797E-01  2.77015E-08
  9.70703E-01  2.73932E-08
  9.74609E-01  2.70842E-08
  9.78516E-01  2.67927E-08
  9.82422E-01  2.65006E-08
  9.86328E-01  2.62331E-08
  9.90234E-01  2.59664E-08
  9.94141E-01  2.57570E-08
  9.98047E-01  2.56553E-08
  1.00195E+00  2.56553E-08
