 -1.95312E-03  2.58887E+00
  1.95312E-03  2.58887E+00
  5.85938E-03  2.58878E+00
  9.76562E-03  2.58860E+00
  1.36719E-02  2.58833E+00
  1.75781E-02  2.58797E+00
  2.14844E-02  2.58753E+00
  2.53906E-02  2.58699E+00
  2.92969E-02  2.58637E+00
  3.32031E-02  2.58567E+00
  3.71094E-02  2.58488E+00
  4.10156E-02  2.58400E+00
  4.49219E-02  2.58304E+00
  4.88281E-02  2.58200E+00
  5.27344E-02  2.58087E+00
  5.66406E-02  2.57965E+00
  6.05469E-02  2.57836E+00
  6.44531E-02  2.57698E+00
  6.83594E-02  2.57553E+00
  7.22656E-02  2.57399E+00
  7.61719E-02  2.57237E+00
  8.00781E-02  2.57066E+00
  8.39844E-02  2.56888E+00
  8.78906E-02  2.56702E+00
  9.17969E-02  2.56508E+00
  9.57031E-02  2.56306E+00
  9.96094E-02  2.56097E+00
  1.03516E-01  2.55879E+00
  1.07422E-01  2.55654E+00
  1.11328E-01  2.55421E+00
  1.15234E-01  2.55180E+00
  1.19141E-01  2.54931E+00
  1.23047E-01  2.54675E+00
  1.26953E-01  2.54411E+00
  1.30859E-01  2.54140E+00
  1.34766E-01  2.53861E+00
  1.38672E-01  2.53574E+00
  1.42578E-01  2.53280E+00
  1.46484E-01  2.52978E+00
  1.50391E-01  2.52669E+00
  1.54297E-01  2.52352E+00
  1.58203E-01  2.52028E+00
  1.62109E-01  2.51696E+00
  1.66016E-01  2.51357E+00
  1.69922E-01  2.51011E+00
  1.73828E-01  2.50657E+00
  1.77734E-01  2.50296E+00
  1.81641E-01  2.49927E+00
  1.85547E-01  2.49551E+00
  1.89453E-01  2.49168E+00
  1.93359E-01  2.48777E+00
  1.97266E-01  2.48379E+00
  2.01172E-01  2.47974E+00
  2.05078E-01  2.47561E+00
  2.08984E-01  2.47141E+00
  2.12891E-01  2.46714E+00
  2.16797E-01  2.46279E+00
  2.20703E-01  2.45837E+00
  2.24609E-01  2.45388E+00
  2.28516E-01  2.44931E+00
  2.32422E-01  2.44467E+00
  2.36328E-01  2.43996E+00
  2.40234E-01  2.43517E+00
  2.44141E-01  2.43031E+00
  2.48047E-01  2.42538E+00
  2.51953E-01  2.42037E+00
  2.55859E-01  2.41529E+00
  2.59766E-01  2.41014E+00
  2.63672E-01  2.40491E+00
  2.67578E-01  2.39962E+00
  2.71484E-01  2.39424E+00
  2.75391E-01  2.38879E+00
  2.79297E-01  2.38327E+00
  2.83203E-01  2.37768E+00
  2.87109E-01  2.37201E+00
  2.91016E-01  2.36626E+00
  2.94922E-01  2.36045E+00
  2.98828E-01  2.35455E+00
  3.02734E-01  2.34858E+00
  3.06641E-01  2.34254E+00
  3.10547E-01  2.33642E+00
  3.14453E-01  2.33022E+00
  3.18359E-01  2.32395E+00
  3.22266E-01  2.31760E+00
  3.26172E-01  2.31118E+00
  3.30078E-01  2.30468E+00
  3.33984E-01  2.29810E+00
  3.37891E-01  2.29145E+00
  3.41797E-01  2.28471E+00
  3.45703E-01  2.27790E+00
  3.49609E-01  2.27102E+00
  3.53516E-01  2.26405E+00
  3.57422E-01  2.25700E+00
  3.61328E-01  2.24987E+00
  3.65234E-01  2.24267E+00
  3.69141E-01  2.23538E+00
  3.73047E-01  2.22801E+00
  3.76953E-01  2.22057E+00
  3.80859E-01  2.21303E+00
  3.84766E-01  2.20542E+00
  3.88672E-01  2.19772E+00
  3.92578E-01  2.18994E+00
  3.96484E-01  2.18207E+00
  4.00391E-01  2.17412E+00
  4.04297E-01  2.16609E+00
  4.08203E-01  2.15797E+00
  4.12109E-01  2.14975E+00
  4.16016E-01  2.14145E+00
  4.19922E-01  2.13307E+00
  4.23828E-01  2.12459E+00
  4.27734E-01  2.11602E+00
  4.31641E-01  2.10736E+00
  4.35547E-01  2.09861E+00
  4.39453E-01  2.08977E+00
  4.43359E-01  2.08083E+00
  4.47266E-01  2.07180E+00
  4.51172E-01  2.06266E+00
  4.55078E-01  2.05344E+00
  4.58984E-01  2.04411E+00
  4.62891E-01  2.03468E+00
  4.66797E-01  2.02516E+00
  4.70703E-01  2.01552E+00
  4.74609E-01  2.00579E+00
  4.78516E-01  1.99595E+00
  4.82422E-01  1.98600E+00
  4.86328E-01  1.97594E+00
  4.90234E-01  1.96578E+00
  4.94141E-01  1.95550E+00
  4.98047E-01  1.94510E+00
  5.01953E-01  1.93459E+00
  5.05859E-01  1.92397E+00
  5.09766E-01  1.91322E+00
  5.13672E-01  1.90235E+00
  5.17578E-01  1.89136E+00
  5.21484E-01  1.88023E+00
  5.25391E-01  1.86898E+00
  5.29297E-01  1.85760E+00
  5.33203E-01  1.84609E+00
  5.37109E-01  1.83443E+00
  5.41016E-01  1.82264E+00
  5.44922E-01  1.81070E+00
  5.48828E-01  1.79861E+00
  5.52734E-01  1.78637E+00
  5.56641E-01  1.77398E+00
  5.60547E-01  1.76143E+00
  5.64453E-01  1.74871E+00
  5.68359E-01  1.73583E+00
  5.72266E-01  1.72277E+00
  5.76172E-01  1.70954E+00
  5.80078E-01  1.69613E+00
  5.83984E-01  1.68253E+00
  5.87891E-01  1.66873E+00
  5.91797E-01  1.65473E+00
  5.95703E-01  1.64052E+00
  5.99609E-01  1.62610E+00
  6.03516E-01  1.61145E+00
  6.07422E-01  1.59658E+00
  6.11328E-01  1.58146E+00
  6.15234E-01  1.56609E+00
  6.19141E-01  1.55046E+00
  6.23047E-01  1.53455E+00
  6.26953E-01  1.51836E+00
  6.30859E-01  1.50187E+00
  6.34766E-01  1.48506E+00
  6.38672E-01  1.46793E+00
  6.42578E-01  1.45044E+00
  6.46484E-01  1.43258E+00
  6.50391E-01  1.41434E+00
  6.54297E-01  1.39568E+00
  6.58203E-01  1.37657E+00
  6.62109E-01  1.35700E+00
  6.66016E-01  1.33692E+00
  6.69922E-01  1.31630E+00
  6.73828E-01  1.29508E+00
  6.77734E-01  1.27322E+00
  6.81641E-01  1.25067E+00
  6.85547E-01  1.22736E+00
  6.89453E-01  1.20320E+00
  6.93359E-01  1.17810E+00
  6.97266E-01  1.15195E+00
  7.01172E-01  1.12461E+00
  7.05078E-01  1.09590E+00
  7.08984E-01  1.06560E+00
  7.12891E-01  1.03342E+00
  7.16797E-01  9.98901E-01
  7.20703E-01  9.60859E-01
  7.24609E-01  9.11914E-01
  7.28516E-01  8.02323E-01
  7.32422E-01  8.98598E-13
  7.36328E-01  8.87948E-13
  7.40234E-01  8.73912E-13
  7.44141E-01  8.60464E-13
  7.48047E-01  8.47005E-13
  7.51953E-01  8.34105E-13
  7.55859E-01  8.21195E-13
  7.59766E-01  8.08820E-13
  7.63672E-01  7.96439E-13
  7.67578E-01  7.84569E-13
  7.71484E-01  7.72694E-13
  7.75391E-01  7.61301E-13
  7.79297E-01  7.49899E-13
  7.83203E-01  7.38949E-13
  7.87109E-01  7.27988E-13
  7.91016E-01  7.17466E-13
  7.94922E-01  7.06939E-13
  7.98828E-01  6.96816E-13
  8.02734E-01  6.86695E-13
  8.06641E-01  6.76964E-13
  8.10547E-01  6.67227E-13
  8.14453E-01  6.57866E-13
  8.18359E-01  6.48498E-13
  8.22266E-01  6.39486E-13
  8.26172E-01  6.30471E-13
  8.30078E-01  6.21791E-13
  8.33984E-01  6.13116E-13
  8.37891E-01  6.04753E-13
  8.41797E-01  5.96401E-13
  8.45703E-01  5.88352E-13
  8.49609E-01  5.80297E-13
  8.53516E-01  5.72542E-13
  8.57422E-01  5.64788E-13
  8.61328E-01  5.57314E-13
  8.65234E-01  5.49833E-13
  8.69141E-01  5.42623E-13
  8.73047E-01  5.35416E-13
  8.76953E-01  5.28472E-13
  8.80859E-01  5.21521E-13
  8.84766E-01  5.14821E-13
  8.88672E-01  5.08114E-13
  8.92578E-01  5.01650E-13
  8.96484E-01  4.95180E-13
  9.00391E-01  4.88943E-13
  9.04297E-01  4.82700E-13
  9.08203E-01  4.76683E-13
  9.12109E-01  4.70661E-13
  9.16016E-01  4.64855E-13
  9.19922E-01  4.59044E-13
  9.23828E-01  4.53437E-13
  9.27734E-01  4.47829E-13
  9.31641E-01  4.42426E-13
  9.35547E-01  4.37019E-13
  9.39453E-01  4.31808E-13
  9.43359E-01  4.26592E-13
  9.47266E-01  4.21574E-13
  9.51172E-01  4.16548E-13
  9.55078E-01  4.11719E-13
  9.58984E-01  4.06884E-13
  9.62891E-01  4.02249E-13
  9.66797E-01  3.97608E-13
  9.70703E-01  3.93181E-13
  9.74609E-01  3.88746E-13
  9.78516E-01  3.84561E-13
  9.82422E-01  3.80370E-13
  9.86328E-01  3.76526E-13
  9.90234E-01  3.72700E-13
  9.94141E-01  3.69694E-13
  9.98047E-01  3.68236E-13
  1.00195E+00  3.68236E-13
