 -1.95312E-03  2.58834E+00
  1.95312E-03  2.58834E+00
  5.85938E-03  2.58825E+00
  9.76562E-03  2.58807E+00
  1.36719E-02  2.58780E+00
  1.75781E-02  2.58745E+00
  2.14844E-02  2.58700E+00
  2.53906E-02  2.58647E+00
  2.92969E-02  2.58585E+00
  3.32031E-02  2.58514E+00
  3.71094E-02  2.58435E+00
  4.10156E-02  2.58347E+00
  4.49219E-02  2.58251E+00
  4.88281E-02  2.58147E+00
  5.27344E-02  2.58034E+00
  5.66406E-02  2.57913E+00
  6.05469E-02  2.57783E+00
  6.44531E-02  2.57645E+00
  6.83594E-02  2.57500E+00
  7.22656E-02  2.57346E+00
  7.61719E-02  2.57184E+00
  8.00781E-02  2.57014E+00
  8.39844E-02  2.56836E+00
  8.78906E-02  2.56650E+00
  9.17969E-02  2.56456E+00
  9.57031E-02  2.56254E+00
  9.96094E-02  2.56044E+00
  1.03516E-01  2.55827E+00
  1.07422E-01  2.55601E+00
  1.11328E-01  2.55368E+00
  1.15234E-01  2.55128E+00
  1.19141E-01  2.54879E+00
  1.23047E-01  2.54623E+00
  1.26953E-01  2.54359E+00
  1.30859E-01  2.54088E+00
  1.34766E-01  2.53809E+00
  1.38672E-01  2.53522E+00
  1.42578E-01  2.53228E+00
  1.46484E-01  2.52927E+00
  1.50391E-01  2.52618E+00
  1.54297E-01  2.52301E+00
  1.58203E-01  2.51977E+00
  1.62109E-01  2.51645E+00
  1.66016E-01  2.51306E+00
  1.69922E-01  2.50960E+00
  1.73828E-01  2.50606E+00
  1.77734E-01  2.50245E+00
  1.81641E-01  2.49876E+00
  1.85547E-01  2.49500E+00
  1.89453E-01  2.49117E+00
  1.93359E-01  2.48726E+00
  1.97266E-01  2.48328E+00
  2.01172E-01  2.47923E+00
  2.05078E-01  2.47511E+00
  2.08984E-01  2.47091E+00
  2.12891E-01  2.46663E+00
  2.16797E-01  2.46229E+00
  2.20703E-01  2.45787E+00
  2.24609E-01  2.45338E+00
  2.28516E-01  2.44881E+00
  2.32422E-01  2.44417E+00
  2.36328E-01  2.43946E+00
  2.40234E-01  2.43468E+00
  2.44141E-01  2.42982E+00
  2.48047E-01  2.42489E+00
  2.51953E-01  2.41988E+00
  2.55859E-01  2.41481E+00
  2.59766E-01  2.40966E+00
  2.63672E-01  2.40443E+00
  2.67578E-01  2.39913E+00
  2.71484E-01  2.39376E+00
  2.75391E-01  2.38832E+00
  2.79297E-01  2.38280E+00
  2.83203E-01  2.37720E+00
  2.87109E-01  2.37154E+00
  2.91016E-01  2.36580E+00
  2.94922E-01  2.35998E+00
  2.98828E-01  2.35409E+00
  3.02734E-01  2.34812E+00
  3.06641E-01  2.34208E+00
  3.10547E-01  2.33597E+00
  3.14453E-01  2.32978E+00
  3.18359E-01  2.32351E+00
  3.22266E-01  2.31717E+00
  3.26172E-01  2.31075E+00
  3.30078E-01  2.30425E+00
  3.33984E-01  2.29768E+00
  3.37891E-01  2.29103E+00
  3.41797E-01  2.28430E+00
  3.45703E-01  2.27750E+00
  3.49609E-01  2.27062E+00
  3.53516E-01  2.26366E+00
  3.57422E-01  2.25662E+00
  3.61328E-01  2.24950E+00
  3.65234E-01  2.24230E+00
  3.69141E-01  2.23502E+00
  3.73047E-01  2.22766E+00
  3.76953E-01  2.22022E+00
  3.80859E-01  2.21269E+00
  3.84766E-01  2.20509E+00
  3.88672E-01  2.19740E+00
  3.92578E-01  2.18962E+00
  3.96484E-01  2.18176E+00
  4.00391E-01  2.17382E+00
  4.04297E-01  2.16579E+00
  4.08203E-01  2.15768E+00
  4.12109E-01  2.14947E+00
  4.16016E-01  2.14119E+00
  4.19922E-01  2.13281E+00
  4.23828E-01  2.12434E+00
  4.27734E-01  2.11578E+00
  4.31641E-01  2.10713E+00
  4.35547E-01  2.09839E+00
  4.39453E-01  2.08956E+00
  4.43359E-01  2.08063E+00
  4.47266E-01  2.07161E+00
  4.51172E-01  2.06249E+00
  4.55078E-01  2.05327E+00
  4.58984E-01  2.04395E+00
  4.62891E-01  2.03454E+00
  4.66797E-01  2.02502E+00
  4.70703E-01  2.01540E+00
  4.74609E-01  2.00568E+00
  4.78516E-01  1.99585E+00
  4.82422E-01  1.98591E+00
  4.86328E-01  1.97587E+00
  4.90234E-01  1.96571E+00
  4.94141E-01  1.95544E+00
  4.98047E-01  1.94506E+00
  5.01953E-01  1.93456E+00
  5.05859E-01  1.92395E+00
  5.09766E-01  1.91321E+00
  5.13672E-01  1.90236E+00
  5.17578E-01  1.89137E+00
  5.21484E-01  1.88026E+00
  5.25391E-01  1.86903E+00
  5.29297E-01  1.85766E+00
  5.33203E-01  1.84615E+00
  5.37109E-01  1.83451E+00
  5.41016E-01  1.82273E+00
  5.44922E-01  1.81080E+00
  5.48828E-01  1.79873E+00
  5.52734E-01  1.78650E+00
  5.56641E-01  1.77412E+00
  5.60547E-01  1.76158E+00
  5.64453E-01  1.74888E+00
  5.68359E-01  1.73601E+00
  5.72266E-01  1.72297E+00
  5.76172E-01  1.70975E+00
  5.80078E-01  1.69635E+00
  5.83984E-01  1.68276E+00
  5.87891E-01  1.66897E+00
  5.91797E-01  1.65499E+00
  5.95703E-01  1.64080E+00
  5.99609E-01  1.62639E+00
  6.03516E-01  1.61176E+00
  6.07422E-01  1.59690E+00
  6.11328E-01  1.58180E+00
  6.15234E-01  1.56645E+00
  6.19141E-01  1.55084E+00
  6.23047E-01  1.53496E+00
  6.26953E-01  1.51879E+00
  6.30859E-01  1.50232E+00
  6.34766E-01  1.48554E+00
  6.38672E-01  1.46842E+00
  6.42578E-01  1.45096E+00
  6.46484E-01  1.43314E+00
  6.50391E-01  1.41492E+00
  6.54297E-01  1.39630E+00
  6.58203E-01  1.37723E+00
  6.62109E-01  1.35768E+00
  6.66016E-01  1.33764E+00
  6.69922E-01  1.31705E+00
  6.73828E-01  1.29587E+00
  6.77734E-01  1.27406E+00
  6.81641E-01  1.25155E+00
  6.85547E-01  1.22828E+00
  6.89453E-01  1.20418E+00
  6.93359E-01  1.17913E+00
  6.97266E-01  1.15304E+00
  7.01172E-01  1.12576E+00
  7.05078E-01  1.09713E+00
  7.08984E-01  1.06692E+00
  7.12891E-01  1.03484E+00
  7.16797E-01  1.00045E+00
  7.20703E-01  9.62592E-01
  7.24609E-01  9.14031E-01
  7.28516E-01  8.05477E-01
  7.32422E-01  7.09092E-06
  7.36328E-01  7.00691E-06
  7.40234E-01  6.89609E-06
  7.44141E-01  6.78992E-06
  7.48047E-01  6.68368E-06
  7.51953E-01  6.58191E-06
  7.55859E-01  6.48009E-06
  7.59766E-01  6.38251E-06
  7.63672E-01  6.28487E-06
  7.67578E-01  6.19119E-06
  7.71484E-01  6.09742E-06
  7.75391E-01  6.00742E-06
  7.79297E-01  5.91742E-06
  7.83203E-01  5.83096E-06
  7.87109E-01  5.74443E-06
  7.91016E-01  5.66139E-06
  7.94922E-01  5.57827E-06
  7.98828E-01  5.49840E-06
  8.02734E-01  5.41851E-06
  8.06641E-01  5.34166E-06
  8.10547E-01  5.26481E-06
  8.14453E-01  5.19088E-06
  8.18359E-01  5.11690E-06
  8.22266E-01  5.04580E-06
  8.26172E-01  4.97464E-06
  8.30078E-01  4.90612E-06
  8.33984E-01  4.83767E-06
  8.37891E-01  4.77172E-06
  8.41797E-01  4.70572E-06
  8.45703E-01  4.64223E-06
  8.49609E-01  4.57872E-06
  8.53516E-01  4.51754E-06
  8.57422E-01  4.45630E-06
  8.61328E-01  4.39731E-06
  8.65234E-01  4.33828E-06
  8.69141E-01  4.28146E-06
  8.73047E-01  4.22459E-06
  8.76953E-01  4.16979E-06
  8.80859E-01  4.11493E-06
  8.84766E-01  4.06207E-06
  8.88672E-01  4.00916E-06
  8.92578E-01  3.95817E-06
  8.96484E-01  3.90714E-06
  9.00391E-01  3.85794E-06
  9.04297E-01  3.80867E-06
  9.08203E-01  3.76121E-06
  9.12109E-01  3.71371E-06
  9.16016E-01  3.66791E-06
  9.19922E-01  3.62206E-06
  9.23828E-01  3.57788E-06
  9.27734E-01  3.53366E-06
  9.31641E-01  3.49102E-06
  9.35547E-01  3.44836E-06
  9.39453E-01  3.40726E-06
  9.43359E-01  3.36610E-06
  9.47266E-01  3.32651E-06
  9.51172E-01  3.28684E-06
  9.55078E-01  3.24874E-06
  9.58984E-01  3.21057E-06
  9.62891E-01  3.17400E-06
  9.66797E-01  3.13736E-06
  9.70703E-01  3.10239E-06
  9.74609E-01  3.06741E-06
  9.78516E-01  3.03436E-06
  9.82422E-01  3.00127E-06
  9.86328E-01  2.97097E-06
  9.90234E-01  2.94079E-06
  9.94141E-01  2.91708E-06
  9.98047E-01  2.90557E-06
  1.00195E+00  2.90557E-06
