 -1.95312E-03  2.58816E+00
  1.95312E-03  2.58816E+00
  5.85938E-03  2.58807E+00
  9.76562E-03  2.58789E+00
  1.36719E-02  2.58763E+00
  1.75781E-02  2.58727E+00
  2.14844E-02  2.58682E+00
  2.53906E-02  2.58629E+00
  2.92969E-02  2.58567E+00
  3.32031E-02  2.58496E+00
  3.71094E-02  2.58417E+00
  4.10156E-02  2.58330E+00
  4.49219E-02  2.58233E+00
  4.88281E-02  2.58129E+00
  5.27344E-02  2.58016E+00
  5.66406E-02  2.57895E+00
  6.05469E-02  2.57765E+00
  6.44531E-02  2.57628E+00
  6.83594E-02  2.57482E+00
  7.22656E-02  2.57328E+00
  7.61719E-02  2.57166E+00
  8.00781E-02  2.56996E+00
  8.39844E-02  2.56818E+00
  8.78906E-02  2.56632E+00
  9.17969E-02  2.56438E+00
  9.57031E-02  2.56236E+00
  9.96094E-02  2.56027E+00
  1.03516E-01  2.55809E+00
  1.07422E-01  2.55584E+00
  1.11328E-01  2.55351E+00
  1.15234E-01  2.55110E+00
  1.19141E-01  2.54862E+00
  1.23047E-01  2.54606E+00
  1.26953E-01  2.54342E+00
  1.30859E-01  2.54071E+00
  1.34766E-01  2.53792E+00
  1.38672E-01  2.53505E+00
  1.42578E-01  2.53211E+00
  1.46484E-01  2.52909E+00
  1.50391E-01  2.52600E+00
  1.54297E-01  2.52284E+00
  1.58203E-01  2.51960E+00
  1.62109E-01  2.51628E+00
  1.66016E-01  2.51289E+00
  1.69922E-01  2.50943E+00
  1.73828E-01  2.50589E+00
  1.77734E-01  2.50228E+00
  1.81641E-01  2.49859E+00
  1.85547E-01  2.49483E+00
  1.89453E-01  2.49100E+00
  1.93359E-01  2.48709E+00
  1.97266E-01  2.48312E+00
  2.01172E-01  2.47906E+00
  2.05078E-01  2.47494E+00
  2.08984E-01  2.47074E+00
  2.12891E-01  2.46646E+00
  2.16797E-01  2.46212E+00
  2.20703E-01  2.45770E+00
  2.24609E-01  2.45321E+00
  2.28516E-01  2.44864E+00
  2.32422E-01  2.44400E+00
  2.36328E-01  2.43929E+00
  2.40234E-01  2.43450E+00
  2.44141E-01  2.42965E+00
  2.48047E-01  2.42472E+00
  2.51953E-01  2.41971E+00
  2.55859E-01  2.41464E+00
  2.59766E-01  2.40949E+00
  2.63672E-01  2.40426E+00
  2.67578E-01  2.39896E+00
  2.71484E-01  2.39359E+00
  2.75391E-01  2.38815E+00
  2.79297E-01  2.38263E+00
  2.83203E-01  2.37704E+00
  2.87109E-01  2.37137E+00
  2.91016E-01  2.36563E+00
  2.94922E-01  2.35981E+00
  2.98828E-01  2.35392E+00
  3.02734E-01  2.34796E+00
  3.06641E-01  2.34192E+00
  3.10547E-01  2.33581E+00
  3.14453E-01  2.32961E+00
  3.18359E-01  2.32335E+00
  3.22266E-01  2.31701E+00
  3.26172E-01  2.31059E+00
  3.30078E-01  2.30409E+00
  3.33984E-01  2.29752E+00
  3.37891E-01  2.29087E+00
  3.41797E-01  2.28415E+00
  3.45703E-01  2.27735E+00
  3.49609E-01  2.27046E+00
  3.53516E-01  2.26350E+00
  3.57422E-01  2.25646E+00
  3.61328E-01  2.24935E+00
  3.65234E-01  2.24215E+00
  3.69141E-01  2.23487E+00
  3.73047E-01  2.22751E+00
  3.76953E-01  2.22007E+00
  3.80859E-01  2.21255E+00
  3.84766E-01  2.20495E+00
  3.88672E-01  2.19726E+00
  3.92578E-01  2.18949E+00
  3.96484E-01  2.18164E+00
  4.00391E-01  2.17370E+00
  4.04297E-01  2.16568E+00
  4.08203E-01  2.15757E+00
  4.12109E-01  2.14937E+00
  4.16016E-01  2.14108E+00
  4.19922E-01  2.13271E+00
  4.23828E-01  2.12425E+00
  4.27734E-01  2.11569E+00
  4.31641E-01  2.10705E+00
  4.35547E-01  2.09831E+00
  4.39453E-01  2.08948E+00
  4.43359E-01  2.08056E+00
  4.47266E-01  2.07154E+00
  4.51172E-01  2.06242E+00
  4.55078E-01  2.05321E+00
  4.58984E-01  2.04390E+00
  4.62891E-01  2.03449E+00
  4.66797E-01  2.02498E+00
  4.70703E-01  2.01537E+00
  4.74609E-01  2.00565E+00
  4.78516E-01  1.99583E+00
  4.82422E-01  1.98589E+00
  4.86328E-01  1.97585E+00
  4.90234E-01  1.96571E+00
  4.94141E-01  1.95544E+00
  4.98047E-01  1.94507E+00
  5.01953E-01  1.93458E+00
  5.05859E-01  1.92397E+00
  5.09766E-01  1.91324E+00
  5.13672E-01  1.90238E+00
  5.17578E-01  1.89141E+00
  5.21484E-01  1.88030E+00
  5.25391E-01  1.86907E+00
  5.29297E-01  1.85771E+00
  5.33203E-01  1.84621E+00
  5.37109E-01  1.83457E+00
  5.41016E-01  1.82279E+00
  5.44922E-01  1.81087E+00
  5.48828E-01  1.79880E+00
  5.52734E-01  1.78658E+00
  5.56641E-01  1.77420E+00
  5.60547E-01  1.76167E+00
  5.64453E-01  1.74897E+00
  5.68359E-01  1.73610E+00
  5.72266E-01  1.72306E+00
  5.76172E-01  1.70985E+00
  5.80078E-01  1.69645E+00
  5.83984E-01  1.68286E+00
  5.87891E-01  1.66909E+00
  5.91797E-01  1.65510E+00
  5.95703E-01  1.64092E+00
  5.99609E-01  1.62651E+00
  6.03516E-01  1.61188E+00
  6.07422E-01  1.59703E+00
  6.11328E-01  1.58193E+00
  6.15234E-01  1.56658E+00
  6.19141E-01  1.55097E+00
  6.23047E-01  1.53509E+00
  6.26953E-01  1.51892E+00
  6.30859E-01  1.50245E+00
  6.34766E-01  1.48567E+00
  6.38672E-01  1.46856E+00
  6.42578E-01  1.45110E+00
  6.46484E-01  1.43328E+00
  6.50391E-01  1.41506E+00
  6.54297E-01  1.39643E+00
  6.58203E-01  1.37736E+00
  6.62109E-01  1.35782E+00
  6.66016E-01  1.33777E+00
  6.69922E-01  1.31718E+00
  6.73828E-01  1.29601E+00
  6.77734E-01  1.27420E+00
  6.81641E-01  1.25169E+00
  6.85547E-01  1.22842E+00
  6.89453E-01  1.20431E+00
  6.93359E-01  1.17927E+00
  6.97266E-01  1.15318E+00
  7.01172E-01  1.12590E+00
  7.05078E-01  1.09727E+00
  7.08984E-01  1.06706E+00
  7.12891E-01  1.03499E+00
  7.16797E-01  1.00061E+00
  7.20703E-01  9.62768E-01
  7.24609E-01  9.14249E-01
  7.28516E-01  8.05788E-01
  7.32422E-01  2.61458E-05
  7.36328E-01  2.58360E-05
  7.40234E-01  2.54278E-05
  7.44141E-01  2.50370E-05
  7.48047E-01  2.46459E-05
  7.51953E-01  2.42712E-05
  7.55859E-01  2.38961E-05
  7.59766E-01  2.35362E-05
  7.63672E-01  2.31761E-05
  7.67578E-01  2.28309E-05
  7.71484E-01  2.24854E-05
  7.75391E-01  2.21536E-05
  7.79297E-01  2.18221E-05
  7.83203E-01  2.15033E-05
  7.87109E-01  2.11849E-05
  7.91016E-01  2.08784E-05
  7.94922E-01  2.05724E-05
  7.98828E-01  2.02777E-05
  8.02734E-01  1.99835E-05
  8.06641E-01  1.97003E-05
  8.10547E-01  1.94171E-05
  8.14453E-01  1.91448E-05
  8.18359E-01  1.88724E-05
  8.22266E-01  1.86101E-05
  8.26172E-01  1.83481E-05
  8.30078E-01  1.80958E-05
  8.33984E-01  1.78434E-05
  8.37891E-01  1.76003E-05
  8.41797E-01  1.73570E-05
  8.45703E-01  1.71231E-05
  8.49609E-01  1.68889E-05
  8.53516E-01  1.66634E-05
  8.57422E-01  1.64376E-05
  8.61328E-01  1.62201E-05
  8.65234E-01  1.60024E-05
  8.69141E-01  1.57927E-05
  8.73047E-01  1.55828E-05
  8.76953E-01  1.53805E-05
  8.80859E-01  1.51778E-05
  8.84766E-01  1.49827E-05
  8.88672E-01  1.47874E-05
  8.92578E-01  1.45990E-05
  8.96484E-01  1.44107E-05
  9.00391E-01  1.42290E-05
  9.04297E-01  1.40472E-05
  9.08203E-01  1.38717E-05
  9.12109E-01  1.36964E-05
  9.16016E-01  1.35271E-05
  9.19922E-01  1.33578E-05
  9.23828E-01  1.31946E-05
  9.27734E-01  1.30312E-05
  9.31641E-01  1.28738E-05
  9.35547E-01  1.27162E-05
  9.39453E-01  1.25644E-05
  9.43359E-01  1.24124E-05
  9.47266E-01  1.22663E-05
  9.51172E-01  1.21199E-05
  9.55078E-01  1.19793E-05
  9.58984E-01  1.18387E-05
  9.62891E-01  1.17038E-05
  9.66797E-01  1.15688E-05
  9.70703E-01  1.14402E-05
  9.74609E-01  1.13113E-05
  9.78516E-01  1.11896E-05
  9.82422E-01  1.10677E-05
  9.86328E-01  1.09560E-05
  9.90234E-01  1.08443E-05
  9.94141E-01  1.07568E-05
  9.98047E-01  1.07145E-05
  1.00195E+00  1.07145E-05
