1.000000000000000e+00 4.444476960166218e-01
9.977386934673367e-01 4.444476960166218e-01
9.954773869346734e-01 4.444476960166218e-01
9.932160804020100e-01 4.444476960166218e-01
9.909547738693467e-01 4.444476960166218e-01
9.886934673366834e-01 4.444476960166218e-01
9.864321608040201e-01 4.444476960166218e-01
9.841708542713568e-01 4.444476960166218e-01
9.819095477386934e-01 4.444476960166218e-01
9.796482412060301e-01 4.444476960166218e-01
9.773869346733668e-01 4.444476960166218e-01
9.751256281407035e-01 4.444476960166218e-01
9.728643216080402e-01 4.444476960166218e-01
9.706030150753768e-01 4.444476960166218e-01
9.683417085427136e-01 4.444476960166218e-01
9.660804020100503e-01 4.444476960166218e-01
9.638190954773870e-01 4.444476960166218e-01
9.615577889447237e-01 4.444476960166218e-01
9.592964824120603e-01 4.444476960166218e-01
9.570351758793970e-01 4.444476960166218e-01
9.547738693467337e-01 4.444476960166218e-01
9.525125628140704e-01 4.444476960166218e-01
9.502512562814071e-01 4.444476960166218e-01
9.479899497487437e-01 4.444476960166218e-01
9.457286432160804e-01 4.444476960166218e-01
9.434673366834171e-01 4.444476960166218e-01
9.412060301507538e-01 4.444476960166218e-01
9.389447236180906e-01 4.444476960166218e-01
9.366834170854272e-01 4.444476960166218e-01
9.344221105527639e-01 4.444476960166218e-01
9.321608040201006e-01 4.444476960166218e-01
9.298994974874373e-01 4.444476960166218e-01
9.276381909547740e-01 4.444476960166218e-01
9.253768844221106e-01 4.444476960166218e-01
9.231155778894473e-01 4.444476960166218e-01
9.208542713567840e-01 4.444476960166218e-01
9.185929648241207e-01 4.444476960166218e-01
9.163316582914574e-01 4.444476960166218e-01
9.140703517587940e-01 4.444476960166218e-01
9.118090452261307e-01 4.444476960166218e-01
9.095477386934674e-01 4.444476960166218e-01
9.072864321608041e-01 4.444476960166218e-01
9.050251256281407e-01 4.444476960166218e-01
9.027638190954774e-01 4.444476960166218e-01
9.005025125628141e-01 4.444476960166218e-01
8.982412060301508e-01 4.444476960166218e-01
8.959798994974875e-01 4.444476960166218e-01
8.937185929648241e-01 4.444476960166218e-01
8.914572864321608e-01 4.444476960166218e-01
8.891959798994975e-01 4.444476960166218e-01
8.869346733668342e-01 4.444476960166218e-01
8.846733668341709e-01 4.444476960166218e-01
8.824120603015075e-01 4.444476960166218e-01
8.801507537688442e-01 4.444476960166218e-01
8.778894472361809e-01 4.444476960166218e-01
8.756281407035176e-01 4.444476960166218e-01
8.733668341708543e-01 4.444476960166218e-01
8.711055276381909e-01 4.444476960166218e-01
8.688442211055276e-01 4.444476960166218e-01
8.665829145728643e-01 4.444476960166218e-01
8.643216080402010e-01 4.444476960166218e-01
8.620603015075377e-01 4.444476960166218e-01
8.597989949748743e-01 4.444476960166218e-01
8.575376884422110e-01 4.444476960166218e-01
8.552763819095477e-01 4.444476960166218e-01
8.530150753768845e-01 4.444476960166218e-01
8.507537688442212e-01 4.444476960166218e-01
8.484924623115578e-01 4.444476960166218e-01
8.462311557788945e-01 4.444476960166218e-01
8.439698492462312e-01 4.444476960166218e-01
8.417085427135679e-01 4.444476960166218e-01
8.394472361809046e-01 4.444476960166218e-01
8.371859296482412e-01 4.444476960166218e-01
8.349246231155779e-01 4.444476960166218e-01
8.326633165829146e-01 4.444476960166218e-01
8.304020100502513e-01 4.444476960166218e-01
8.281407035175880e-01 4.444476960166218e-01
8.258793969849246e-01 4.444476960166218e-01
8.236180904522614e-01 4.444476960166218e-01
8.213567839195981e-01 4.444476960166218e-01
8.190954773869348e-01 4.444476960166218e-01
8.168341708542715e-01 4.444476960166218e-01
8.145728643216081e-01 4.444476960166218e-01
8.123115577889448e-01 4.444476960166218e-01
8.100502512562815e-01 4.444476960166218e-01
8.077889447236182e-01 4.444476960166218e-01
8.055276381909549e-01 4.444476960166218e-01
8.032663316582915e-01 4.444476960166218e-01
8.010050251256282e-01 4.444476960166218e-01
7.987437185929649e-01 4.444476960166218e-01
7.964824120603016e-01 4.444476960166218e-01
7.942211055276382e-01 4.444476960166218e-01
7.919597989949749e-01 4.444476960166218e-01
7.896984924623116e-01 4.444476960166218e-01
7.874371859296483e-01 4.444476960166218e-01
7.851758793969850e-01 4.444476960166218e-01
7.829145728643216e-01 4.444476960166218e-01
7.806532663316583e-01 4.444476960166218e-01
7.783919597989950e-01 4.444476960166218e-01
7.761306532663317e-01 4.444476960166218e-01
7.738693467336684e-01 4.444476960166218e-01
7.716080402010050e-01 4.444476960166218e-01
7.693467336683417e-01 4.444476960166218e-01
7.670854271356784e-01 4.444476960166218e-01
7.648241206030151e-01 4.444476960166218e-01
7.625628140703518e-01 4.444476960166218e-01
7.603015075376884e-01 4.444476960166218e-01
7.580402010050251e-01 4.444476960166218e-01
7.557788944723618e-01 4.444476960166218e-01
7.535175879396985e-01 4.444476960166218e-01
7.512562814070352e-01 4.444476960166218e-01
7.489949748743718e-01 4.444476960166218e-01
7.467336683417085e-01 4.444476960166218e-01
7.444723618090453e-01 4.444476960166218e-01
7.422110552763820e-01 4.444476960166218e-01
7.399497487437187e-01 4.444476960166218e-01
7.376884422110553e-01 4.444476960166218e-01
7.354271356783920e-01 4.444476960166218e-01
7.331658291457287e-01 4.444476960166218e-01
7.309045226130654e-01 4.444476960166218e-01
7.286432160804021e-01 4.444476960166218e-01
7.263819095477387e-01 4.444476960166218e-01
7.241206030150754e-01 4.444476960166218e-01
7.218592964824121e-01 4.444476960166218e-01
7.195979899497488e-01 4.444476960166218e-01
7.173366834170855e-01 4.444476960166218e-01
7.150753768844221e-01 4.444476960166218e-01
7.128140703517588e-01 4.444476960166218e-01
7.105527638190955e-01 4.444476960166218e-01
7.082914572864322e-01 4.444476960166218e-01
7.060301507537688e-01 4.444476960166218e-01
7.037688442211055e-01 4.444476960166218e-01
7.015075376884423e-01 4.444476960166218e-01
6.992462311557790e-01 4.444476960166218e-01
6.969849246231157e-01 4.444476960166218e-01
6.947236180904524e-01 4.444476960166218e-01
6.924623115577890e-01 4.444476960166218e-01
6.902010050251257e-01 4.444476960166218e-01
6.879396984924624e-01 4.444476960166218e-01
6.856783919597991e-01 4.444476960166218e-01
6.834170854271358e-01 4.444476960166218e-01
6.811557788944724e-01 4.444476960166218e-01
6.788944723618091e-01 4.444476960166218e-01
6.766331658291458e-01 4.444476960166218e-01
6.743718592964825e-01 4.444476960166218e-01
6.721105527638191e-01 4.444476960166218e-01
6.698492462311558e-01 4.444476960166218e-01
6.675879396984925e-01 4.444476960166218e-01
6.653266331658292e-01 4.444476960166218e-01
6.630653266331659e-01 4.444476960166218e-01
6.608040201005025e-01 4.444476960166218e-01
6.585427135678392e-01 4.444476960166218e-01
6.562814070351759e-01 4.444476960166218e-01
6.540201005025126e-01 4.444476960166218e-01
6.517587939698493e-01 4.444476960166218e-01
6.494974874371859e-01 4.444476960166218e-01
6.472361809045226e-01 4.444476960166218e-01
6.449748743718593e-01 4.444476960166218e-01
6.427135678391960e-01 4.444476960166218e-01
6.404522613065327e-01 4.444476960166218e-01
6.381909547738693e-01 4.444476960166218e-01
6.359296482412060e-01 4.444476960166218e-01
6.336683417085427e-01 4.444476960166218e-01
6.314070351758795e-01 4.444476960166218e-01
6.291457286432162e-01 4.444476960166218e-01
6.268844221105528e-01 4.444476960166218e-01
6.246231155778895e-01 4.444476960166218e-01
6.223618090452262e-01 4.444476960166218e-01
6.201005025125629e-01 4.444476960166218e-01
6.178391959798996e-01 4.444476960166218e-01
6.155778894472362e-01 4.444476960166218e-01
6.133165829145729e-01 4.444476960166218e-01
6.110552763819096e-01 4.444476960166218e-01
6.087939698492463e-01 4.444476960166218e-01
6.065326633165830e-01 4.444476960166218e-01
6.042713567839196e-01 4.444476960166218e-01
6.020100502512563e-01 4.444476960166218e-01
5.997487437185930e-01 4.444476960166218e-01
5.974874371859297e-01 4.444476960166218e-01
5.952261306532663e-01 4.444476960166218e-01
5.929648241206030e-01 4.444476960166218e-01
5.907035175879397e-01 4.444476960166218e-01
5.884422110552764e-01 4.444476960166218e-01
5.861809045226131e-01 4.444476960166218e-01
5.839195979899497e-01 4.444476960166218e-01
5.816582914572864e-01 4.444476960166218e-01
5.793969849246232e-01 4.444476960166218e-01
5.771356783919599e-01 4.444476960166218e-01
5.748743718592966e-01 4.444476960166218e-01
5.726130653266333e-01 4.444476960166218e-01
5.703517587939699e-01 4.444476960166218e-01
5.680904522613066e-01 4.444476960166218e-01
5.658291457286433e-01 4.444476960166218e-01
5.635678391959800e-01 4.444476960166218e-01
5.613065326633166e-01 4.444476960166218e-01
5.590452261306533e-01 4.444476960166218e-01
5.567839195979900e-01 4.444476960166218e-01
5.545226130653267e-01 4.444476960166218e-01
5.522613065326634e-01 4.444476960166218e-01
5.500000000000000e-01 4.444476960166218e-01
