 -1.95312E-03  2.67376E+00
  1.95312E-03  2.67474E+00
  5.85938E-03  2.67059E+00
  9.76562E-03  2.66709E+00
  1.36719E-02  2.66363E+00
  1.75781E-02  2.66014E+00
  2.14844E-02  2.65659E+00
  2.53906E-02  2.65297E+00
  2.92969E-02  2.64927E+00
  3.32031E-02  2.64550E+00
  3.71094E-02  2.64166E+00
  4.10156E-02  2.63774E+00
  4.49219E-02  2.63375E+00
  4.88281E-02  2.62968E+00
  5.27344E-02  2.62553E+00
  5.66406E-02  2.62131E+00
  6.05469E-02  2.61701E+00
  6.44531E-02  2.61264E+00
  6.83594E-02  2.60818E+00
  7.22656E-02  2.60366E+00
  7.61719E-02  2.59905E+00
  8.00781E-02  2.59438E+00
  8.39844E-02  2.58962E+00
  8.78906E-02  2.58479E+00
  9.17969E-02  2.57989E+00
  9.57031E-02  2.57491E+00
  9.96094E-02  2.56985E+00
  1.03516E-01  2.56472E+00
  1.07422E-01  2.55952E+00
  1.11328E-01  2.55423E+00
  1.15234E-01  2.54888E+00
  1.19141E-01  2.54345E+00
  1.23047E-01  2.53794E+00
  1.26953E-01  2.53236E+00
  1.30859E-01  2.52670E+00
  1.34766E-01  2.52097E+00
  1.38672E-01  2.51516E+00
  1.42578E-01  2.50928E+00
  1.46484E-01  2.50332E+00
  1.50391E-01  2.49729E+00
  1.54297E-01  2.49118E+00
  1.58203E-01  2.48500E+00
  1.62109E-01  2.47874E+00
  1.66016E-01  2.47240E+00
  1.69922E-01  2.46599E+00
  1.73828E-01  2.45950E+00
  1.77734E-01  2.45293E+00
  1.81641E-01  2.44629E+00
  1.85547E-01  2.43957E+00
  1.89453E-01  2.43278E+00
  1.93359E-01  2.42591E+00
  1.97266E-01  2.41896E+00
  2.01172E-01  2.41194E+00
  2.05078E-01  2.40483E+00
  2.08984E-01  2.39765E+00
  2.12891E-01  2.39040E+00
  2.16797E-01  2.38306E+00
  2.20703E-01  2.37565E+00
  2.24609E-01  2.36816E+00
  2.28516E-01  2.36059E+00
  2.32422E-01  2.35294E+00
  2.36328E-01  2.34521E+00
  2.40234E-01  2.33741E+00
  2.44141E-01  2.32952E+00
  2.48047E-01  2.32156E+00
  2.51953E-01  2.31352E+00
  2.55859E-01  2.30539E+00
  2.59766E-01  2.29719E+00
  2.63672E-01  2.28891E+00
  2.67578E-01  2.28054E+00
  2.71484E-01  2.27209E+00
  2.75391E-01  2.26356E+00
  2.79297E-01  2.25495E+00
  2.83203E-01  2.24625E+00
  2.87109E-01  2.23747E+00
  2.91016E-01  2.22860E+00
  2.94922E-01  2.21965E+00
  2.98828E-01  2.21061E+00
  3.02734E-01  2.20149E+00
  3.06641E-01  2.19229E+00
  3.10547E-01  2.18299E+00
  3.14453E-01  2.17361E+00
  3.18359E-01  2.16414E+00
  3.22266E-01  2.15458E+00
  3.26172E-01  2.14494E+00
  3.30078E-01  2.13520E+00
  3.33984E-01  2.12538E+00
  3.37891E-01  2.11546E+00
  3.41797E-01  2.10545E+00
  3.45703E-01  2.09535E+00
  3.49609E-01  2.08515E+00
  3.53516E-01  2.07486E+00
  3.57422E-01  2.06447E+00
  3.61328E-01  2.05399E+00
  3.65234E-01  2.04341E+00
  3.69141E-01  2.03274E+00
  3.73047E-01  2.02196E+00
  3.76953E-01  2.01109E+00
  3.80859E-01  2.00012E+00
  3.84766E-01  1.98904E+00
  3.88672E-01  1.97787E+00
  3.92578E-01  1.96659E+00
  3.96484E-01  1.95521E+00
  4.00391E-01  1.94372E+00
  4.04297E-01  1.93213E+00
  4.08203E-01  1.92043E+00
  4.12109E-01  1.90862E+00
  4.16016E-01  1.89670E+00
  4.19922E-01  1.88467E+00
  4.23828E-01  1.87253E+00
  4.27734E-01  1.86028E+00
  4.31641E-01  1.84791E+00
  4.35547E-01  1.83542E+00
  4.39453E-01  1.82281E+00
  4.43359E-01  1.81009E+00
  4.47266E-01  1.79724E+00
  4.51172E-01  1.78428E+00
  4.55078E-01  1.77119E+00
  4.58984E-01  1.75797E+00
  4.62891E-01  1.74462E+00
  4.66797E-01  1.73115E+00
  4.70703E-01  1.71755E+00
  4.74609E-01  1.70382E+00
  4.78516E-01  1.68995E+00
  4.82422E-01  1.67594E+00
  4.86328E-01  1.66180E+00
  4.90234E-01  1.64751E+00
  4.94141E-01  1.63309E+00
  4.98047E-01  1.61852E+00
  5.01953E-01  1.60380E+00
  5.05859E-01  1.58894E+00
  5.09766E-01  1.57392E+00
  5.13672E-01  1.55875E+00
  5.17578E-01  1.54342E+00
  5.21484E-01  1.52793E+00
  5.25391E-01  1.51229E+00
  5.29297E-01  1.49647E+00
  5.33203E-01  1.48050E+00
  5.37109E-01  1.46436E+00
  5.41016E-01  1.44804E+00
  5.44922E-01  1.43156E+00
  5.48828E-01  1.41490E+00
  5.52734E-01  1.39806E+00
  5.56641E-01  1.38105E+00
  5.60547E-01  1.36386E+00
  5.64453E-01  1.34648E+00
  5.68359E-01  1.32891E+00
  5.72266E-01  1.31116E+00
  5.76172E-01  1.29322E+00
  5.80078E-01  1.27509E+00
  5.83984E-01  1.25677E+00
  5.87891E-01  1.23825E+00
  5.91797E-01  1.21955E+00
  5.95703E-01  1.20065E+00
  5.99609E-01  1.18157E+00
  6.03516E-01  1.16231E+00
  6.07422E-01  1.14286E+00
  6.11328E-01  1.12324E+00
  6.15234E-01  1.10345E+00
  6.19141E-01  1.08350E+00
  6.23047E-01  1.06339E+00
  6.26953E-01  1.04314E+00
  6.30859E-01  1.02276E+00
  6.34766E-01  1.00227E+00
  6.38672E-01  9.81702E-01
  6.42578E-01  9.61068E-01
  6.46484E-01  9.40394E-01
  6.50391E-01  9.19715E-01
  6.54297E-01  8.99070E-01
  6.58203E-01  8.78498E-01
  6.62109E-01  8.58050E-01
  6.66016E-01  8.37771E-01
  6.69922E-01  8.17717E-01
  6.73828E-01  7.97960E-01
  6.77734E-01  7.78560E-01
  6.81641E-01  7.59584E-01
  6.85547E-01  7.41089E-01
  6.89453E-01  7.23146E-01
  6.93359E-01  7.05808E-01
  6.97266E-01  6.89131E-01
  7.01172E-01  6.73141E-01
  7.05078E-01  6.57877E-01
  7.08984E-01  6.43362E-01
  7.12891E-01  6.29595E-01
  7.16797E-01  6.16573E-01
  7.20703E-01  6.04269E-01
  7.24609E-01  5.92658E-01
  7.28516E-01  5.81708E-01
  7.32422E-01  5.71379E-01
  7.36328E-01  5.61634E-01
  7.40234E-01  5.52410E-01
  7.44141E-01  5.43682E-01
  7.48047E-01  5.35381E-01
  7.51953E-01  5.27465E-01
  7.55859E-01  5.19919E-01
  7.59766E-01  5.12685E-01
  7.63672E-01  5.05737E-01
  7.67578E-01  4.99047E-01
  7.71484E-01  4.92599E-01
  7.75391E-01  4.86362E-01
  7.79297E-01  4.80319E-01
  7.83203E-01  4.74462E-01
  7.87109E-01  4.68757E-01
  7.91016E-01  4.63197E-01
  7.94922E-01  4.57767E-01
  7.98828E-01  4.52471E-01
  8.02734E-01  4.47304E-01
  8.06641E-01  4.42250E-01
  8.10547E-01  4.37282E-01
  8.14453E-01  4.32401E-01
  8.18359E-01  4.27622E-01
  8.22266E-01  4.22915E-01
  8.26172E-01  4.18307E-01
  8.30078E-01  4.13773E-01
  8.33984E-01  4.09345E-01
  8.37891E-01  4.04989E-01
  8.41797E-01  4.00715E-01
  8.45703E-01  3.96495E-01
  8.49609E-01  3.92330E-01
  8.53516E-01  3.88238E-01
  8.57422E-01  3.84211E-01
  8.61328E-01  3.80214E-01
  8.65234E-01  3.76296E-01
  8.69141E-01  3.72445E-01
  8.73047E-01  3.68639E-01
  8.76953E-01  3.64867E-01
  8.80859E-01  3.61168E-01
  8.84766E-01  3.57535E-01
  8.88672E-01  3.53974E-01
  8.92578E-01  3.50499E-01
  8.96484E-01  3.47037E-01
  9.00391E-01  3.43615E-01
  9.04297E-01  3.40244E-01
  9.08203E-01  3.36923E-01
  9.12109E-01  3.33654E-01
  9.16016E-01  3.30428E-01
  9.19922E-01  3.27254E-01
  9.23828E-01  3.24116E-01
  9.27734E-01  3.21023E-01
  9.31641E-01  3.17935E-01
  9.35547E-01  3.14889E-01
  9.39453E-01  3.11876E-01
  9.43359E-01  3.08910E-01
  9.47266E-01  3.05976E-01
  9.51172E-01  3.03083E-01
  9.55078E-01  3.00220E-01
  9.58984E-01  2.97391E-01
  9.62891E-01  2.94588E-01
  9.66797E-01  2.91814E-01
  9.70703E-01  2.89060E-01
  9.74609E-01  2.86326E-01
  9.78516E-01  2.83599E-01
  9.82422E-01  2.80880E-01
  9.86328E-01  2.78147E-01
  9.90234E-01  2.75393E-01
  9.94141E-01  2.72587E-01
  9.98047E-01  2.69680E-01
  1.00195E+00  2.69680E-01
