 -1.95312E-03  2.96404E+00
  1.95312E-03  2.96416E+00
  5.85938E-03  2.95997E+00
  9.76562E-03  2.95649E+00
  1.36719E-02  2.95307E+00
  1.75781E-02  2.94962E+00
  2.14844E-02  2.94611E+00
  2.53906E-02  2.94255E+00
  2.92969E-02  2.93893E+00
  3.32031E-02  2.93525E+00
  3.71094E-02  2.93149E+00
  4.10156E-02  2.92768E+00
  4.49219E-02  2.92380E+00
  4.88281E-02  2.91985E+00
  5.27344E-02  2.91583E+00
  5.66406E-02  2.91175E+00
  6.05469E-02  2.90761E+00
  6.44531E-02  2.90339E+00
  6.83594E-02  2.89912E+00
  7.22656E-02  2.89477E+00
  7.61719E-02  2.89036E+00
  8.00781E-02  2.88589E+00
  8.39844E-02  2.88134E+00
  8.78906E-02  2.87674E+00
  9.17969E-02  2.87206E+00
  9.57031E-02  2.86732E+00
  9.96094E-02  2.86252E+00
  1.03516E-01  2.85765E+00
  1.07422E-01  2.85271E+00
  1.11328E-01  2.84771E+00
  1.15234E-01  2.84265E+00
  1.19141E-01  2.83752E+00
  1.23047E-01  2.83232E+00
  1.26953E-01  2.82706E+00
  1.30859E-01  2.82173E+00
  1.34766E-01  2.81634E+00
  1.38672E-01  2.81089E+00
  1.42578E-01  2.80536E+00
  1.46484E-01  2.79978E+00
  1.50391E-01  2.79413E+00
  1.54297E-01  2.78841E+00
  1.58203E-01  2.78263E+00
  1.62109E-01  2.77678E+00
  1.66016E-01  2.77087E+00
  1.69922E-01  2.76489E+00
  1.73828E-01  2.75885E+00
  1.77734E-01  2.75274E+00
  1.81641E-01  2.74656E+00
  1.85547E-01  2.74032E+00
  1.89453E-01  2.73401E+00
  1.93359E-01  2.72764E+00
  1.97266E-01  2.72120E+00
  2.01172E-01  2.71470E+00
  2.05078E-01  2.70813E+00
  2.08984E-01  2.70149E+00
  2.12891E-01  2.69479E+00
  2.16797E-01  2.68802E+00
  2.20703E-01  2.68118E+00
  2.24609E-01  2.67428E+00
  2.28516E-01  2.66731E+00
  2.32422E-01  2.66027E+00
  2.36328E-01  2.65317E+00
  2.40234E-01  2.64599E+00
  2.44141E-01  2.63875E+00
  2.48047E-01  2.63144E+00
  2.51953E-01  2.62406E+00
  2.55859E-01  2.61661E+00
  2.59766E-01  2.60909E+00
  2.63672E-01  2.60150E+00
  2.67578E-01  2.59385E+00
  2.71484E-01  2.58612E+00
  2.75391E-01  2.57833E+00
  2.79297E-01  2.57047E+00
  2.83203E-01  2.56253E+00
  2.87109E-01  2.55452E+00
  2.91016E-01  2.54645E+00
  2.94922E-01  2.53830E+00
  2.98828E-01  2.53008E+00
  3.02734E-01  2.52179E+00
  3.06641E-01  2.51343E+00
  3.10547E-01  2.50499E+00
  3.14453E-01  2.49649E+00
  3.18359E-01  2.48790E+00
  3.22266E-01  2.47924E+00
  3.26172E-01  2.47051E+00
  3.30078E-01  2.46171E+00
  3.33984E-01  2.45282E+00
  3.37891E-01  2.44386E+00
  3.41797E-01  2.43483E+00
  3.45703E-01  2.42571E+00
  3.49609E-01  2.41652E+00
  3.53516E-01  2.40725E+00
  3.57422E-01  2.39790E+00
  3.61328E-01  2.38847E+00
  3.65234E-01  2.37896E+00
  3.69141E-01  2.36938E+00
  3.73047E-01  2.35971E+00
  3.76953E-01  2.34995E+00
  3.80859E-01  2.34012E+00
  3.84766E-01  2.33020E+00
  3.88672E-01  2.32019E+00
  3.92578E-01  2.31010E+00
  3.96484E-01  2.29991E+00
  4.00391E-01  2.28965E+00
  4.04297E-01  2.27929E+00
  4.08203E-01  2.26884E+00
  4.12109E-01  2.25831E+00
  4.16016E-01  2.24768E+00
  4.19922E-01  2.23696E+00
  4.23828E-01  2.22615E+00
  4.27734E-01  2.21525E+00
  4.31641E-01  2.20425E+00
  4.35547E-01  2.19315E+00
  4.39453E-01  2.18195E+00
  4.43359E-01  2.17065E+00
  4.47266E-01  2.15925E+00
  4.51172E-01  2.14775E+00
  4.55078E-01  2.13614E+00
  4.58984E-01  2.12442E+00
  4.62891E-01  2.11259E+00
  4.66797E-01  2.10065E+00
  4.70703E-01  2.08859E+00
  4.74609E-01  2.07642E+00
  4.78516E-01  2.06412E+00
  4.82422E-01  2.05171E+00
  4.86328E-01  2.03918E+00
  4.90234E-01  2.02652E+00
  4.94141E-01  2.01373E+00
  4.98047E-01  2.00082E+00
  5.01953E-01  1.98777E+00
  5.05859E-01  1.97459E+00
  5.09766E-01  1.96127E+00
  5.13672E-01  1.94781E+00
  5.17578E-01  1.93420E+00
  5.21484E-01  1.92044E+00
  5.25391E-01  1.90652E+00
  5.29297E-01  1.89245E+00
  5.33203E-01  1.87821E+00
  5.37109E-01  1.86381E+00
  5.41016E-01  1.84925E+00
  5.44922E-01  1.83450E+00
  5.48828E-01  1.81958E+00
  5.52734E-01  1.80447E+00
  5.56641E-01  1.78917E+00
  5.60547E-01  1.77367E+00
  5.64453E-01  1.75796E+00
  5.68359E-01  1.74205E+00
  5.72266E-01  1.72592E+00
  5.76172E-01  1.70957E+00
  5.80078E-01  1.69297E+00
  5.83984E-01  1.67613E+00
  5.87891E-01  1.65904E+00
  5.91797E-01  1.64168E+00
  5.95703E-01  1.62404E+00
  5.99609E-01  1.60610E+00
  6.03516E-01  1.58787E+00
  6.07422E-01  1.56931E+00
  6.11328E-01  1.55042E+00
  6.15234E-01  1.53117E+00
  6.19141E-01  1.51155E+00
  6.23047E-01  1.49154E+00
  6.26953E-01  1.47110E+00
  6.30859E-01  1.45022E+00
  6.34766E-01  1.42885E+00
  6.38672E-01  1.40697E+00
  6.42578E-01  1.38455E+00
  6.46484E-01  1.36153E+00
  6.50391E-01  1.33786E+00
  6.54297E-01  1.31350E+00
  6.58203E-01  1.28836E+00
  6.62109E-01  1.26238E+00
  6.66016E-01  1.23545E+00
  6.69922E-01  1.20748E+00
  6.73828E-01  1.17831E+00
  6.77734E-01  1.14778E+00
  6.81641E-01  1.11569E+00
  6.85547E-01  1.08175E+00
  6.89453E-01  1.04559E+00
  6.93359E-01  1.00662E+00
  6.97266E-01  9.63113E-01
  7.01172E-01  9.04982E-01
  7.05078E-01  7.76005E-01
  7.08984E-01  2.92387E-03
  7.12891E-01  2.88698E-03
  7.16797E-01  2.83882E-03
  7.20703E-01  2.79285E-03
  7.24609E-01  2.74674E-03
  7.28516E-01  2.70253E-03
  7.32422E-01  2.65829E-03
  7.36328E-01  2.61594E-03
  7.40234E-01  2.57360E-03
  7.44141E-01  2.53318E-03
  7.48047E-01  2.49282E-03
  7.51953E-01  2.45400E-03
  7.55859E-01  2.41507E-03
  7.59766E-01  2.37772E-03
  7.63672E-01  2.34047E-03
  7.67578E-01  2.30483E-03
  7.71484E-01  2.26921E-03
  7.75391E-01  2.23461E-03
  7.79297E-01  2.20019E-03
  7.83203E-01  2.16722E-03
  7.87109E-01  2.13449E-03
  7.91016E-01  2.10284E-03
  7.94922E-01  2.07109E-03
  7.98828E-01  2.04047E-03
  8.02734E-01  2.01010E-03
  8.06641E-01  1.98085E-03
  8.10547E-01  1.95177E-03
  8.14453E-01  1.92357E-03
  8.18359E-01  1.89543E-03
  8.22266E-01  1.86826E-03
  8.26172E-01  1.84123E-03
  8.30078E-01  1.81516E-03
  8.33984E-01  1.78917E-03
  8.37891E-01  1.76416E-03
  8.41797E-01  1.73914E-03
  8.45703E-01  1.71496E-03
  8.49609E-01  1.69079E-03
  8.53516E-01  1.66749E-03
  8.57422E-01  1.64422E-03
  8.61328E-01  1.62186E-03
  8.65234E-01  1.59954E-03
  8.69141E-01  1.57805E-03
  8.73047E-01  1.55651E-03
  8.76953E-01  1.53571E-03
  8.80859E-01  1.51491E-03
  8.84766E-01  1.49490E-03
  8.88672E-01  1.47495E-03
  8.92578E-01  1.45581E-03
  8.96484E-01  1.43664E-03
  9.00391E-01  1.41814E-03
  9.04297E-01  1.39965E-03
  9.08203E-01  1.38191E-03
  9.12109E-01  1.36426E-03
  9.16016E-01  1.34726E-03
  9.19922E-01  1.33023E-03
  9.23828E-01  1.31389E-03
  9.27734E-01  1.29769E-03
  9.31641E-01  1.28202E-03
  9.35547E-01  1.26634E-03
  9.39453E-01  1.25133E-03
  9.43359E-01  1.23659E-03
  9.47266E-01  1.22204E-03
  9.51172E-01  1.20784E-03
  9.55078E-01  1.19419E-03
  9.58984E-01  1.18049E-03
  9.62891E-01  1.16731E-03
  9.66797E-01  1.15438E-03
  9.70703E-01  1.14161E-03
  9.74609E-01  1.12912E-03
  9.78516E-01  1.11685E-03
  9.82422E-01  1.10488E-03
  9.86328E-01  1.09319E-03
  9.90234E-01  1.08226E-03
  9.94141E-01  1.07327E-03
  9.98047E-01  1.06902E-03
  1.00195E+00  1.06902E-03
