 -1.95312E-03  2.96383E+00
  1.95312E-03  2.96395E+00
  5.85938E-03  2.95976E+00
  9.76562E-03  2.95628E+00
  1.36719E-02  2.95286E+00
  1.75781E-02  2.94940E+00
  2.14844E-02  2.94590E+00
  2.53906E-02  2.94234E+00
  2.92969E-02  2.93872E+00
  3.32031E-02  2.93503E+00
  3.71094E-02  2.93128E+00
  4.10156E-02  2.92747E+00
  4.49219E-02  2.92358E+00
  4.88281E-02  2.91963E+00
  5.27344E-02  2.91562E+00
  5.66406E-02  2.91154E+00
  6.05469E-02  2.90739E+00
  6.44531E-02  2.90318E+00
  6.83594E-02  2.89890E+00
  7.22656E-02  2.89455E+00
  7.61719E-02  2.89014E+00
  8.00781E-02  2.88567E+00
  8.39844E-02  2.88112E+00
  8.78906E-02  2.87652E+00
  9.17969E-02  2.87184E+00
  9.57031E-02  2.86710E+00
  9.96094E-02  2.86230E+00
  1.03516E-01  2.85743E+00
  1.07422E-01  2.85249E+00
  1.11328E-01  2.84749E+00
  1.15234E-01  2.84243E+00
  1.19141E-01  2.83729E+00
  1.23047E-01  2.83210E+00
  1.26953E-01  2.82684E+00
  1.30859E-01  2.82151E+00
  1.34766E-01  2.81612E+00
  1.38672E-01  2.81067E+00
  1.42578E-01  2.80515E+00
  1.46484E-01  2.79956E+00
  1.50391E-01  2.79391E+00
  1.54297E-01  2.78819E+00
  1.58203E-01  2.78241E+00
  1.62109E-01  2.77657E+00
  1.66016E-01  2.77065E+00
  1.69922E-01  2.76468E+00
  1.73828E-01  2.75863E+00
  1.77734E-01  2.75252E+00
  1.81641E-01  2.74634E+00
  1.85547E-01  2.74010E+00
  1.89453E-01  2.73379E+00
  1.93359E-01  2.72742E+00
  1.97266E-01  2.72098E+00
  2.01172E-01  2.71448E+00
  2.05078E-01  2.70791E+00
  2.08984E-01  2.70127E+00
  2.12891E-01  2.69457E+00
  2.16797E-01  2.68780E+00
  2.20703E-01  2.68097E+00
  2.24609E-01  2.67406E+00
  2.28516E-01  2.66710E+00
  2.32422E-01  2.66006E+00
  2.36328E-01  2.65295E+00
  2.40234E-01  2.64578E+00
  2.44141E-01  2.63854E+00
  2.48047E-01  2.63123E+00
  2.51953E-01  2.62385E+00
  2.55859E-01  2.61640E+00
  2.59766E-01  2.60888E+00
  2.63672E-01  2.60129E+00
  2.67578E-01  2.59364E+00
  2.71484E-01  2.58591E+00
  2.75391E-01  2.57812E+00
  2.79297E-01  2.57026E+00
  2.83203E-01  2.56232E+00
  2.87109E-01  2.55432E+00
  2.91016E-01  2.54624E+00
  2.94922E-01  2.53809E+00
  2.98828E-01  2.52987E+00
  3.02734E-01  2.52158E+00
  3.06641E-01  2.51322E+00
  3.10547E-01  2.50478E+00
  3.14453E-01  2.49627E+00
  3.18359E-01  2.48769E+00
  3.22266E-01  2.47903E+00
  3.26172E-01  2.47030E+00
  3.30078E-01  2.46149E+00
  3.33984E-01  2.45261E+00
  3.37891E-01  2.44365E+00
  3.41797E-01  2.43462E+00
  3.45703E-01  2.42550E+00
  3.49609E-01  2.41631E+00
  3.53516E-01  2.40704E+00
  3.57422E-01  2.39769E+00
  3.61328E-01  2.38826E+00
  3.65234E-01  2.37875E+00
  3.69141E-01  2.36917E+00
  3.73047E-01  2.35950E+00
  3.76953E-01  2.34975E+00
  3.80859E-01  2.33991E+00
  3.84766E-01  2.32999E+00
  3.88672E-01  2.31999E+00
  3.92578E-01  2.30990E+00
  3.96484E-01  2.29972E+00
  4.00391E-01  2.28945E+00
  4.04297E-01  2.27909E+00
  4.08203E-01  2.26865E+00
  4.12109E-01  2.25811E+00
  4.16016E-01  2.24749E+00
  4.19922E-01  2.23677E+00
  4.23828E-01  2.22596E+00
  4.27734E-01  2.21506E+00
  4.31641E-01  2.20406E+00
  4.35547E-01  2.19296E+00
  4.39453E-01  2.18177E+00
  4.43359E-01  2.17048E+00
  4.47266E-01  2.15909E+00
  4.51172E-01  2.14759E+00
  4.55078E-01  2.13600E+00
  4.58984E-01  2.12430E+00
  4.62891E-01  2.11249E+00
  4.66797E-01  2.10057E+00
  4.70703E-01  2.08854E+00
  4.74609E-01  2.07640E+00
  4.78516E-01  2.06415E+00
  4.82422E-01  2.05178E+00
  4.86328E-01  2.03929E+00
  4.90234E-01  2.02668E+00
  4.94141E-01  2.01395E+00
  4.98047E-01  2.00110E+00
  5.01953E-01  1.98811E+00
  5.05859E-01  1.97499E+00
  5.09766E-01  1.96174E+00
  5.13672E-01  1.94836E+00
  5.17578E-01  1.93482E+00
  5.21484E-01  1.92115E+00
  5.25391E-01  1.90732E+00
  5.29297E-01  1.89334E+00
  5.33203E-01  1.87920E+00
  5.37109E-01  1.86490E+00
  5.41016E-01  1.85043E+00
  5.44922E-01  1.83579E+00
  5.48828E-01  1.82097E+00
  5.52734E-01  1.80596E+00
  5.56641E-01  1.79078E+00
  5.60547E-01  1.77540E+00
  5.64453E-01  1.75982E+00
  5.68359E-01  1.74403E+00
  5.72266E-01  1.72803E+00
  5.76172E-01  1.71181E+00
  5.80078E-01  1.69536E+00
  5.83984E-01  1.67867E+00
  5.87891E-01  1.66173E+00
  5.91797E-01  1.64453E+00
  5.95703E-01  1.62706E+00
  5.99609E-01  1.60931E+00
  6.03516E-01  1.59126E+00
  6.07422E-01  1.57290E+00
  6.11328E-01  1.55421E+00
  6.15234E-01  1.53518E+00
  6.19141E-01  1.51579E+00
  6.23047E-01  1.49601E+00
  6.26953E-01  1.47584E+00
  6.30859E-01  1.45524E+00
  6.34766E-01  1.43418E+00
  6.38672E-01  1.41264E+00
  6.42578E-01  1.39058E+00
  6.46484E-01  1.36795E+00
  6.50391E-01  1.34471E+00
  6.54297E-01  1.32080E+00
  6.58203E-01  1.29618E+00
  6.62109E-01  1.27076E+00
  6.66016E-01  1.24447E+00
  6.69922E-01  1.21721E+00
  6.73828E-01  1.18885E+00
  6.77734E-01  1.15925E+00
  6.81641E-01  1.12823E+00
  6.85547E-01  1.09556E+00
  6.89453E-01  1.06093E+00
  6.93359E-01  1.02385E+00
  6.97266E-01  9.83157E-01
  7.01172E-01  9.31649E-01
  7.05078E-01  8.20424E-01
  7.08984E-01  1.54750E-02
  7.12891E-01  1.52385E-02
  7.16797E-01  1.49853E-02
  7.20703E-01  1.47437E-02
  7.24609E-01  1.45066E-02
  7.28516E-01  1.42780E-02
  7.32422E-01  1.40489E-02
  7.36328E-01  1.38319E-02
  7.40234E-01  1.36176E-02
  7.44141E-01  1.34040E-02
  7.48047E-01  1.31931E-02
  7.51953E-01  1.29886E-02
  7.55859E-01  1.27891E-02
  7.59766E-01  1.25938E-02
  7.63672E-01  1.23990E-02
  7.67578E-01  1.22088E-02
  7.71484E-01  1.20250E-02
  7.75391E-01  1.18427E-02
  7.79297E-01  1.16633E-02
  7.83203E-01  1.14882E-02
  7.87109E-01  1.13166E-02
  7.91016E-01  1.11473E-02
  7.94922E-01  1.09816E-02
  7.98828E-01  1.08202E-02
  8.02734E-01  1.06602E-02
  8.06641E-01  1.05040E-02
  8.10547E-01  1.03505E-02
  8.14453E-01  1.02002E-02
  8.18359E-01  1.00520E-02
  8.22266E-01  9.90678E-03
  8.26172E-01  9.76426E-03
  8.30078E-01  9.62454E-03
  8.33984E-01  9.48771E-03
  8.37891E-01  9.35251E-03
  8.41797E-01  9.22008E-03
  8.45703E-01  9.08977E-03
  8.49609E-01  8.96190E-03
  8.53516E-01  8.83624E-03
  8.57422E-01  8.71278E-03
  8.61328E-01  8.59130E-03
  8.65234E-01  8.47205E-03
  8.69141E-01  8.35464E-03
  8.73047E-01  8.23966E-03
  8.76953E-01  8.12631E-03
  8.80859E-01  8.01444E-03
  8.84766E-01  7.90484E-03
  8.88672E-01  7.79708E-03
  8.92578E-01  7.69102E-03
  8.96484E-01  7.58662E-03
  9.00391E-01  7.48387E-03
  9.04297E-01  7.38271E-03
  9.08203E-01  7.28326E-03
  9.12109E-01  7.18545E-03
  9.16016E-01  7.08902E-03
  9.19922E-01  6.99420E-03
  9.23828E-01  6.90062E-03
  9.27734E-01  6.80886E-03
  9.31641E-01  6.71826E-03
  9.35547E-01  6.62922E-03
  9.39453E-01  6.54139E-03
  9.43359E-01  6.45508E-03
  9.47266E-01  6.36981E-03
  9.51172E-01  6.28613E-03
  9.55078E-01  6.20366E-03
  9.58984E-01  6.12261E-03
  9.62891E-01  6.04291E-03
  9.66797E-01  5.96480E-03
  9.70703E-01  5.88832E-03
  9.74609E-01  5.81405E-03
  9.78516E-01  5.74266E-03
  9.82422E-01  5.67582E-03
  9.86328E-01  5.61605E-03
  9.90234E-01  5.56610E-03
  9.94141E-01  5.52583E-03
  9.98047E-01  5.50289E-03
  1.00195E+00  5.50289E-03
