 -1.95312E-03  2.96441E+00
  1.95312E-03  2.96441E+00
  5.85938E-03  2.96017E+00
  9.76562E-03  2.95669E+00
  1.36719E-02  2.95327E+00
  1.75781E-02  2.94982E+00
  2.14844E-02  2.94632E+00
  2.53906E-02  2.94276E+00
  2.92969E-02  2.93913E+00
  3.32031E-02  2.93545E+00
  3.71094E-02  2.93170E+00
  4.10156E-02  2.92788E+00
  4.49219E-02  2.92400E+00
  4.88281E-02  2.92005E+00
  5.27344E-02  2.91603E+00
  5.66406E-02  2.91195E+00
  6.05469E-02  2.90780E+00
  6.44531E-02  2.90359E+00
  6.83594E-02  2.89931E+00
  7.22656E-02  2.89497E+00
  7.61719E-02  2.89056E+00
  8.00781E-02  2.88608E+00
  8.39844E-02  2.88154E+00
  8.78906E-02  2.87693E+00
  9.17969E-02  2.87226E+00
  9.57031E-02  2.86752E+00
  9.96094E-02  2.86272E+00
  1.03516E-01  2.85785E+00
  1.07422E-01  2.85291E+00
  1.11328E-01  2.84791E+00
  1.15234E-01  2.84284E+00
  1.19141E-01  2.83771E+00
  1.23047E-01  2.83252E+00
  1.26953E-01  2.82725E+00
  1.30859E-01  2.82193E+00
  1.34766E-01  2.81654E+00
  1.38672E-01  2.81108E+00
  1.42578E-01  2.80556E+00
  1.46484E-01  2.79998E+00
  1.50391E-01  2.79432E+00
  1.54297E-01  2.78861E+00
  1.58203E-01  2.78283E+00
  1.62109E-01  2.77698E+00
  1.66016E-01  2.77107E+00
  1.69922E-01  2.76509E+00
  1.73828E-01  2.75904E+00
  1.77734E-01  2.75293E+00
  1.81641E-01  2.74675E+00
  1.85547E-01  2.74051E+00
  1.89453E-01  2.73420E+00
  1.93359E-01  2.72783E+00
  1.97266E-01  2.72139E+00
  2.01172E-01  2.71489E+00
  2.05078E-01  2.70832E+00
  2.08984E-01  2.70168E+00
  2.12891E-01  2.69498E+00
  2.16797E-01  2.68821E+00
  2.20703E-01  2.68138E+00
  2.24609E-01  2.67447E+00
  2.28516E-01  2.66750E+00
  2.32422E-01  2.66047E+00
  2.36328E-01  2.65336E+00
  2.40234E-01  2.64618E+00
  2.44141E-01  2.63894E+00
  2.48047E-01  2.63163E+00
  2.51953E-01  2.62425E+00
  2.55859E-01  2.61680E+00
  2.59766E-01  2.60929E+00
  2.63672E-01  2.60170E+00
  2.67578E-01  2.59404E+00
  2.71484E-01  2.58632E+00
  2.75391E-01  2.57852E+00
  2.79297E-01  2.57066E+00
  2.83203E-01  2.56272E+00
  2.87109E-01  2.55471E+00
  2.91016E-01  2.54664E+00
  2.94922E-01  2.53849E+00
  2.98828E-01  2.53027E+00
  3.02734E-01  2.52198E+00
  3.06641E-01  2.51362E+00
  3.10547E-01  2.50518E+00
  3.14453E-01  2.49667E+00
  3.18359E-01  2.48809E+00
  3.22266E-01  2.47943E+00
  3.26172E-01  2.47070E+00
  3.30078E-01  2.46189E+00
  3.33984E-01  2.45300E+00
  3.37891E-01  2.44404E+00
  3.41797E-01  2.43501E+00
  3.45703E-01  2.42589E+00
  3.49609E-01  2.41670E+00
  3.53516E-01  2.40742E+00
  3.57422E-01  2.39807E+00
  3.61328E-01  2.38864E+00
  3.65234E-01  2.37913E+00
  3.69141E-01  2.36954E+00
  3.73047E-01  2.35986E+00
  3.76953E-01  2.35010E+00
  3.80859E-01  2.34026E+00
  3.84766E-01  2.33034E+00
  3.88672E-01  2.32032E+00
  3.92578E-01  2.31023E+00
  3.96484E-01  2.30004E+00
  4.00391E-01  2.28977E+00
  4.04297E-01  2.27940E+00
  4.08203E-01  2.26894E+00
  4.12109E-01  2.25840E+00
  4.16016E-01  2.24776E+00
  4.19922E-01  2.23703E+00
  4.23828E-01  2.22621E+00
  4.27734E-01  2.21529E+00
  4.31641E-01  2.20427E+00
  4.35547E-01  2.19315E+00
  4.39453E-01  2.18194E+00
  4.43359E-01  2.17062E+00
  4.47266E-01  2.15920E+00
  4.51172E-01  2.14767E+00
  4.55078E-01  2.13604E+00
  4.58984E-01  2.12430E+00
  4.62891E-01  2.11245E+00
  4.66797E-01  2.10049E+00
  4.70703E-01  2.08841E+00
  4.74609E-01  2.07621E+00
  4.78516E-01  2.06390E+00
  4.82422E-01  2.05147E+00
  4.86328E-01  2.03891E+00
  4.90234E-01  2.02622E+00
  4.94141E-01  2.01341E+00
  4.98047E-01  2.00047E+00
  5.01953E-01  1.98740E+00
  5.05859E-01  1.97419E+00
  5.09766E-01  1.96084E+00
  5.13672E-01  1.94735E+00
  5.17578E-01  1.93371E+00
  5.21484E-01  1.91992E+00
  5.25391E-01  1.90598E+00
  5.29297E-01  1.89188E+00
  5.33203E-01  1.87762E+00
  5.37109E-01  1.86319E+00
  5.41016E-01  1.84858E+00
  5.44922E-01  1.83381E+00
  5.48828E-01  1.81885E+00
  5.52734E-01  1.80370E+00
  5.56641E-01  1.78837E+00
  5.60547E-01  1.77283E+00
  5.64453E-01  1.75708E+00
  5.68359E-01  1.74113E+00
  5.72266E-01  1.72495E+00
  5.76172E-01  1.70855E+00
  5.80078E-01  1.69190E+00
  5.83984E-01  1.67500E+00
  5.87891E-01  1.65785E+00
  5.91797E-01  1.64043E+00
  5.95703E-01  1.62273E+00
  5.99609E-01  1.60473E+00
  6.03516E-01  1.58643E+00
  6.07422E-01  1.56780E+00
  6.11328E-01  1.54884E+00
  6.15234E-01  1.52952E+00
  6.19141E-01  1.50982E+00
  6.23047E-01  1.48971E+00
  6.26953E-01  1.46919E+00
  6.30859E-01  1.44820E+00
  6.34766E-01  1.42674E+00
  6.38672E-01  1.40475E+00
  6.42578E-01  1.38220E+00
  6.46484E-01  1.35904E+00
  6.50391E-01  1.33523E+00
  6.54297E-01  1.31071E+00
  6.58203E-01  1.28540E+00
  6.62109E-01  1.25922E+00
  6.66016E-01  1.23208E+00
  6.69922E-01  1.20386E+00
  6.73828E-01  1.17442E+00
  6.77734E-01  1.14359E+00
  6.81641E-01  1.11113E+00
  6.85547E-01  1.07677E+00
  6.89453E-01  1.04009E+00
  6.93359E-01  1.00044E+00
  6.97266E-01  9.55849E-01
  7.01172E-01  8.94645E-01
  7.05078E-01  7.57126E-01
  7.08984E-01  8.58981E-24
  7.12891E-01  8.48460E-24
  7.16797E-01  8.34597E-24
  7.20703E-01  8.21356E-24
  7.24609E-01  8.08107E-24
  7.28516E-01  7.95462E-24
  7.32422E-01  7.82731E-24
  7.36328E-01  7.70538E-24
  7.40234E-01  7.58390E-24
  7.44141E-01  7.46689E-24
  7.48047E-01  7.35017E-24
  7.51953E-01  7.23850E-24
  7.55859E-01  7.12662E-24
  7.59766E-01  7.01933E-24
  7.63672E-01  6.91190E-24
  7.67578E-01  6.80855E-24
  7.71484E-01  6.70565E-24
  7.75391E-01  6.60681E-24
  7.79297E-01  6.50795E-24
  7.83203E-01  6.41281E-24
  7.87109E-01  6.31774E-24
  7.91016E-01  6.22621E-24
  7.94922E-01  6.13490E-24
  7.98828E-01  6.04701E-24
  8.02734E-01  5.95907E-24
  8.06641E-01  5.87464E-24
  8.10547E-01  5.79018E-24
  8.14453E-01  5.70890E-24
  8.18359E-01  5.62756E-24
  8.22266E-01  5.54935E-24
  8.26172E-01  5.47116E-24
  8.30078E-01  5.39591E-24
  8.33984E-01  5.32059E-24
  8.37891E-01  5.24811E-24
  8.41797E-01  5.17556E-24
  8.45703E-01  5.10572E-24
  8.49609E-01  5.03582E-24
  8.53516E-01  4.96852E-24
  8.57422E-01  4.90117E-24
  8.61328E-01  4.83631E-24
  8.65234E-01  4.77141E-24
  8.69141E-01  4.70889E-24
  8.73047E-01  4.64632E-24
  8.76953E-01  4.58602E-24
  8.80859E-01  4.52567E-24
  8.84766E-01  4.46749E-24
  8.88672E-01  4.40924E-24
  8.92578E-01  4.35321E-24
  8.96484E-01  4.29713E-24
  9.00391E-01  4.24304E-24
  9.04297E-01  4.18888E-24
  9.08203E-01  4.13658E-24
  9.12109E-01  4.08439E-24
  9.16016E-01  4.03406E-24
  9.19922E-01  3.98365E-24
  9.23828E-01  3.93490E-24
  9.27734E-01  3.88633E-24
  9.31641E-01  3.83944E-24
  9.35547E-01  3.79246E-24
  9.39453E-01  3.74719E-24
  9.43359E-01  3.70204E-24
  9.47266E-01  3.65838E-24
  9.51172E-01  3.61485E-24
  9.55078E-01  3.57296E-24
  9.58984E-01  3.53094E-24
  9.62891E-01  3.49075E-24
  9.66797E-01  3.45049E-24
  9.70703E-01  3.41197E-24
  9.74609E-01  3.37364E-24
  9.78516E-01  3.33713E-24
  9.82422E-01  3.30094E-24
  9.86328E-01  3.26754E-24
  9.90234E-01  3.23441E-24
  9.94141E-01  3.20818E-24
  9.98047E-01  3.19550E-24
  1.00195E+00  3.19550E-24
