 -1.95312E-03  1.80327E+00
  1.95312E-03  1.80346E+00
  5.85938E-03  1.79832E+00
  9.76562E-03  1.79312E+00
  1.36719E-02  1.78740E+00
  1.75781E-02  1.78127E+00
  2.14844E-02  1.77483E+00
  2.53906E-02  1.76819E+00
  2.92969E-02  1.76143E+00
  3.32031E-02  1.75461E+00
  3.71094E-02  1.74776E+00
  4.10156E-02  1.74090E+00
  4.49219E-02  1.73406E+00
  4.88281E-02  1.72724E+00
  5.27344E-02  1.72044E+00
  5.66406E-02  1.71367E+00
  6.05469E-02  1.70693E+00
  6.44531E-02  1.70022E+00
  6.83594E-02  1.69354E+00
  7.22656E-02  1.68688E+00
  7.61719E-02  1.68026E+00
  8.00781E-02  1.67368E+00
  8.39844E-02  1.66712E+00
  8.78906E-02  1.66059E+00
  9.17969E-02  1.65410E+00
  9.57031E-02  1.64764E+00
  9.96094E-02  1.64121E+00
  1.03516E-01  1.63481E+00
  1.07422E-01  1.62844E+00
  1.11328E-01  1.62210E+00
  1.15234E-01  1.61580E+00
  1.19141E-01  1.60953E+00
  1.23047E-01  1.60328E+00
  1.26953E-01  1.59707E+00
  1.30859E-01  1.59089E+00
  1.34766E-01  1.58474E+00
  1.38672E-01  1.57862E+00
  1.42578E-01  1.57253E+00
  1.46484E-01  1.56647E+00
  1.50391E-01  1.56044E+00
  1.54297E-01  1.55444E+00
  1.58203E-01  1.54847E+00
  1.62109E-01  1.54253E+00
  1.66016E-01  1.53662E+00
  1.69922E-01  1.53074E+00
  1.73828E-01  1.52489E+00
  1.77734E-01  1.51907E+00
  1.81641E-01  1.51328E+00
  1.85547E-01  1.50751E+00
  1.89453E-01  1.50177E+00
  1.93359E-01  1.49607E+00
  1.97266E-01  1.49039E+00
  2.01172E-01  1.48473E+00
  2.05078E-01  1.47911E+00
  2.08984E-01  1.47351E+00
  2.12891E-01  1.46794E+00
  2.16797E-01  1.46240E+00
  2.20703E-01  1.45689E+00
  2.24609E-01  1.45140E+00
  2.28516E-01  1.44594E+00
  2.32422E-01  1.44051E+00
  2.36328E-01  1.43510E+00
  2.40234E-01  1.42972E+00
  2.44141E-01  1.42436E+00
  2.48047E-01  1.41904E+00
  2.51953E-01  1.41374E+00
  2.55859E-01  1.40846E+00
  2.59766E-01  1.40321E+00
  2.63672E-01  1.39798E+00
  2.67578E-01  1.39278E+00
  2.71484E-01  1.38761E+00
  2.75391E-01  1.38246E+00
  2.79297E-01  1.37733E+00
  2.83203E-01  1.37224E+00
  2.87109E-01  1.36716E+00
  2.91016E-01  1.36211E+00
  2.94922E-01  1.35708E+00
  2.98828E-01  1.35208E+00
  3.02734E-01  1.34710E+00
  3.06641E-01  1.34215E+00
  3.10547E-01  1.33722E+00
  3.14453E-01  1.33231E+00
  3.18359E-01  1.32743E+00
  3.22266E-01  1.32257E+00
  3.26172E-01  1.31773E+00
  3.30078E-01  1.31292E+00
  3.33984E-01  1.30813E+00
  3.37891E-01  1.30336E+00
  3.41797E-01  1.29862E+00
  3.45703E-01  1.29390E+00
  3.49609E-01  1.28920E+00
  3.53516E-01  1.28452E+00
  3.57422E-01  1.27986E+00
  3.61328E-01  1.27523E+00
  3.65234E-01  1.27062E+00
  3.69141E-01  1.26603E+00
  3.73047E-01  1.26146E+00
  3.76953E-01  1.25692E+00
  3.80859E-01  1.25239E+00
  3.84766E-01  1.24789E+00
  3.88672E-01  1.24341E+00
  3.92578E-01  1.23895E+00
  3.96484E-01  1.23451E+00
  4.00391E-01  1.23009E+00
  4.04297E-01  1.22569E+00
  4.08203E-01  1.22131E+00
  4.12109E-01  1.21695E+00
  4.16016E-01  1.21261E+00
  4.19922E-01  1.20830E+00
  4.23828E-01  1.20400E+00
  4.27734E-01  1.19972E+00
  4.31641E-01  1.19547E+00
  4.35547E-01  1.19123E+00
  4.39453E-01  1.18701E+00
  4.43359E-01  1.18281E+00
  4.47266E-01  1.17863E+00
  4.51172E-01  1.17447E+00
  4.55078E-01  1.17033E+00
  4.58984E-01  1.16621E+00
  4.62891E-01  1.16211E+00
  4.66797E-01  1.15803E+00
  4.70703E-01  1.15396E+00
  4.74609E-01  1.14992E+00
  4.78516E-01  1.14589E+00
  4.82422E-01  1.14188E+00
  4.86328E-01  1.13789E+00
  4.90234E-01  1.13392E+00
  4.94141E-01  1.12997E+00
  4.98047E-01  1.12603E+00
  5.01953E-01  1.12211E+00
  5.05859E-01  1.11821E+00
  5.09766E-01  1.11433E+00
  5.13672E-01  1.11047E+00
  5.17578E-01  1.10662E+00
  5.21484E-01  1.10279E+00
  5.25391E-01  1.09898E+00
  5.29297E-01  1.09518E+00
  5.33203E-01  1.09140E+00
  5.37109E-01  1.08764E+00
  5.41016E-01  1.08390E+00
  5.44922E-01  1.08017E+00
  5.48828E-01  1.07646E+00
  5.52734E-01  1.07277E+00
  5.56641E-01  1.06909E+00
  5.60547E-01  1.06543E+00
  5.64453E-01  1.06179E+00
  5.68359E-01  1.05816E+00
  5.72266E-01  1.05455E+00
  5.76172E-01  1.05095E+00
  5.80078E-01  1.04737E+00
  5.83984E-01  1.04381E+00
  5.87891E-01  1.04026E+00
  5.91797E-01  1.03673E+00
  5.95703E-01  1.03322E+00
  5.99609E-01  1.02972E+00
  6.03516E-01  1.02623E+00
  6.07422E-01  1.02276E+00
  6.11328E-01  1.01931E+00
  6.15234E-01  1.01587E+00
  6.19141E-01  1.01245E+00
  6.23047E-01  1.00904E+00
  6.26953E-01  1.00565E+00
  6.30859E-01  1.00227E+00
  6.34766E-01  9.98904E-01
  6.38672E-01  9.95556E-01
  6.42578E-01  9.92222E-01
  6.46484E-01  9.88903E-01
  6.50391E-01  9.85598E-01
  6.54297E-01  9.82308E-01
  6.58203E-01  9.79032E-01
  6.62109E-01  9.75770E-01
  6.66016E-01  9.72523E-01
  6.69922E-01  9.69290E-01
  6.73828E-01  9.66071E-01
  6.77734E-01  9.62865E-01
  6.81641E-01  9.59674E-01
  6.85547E-01  9.56497E-01
  6.89453E-01  9.53333E-01
  6.93359E-01  9.50183E-01
  6.97266E-01  9.47047E-01
  7.01172E-01  9.43925E-01
  7.05078E-01  9.40815E-01
  7.08984E-01  9.37720E-01
  7.12891E-01  9.34637E-01
  7.16797E-01  9.31568E-01
  7.20703E-01  9.28512E-01
  7.24609E-01  9.25469E-01
  7.28516E-01  9.22440E-01
  7.32422E-01  9.19423E-01
  7.36328E-01  9.16419E-01
  7.40234E-01  9.13428E-01
  7.44141E-01  9.10450E-01
  7.48047E-01  9.07484E-01
  7.51953E-01  9.04532E-01
  7.55859E-01  9.01591E-01
  7.59766E-01  8.98664E-01
  7.63672E-01  8.95749E-01
  7.67578E-01  8.92846E-01
  7.71484E-01  8.89956E-01
  7.75391E-01  8.87077E-01
  7.79297E-01  8.84211E-01
  7.83203E-01  8.81357E-01
  7.87109E-01  8.78515E-01
  7.91016E-01  8.75685E-01
  7.94922E-01  8.72867E-01
  7.98828E-01  8.70061E-01
  8.02734E-01  8.67267E-01
  8.06641E-01  8.64484E-01
  8.10547E-01  8.61714E-01
  8.14453E-01  8.58954E-01
  8.18359E-01  8.56207E-01
  8.22266E-01  8.53470E-01
  8.26172E-01  8.50746E-01
  8.30078E-01  8.48032E-01
  8.33984E-01  8.45330E-01
  8.37891E-01  8.42639E-01
  8.41797E-01  8.39960E-01
  8.45703E-01  8.37292E-01
  8.49609E-01  8.34634E-01
  8.53516E-01  8.31988E-01
  8.57422E-01  8.29353E-01
  8.61328E-01  8.26729E-01
  8.65234E-01  8.24116E-01
  8.69141E-01  8.21513E-01
  8.73047E-01  8.18921E-01
  8.76953E-01  8.16340E-01
  8.80859E-01  8.13770E-01
  8.84766E-01  8.11210E-01
  8.88672E-01  8.08660E-01
  8.92578E-01  8.06121E-01
  8.96484E-01  8.03593E-01
  9.00391E-01  8.01075E-01
  9.04297E-01  7.98567E-01
  9.08203E-01  7.96069E-01
  9.12109E-01  7.93582E-01
  9.16016E-01  7.91105E-01
  9.19922E-01  7.88638E-01
  9.23828E-01  7.86180E-01
  9.27734E-01  7.83734E-01
  9.31641E-01  7.81297E-01
  9.35547E-01  7.78870E-01
  9.39453E-01  7.76452E-01
  9.43359E-01  7.74045E-01
  9.47266E-01  7.71647E-01
  9.51172E-01  7.69259E-01
  9.55078E-01  7.66881E-01
  9.58984E-01  7.64512E-01
  9.62891E-01  7.62152E-01
  9.66797E-01  7.59799E-01
  9.70703E-01  7.57447E-01
  9.74609E-01  7.55081E-01
  9.78516E-01  7.52681E-01
  9.82422E-01  7.50209E-01
  9.86328E-01  7.47616E-01
  9.90234E-01  7.44848E-01
  9.94141E-01  7.41875E-01
  9.98047E-01  7.38851E-01
  1.00195E+00  7.38858E-01
