 -1.95312E-03  6.76781E+00
  1.95312E-03  6.76811E+00
  5.85938E-03  6.76295E+00
  9.76562E-03  6.75747E+00
  1.36719E-02  6.75106E+00
  1.75781E-02  6.74363E+00
  2.14844E-02  6.73518E+00
  2.53906E-02  6.72569E+00
  2.92969E-02  6.71516E+00
  3.32031E-02  6.70360E+00
  3.71094E-02  6.69100E+00
  4.10156E-02  6.67737E+00
  4.49219E-02  6.66270E+00
  4.88281E-02  6.64700E+00
  5.27344E-02  6.63026E+00
  5.66406E-02  6.61248E+00
  6.05469E-02  6.59366E+00
  6.44531E-02  6.57379E+00
  6.83594E-02  6.55288E+00
  7.22656E-02  6.53091E+00
  7.61719E-02  6.50789E+00
  8.00781E-02  6.48380E+00
  8.39844E-02  6.45864E+00
  8.78906E-02  6.43239E+00
  9.17969E-02  6.40507E+00
  9.57031E-02  6.37664E+00
  9.96094E-02  6.34710E+00
  1.03516E-01  6.31644E+00
  1.07422E-01  6.28465E+00
  1.11328E-01  6.25172E+00
  1.15234E-01  6.21762E+00
  1.19141E-01  6.18235E+00
  1.23047E-01  6.14589E+00
  1.26953E-01  6.10822E+00
  1.30859E-01  6.06932E+00
  1.34766E-01  6.02917E+00
  1.38672E-01  5.98775E+00
  1.42578E-01  5.94504E+00
  1.46484E-01  5.90101E+00
  1.50391E-01  5.85564E+00
  1.54297E-01  5.80889E+00
  1.58203E-01  5.76074E+00
  1.62109E-01  5.71116E+00
  1.66016E-01  5.66012E+00
  1.69922E-01  5.60757E+00
  1.73828E-01  5.55348E+00
  1.77734E-01  5.49781E+00
  1.81641E-01  5.44052E+00
  1.85547E-01  5.38157E+00
  1.89453E-01  5.32090E+00
  1.93359E-01  5.25846E+00
  1.97266E-01  5.19421E+00
  2.01172E-01  5.12809E+00
  2.05078E-01  5.06003E+00
  2.08984E-01  4.98999E+00
  2.12891E-01  4.91789E+00
  2.16797E-01  4.84366E+00
  2.20703E-01  4.76724E+00
  2.24609E-01  4.68856E+00
  2.28516E-01  4.60755E+00
  2.32422E-01  4.52412E+00
  2.36328E-01  4.43823E+00
  2.40234E-01  4.34979E+00
  2.44141E-01  4.25875E+00
  2.48047E-01  4.16506E+00
  2.51953E-01  4.06869E+00
  2.55859E-01  3.96962E+00
  2.59766E-01  3.86789E+00
  2.63672E-01  3.76356E+00
  2.67578E-01  3.65677E+00
  2.71484E-01  3.54775E+00
  2.75391E-01  3.43682E+00
  2.79297E-01  3.32446E+00
  2.83203E-01  3.21130E+00
  2.87109E-01  3.09812E+00
  2.91016E-01  2.98591E+00
  2.94922E-01  2.87584E+00
  2.98828E-01  2.76914E+00
  3.02734E-01  2.66708E+00
  3.06641E-01  2.57074E+00
  3.10547E-01  2.48091E+00
  3.14453E-01  2.39804E+00
  3.18359E-01  2.32212E+00
  3.22266E-01  2.25280E+00
  3.26172E-01  2.18949E+00
  3.30078E-01  2.13142E+00
  3.33984E-01  2.07783E+00
  3.37891E-01  2.02797E+00
  3.41797E-01  1.98124E+00
  3.45703E-01  1.93712E+00
  3.49609E-01  1.89520E+00
  3.53516E-01  1.85514E+00
  3.57422E-01  1.81673E+00
  3.61328E-01  1.77976E+00
  3.65234E-01  1.74411E+00
  3.69141E-01  1.70966E+00
  3.73047E-01  1.67633E+00
  3.76953E-01  1.64404E+00
  3.80859E-01  1.61272E+00
  3.84766E-01  1.58233E+00
  3.88672E-01  1.55282E+00
  3.92578E-01  1.52413E+00
  3.96484E-01  1.49622E+00
  4.00391E-01  1.46909E+00
  4.04297E-01  1.44268E+00
  4.08203E-01  1.41698E+00
  4.12109E-01  1.39196E+00
  4.16016E-01  1.36754E+00
  4.19922E-01  1.34374E+00
  4.23828E-01  1.32053E+00
  4.27734E-01  1.29790E+00
  4.31641E-01  1.27583E+00
  4.35547E-01  1.25429E+00
  4.39453E-01  1.23327E+00
  4.43359E-01  1.21275E+00
  4.47266E-01  1.19265E+00
  4.51172E-01  1.17298E+00
  4.55078E-01  1.15377E+00
  4.58984E-01  1.13499E+00
  4.62891E-01  1.11664E+00
  4.66797E-01  1.09871E+00
  4.70703E-01  1.08118E+00
  4.74609E-01  1.06406E+00
  4.78516E-01  1.04730E+00
  4.82422E-01  1.03093E+00
  4.86328E-01  1.01492E+00
  4.90234E-01  9.99250E-01
  4.94141E-01  9.83921E-01
  4.98047E-01  9.68871E-01
  5.01953E-01  9.54099E-01
  5.05859E-01  9.39644E-01
  5.09766E-01  9.25464E-01
  5.13672E-01  9.11588E-01
  5.17578E-01  8.98014E-01
  5.21484E-01  8.84699E-01
  5.25391E-01  8.71610E-01
  5.29297E-01  8.58801E-01
  5.33203E-01  8.46276E-01
  5.37109E-01  8.34011E-01
  5.41016E-01  8.21979E-01
  5.44922E-01  8.10149E-01
  5.48828E-01  7.98510E-01
  5.52734E-01  7.87105E-01
  5.56641E-01  7.75942E-01
  5.60547E-01  7.65007E-01
  5.64453E-01  7.54288E-01
  5.68359E-01  7.43781E-01
  5.72266E-01  7.33479E-01
  5.76172E-01  7.23381E-01
  5.80078E-01  7.13496E-01
  5.83984E-01  7.03831E-01
  5.87891E-01  6.94333E-01
  5.91797E-01  6.84974E-01
  5.95703E-01  6.75749E-01
  5.99609E-01  6.66647E-01
  6.03516E-01  6.57704E-01
  6.07422E-01  6.48928E-01
  6.11328E-01  6.40316E-01
  6.15234E-01  6.31861E-01
  6.19141E-01  6.23557E-01
  6.23047E-01  6.15403E-01
  6.26953E-01  6.07393E-01
  6.30859E-01  5.99523E-01
  6.34766E-01  5.91786E-01
  6.38672E-01  5.84183E-01
  6.42578E-01  5.76715E-01
  6.46484E-01  5.69372E-01
  6.50391E-01  5.62154E-01
  6.54297E-01  5.55058E-01
  6.58203E-01  5.48079E-01
  6.62109E-01  5.41219E-01
  6.66016E-01  5.34474E-01
  6.69922E-01  5.27843E-01
  6.73828E-01  5.21318E-01
  6.77734E-01  5.14901E-01
  6.81641E-01  5.08590E-01
  6.85547E-01  5.02383E-01
  6.89453E-01  4.96275E-01
  6.93359E-01  4.90269E-01
  6.97266E-01  4.84359E-01
  7.01172E-01  4.78540E-01
  7.05078E-01  4.72817E-01
  7.08984E-01  4.67184E-01
  7.12891E-01  4.61641E-01
  7.16797E-01  4.56186E-01
  7.20703E-01  4.50815E-01
  7.24609E-01  4.45529E-01
  7.28516E-01  4.40325E-01
  7.32422E-01  4.35203E-01
  7.36328E-01  4.30159E-01
  7.40234E-01  4.25192E-01
  7.44141E-01  4.20302E-01
  7.48047E-01  4.15487E-01
  7.51953E-01  4.10744E-01
  7.55859E-01  4.06072E-01
  7.59766E-01  4.01477E-01
  7.63672E-01  3.96944E-01
  7.67578E-01  3.92480E-01
  7.71484E-01  3.88085E-01
  7.75391E-01  3.83755E-01
  7.79297E-01  3.79487E-01
  7.83203E-01  3.75286E-01
  7.87109E-01  3.71146E-01
  7.91016E-01  3.67067E-01
  7.94922E-01  3.63045E-01
  7.98828E-01  3.59085E-01
  8.02734E-01  3.55180E-01
  8.06641E-01  3.51331E-01
  8.10547E-01  3.47538E-01
  8.14453E-01  3.43798E-01
  8.18359E-01  3.40115E-01
  8.22266E-01  3.36483E-01
  8.26172E-01  3.32902E-01
  8.30078E-01  3.29373E-01
  8.33984E-01  3.25893E-01
  8.37891E-01  3.22460E-01
  8.41797E-01  3.19079E-01
  8.45703E-01  3.15742E-01
  8.49609E-01  3.12452E-01
  8.53516E-01  3.09207E-01
  8.57422E-01  3.06006E-01
  8.61328E-01  3.02852E-01
  8.65234E-01  2.99739E-01
  8.69141E-01  2.96668E-01
  8.73047E-01  2.93642E-01
  8.76953E-01  2.90653E-01
  8.80859E-01  2.87707E-01
  8.84766E-01  2.84798E-01
  8.88672E-01  2.81930E-01
  8.92578E-01  2.79098E-01
  8.96484E-01  2.76302E-01
  9.00391E-01  2.73545E-01
  9.04297E-01  2.70822E-01
  9.08203E-01  2.68136E-01
  9.12109E-01  2.65482E-01
  9.16016E-01  2.62864E-01
  9.19922E-01  2.60276E-01
  9.23828E-01  2.57720E-01
  9.27734E-01  2.55194E-01
  9.31641E-01  2.52697E-01
  9.35547E-01  2.50230E-01
  9.39453E-01  2.47792E-01
  9.43359E-01  2.45380E-01
  9.47266E-01  2.42996E-01
  9.51172E-01  2.40638E-01
  9.55078E-01  2.38306E-01
  9.58984E-01  2.35999E-01
  9.62891E-01  2.33717E-01
  9.66797E-01  2.31460E-01
  9.70703E-01  2.29228E-01
  9.74609E-01  2.27019E-01
  9.78516E-01  2.24833E-01
  9.82422E-01  2.22667E-01
  9.86328E-01  2.20511E-01
  9.90234E-01  2.18355E-01
  9.94141E-01  2.16193E-01
  9.98047E-01  2.14925E-01
  1.00195E+00  2.14925E-01
