 -1.95312E-03  4.34711E+00
  1.95312E-03  4.34816E+00
  5.85938E-03  4.34258E+00
  9.76562E-03  4.33626E+00
  1.36719E-02  4.32861E+00
  1.75781E-02  4.31955E+00
  2.14844E-02  4.30909E+00
  2.53906E-02  4.29724E+00
  2.92969E-02  4.28400E+00
  3.32031E-02  4.26940E+00
  3.71094E-02  4.25345E+00
  4.10156E-02  4.23617E+00
  4.49219E-02  4.21758E+00
  4.88281E-02  4.19768E+00
  5.27344E-02  4.17652E+00
  5.66406E-02  4.15409E+00
  6.05469E-02  4.13043E+00
  6.44531E-02  4.10556E+00
  6.83594E-02  4.07949E+00
  7.22656E-02  4.05226E+00
  7.61719E-02  4.02389E+00
  8.00781E-02  3.99441E+00
  8.39844E-02  3.96385E+00
  8.78906E-02  3.93225E+00
  9.17969E-02  3.89963E+00
  9.57031E-02  3.86604E+00
  9.96094E-02  3.83152E+00
  1.03516E-01  3.79610E+00
  1.07422E-01  3.75985E+00
  1.11328E-01  3.72280E+00
  1.15234E-01  3.68501E+00
  1.19141E-01  3.64654E+00
  1.23047E-01  3.60745E+00
  1.26953E-01  3.56779E+00
  1.30859E-01  3.52764E+00
  1.34766E-01  3.48707E+00
  1.38672E-01  3.44614E+00
  1.42578E-01  3.40492E+00
  1.46484E-01  3.36350E+00
  1.50391E-01  3.32194E+00
  1.54297E-01  3.28032E+00
  1.58203E-01  3.23871E+00
  1.62109E-01  3.19717E+00
  1.66016E-01  3.15579E+00
  1.69922E-01  3.11462E+00
  1.73828E-01  3.07372E+00
  1.77734E-01  3.03316E+00
  1.81641E-01  2.99298E+00
  1.85547E-01  2.95323E+00
  1.89453E-01  2.91396E+00
  1.93359E-01  2.87519E+00
  1.97266E-01  2.83696E+00
  2.01172E-01  2.79929E+00
  2.05078E-01  2.76219E+00
  2.08984E-01  2.72569E+00
  2.12891E-01  2.68978E+00
  2.16797E-01  2.65448E+00
  2.20703E-01  2.61978E+00
  2.24609E-01  2.58568E+00
  2.28516E-01  2.55218E+00
  2.32422E-01  2.51927E+00
  2.36328E-01  2.48695E+00
  2.40234E-01  2.45519E+00
  2.44141E-01  2.42400E+00
  2.48047E-01  2.39336E+00
  2.51953E-01  2.36326E+00
  2.55859E-01  2.33369E+00
  2.59766E-01  2.30464E+00
  2.63672E-01  2.27609E+00
  2.67578E-01  2.24803E+00
  2.71484E-01  2.22047E+00
  2.75391E-01  2.19337E+00
  2.79297E-01  2.16673E+00
  2.83203E-01  2.14055E+00
  2.87109E-01  2.11480E+00
  2.91016E-01  2.08948E+00
  2.94922E-01  2.06459E+00
  2.98828E-01  2.04011E+00
  3.02734E-01  2.01604E+00
  3.06641E-01  1.99235E+00
  3.10547E-01  1.96905E+00
  3.14453E-01  1.94612E+00
  3.18359E-01  1.92357E+00
  3.22266E-01  1.90137E+00
  3.26172E-01  1.87953E+00
  3.30078E-01  1.85803E+00
  3.33984E-01  1.83687E+00
  3.37891E-01  1.81604E+00
  3.41797E-01  1.79553E+00
  3.45703E-01  1.77534E+00
  3.49609E-01  1.75547E+00
  3.53516E-01  1.73589E+00
  3.57422E-01  1.71661E+00
  3.61328E-01  1.69763E+00
  3.65234E-01  1.67893E+00
  3.69141E-01  1.66051E+00
  3.73047E-01  1.64237E+00
  3.76953E-01  1.62450E+00
  3.80859E-01  1.60688E+00
  3.84766E-01  1.58953E+00
  3.88672E-01  1.57244E+00
  3.92578E-01  1.55559E+00
  3.96484E-01  1.53899E+00
  4.00391E-01  1.52262E+00
  4.04297E-01  1.50649E+00
  4.08203E-01  1.49060E+00
  4.12109E-01  1.47493E+00
  4.16016E-01  1.45949E+00
  4.19922E-01  1.44425E+00
  4.23828E-01  1.42923E+00
  4.27734E-01  1.41443E+00
  4.31641E-01  1.39983E+00
  4.35547E-01  1.38544E+00
  4.39453E-01  1.37125E+00
  4.43359E-01  1.35725E+00
  4.47266E-01  1.34344E+00
  4.51172E-01  1.32982E+00
  4.55078E-01  1.31638E+00
  4.58984E-01  1.30312E+00
  4.62891E-01  1.29004E+00
  4.66797E-01  1.27715E+00
  4.70703E-01  1.26444E+00
  4.74609E-01  1.25189E+00
  4.78516E-01  1.23951E+00
  4.82422E-01  1.22728E+00
  4.86328E-01  1.21522E+00
  4.90234E-01  1.20331E+00
  4.94141E-01  1.19156E+00
  4.98047E-01  1.17997E+00
  5.01953E-01  1.16852E+00
  5.05859E-01  1.15722E+00
  5.09766E-01  1.14608E+00
  5.13672E-01  1.13509E+00
  5.17578E-01  1.12424E+00
  5.21484E-01  1.11352E+00
  5.25391E-01  1.10294E+00
  5.29297E-01  1.09248E+00
  5.33203E-01  1.08217E+00
  5.37109E-01  1.07197E+00
  5.41016E-01  1.06191E+00
  5.44922E-01  1.05197E+00
  5.48828E-01  1.04216E+00
  5.52734E-01  1.03247E+00
  5.56641E-01  1.02290E+00
  5.60547E-01  1.01345E+00
  5.64453E-01  1.00412E+00
  5.68359E-01  9.94903E-01
  5.72266E-01  9.85798E-01
  5.76172E-01  9.76801E-01
  5.80078E-01  9.67916E-01
  5.83984E-01  9.59137E-01
  5.87891E-01  9.50464E-01
  5.91797E-01  9.41893E-01
  5.95703E-01  9.33428E-01
  5.99609E-01  9.25064E-01
  6.03516E-01  9.16804E-01
  6.07422E-01  9.08641E-01
  6.11328E-01  9.00575E-01
  6.15234E-01  8.92605E-01
  6.19141E-01  8.84728E-01
  6.23047E-01  8.76943E-01
  6.26953E-01  8.69248E-01
  6.30859E-01  8.61644E-01
  6.34766E-01  8.54127E-01
  6.38672E-01  8.46698E-01
  6.42578E-01  8.39355E-01
  6.46484E-01  8.32096E-01
  6.50391E-01  8.24920E-01
  6.54297E-01  8.17827E-01
  6.58203E-01  8.10815E-01
  6.62109E-01  8.03885E-01
  6.66016E-01  7.97031E-01
  6.69922E-01  7.90255E-01
  6.73828E-01  7.83558E-01
  6.77734E-01  7.76939E-01
  6.81641E-01  7.70393E-01
  6.85547E-01  7.63920E-01
  6.89453E-01  7.57520E-01
  6.93359E-01  7.51189E-01
  6.97266E-01  7.44930E-01
  7.01172E-01  7.38740E-01
  7.05078E-01  7.32618E-01
  7.08984E-01  7.26563E-01
  7.12891E-01  7.20575E-01
  7.16797E-01  7.14652E-01
  7.20703E-01  7.08794E-01
  7.24609E-01  7.03001E-01
  7.28516E-01  6.97270E-01
  7.32422E-01  6.91600E-01
  7.36328E-01  6.85992E-01
  7.40234E-01  6.80444E-01
  7.44141E-01  6.74956E-01
  7.48047E-01  6.69526E-01
  7.51953E-01  6.64155E-01
  7.55859E-01  6.58842E-01
  7.59766E-01  6.53586E-01
  7.63672E-01  6.48384E-01
  7.67578E-01  6.43238E-01
  7.71484E-01  6.38144E-01
  7.75391E-01  6.33105E-01
  7.79297E-01  6.28119E-01
  7.83203E-01  6.23185E-01
  7.87109E-01  6.18303E-01
  7.91016E-01  6.13471E-01
  7.94922E-01  6.08689E-01
  7.98828E-01  6.03957E-01
  8.02734E-01  5.99275E-01
  8.06641E-01  5.94640E-01
  8.10547E-01  5.90052E-01
  8.14453E-01  5.85512E-01
  8.18359E-01  5.81018E-01
  8.22266E-01  5.76570E-01
  8.26172E-01  5.72169E-01
  8.30078E-01  5.67813E-01
  8.33984E-01  5.63499E-01
  8.37891E-01  5.59227E-01
  8.41797E-01  5.54999E-01
  8.45703E-01  5.50819E-01
  8.49609E-01  5.46676E-01
  8.53516E-01  5.42577E-01
  8.57422E-01  5.38517E-01
  8.61328E-01  5.34500E-01
  8.65234E-01  5.30519E-01
  8.69141E-01  5.26581E-01
  8.73047E-01  5.22681E-01
  8.76953E-01  5.18817E-01
  8.80859E-01  5.14993E-01
  8.84766E-01  5.11205E-01
  8.88672E-01  5.07454E-01
  8.92578E-01  5.03739E-01
  8.96484E-01  5.00062E-01
  9.00391E-01  4.96418E-01
  9.04297E-01  4.92811E-01
  9.08203E-01  4.89237E-01
  9.12109E-01  4.85697E-01
  9.16016E-01  4.82193E-01
  9.19922E-01  4.78720E-01
  9.23828E-01  4.75282E-01
  9.27734E-01  4.71875E-01
  9.31641E-01  4.68504E-01
  9.35547E-01  4.65161E-01
  9.39453E-01  4.61847E-01
  9.43359E-01  4.58563E-01
  9.47266E-01  4.55308E-01
  9.51172E-01  4.52077E-01
  9.55078E-01  4.48868E-01
  9.58984E-01  4.45679E-01
  9.62891E-01  4.42504E-01
  9.66797E-01  4.39338E-01
  9.70703E-01  4.36180E-01
  9.74609E-01  4.33025E-01
  9.78516E-01  4.29872E-01
  9.82422E-01  4.26720E-01
  9.86328E-01  4.23570E-01
  9.90234E-01  4.20421E-01
  9.94141E-01  4.17260E-01
  9.98047E-01  4.14734E-01
  1.00195E+00  4.14734E-01
