 -1.95312E-03  6.60442E+00
  1.95312E-03  6.60530E+00
  5.85938E-03  6.60014E+00
  9.76562E-03  6.59460E+00
  1.36719E-02  6.58810E+00
  1.75781E-02  6.58057E+00
  2.14844E-02  6.57197E+00
  2.53906E-02  6.56232E+00
  2.92969E-02  6.55160E+00
  3.32031E-02  6.53981E+00
  3.71094E-02  6.52697E+00
  4.10156E-02  6.51306E+00
  4.49219E-02  6.49809E+00
  4.88281E-02  6.48206E+00
  5.27344E-02  6.46497E+00
  5.66406E-02  6.44681E+00
  6.05469E-02  6.42758E+00
  6.44531E-02  6.40728E+00
  6.83594E-02  6.38591E+00
  7.22656E-02  6.36345E+00
  7.61719E-02  6.33991E+00
  8.00781E-02  6.31528E+00
  8.39844E-02  6.28955E+00
  8.78906E-02  6.26271E+00
  9.17969E-02  6.23475E+00
  9.57031E-02  6.20567E+00
  9.96094E-02  6.17546E+00
  1.03516E-01  6.14409E+00
  1.07422E-01  6.11156E+00
  1.11328E-01  6.07786E+00
  1.15234E-01  6.04296E+00
  1.19141E-01  6.00687E+00
  1.23047E-01  5.96955E+00
  1.26953E-01  5.93099E+00
  1.30859E-01  5.89117E+00
  1.34766E-01  5.85008E+00
  1.38672E-01  5.80768E+00
  1.42578E-01  5.76396E+00
  1.46484E-01  5.71888E+00
  1.50391E-01  5.67244E+00
  1.54297E-01  5.62459E+00
  1.58203E-01  5.57532E+00
  1.62109E-01  5.52458E+00
  1.66016E-01  5.47235E+00
  1.69922E-01  5.41859E+00
  1.73828E-01  5.36326E+00
  1.77734E-01  5.30633E+00
  1.81641E-01  5.24775E+00
  1.85547E-01  5.18750E+00
  1.89453E-01  5.12551E+00
  1.93359E-01  5.06175E+00
  1.97266E-01  4.99617E+00
  2.01172E-01  4.92872E+00
  2.05078E-01  4.85935E+00
  2.08984E-01  4.78801E+00
  2.12891E-01  4.71465E+00
  2.16797E-01  4.63921E+00
  2.20703E-01  4.56166E+00
  2.24609E-01  4.48194E+00
  2.28516E-01  4.40000E+00
  2.32422E-01  4.31582E+00
  2.36328E-01  4.22936E+00
  2.40234E-01  4.14063E+00
  2.44141E-01  4.04961E+00
  2.48047E-01  3.95635E+00
  2.51953E-01  3.86090E+00
  2.55859E-01  3.76337E+00
  2.59766E-01  3.66393E+00
  2.63672E-01  3.56279E+00
  2.67578E-01  3.46028E+00
  2.71484E-01  3.35681E+00
  2.75391E-01  3.25290E+00
  2.79297E-01  3.14917E+00
  2.83203E-01  3.04638E+00
  2.87109E-01  2.94536E+00
  2.91016E-01  2.84702E+00
  2.94922E-01  2.75224E+00
  2.98828E-01  2.66182E+00
  3.02734E-01  2.57639E+00
  3.06641E-01  2.49635E+00
  3.10547E-01  2.42185E+00
  3.14453E-01  2.35278E+00
  3.18359E-01  2.28883E+00
  3.22266E-01  2.22954E+00
  3.26172E-01  2.17439E+00
  3.30078E-01  2.12284E+00
  3.33984E-01  2.07440E+00
  3.37891E-01  2.02862E+00
  3.41797E-01  1.98514E+00
  3.45703E-01  1.94364E+00
  3.49609E-01  1.90386E+00
  3.53516E-01  1.86562E+00
  3.57422E-01  1.82876E+00
  3.61328E-01  1.79316E+00
  3.65234E-01  1.75873E+00
  3.69141E-01  1.72537E+00
  3.73047E-01  1.69303E+00
  3.76953E-01  1.66164E+00
  3.80859E-01  1.63115E+00
  3.84766E-01  1.60151E+00
  3.88672E-01  1.57269E+00
  3.92578E-01  1.54466E+00
  3.96484E-01  1.51735E+00
  4.00391E-01  1.49074E+00
  4.04297E-01  1.46482E+00
  4.08203E-01  1.43956E+00
  4.12109E-01  1.41494E+00
  4.16016E-01  1.39094E+00
  4.19922E-01  1.36750E+00
  4.23828E-01  1.34462E+00
  4.27734E-01  1.32228E+00
  4.31641E-01  1.30049E+00
  4.35547E-01  1.27920E+00
  4.39453E-01  1.25842E+00
  4.43359E-01  1.23809E+00
  4.47266E-01  1.21824E+00
  4.51172E-01  1.19884E+00
  4.55078E-01  1.17980E+00
  4.58984E-01  1.16116E+00
  4.62891E-01  1.14293E+00
  4.66797E-01  1.12508E+00
  4.70703E-01  1.10764E+00
  4.74609E-01  1.09056E+00
  4.78516E-01  1.07385E+00
  4.82422E-01  1.05750E+00
  4.86328E-01  1.04149E+00
  4.90234E-01  1.02582E+00
  4.94141E-01  1.01050E+00
  4.98047E-01  9.95493E-01
  5.01953E-01  9.80807E-01
  5.05859E-01  9.66404E-01
  5.09766E-01  9.52262E-01
  5.13672E-01  9.38357E-01
  5.17578E-01  9.24746E-01
  5.21484E-01  9.11403E-01
  5.25391E-01  8.98295E-01
  5.29297E-01  8.85465E-01
  5.33203E-01  8.72893E-01
  5.37109E-01  8.60545E-01
  5.41016E-01  8.48404E-01
  5.44922E-01  8.36508E-01
  5.48828E-01  8.24858E-01
  5.52734E-01  8.13438E-01
  5.56641E-01  8.02229E-01
  5.60547E-01  7.91208E-01
  5.64453E-01  7.80356E-01
  5.68359E-01  7.69706E-01
  5.72266E-01  7.59267E-01
  5.76172E-01  7.49031E-01
  5.80078E-01  7.38984E-01
  5.83984E-01  7.29128E-01
  5.87891E-01  7.19454E-01
  5.91797E-01  7.09969E-01
  5.95703E-01  7.00679E-01
  5.99609E-01  6.91571E-01
  6.03516E-01  6.82608E-01
  6.07422E-01  6.73784E-01
  6.11328E-01  6.65097E-01
  6.15234E-01  6.56542E-01
  6.19141E-01  6.48106E-01
  6.23047E-01  6.39814E-01
  6.26953E-01  6.31670E-01
  6.30859E-01  6.23665E-01
  6.34766E-01  6.15802E-01
  6.38672E-01  6.08074E-01
  6.42578E-01  6.00472E-01
  6.46484E-01  5.93000E-01
  6.50391E-01  5.85651E-01
  6.54297E-01  5.78427E-01
  6.58203E-01  5.71322E-01
  6.62109E-01  5.64332E-01
  6.66016E-01  5.57455E-01
  6.69922E-01  5.50689E-01
  6.73828E-01  5.44035E-01
  6.77734E-01  5.37490E-01
  6.81641E-01  5.31047E-01
  6.85547E-01  5.24708E-01
  6.89453E-01  5.18469E-01
  6.93359E-01  5.12328E-01
  6.97266E-01  5.06285E-01
  7.01172E-01  5.00340E-01
  7.05078E-01  4.94485E-01
  7.08984E-01  4.88723E-01
  7.12891E-01  4.83048E-01
  7.16797E-01  4.77460E-01
  7.20703E-01  4.71960E-01
  7.24609E-01  4.66545E-01
  7.28516E-01  4.61211E-01
  7.32422E-01  4.55958E-01
  7.36328E-01  4.50785E-01
  7.40234E-01  4.45690E-01
  7.44141E-01  4.40673E-01
  7.48047E-01  4.35728E-01
  7.51953E-01  4.30859E-01
  7.55859E-01  4.26060E-01
  7.59766E-01  4.21333E-01
  7.63672E-01  4.16676E-01
  7.67578E-01  4.12088E-01
  7.71484E-01  4.07565E-01
  7.75391E-01  4.03110E-01
  7.79297E-01  3.98720E-01
  7.83203E-01  3.94391E-01
  7.87109E-01  3.90125E-01
  7.91016E-01  3.85923E-01
  7.94922E-01  3.81782E-01
  7.98828E-01  3.77697E-01
  8.02734E-01  3.73673E-01
  8.06641E-01  3.69704E-01
  8.10547E-01  3.65792E-01
  8.14453E-01  3.61933E-01
  8.18359E-01  3.58129E-01
  8.22266E-01  3.54378E-01
  8.26172E-01  3.50680E-01
  8.30078E-01  3.47033E-01
  8.33984E-01  3.43439E-01
  8.37891E-01  3.39890E-01
  8.41797E-01  3.36393E-01
  8.45703E-01  3.32943E-01
  8.49609E-01  3.29540E-01
  8.53516E-01  3.26184E-01
  8.57422E-01  3.22871E-01
  8.61328E-01  3.19602E-01
  8.65234E-01  3.16381E-01
  8.69141E-01  3.13200E-01
  8.73047E-01  3.10062E-01
  8.76953E-01  3.06966E-01
  8.80859E-01  3.03912E-01
  8.84766E-01  3.00897E-01
  8.88672E-01  2.97922E-01
  8.92578E-01  2.94986E-01
  8.96484E-01  2.92086E-01
  9.00391E-01  2.89224E-01
  9.04297E-01  2.86399E-01
  9.08203E-01  2.83610E-01
  9.12109E-01  2.80855E-01
  9.16016E-01  2.78135E-01
  9.19922E-01  2.75449E-01
  9.23828E-01  2.72794E-01
  9.27734E-01  2.70170E-01
  9.31641E-01  2.67576E-01
  9.35547E-01  2.65011E-01
  9.39453E-01  2.62476E-01
  9.43359E-01  2.59968E-01
  9.47266E-01  2.57487E-01
  9.51172E-01  2.55033E-01
  9.55078E-01  2.52604E-01
  9.58984E-01  2.50202E-01
  9.62891E-01  2.47822E-01
  9.66797E-01  2.45469E-01
  9.70703E-01  2.43140E-01
  9.74609E-01  2.40835E-01
  9.78516E-01  2.38552E-01
  9.82422E-01  2.36291E-01
  9.86328E-01  2.34041E-01
  9.90234E-01  2.31788E-01
  9.94141E-01  2.29527E-01
  9.98047E-01  2.28157E-01
  1.00195E+00  2.28157E-01
