 -1.95312E-03  5.30834E+00
  1.95312E-03  5.30958E+00
  5.85938E-03  5.30414E+00
  9.76562E-03  5.29813E+00
  1.36719E-02  5.29094E+00
  1.75781E-02  5.28248E+00
  2.14844E-02  5.27274E+00
  2.53906E-02  5.26172E+00
  2.92969E-02  5.24942E+00
  3.32031E-02  5.23585E+00
  3.71094E-02  5.22102E+00
  4.10156E-02  5.20492E+00
  4.49219E-02  5.18756E+00
  4.88281E-02  5.16895E+00
  5.27344E-02  5.14908E+00
  5.66406E-02  5.12796E+00
  6.05469E-02  5.10559E+00
  6.44531E-02  5.08197E+00
  6.83594E-02  5.05710E+00
  7.22656E-02  5.03099E+00
  7.61719E-02  5.00362E+00
  8.00781E-02  4.97501E+00
  8.39844E-02  4.94515E+00
  8.78906E-02  4.91404E+00
  9.17969E-02  4.88168E+00
  9.57031E-02  4.84808E+00
  9.96094E-02  4.81322E+00
  1.03516E-01  4.77712E+00
  1.07422E-01  4.73977E+00
  1.11328E-01  4.70117E+00
  1.15234E-01  4.66133E+00
  1.19141E-01  4.62026E+00
  1.23047E-01  4.57795E+00
  1.26953E-01  4.53441E+00
  1.30859E-01  4.48966E+00
  1.34766E-01  4.44369E+00
  1.38672E-01  4.39654E+00
  1.42578E-01  4.34821E+00
  1.46484E-01  4.29872E+00
  1.50391E-01  4.24811E+00
  1.54297E-01  4.19639E+00
  1.58203E-01  4.14360E+00
  1.62109E-01  4.08977E+00
  1.66016E-01  4.03497E+00
  1.69922E-01  3.97924E+00
  1.73828E-01  3.92264E+00
  1.77734E-01  3.86524E+00
  1.81641E-01  3.80712E+00
  1.85547E-01  3.74837E+00
  1.89453E-01  3.68909E+00
  1.93359E-01  3.62938E+00
  1.97266E-01  3.56935E+00
  2.01172E-01  3.50914E+00
  2.05078E-01  3.44886E+00
  2.08984E-01  3.38867E+00
  2.12891E-01  3.32870E+00
  2.16797E-01  3.26909E+00
  2.20703E-01  3.21000E+00
  2.24609E-01  3.15155E+00
  2.28516E-01  3.09390E+00
  2.32422E-01  3.03716E+00
  2.36328E-01  2.98145E+00
  2.40234E-01  2.92686E+00
  2.44141E-01  2.87347E+00
  2.48047E-01  2.82135E+00
  2.51953E-01  2.77055E+00
  2.55859E-01  2.72108E+00
  2.59766E-01  2.67297E+00
  2.63672E-01  2.62619E+00
  2.67578E-01  2.58073E+00
  2.71484E-01  2.53656E+00
  2.75391E-01  2.49364E+00
  2.79297E-01  2.45192E+00
  2.83203E-01  2.41137E+00
  2.87109E-01  2.37192E+00
  2.91016E-01  2.33353E+00
  2.94922E-01  2.29616E+00
  2.98828E-01  2.25975E+00
  3.02734E-01  2.22426E+00
  3.06641E-01  2.18966E+00
  3.10547E-01  2.15589E+00
  3.14453E-01  2.12293E+00
  3.18359E-01  2.09075E+00
  3.22266E-01  2.05931E+00
  3.26172E-01  2.02858E+00
  3.30078E-01  1.99854E+00
  3.33984E-01  1.96916E+00
  3.37891E-01  1.94042E+00
  3.41797E-01  1.91230E+00
  3.45703E-01  1.88476E+00
  3.49609E-01  1.85780E+00
  3.53516E-01  1.83141E+00
  3.57422E-01  1.80555E+00
  3.61328E-01  1.78022E+00
  3.65234E-01  1.75539E+00
  3.69141E-01  1.73106E+00
  3.73047E-01  1.70720E+00
  3.76953E-01  1.68381E+00
  3.80859E-01  1.66087E+00
  3.84766E-01  1.63837E+00
  3.88672E-01  1.61630E+00
  3.92578E-01  1.59464E+00
  3.96484E-01  1.57338E+00
  4.00391E-01  1.55252E+00
  4.04297E-01  1.53204E+00
  4.08203E-01  1.51195E+00
  4.12109E-01  1.49220E+00
  4.16016E-01  1.47282E+00
  4.19922E-01  1.45378E+00
  4.23828E-01  1.43508E+00
  4.27734E-01  1.41672E+00
  4.31641E-01  1.39869E+00
  4.35547E-01  1.38095E+00
  4.39453E-01  1.36352E+00
  4.43359E-01  1.34638E+00
  4.47266E-01  1.32954E+00
  4.51172E-01  1.31300E+00
  4.55078E-01  1.29675E+00
  4.58984E-01  1.28078E+00
  4.62891E-01  1.26508E+00
  4.66797E-01  1.24964E+00
  4.70703E-01  1.23443E+00
  4.74609E-01  1.21947E+00
  4.78516E-01  1.20475E+00
  4.82422E-01  1.19027E+00
  4.86328E-01  1.17602E+00
  4.90234E-01  1.16200E+00
  4.94141E-01  1.14821E+00
  4.98047E-01  1.13465E+00
  5.01953E-01  1.12130E+00
  5.05859E-01  1.10817E+00
  5.09766E-01  1.09526E+00
  5.13672E-01  1.08258E+00
  5.17578E-01  1.07008E+00
  5.21484E-01  1.05777E+00
  5.25391E-01  1.04563E+00
  5.29297E-01  1.03367E+00
  5.33203E-01  1.02190E+00
  5.37109E-01  1.01030E+00
  5.41016E-01  9.98893E-01
  5.44922E-01  9.87655E-01
  5.48828E-01  9.76588E-01
  5.52734E-01  9.65684E-01
  5.56641E-01  9.54941E-01
  5.60547E-01  9.44358E-01
  5.64453E-01  9.33932E-01
  5.68359E-01  9.23658E-01
  5.72266E-01  9.13537E-01
  5.76172E-01  9.03564E-01
  5.80078E-01  8.93735E-01
  5.83984E-01  8.84053E-01
  5.87891E-01  8.74523E-01
  5.91797E-01  8.65133E-01
  5.95703E-01  8.55871E-01
  5.99609E-01  8.46741E-01
  6.03516E-01  8.37738E-01
  6.07422E-01  8.28864E-01
  6.11328E-01  8.20113E-01
  6.15234E-01  8.11487E-01
  6.19141E-01  8.02979E-01
  6.23047E-01  7.94590E-01
  6.26953E-01  7.86320E-01
  6.30859E-01  7.78159E-01
  6.34766E-01  7.70115E-01
  6.38672E-01  7.62183E-01
  6.42578E-01  7.54354E-01
  6.46484E-01  7.46635E-01
  6.50391E-01  7.39024E-01
  6.54297E-01  7.31518E-01
  6.58203E-01  7.24104E-01
  6.62109E-01  7.16794E-01
  6.66016E-01  7.09583E-01
  6.69922E-01  7.02470E-01
  6.73828E-01  6.95454E-01
  6.77734E-01  6.88529E-01
  6.81641E-01  6.81692E-01
  6.85547E-01  6.74948E-01
  6.89453E-01  6.68292E-01
  6.93359E-01  6.61724E-01
  6.97266E-01  6.55243E-01
  7.01172E-01  6.48849E-01
  7.05078E-01  6.42538E-01
  7.08984E-01  6.36309E-01
  7.12891E-01  6.30157E-01
  7.16797E-01  6.24089E-01
  7.20703E-01  6.18100E-01
  7.24609E-01  6.12188E-01
  7.28516E-01  6.06350E-01
  7.32422E-01  6.00588E-01
  7.36328E-01  5.94897E-01
  7.40234E-01  5.89279E-01
  7.44141E-01  5.83731E-01
  7.48047E-01  5.78253E-01
  7.51953E-01  5.72841E-01
  7.55859E-01  5.67500E-01
  7.59766E-01  5.62225E-01
  7.63672E-01  5.57014E-01
  7.67578E-01  5.51866E-01
  7.71484E-01  5.46782E-01
  7.75391E-01  5.41761E-01
  7.79297E-01  5.36803E-01
  7.83203E-01  5.31903E-01
  7.87109E-01  5.27063E-01
  7.91016E-01  5.22274E-01
  7.94922E-01  5.17547E-01
  7.98828E-01  5.12875E-01
  8.02734E-01  5.08260E-01
  8.06641E-01  5.03701E-01
  8.10547E-01  4.99196E-01
  8.14453E-01  4.94742E-01
  8.18359E-01  4.90345E-01
  8.22266E-01  4.85996E-01
  8.26172E-01  4.81700E-01
  8.30078E-01  4.77453E-01
  8.33984E-01  4.73255E-01
  8.37891E-01  4.69110E-01
  8.41797E-01  4.65010E-01
  8.45703E-01  4.60961E-01
  8.49609E-01  4.56958E-01
  8.53516E-01  4.53001E-01
  8.57422E-01  4.49088E-01
  8.61328E-01  4.45222E-01
  8.65234E-01  4.41400E-01
  8.69141E-01  4.37620E-01
  8.73047E-01  4.33885E-01
  8.76953E-01  4.30193E-01
  8.80859E-01  4.26540E-01
  8.84766E-01  4.22931E-01
  8.88672E-01  4.19362E-01
  8.92578E-01  4.15832E-01
  8.96484E-01  4.12343E-01
  9.00391E-01  4.08890E-01
  9.04297E-01  4.05476E-01
  9.08203E-01  4.02101E-01
  9.12109E-01  3.98765E-01
  9.16016E-01  3.95463E-01
  9.19922E-01  3.92198E-01
  9.23828E-01  3.88967E-01
  9.27734E-01  3.85771E-01
  9.31641E-01  3.82606E-01
  9.35547E-01  3.79475E-01
  9.39453E-01  3.76377E-01
  9.43359E-01  3.73305E-01
  9.47266E-01  3.70260E-01
  9.51172E-01  3.67242E-01
  9.55078E-01  3.64246E-01
  9.58984E-01  3.61273E-01
  9.62891E-01  3.58318E-01
  9.66797E-01  3.55382E-01
  9.70703E-01  3.52462E-01
  9.74609E-01  3.49561E-01
  9.78516E-01  3.46673E-01
  9.82422E-01  3.43802E-01
  9.86328E-01  3.40947E-01
  9.90234E-01  3.38090E-01
  9.94141E-01  3.35216E-01
  9.98047E-01  3.33115E-01
  1.00195E+00  3.33115E-01
