 -1.95312E-03  2.01393E+00
  1.95312E-03  2.01547E+00
  5.85938E-03  2.01008E+00
  9.76562E-03  2.00447E+00
  1.36719E-02  1.99808E+00
  1.75781E-02  1.99099E+00
  2.14844E-02  1.98334E+00
  2.53906E-02  1.97523E+00
  2.92969E-02  1.96677E+00
  3.32031E-02  1.95807E+00
  3.71094E-02  1.94920E+00
  4.10156E-02  1.94021E+00
  4.49219E-02  1.93116E+00
  4.88281E-02  1.92206E+00
  5.27344E-02  1.91296E+00
  5.66406E-02  1.90386E+00
  6.05469E-02  1.89478E+00
  6.44531E-02  1.88572E+00
  6.83594E-02  1.87670E+00
  7.22656E-02  1.86772E+00
  7.61719E-02  1.85877E+00
  8.00781E-02  1.84987E+00
  8.39844E-02  1.84101E+00
  8.78906E-02  1.83220E+00
  9.17969E-02  1.82344E+00
  9.57031E-02  1.81472E+00
  9.96094E-02  1.80605E+00
  1.03516E-01  1.79743E+00
  1.07422E-01  1.78886E+00
  1.11328E-01  1.78034E+00
  1.15234E-01  1.77187E+00
  1.19141E-01  1.76345E+00
  1.23047E-01  1.75507E+00
  1.26953E-01  1.74675E+00
  1.30859E-01  1.73848E+00
  1.34766E-01  1.73025E+00
  1.38672E-01  1.72207E+00
  1.42578E-01  1.71395E+00
  1.46484E-01  1.70587E+00
  1.50391E-01  1.69784E+00
  1.54297E-01  1.68986E+00
  1.58203E-01  1.68192E+00
  1.62109E-01  1.67403E+00
  1.66016E-01  1.66620E+00
  1.69922E-01  1.65840E+00
  1.73828E-01  1.65066E+00
  1.77734E-01  1.64296E+00
  1.81641E-01  1.63531E+00
  1.85547E-01  1.62770E+00
  1.89453E-01  1.62014E+00
  1.93359E-01  1.61263E+00
  1.97266E-01  1.60516E+00
  2.01172E-01  1.59773E+00
  2.05078E-01  1.59035E+00
  2.08984E-01  1.58302E+00
  2.12891E-01  1.57572E+00
  2.16797E-01  1.56848E+00
  2.20703E-01  1.56127E+00
  2.24609E-01  1.55411E+00
  2.28516E-01  1.54699E+00
  2.32422E-01  1.53992E+00
  2.36328E-01  1.53288E+00
  2.40234E-01  1.52589E+00
  2.44141E-01  1.51894E+00
  2.48047E-01  1.51203E+00
  2.51953E-01  1.50516E+00
  2.55859E-01  1.49833E+00
  2.59766E-01  1.49155E+00
  2.63672E-01  1.48480E+00
  2.67578E-01  1.47809E+00
  2.71484E-01  1.47143E+00
  2.75391E-01  1.46480E+00
  2.79297E-01  1.45821E+00
  2.83203E-01  1.45166E+00
  2.87109E-01  1.44515E+00
  2.91016E-01  1.43867E+00
  2.94922E-01  1.43224E+00
  2.98828E-01  1.42584E+00
  3.02734E-01  1.41948E+00
  3.06641E-01  1.41316E+00
  3.10547E-01  1.40687E+00
  3.14453E-01  1.40062E+00
  3.18359E-01  1.39441E+00
  3.22266E-01  1.38823E+00
  3.26172E-01  1.38209E+00
  3.30078E-01  1.37599E+00
  3.33984E-01  1.36992E+00
  3.37891E-01  1.36388E+00
  3.41797E-01  1.35788E+00
  3.45703E-01  1.35191E+00
  3.49609E-01  1.34598E+00
  3.53516E-01  1.34009E+00
  3.57422E-01  1.33422E+00
  3.61328E-01  1.32839E+00
  3.65234E-01  1.32260E+00
  3.69141E-01  1.31684E+00
  3.73047E-01  1.31111E+00
  3.76953E-01  1.30541E+00
  3.80859E-01  1.29974E+00
  3.84766E-01  1.29411E+00
  3.88672E-01  1.28851E+00
  3.92578E-01  1.28294E+00
  3.96484E-01  1.27741E+00
  4.00391E-01  1.27190E+00
  4.04297E-01  1.26643E+00
  4.08203E-01  1.26099E+00
  4.12109E-01  1.25557E+00
  4.16016E-01  1.25019E+00
  4.19922E-01  1.24484E+00
  4.23828E-01  1.23952E+00
  4.27734E-01  1.23423E+00
  4.31641E-01  1.22896E+00
  4.35547E-01  1.22373E+00
  4.39453E-01  1.21853E+00
  4.43359E-01  1.21336E+00
  4.47266E-01  1.20821E+00
  4.51172E-01  1.20309E+00
  4.55078E-01  1.19801E+00
  4.58984E-01  1.19295E+00
  4.62891E-01  1.18791E+00
  4.66797E-01  1.18291E+00
  4.70703E-01  1.17794E+00
  4.74609E-01  1.17299E+00
  4.78516E-01  1.16807E+00
  4.82422E-01  1.16317E+00
  4.86328E-01  1.15831E+00
  4.90234E-01  1.15346E+00
  4.94141E-01  1.14865E+00
  4.98047E-01  1.14386E+00
  5.01953E-01  1.13910E+00
  5.05859E-01  1.13437E+00
  5.09766E-01  1.12966E+00
  5.13672E-01  1.12498E+00
  5.17578E-01  1.12032E+00
  5.21484E-01  1.11569E+00
  5.25391E-01  1.11108E+00
  5.29297E-01  1.10650E+00
  5.33203E-01  1.10194E+00
  5.37109E-01  1.09741E+00
  5.41016E-01  1.09290E+00
  5.44922E-01  1.08841E+00
  5.48828E-01  1.08396E+00
  5.52734E-01  1.07952E+00
  5.56641E-01  1.07511E+00
  5.60547E-01  1.07072E+00
  5.64453E-01  1.06636E+00
  5.68359E-01  1.06201E+00
  5.72266E-01  1.05770E+00
  5.76172E-01  1.05340E+00
  5.80078E-01  1.04913E+00
  5.83984E-01  1.04488E+00
  5.87891E-01  1.04066E+00
  5.91797E-01  1.03645E+00
  5.95703E-01  1.03227E+00
  5.99609E-01  1.02811E+00
  6.03516E-01  1.02397E+00
  6.07422E-01  1.01986E+00
  6.11328E-01  1.01577E+00
  6.15234E-01  1.01169E+00
  6.19141E-01  1.00764E+00
  6.23047E-01  1.00361E+00
  6.26953E-01  9.99606E-01
  6.30859E-01  9.95620E-01
  6.34766E-01  9.91654E-01
  6.38672E-01  9.87709E-01
  6.42578E-01  9.83785E-01
  6.46484E-01  9.79881E-01
  6.50391E-01  9.75997E-01
  6.54297E-01  9.72133E-01
  6.58203E-01  9.68290E-01
  6.62109E-01  9.64467E-01
  6.66016E-01  9.60663E-01
  6.69922E-01  9.56880E-01
  6.73828E-01  9.53116E-01
  6.77734E-01  9.49372E-01
  6.81641E-01  9.45647E-01
  6.85547E-01  9.41941E-01
  6.89453E-01  9.38254E-01
  6.93359E-01  9.34586E-01
  6.97266E-01  9.30937E-01
  7.01172E-01  9.27307E-01
  7.05078E-01  9.23695E-01
  7.08984E-01  9.20102E-01
  7.12891E-01  9.16527E-01
  7.16797E-01  9.12971E-01
  7.20703E-01  9.09432E-01
  7.24609E-01  9.05912E-01
  7.28516E-01  9.02410E-01
  7.32422E-01  8.98925E-01
  7.36328E-01  8.95458E-01
  7.40234E-01  8.92010E-01
  7.44141E-01  8.88578E-01
  7.48047E-01  8.85163E-01
  7.51953E-01  8.81767E-01
  7.55859E-01  8.78387E-01
  7.59766E-01  8.75023E-01
  7.63672E-01  8.71678E-01
  7.67578E-01  8.68348E-01
  7.71484E-01  8.65036E-01
  7.75391E-01  8.61740E-01
  7.79297E-01  8.58461E-01
  7.83203E-01  8.55198E-01
  7.87109E-01  8.51951E-01
  7.91016E-01  8.48721E-01
  7.94922E-01  8.45507E-01
  7.98828E-01  8.42309E-01
  8.02734E-01  8.39126E-01
  8.06641E-01  8.35960E-01
  8.10547E-01  8.32809E-01
  8.14453E-01  8.29674E-01
  8.18359E-01  8.26554E-01
  8.22266E-01  8.23450E-01
  8.26172E-01  8.20361E-01
  8.30078E-01  8.17287E-01
  8.33984E-01  8.14229E-01
  8.37891E-01  8.11185E-01
  8.41797E-01  8.08157E-01
  8.45703E-01  8.05143E-01
  8.49609E-01  8.02144E-01
  8.53516E-01  7.99161E-01
  8.57422E-01  7.96192E-01
  8.61328E-01  7.93236E-01
  8.65234E-01  7.90296E-01
  8.69141E-01  7.87369E-01
  8.73047E-01  7.84457E-01
  8.76953E-01  7.81559E-01
  8.80859E-01  7.78675E-01
  8.84766E-01  7.75805E-01
  8.88672E-01  7.72950E-01
  8.92578E-01  7.70108E-01
  8.96484E-01  7.67279E-01
  9.00391E-01  7.64464E-01
  9.04297E-01  7.61663E-01
  9.08203E-01  7.58875E-01
  9.12109E-01  7.56101E-01
  9.16016E-01  7.53340E-01
  9.19922E-01  7.50592E-01
  9.23828E-01  7.47858E-01
  9.27734E-01  7.45137E-01
  9.31641E-01  7.42428E-01
  9.35547E-01  7.39732E-01
  9.39453E-01  7.37050E-01
  9.43359E-01  7.34380E-01
  9.47266E-01  7.31723E-01
  9.51172E-01  7.29078E-01
  9.55078E-01  7.26446E-01
  9.58984E-01  7.23826E-01
  9.62891E-01  7.21216E-01
  9.66797E-01  7.18614E-01
  9.70703E-01  7.16008E-01
  9.74609E-01  7.13386E-01
  9.78516E-01  7.10724E-01
  9.82422E-01  7.07990E-01
  9.86328E-01  7.05146E-01
  9.90234E-01  7.02160E-01
  9.94141E-01  6.99031E-01
  9.98047E-01  6.95977E-01
  1.00195E+00  6.96010E-01
