 -1.95312E-03  3.30246E+00
  1.95312E-03  3.30381E+00
  5.85938E-03  3.29811E+00
  9.76562E-03  3.29166E+00
  1.36719E-02  3.28384E+00
  1.75781E-02  3.27462E+00
  2.14844E-02  3.26403E+00
  2.53906E-02  3.25210E+00
  2.92969E-02  3.23889E+00
  3.32031E-02  3.22445E+00
  3.71094E-02  3.20884E+00
  4.10156E-02  3.19212E+00
  4.49219E-02  3.17434E+00
  4.88281E-02  3.15558E+00
  5.27344E-02  3.13590E+00
  5.66406E-02  3.11536E+00
  6.05469E-02  3.09404E+00
  6.44531E-02  3.07200E+00
  6.83594E-02  3.04932E+00
  7.22656E-02  3.02606E+00
  7.61719E-02  3.00230E+00
  8.00781E-02  2.97809E+00
  8.39844E-02  2.95352E+00
  8.78906E-02  2.92863E+00
  9.17969E-02  2.90350E+00
  9.57031E-02  2.87819E+00
  9.96094E-02  2.85274E+00
  1.03516E-01  2.82720E+00
  1.07422E-01  2.80164E+00
  1.11328E-01  2.77608E+00
  1.15234E-01  2.75057E+00
  1.19141E-01  2.72514E+00
  1.23047E-01  2.69982E+00
  1.26953E-01  2.67463E+00
  1.30859E-01  2.64961E+00
  1.34766E-01  2.62477E+00
  1.38672E-01  2.60013E+00
  1.42578E-01  2.57570E+00
  1.46484E-01  2.55149E+00
  1.50391E-01  2.52751E+00
  1.54297E-01  2.50377E+00
  1.58203E-01  2.48028E+00
  1.62109E-01  2.45703E+00
  1.66016E-01  2.43403E+00
  1.69922E-01  2.41128E+00
  1.73828E-01  2.38878E+00
  1.77734E-01  2.36654E+00
  1.81641E-01  2.34455E+00
  1.85547E-01  2.32281E+00
  1.89453E-01  2.30132E+00
  1.93359E-01  2.28008E+00
  1.97266E-01  2.25909E+00
  2.01172E-01  2.23835E+00
  2.05078E-01  2.21784E+00
  2.08984E-01  2.19758E+00
  2.12891E-01  2.17756E+00
  2.16797E-01  2.15777E+00
  2.20703E-01  2.13822E+00
  2.24609E-01  2.11889E+00
  2.28516E-01  2.09979E+00
  2.32422E-01  2.08092E+00
  2.36328E-01  2.06227E+00
  2.40234E-01  2.04384E+00
  2.44141E-01  2.02563E+00
  2.48047E-01  2.00763E+00
  2.51953E-01  1.98984E+00
  2.55859E-01  1.97226E+00
  2.59766E-01  1.95488E+00
  2.63672E-01  1.93771E+00
  2.67578E-01  1.92073E+00
  2.71484E-01  1.90396E+00
  2.75391E-01  1.88737E+00
  2.79297E-01  1.87098E+00
  2.83203E-01  1.85478E+00
  2.87109E-01  1.83876E+00
  2.91016E-01  1.82293E+00
  2.94922E-01  1.80728E+00
  2.98828E-01  1.79180E+00
  3.02734E-01  1.77650E+00
  3.06641E-01  1.76138E+00
  3.10547E-01  1.74643E+00
  3.14453E-01  1.73165E+00
  3.18359E-01  1.71703E+00
  3.22266E-01  1.70258E+00
  3.26172E-01  1.68829E+00
  3.30078E-01  1.67415E+00
  3.33984E-01  1.66018E+00
  3.37891E-01  1.64636E+00
  3.41797E-01  1.63270E+00
  3.45703E-01  1.61918E+00
  3.49609E-01  1.60581E+00
  3.53516E-01  1.59260E+00
  3.57422E-01  1.57952E+00
  3.61328E-01  1.56659E+00
  3.65234E-01  1.55380E+00
  3.69141E-01  1.54115E+00
  3.73047E-01  1.52863E+00
  3.76953E-01  1.51626E+00
  3.80859E-01  1.50401E+00
  3.84766E-01  1.49190E+00
  3.88672E-01  1.47992E+00
  3.92578E-01  1.46806E+00
  3.96484E-01  1.45633E+00
  4.00391E-01  1.44473E+00
  4.04297E-01  1.43325E+00
  4.08203E-01  1.42189E+00
  4.12109E-01  1.41065E+00
  4.16016E-01  1.39952E+00
  4.19922E-01  1.38852E+00
  4.23828E-01  1.37763E+00
  4.27734E-01  1.36686E+00
  4.31641E-01  1.35620E+00
  4.35547E-01  1.34565E+00
  4.39453E-01  1.33520E+00
  4.43359E-01  1.32486E+00
  4.47266E-01  1.31463E+00
  4.51172E-01  1.30450E+00
  4.55078E-01  1.29448E+00
  4.58984E-01  1.28456E+00
  4.62891E-01  1.27475E+00
  4.66797E-01  1.26503E+00
  4.70703E-01  1.25542E+00
  4.74609E-01  1.24590E+00
  4.78516E-01  1.23647E+00
  4.82422E-01  1.22714E+00
  4.86328E-01  1.21790E+00
  4.90234E-01  1.20875E+00
  4.94141E-01  1.19970E+00
  4.98047E-01  1.19074E+00
  5.01953E-01  1.18187E+00
  5.05859E-01  1.17308E+00
  5.09766E-01  1.16438E+00
  5.13672E-01  1.15577E+00
  5.17578E-01  1.14724E+00
  5.21484E-01  1.13879E+00
  5.25391E-01  1.13043E+00
  5.29297E-01  1.12214E+00
  5.33203E-01  1.11394E+00
  5.37109E-01  1.10582E+00
  5.41016E-01  1.09778E+00
  5.44922E-01  1.08982E+00
  5.48828E-01  1.08193E+00
  5.52734E-01  1.07412E+00
  5.56641E-01  1.06639E+00
  5.60547E-01  1.05872E+00
  5.64453E-01  1.05113E+00
  5.68359E-01  1.04362E+00
  5.72266E-01  1.03617E+00
  5.76172E-01  1.02879E+00
  5.80078E-01  1.02149E+00
  5.83984E-01  1.01425E+00
  5.87891E-01  1.00708E+00
  5.91797E-01  9.99980E-01
  5.95703E-01  9.92947E-01
  5.99609E-01  9.85978E-01
  6.03516E-01  9.79075E-01
  6.07422E-01  9.72235E-01
  6.11328E-01  9.65457E-01
  6.15234E-01  9.58743E-01
  6.19141E-01  9.52090E-01
  6.23047E-01  9.45500E-01
  6.26953E-01  9.38971E-01
  6.30859E-01  9.32501E-01
  6.34766E-01  9.26090E-01
  6.38672E-01  9.19737E-01
  6.42578E-01  9.13443E-01
  6.46484E-01  9.07206E-01
  6.50391E-01  9.01025E-01
  6.54297E-01  8.94900E-01
  6.58203E-01  8.88829E-01
  6.62109E-01  8.82815E-01
  6.66016E-01  8.76853E-01
  6.69922E-01  8.70946E-01
  6.73828E-01  8.65091E-01
  6.77734E-01  8.59290E-01
  6.81641E-01  8.53540E-01
  6.85547E-01  8.47840E-01
  6.89453E-01  8.42192E-01
  6.93359E-01  8.36593E-01
  6.97266E-01  8.31042E-01
  7.01172E-01  8.25541E-01
  7.05078E-01  8.20089E-01
  7.08984E-01  8.14684E-01
  7.12891E-01  8.09326E-01
  7.16797E-01  8.04014E-01
  7.20703E-01  7.98750E-01
  7.24609E-01  7.93531E-01
  7.28516E-01  7.88357E-01
  7.32422E-01  7.83228E-01
  7.36328E-01  7.78144E-01
  7.40234E-01  7.73103E-01
  7.44141E-01  7.68107E-01
  7.48047E-01  7.63153E-01
  7.51953E-01  7.58241E-01
  7.55859E-01  7.53371E-01
  7.59766E-01  7.48542E-01
  7.63672E-01  7.43755E-01
  7.67578E-01  7.39008E-01
  7.71484E-01  7.34301E-01
  7.75391E-01  7.29634E-01
  7.79297E-01  7.25006E-01
  7.83203E-01  7.20417E-01
  7.87109E-01  7.15867E-01
  7.91016E-01  7.11355E-01
  7.94922E-01  7.06881E-01
  7.98828E-01  7.02444E-01
  8.02734E-01  6.98043E-01
  8.06641E-01  6.93679E-01
  8.10547E-01  6.89352E-01
  8.14453E-01  6.85061E-01
  8.18359E-01  6.80805E-01
  8.22266E-01  6.76584E-01
  8.26172E-01  6.72398E-01
  8.30078E-01  6.68245E-01
  8.33984E-01  6.64127E-01
  8.37891E-01  6.60043E-01
  8.41797E-01  6.55993E-01
  8.45703E-01  6.51976E-01
  8.49609E-01  6.47991E-01
  8.53516E-01  6.44038E-01
  8.57422E-01  6.40116E-01
  8.61328E-01  6.36227E-01
  8.65234E-01  6.32369E-01
  8.69141E-01  6.28542E-01
  8.73047E-01  6.24746E-01
  8.76953E-01  6.20981E-01
  8.80859E-01  6.17244E-01
  8.84766E-01  6.13539E-01
  8.88672E-01  6.09863E-01
  8.92578E-01  6.06216E-01
  8.96484E-01  6.02597E-01
  9.00391E-01  5.99008E-01
  9.04297E-01  5.95447E-01
  9.08203E-01  5.91914E-01
  9.12109E-01  5.88408E-01
  9.16016E-01  5.84930E-01
  9.19922E-01  5.81480E-01
  9.23828E-01  5.78056E-01
  9.27734E-01  5.74659E-01
  9.31641E-01  5.71288E-01
  9.35547E-01  5.67943E-01
  9.39453E-01  5.64625E-01
  9.43359E-01  5.61331E-01
  9.47266E-01  5.58061E-01
  9.51172E-01  5.54814E-01
  9.55078E-01  5.51590E-01
  9.58984E-01  5.48382E-01
  9.62891E-01  5.45188E-01
  9.66797E-01  5.41995E-01
  9.70703E-01  5.38799E-01
  9.74609E-01  5.35591E-01
  9.78516E-01  5.32362E-01
  9.82422E-01  5.29105E-01
  9.86328E-01  5.25820E-01
  9.90234E-01  5.22506E-01
  9.94141E-01  5.19172E-01
  9.98047E-01  5.16302E-01
  1.00195E+00  5.16305E-01
