 -1.95312E-03  5.77065E+00
  1.95312E-03  5.77070E+00
  5.85938E-03  5.76530E+00
  9.76562E-03  5.75947E+00
  1.36719E-02  5.75252E+00
  1.75781E-02  5.74439E+00
  2.14844E-02  5.73506E+00
  2.53906E-02  5.72452E+00
  2.92969E-02  5.71278E+00
  3.32031E-02  5.69984E+00
  3.71094E-02  5.68570E+00
  4.10156E-02  5.67036E+00
  4.49219E-02  5.65383E+00
  4.88281E-02  5.63610E+00
  5.27344E-02  5.61718E+00
  5.66406E-02  5.59706E+00
  6.05469E-02  5.57575E+00
  6.44531E-02  5.55323E+00
  6.83594E-02  5.52951E+00
  7.22656E-02  5.50459E+00
  7.61719E-02  5.47846E+00
  8.00781E-02  5.45112E+00
  8.39844E-02  5.42255E+00
  8.78906E-02  5.39276E+00
  9.17969E-02  5.36173E+00
  9.57031E-02  5.32947E+00
  9.96094E-02  5.29596E+00
  1.03516E-01  5.26119E+00
  1.07422E-01  5.22516E+00
  1.11328E-01  5.18786E+00
  1.15234E-01  5.14928E+00
  1.19141E-01  5.10940E+00
  1.23047E-01  5.06822E+00
  1.26953E-01  5.02574E+00
  1.30859E-01  4.98193E+00
  1.34766E-01  4.93679E+00
  1.38672E-01  4.89031E+00
  1.42578E-01  4.84248E+00
  1.46484E-01  4.79329E+00
  1.50391E-01  4.74274E+00
  1.54297E-01  4.69083E+00
  1.58203E-01  4.63753E+00
  1.62109E-01  4.58287E+00
  1.66016E-01  4.52683E+00
  1.69922E-01  4.46942E+00
  1.73828E-01  4.41066E+00
  1.77734E-01  4.35056E+00
  1.81641E-01  4.28913E+00
  1.85547E-01  4.22640E+00
  1.89453E-01  4.16241E+00
  1.93359E-01  4.09720E+00
  1.97266E-01  4.03083E+00
  2.01172E-01  3.96336E+00
  2.05078E-01  3.89487E+00
  2.08984E-01  3.82547E+00
  2.12891E-01  3.75525E+00
  2.16797E-01  3.68435E+00
  2.20703E-01  3.61293E+00
  2.24609E-01  3.54115E+00
  2.28516E-01  3.46920E+00
  2.32422E-01  3.39727E+00
  2.36328E-01  3.32560E+00
  2.40234E-01  3.25442E+00
  2.44141E-01  3.18396E+00
  2.48047E-01  3.11447E+00
  2.51953E-01  3.04618E+00
  2.55859E-01  2.97932E+00
  2.59766E-01  2.91408E+00
  2.63672E-01  2.85063E+00
  2.67578E-01  2.78911E+00
  2.71484E-01  2.72960E+00
  2.75391E-01  2.67216E+00
  2.79297E-01  2.61681E+00
  2.83203E-01  2.56351E+00
  2.87109E-01  2.51223E+00
  2.91016E-01  2.46288E+00
  2.94922E-01  2.41537E+00
  2.98828E-01  2.36960E+00
  3.02734E-01  2.32547E+00
  3.06641E-01  2.28286E+00
  3.10547E-01  2.24168E+00
  3.14453E-01  2.20182E+00
  3.18359E-01  2.16320E+00
  3.22266E-01  2.12576E+00
  3.26172E-01  2.08940E+00
  3.30078E-01  2.05407E+00
  3.33984E-01  2.01970E+00
  3.37891E-01  1.98625E+00
  3.41797E-01  1.95368E+00
  3.45703E-01  1.92193E+00
  3.49609E-01  1.89098E+00
  3.53516E-01  1.86079E+00
  3.57422E-01  1.83133E+00
  3.61328E-01  1.80256E+00
  3.65234E-01  1.77446E+00
  3.69141E-01  1.74701E+00
  3.73047E-01  1.72018E+00
  3.76953E-01  1.69394E+00
  3.80859E-01  1.66829E+00
  3.84766E-01  1.64320E+00
  3.88672E-01  1.61864E+00
  3.92578E-01  1.59462E+00
  3.96484E-01  1.57110E+00
  4.00391E-01  1.54807E+00
  4.04297E-01  1.52551E+00
  4.08203E-01  1.50341E+00
  4.12109E-01  1.48177E+00
  4.16016E-01  1.46058E+00
  4.19922E-01  1.43979E+00
  4.23828E-01  1.41941E+00
  4.27734E-01  1.39944E+00
  4.31641E-01  1.37986E+00
  4.35547E-01  1.36066E+00
  4.39453E-01  1.34184E+00
  4.43359E-01  1.32339E+00
  4.47266E-01  1.30527E+00
  4.51172E-01  1.28747E+00
  4.55078E-01  1.26999E+00
  4.58984E-01  1.25284E+00
  4.62891E-01  1.23601E+00
  4.66797E-01  1.21948E+00
  4.70703E-01  1.20327E+00
  4.74609E-01  1.18735E+00
  4.78516E-01  1.17173E+00
  4.82422E-01  1.15641E+00
  4.86328E-01  1.14138E+00
  4.90234E-01  1.12662E+00
  4.94141E-01  1.11210E+00
  4.98047E-01  1.09780E+00
  5.01953E-01  1.08374E+00
  5.05859E-01  1.06993E+00
  5.09766E-01  1.05635E+00
  5.13672E-01  1.04301E+00
  5.17578E-01  1.02989E+00
  5.21484E-01  1.01700E+00
  5.25391E-01  1.00432E+00
  5.29297E-01  9.91861E-01
  5.33203E-01  9.79604E-01
  5.37109E-01  9.67551E-01
  5.41016E-01  9.55699E-01
  5.44922E-01  9.44042E-01
  5.48828E-01  9.32581E-01
  5.52734E-01  9.21320E-01
  5.56641E-01  9.10254E-01
  5.60547E-01  8.99362E-01
  5.64453E-01  8.88637E-01
  5.68359E-01  8.78076E-01
  5.72266E-01  8.67680E-01
  5.76172E-01  8.57452E-01
  5.80078E-01  8.47377E-01
  5.83984E-01  8.37465E-01
  5.87891E-01  8.27709E-01
  5.91797E-01  8.18096E-01
  5.95703E-01  8.08639E-01
  5.99609E-01  7.99331E-01
  6.03516E-01  7.90160E-01
  6.07422E-01  7.81122E-01
  6.11328E-01  7.72232E-01
  6.15234E-01  7.63480E-01
  6.19141E-01  7.54860E-01
  6.23047E-01  7.46361E-01
  6.26953E-01  7.37988E-01
  6.30859E-01  7.29744E-01
  6.34766E-01  7.21623E-01
  6.38672E-01  7.13628E-01
  6.42578E-01  7.05751E-01
  6.46484E-01  6.97991E-01
  6.50391E-01  6.90345E-01
  6.54297E-01  6.82799E-01
  6.58203E-01  6.75364E-01
  6.62109E-01  6.68039E-01
  6.66016E-01  6.60823E-01
  6.69922E-01  6.53722E-01
  6.73828E-01  6.46727E-01
  6.77734E-01  6.39833E-01
  6.81641E-01  6.33037E-01
  6.85547E-01  6.26336E-01
  6.89453E-01  6.19727E-01
  6.93359E-01  6.13212E-01
  6.97266E-01  6.06787E-01
  7.01172E-01  6.00454E-01
  7.05078E-01  5.94206E-01
  7.08984E-01  5.88043E-01
  7.12891E-01  5.81967E-01
  7.16797E-01  5.75973E-01
  7.20703E-01  5.70055E-01
  7.24609E-01  5.64214E-01
  7.28516E-01  5.58453E-01
  7.32422E-01  5.52769E-01
  7.36328E-01  5.47167E-01
  7.40234E-01  5.41638E-01
  7.44141E-01  5.36186E-01
  7.48047E-01  5.30806E-01
  7.51953E-01  5.25497E-01
  7.55859E-01  5.20257E-01
  7.59766E-01  5.15091E-01
  7.63672E-01  5.09992E-01
  7.67578E-01  5.04960E-01
  7.71484E-01  4.99994E-01
  7.75391E-01  4.95093E-01
  7.79297E-01  4.90255E-01
  7.83203E-01  4.85482E-01
  7.87109E-01  4.80769E-01
  7.91016E-01  4.76117E-01
  7.94922E-01  4.71526E-01
  7.98828E-01  4.66991E-01
  8.02734E-01  4.62518E-01
  8.06641E-01  4.58097E-01
  8.10547E-01  4.53735E-01
  8.14453E-01  4.49427E-01
  8.18359E-01  4.45173E-01
  8.22266E-01  4.40974E-01
  8.26172E-01  4.36828E-01
  8.30078E-01  4.32733E-01
  8.33984E-01  4.28691E-01
  8.37891E-01  4.24697E-01
  8.41797E-01  4.20755E-01
  8.45703E-01  4.16859E-01
  8.49609E-01  4.13012E-01
  8.53516E-01  4.09212E-01
  8.57422E-01  4.05459E-01
  8.61328E-01  4.01751E-01
  8.65234E-01  3.98088E-01
  8.69141E-01  3.94472E-01
  8.73047E-01  3.90899E-01
  8.76953E-01  3.87367E-01
  8.80859E-01  3.83878E-01
  8.84766E-01  3.80432E-01
  8.88672E-01  3.77024E-01
  8.92578E-01  3.73659E-01
  8.96484E-01  3.70333E-01
  9.00391E-01  3.67045E-01
  9.04297E-01  3.63799E-01
  9.08203E-01  3.60589E-01
  9.12109E-01  3.57416E-01
  9.16016E-01  3.54278E-01
  9.19922E-01  3.51177E-01
  9.23828E-01  3.48111E-01
  9.27734E-01  3.45079E-01
  9.31641E-01  3.42080E-01
  9.35547E-01  3.39113E-01
  9.39453E-01  3.36174E-01
  9.43359E-01  3.33265E-01
  9.47266E-01  3.30382E-01
  9.51172E-01  3.27526E-01
  9.55078E-01  3.24693E-01
  9.58984E-01  3.21885E-01
  9.62891E-01  3.19098E-01
  9.66797E-01  3.16332E-01
  9.70703E-01  3.13587E-01
  9.74609E-01  3.10865E-01
  9.78516E-01  3.08159E-01
  9.82422E-01  3.05475E-01
  9.86328E-01  3.02808E-01
  9.90234E-01  3.00136E-01
  9.94141E-01  2.97447E-01
  9.98047E-01  2.95585E-01
  1.00195E+00  2.95585E-01
