 -1.95312E-03  3.77956E+00
  1.95312E-03  3.78059E+00
  5.85938E-03  3.77496E+00
  9.76562E-03  3.76852E+00
  1.36719E-02  3.76070E+00
  1.75781E-02  3.75145E+00
  2.14844E-02  3.74079E+00
  2.53906E-02  3.72871E+00
  2.92969E-02  3.71527E+00
  3.32031E-02  3.70049E+00
  3.71094E-02  3.68439E+00
  4.10156E-02  3.66703E+00
  4.49219E-02  3.64843E+00
  4.88281E-02  3.62864E+00
  5.27344E-02  3.60769E+00
  5.66406E-02  3.58563E+00
  6.05469E-02  3.56250E+00
  6.44531E-02  3.53836E+00
  6.83594E-02  3.51324E+00
  7.22656E-02  3.48721E+00
  7.61719E-02  3.46032E+00
  8.00781E-02  3.43262E+00
  8.39844E-02  3.40416E+00
  8.78906E-02  3.37502E+00
  9.17969E-02  3.34526E+00
  9.57031E-02  3.31493E+00
  9.96094E-02  3.28410E+00
  1.03516E-01  3.25283E+00
  1.07422E-01  3.22120E+00
  1.11328E-01  3.18926E+00
  1.15234E-01  3.15707E+00
  1.19141E-01  3.12471E+00
  1.23047E-01  3.09223E+00
  1.26953E-01  3.05968E+00
  1.30859E-01  3.02713E+00
  1.34766E-01  2.99463E+00
  1.38672E-01  2.96222E+00
  1.42578E-01  2.92995E+00
  1.46484E-01  2.89785E+00
  1.50391E-01  2.86598E+00
  1.54297E-01  2.83435E+00
  1.58203E-01  2.80301E+00
  1.62109E-01  2.77196E+00
  1.66016E-01  2.74124E+00
  1.69922E-01  2.71085E+00
  1.73828E-01  2.68082E+00
  1.77734E-01  2.65115E+00
  1.81641E-01  2.62185E+00
  1.85547E-01  2.59292E+00
  1.89453E-01  2.56438E+00
  1.93359E-01  2.53621E+00
  1.97266E-01  2.50843E+00
  2.01172E-01  2.48103E+00
  2.05078E-01  2.45401E+00
  2.08984E-01  2.42737E+00
  2.12891E-01  2.40110E+00
  2.16797E-01  2.37520E+00
  2.20703E-01  2.34966E+00
  2.24609E-01  2.32448E+00
  2.28516E-01  2.29966E+00
  2.32422E-01  2.27520E+00
  2.36328E-01  2.25107E+00
  2.40234E-01  2.22729E+00
  2.44141E-01  2.20384E+00
  2.48047E-01  2.18072E+00
  2.51953E-01  2.15793E+00
  2.55859E-01  2.13545E+00
  2.59766E-01  2.11329E+00
  2.63672E-01  2.09144E+00
  2.67578E-01  2.06989E+00
  2.71484E-01  2.04864E+00
  2.75391E-01  2.02768E+00
  2.79297E-01  2.00701E+00
  2.83203E-01  1.98663E+00
  2.87109E-01  1.96652E+00
  2.91016E-01  1.94669E+00
  2.94922E-01  1.92712E+00
  2.98828E-01  1.90782E+00
  3.02734E-01  1.88879E+00
  3.06641E-01  1.87001E+00
  3.10547E-01  1.85147E+00
  3.14453E-01  1.83319E+00
  3.18359E-01  1.81515E+00
  3.22266E-01  1.79735E+00
  3.26172E-01  1.77978E+00
  3.30078E-01  1.76244E+00
  3.33984E-01  1.74534E+00
  3.37891E-01  1.72845E+00
  3.41797E-01  1.71178E+00
  3.45703E-01  1.69533E+00
  3.49609E-01  1.67909E+00
  3.53516E-01  1.66307E+00
  3.57422E-01  1.64724E+00
  3.61328E-01  1.63162E+00
  3.65234E-01  1.61620E+00
  3.69141E-01  1.60097E+00
  3.73047E-01  1.58594E+00
  3.76953E-01  1.57110E+00
  3.80859E-01  1.55644E+00
  3.84766E-01  1.54196E+00
  3.88672E-01  1.52767E+00
  3.92578E-01  1.51355E+00
  3.96484E-01  1.49961E+00
  4.00391E-01  1.48584E+00
  4.04297E-01  1.47224E+00
  4.08203E-01  1.45881E+00
  4.12109E-01  1.44554E+00
  4.16016E-01  1.43243E+00
  4.19922E-01  1.41948E+00
  4.23828E-01  1.40668E+00
  4.27734E-01  1.39404E+00
  4.31641E-01  1.38155E+00
  4.35547E-01  1.36922E+00
  4.39453E-01  1.35704E+00
  4.43359E-01  1.34499E+00
  4.47266E-01  1.33309E+00
  4.51172E-01  1.32133E+00
  4.55078E-01  1.30970E+00
  4.58984E-01  1.29821E+00
  4.62891E-01  1.28686E+00
  4.66797E-01  1.27565E+00
  4.70703E-01  1.26456E+00
  4.74609E-01  1.25360E+00
  4.78516E-01  1.24277E+00
  4.82422E-01  1.23206E+00
  4.86328E-01  1.22147E+00
  4.90234E-01  1.21101E+00
  4.94141E-01  1.20066E+00
  4.98047E-01  1.19043E+00
  5.01953E-01  1.18032E+00
  5.05859E-01  1.17033E+00
  5.09766E-01  1.16045E+00
  5.13672E-01  1.15068E+00
  5.17578E-01  1.14102E+00
  5.21484E-01  1.13147E+00
  5.25391E-01  1.12202E+00
  5.29297E-01  1.11268E+00
  5.33203E-01  1.10344E+00
  5.37109E-01  1.09430E+00
  5.41016E-01  1.08526E+00
  5.44922E-01  1.07632E+00
  5.48828E-01  1.06748E+00
  5.52734E-01  1.05874E+00
  5.56641E-01  1.05010E+00
  5.60547E-01  1.04155E+00
  5.64453E-01  1.03310E+00
  5.68359E-01  1.02473E+00
  5.72266E-01  1.01645E+00
  5.76172E-01  1.00826E+00
  5.80078E-01  1.00016E+00
  5.83984E-01  9.92147E-01
  5.87891E-01  9.84218E-01
  5.91797E-01  9.76373E-01
  5.95703E-01  9.68610E-01
  5.99609E-01  9.60929E-01
  6.03516E-01  9.53330E-01
  6.07422E-01  9.45811E-01
  6.11328E-01  9.38373E-01
  6.15234E-01  9.31013E-01
  6.19141E-01  9.23728E-01
  6.23047E-01  9.16519E-01
  6.26953E-01  9.09385E-01
  6.30859E-01  9.02325E-01
  6.34766E-01  8.95337E-01
  6.38672E-01  8.88421E-01
  6.42578E-01  8.81577E-01
  6.46484E-01  8.74801E-01
  6.50391E-01  8.68096E-01
  6.54297E-01  8.61458E-01
  6.58203E-01  8.54887E-01
  6.62109E-01  8.48385E-01
  6.66016E-01  8.41949E-01
  6.69922E-01  8.35578E-01
  6.73828E-01  8.29270E-01
  6.77734E-01  8.23026E-01
  6.81641E-01  8.16845E-01
  6.85547E-01  8.10724E-01
  6.89453E-01  8.04664E-01
  6.93359E-01  7.98665E-01
  6.97266E-01  7.92724E-01
  7.01172E-01  7.86843E-01
  7.05078E-01  7.81020E-01
  7.08984E-01  7.75254E-01
  7.12891E-01  7.69543E-01
  7.16797E-01  7.63889E-01
  7.20703E-01  7.58290E-01
  7.24609E-01  7.52745E-01
  7.28516E-01  7.47256E-01
  7.32422E-01  7.41818E-01
  7.36328E-01  7.36433E-01
  7.40234E-01  7.31100E-01
  7.44141E-01  7.25818E-01
  7.48047E-01  7.20589E-01
  7.51953E-01  7.15410E-01
  7.55859E-01  7.10279E-01
  7.59766E-01  7.05197E-01
  7.63672E-01  7.00163E-01
  7.67578E-01  6.95178E-01
  7.71484E-01  6.90240E-01
  7.75391E-01  6.85348E-01
  7.79297E-01  6.80502E-01
  7.83203E-01  6.75701E-01
  7.87109E-01  6.70947E-01
  7.91016E-01  6.66234E-01
  7.94922E-01  6.61567E-01
  7.98828E-01  6.56944E-01
  8.02734E-01  6.52363E-01
  8.06641E-01  6.47825E-01
  8.10547E-01  6.43327E-01
  8.14453E-01  6.38872E-01
  8.18359E-01  6.34457E-01
  8.22266E-01  6.30084E-01
  8.26172E-01  6.25749E-01
  8.30078E-01  6.21455E-01
  8.33984E-01  6.17199E-01
  8.37891E-01  6.12983E-01
  8.41797E-01  6.08806E-01
  8.45703E-01  6.04665E-01
  8.49609E-01  6.00562E-01
  8.53516E-01  5.96495E-01
  8.57422E-01  5.92465E-01
  8.61328E-01  5.88472E-01
  8.65234E-01  5.84514E-01
  8.69141E-01  5.80593E-01
  8.73047E-01  5.76705E-01
  8.76953E-01  5.72852E-01
  8.80859E-01  5.69033E-01
  8.84766E-01  5.65248E-01
  8.88672E-01  5.61496E-01
  8.92578E-01  5.57778E-01
  8.96484E-01  5.54092E-01
  9.00391E-01  5.50438E-01
  9.04297E-01  5.46816E-01
  9.08203E-01  5.43228E-01
  9.12109E-01  5.39669E-01
  9.16016E-01  5.36141E-01
  9.19922E-01  5.32643E-01
  9.23828E-01  5.29176E-01
  9.27734E-01  5.25739E-01
  9.31641E-01  5.22331E-01
  9.35547E-01  5.18953E-01
  9.39453E-01  5.15604E-01
  9.43359E-01  5.12280E-01
  9.47266E-01  5.08983E-01
  9.51172E-01  5.05712E-01
  9.55078E-01  5.02462E-01
  9.58984E-01  4.99230E-01
  9.62891E-01  4.96011E-01
  9.66797E-01  4.92796E-01
  9.70703E-01  4.89582E-01
  9.74609E-01  4.86363E-01
  9.78516E-01  4.83136E-01
  9.82422E-01  4.79895E-01
  9.86328E-01  4.76643E-01
  9.90234E-01  4.73378E-01
  9.94141E-01  4.70104E-01
  9.98047E-01  4.67376E-01
  1.00195E+00  4.67377E-01
