 -1.95312E-03  3.97048E+00
  1.95312E-03  3.97145E+00
  5.85938E-03  3.96584E+00
  9.76562E-03  3.95943E+00
  1.36719E-02  3.95165E+00
  1.75781E-02  3.94245E+00
  2.14844E-02  3.93182E+00
  2.53906E-02  3.91979E+00
  2.92969E-02  3.90637E+00
  3.32031E-02  3.89159E+00
  3.71094E-02  3.87548E+00
  4.10156E-02  3.85806E+00
  4.49219E-02  3.83937E+00
  4.88281E-02  3.81943E+00
  5.27344E-02  3.79828E+00
  5.66406E-02  3.77596E+00
  6.05469E-02  3.75249E+00
  6.44531E-02  3.72792E+00
  6.83594E-02  3.70228E+00
  7.22656E-02  3.67562E+00
  7.61719E-02  3.64799E+00
  8.00781E-02  3.61942E+00
  8.39844E-02  3.58998E+00
  8.78906E-02  3.55970E+00
  9.17969E-02  3.52866E+00
  9.57031E-02  3.49689E+00
  9.96094E-02  3.46446E+00
  1.03516E-01  3.43144E+00
  1.07422E-01  3.39788E+00
  1.11328E-01  3.36386E+00
  1.15234E-01  3.32942E+00
  1.19141E-01  3.29465E+00
  1.23047E-01  3.25960E+00
  1.26953E-01  3.22435E+00
  1.30859E-01  3.18895E+00
  1.34766E-01  3.15347E+00
  1.38672E-01  3.11797E+00
  1.42578E-01  3.08251E+00
  1.46484E-01  3.04714E+00
  1.50391E-01  3.01192E+00
  1.54297E-01  2.97690E+00
  1.58203E-01  2.94211E+00
  1.62109E-01  2.90760E+00
  1.66016E-01  2.87340E+00
  1.69922E-01  2.83954E+00
  1.73828E-01  2.80605E+00
  1.77734E-01  2.77295E+00
  1.81641E-01  2.74026E+00
  1.85547E-01  2.70798E+00
  1.89453E-01  2.67614E+00
  1.93359E-01  2.64474E+00
  1.97266E-01  2.61378E+00
  2.01172E-01  2.58327E+00
  2.05078E-01  2.55320E+00
  2.08984E-01  2.52358E+00
  2.12891E-01  2.49440E+00
  2.16797E-01  2.46566E+00
  2.20703E-01  2.43736E+00
  2.24609E-01  2.40948E+00
  2.28516E-01  2.38203E+00
  2.32422E-01  2.35499E+00
  2.36328E-01  2.32837E+00
  2.40234E-01  2.30215E+00
  2.44141E-01  2.27633E+00
  2.48047E-01  2.25090E+00
  2.51953E-01  2.22585E+00
  2.55859E-01  2.20118E+00
  2.59766E-01  2.17689E+00
  2.63672E-01  2.15295E+00
  2.67578E-01  2.12937E+00
  2.71484E-01  2.10614E+00
  2.75391E-01  2.08326E+00
  2.79297E-01  2.06072E+00
  2.83203E-01  2.03850E+00
  2.87109E-01  2.01661E+00
  2.91016E-01  1.99504E+00
  2.94922E-01  1.97378E+00
  2.98828E-01  1.95284E+00
  3.02734E-01  1.93219E+00
  3.06641E-01  1.91184E+00
  3.10547E-01  1.89178E+00
  3.14453E-01  1.87200E+00
  3.18359E-01  1.85250E+00
  3.22266E-01  1.83328E+00
  3.26172E-01  1.81433E+00
  3.30078E-01  1.79565E+00
  3.33984E-01  1.77722E+00
  3.37891E-01  1.75905E+00
  3.41797E-01  1.74113E+00
  3.45703E-01  1.72346E+00
  3.49609E-01  1.70603E+00
  3.53516E-01  1.68884E+00
  3.57422E-01  1.67188E+00
  3.61328E-01  1.65515E+00
  3.65234E-01  1.63865E+00
  3.69141E-01  1.62237E+00
  3.73047E-01  1.60631E+00
  3.76953E-01  1.59046E+00
  3.80859E-01  1.57482E+00
  3.84766E-01  1.55939E+00
  3.88672E-01  1.54416E+00
  3.92578E-01  1.52913E+00
  3.96484E-01  1.51430E+00
  4.00391E-01  1.49966E+00
  4.04297E-01  1.48522E+00
  4.08203E-01  1.47095E+00
  4.12109E-01  1.45687E+00
  4.16016E-01  1.44297E+00
  4.19922E-01  1.42925E+00
  4.23828E-01  1.41571E+00
  4.27734E-01  1.40234E+00
  4.31641E-01  1.38914E+00
  4.35547E-01  1.37611E+00
  4.39453E-01  1.36323E+00
  4.43359E-01  1.35052E+00
  4.47266E-01  1.33796E+00
  4.51172E-01  1.32557E+00
  4.55078E-01  1.31333E+00
  4.58984E-01  1.30125E+00
  4.62891E-01  1.28931E+00
  4.66797E-01  1.27751E+00
  4.70703E-01  1.26585E+00
  4.74609E-01  1.25434E+00
  4.78516E-01  1.24297E+00
  4.82422E-01  1.23173E+00
  4.86328E-01  1.22063E+00
  4.90234E-01  1.20968E+00
  4.94141E-01  1.19885E+00
  4.98047E-01  1.18815E+00
  5.01953E-01  1.17758E+00
  5.05859E-01  1.16713E+00
  5.09766E-01  1.15681E+00
  5.13672E-01  1.14660E+00
  5.17578E-01  1.13652E+00
  5.21484E-01  1.12655E+00
  5.25391E-01  1.11670E+00
  5.29297E-01  1.10697E+00
  5.33203E-01  1.09734E+00
  5.37109E-01  1.08784E+00
  5.41016E-01  1.07845E+00
  5.44922E-01  1.06916E+00
  5.48828E-01  1.05998E+00
  5.52734E-01  1.05090E+00
  5.56641E-01  1.04193E+00
  5.60547E-01  1.03306E+00
  5.64453E-01  1.02428E+00
  5.68359E-01  1.01561E+00
  5.72266E-01  1.00703E+00
  5.76172E-01  9.98552E-01
  5.80078E-01  9.90167E-01
  5.83984E-01  9.81875E-01
  5.87891E-01  9.73677E-01
  5.91797E-01  9.65572E-01
  5.95703E-01  9.57557E-01
  5.99609E-01  9.49630E-01
  6.03516E-01  9.41790E-01
  6.07422E-01  9.34036E-01
  6.11328E-01  9.26366E-01
  6.15234E-01  9.18780E-01
  6.19141E-01  9.11276E-01
  6.23047E-01  9.03855E-01
  6.26953E-01  8.96513E-01
  6.30859E-01  8.89251E-01
  6.34766E-01  8.82065E-01
  6.38672E-01  8.74959E-01
  6.42578E-01  8.67931E-01
  6.46484E-01  8.60978E-01
  6.50391E-01  8.54097E-01
  6.54297E-01  8.47290E-01
  6.58203E-01  8.40556E-01
  6.62109E-01  8.33892E-01
  6.66016E-01  8.27299E-01
  6.69922E-01  8.20775E-01
  6.73828E-01  8.14318E-01
  6.77734E-01  8.07929E-01
  6.81641E-01  8.01606E-01
  6.85547E-01  7.95349E-01
  6.89453E-01  7.89158E-01
  6.93359E-01  7.83031E-01
  6.97266E-01  7.76965E-01
  7.01172E-01  7.70963E-01
  7.05078E-01  7.65022E-01
  7.08984E-01  7.59142E-01
  7.12891E-01  7.53322E-01
  7.16797E-01  7.47561E-01
  7.20703E-01  7.41861E-01
  7.24609E-01  7.36218E-01
  7.28516E-01  7.30633E-01
  7.32422E-01  7.25103E-01
  7.36328E-01  7.19629E-01
  7.40234E-01  7.14210E-01
  7.44141E-01  7.08846E-01
  7.48047E-01  7.03535E-01
  7.51953E-01  6.98276E-01
  7.55859E-01  6.93068E-01
  7.59766E-01  6.87914E-01
  7.63672E-01  6.82810E-01
  7.67578E-01  6.77758E-01
  7.71484E-01  6.72754E-01
  7.75391E-01  6.67798E-01
  7.79297E-01  6.62891E-01
  7.83203E-01  6.58033E-01
  7.87109E-01  6.53221E-01
  7.91016E-01  6.48454E-01
  7.94922E-01  6.43737E-01
  7.98828E-01  6.39065E-01
  8.02734E-01  6.34436E-01
  8.06641E-01  6.29852E-01
  8.10547E-01  6.25312E-01
  8.14453E-01  6.20816E-01
  8.18359E-01  6.16363E-01
  8.22266E-01  6.11953E-01
  8.26172E-01  6.07583E-01
  8.30078E-01  6.03256E-01
  8.33984E-01  5.98969E-01
  8.37891E-01  5.94724E-01
  8.41797E-01  5.90519E-01
  8.45703E-01  5.86350E-01
  8.49609E-01  5.82222E-01
  8.53516E-01  5.78133E-01
  8.57422E-01  5.74082E-01
  8.61328E-01  5.70070E-01
  8.65234E-01  5.66094E-01
  8.69141E-01  5.62155E-01
  8.73047E-01  5.58251E-01
  8.76953E-01  5.54385E-01
  8.80859E-01  5.50554E-01
  8.84766E-01  5.46757E-01
  8.88672E-01  5.42997E-01
  8.92578E-01  5.39268E-01
  8.96484E-01  5.35575E-01
  9.00391E-01  5.31915E-01
  9.04297E-01  5.28291E-01
  9.08203E-01  5.24700E-01
  9.12109E-01  5.21139E-01
  9.16016E-01  5.17612E-01
  9.19922E-01  5.14115E-01
  9.23828E-01  5.10649E-01
  9.27734E-01  5.07214E-01
  9.31641E-01  5.03811E-01
  9.35547E-01  5.00437E-01
  9.39453E-01  4.97091E-01
  9.43359E-01  4.93772E-01
  9.47266E-01  4.90481E-01
  9.51172E-01  4.87216E-01
  9.55078E-01  4.83970E-01
  9.58984E-01  4.80745E-01
  9.62891E-01  4.77531E-01
  9.66797E-01  4.74327E-01
  9.70703E-01  4.71122E-01
  9.74609E-01  4.67916E-01
  9.78516E-01  4.64705E-01
  9.82422E-01  4.61487E-01
  9.86328E-01  4.58262E-01
  9.90234E-01  4.55030E-01
  9.94141E-01  4.51790E-01
  9.98047E-01  4.49126E-01
  1.00195E+00  4.49127E-01
