 -1.95312E-03  7.68532E+00
  1.95312E-03  7.68638E+00
  5.85938E-03  7.68138E+00
  9.76562E-03  7.67620E+00
  1.36719E-02  7.67023E+00
  1.75781E-02  7.66340E+00
  2.14844E-02  7.65568E+00
  2.53906E-02  7.64706E+00
  2.92969E-02  7.63756E+00
  3.32031E-02  7.62716E+00
  3.71094E-02  7.61588E+00
  4.10156E-02  7.60370E+00
  4.49219E-02  7.59063E+00
  4.88281E-02  7.57666E+00
  5.27344E-02  7.56181E+00
  5.66406E-02  7.54606E+00
  6.05469E-02  7.52942E+00
  6.44531E-02  7.51188E+00
  6.83594E-02  7.49343E+00
  7.22656E-02  7.47409E+00
  7.61719E-02  7.45384E+00
  8.00781E-02  7.43268E+00
  8.39844E-02  7.41061E+00
  8.78906E-02  7.38761E+00
  9.17969E-02  7.36369E+00
  9.57031E-02  7.33883E+00
  9.96094E-02  7.31302E+00
  1.03516E-01  7.28627E+00
  1.07422E-01  7.25856E+00
  1.11328E-01  7.22987E+00
  1.15234E-01  7.20021E+00
  1.19141E-01  7.16956E+00
  1.23047E-01  7.13790E+00
  1.26953E-01  7.10522E+00
  1.30859E-01  7.07151E+00
  1.34766E-01  7.03675E+00
  1.38672E-01  7.00093E+00
  1.42578E-01  6.96403E+00
  1.46484E-01  6.92602E+00
  1.50391E-01  6.88690E+00
  1.54297E-01  6.84663E+00
  1.58203E-01  6.80519E+00
  1.62109E-01  6.76257E+00
  1.66016E-01  6.71874E+00
  1.69922E-01  6.67365E+00
  1.73828E-01  6.62730E+00
  1.77734E-01  6.57963E+00
  1.81641E-01  6.53063E+00
  1.85547E-01  6.48025E+00
  1.89453E-01  6.42845E+00
  1.93359E-01  6.37518E+00
  1.97266E-01  6.32042E+00
  2.01172E-01  6.26409E+00
  2.05078E-01  6.20616E+00
  2.08984E-01  6.14657E+00
  2.12891E-01  6.08524E+00
  2.16797E-01  6.02211E+00
  2.20703E-01  5.95712E+00
  2.24609E-01  5.89017E+00
  2.28516E-01  5.82119E+00
  2.32422E-01  5.75008E+00
  2.36328E-01  5.67673E+00
  2.40234E-01  5.60103E+00
  2.44141E-01  5.52286E+00
  2.48047E-01  5.44207E+00
  2.51953E-01  5.35851E+00
  2.55859E-01  5.27202E+00
  2.59766E-01  5.18239E+00
  2.63672E-01  5.08942E+00
  2.67578E-01  4.99286E+00
  2.71484E-01  4.89244E+00
  2.75391E-01  4.78785E+00
  2.79297E-01  4.67872E+00
  2.83203E-01  4.56466E+00
  2.87109E-01  4.44517E+00
  2.91016E-01  4.31969E+00
  2.94922E-01  4.18755E+00
  2.98828E-01  4.04795E+00
  3.02734E-01  3.89992E+00
  3.06641E-01  3.74230E+00
  3.10547E-01  3.57364E+00
  3.14453E-01  3.39221E+00
  3.18359E-01  3.19602E+00
  3.22266E-01  2.98351E+00
  3.26172E-01  2.75538E+00
  3.30078E-01  2.51798E+00
  3.33984E-01  2.28599E+00
  3.37891E-01  2.08201E+00
  3.41797E-01  1.92211E+00
  3.45703E-01  1.80650E+00
  3.49609E-01  1.72416E+00
  3.53516E-01  1.66260E+00
  3.57422E-01  1.61274E+00
  3.61328E-01  1.56926E+00
  3.65234E-01  1.52943E+00
  3.69141E-01  1.49196E+00
  3.73047E-01  1.45629E+00
  3.76953E-01  1.42209E+00
  3.80859E-01  1.38916E+00
  3.84766E-01  1.35745E+00
  3.88672E-01  1.32686E+00
  3.92578E-01  1.29734E+00
  3.96484E-01  1.26881E+00
  4.00391E-01  1.24123E+00
  4.04297E-01  1.21445E+00
  4.08203E-01  1.18850E+00
  4.12109E-01  1.16335E+00
  4.16016E-01  1.13897E+00
  4.19922E-01  1.11533E+00
  4.23828E-01  1.09237E+00
  4.27734E-01  1.07011E+00
  4.31641E-01  1.04845E+00
  4.35547E-01  1.02745E+00
  4.39453E-01  1.00701E+00
  4.43359E-01  9.87100E-01
  4.47266E-01  9.67757E-01
  4.51172E-01  9.48928E-01
  4.55078E-01  9.30572E-01
  4.58984E-01  9.12688E-01
  4.62891E-01  8.95410E-01
  4.66797E-01  8.78688E-01
  4.70703E-01  8.62384E-01
  4.74609E-01  8.46459E-01
  4.78516E-01  8.30912E-01
  4.82422E-01  8.15740E-01
  4.86328E-01  8.00907E-01
  4.90234E-01  7.86389E-01
  4.94141E-01  7.72159E-01
  4.98047E-01  7.58228E-01
  5.01953E-01  7.44738E-01
  5.05859E-01  7.31687E-01
  5.09766E-01  7.18903E-01
  5.13672E-01  7.06350E-01
  5.17578E-01  6.94115E-01
  5.21484E-01  6.82199E-01
  5.25391E-01  6.70547E-01
  5.29297E-01  6.59138E-01
  5.33203E-01  6.47989E-01
  5.37109E-01  6.37105E-01
  5.41016E-01  6.26467E-01
  5.44922E-01  6.16063E-01
  5.48828E-01  6.05885E-01
  5.52734E-01  5.95935E-01
  5.56641E-01  5.86204E-01
  5.60547E-01  5.76685E-01
  5.64453E-01  5.67369E-01
  5.68359E-01  5.58255E-01
  5.72266E-01  5.49336E-01
  5.76172E-01  5.40610E-01
  5.80078E-01  5.32066E-01
  5.83984E-01  5.23702E-01
  5.87891E-01  5.15515E-01
  5.91797E-01  5.07498E-01
  5.95703E-01  4.99646E-01
  5.99609E-01  4.91957E-01
  6.03516E-01  4.84424E-01
  6.07422E-01  4.77045E-01
  6.11328E-01  4.69816E-01
  6.15234E-01  4.62733E-01
  6.19141E-01  4.55792E-01
  6.23047E-01  4.48988E-01
  6.26953E-01  4.42321E-01
  6.30859E-01  4.35785E-01
  6.34766E-01  4.29379E-01
  6.38672E-01  4.23097E-01
  6.42578E-01  4.16936E-01
  6.46484E-01  4.10895E-01
  6.50391E-01  4.04970E-01
  6.54297E-01  3.99156E-01
  6.58203E-01  3.93453E-01
  6.62109E-01  3.87865E-01
  6.66016E-01  3.82381E-01
  6.69922E-01  3.76995E-01
  6.73828E-01  3.71712E-01
  6.77734E-01  3.66528E-01
  6.81641E-01  3.61440E-01
  6.85547E-01  3.56449E-01
  6.89453E-01  3.51547E-01
  6.93359E-01  3.46730E-01
  6.97266E-01  3.42004E-01
  7.01172E-01  3.37366E-01
  7.05078E-01  3.32810E-01
  7.08984E-01  3.28338E-01
  7.12891E-01  3.23943E-01
  7.16797E-01  3.19629E-01
  7.20703E-01  3.15389E-01
  7.24609E-01  3.11221E-01
  7.28516E-01  3.07131E-01
  7.32422E-01  3.03112E-01
  7.36328E-01  2.99159E-01
  7.40234E-01  2.95279E-01
  7.44141E-01  2.91461E-01
  7.48047E-01  2.87713E-01
  7.51953E-01  2.84028E-01
  7.55859E-01  2.80407E-01
  7.59766E-01  2.76844E-01
  7.63672E-01  2.73346E-01
  7.67578E-01  2.69902E-01
  7.71484E-01  2.66518E-01
  7.75391E-01  2.63188E-01
  7.79297E-01  2.59913E-01
  7.83203E-01  2.56697E-01
  7.87109E-01  2.53528E-01
  7.91016E-01  2.50416E-01
  7.94922E-01  2.47353E-01
  7.98828E-01  2.44337E-01
  8.02734E-01  2.41373E-01
  8.06641E-01  2.38454E-01
  8.10547E-01  2.35583E-01
  8.14453E-01  2.32761E-01
  8.18359E-01  2.29980E-01
  8.22266E-01  2.27246E-01
  8.26172E-01  2.24552E-01
  8.30078E-01  2.21903E-01
  8.33984E-01  2.19293E-01
  8.37891E-01  2.16726E-01
  8.41797E-01  2.14197E-01
  8.45703E-01  2.11706E-01
  8.49609E-01  2.09255E-01
  8.53516E-01  2.06841E-01
  8.57422E-01  2.04464E-01
  8.61328E-01  2.02121E-01
  8.65234E-01  1.99816E-01
  8.69141E-01  1.97545E-01
  8.73047E-01  1.95304E-01
  8.76953E-01  1.93099E-01
  8.80859E-01  1.90934E-01
  8.84766E-01  1.88787E-01
  8.88672E-01  1.86674E-01
  8.92578E-01  1.84598E-01
  8.96484E-01  1.82550E-01
  9.00391E-01  1.80521E-01
  9.04297E-01  1.78530E-01
  9.08203E-01  1.76569E-01
  9.12109E-01  1.74630E-01
  9.16016E-01  1.72714E-01
  9.19922E-01  1.70836E-01
  9.23828E-01  1.68978E-01
  9.27734E-01  1.67140E-01
  9.31641E-01  1.65334E-01
  9.35547E-01  1.63553E-01
  9.39453E-01  1.61791E-01
  9.43359E-01  1.60054E-01
  9.47266E-01  1.58346E-01
  9.51172E-01  1.56653E-01
  9.55078E-01  1.54984E-01
  9.58984E-01  1.53344E-01
  9.62891E-01  1.51720E-01
  9.66797E-01  1.50113E-01
  9.70703E-01  1.48535E-01
  9.74609E-01  1.46973E-01
  9.78516E-01  1.45422E-01
  9.82422E-01  1.43892E-01
  9.86328E-01  1.42369E-01
  9.90234E-01  1.40851E-01
  9.94141E-01  1.39390E-01
  9.98047E-01  1.38715E-01
  1.00195E+00  1.38715E-01
