 -1.95312E-03  3.20944E+00
  1.95312E-03  3.20956E+00
  5.85938E-03  3.20386E+00
  9.76562E-03  3.19742E+00
  1.36719E-02  3.18962E+00
  1.75781E-02  3.18043E+00
  2.14844E-02  3.16989E+00
  2.53906E-02  3.15805E+00
  2.92969E-02  3.14495E+00
  3.32031E-02  3.13065E+00
  3.71094E-02  3.11523E+00
  4.10156E-02  3.09874E+00
  4.49219E-02  3.08125E+00
  4.88281E-02  3.06284E+00
  5.27344E-02  3.04356E+00
  5.66406E-02  3.02350E+00
  6.05469E-02  3.00272E+00
  6.44531E-02  2.98130E+00
  6.83594E-02  2.95931E+00
  7.22656E-02  2.93681E+00
  7.61719E-02  2.91389E+00
  8.00781E-02  2.89060E+00
  8.39844E-02  2.86702E+00
  8.78906E-02  2.84319E+00
  9.17969E-02  2.81919E+00
  9.57031E-02  2.79506E+00
  9.96094E-02  2.77085E+00
  1.03516E-01  2.74661E+00
  1.07422E-01  2.72237E+00
  1.11328E-01  2.69818E+00
  1.15234E-01  2.67407E+00
  1.19141E-01  2.65006E+00
  1.23047E-01  2.62618E+00
  1.26953E-01  2.60245E+00
  1.30859E-01  2.57889E+00
  1.34766E-01  2.55552E+00
  1.38672E-01  2.53233E+00
  1.42578E-01  2.50935E+00
  1.46484E-01  2.48659E+00
  1.50391E-01  2.46404E+00
  1.54297E-01  2.44171E+00
  1.58203E-01  2.41961E+00
  1.62109E-01  2.39774E+00
  1.66016E-01  2.37611E+00
  1.69922E-01  2.35470E+00
  1.73828E-01  2.33352E+00
  1.77734E-01  2.31258E+00
  1.81641E-01  2.29187E+00
  1.85547E-01  2.27139E+00
  1.89453E-01  2.25113E+00
  1.93359E-01  2.23110E+00
  1.97266E-01  2.21130E+00
  2.01172E-01  2.19172E+00
  2.05078E-01  2.17237E+00
  2.08984E-01  2.15323E+00
  2.12891E-01  2.13431E+00
  2.16797E-01  2.11560E+00
  2.20703E-01  2.09711E+00
  2.24609E-01  2.07883E+00
  2.28516E-01  2.06075E+00
  2.32422E-01  2.04288E+00
  2.36328E-01  2.02521E+00
  2.40234E-01  2.00775E+00
  2.44141E-01  1.99048E+00
  2.48047E-01  1.97340E+00
  2.51953E-01  1.95652E+00
  2.55859E-01  1.93983E+00
  2.59766E-01  1.92332E+00
  2.63672E-01  1.90700E+00
  2.67578E-01  1.89087E+00
  2.71484E-01  1.87491E+00
  2.75391E-01  1.85913E+00
  2.79297E-01  1.84353E+00
  2.83203E-01  1.82810E+00
  2.87109E-01  1.81284E+00
  2.91016E-01  1.79775E+00
  2.94922E-01  1.78283E+00
  2.98828E-01  1.76807E+00
  3.02734E-01  1.75348E+00
  3.06641E-01  1.73904E+00
  3.10547E-01  1.72476E+00
  3.14453E-01  1.71064E+00
  3.18359E-01  1.69667E+00
  3.22266E-01  1.68286E+00
  3.26172E-01  1.66919E+00
  3.30078E-01  1.65567E+00
  3.33984E-01  1.64229E+00
  3.37891E-01  1.62906E+00
  3.41797E-01  1.61597E+00
  3.45703E-01  1.60302E+00
  3.49609E-01  1.59021E+00
  3.53516E-01  1.57754E+00
  3.57422E-01  1.56499E+00
  3.61328E-01  1.55259E+00
  3.65234E-01  1.54031E+00
  3.69141E-01  1.52816E+00
  3.73047E-01  1.51614E+00
  3.76953E-01  1.50424E+00
  3.80859E-01  1.49247E+00
  3.84766E-01  1.48082E+00
  3.88672E-01  1.46930E+00
  3.92578E-01  1.45789E+00
  3.96484E-01  1.44659E+00
  4.00391E-01  1.43542E+00
  4.04297E-01  1.42436E+00
  4.08203E-01  1.41342E+00
  4.12109E-01  1.40258E+00
  4.16016E-01  1.39186E+00
  4.19922E-01  1.38124E+00
  4.23828E-01  1.37073E+00
  4.27734E-01  1.36033E+00
  4.31641E-01  1.35004E+00
  4.35547E-01  1.33985E+00
  4.39453E-01  1.32976E+00
  4.43359E-01  1.31977E+00
  4.47266E-01  1.30988E+00
  4.51172E-01  1.30009E+00
  4.55078E-01  1.29039E+00
  4.58984E-01  1.28079E+00
  4.62891E-01  1.27129E+00
  4.66797E-01  1.26188E+00
  4.70703E-01  1.25257E+00
  4.74609E-01  1.24334E+00
  4.78516E-01  1.23421E+00
  4.82422E-01  1.22516E+00
  4.86328E-01  1.21621E+00
  4.90234E-01  1.20734E+00
  4.94141E-01  1.19855E+00
  4.98047E-01  1.18985E+00
  5.01953E-01  1.18123E+00
  5.05859E-01  1.17270E+00
  5.09766E-01  1.16425E+00
  5.13672E-01  1.15588E+00
  5.17578E-01  1.14759E+00
  5.21484E-01  1.13938E+00
  5.25391E-01  1.13125E+00
  5.29297E-01  1.12319E+00
  5.33203E-01  1.11521E+00
  5.37109E-01  1.10731E+00
  5.41016E-01  1.09948E+00
  5.44922E-01  1.09172E+00
  5.48828E-01  1.08403E+00
  5.52734E-01  1.07642E+00
  5.56641E-01  1.06889E+00
  5.60547E-01  1.06142E+00
  5.64453E-01  1.05402E+00
  5.68359E-01  1.04668E+00
  5.72266E-01  1.03942E+00
  5.76172E-01  1.03222E+00
  5.80078E-01  1.02509E+00
  5.83984E-01  1.01802E+00
  5.87891E-01  1.01102E+00
  5.91797E-01  1.00408E+00
  5.95703E-01  9.97205E-01
  5.99609E-01  9.90394E-01
  6.03516E-01  9.83644E-01
  6.07422E-01  9.76956E-01
  6.11328E-01  9.70327E-01
  6.15234E-01  9.63758E-01
  6.19141E-01  9.57246E-01
  6.23047E-01  9.50794E-01
  6.26953E-01  9.44399E-01
  6.30859E-01  9.38061E-01
  6.34766E-01  9.31781E-01
  6.38672E-01  9.25557E-01
  6.42578E-01  9.19387E-01
  6.46484E-01  9.13273E-01
  6.50391E-01  9.07211E-01
  6.54297E-01  9.01204E-01
  6.58203E-01  8.95249E-01
  6.62109E-01  8.89346E-01
  6.66016E-01  8.83494E-01
  6.69922E-01  8.77694E-01
  6.73828E-01  8.71945E-01
  6.77734E-01  8.66245E-01
  6.81641E-01  8.60596E-01
  6.85547E-01  8.54995E-01
  6.89453E-01  8.49443E-01
  6.93359E-01  8.43939E-01
  6.97266E-01  8.38481E-01
  7.01172E-01  8.33070E-01
  7.05078E-01  8.27706E-01
  7.08984E-01  8.22388E-01
  7.12891E-01  8.17114E-01
  7.16797E-01  8.11885E-01
  7.20703E-01  8.06701E-01
  7.24609E-01  8.01561E-01
  7.28516E-01  7.96464E-01
  7.32422E-01  7.91410E-01
  7.36328E-01  7.86399E-01
  7.40234E-01  7.81429E-01
  7.44141E-01  7.76502E-01
  7.48047E-01  7.71616E-01
  7.51953E-01  7.66771E-01
  7.55859E-01  7.61967E-01
  7.59766E-01  7.57202E-01
  7.63672E-01  7.52476E-01
  7.67578E-01  7.47791E-01
  7.71484E-01  7.43143E-01
  7.75391E-01  7.38533E-01
  7.79297E-01  7.33961E-01
  7.83203E-01  7.29427E-01
  7.87109E-01  7.24930E-01
  7.91016E-01  7.20471E-01
  7.94922E-01  7.16048E-01
  7.98828E-01  7.11660E-01
  8.02734E-01  7.07308E-01
  8.06641E-01  7.02991E-01
  8.10547E-01  6.98709E-01
  8.14453E-01  6.94463E-01
  8.18359E-01  6.90250E-01
  8.22266E-01  6.86071E-01
  8.26172E-01  6.81925E-01
  8.30078E-01  6.77813E-01
  8.33984E-01  6.73733E-01
  8.37891E-01  6.69685E-01
  8.41797E-01  6.65671E-01
  8.45703E-01  6.61689E-01
  8.49609E-01  6.57738E-01
  8.53516E-01  6.53818E-01
  8.57422E-01  6.49930E-01
  8.61328E-01  6.46071E-01
  8.65234E-01  6.42243E-01
  8.69141E-01  6.38446E-01
  8.73047E-01  6.34678E-01
  8.76953E-01  6.30940E-01
  8.80859E-01  6.27231E-01
  8.84766E-01  6.23551E-01
  8.88672E-01  6.19899E-01
  8.92578E-01  6.16276E-01
  8.96484E-01  6.12681E-01
  9.00391E-01  6.09114E-01
  9.04297E-01  6.05574E-01
  9.08203E-01  6.02062E-01
  9.12109E-01  5.98576E-01
  9.16016E-01  5.95118E-01
  9.19922E-01  5.91685E-01
  9.23828E-01  5.88279E-01
  9.27734E-01  5.84899E-01
  9.31641E-01  5.81544E-01
  9.35547E-01  5.78214E-01
  9.39453E-01  5.74911E-01
  9.43359E-01  5.71631E-01
  9.47266E-01  5.68375E-01
  9.51172E-01  5.65142E-01
  9.55078E-01  5.61930E-01
  9.58984E-01  5.58735E-01
  9.62891E-01  5.55554E-01
  9.66797E-01  5.52375E-01
  9.70703E-01  5.49190E-01
  9.74609E-01  5.45993E-01
  9.78516E-01  5.42773E-01
  9.82422E-01  5.39521E-01
  9.86328E-01  5.36237E-01
  9.90234E-01  5.32919E-01
  9.94141E-01  5.29579E-01
  9.98047E-01  5.26684E-01
  1.00195E+00  5.26685E-01
