 -1.95312E-03  5.22657E+00
  1.95312E-03  5.22811E+00
  5.85938E-03  5.22259E+00
  9.76562E-03  5.21656E+00
  1.36719E-02  5.20932E+00
  1.75781E-02  5.20081E+00
  2.14844E-02  5.19100E+00
  2.53906E-02  5.17990E+00
  2.92969E-02  5.16751E+00
  3.32031E-02  5.15384E+00
  3.71094E-02  5.13889E+00
  4.10156E-02  5.12266E+00
  4.49219E-02  5.10517E+00
  4.88281E-02  5.08641E+00
  5.27344E-02  5.06638E+00
  5.66406E-02  5.04510E+00
  6.05469E-02  5.02257E+00
  6.44531E-02  4.99877E+00
  6.83594E-02  4.97372E+00
  7.22656E-02  4.94742E+00
  7.61719E-02  4.91987E+00
  8.00781E-02  4.89107E+00
  8.39844E-02  4.86103E+00
  8.78906E-02  4.82973E+00
  9.17969E-02  4.79719E+00
  9.57031E-02  4.76341E+00
  9.96094E-02  4.72839E+00
  1.03516E-01  4.69212E+00
  1.07422E-01  4.65463E+00
  1.11328E-01  4.61590E+00
  1.15234E-01  4.57595E+00
  1.19141E-01  4.53478E+00
  1.23047E-01  4.49240E+00
  1.26953E-01  4.44883E+00
  1.30859E-01  4.40407E+00
  1.34766E-01  4.35815E+00
  1.38672E-01  4.31107E+00
  1.42578E-01  4.26287E+00
  1.46484E-01  4.21357E+00
  1.50391E-01  4.16320E+00
  1.54297E-01  4.11180E+00
  1.58203E-01  4.05941E+00
  1.62109E-01  4.00608E+00
  1.66016E-01  3.95186E+00
  1.69922E-01  3.89682E+00
  1.73828E-01  3.84102E+00
  1.77734E-01  3.78454E+00
  1.81641E-01  3.72747E+00
  1.85547E-01  3.66991E+00
  1.89453E-01  3.61195E+00
  1.93359E-01  3.55371E+00
  1.97266E-01  3.49531E+00
  2.01172E-01  3.43686E+00
  2.05078E-01  3.37850E+00
  2.08984E-01  3.32037E+00
  2.12891E-01  3.26259E+00
  2.16797E-01  3.20530E+00
  2.20703E-01  3.14863E+00
  2.24609E-01  3.09270E+00
  2.28516E-01  3.03763E+00
  2.32422E-01  2.98351E+00
  2.36328E-01  2.93044E+00
  2.40234E-01  2.87850E+00
  2.44141E-01  2.82773E+00
  2.48047E-01  2.77818E+00
  2.51953E-01  2.72988E+00
  2.55859E-01  2.68282E+00
  2.59766E-01  2.63702E+00
  2.63672E-01  2.59244E+00
  2.67578E-01  2.54907E+00
  2.71484E-01  2.50688E+00
  2.75391E-01  2.46582E+00
  2.79297E-01  2.42585E+00
  2.83203E-01  2.38694E+00
  2.87109E-01  2.34904E+00
  2.91016E-01  2.31210E+00
  2.94922E-01  2.27609E+00
  2.98828E-01  2.24096E+00
  3.02734E-01  2.20668E+00
  3.06641E-01  2.17322E+00
  3.10547E-01  2.14053E+00
  3.14453E-01  2.10859E+00
  3.18359E-01  2.07738E+00
  3.22266E-01  2.04685E+00
  3.26172E-01  2.01700E+00
  3.30078E-01  1.98779E+00
  3.33984E-01  1.95920E+00
  3.37891E-01  1.93122E+00
  3.41797E-01  1.90381E+00
  3.45703E-01  1.87697E+00
  3.49609E-01  1.85067E+00
  3.53516E-01  1.82491E+00
  3.57422E-01  1.79965E+00
  3.61328E-01  1.77489E+00
  3.65234E-01  1.75063E+00
  3.69141E-01  1.72682E+00
  3.73047E-01  1.70348E+00
  3.76953E-01  1.68058E+00
  3.80859E-01  1.65810E+00
  3.84766E-01  1.63605E+00
  3.88672E-01  1.61441E+00
  3.92578E-01  1.59318E+00
  3.96484E-01  1.57232E+00
  4.00391E-01  1.55184E+00
  4.04297E-01  1.53174E+00
  4.08203E-01  1.51200E+00
  4.12109E-01  1.49260E+00
  4.16016E-01  1.47354E+00
  4.19922E-01  1.45482E+00
  4.23828E-01  1.43643E+00
  4.27734E-01  1.41836E+00
  4.31641E-01  1.40061E+00
  4.35547E-01  1.38315E+00
  4.39453E-01  1.36598E+00
  4.43359E-01  1.34910E+00
  4.47266E-01  1.33250E+00
  4.51172E-01  1.31619E+00
  4.55078E-01  1.30015E+00
  4.58984E-01  1.28438E+00
  4.62891E-01  1.26889E+00
  4.66797E-01  1.25366E+00
  4.70703E-01  1.23866E+00
  4.74609E-01  1.22389E+00
  4.78516E-01  1.20935E+00
  4.82422E-01  1.19505E+00
  4.86328E-01  1.18097E+00
  4.90234E-01  1.16711E+00
  4.94141E-01  1.15347E+00
  4.98047E-01  1.14005E+00
  5.01953E-01  1.12684E+00
  5.05859E-01  1.11383E+00
  5.09766E-01  1.10104E+00
  5.13672E-01  1.08846E+00
  5.17578E-01  1.07608E+00
  5.21484E-01  1.06390E+00
  5.25391E-01  1.05188E+00
  5.29297E-01  1.04004E+00
  5.33203E-01  1.02837E+00
  5.37109E-01  1.01687E+00
  5.41016E-01  1.00555E+00
  5.44922E-01  9.94400E-01
  5.48828E-01  9.83420E-01
  5.52734E-01  9.72602E-01
  5.56641E-01  9.61939E-01
  5.60547E-01  9.51432E-01
  5.64453E-01  9.41078E-01
  5.68359E-01  9.30874E-01
  5.72266E-01  9.20818E-01
  5.76172E-01  9.10907E-01
  5.80078E-01  9.01138E-01
  5.83984E-01  8.91508E-01
  5.87891E-01  8.82017E-01
  5.91797E-01  8.72666E-01
  5.95703E-01  8.63458E-01
  5.99609E-01  8.54374E-01
  6.03516E-01  8.45418E-01
  6.07422E-01  8.36587E-01
  6.11328E-01  8.27875E-01
  6.15234E-01  8.19287E-01
  6.19141E-01  8.10813E-01
  6.23047E-01  8.02458E-01
  6.26953E-01  7.94216E-01
  6.30859E-01  7.86086E-01
  6.34766E-01  7.78071E-01
  6.38672E-01  7.70158E-01
  6.42578E-01  7.62354E-01
  6.46484E-01  7.54659E-01
  6.50391E-01  7.47065E-01
  6.54297E-01  7.39572E-01
  6.58203E-01  7.32178E-01
  6.62109E-01  7.24886E-01
  6.66016E-01  7.17690E-01
  6.69922E-01  7.10584E-01
  6.73828E-01  7.03574E-01
  6.77734E-01  6.96658E-01
  6.81641E-01  6.89834E-01
  6.85547E-01  6.83099E-01
  6.89453E-01  6.76449E-01
  6.93359E-01  6.69882E-01
  6.97266E-01  6.63401E-01
  7.01172E-01  6.57005E-01
  7.05078E-01  6.50693E-01
  7.08984E-01  6.44462E-01
  7.12891E-01  6.38310E-01
  7.16797E-01  6.32239E-01
  7.20703E-01  6.26243E-01
  7.24609E-01  6.20324E-01
  7.28516E-01  6.14481E-01
  7.32422E-01  6.08711E-01
  7.36328E-01  6.03014E-01
  7.40234E-01  5.97386E-01
  7.44141E-01  5.91829E-01
  7.48047E-01  5.86343E-01
  7.51953E-01  5.80920E-01
  7.55859E-01  5.75566E-01
  7.59766E-01  5.70279E-01
  7.63672E-01  5.65057E-01
  7.67578E-01  5.59896E-01
  7.71484E-01  5.54800E-01
  7.75391E-01  5.49765E-01
  7.79297E-01  5.44791E-01
  7.83203E-01  5.39877E-01
  7.87109E-01  5.35023E-01
  7.91016E-01  5.30223E-01
  7.94922E-01  5.25484E-01
  7.98828E-01  5.20799E-01
  8.02734E-01  5.16167E-01
  8.06641E-01  5.11589E-01
  8.10547E-01  5.07067E-01
  8.14453E-01  5.02594E-01
  8.18359E-01  4.98178E-01
  8.22266E-01  4.93810E-01
  8.26172E-01  4.89493E-01
  8.30078E-01  4.85227E-01
  8.33984E-01  4.81008E-01
  8.37891E-01  4.76841E-01
  8.41797E-01  4.72721E-01
  8.45703E-01  4.68650E-01
  8.49609E-01  4.64625E-01
  8.53516E-01  4.60647E-01
  8.57422E-01  4.56711E-01
  8.61328E-01  4.52822E-01
  8.65234E-01  4.48978E-01
  8.69141E-01  4.45175E-01
  8.73047E-01  4.41416E-01
  8.76953E-01  4.37702E-01
  8.80859E-01  4.34026E-01
  8.84766E-01  4.30393E-01
  8.88672E-01  4.26800E-01
  8.92578E-01  4.23247E-01
  8.96484E-01  4.19733E-01
  9.00391E-01  4.16258E-01
  9.04297E-01  4.12818E-01
  9.08203E-01  4.09419E-01
  9.12109E-01  4.06057E-01
  9.16016E-01  4.02731E-01
  9.19922E-01  3.99441E-01
  9.23828E-01  3.96185E-01
  9.27734E-01  3.92965E-01
  9.31641E-01  3.89775E-01
  9.35547E-01  3.86620E-01
  9.39453E-01  3.83497E-01
  9.43359E-01  3.80401E-01
  9.47266E-01  3.77331E-01
  9.51172E-01  3.74289E-01
  9.55078E-01  3.71268E-01
  9.58984E-01  3.68270E-01
  9.62891E-01  3.65289E-01
  9.66797E-01  3.62327E-01
  9.70703E-01  3.59380E-01
  9.74609E-01  3.56451E-01
  9.78516E-01  3.53534E-01
  9.82422E-01  3.50635E-01
  9.86328E-01  3.47749E-01
  9.90234E-01  3.44863E-01
  9.94141E-01  3.41959E-01
  9.98047E-01  3.39818E-01
  1.00195E+00  3.39819E-01
