 -1.95312E-03  5.54474E+00
  1.95312E-03  5.54624E+00
  5.85938E-03  5.54079E+00
  9.76562E-03  5.53487E+00
  1.36719E-02  5.52781E+00
  1.75781E-02  5.51951E+00
  2.14844E-02  5.50998E+00
  2.53906E-02  5.49921E+00
  2.92969E-02  5.48719E+00
  3.32031E-02  5.47394E+00
  3.71094E-02  5.45946E+00
  4.10156E-02  5.44374E+00
  4.49219E-02  5.42680E+00
  4.88281E-02  5.40863E+00
  5.27344E-02  5.38924E+00
  5.66406E-02  5.36861E+00
  6.05469E-02  5.34677E+00
  6.44531E-02  5.32369E+00
  6.83594E-02  5.29939E+00
  7.22656E-02  5.27386E+00
  7.61719E-02  5.24710E+00
  8.00781E-02  5.21910E+00
  8.39844E-02  5.18986E+00
  8.78906E-02  5.15938E+00
  9.17969E-02  5.12765E+00
  9.57031E-02  5.09467E+00
  9.96094E-02  5.06043E+00
  1.03516E-01  5.02494E+00
  1.07422E-01  4.98818E+00
  1.11328E-01  4.95015E+00
  1.15234E-01  4.91084E+00
  1.19141E-01  4.87025E+00
  1.23047E-01  4.82838E+00
  1.26953E-01  4.78522E+00
  1.30859E-01  4.74078E+00
  1.34766E-01  4.69504E+00
  1.38672E-01  4.64802E+00
  1.42578E-01  4.59971E+00
  1.46484E-01  4.55011E+00
  1.50391E-01  4.49924E+00
  1.54297E-01  4.44710E+00
  1.58203E-01  4.39370E+00
  1.62109E-01  4.33906E+00
  1.66016E-01  4.28322E+00
  1.69922E-01  4.22618E+00
  1.73828E-01  4.16799E+00
  1.77734E-01  4.10869E+00
  1.81641E-01  4.04832E+00
  1.85547E-01  3.98695E+00
  1.89453E-01  3.92463E+00
  1.93359E-01  3.86146E+00
  1.97266E-01  3.79752E+00
  2.01172E-01  3.73292E+00
  2.05078E-01  3.66778E+00
  2.08984E-01  3.60222E+00
  2.12891E-01  3.53639E+00
  2.16797E-01  3.47044E+00
  2.20703E-01  3.40455E+00
  2.24609E-01  3.33888E+00
  2.28516E-01  3.27362E+00
  2.32422E-01  3.20896E+00
  2.36328E-01  3.14508E+00
  2.40234E-01  3.08215E+00
  2.44141E-01  3.02036E+00
  2.48047E-01  2.95983E+00
  2.51953E-01  2.90072E+00
  2.55859E-01  2.84311E+00
  2.59766E-01  2.78710E+00
  2.63672E-01  2.73273E+00
  2.67578E-01  2.68004E+00
  2.71484E-01  2.62901E+00
  2.75391E-01  2.57964E+00
  2.79297E-01  2.53188E+00
  2.83203E-01  2.48567E+00
  2.87109E-01  2.44095E+00
  2.91016E-01  2.39766E+00
  2.94922E-01  2.35572E+00
  2.98828E-01  2.31506E+00
  3.02734E-01  2.27561E+00
  3.06641E-01  2.23730E+00
  3.10547E-01  2.20008E+00
  3.14453E-01  2.16387E+00
  3.18359E-01  2.12864E+00
  3.22266E-01  2.09431E+00
  3.26172E-01  2.06086E+00
  3.30078E-01  2.02825E+00
  3.33984E-01  1.99643E+00
  3.37891E-01  1.96537E+00
  3.41797E-01  1.93505E+00
  3.45703E-01  1.90543E+00
  3.49609E-01  1.87648E+00
  3.53516E-01  1.84819E+00
  3.57422E-01  1.82052E+00
  3.61328E-01  1.79346E+00
  3.65234E-01  1.76698E+00
  3.69141E-01  1.74107E+00
  3.73047E-01  1.71571E+00
  3.76953E-01  1.69087E+00
  3.80859E-01  1.66655E+00
  3.84766E-01  1.64273E+00
  3.88672E-01  1.61938E+00
  3.92578E-01  1.59650E+00
  3.96484E-01  1.57408E+00
  4.00391E-01  1.55211E+00
  4.04297E-01  1.53056E+00
  4.08203E-01  1.50943E+00
  4.12109E-01  1.48870E+00
  4.16016E-01  1.46837E+00
  4.19922E-01  1.44843E+00
  4.23828E-01  1.42886E+00
  4.27734E-01  1.40965E+00
  4.31641E-01  1.39079E+00
  4.35547E-01  1.37228E+00
  4.39453E-01  1.35412E+00
  4.43359E-01  1.33629E+00
  4.47266E-01  1.31880E+00
  4.51172E-01  1.30162E+00
  4.55078E-01  1.28474E+00
  4.58984E-01  1.26815E+00
  4.62891E-01  1.25183E+00
  4.66797E-01  1.23580E+00
  4.70703E-01  1.22004E+00
  4.74609E-01  1.20456E+00
  4.78516E-01  1.18934E+00
  4.82422E-01  1.17438E+00
  4.86328E-01  1.15969E+00
  4.90234E-01  1.14526E+00
  4.94141E-01  1.13108E+00
  4.98047E-01  1.11715E+00
  5.01953E-01  1.10348E+00
  5.05859E-01  1.09000E+00
  5.09766E-01  1.07673E+00
  5.13672E-01  1.06367E+00
  5.17578E-01  1.05082E+00
  5.21484E-01  1.03817E+00
  5.25391E-01  1.02573E+00
  5.29297E-01  1.01350E+00
  5.33203E-01  1.00146E+00
  5.37109E-01  9.89618E-01
  5.41016E-01  9.77958E-01
  5.44922E-01  9.66482E-01
  5.48828E-01  9.55187E-01
  5.52734E-01  9.44067E-01
  5.56641E-01  9.33121E-01
  5.60547E-01  9.22347E-01
  5.64453E-01  9.11740E-01
  5.68359E-01  9.01305E-01
  5.72266E-01  8.91045E-01
  5.76172E-01  8.80936E-01
  5.80078E-01  8.70975E-01
  5.83984E-01  8.61162E-01
  5.87891E-01  8.51494E-01
  5.91797E-01  8.41969E-01
  5.95703E-01  8.32585E-01
  5.99609E-01  8.23345E-01
  6.03516E-01  8.14235E-01
  6.07422E-01  8.05265E-01
  6.11328E-01  7.96428E-01
  6.15234E-01  7.87709E-01
  6.19141E-01  7.79124E-01
  6.23047E-01  7.70668E-01
  6.26953E-01  7.62331E-01
  6.30859E-01  7.54109E-01
  6.34766E-01  7.46006E-01
  6.38672E-01  7.38024E-01
  6.42578E-01  7.30157E-01
  6.46484E-01  7.22402E-01
  6.50391E-01  7.14748E-01
  6.54297E-01  7.07205E-01
  6.58203E-01  6.99768E-01
  6.62109E-01  6.92437E-01
  6.66016E-01  6.85212E-01
  6.69922E-01  6.78088E-01
  6.73828E-01  6.71063E-01
  6.77734E-01  6.64134E-01
  6.81641E-01  6.57294E-01
  6.85547E-01  6.50546E-01
  6.89453E-01  6.43895E-01
  6.93359E-01  6.37345E-01
  6.97266E-01  6.30885E-01
  7.01172E-01  6.24511E-01
  7.05078E-01  6.18223E-01
  7.08984E-01  6.12018E-01
  7.12891E-01  6.05897E-01
  7.16797E-01  5.99856E-01
  7.20703E-01  5.93895E-01
  7.24609E-01  5.88013E-01
  7.28516E-01  5.82208E-01
  7.32422E-01  5.76481E-01
  7.36328E-01  5.70826E-01
  7.40234E-01  5.65247E-01
  7.44141E-01  5.59739E-01
  7.48047E-01  5.54303E-01
  7.51953E-01  5.48936E-01
  7.55859E-01  5.43631E-01
  7.59766E-01  5.38395E-01
  7.63672E-01  5.33228E-01
  7.67578E-01  5.28127E-01
  7.71484E-01  5.23091E-01
  7.75391E-01  5.18120E-01
  7.79297E-01  5.13211E-01
  7.83203E-01  5.08363E-01
  7.87109E-01  5.03577E-01
  7.91016E-01  4.98850E-01
  7.94922E-01  4.94185E-01
  7.98828E-01  4.89574E-01
  8.02734E-01  4.85022E-01
  8.06641E-01  4.80526E-01
  8.10547E-01  4.76085E-01
  8.14453E-01  4.71699E-01
  8.18359E-01  4.67366E-01
  8.22266E-01  4.63085E-01
  8.26172E-01  4.58858E-01
  8.30078E-01  4.54681E-01
  8.33984E-01  4.50556E-01
  8.37891E-01  4.46479E-01
  8.41797E-01  4.42453E-01
  8.45703E-01  4.38477E-01
  8.49609E-01  4.34546E-01
  8.53516E-01  4.30662E-01
  8.57422E-01  4.26824E-01
  8.61328E-01  4.23033E-01
  8.65234E-01  4.19284E-01
  8.69141E-01  4.15582E-01
  8.73047E-01  4.11923E-01
  8.76953E-01  4.08308E-01
  8.80859E-01  4.04732E-01
  8.84766E-01  4.01201E-01
  8.88672E-01  3.97708E-01
  8.92578E-01  3.94256E-01
  8.96484E-01  3.90845E-01
  9.00391E-01  3.87470E-01
  9.04297E-01  3.84137E-01
  9.08203E-01  3.80842E-01
  9.12109E-01  3.77583E-01
  9.16016E-01  3.74360E-01
  9.19922E-01  3.71174E-01
  9.23828E-01  3.68022E-01
  9.27734E-01  3.64905E-01
  9.31641E-01  3.61819E-01
  9.35547E-01  3.58769E-01
  9.39453E-01  3.55747E-01
  9.43359E-01  3.52754E-01
  9.47266E-01  3.49786E-01
  9.51172E-01  3.46847E-01
  9.55078E-01  3.43930E-01
  9.58984E-01  3.41036E-01
  9.62891E-01  3.38162E-01
  9.66797E-01  3.35308E-01
  9.70703E-01  3.32474E-01
  9.74609E-01  3.29659E-01
  9.78516E-01  3.26861E-01
  9.82422E-01  3.24082E-01
  9.86328E-01  3.21320E-01
  9.90234E-01  3.18554E-01
  9.94141E-01  3.15770E-01
  9.98047E-01  3.13790E-01
  1.00195E+00  3.13790E-01
