 -1.95312E-03  1.43240E+00
  1.95312E-03  1.43324E+00
  5.85938E-03  1.42874E+00
  9.76562E-03  1.42479E+00
  1.36719E-02  1.42098E+00
  1.75781E-02  1.41729E+00
  2.14844E-02  1.41373E+00
  2.53906E-02  1.41027E+00
  2.92969E-02  1.40690E+00
  3.32031E-02  1.40358E+00
  3.71094E-02  1.40031E+00
  4.10156E-02  1.39707E+00
  4.49219E-02  1.39385E+00
  4.88281E-02  1.39066E+00
  5.27344E-02  1.38749E+00
  5.66406E-02  1.38433E+00
  6.05469E-02  1.38118E+00
  6.44531E-02  1.37805E+00
  6.83594E-02  1.37494E+00
  7.22656E-02  1.37183E+00
  7.61719E-02  1.36874E+00
  8.00781E-02  1.36565E+00
  8.39844E-02  1.36258E+00
  8.78906E-02  1.35952E+00
  9.17969E-02  1.35646E+00
  9.57031E-02  1.35342E+00
  9.96094E-02  1.35039E+00
  1.03516E-01  1.34736E+00
  1.07422E-01  1.34435E+00
  1.11328E-01  1.34134E+00
  1.15234E-01  1.33835E+00
  1.19141E-01  1.33536E+00
  1.23047E-01  1.33238E+00
  1.26953E-01  1.32942E+00
  1.30859E-01  1.32646E+00
  1.34766E-01  1.32351E+00
  1.38672E-01  1.32056E+00
  1.42578E-01  1.31763E+00
  1.46484E-01  1.31470E+00
  1.50391E-01  1.31179E+00
  1.54297E-01  1.30888E+00
  1.58203E-01  1.30598E+00
  1.62109E-01  1.30309E+00
  1.66016E-01  1.30021E+00
  1.69922E-01  1.29733E+00
  1.73828E-01  1.29447E+00
  1.77734E-01  1.29161E+00
  1.81641E-01  1.28876E+00
  1.85547E-01  1.28592E+00
  1.89453E-01  1.28308E+00
  1.93359E-01  1.28026E+00
  1.97266E-01  1.27744E+00
  2.01172E-01  1.27463E+00
  2.05078E-01  1.27183E+00
  2.08984E-01  1.26904E+00
  2.12891E-01  1.26625E+00
  2.16797E-01  1.26347E+00
  2.20703E-01  1.26070E+00
  2.24609E-01  1.25794E+00
  2.28516E-01  1.25519E+00
  2.32422E-01  1.25244E+00
  2.36328E-01  1.24970E+00
  2.40234E-01  1.24697E+00
  2.44141E-01  1.24425E+00
  2.48047E-01  1.24153E+00
  2.51953E-01  1.23883E+00
  2.55859E-01  1.23613E+00
  2.59766E-01  1.23343E+00
  2.63672E-01  1.23075E+00
  2.67578E-01  1.22807E+00
  2.71484E-01  1.22540E+00
  2.75391E-01  1.22274E+00
  2.79297E-01  1.22008E+00
  2.83203E-01  1.21744E+00
  2.87109E-01  1.21480E+00
  2.91016E-01  1.21216E+00
  2.94922E-01  1.20954E+00
  2.98828E-01  1.20692E+00
  3.02734E-01  1.20431E+00
  3.06641E-01  1.20171E+00
  3.10547E-01  1.19911E+00
  3.14453E-01  1.19652E+00
  3.18359E-01  1.19394E+00
  3.22266E-01  1.19136E+00
  3.26172E-01  1.18880E+00
  3.30078E-01  1.18624E+00
  3.33984E-01  1.18368E+00
  3.37891E-01  1.18114E+00
  3.41797E-01  1.17860E+00
  3.45703E-01  1.17606E+00
  3.49609E-01  1.17354E+00
  3.53516E-01  1.17102E+00
  3.57422E-01  1.16851E+00
  3.61328E-01  1.16600E+00
  3.65234E-01  1.16351E+00
  3.69141E-01  1.16102E+00
  3.73047E-01  1.15853E+00
  3.76953E-01  1.15605E+00
  3.80859E-01  1.15358E+00
  3.84766E-01  1.15112E+00
  3.88672E-01  1.14866E+00
  3.92578E-01  1.14621E+00
  3.96484E-01  1.14377E+00
  4.00391E-01  1.14133E+00
  4.04297E-01  1.13891E+00
  4.08203E-01  1.13648E+00
  4.12109E-01  1.13407E+00
  4.16016E-01  1.13166E+00
  4.19922E-01  1.12925E+00
  4.23828E-01  1.12686E+00
  4.27734E-01  1.12446E+00
  4.31641E-01  1.12208E+00
  4.35547E-01  1.11970E+00
  4.39453E-01  1.11733E+00
  4.43359E-01  1.11497E+00
  4.47266E-01  1.11261E+00
  4.51172E-01  1.11026E+00
  4.55078E-01  1.10791E+00
  4.58984E-01  1.10558E+00
  4.62891E-01  1.10324E+00
  4.66797E-01  1.10092E+00
  4.70703E-01  1.09860E+00
  4.74609E-01  1.09628E+00
  4.78516E-01  1.09398E+00
  4.82422E-01  1.09168E+00
  4.86328E-01  1.08938E+00
  4.90234E-01  1.08709E+00
  4.94141E-01  1.08481E+00
  4.98047E-01  1.08253E+00
  5.01953E-01  1.08026E+00
  5.05859E-01  1.07800E+00
  5.09766E-01  1.07574E+00
  5.13672E-01  1.07349E+00
  5.17578E-01  1.07125E+00
  5.21484E-01  1.06901E+00
  5.25391E-01  1.06677E+00
  5.29297E-01  1.06455E+00
  5.33203E-01  1.06232E+00
  5.37109E-01  1.06011E+00
  5.41016E-01  1.05790E+00
  5.44922E-01  1.05569E+00
  5.48828E-01  1.05350E+00
  5.52734E-01  1.05130E+00
  5.56641E-01  1.04912E+00
  5.60547E-01  1.04694E+00
  5.64453E-01  1.04476E+00
  5.68359E-01  1.04260E+00
  5.72266E-01  1.04043E+00
  5.76172E-01  1.03828E+00
  5.80078E-01  1.03612E+00
  5.83984E-01  1.03398E+00
  5.87891E-01  1.03184E+00
  5.91797E-01  1.02970E+00
  5.95703E-01  1.02758E+00
  5.99609E-01  1.02545E+00
  6.03516E-01  1.02334E+00
  6.07422E-01  1.02122E+00
  6.11328E-01  1.01912E+00
  6.15234E-01  1.01702E+00
  6.19141E-01  1.01492E+00
  6.23047E-01  1.01283E+00
  6.26953E-01  1.01075E+00
  6.30859E-01  1.00867E+00
  6.34766E-01  1.00660E+00
  6.38672E-01  1.00453E+00
  6.42578E-01  1.00247E+00
  6.46484E-01  1.00041E+00
  6.50391E-01  9.98363E-01
  6.54297E-01  9.96318E-01
  6.58203E-01  9.94277E-01
  6.62109E-01  9.92243E-01
  6.66016E-01  9.90213E-01
  6.69922E-01  9.88189E-01
  6.73828E-01  9.86171E-01
  6.77734E-01  9.84157E-01
  6.81641E-01  9.82149E-01
  6.85547E-01  9.80146E-01
  6.89453E-01  9.78149E-01
  6.93359E-01  9.76156E-01
  6.97266E-01  9.74169E-01
  7.01172E-01  9.72187E-01
  7.05078E-01  9.70210E-01
  7.08984E-01  9.68238E-01
  7.12891E-01  9.66272E-01
  7.16797E-01  9.64311E-01
  7.20703E-01  9.62355E-01
  7.24609E-01  9.60404E-01
  7.28516E-01  9.58458E-01
  7.32422E-01  9.56517E-01
  7.36328E-01  9.54581E-01
  7.40234E-01  9.52650E-01
  7.44141E-01  9.50724E-01
  7.48047E-01  9.48803E-01
  7.51953E-01  9.46888E-01
  7.55859E-01  9.44977E-01
  7.59766E-01  9.43070E-01
  7.63672E-01  9.41170E-01
  7.67578E-01  9.39274E-01
  7.71484E-01  9.37383E-01
  7.75391E-01  9.35496E-01
  7.79297E-01  9.33615E-01
  7.83203E-01  9.31738E-01
  7.87109E-01  9.29866E-01
  7.91016E-01  9.27999E-01
  7.94922E-01  9.26138E-01
  7.98828E-01  9.24280E-01
  8.02734E-01  9.22428E-01
  8.06641E-01  9.20581E-01
  8.10547E-01  9.18738E-01
  8.14453E-01  9.16900E-01
  8.18359E-01  9.15066E-01
  8.22266E-01  9.13238E-01
  8.26172E-01  9.11413E-01
  8.30078E-01  9.09594E-01
  8.33984E-01  9.07779E-01
  8.37891E-01  9.05969E-01
  8.41797E-01  9.04164E-01
  8.45703E-01  9.02363E-01
  8.49609E-01  9.00567E-01
  8.53516E-01  8.98775E-01
  8.57422E-01  8.96988E-01
  8.61328E-01  8.95206E-01
  8.65234E-01  8.93428E-01
  8.69141E-01  8.91654E-01
  8.73047E-01  8.89886E-01
  8.76953E-01  8.88122E-01
  8.80859E-01  8.86362E-01
  8.84766E-01  8.84606E-01
  8.88672E-01  8.82855E-01
  8.92578E-01  8.81109E-01
  8.96484E-01  8.79366E-01
  9.00391E-01  8.77629E-01
  9.04297E-01  8.75896E-01
  9.08203E-01  8.74167E-01
  9.12109E-01  8.72443E-01
  9.16016E-01  8.70723E-01
  9.19922E-01  8.69007E-01
  9.23828E-01  8.67295E-01
  9.27734E-01  8.65588E-01
  9.31641E-01  8.63886E-01
  9.35547E-01  8.62187E-01
  9.39453E-01  8.60493E-01
  9.43359E-01  8.58803E-01
  9.47266E-01  8.57117E-01
  9.51172E-01  8.55436E-01
  9.55078E-01  8.53759E-01
  9.58984E-01  8.52085E-01
  9.62891E-01  8.50417E-01
  9.66797E-01  8.48752E-01
  9.70703E-01  8.47091E-01
  9.74609E-01  8.45428E-01
  9.78516E-01  8.43751E-01
  9.82422E-01  8.42029E-01
  9.86328E-01  8.40199E-01
  9.90234E-01  8.38157E-01
  9.94141E-01  8.35766E-01
  9.98047E-01  8.32928E-01
  1.00195E+00  8.33013E-01
