 -1.95312E-03  7.01590E+00
  1.95312E-03  7.01716E+00
  5.85938E-03  7.01202E+00
  9.76562E-03  7.00663E+00
  1.36719E-02  7.00034E+00
  1.75781E-02  6.99309E+00
  2.14844E-02  6.98484E+00
  2.53906E-02  6.97560E+00
  2.92969E-02  6.96536E+00
  3.32031E-02  6.95413E+00
  3.71094E-02  6.94190E+00
  4.10156E-02  6.92868E+00
  4.49219E-02  6.91446E+00
  4.88281E-02  6.89925E+00
  5.27344E-02  6.88304E+00
  5.66406E-02  6.86583E+00
  6.05469E-02  6.84763E+00
  6.44531E-02  6.82841E+00
  6.83594E-02  6.80820E+00
  7.22656E-02  6.78697E+00
  7.61719E-02  6.76472E+00
  8.00781E-02  6.74145E+00
  8.39844E-02  6.71715E+00
  8.78906E-02  6.69181E+00
  9.17969E-02  6.66543E+00
  9.57031E-02  6.63800E+00
  9.96094E-02  6.60950E+00
  1.03516E-01  6.57993E+00
  1.07422E-01  6.54927E+00
  1.11328E-01  6.51751E+00
  1.15234E-01  6.48464E+00
  1.19141E-01  6.45065E+00
  1.23047E-01  6.41551E+00
  1.26953E-01  6.37921E+00
  1.30859E-01  6.34174E+00
  1.34766E-01  6.30307E+00
  1.38672E-01  6.26318E+00
  1.42578E-01  6.22205E+00
  1.46484E-01  6.17966E+00
  1.50391E-01  6.13598E+00
  1.54297E-01  6.09098E+00
  1.58203E-01  6.04464E+00
  1.62109E-01  5.99692E+00
  1.66016E-01  5.94779E+00
  1.69922E-01  5.89723E+00
  1.73828E-01  5.84518E+00
  1.77734E-01  5.79161E+00
  1.81641E-01  5.73647E+00
  1.85547E-01  5.67973E+00
  1.89453E-01  5.62133E+00
  1.93359E-01  5.56122E+00
  1.97266E-01  5.49934E+00
  2.01172E-01  5.43564E+00
  2.05078E-01  5.37005E+00
  2.08984E-01  5.30250E+00
  2.12891E-01  5.23293E+00
  2.16797E-01  5.16124E+00
  2.20703E-01  5.08737E+00
  2.24609E-01  5.01122E+00
  2.28516E-01  4.93269E+00
  2.32422E-01  4.85169E+00
  2.36328E-01  4.76810E+00
  2.40234E-01  4.68182E+00
  2.44141E-01  4.59272E+00
  2.48047E-01  4.50068E+00
  2.51953E-01  4.40557E+00
  2.55859E-01  4.30725E+00
  2.59766E-01  4.20562E+00
  2.63672E-01  4.10053E+00
  2.67578E-01  3.99189E+00
  2.71484E-01  3.87961E+00
  2.75391E-01  3.76366E+00
  2.79297E-01  3.64406E+00
  2.83203E-01  3.52098E+00
  2.87109E-01  3.39471E+00
  2.91016E-01  3.26579E+00
  2.94922E-01  3.13506E+00
  2.98828E-01  3.00368E+00
  3.02734E-01  2.87322E+00
  3.06641E-01  2.74571E+00
  3.10547E-01  2.62340E+00
  3.14453E-01  2.50851E+00
  3.18359E-01  2.40285E+00
  3.22266E-01  2.30744E+00
  3.26172E-01  2.22243E+00
  3.30078E-01  2.14715E+00
  3.33984E-01  2.08041E+00
  3.37891E-01  2.02078E+00
  3.41797E-01  1.96685E+00
  3.45703E-01  1.91740E+00
  3.49609E-01  1.87147E+00
  3.53516E-01  1.82833E+00
  3.57422E-01  1.78744E+00
  3.61328E-01  1.74844E+00
  3.65234E-01  1.71106E+00
  3.69141E-01  1.67511E+00
  3.73047E-01  1.64044E+00
  3.76953E-01  1.60695E+00
  3.80859E-01  1.57458E+00
  3.84766E-01  1.54324E+00
  3.88672E-01  1.51285E+00
  3.92578E-01  1.48338E+00
  3.96484E-01  1.45479E+00
  4.00391E-01  1.42704E+00
  4.04297E-01  1.40005E+00
  4.08203E-01  1.37380E+00
  4.12109E-01  1.34825E+00
  4.16016E-01  1.32341E+00
  4.19922E-01  1.29924E+00
  4.23828E-01  1.27569E+00
  4.27734E-01  1.25276E+00
  4.31641E-01  1.23042E+00
  4.35547E-01  1.20861E+00
  4.39453E-01  1.18732E+00
  4.43359E-01  1.16655E+00
  4.47266E-01  1.14630E+00
  4.51172E-01  1.12655E+00
  4.55078E-01  1.10728E+00
  4.58984E-01  1.08847E+00
  4.62891E-01  1.07013E+00
  4.66797E-01  1.05221E+00
  4.70703E-01  1.03470E+00
  4.74609E-01  1.01761E+00
  4.78516E-01  1.00088E+00
  4.82422E-01  9.84536E-01
  4.86328E-01  9.68504E-01
  4.90234E-01  9.52801E-01
  4.94141E-01  9.37490E-01
  4.98047E-01  9.22510E-01
  5.01953E-01  9.07804E-01
  5.05859E-01  8.93431E-01
  5.09766E-01  8.79417E-01
  5.13672E-01  8.65711E-01
  5.17578E-01  8.52272E-01
  5.21484E-01  8.39057E-01
  5.25391E-01  8.26081E-01
  5.29297E-01  8.13418E-01
  5.33203E-01  8.01053E-01
  5.37109E-01  7.88962E-01
  5.41016E-01  7.77128E-01
  5.44922E-01  7.65541E-01
  5.48828E-01  7.54198E-01
  5.52734E-01  7.43099E-01
  5.56641E-01  7.32245E-01
  5.60547E-01  7.21635E-01
  5.64453E-01  7.11250E-01
  5.68359E-01  7.00992E-01
  5.72266E-01  6.90832E-01
  5.76172E-01  6.80851E-01
  5.80078E-01  6.71086E-01
  5.83984E-01  6.61528E-01
  5.87891E-01  6.52164E-01
  5.91797E-01  6.42978E-01
  5.95703E-01  6.33967E-01
  5.99609E-01  6.25129E-01
  6.03516E-01  6.16455E-01
  6.07422E-01  6.07942E-01
  6.11328E-01  5.99588E-01
  6.15234E-01  5.91386E-01
  6.19141E-01  5.83335E-01
  6.23047E-01  5.75430E-01
  6.26953E-01  5.67668E-01
  6.30859E-01  5.60046E-01
  6.34766E-01  5.52560E-01
  6.38672E-01  5.45205E-01
  6.42578E-01  5.37982E-01
  6.46484E-01  5.30888E-01
  6.50391E-01  5.23918E-01
  6.54297E-01  5.17071E-01
  6.58203E-01  5.10340E-01
  6.62109E-01  5.03728E-01
  6.66016E-01  4.97229E-01
  6.69922E-01  4.90843E-01
  6.73828E-01  4.84566E-01
  6.77734E-01  4.78396E-01
  6.81641E-01  4.72329E-01
  6.85547E-01  4.66365E-01
  6.89453E-01  4.60500E-01
  6.93359E-01  4.54734E-01
  6.97266E-01  4.49066E-01
  7.01172E-01  4.43490E-01
  7.05078E-01  4.38006E-01
  7.08984E-01  4.32612E-01
  7.12891E-01  4.27307E-01
  7.16797E-01  4.22088E-01
  7.20703E-01  4.16955E-01
  7.24609E-01  4.11902E-01
  7.28516E-01  4.06931E-01
  7.32422E-01  4.02037E-01
  7.36328E-01  3.97227E-01
  7.40234E-01  3.92494E-01
  7.44141E-01  3.87833E-01
  7.48047E-01  3.83247E-01
  7.51953E-01  3.78729E-01
  7.55859E-01  3.74284E-01
  7.59766E-01  3.69909E-01
  7.63672E-01  3.65603E-01
  7.67578E-01  3.61365E-01
  7.71484E-01  3.57188E-01
  7.75391E-01  3.53081E-01
  7.79297E-01  3.49033E-01
  7.83203E-01  3.45046E-01
  7.87109E-01  3.41119E-01
  7.91016E-01  3.37254E-01
  7.94922E-01  3.33446E-01
  7.98828E-01  3.29693E-01
  8.02734E-01  3.25998E-01
  8.06641E-01  3.22359E-01
  8.10547E-01  3.18774E-01
  8.14453E-01  3.15242E-01
  8.18359E-01  3.11762E-01
  8.22266E-01  3.08332E-01
  8.26172E-01  3.04953E-01
  8.30078E-01  3.01622E-01
  8.33984E-01  2.98342E-01
  8.37891E-01  2.95107E-01
  8.41797E-01  2.91919E-01
  8.45703E-01  2.88774E-01
  8.49609E-01  2.85680E-01
  8.53516E-01  2.82625E-01
  8.57422E-01  2.79616E-01
  8.61328E-01  2.76648E-01
  8.65234E-01  2.73723E-01
  8.69141E-01  2.70838E-01
  8.73047E-01  2.67994E-01
  8.76953E-01  2.65188E-01
  8.80859E-01  2.62422E-01
  8.84766E-01  2.59693E-01
  8.88672E-01  2.57002E-01
  8.92578E-01  2.54345E-01
  8.96484E-01  2.51727E-01
  9.00391E-01  2.49142E-01
  9.04297E-01  2.46592E-01
  9.08203E-01  2.44076E-01
  9.12109E-01  2.41592E-01
  9.16016E-01  2.39139E-01
  9.19922E-01  2.36716E-01
  9.23828E-01  2.34325E-01
  9.27734E-01  2.31962E-01
  9.31641E-01  2.29628E-01
  9.35547E-01  2.27324E-01
  9.39453E-01  2.25046E-01
  9.43359E-01  2.22794E-01
  9.47266E-01  2.20570E-01
  9.51172E-01  2.18372E-01
  9.55078E-01  2.16199E-01
  9.58984E-01  2.14052E-01
  9.62891E-01  2.11928E-01
  9.66797E-01  2.09831E-01
  9.70703E-01  2.07757E-01
  9.74609E-01  2.05705E-01
  9.78516E-01  2.03677E-01
  9.82422E-01  2.01665E-01
  9.86328E-01  1.99666E-01
  9.90234E-01  1.97663E-01
  9.94141E-01  1.95664E-01
  9.98047E-01  1.94565E-01
  1.00195E+00  1.94565E-01
