 -1.95312E-03  7.65363E+00
  1.95312E-03  7.65363E+00
  5.85938E-03  7.64853E+00
  9.76562E-03  7.64335E+00
  1.36719E-02  7.63737E+00
  1.75781E-02  7.63051E+00
  2.14844E-02  7.62277E+00
  2.53906E-02  7.61413E+00
  2.92969E-02  7.60459E+00
  3.32031E-02  7.59416E+00
  3.71094E-02  7.58282E+00
  4.10156E-02  7.57060E+00
  4.49219E-02  7.55747E+00
  4.88281E-02  7.54345E+00
  5.27344E-02  7.52854E+00
  5.66406E-02  7.51272E+00
  6.05469E-02  7.49601E+00
  6.44531E-02  7.47839E+00
  6.83594E-02  7.45987E+00
  7.22656E-02  7.44044E+00
  7.61719E-02  7.42009E+00
  8.00781E-02  7.39883E+00
  8.39844E-02  7.37666E+00
  8.78906E-02  7.35355E+00
  9.17969E-02  7.32951E+00
  9.57031E-02  7.30452E+00
  9.96094E-02  7.27859E+00
  1.03516E-01  7.25170E+00
  1.07422E-01  7.22385E+00
  1.11328E-01  7.19502E+00
  1.15234E-01  7.16520E+00
  1.19141E-01  7.13438E+00
  1.23047E-01  7.10256E+00
  1.26953E-01  7.06971E+00
  1.30859E-01  7.03581E+00
  1.34766E-01  7.00087E+00
  1.38672E-01  6.96485E+00
  1.42578E-01  6.92775E+00
  1.46484E-01  6.88953E+00
  1.50391E-01  6.85019E+00
  1.54297E-01  6.80969E+00
  1.58203E-01  6.76803E+00
  1.62109E-01  6.72516E+00
  1.66016E-01  6.68107E+00
  1.69922E-01  6.63573E+00
  1.73828E-01  6.58910E+00
  1.77734E-01  6.54115E+00
  1.81641E-01  6.49185E+00
  1.85547E-01  6.44116E+00
  1.89453E-01  6.38904E+00
  1.93359E-01  6.33545E+00
  1.97266E-01  6.28033E+00
  2.01172E-01  6.22365E+00
  2.05078E-01  6.16534E+00
  2.08984E-01  6.10534E+00
  2.12891E-01  6.04360E+00
  2.16797E-01  5.98004E+00
  2.20703E-01  5.91458E+00
  2.24609E-01  5.84716E+00
  2.28516E-01  5.77768E+00
  2.32422E-01  5.70604E+00
  2.36328E-01  5.63214E+00
  2.40234E-01  5.55586E+00
  2.44141E-01  5.47708E+00
  2.48047E-01  5.39565E+00
  2.51953E-01  5.31141E+00
  2.55859E-01  5.22420E+00
  2.59766E-01  5.13383E+00
  2.63672E-01  5.04006E+00
  2.67578E-01  4.94266E+00
  2.71484E-01  4.84135E+00
  2.75391E-01  4.73581E+00
  2.79297E-01  4.62568E+00
  2.83203E-01  4.51054E+00
  2.87109E-01  4.38990E+00
  2.91016E-01  4.26319E+00
  2.94922E-01  4.12975E+00
  2.98828E-01  3.98878E+00
  3.02734E-01  3.83933E+00
  3.06641E-01  3.68025E+00
  3.10547E-01  3.51020E+00
  3.14453E-01  3.32761E+00
  3.18359E-01  3.13095E+00
  3.22266E-01  2.91962E+00
  3.26172E-01  2.69599E+00
  3.30078E-01  2.46774E+00
  3.33984E-01  2.25054E+00
  3.37891E-01  2.06371E+00
  3.41797E-01  1.91830E+00
  3.45703E-01  1.81197E+00
  3.49609E-01  1.73439E+00
  3.53516E-01  1.67485E+00
  3.57422E-01  1.62567E+00
  3.61328E-01  1.58235E+00
  3.65234E-01  1.54251E+00
  3.69141E-01  1.50496E+00
  3.73047E-01  1.46919E+00
  3.76953E-01  1.43490E+00
  3.80859E-01  1.40189E+00
  3.84766E-01  1.37006E+00
  3.88672E-01  1.33937E+00
  3.92578E-01  1.30975E+00
  3.96484E-01  1.28112E+00
  4.00391E-01  1.25345E+00
  4.04297E-01  1.22661E+00
  4.08203E-01  1.20056E+00
  4.12109E-01  1.17532E+00
  4.16016E-01  1.15083E+00
  4.19922E-01  1.12708E+00
  4.23828E-01  1.10404E+00
  4.27734E-01  1.08164E+00
  4.31641E-01  1.05991E+00
  4.35547E-01  1.03877E+00
  4.39453E-01  1.01825E+00
  4.43359E-01  9.98260E-01
  4.47266E-01  9.78788E-01
  4.51172E-01  9.59860E-01
  4.55078E-01  9.41428E-01
  4.58984E-01  9.23437E-01
  4.62891E-01  9.05911E-01
  4.66797E-01  8.88990E-01
  4.70703E-01  8.72594E-01
  4.74609E-01  8.56599E-01
  4.78516E-01  8.40975E-01
  4.82422E-01  8.25726E-01
  4.86328E-01  8.10840E-01
  4.90234E-01  7.96287E-01
  4.94141E-01  7.82036E-01
  4.98047E-01  7.68060E-01
  5.01953E-01  7.54371E-01
  5.05859E-01  7.41107E-01
  5.09766E-01  7.28258E-01
  5.13672E-01  7.15656E-01
  5.17578E-01  7.03300E-01
  5.21484E-01  6.91265E-01
  5.25391E-01  6.79534E-01
  5.29297E-01  6.68051E-01
  5.33203E-01  6.56811E-01
  5.37109E-01  6.45826E-01
  5.41016E-01  6.35096E-01
  5.44922E-01  6.24606E-01
  5.48828E-01  6.14346E-01
  5.52734E-01  6.04306E-01
  5.56641E-01  5.94489E-01
  5.60547E-01  5.84884E-01
  5.64453E-01  5.75486E-01
  5.68359E-01  5.66288E-01
  5.72266E-01  5.57285E-01
  5.76172E-01  5.48476E-01
  5.80078E-01  5.39851E-01
  5.83984E-01  5.31408E-01
  5.87891E-01  5.23140E-01
  5.91797E-01  5.15044E-01
  5.95703E-01  5.07115E-01
  5.99609E-01  4.99349E-01
  6.03516E-01  4.91740E-01
  6.07422E-01  4.84286E-01
  6.11328E-01  4.76982E-01
  6.15234E-01  4.69825E-01
  6.19141E-01  4.62811E-01
  6.23047E-01  4.55936E-01
  6.26953E-01  4.49197E-01
  6.30859E-01  4.42590E-01
  6.34766E-01  4.36113E-01
  6.38672E-01  4.29763E-01
  6.42578E-01  4.23535E-01
  6.46484E-01  4.17427E-01
  6.50391E-01  4.11435E-01
  6.54297E-01  4.05558E-01
  6.58203E-01  3.99789E-01
  6.62109E-01  3.94131E-01
  6.66016E-01  3.88585E-01
  6.69922E-01  3.83139E-01
  6.73828E-01  3.77793E-01
  6.77734E-01  3.72547E-01
  6.81641E-01  3.67397E-01
  6.85547E-01  3.62345E-01
  6.89453E-01  3.57386E-01
  6.93359E-01  3.52512E-01
  6.97266E-01  3.47727E-01
  7.01172E-01  3.43030E-01
  7.05078E-01  3.38417E-01
  7.08984E-01  3.33888E-01
  7.12891E-01  3.29439E-01
  7.16797E-01  3.25069E-01
  7.20703E-01  3.20777E-01
  7.24609E-01  3.16557E-01
  7.28516E-01  3.12412E-01
  7.32422E-01  3.08341E-01
  7.36328E-01  3.04338E-01
  7.40234E-01  3.00405E-01
  7.44141E-01  2.96539E-01
  7.48047E-01  2.92740E-01
  7.51953E-01  2.89005E-01
  7.55859E-01  2.85335E-01
  7.59766E-01  2.81725E-01
  7.63672E-01  2.78178E-01
  7.67578E-01  2.74688E-01
  7.71484E-01  2.71258E-01
  7.75391E-01  2.67884E-01
  7.79297E-01  2.64563E-01
  7.83203E-01  2.61301E-01
  7.87109E-01  2.58089E-01
  7.91016E-01  2.54932E-01
  7.94922E-01  2.51827E-01
  7.98828E-01  2.48769E-01
  8.02734E-01  2.45762E-01
  8.06641E-01  2.42803E-01
  8.10547E-01  2.39890E-01
  8.14453E-01  2.37026E-01
  8.18359E-01  2.34206E-01
  8.22266E-01  2.31432E-01
  8.26172E-01  2.28699E-01
  8.30078E-01  2.26012E-01
  8.33984E-01  2.23363E-01
  8.37891E-01  2.20758E-01
  8.41797E-01  2.18192E-01
  8.45703E-01  2.15665E-01
  8.49609E-01  2.13176E-01
  8.53516E-01  2.10727E-01
  8.57422E-01  2.08314E-01
  8.61328E-01  2.05937E-01
  8.65234E-01  2.03595E-01
  8.69141E-01  2.01290E-01
  8.73047E-01  1.99018E-01
  8.76953E-01  1.96776E-01
  8.80859E-01  1.94578E-01
  8.84766E-01  1.92400E-01
  8.88672E-01  1.90252E-01
  8.92578E-01  1.88143E-01
  8.96484E-01  1.86066E-01
  9.00391E-01  1.84007E-01
  9.04297E-01  1.81982E-01
  9.08203E-01  1.79992E-01
  9.12109E-01  1.78024E-01
  9.16016E-01  1.76076E-01
  9.19922E-01  1.74168E-01
  9.23828E-01  1.72281E-01
  9.27734E-01  1.70414E-01
  9.31641E-01  1.68578E-01
  9.35547E-01  1.66769E-01
  9.39453E-01  1.64979E-01
  9.43359E-01  1.63212E-01
  9.47266E-01  1.61477E-01
  9.51172E-01  1.59758E-01
  9.55078E-01  1.58058E-01
  9.58984E-01  1.56392E-01
  9.62891E-01  1.54741E-01
  9.66797E-01  1.53108E-01
  9.70703E-01  1.51502E-01
  9.74609E-01  1.49915E-01
  9.78516E-01  1.48337E-01
  9.82422E-01  1.46783E-01
  9.86328E-01  1.45233E-01
  9.90234E-01  1.43690E-01
  9.94141E-01  1.42196E-01
  9.98047E-01  1.41502E-01
  1.00195E+00  1.41502E-01
