 -1.95312E-03  1.60946E+00
  1.95312E-03  1.60952E+00
  5.85938E-03  1.60458E+00
  9.76562E-03  1.59993E+00
  1.36719E-02  1.59507E+00
  1.75781E-02  1.59008E+00
  2.14844E-02  1.58503E+00
  2.53906E-02  1.57999E+00
  2.92969E-02  1.57498E+00
  3.32031E-02  1.57000E+00
  3.71094E-02  1.56506E+00
  4.10156E-02  1.56016E+00
  4.49219E-02  1.55530E+00
  4.88281E-02  1.55046E+00
  5.27344E-02  1.54564E+00
  5.66406E-02  1.54085E+00
  6.05469E-02  1.53609E+00
  6.44531E-02  1.53135E+00
  6.83594E-02  1.52662E+00
  7.22656E-02  1.52192E+00
  7.61719E-02  1.51724E+00
  8.00781E-02  1.51258E+00
  8.39844E-02  1.50794E+00
  8.78906E-02  1.50331E+00
  9.17969E-02  1.49871E+00
  9.57031E-02  1.49412E+00
  9.96094E-02  1.48956E+00
  1.03516E-01  1.48501E+00
  1.07422E-01  1.48048E+00
  1.11328E-01  1.47597E+00
  1.15234E-01  1.47148E+00
  1.19141E-01  1.46700E+00
  1.23047E-01  1.46254E+00
  1.26953E-01  1.45810E+00
  1.30859E-01  1.45368E+00
  1.34766E-01  1.44928E+00
  1.38672E-01  1.44489E+00
  1.42578E-01  1.44052E+00
  1.46484E-01  1.43617E+00
  1.50391E-01  1.43183E+00
  1.54297E-01  1.42752E+00
  1.58203E-01  1.42322E+00
  1.62109E-01  1.41893E+00
  1.66016E-01  1.41466E+00
  1.69922E-01  1.41041E+00
  1.73828E-01  1.40618E+00
  1.77734E-01  1.40196E+00
  1.81641E-01  1.39776E+00
  1.85547E-01  1.39357E+00
  1.89453E-01  1.38941E+00
  1.93359E-01  1.38525E+00
  1.97266E-01  1.38112E+00
  2.01172E-01  1.37700E+00
  2.05078E-01  1.37289E+00
  2.08984E-01  1.36880E+00
  2.12891E-01  1.36473E+00
  2.16797E-01  1.36068E+00
  2.20703E-01  1.35663E+00
  2.24609E-01  1.35261E+00
  2.28516E-01  1.34860E+00
  2.32422E-01  1.34460E+00
  2.36328E-01  1.34062E+00
  2.40234E-01  1.33666E+00
  2.44141E-01  1.33271E+00
  2.48047E-01  1.32878E+00
  2.51953E-01  1.32486E+00
  2.55859E-01  1.32096E+00
  2.59766E-01  1.31707E+00
  2.63672E-01  1.31319E+00
  2.67578E-01  1.30934E+00
  2.71484E-01  1.30549E+00
  2.75391E-01  1.30166E+00
  2.79297E-01  1.29785E+00
  2.83203E-01  1.29405E+00
  2.87109E-01  1.29026E+00
  2.91016E-01  1.28649E+00
  2.94922E-01  1.28273E+00
  2.98828E-01  1.27899E+00
  3.02734E-01  1.27526E+00
  3.06641E-01  1.27155E+00
  3.10547E-01  1.26785E+00
  3.14453E-01  1.26416E+00
  3.18359E-01  1.26049E+00
  3.22266E-01  1.25683E+00
  3.26172E-01  1.25318E+00
  3.30078E-01  1.24955E+00
  3.33984E-01  1.24593E+00
  3.37891E-01  1.24233E+00
  3.41797E-01  1.23874E+00
  3.45703E-01  1.23516E+00
  3.49609E-01  1.23160E+00
  3.53516E-01  1.22805E+00
  3.57422E-01  1.22451E+00
  3.61328E-01  1.22099E+00
  3.65234E-01  1.21748E+00
  3.69141E-01  1.21398E+00
  3.73047E-01  1.21049E+00
  3.76953E-01  1.20702E+00
  3.80859E-01  1.20356E+00
  3.84766E-01  1.20012E+00
  3.88672E-01  1.19669E+00
  3.92578E-01  1.19327E+00
  3.96484E-01  1.18986E+00
  4.00391E-01  1.18646E+00
  4.04297E-01  1.18308E+00
  4.08203E-01  1.17971E+00
  4.12109E-01  1.17636E+00
  4.16016E-01  1.17301E+00
  4.19922E-01  1.16968E+00
  4.23828E-01  1.16636E+00
  4.27734E-01  1.16305E+00
  4.31641E-01  1.15976E+00
  4.35547E-01  1.15647E+00
  4.39453E-01  1.15320E+00
  4.43359E-01  1.14994E+00
  4.47266E-01  1.14670E+00
  4.51172E-01  1.14346E+00
  4.55078E-01  1.14024E+00
  4.58984E-01  1.13703E+00
  4.62891E-01  1.13383E+00
  4.66797E-01  1.13064E+00
  4.70703E-01  1.12746E+00
  4.74609E-01  1.12430E+00
  4.78516E-01  1.12114E+00
  4.82422E-01  1.11800E+00
  4.86328E-01  1.11487E+00
  4.90234E-01  1.11175E+00
  4.94141E-01  1.10864E+00
  4.98047E-01  1.10555E+00
  5.01953E-01  1.10246E+00
  5.05859E-01  1.09939E+00
  5.09766E-01  1.09633E+00
  5.13672E-01  1.09327E+00
  5.17578E-01  1.09023E+00
  5.21484E-01  1.08720E+00
  5.25391E-01  1.08419E+00
  5.29297E-01  1.08118E+00
  5.33203E-01  1.07818E+00
  5.37109E-01  1.07519E+00
  5.41016E-01  1.07222E+00
  5.44922E-01  1.06925E+00
  5.48828E-01  1.06630E+00
  5.52734E-01  1.06336E+00
  5.56641E-01  1.06043E+00
  5.60547E-01  1.05750E+00
  5.64453E-01  1.05459E+00
  5.68359E-01  1.05169E+00
  5.72266E-01  1.04880E+00
  5.76172E-01  1.04592E+00
  5.80078E-01  1.04305E+00
  5.83984E-01  1.04019E+00
  5.87891E-01  1.03734E+00
  5.91797E-01  1.03450E+00
  5.95703E-01  1.03167E+00
  5.99609E-01  1.02885E+00
  6.03516E-01  1.02604E+00
  6.07422E-01  1.02324E+00
  6.11328E-01  1.02045E+00
  6.15234E-01  1.01767E+00
  6.19141E-01  1.01490E+00
  6.23047E-01  1.01214E+00
  6.26953E-01  1.00939E+00
  6.30859E-01  1.00665E+00
  6.34766E-01  1.00392E+00
  6.38672E-01  1.00120E+00
  6.42578E-01  9.98487E-01
  6.46484E-01  9.95785E-01
  6.50391E-01  9.93093E-01
  6.54297E-01  9.90410E-01
  6.58203E-01  9.87736E-01
  6.62109E-01  9.85072E-01
  6.66016E-01  9.82417E-01
  6.69922E-01  9.79771E-01
  6.73828E-01  9.77135E-01
  6.77734E-01  9.74508E-01
  6.81641E-01  9.71890E-01
  6.85547E-01  9.69281E-01
  6.89453E-01  9.66681E-01
  6.93359E-01  9.64091E-01
  6.97266E-01  9.61509E-01
  7.01172E-01  9.58937E-01
  7.05078E-01  9.56373E-01
  7.08984E-01  9.53819E-01
  7.12891E-01  9.51273E-01
  7.16797E-01  9.48736E-01
  7.20703E-01  9.46208E-01
  7.24609E-01  9.43688E-01
  7.28516E-01  9.41177E-01
  7.32422E-01  9.38675E-01
  7.36328E-01  9.36182E-01
  7.40234E-01  9.33698E-01
  7.44141E-01  9.31222E-01
  7.48047E-01  9.28754E-01
  7.51953E-01  9.26295E-01
  7.55859E-01  9.23844E-01
  7.59766E-01  9.21402E-01
  7.63672E-01  9.18968E-01
  7.67578E-01  9.16543E-01
  7.71484E-01  9.14125E-01
  7.75391E-01  9.11717E-01
  7.79297E-01  9.09316E-01
  7.83203E-01  9.06924E-01
  7.87109E-01  9.04540E-01
  7.91016E-01  9.02164E-01
  7.94922E-01  8.99796E-01
  7.98828E-01  8.97436E-01
  8.02734E-01  8.95084E-01
  8.06641E-01  8.92741E-01
  8.10547E-01  8.90405E-01
  8.14453E-01  8.88077E-01
  8.18359E-01  8.85757E-01
  8.22266E-01  8.83445E-01
  8.26172E-01  8.81141E-01
  8.30078E-01  8.78844E-01
  8.33984E-01  8.76556E-01
  8.37891E-01  8.74275E-01
  8.41797E-01  8.72002E-01
  8.45703E-01  8.69736E-01
  8.49609E-01  8.67478E-01
  8.53516E-01  8.65228E-01
  8.57422E-01  8.62986E-01
  8.61328E-01  8.60751E-01
  8.65234E-01  8.58524E-01
  8.69141E-01  8.56304E-01
  8.73047E-01  8.54091E-01
  8.76953E-01  8.51886E-01
  8.80859E-01  8.49688E-01
  8.84766E-01  8.47497E-01
  8.88672E-01  8.45314E-01
  8.92578E-01  8.43138E-01
  8.96484E-01  8.40970E-01
  9.00391E-01  8.38809E-01
  9.04297E-01  8.36655E-01
  9.08203E-01  8.34508E-01
  9.12109E-01  8.32368E-01
  9.16016E-01  8.30236E-01
  9.19922E-01  8.28110E-01
  9.23828E-01  8.25992E-01
  9.27734E-01  8.23880E-01
  9.31641E-01  8.21776E-01
  9.35547E-01  8.19678E-01
  9.39453E-01  8.17588E-01
  9.43359E-01  8.15505E-01
  9.47266E-01  8.13428E-01
  9.51172E-01  8.11358E-01
  9.55078E-01  8.09295E-01
  9.58984E-01  8.07239E-01
  9.62891E-01  8.05189E-01
  9.66797E-01  8.03146E-01
  9.70703E-01  8.01105E-01
  9.74609E-01  7.99057E-01
  9.78516E-01  7.96983E-01
  9.82422E-01  7.94846E-01
  9.86328E-01  7.92587E-01
  9.90234E-01  7.90124E-01
  9.94141E-01  7.87385E-01
  9.98047E-01  7.84424E-01
  1.00195E+00  7.84427E-01
