 -1.95312E-03  2.16580E+00
  1.95312E-03  2.16648E+00
  5.85938E-03  2.16111E+00
  9.76562E-03  2.15527E+00
  1.36719E-02  2.14851E+00
  1.75781E-02  2.14091E+00
  2.14844E-02  2.13255E+00
  2.53906E-02  2.12358E+00
  2.92969E-02  2.11410E+00
  3.32031E-02  2.10421E+00
  3.71094E-02  2.09402E+00
  4.10156E-02  2.08360E+00
  4.49219E-02  2.07301E+00
  4.88281E-02  2.06231E+00
  5.27344E-02  2.05154E+00
  5.66406E-02  2.04074E+00
  6.05469E-02  2.02992E+00
  6.44531E-02  2.01911E+00
  6.83594E-02  2.00832E+00
  7.22656E-02  1.99756E+00
  7.61719E-02  1.98685E+00
  8.00781E-02  1.97618E+00
  8.39844E-02  1.96556E+00
  8.78906E-02  1.95500E+00
  9.17969E-02  1.94449E+00
  9.57031E-02  1.93404E+00
  9.96094E-02  1.92365E+00
  1.03516E-01  1.91333E+00
  1.07422E-01  1.90307E+00
  1.11328E-01  1.89287E+00
  1.15234E-01  1.88273E+00
  1.19141E-01  1.87267E+00
  1.23047E-01  1.86266E+00
  1.26953E-01  1.85272E+00
  1.30859E-01  1.84284E+00
  1.34766E-01  1.83303E+00
  1.38672E-01  1.82329E+00
  1.42578E-01  1.81361E+00
  1.46484E-01  1.80399E+00
  1.50391E-01  1.79444E+00
  1.54297E-01  1.78495E+00
  1.58203E-01  1.77552E+00
  1.62109E-01  1.76616E+00
  1.66016E-01  1.75686E+00
  1.69922E-01  1.74762E+00
  1.73828E-01  1.73845E+00
  1.77734E-01  1.72934E+00
  1.81641E-01  1.72028E+00
  1.85547E-01  1.71129E+00
  1.89453E-01  1.70236E+00
  1.93359E-01  1.69349E+00
  1.97266E-01  1.68468E+00
  2.01172E-01  1.67593E+00
  2.05078E-01  1.66724E+00
  2.08984E-01  1.65861E+00
  2.12891E-01  1.65003E+00
  2.16797E-01  1.64152E+00
  2.20703E-01  1.63305E+00
  2.24609E-01  1.62465E+00
  2.28516E-01  1.61630E+00
  2.32422E-01  1.60801E+00
  2.36328E-01  1.59978E+00
  2.40234E-01  1.59160E+00
  2.44141E-01  1.58347E+00
  2.48047E-01  1.57540E+00
  2.51953E-01  1.56738E+00
  2.55859E-01  1.55941E+00
  2.59766E-01  1.55150E+00
  2.63672E-01  1.54364E+00
  2.67578E-01  1.53583E+00
  2.71484E-01  1.52808E+00
  2.75391E-01  1.52037E+00
  2.79297E-01  1.51272E+00
  2.83203E-01  1.50512E+00
  2.87109E-01  1.49756E+00
  2.91016E-01  1.49006E+00
  2.94922E-01  1.48261E+00
  2.98828E-01  1.47520E+00
  3.02734E-01  1.46785E+00
  3.06641E-01  1.46054E+00
  3.10547E-01  1.45328E+00
  3.14453E-01  1.44606E+00
  3.18359E-01  1.43890E+00
  3.22266E-01  1.43178E+00
  3.26172E-01  1.42470E+00
  3.30078E-01  1.41768E+00
  3.33984E-01  1.41069E+00
  3.37891E-01  1.40376E+00
  3.41797E-01  1.39687E+00
  3.45703E-01  1.39002E+00
  3.49609E-01  1.38322E+00
  3.53516E-01  1.37646E+00
  3.57422E-01  1.36974E+00
  3.61328E-01  1.36307E+00
  3.65234E-01  1.35644E+00
  3.69141E-01  1.34985E+00
  3.73047E-01  1.34331E+00
  3.76953E-01  1.33680E+00
  3.80859E-01  1.33034E+00
  3.84766E-01  1.32392E+00
  3.88672E-01  1.31754E+00
  3.92578E-01  1.31120E+00
  3.96484E-01  1.30490E+00
  4.00391E-01  1.29864E+00
  4.04297E-01  1.29242E+00
  4.08203E-01  1.28624E+00
  4.12109E-01  1.28009E+00
  4.16016E-01  1.27399E+00
  4.19922E-01  1.26793E+00
  4.23828E-01  1.26190E+00
  4.27734E-01  1.25591E+00
  4.31641E-01  1.24996E+00
  4.35547E-01  1.24404E+00
  4.39453E-01  1.23816E+00
  4.43359E-01  1.23232E+00
  4.47266E-01  1.22652E+00
  4.51172E-01  1.22075E+00
  4.55078E-01  1.21501E+00
  4.58984E-01  1.20932E+00
  4.62891E-01  1.20365E+00
  4.66797E-01  1.19803E+00
  4.70703E-01  1.19243E+00
  4.74609E-01  1.18688E+00
  4.78516E-01  1.18135E+00
  4.82422E-01  1.17586E+00
  4.86328E-01  1.17040E+00
  4.90234E-01  1.16498E+00
  4.94141E-01  1.15959E+00
  4.98047E-01  1.15423E+00
  5.01953E-01  1.14890E+00
  5.05859E-01  1.14361E+00
  5.09766E-01  1.13835E+00
  5.13672E-01  1.13312E+00
  5.17578E-01  1.12793E+00
  5.21484E-01  1.12276E+00
  5.25391E-01  1.11763E+00
  5.29297E-01  1.11252E+00
  5.33203E-01  1.10745E+00
  5.37109E-01  1.10241E+00
  5.41016E-01  1.09740E+00
  5.44922E-01  1.09242E+00
  5.48828E-01  1.08746E+00
  5.52734E-01  1.08254E+00
  5.56641E-01  1.07765E+00
  5.60547E-01  1.07278E+00
  5.64453E-01  1.06795E+00
  5.68359E-01  1.06314E+00
  5.72266E-01  1.05836E+00
  5.76172E-01  1.05361E+00
  5.80078E-01  1.04889E+00
  5.83984E-01  1.04420E+00
  5.87891E-01  1.03953E+00
  5.91797E-01  1.03489E+00
  5.95703E-01  1.03028E+00
  5.99609E-01  1.02570E+00
  6.03516E-01  1.02114E+00
  6.07422E-01  1.01661E+00
  6.11328E-01  1.01211E+00
  6.15234E-01  1.00763E+00
  6.19141E-01  1.00318E+00
  6.23047E-01  9.98755E-01
  6.26953E-01  9.94355E-01
  6.30859E-01  9.89981E-01
  6.34766E-01  9.85632E-01
  6.38672E-01  9.81308E-01
  6.42578E-01  9.77009E-01
  6.46484E-01  9.72735E-01
  6.50391E-01  9.68487E-01
  6.54297E-01  9.64262E-01
  6.58203E-01  9.60062E-01
  6.62109E-01  9.55886E-01
  6.66016E-01  9.51733E-01
  6.69922E-01  9.47605E-01
  6.73828E-01  9.43500E-01
  6.77734E-01  9.39418E-01
  6.81641E-01  9.35360E-01
  6.85547E-01  9.31324E-01
  6.89453E-01  9.27312E-01
  6.93359E-01  9.23323E-01
  6.97266E-01  9.19356E-01
  7.01172E-01  9.15412E-01
  7.05078E-01  9.11490E-01
  7.08984E-01  9.07590E-01
  7.12891E-01  9.03712E-01
  7.16797E-01  8.99856E-01
  7.20703E-01  8.96022E-01
  7.24609E-01  8.92209E-01
  7.28516E-01  8.88418E-01
  7.32422E-01  8.84648E-01
  7.36328E-01  8.80899E-01
  7.40234E-01  8.77172E-01
  7.44141E-01  8.73464E-01
  7.48047E-01  8.69778E-01
  7.51953E-01  8.66111E-01
  7.55859E-01  8.62465E-01
  7.59766E-01  8.58840E-01
  7.63672E-01  8.55235E-01
  7.67578E-01  8.51649E-01
  7.71484E-01  8.48084E-01
  7.75391E-01  8.44538E-01
  7.79297E-01  8.41011E-01
  7.83203E-01  8.37504E-01
  7.87109E-01  8.34016E-01
  7.91016E-01  8.30548E-01
  7.94922E-01  8.27098E-01
  7.98828E-01  8.23667E-01
  8.02734E-01  8.20255E-01
  8.06641E-01  8.16862E-01
  8.10547E-01  8.13487E-01
  8.14453E-01  8.10131E-01
  8.18359E-01  8.06792E-01
  8.22266E-01  8.03473E-01
  8.26172E-01  8.00171E-01
  8.30078E-01  7.96886E-01
  8.33984E-01  7.93620E-01
  8.37891E-01  7.90371E-01
  8.41797E-01  7.87140E-01
  8.45703E-01  7.83927E-01
  8.49609E-01  7.80730E-01
  8.53516E-01  7.77551E-01
  8.57422E-01  7.74389E-01
  8.61328E-01  7.71242E-01
  8.65234E-01  7.68114E-01
  8.69141E-01  7.65002E-01
  8.73047E-01  7.61908E-01
  8.76953E-01  7.58829E-01
  8.80859E-01  7.55767E-01
  8.84766E-01  7.52721E-01
  8.88672E-01  7.49691E-01
  8.92578E-01  7.46677E-01
  8.96484E-01  7.43679E-01
  9.00391E-01  7.40697E-01
  9.04297E-01  7.37731E-01
  9.08203E-01  7.34780E-01
  9.12109E-01  7.31845E-01
  9.16016E-01  7.28926E-01
  9.19922E-01  7.26021E-01
  9.23828E-01  7.23132E-01
  9.27734E-01  7.20259E-01
  9.31641E-01  7.17400E-01
  9.35547E-01  7.14556E-01
  9.39453E-01  7.11727E-01
  9.43359E-01  7.08912E-01
  9.47266E-01  7.06113E-01
  9.51172E-01  7.03327E-01
  9.55078E-01  7.00556E-01
  9.58984E-01  6.97798E-01
  9.62891E-01  6.95052E-01
  9.66797E-01  6.92313E-01
  9.70703E-01  6.89568E-01
  9.74609E-01  6.86805E-01
  9.78516E-01  6.84001E-01
  9.82422E-01  6.81128E-01
  9.86328E-01  6.78156E-01
  9.90234E-01  6.75064E-01
  9.94141E-01  6.71859E-01
  9.98047E-01  6.68802E-01
  1.00195E+00  6.68813E-01
