 -1.95312E-03  1.04169E+00
  1.95312E-03  1.04218E+00
  5.85938E-03  1.04085E+00
  9.76562E-03  1.04032E+00
  1.36719E-02  1.03996E+00
  1.75781E-02  1.03965E+00
  2.14844E-02  1.03937E+00
  2.53906E-02  1.03910E+00
  2.92969E-02  1.03884E+00
  3.32031E-02  1.03858E+00
  3.71094E-02  1.03833E+00
  4.10156E-02  1.03808E+00
  4.49219E-02  1.03783E+00
  4.88281E-02  1.03758E+00
  5.27344E-02  1.03733E+00
  5.66406E-02  1.03708E+00
  6.05469E-02  1.03684E+00
  6.44531E-02  1.03659E+00
  6.83594E-02  1.03635E+00
  7.22656E-02  1.03610E+00
  7.61719E-02  1.03586E+00
  8.00781E-02  1.03562E+00
  8.39844E-02  1.03537E+00
  8.78906E-02  1.03513E+00
  9.17969E-02  1.03489E+00
  9.57031E-02  1.03465E+00
  9.96094E-02  1.03440E+00
  1.03516E-01  1.03416E+00
  1.07422E-01  1.03392E+00
  1.11328E-01  1.03368E+00
  1.15234E-01  1.03343E+00
  1.19141E-01  1.03319E+00
  1.23047E-01  1.03295E+00
  1.26953E-01  1.03271E+00
  1.30859E-01  1.03247E+00
  1.34766E-01  1.03223E+00
  1.38672E-01  1.03199E+00
  1.42578E-01  1.03175E+00
  1.46484E-01  1.03150E+00
  1.50391E-01  1.03126E+00
  1.54297E-01  1.03102E+00
  1.58203E-01  1.03078E+00
  1.62109E-01  1.03054E+00
  1.66016E-01  1.03030E+00
  1.69922E-01  1.03006E+00
  1.73828E-01  1.02982E+00
  1.77734E-01  1.02958E+00
  1.81641E-01  1.02934E+00
  1.85547E-01  1.02910E+00
  1.89453E-01  1.02886E+00
  1.93359E-01  1.02862E+00
  1.97266E-01  1.02838E+00
  2.01172E-01  1.02814E+00
  2.05078E-01  1.02790E+00
  2.08984E-01  1.02766E+00
  2.12891E-01  1.02742E+00
  2.16797E-01  1.02718E+00
  2.20703E-01  1.02694E+00
  2.24609E-01  1.02670E+00
  2.28516E-01  1.02646E+00
  2.32422E-01  1.02622E+00
  2.36328E-01  1.02598E+00
  2.40234E-01  1.02574E+00
  2.44141E-01  1.02550E+00
  2.48047E-01  1.02526E+00
  2.51953E-01  1.02503E+00
  2.55859E-01  1.02479E+00
  2.59766E-01  1.02455E+00
  2.63672E-01  1.02431E+00
  2.67578E-01  1.02407E+00
  2.71484E-01  1.02383E+00
  2.75391E-01  1.02359E+00
  2.79297E-01  1.02335E+00
  2.83203E-01  1.02311E+00
  2.87109E-01  1.02287E+00
  2.91016E-01  1.02264E+00
  2.94922E-01  1.02240E+00
  2.98828E-01  1.02216E+00
  3.02734E-01  1.02192E+00
  3.06641E-01  1.02168E+00
  3.10547E-01  1.02144E+00
  3.14453E-01  1.02121E+00
  3.18359E-01  1.02097E+00
  3.22266E-01  1.02073E+00
  3.26172E-01  1.02049E+00
  3.30078E-01  1.02025E+00
  3.33984E-01  1.02001E+00
  3.37891E-01  1.01978E+00
  3.41797E-01  1.01954E+00
  3.45703E-01  1.01930E+00
  3.49609E-01  1.01906E+00
  3.53516E-01  1.01882E+00
  3.57422E-01  1.01859E+00
  3.61328E-01  1.01835E+00
  3.65234E-01  1.01811E+00
  3.69141E-01  1.01787E+00
  3.73047E-01  1.01764E+00
  3.76953E-01  1.01740E+00
  3.80859E-01  1.01716E+00
  3.84766E-01  1.01692E+00
  3.88672E-01  1.01669E+00
  3.92578E-01  1.01645E+00
  3.96484E-01  1.01621E+00
  4.00391E-01  1.01597E+00
  4.04297E-01  1.01574E+00
  4.08203E-01  1.01550E+00
  4.12109E-01  1.01526E+00
  4.16016E-01  1.01503E+00
  4.19922E-01  1.01479E+00
  4.23828E-01  1.01455E+00
  4.27734E-01  1.01432E+00
  4.31641E-01  1.01408E+00
  4.35547E-01  1.01384E+00
  4.39453E-01  1.01361E+00
  4.43359E-01  1.01337E+00
  4.47266E-01  1.01313E+00
  4.51172E-01  1.01290E+00
  4.55078E-01  1.01266E+00
  4.58984E-01  1.01242E+00
  4.62891E-01  1.01219E+00
  4.66797E-01  1.01195E+00
  4.70703E-01  1.01171E+00
  4.74609E-01  1.01148E+00
  4.78516E-01  1.01124E+00
  4.82422E-01  1.01100E+00
  4.86328E-01  1.01077E+00
  4.90234E-01  1.01053E+00
  4.94141E-01  1.01030E+00
  4.98047E-01  1.01006E+00
  5.01953E-01  1.00982E+00
  5.05859E-01  1.00959E+00
  5.09766E-01  1.00935E+00
  5.13672E-01  1.00912E+00
  5.17578E-01  1.00888E+00
  5.21484E-01  1.00865E+00
  5.25391E-01  1.00841E+00
  5.29297E-01  1.00817E+00
  5.33203E-01  1.00794E+00
  5.37109E-01  1.00770E+00
  5.41016E-01  1.00747E+00
  5.44922E-01  1.00723E+00
  5.48828E-01  1.00700E+00
  5.52734E-01  1.00676E+00
  5.56641E-01  1.00653E+00
  5.60547E-01  1.00629E+00
  5.64453E-01  1.00606E+00
  5.68359E-01  1.00582E+00
  5.72266E-01  1.00559E+00
  5.76172E-01  1.00535E+00
  5.80078E-01  1.00512E+00
  5.83984E-01  1.00488E+00
  5.87891E-01  1.00465E+00
  5.91797E-01  1.00441E+00
  5.95703E-01  1.00418E+00
  5.99609E-01  1.00394E+00
  6.03516E-01  1.00371E+00
  6.07422E-01  1.00347E+00
  6.11328E-01  1.00324E+00
  6.15234E-01  1.00300E+00
  6.19141E-01  1.00277E+00
  6.23047E-01  1.00253E+00
  6.26953E-01  1.00230E+00
  6.30859E-01  1.00207E+00
  6.34766E-01  1.00183E+00
  6.38672E-01  1.00160E+00
  6.42578E-01  1.00136E+00
  6.46484E-01  1.00113E+00
  6.50391E-01  1.00089E+00
  6.54297E-01  1.00066E+00
  6.58203E-01  1.00043E+00
  6.62109E-01  1.00019E+00
  6.66016E-01  9.99958E-01
  6.69922E-01  9.99724E-01
  6.73828E-01  9.99490E-01
  6.77734E-01  9.99257E-01
  6.81641E-01  9.99023E-01
  6.85547E-01  9.98789E-01
  6.89453E-01  9.98556E-01
  6.93359E-01  9.98322E-01
  6.97266E-01  9.98088E-01
  7.01172E-01  9.97855E-01
  7.05078E-01  9.97621E-01
  7.08984E-01  9.97388E-01
  7.12891E-01  9.97155E-01
  7.16797E-01  9.96921E-01
  7.20703E-01  9.96688E-01
  7.24609E-01  9.96455E-01
  7.28516E-01  9.96222E-01
  7.32422E-01  9.95989E-01
  7.36328E-01  9.95756E-01
  7.40234E-01  9.95522E-01
  7.44141E-01  9.95290E-01
  7.48047E-01  9.95057E-01
  7.51953E-01  9.94824E-01
  7.55859E-01  9.94591E-01
  7.59766E-01  9.94358E-01
  7.63672E-01  9.94125E-01
  7.67578E-01  9.93893E-01
  7.71484E-01  9.93660E-01
  7.75391E-01  9.93427E-01
  7.79297E-01  9.93195E-01
  7.83203E-01  9.92962E-01
  7.87109E-01  9.92730E-01
  7.91016E-01  9.92498E-01
  7.94922E-01  9.92265E-01
  7.98828E-01  9.92033E-01
  8.02734E-01  9.91801E-01
  8.06641E-01  9.91568E-01
  8.10547E-01  9.91336E-01
  8.14453E-01  9.91104E-01
  8.18359E-01  9.90872E-01
  8.22266E-01  9.90640E-01
  8.26172E-01  9.90408E-01
  8.30078E-01  9.90176E-01
  8.33984E-01  9.89944E-01
  8.37891E-01  9.89712E-01
  8.41797E-01  9.89480E-01
  8.45703E-01  9.89249E-01
  8.49609E-01  9.89017E-01
  8.53516E-01  9.88786E-01
  8.57422E-01  9.88554E-01
  8.61328E-01  9.88322E-01
  8.65234E-01  9.88091E-01
  8.69141E-01  9.87859E-01
  8.73047E-01  9.87628E-01
  8.76953E-01  9.87396E-01
  8.80859E-01  9.87165E-01
  8.84766E-01  9.86934E-01
  8.88672E-01  9.86703E-01
  8.92578E-01  9.86472E-01
  8.96484E-01  9.86240E-01
  9.00391E-01  9.86009E-01
  9.04297E-01  9.85778E-01
  9.08203E-01  9.85547E-01
  9.12109E-01  9.85316E-01
  9.16016E-01  9.85085E-01
  9.19922E-01  9.84854E-01
  9.23828E-01  9.84624E-01
  9.27734E-01  9.84393E-01
  9.31641E-01  9.84162E-01
  9.35547E-01  9.83932E-01
  9.39453E-01  9.83701E-01
  9.43359E-01  9.83470E-01
  9.47266E-01  9.83240E-01
  9.51172E-01  9.83009E-01
  9.55078E-01  9.82779E-01
  9.58984E-01  9.82548E-01
  9.62891E-01  9.82318E-01
  9.66797E-01  9.82088E-01
  9.70703E-01  9.81858E-01
  9.74609E-01  9.81627E-01
  9.78516E-01  9.81397E-01
  9.82422E-01  9.81167E-01
  9.86328E-01  9.80936E-01
  9.90234E-01  9.80699E-01
  9.94141E-01  9.80402E-01
  9.98047E-01  9.79374E-01
  1.00195E+00  9.79587E-01
