 -1.95312E-03  8.05276E+00
  1.95312E-03  8.05371E+00
  5.85938E-03  8.04878E+00
  9.76562E-03  8.04371E+00
  1.36719E-02  8.03790E+00
  1.75781E-02  8.03127E+00
  2.14844E-02  8.02382E+00
  2.53906E-02  8.01553E+00
  2.92969E-02  8.00640E+00
  3.32031E-02  7.99643E+00
  3.71094E-02  7.98562E+00
  4.10156E-02  7.97397E+00
  4.49219E-02  7.96148E+00
  4.88281E-02  7.94816E+00
  5.27344E-02  7.93400E+00
  5.66406E-02  7.91900E+00
  6.05469E-02  7.90316E+00
  6.44531E-02  7.88648E+00
  6.83594E-02  7.86896E+00
  7.22656E-02  7.85058E+00
  7.61719E-02  7.83137E+00
  8.00781E-02  7.81129E+00
  8.39844E-02  7.79036E+00
  8.78906E-02  7.76857E+00
  9.17969E-02  7.74591E+00
  9.57031E-02  7.72238E+00
  9.96094E-02  7.69797E+00
  1.03516E-01  7.67267E+00
  1.07422E-01  7.64648E+00
  1.11328E-01  7.61939E+00
  1.15234E-01  7.59138E+00
  1.19141E-01  7.56246E+00
  1.23047E-01  7.53260E+00
  1.26953E-01  7.50180E+00
  1.30859E-01  7.47005E+00
  1.34766E-01  7.43733E+00
  1.38672E-01  7.40363E+00
  1.42578E-01  7.36894E+00
  1.46484E-01  7.33324E+00
  1.50391E-01  7.29650E+00
  1.54297E-01  7.25872E+00
  1.58203E-01  7.21988E+00
  1.62109E-01  7.17995E+00
  1.66016E-01  7.13891E+00
  1.69922E-01  7.09674E+00
  1.73828E-01  7.05341E+00
  1.77734E-01  7.00891E+00
  1.81641E-01  6.96319E+00
  1.85547E-01  6.91622E+00
  1.89453E-01  6.86798E+00
  1.93359E-01  6.81843E+00
  1.97266E-01  6.76754E+00
  2.01172E-01  6.71525E+00
  2.05078E-01  6.66154E+00
  2.08984E-01  6.60634E+00
  2.12891E-01  6.54962E+00
  2.16797E-01  6.49132E+00
  2.20703E-01  6.43137E+00
  2.24609E-01  6.36972E+00
  2.28516E-01  6.30629E+00
  2.32422E-01  6.24101E+00
  2.36328E-01  6.17378E+00
  2.40234E-01  6.10454E+00
  2.44141E-01  6.03317E+00
  2.48047E-01  5.95957E+00
  2.51953E-01  5.88361E+00
  2.55859E-01  5.80516E+00
  2.59766E-01  5.72409E+00
  2.63672E-01  5.64022E+00
  2.67578E-01  5.55337E+00
  2.71484E-01  5.46333E+00
  2.75391E-01  5.36986E+00
  2.79297E-01  5.27269E+00
  2.83203E-01  5.17153E+00
  2.87109E-01  5.06601E+00
  2.91016E-01  4.95573E+00
  2.94922E-01  4.84017E+00
  2.98828E-01  4.71878E+00
  3.02734E-01  4.59083E+00
  3.06641E-01  4.45546E+00
  3.10547E-01  4.31158E+00
  3.14453E-01  4.15777E+00
  3.18359E-01  3.99215E+00
  3.22266E-01  3.81202E+00
  3.26172E-01  3.61294E+00
  3.30078E-01  3.38605E+00
  3.33984E-01  3.11118E+00
  3.37891E-01  2.75355E+00
  3.41797E-01  2.31021E+00
  3.45703E-01  1.88360E+00
  3.49609E-01  1.61759E+00
  3.53516E-01  1.48891E+00
  3.57422E-01  1.42463E+00
  3.61328E-01  1.38103E+00
  3.65234E-01  1.34371E+00
  3.69141E-01  1.30888E+00
  3.73047E-01  1.27567E+00
  3.76953E-01  1.24381E+00
  3.80859E-01  1.21308E+00
  3.84766E-01  1.18348E+00
  3.88672E-01  1.15498E+00
  3.92578E-01  1.12752E+00
  3.96484E-01  1.10101E+00
  4.00391E-01  1.07548E+00
  4.04297E-01  1.05079E+00
  4.08203E-01  1.02695E+00
  4.12109E-01  1.00394E+00
  4.16016E-01  9.81614E-01
  4.19922E-01  9.59867E-01
  4.23828E-01  9.38867E-01
  4.27734E-01  9.18548E-01
  4.31641E-01  8.98739E-01
  4.35547E-01  8.79449E-01
  4.39453E-01  8.60709E-01
  4.43359E-01  8.42505E-01
  4.47266E-01  8.24834E-01
  4.51172E-01  8.07685E-01
  4.55078E-01  7.91071E-01
  4.58984E-01  7.75095E-01
  4.62891E-01  7.59585E-01
  4.66797E-01  7.44404E-01
  4.70703E-01  7.29592E-01
  4.74609E-01  7.15122E-01
  4.78516E-01  7.01063E-01
  4.82422E-01  6.87419E-01
  4.86328E-01  6.74096E-01
  4.90234E-01  6.61099E-01
  4.94141E-01  6.48461E-01
  4.98047E-01  6.36161E-01
  5.01953E-01  6.24152E-01
  5.05859E-01  6.12442E-01
  5.09766E-01  6.01037E-01
  5.13672E-01  5.89922E-01
  5.17578E-01  5.79069E-01
  5.21484E-01  5.68484E-01
  5.25391E-01  5.58163E-01
  5.29297E-01  5.48092E-01
  5.33203E-01  5.38260E-01
  5.37109E-01  5.28664E-01
  5.41016E-01  5.19299E-01
  5.44922E-01  5.10152E-01
  5.48828E-01  5.01222E-01
  5.52734E-01  4.92499E-01
  5.56641E-01  4.83977E-01
  5.60547E-01  4.75653E-01
  5.64453E-01  4.67520E-01
  5.68359E-01  4.59572E-01
  5.72266E-01  4.51802E-01
  5.76172E-01  4.44209E-01
  5.80078E-01  4.36783E-01
  5.83984E-01  4.29526E-01
  5.87891E-01  4.22427E-01
  5.91797E-01  4.15484E-01
  5.95703E-01  4.08693E-01
  5.99609E-01  4.02047E-01
  6.03516E-01  3.95544E-01
  6.07422E-01  3.89183E-01
  6.11328E-01  3.82962E-01
  6.15234E-01  3.76875E-01
  6.19141E-01  3.70910E-01
  6.23047E-01  3.65072E-01
  6.26953E-01  3.59359E-01
  6.30859E-01  3.53761E-01
  6.34766E-01  3.48278E-01
  6.38672E-01  3.42913E-01
  6.42578E-01  3.37655E-01
  6.46484E-01  3.32503E-01
  6.50391E-01  3.27457E-01
  6.54297E-01  3.22511E-01
  6.58203E-01  3.17666E-01
  6.62109E-01  3.12922E-01
  6.66016E-01  3.08266E-01
  6.69922E-01  3.03705E-01
  6.73828E-01  2.99230E-01
  6.77734E-01  2.94846E-01
  6.81641E-01  2.90543E-01
  6.85547E-01  2.86328E-01
  6.89453E-01  2.82196E-01
  6.93359E-01  2.78138E-01
  6.97266E-01  2.74159E-01
  7.01172E-01  2.70259E-01
  7.05078E-01  2.66427E-01
  7.08984E-01  2.62672E-01
  7.12891E-01  2.58986E-01
  7.16797E-01  2.55370E-01
  7.20703E-01  2.51817E-01
  7.24609E-01  2.48333E-01
  7.28516E-01  2.44913E-01
  7.32422E-01  2.41554E-01
  7.36328E-01  2.38254E-01
  7.40234E-01  2.35017E-01
  7.44141E-01  2.31837E-01
  7.48047E-01  2.28716E-01
  7.51953E-01  2.25650E-01
  7.55859E-01  2.22638E-01
  7.59766E-01  2.19681E-01
  7.63672E-01  2.16773E-01
  7.67578E-01  2.13917E-01
  7.71484E-01  2.11112E-01
  7.75391E-01  2.08355E-01
  7.79297E-01  2.05649E-01
  7.83203E-01  2.02984E-01
  7.87109E-01  2.00373E-01
  7.91016E-01  1.97798E-01
  7.94922E-01  1.95267E-01
  7.98828E-01  1.92784E-01
  8.02734E-01  1.90350E-01
  8.06641E-01  1.87942E-01
  8.10547E-01  1.85573E-01
  8.14453E-01  1.83255E-01
  8.18359E-01  1.80974E-01
  8.22266E-01  1.78725E-01
  8.26172E-01  1.76506E-01
  8.30078E-01  1.74339E-01
  8.33984E-01  1.72207E-01
  8.37891E-01  1.70096E-01
  8.41797E-01  1.68022E-01
  8.45703E-01  1.65987E-01
  8.49609E-01  1.63989E-01
  8.53516E-01  1.62011E-01
  8.57422E-01  1.60062E-01
  8.61328E-01  1.58158E-01
  8.65234E-01  1.56276E-01
  8.69141E-01  1.54419E-01
  8.73047E-01  1.52593E-01
  8.76953E-01  1.50801E-01
  8.80859E-01  1.49031E-01
  8.84766E-01  1.47283E-01
  8.88672E-01  1.45569E-01
  8.92578E-01  1.43881E-01
  8.96484E-01  1.42222E-01
  9.00391E-01  1.40574E-01
  9.04297E-01  1.38957E-01
  9.08203E-01  1.37367E-01
  9.12109E-01  1.35798E-01
  9.16016E-01  1.34248E-01
  9.19922E-01  1.32728E-01
  9.23828E-01  1.31233E-01
  9.27734E-01  1.29755E-01
  9.31641E-01  1.28290E-01
  9.35547E-01  1.26856E-01
  9.39453E-01  1.25442E-01
  9.43359E-01  1.24045E-01
  9.47266E-01  1.22666E-01
  9.51172E-01  1.21313E-01
  9.55078E-01  1.19980E-01
  9.58984E-01  1.18658E-01
  9.62891E-01  1.17355E-01
  9.66797E-01  1.16077E-01
  9.70703E-01  1.14809E-01
  9.74609E-01  1.13551E-01
  9.78516E-01  1.12313E-01
  9.82422E-01  1.11089E-01
  9.86328E-01  1.09869E-01
  9.90234E-01  1.08657E-01
  9.94141E-01  1.07597E-01
  9.98047E-01  1.07124E-01
  1.00195E+00  1.07124E-01
