 -1.95312E-03  9.11185E+00
  1.95312E-03  9.11326E+00
  5.85938E-03  9.10841E+00
  9.76562E-03  9.10364E+00
  1.36719E-02  9.09829E+00
  1.75781E-02  9.09227E+00
  2.14844E-02  9.08557E+00
  2.53906E-02  9.07817E+00
  2.92969E-02  9.07009E+00
  3.32031E-02  9.06132E+00
  3.71094E-02  9.05185E+00
  4.10156E-02  9.04170E+00
  4.49219E-02  9.03086E+00
  4.88281E-02  9.01933E+00
  5.27344E-02  9.00712E+00
  5.66406E-02  8.99423E+00
  6.05469E-02  8.98064E+00
  6.44531E-02  8.96637E+00
  6.83594E-02  8.95141E+00
  7.22656E-02  8.93576E+00
  7.61719E-02  8.91943E+00
  8.00781E-02  8.90241E+00
  8.39844E-02  8.88470E+00
  8.78906E-02  8.86630E+00
  9.17969E-02  8.84721E+00
  9.57031E-02  8.82741E+00
  9.96094E-02  8.80692E+00
  1.03516E-01  8.78572E+00
  1.07422E-01  8.76382E+00
  1.11328E-01  8.74121E+00
  1.15234E-01  8.71789E+00
  1.19141E-01  8.69385E+00
  1.23047E-01  8.66908E+00
  1.26953E-01  8.64359E+00
  1.30859E-01  8.61736E+00
  1.34766E-01  8.59039E+00
  1.38672E-01  8.56268E+00
  1.42578E-01  8.53421E+00
  1.46484E-01  8.50498E+00
  1.50391E-01  8.47499E+00
  1.54297E-01  8.44421E+00
  1.58203E-01  8.41265E+00
  1.62109E-01  8.38029E+00
  1.66016E-01  8.34712E+00
  1.69922E-01  8.31313E+00
  1.73828E-01  8.27831E+00
  1.77734E-01  8.24265E+00
  1.81641E-01  8.20613E+00
  1.85547E-01  8.16875E+00
  1.89453E-01  8.13048E+00
  1.93359E-01  8.09131E+00
  1.97266E-01  8.05123E+00
  2.01172E-01  8.01021E+00
  2.05078E-01  7.96825E+00
  2.08984E-01  7.92530E+00
  2.12891E-01  7.88136E+00
  2.16797E-01  7.83640E+00
  2.20703E-01  7.79040E+00
  2.24609E-01  7.74334E+00
  2.28516E-01  7.69518E+00
  2.32422E-01  7.64589E+00
  2.36328E-01  7.59545E+00
  2.40234E-01  7.54382E+00
  2.44141E-01  7.49096E+00
  2.48047E-01  7.43684E+00
  2.51953E-01  7.38142E+00
  2.55859E-01  7.32464E+00
  2.59766E-01  7.26648E+00
  2.63672E-01  7.20686E+00
  2.67578E-01  7.14575E+00
  2.71484E-01  7.08307E+00
  2.75391E-01  7.01877E+00
  2.79297E-01  6.95277E+00
  2.83203E-01  6.88499E+00
  2.87109E-01  6.81537E+00
  2.91016E-01  6.74379E+00
  2.94922E-01  6.67016E+00
  2.98828E-01  6.59437E+00
  3.02734E-01  6.51629E+00
  3.06641E-01  6.43579E+00
  3.10547E-01  6.35272E+00
  3.14453E-01  6.26690E+00
  3.18359E-01  6.17814E+00
  3.22266E-01  6.08623E+00
  3.26172E-01  5.99091E+00
  3.30078E-01  5.89190E+00
  3.33984E-01  5.78887E+00
  3.37891E-01  5.68142E+00
  3.41797E-01  5.56909E+00
  3.45703E-01  5.45100E+00
  3.49609E-01  5.31963E+00
  3.53516E-01  5.04648E+00
  3.57422E-01  5.01539E-01
  3.61328E-01  4.27612E-01
  3.65234E-01  4.17215E-01
  3.69141E-01  4.04624E-01
  3.73047E-01  3.92926E-01
  3.76953E-01  3.81331E-01
  3.80859E-01  3.70523E-01
  3.84766E-01  3.59789E-01
  3.88672E-01  3.49774E-01
  3.92578E-01  3.39851E-01
  3.96484E-01  3.30566E-01
  4.00391E-01  3.21354E-01
  4.04297E-01  3.12759E-01
  4.08203E-01  3.04188E-01
  4.12109E-01  2.96167E-01
  4.16016E-01  2.88245E-01
  4.19922E-01  2.80776E-01
  4.23828E-01  2.73369E-01
  4.27734E-01  2.66427E-01
  4.31641E-01  2.59491E-01
  4.35547E-01  2.53036E-01
  4.39453E-01  2.46579E-01
  4.43359E-01  2.40492E-01
  4.47266E-01  2.34527E-01
  4.51172E-01  2.28765E-01
  4.55078E-01  2.23251E-01
  4.58984E-01  2.17803E-01
  4.62891E-01  2.12650E-01
  4.66797E-01  2.07544E-01
  4.70703E-01  2.02721E-01
  4.74609E-01  1.97926E-01
  4.78516E-01  1.93390E-01
  4.82422E-01  1.88868E-01
  4.86328E-01  1.84607E-01
  4.90234E-01  1.80393E-01
  4.94141E-01  1.76365E-01
  4.98047E-01  1.72423E-01
  5.01953E-01  1.68621E-01
  5.05859E-01  1.64880E-01
  5.09766E-01  1.61293E-01
  5.13672E-01  1.57800E-01
  5.17578E-01  1.54401E-01
  5.21484E-01  1.51100E-01
  5.25391E-01  1.47900E-01
  5.29297E-01  1.44784E-01
  5.33203E-01  1.41759E-01
  5.37109E-01  1.38816E-01
  5.41016E-01  1.35958E-01
  5.44922E-01  1.33171E-01
  5.48828E-01  1.30463E-01
  5.52734E-01  1.27851E-01
  5.56641E-01  1.25272E-01
  5.60547E-01  1.22732E-01
  5.64453E-01  1.20287E-01
  5.68359E-01  1.17923E-01
  5.72266E-01  1.15620E-01
  5.76172E-01  1.13395E-01
  5.80078E-01  1.11240E-01
  5.83984E-01  1.09096E-01
  5.87891E-01  1.06972E-01
  5.91797E-01  1.04930E-01
  5.95703E-01  1.02933E-01
  5.99609E-01  1.00970E-01
  6.03516E-01  9.90871E-02
  6.07422E-01  9.72753E-02
  6.11328E-01  9.54819E-02
  6.15234E-01  9.37254E-02
  6.19141E-01  9.20384E-02
  6.23047E-01  9.03980E-02
  6.26953E-01  8.87752E-02
  6.30859E-01  8.71705E-02
  6.34766E-01  8.56199E-02
  6.38672E-01  8.41301E-02
  6.42578E-01  8.26749E-02
  6.46484E-01  8.12373E-02
  6.50391E-01  7.98236E-02
  6.54297E-01  7.84589E-02
  6.58203E-01  7.71455E-02
  6.62109E-01  7.58499E-02
  6.66016E-01  7.45601E-02
  6.69922E-01  7.32877E-02
  6.73828E-01  7.20434E-02
  6.77734E-01  7.08461E-02
  6.81641E-01  6.96795E-02
  6.85547E-01  6.85369E-02
  6.89453E-01  6.74121E-02
  6.93359E-01  6.63124E-02
  6.97266E-01  6.52416E-02
  7.01172E-01  6.42094E-02
  7.05078E-01  6.32030E-02
  7.08984E-01  6.22053E-02
  7.12891E-01  6.12143E-02
  7.16797E-01  6.02393E-02
  7.20703E-01  5.92843E-02
  7.24609E-01  5.83495E-02
  7.28516E-01  5.74346E-02
  7.32422E-01  5.65459E-02
  7.36328E-01  5.56757E-02
  7.40234E-01  5.48211E-02
  7.44141E-01  5.39874E-02
  7.48047E-01  5.31710E-02
  7.51953E-01  5.23628E-02
  7.55859E-01  5.15757E-02
  7.59766E-01  5.08009E-02
  7.63672E-01  5.00442E-02
  7.67578E-01  4.92987E-02
  7.71484E-01  4.85634E-02
  7.75391E-01  4.78437E-02
  7.79297E-01  4.71340E-02
  7.83203E-01  4.64436E-02
  7.87109E-01  4.57679E-02
  7.91016E-01  4.51076E-02
  7.94922E-01  4.44644E-02
  7.98828E-01  4.38323E-02
  8.02734E-01  4.32123E-02
  8.06641E-01  4.26065E-02
  8.10547E-01  4.20125E-02
  8.14453E-01  4.14267E-02
  8.18359E-01  4.08500E-02
  8.22266E-01  4.02892E-02
  8.26172E-01  3.97311E-02
  8.30078E-01  3.91883E-02
  8.33984E-01  3.86517E-02
  8.37891E-01  3.81284E-02
  8.41797E-01  3.76112E-02
  8.45703E-01  3.71053E-02
  8.49609E-01  3.66086E-02
  8.53516E-01  3.61218E-02
  8.57422E-01  3.56418E-02
  8.61328E-01  3.51693E-02
  8.65234E-01  3.47061E-02
  8.69141E-01  3.42508E-02
  8.73047E-01  3.38025E-02
  8.76953E-01  3.33616E-02
  8.80859E-01  3.29294E-02
  8.84766E-01  3.25041E-02
  8.88672E-01  3.20883E-02
  8.92578E-01  3.16778E-02
  8.96484E-01  3.12735E-02
  9.00391E-01  3.08771E-02
  9.04297E-01  3.04868E-02
  9.08203E-01  3.01027E-02
  9.12109E-01  2.97244E-02
  9.16016E-01  2.93511E-02
  9.19922E-01  2.89869E-02
  9.23828E-01  2.86274E-02
  9.27734E-01  2.82730E-02
  9.31641E-01  2.79260E-02
  9.35547E-01  2.75853E-02
  9.39453E-01  2.72472E-02
  9.43359E-01  2.69170E-02
  9.47266E-01  2.65910E-02
  9.51172E-01  2.62702E-02
  9.55078E-01  2.59537E-02
  9.58984E-01  2.56426E-02
  9.62891E-01  2.53393E-02
  9.66797E-01  2.50405E-02
  9.70703E-01  2.47493E-02
  9.74609E-01  2.44666E-02
  9.78516E-01  2.41912E-02
  9.82422E-01  2.39290E-02
  9.86328E-01  2.36804E-02
  9.90234E-01  2.34535E-02
  9.94141E-01  2.32662E-02
  9.98047E-01  2.31761E-02
  1.00195E+00  2.31761E-02
