 -1.95312E-03  9.00493E+00
  1.95312E-03  9.00532E+00
  5.85938E-03  9.00052E+00
  9.76562E-03  8.99571E+00
  1.36719E-02  8.99032E+00
  1.75781E-02  8.98425E+00
  2.14844E-02  8.97747E+00
  2.53906E-02  8.97000E+00
  2.92969E-02  8.96182E+00
  3.32031E-02  8.95294E+00
  3.71094E-02  8.94336E+00
  4.10156E-02  8.93307E+00
  4.49219E-02  8.92208E+00
  4.88281E-02  8.91038E+00
  5.27344E-02  8.89799E+00
  5.66406E-02  8.88490E+00
  6.05469E-02  8.87111E+00
  6.44531E-02  8.85662E+00
  6.83594E-02  8.84143E+00
  7.22656E-02  8.82554E+00
  7.61719E-02  8.80895E+00
  8.00781E-02  8.79165E+00
  8.39844E-02  8.77365E+00
  8.78906E-02  8.75495E+00
  9.17969E-02  8.73554E+00
  9.57031E-02  8.71541E+00
  9.96094E-02  8.69457E+00
  1.03516E-01  8.67301E+00
  1.07422E-01  8.65073E+00
  1.11328E-01  8.62773E+00
  1.15234E-01  8.60399E+00
  1.19141E-01  8.57952E+00
  1.23047E-01  8.55430E+00
  1.26953E-01  8.52834E+00
  1.30859E-01  8.50161E+00
  1.34766E-01  8.47413E+00
  1.38672E-01  8.44588E+00
  1.42578E-01  8.41685E+00
  1.46484E-01  8.38704E+00
  1.50391E-01  8.35645E+00
  1.54297E-01  8.32506E+00
  1.58203E-01  8.29285E+00
  1.62109E-01  8.25982E+00
  1.66016E-01  8.22596E+00
  1.69922E-01  8.19126E+00
  1.73828E-01  8.15570E+00
  1.77734E-01  8.11927E+00
  1.81641E-01  8.08196E+00
  1.85547E-01  8.04375E+00
  1.89453E-01  8.00463E+00
  1.93359E-01  7.96456E+00
  1.97266E-01  7.92355E+00
  2.01172E-01  7.88157E+00
  2.05078E-01  7.83860E+00
  2.08984E-01  7.79462E+00
  2.12891E-01  7.74960E+00
  2.16797E-01  7.70353E+00
  2.20703E-01  7.65637E+00
  2.24609E-01  7.60809E+00
  2.28516E-01  7.55867E+00
  2.32422E-01  7.50808E+00
  2.36328E-01  7.45627E+00
  2.40234E-01  7.40323E+00
  2.44141E-01  7.34889E+00
  2.48047E-01  7.29323E+00
  2.51953E-01  7.23620E+00
  2.55859E-01  7.17775E+00
  2.59766E-01  7.11782E+00
  2.63672E-01  7.05636E+00
  2.67578E-01  6.99331E+00
  2.71484E-01  6.92860E+00
  2.75391E-01  6.86216E+00
  2.79297E-01  6.79391E+00
  2.83203E-01  6.72376E+00
  2.87109E-01  6.65162E+00
  2.91016E-01  6.57739E+00
  2.94922E-01  6.50094E+00
  2.98828E-01  6.42215E+00
  3.02734E-01  6.34088E+00
  3.06641E-01  6.25697E+00
  3.10547E-01  6.17025E+00
  3.14453E-01  6.08050E+00
  3.18359E-01  5.98750E+00
  3.22266E-01  5.89100E+00
  3.26172E-01  5.79069E+00
  3.30078E-01  5.68623E+00
  3.33984E-01  5.57720E+00
  3.37891E-01  5.46314E+00
  3.41797E-01  5.34343E+00
  3.45703E-01  5.21690E+00
  3.49609E-01  5.07406E+00
  3.53516E-01  4.77554E+00
  3.57422E-01  6.55860E-01
  3.61328E-01  5.28958E-01
  3.65234E-01  5.14846E-01
  3.69141E-01  4.99534E-01
  3.73047E-01  4.85262E-01
  3.76953E-01  4.71108E-01
  3.80859E-01  4.57967E-01
  3.84766E-01  4.44888E-01
  3.88672E-01  4.32581E-01
  3.92578E-01  4.20644E-01
  3.96484E-01  4.09082E-01
  4.00391E-01  3.98112E-01
  4.04297E-01  3.87332E-01
  4.08203E-01  3.77137E-01
  4.12109E-01  3.67094E-01
  4.16016E-01  3.57584E-01
  4.19922E-01  3.48255E-01
  4.23828E-01  3.39392E-01
  4.27734E-01  3.30694E-01
  4.31641E-01  3.22405E-01
  4.35547E-01  3.14293E-01
  4.39453E-01  3.06527E-01
  4.43359E-01  2.98976E-01
  4.47266E-01  2.91693E-01
  4.51172E-01  2.84619E-01
  4.55078E-01  2.77792E-01
  4.58984E-01  2.71175E-01
  4.62891E-01  2.64774E-01
  4.66797E-01  2.58571E-01
  4.70703E-01  2.52550E-01
  4.74609E-01  2.46732E-01
  4.78516E-01  2.41084E-01
  4.82422E-01  2.35600E-01
  4.86328E-01  2.30285E-01
  4.90234E-01  2.25133E-01
  4.94141E-01  2.20126E-01
  4.98047E-01  2.15279E-01
  5.01953E-01  2.10571E-01
  5.05859E-01  2.05988E-01
  5.09766E-01  2.01545E-01
  5.13672E-01  1.97224E-01
  5.17578E-01  1.93034E-01
  5.21484E-01  1.88955E-01
  5.25391E-01  1.84992E-01
  5.29297E-01  1.81153E-01
  5.33203E-01  1.77407E-01
  5.37109E-01  1.73749E-01
  5.41016E-01  1.70200E-01
  5.44922E-01  1.66762E-01
  5.48828E-01  1.63398E-01
  5.52734E-01  1.60128E-01
  5.56641E-01  1.56964E-01
  5.60547E-01  1.53862E-01
  5.64453E-01  1.50829E-01
  5.68359E-01  1.47906E-01
  5.72266E-01  1.45053E-01
  5.76172E-01  1.42249E-01
  5.80078E-01  1.39524E-01
  5.83984E-01  1.36899E-01
  5.87891E-01  1.34317E-01
  5.91797E-01  1.31776E-01
  5.95703E-01  1.29337E-01
  5.99609E-01  1.26978E-01
  6.03516E-01  1.24633E-01
  6.07422E-01  1.22327E-01
  6.11328E-01  1.20095E-01
  6.15234E-01  1.17928E-01
  6.19141E-01  1.15799E-01
  6.23047E-01  1.13732E-01
  6.26953E-01  1.11729E-01
  6.30859E-01  1.09779E-01
  6.34766E-01  1.07844E-01
  6.38672E-01  1.05941E-01
  6.42578E-01  1.04102E-01
  6.46484E-01  1.02296E-01
  6.50391E-01  1.00511E-01
  6.54297E-01  9.87829E-02
  6.58203E-01  9.71147E-02
  6.62109E-01  9.54866E-02
  6.66016E-01  9.38808E-02
  6.69922E-01  9.23055E-02
  6.73828E-01  9.07748E-02
  6.77734E-01  8.92920E-02
  6.81641E-01  8.78370E-02
  6.85547E-01  8.63942E-02
  6.89453E-01  8.49800E-02
  6.93359E-01  8.36057E-02
  6.97266E-01  8.22714E-02
  7.01172E-01  8.09739E-02
  7.05078E-01  7.96958E-02
  7.08984E-01  7.84384E-02
  7.12891E-01  7.71945E-02
  7.16797E-01  7.59961E-02
  7.20703E-01  7.48215E-02
  7.24609E-01  7.36642E-02
  7.28516E-01  7.25335E-02
  7.32422E-01  7.14174E-02
  7.36328E-01  7.03225E-02
  7.40234E-01  6.92483E-02
  7.44141E-01  6.82043E-02
  7.48047E-01  6.71819E-02
  7.51953E-01  6.61799E-02
  7.55859E-01  6.52008E-02
  7.59766E-01  6.42424E-02
  7.63672E-01  6.33044E-02
  7.67578E-01  6.23818E-02
  7.71484E-01  6.14691E-02
  7.75391E-01  6.05752E-02
  7.79297E-01  5.96982E-02
  7.83203E-01  5.88401E-02
  7.87109E-01  5.79939E-02
  7.91016E-01  5.71677E-02
  7.94922E-01  5.63469E-02
  7.98828E-01  5.55509E-02
  8.02734E-01  5.47679E-02
  8.06641E-01  5.40008E-02
  8.10547E-01  5.32485E-02
  8.14453E-01  5.25124E-02
  8.18359E-01  5.17859E-02
  8.22266E-01  5.10715E-02
  8.26172E-01  5.03708E-02
  8.30078E-01  4.96833E-02
  8.33984E-01  4.90077E-02
  8.37891E-01  4.83422E-02
  8.41797E-01  4.76872E-02
  8.45703E-01  4.70424E-02
  8.49609E-01  4.64109E-02
  8.53516E-01  4.57929E-02
  8.57422E-01  4.51861E-02
  8.61328E-01  4.45885E-02
  8.65234E-01  4.40051E-02
  8.69141E-01  4.34321E-02
  8.73047E-01  4.28697E-02
  8.76953E-01  4.23172E-02
  8.80859E-01  4.17726E-02
  8.84766E-01  4.12386E-02
  8.88672E-01  4.07131E-02
  8.92578E-01  4.01941E-02
  8.96484E-01  3.96846E-02
  9.00391E-01  3.91833E-02
  9.04297E-01  3.86929E-02
  9.08203E-01  3.82086E-02
  9.12109E-01  3.77325E-02
  9.16016E-01  3.72661E-02
  9.19922E-01  3.68057E-02
  9.23828E-01  3.63503E-02
  9.27734E-01  3.59052E-02
  9.31641E-01  3.54644E-02
  9.35547E-01  3.50321E-02
  9.39453E-01  3.46073E-02
  9.43359E-01  3.41893E-02
  9.47266E-01  3.37778E-02
  9.51172E-01  3.33725E-02
  9.55078E-01  3.29751E-02
  9.58984E-01  3.25809E-02
  9.62891E-01  3.21935E-02
  9.66797E-01  3.18135E-02
  9.70703E-01  3.14399E-02
  9.74609E-01  3.10771E-02
  9.78516E-01  3.07229E-02
  9.82422E-01  3.03832E-02
  9.86328E-01  3.00614E-02
  9.90234E-01  2.97672E-02
  9.94141E-01  2.95333E-02
  9.98047E-01  2.94209E-02
  1.00195E+00  2.94209E-02
