 -1.95312E-03  8.92194E+00
  1.95312E-03  8.92237E+00
  5.85938E-03  8.91757E+00
  9.76562E-03  8.91275E+00
  1.36719E-02  8.90732E+00
  1.75781E-02  8.90120E+00
  2.14844E-02  8.89437E+00
  2.53906E-02  8.88683E+00
  2.92969E-02  8.87858E+00
  3.32031E-02  8.86961E+00
  3.71094E-02  8.85992E+00
  4.10156E-02  8.84952E+00
  4.49219E-02  8.83841E+00
  4.88281E-02  8.82658E+00
  5.27344E-02  8.81404E+00
  5.66406E-02  8.80079E+00
  6.05469E-02  8.78684E+00
  6.44531E-02  8.77217E+00
  6.83594E-02  8.75679E+00
  7.22656E-02  8.74070E+00
  7.61719E-02  8.72389E+00
  8.00781E-02  8.70636E+00
  8.39844E-02  8.68812E+00
  8.78906E-02  8.66917E+00
  9.17969E-02  8.64949E+00
  9.57031E-02  8.62908E+00
  9.96094E-02  8.60795E+00
  1.03516E-01  8.58608E+00
  1.07422E-01  8.56348E+00
  1.11328E-01  8.54014E+00
  1.15234E-01  8.51604E+00
  1.19141E-01  8.49120E+00
  1.23047E-01  8.46560E+00
  1.26953E-01  8.43923E+00
  1.30859E-01  8.41211E+00
  1.34766E-01  8.38420E+00
  1.38672E-01  8.35552E+00
  1.42578E-01  8.32604E+00
  1.46484E-01  8.29576E+00
  1.50391E-01  8.26467E+00
  1.54297E-01  8.23276E+00
  1.58203E-01  8.20002E+00
  1.62109E-01  8.16645E+00
  1.66016E-01  8.13202E+00
  1.69922E-01  8.09673E+00
  1.73828E-01  8.06056E+00
  1.77734E-01  8.02349E+00
  1.81641E-01  7.98552E+00
  1.85547E-01  7.94662E+00
  1.89453E-01  7.90678E+00
  1.93359E-01  7.86599E+00
  1.97266E-01  7.82421E+00
  2.01172E-01  7.78144E+00
  2.05078E-01  7.73765E+00
  2.08984E-01  7.69282E+00
  2.12891E-01  7.64692E+00
  2.16797E-01  7.59993E+00
  2.20703E-01  7.55181E+00
  2.24609E-01  7.50254E+00
  2.28516E-01  7.45208E+00
  2.32422E-01  7.40040E+00
  2.36328E-01  7.34747E+00
  2.40234E-01  7.29323E+00
  2.44141E-01  7.23766E+00
  2.48047E-01  7.18070E+00
  2.51953E-01  7.12232E+00
  2.55859E-01  7.06244E+00
  2.59766E-01  7.00102E+00
  2.63672E-01  6.93800E+00
  2.67578E-01  6.87330E+00
  2.71484E-01  6.80686E+00
  2.75391E-01  6.73859E+00
  2.79297E-01  6.66841E+00
  2.83203E-01  6.59623E+00
  2.87109E-01  6.52192E+00
  2.91016E-01  6.44539E+00
  2.94922E-01  6.36651E+00
  2.98828E-01  6.28512E+00
  3.02734E-01  6.20108E+00
  3.06641E-01  6.11419E+00
  3.10547E-01  6.02427E+00
  3.14453E-01  5.93108E+00
  3.18359E-01  5.83436E+00
  3.22266E-01  5.73380E+00
  3.26172E-01  5.62907E+00
  3.30078E-01  5.51974E+00
  3.33984E-01  5.40532E+00
  3.37891E-01  5.28525E+00
  3.41797E-01  5.15876E+00
  3.45703E-01  5.02435E+00
  3.49609E-01  4.87029E+00
  3.53516E-01  4.54707E+00
  3.57422E-01  7.85536E-01
  3.61328E-01  6.07852E-01
  3.65234E-01  5.89300E-01
  3.69141E-01  5.72899E-01
  3.73047E-01  5.56188E-01
  3.76953E-01  5.40619E-01
  3.80859E-01  5.25237E-01
  3.84766E-01  5.10769E-01
  3.88672E-01  4.96565E-01
  3.92578E-01  4.83111E-01
  3.96484E-01  4.69969E-01
  4.00391E-01  4.57438E-01
  4.04297E-01  4.45258E-01
  4.08203E-01  4.33575E-01
  4.12109E-01  4.22255E-01
  4.16016E-01  4.11358E-01
  4.19922E-01  4.00808E-01
  4.23828E-01  3.90623E-01
  4.27734E-01  3.80785E-01
  4.31641E-01  3.71288E-01
  4.35547E-01  3.62118E-01
  4.39453E-01  3.53225E-01
  4.43359E-01  3.44625E-01
  4.47266E-01  3.36304E-01
  4.51172E-01  3.28252E-01
  4.55078E-01  3.20460E-01
  4.58984E-01  3.12910E-01
  4.62891E-01  3.05583E-01
  4.66797E-01  2.98496E-01
  4.70703E-01  2.91636E-01
  4.74609E-01  2.84974E-01
  4.78516E-01  2.78508E-01
  4.82422E-01  2.72246E-01
  4.86328E-01  2.66163E-01
  4.90234E-01  2.60266E-01
  4.94141E-01  2.54538E-01
  4.98047E-01  2.48977E-01
  5.01953E-01  2.43579E-01
  5.05859E-01  2.38344E-01
  5.09766E-01  2.33250E-01
  5.13672E-01  2.28301E-01
  5.17578E-01  2.23494E-01
  5.21484E-01  2.18811E-01
  5.25391E-01  2.14264E-01
  5.29297E-01  2.09848E-01
  5.33203E-01  2.05551E-01
  5.37109E-01  2.01368E-01
  5.41016E-01  1.97297E-01
  5.44922E-01  1.93328E-01
  5.48828E-01  1.89481E-01
  5.52734E-01  1.85735E-01
  5.56641E-01  1.82063E-01
  5.60547E-01  1.78502E-01
  5.64453E-01  1.75049E-01
  5.68359E-01  1.71666E-01
  5.72266E-01  1.68362E-01
  5.76172E-01  1.65163E-01
  5.80078E-01  1.62041E-01
  5.83984E-01  1.58978E-01
  5.87891E-01  1.56005E-01
  5.91797E-01  1.53119E-01
  5.95703E-01  1.50285E-01
  5.99609E-01  1.47517E-01
  6.03516E-01  1.44829E-01
  6.07422E-01  1.42212E-01
  6.11328E-01  1.39644E-01
  6.15234E-01  1.37130E-01
  6.19141E-01  1.34694E-01
  6.23047E-01  1.32315E-01
  6.26953E-01  1.29975E-01
  6.30859E-01  1.27711E-01
  6.34766E-01  1.25510E-01
  6.38672E-01  1.23330E-01
  6.42578E-01  1.21191E-01
  6.46484E-01  1.19113E-01
  6.50391E-01  1.17094E-01
  6.54297E-01  1.15114E-01
  6.58203E-01  1.13170E-01
  6.62109E-01  1.11277E-01
  6.66016E-01  1.09437E-01
  6.69922E-01  1.07643E-01
  6.73828E-01  1.05857E-01
  6.77734E-01  1.04104E-01
  6.81641E-01  1.02393E-01
  6.85547E-01  1.00739E-01
  6.89453E-01  9.91120E-02
  6.93359E-01  9.75180E-02
  6.97266E-01  9.59591E-02
  7.01172E-01  9.44286E-02
  7.05078E-01  9.29482E-02
  7.08984E-01  9.15016E-02
  7.12891E-01  9.00735E-02
  7.16797E-01  8.86667E-02
  7.20703E-01  8.72944E-02
  7.24609E-01  8.59519E-02
  7.28516E-01  8.46416E-02
  7.32422E-01  8.33611E-02
  7.36328E-01  8.20979E-02
  7.40234E-01  8.08564E-02
  7.44141E-01  7.96463E-02
  7.48047E-01  7.84634E-02
  7.51953E-01  7.73048E-02
  7.55859E-01  7.61625E-02
  7.59766E-01  7.50476E-02
  7.63672E-01  7.39424E-02
  7.67578E-01  7.28656E-02
  7.71484E-01  7.18056E-02
  7.75391E-01  7.07766E-02
  7.79297E-01  6.97621E-02
  7.83203E-01  6.87649E-02
  7.87109E-01  6.77862E-02
  7.91016E-01  6.68238E-02
  7.94922E-01  6.58786E-02
  7.98828E-01  6.49573E-02
  8.02734E-01  6.40564E-02
  8.06641E-01  6.31744E-02
  8.10547E-01  6.23058E-02
  8.14453E-01  6.14449E-02
  8.18359E-01  6.05972E-02
  8.22266E-01  5.97651E-02
  8.26172E-01  5.89522E-02
  8.30078E-01  5.81547E-02
  8.33984E-01  5.73707E-02
  8.37891E-01  5.66003E-02
  8.41797E-01  5.58424E-02
  8.45703E-01  5.50949E-02
  8.49609E-01  5.43645E-02
  8.53516E-01  5.36478E-02
  8.57422E-01  5.29430E-02
  8.61328E-01  5.22520E-02
  8.65234E-01  5.15726E-02
  8.69141E-01  5.09052E-02
  8.73047E-01  5.02471E-02
  8.76953E-01  4.95988E-02
  8.80859E-01  4.89642E-02
  8.84766E-01  4.83370E-02
  8.88672E-01  4.77192E-02
  8.92578E-01  4.71104E-02
  8.96484E-01  4.65152E-02
  9.00391E-01  4.59295E-02
  9.04297E-01  4.53511E-02
  9.08203E-01  4.47839E-02
  9.12109E-01  4.42280E-02
  9.16016E-01  4.36798E-02
  9.19922E-01  4.31451E-02
  9.23828E-01  4.26172E-02
  9.27734E-01  4.20975E-02
  9.31641E-01  4.15860E-02
  9.35547E-01  4.10812E-02
  9.39453E-01  4.05839E-02
  9.43359E-01  4.00949E-02
  9.47266E-01  3.96153E-02
  9.51172E-01  3.91410E-02
  9.55078E-01  3.86767E-02
  9.58984E-01  3.82191E-02
  9.62891E-01  3.77663E-02
  9.66797E-01  3.73215E-02
  9.70703E-01  3.68822E-02
  9.74609E-01  3.64541E-02
  9.78516E-01  3.60358E-02
  9.82422E-01  3.56324E-02
  9.86328E-01  3.52494E-02
  9.90234E-01  3.48975E-02
  9.94141E-01  3.46235E-02
  9.98047E-01  3.44945E-02
  1.00195E+00  3.44945E-02
