 -1.95312E-03  9.18080E+00
  1.95312E-03  9.18185E+00
  5.85938E-03  9.17707E+00
  9.76562E-03  9.17231E+00
  1.36719E-02  9.16698E+00
  1.75781E-02  9.16100E+00
  2.14844E-02  9.15434E+00
  2.53906E-02  9.14700E+00
  2.92969E-02  9.13897E+00
  3.32031E-02  9.13026E+00
  3.71094E-02  9.12087E+00
  4.10156E-02  9.11080E+00
  4.49219E-02  9.10005E+00
  4.88281E-02  9.08862E+00
  5.27344E-02  9.07652E+00
  5.66406E-02  9.06374E+00
  6.05469E-02  9.05028E+00
  6.44531E-02  9.03614E+00
  6.83594E-02  9.02132E+00
  7.22656E-02  9.00583E+00
  7.61719E-02  8.98966E+00
  8.00781E-02  8.97281E+00
  8.39844E-02  8.95527E+00
  8.78906E-02  8.93706E+00
  9.17969E-02  8.91816E+00
  9.57031E-02  8.89857E+00
  9.96094E-02  8.87829E+00
  1.03516E-01  8.85732E+00
  1.07422E-01  8.83565E+00
  1.11328E-01  8.81328E+00
  1.15234E-01  8.79020E+00
  1.19141E-01  8.76642E+00
  1.23047E-01  8.74193E+00
  1.26953E-01  8.71671E+00
  1.30859E-01  8.69078E+00
  1.34766E-01  8.66412E+00
  1.38672E-01  8.63672E+00
  1.42578E-01  8.60859E+00
  1.46484E-01  8.57970E+00
  1.50391E-01  8.55006E+00
  1.54297E-01  8.51966E+00
  1.58203E-01  8.48847E+00
  1.62109E-01  8.45651E+00
  1.66016E-01  8.42376E+00
  1.69922E-01  8.39020E+00
  1.73828E-01  8.35583E+00
  1.77734E-01  8.32063E+00
  1.81641E-01  8.28460E+00
  1.85547E-01  8.24771E+00
  1.89453E-01  8.20996E+00
  1.93359E-01  8.17132E+00
  1.97266E-01  8.13179E+00
  2.01172E-01  8.09134E+00
  2.05078E-01  8.04995E+00
  2.08984E-01  8.00762E+00
  2.12891E-01  7.96431E+00
  2.16797E-01  7.92001E+00
  2.20703E-01  7.87470E+00
  2.24609E-01  7.82835E+00
  2.28516E-01  7.78093E+00
  2.32422E-01  7.73241E+00
  2.36328E-01  7.68277E+00
  2.40234E-01  7.63197E+00
  2.44141E-01  7.57999E+00
  2.48047E-01  7.52678E+00
  2.51953E-01  7.47230E+00
  2.55859E-01  7.41652E+00
  2.59766E-01  7.35939E+00
  2.63672E-01  7.30087E+00
  2.67578E-01  7.24089E+00
  2.71484E-01  7.17940E+00
  2.75391E-01  7.11635E+00
  2.79297E-01  7.05167E+00
  2.83203E-01  6.98528E+00
  2.87109E-01  6.91711E+00
  2.91016E-01  6.84707E+00
  2.94922E-01  6.77508E+00
  2.98828E-01  6.70102E+00
  3.02734E-01  6.62478E+00
  3.06641E-01  6.54625E+00
  3.10547E-01  6.46527E+00
  3.14453E-01  6.38169E+00
  3.18359E-01  6.29535E+00
  3.22266E-01  6.20603E+00
  3.26172E-01  6.11353E+00
  3.30078E-01  6.01758E+00
  3.33984E-01  5.91788E+00
  3.37891E-01  5.81411E+00
  3.41797E-01  5.70583E+00
  3.45703E-01  5.59232E+00
  3.49609E-01  5.46698E+00
  3.53516E-01  5.20719E+00
  3.57422E-01  4.12458E-01
  3.61328E-01  3.63530E-01
  3.65234E-01  3.54933E-01
  3.69141E-01  3.44124E-01
  3.73047E-01  3.34111E-01
  3.76953E-01  3.24125E-01
  3.80859E-01  3.14884E-01
  3.84766E-01  3.05667E-01
  3.88672E-01  2.97120E-01
  3.92578E-01  2.88575E-01
  3.96484E-01  2.80659E-01
  4.00391E-01  2.72740E-01
  4.04297E-01  2.65402E-01
  4.08203E-01  2.58056E-01
  4.12109E-01  2.51226E-01
  4.16016E-01  2.44396E-01
  4.19922E-01  2.38047E-01
  4.23828E-01  2.31692E-01
  4.27734E-01  2.25773E-01
  4.31641E-01  2.19850E-01
  4.35547E-01  2.14330E-01
  4.39453E-01  2.08805E-01
  4.43359E-01  2.03647E-01
  4.47266E-01  1.98484E-01
  4.51172E-01  1.93674E-01
  4.55078E-01  1.88862E-01
  4.58984E-01  1.84339E-01
  4.62891E-01  1.79812E-01
  4.66797E-01  1.75566E-01
  4.70703E-01  1.71331E-01
  4.74609E-01  1.67368E-01
  4.78516E-01  1.63399E-01
  4.82422E-01  1.59677E-01
  4.86328E-01  1.55952E-01
  4.90234E-01  1.52419E-01
  4.94141E-01  1.48982E-01
  4.98047E-01  1.45590E-01
  5.01953E-01  1.42393E-01
  5.05859E-01  1.39194E-01
  5.09766E-01  1.36182E-01
  5.13672E-01  1.33164E-01
  5.17578E-01  1.30318E-01
  5.21484E-01  1.27466E-01
  5.25391E-01  1.24747E-01
  5.29297E-01  1.22046E-01
  5.33203E-01  1.19524E-01
  5.37109E-01  1.17032E-01
  5.41016E-01  1.14635E-01
  5.44922E-01  1.12236E-01
  5.48828E-01  1.09929E-01
  5.52734E-01  1.07656E-01
  5.56641E-01  1.05446E-01
  5.60547E-01  1.03279E-01
  5.64453E-01  1.01221E-01
  5.68359E-01  9.92449E-02
  5.72266E-01  9.72951E-02
  5.76172E-01  9.53711E-02
  5.80078E-01  9.35285E-02
  5.83984E-01  9.17513E-02
  5.87891E-01  8.99746E-02
  5.91797E-01  8.82387E-02
  5.95703E-01  8.65808E-02
  5.99609E-01  8.49722E-02
  6.03516E-01  8.33772E-02
  6.07422E-01  8.18344E-02
  6.11328E-01  8.03550E-02
  6.15234E-01  7.88964E-02
  6.19141E-01  7.74550E-02
  6.23047E-01  7.60564E-02
  6.26953E-01  7.46884E-02
  6.30859E-01  7.33384E-02
  6.34766E-01  7.20090E-02
  6.38672E-01  7.07145E-02
  6.42578E-01  6.94626E-02
  6.46484E-01  6.82616E-02
  6.50391E-01  6.70950E-02
  6.54297E-01  6.59517E-02
  6.58203E-01  6.48391E-02
  6.62109E-01  6.37466E-02
  6.66016E-01  6.26702E-02
  6.69922E-01  6.16007E-02
  6.73828E-01  6.05480E-02
  6.77734E-01  5.95253E-02
  6.81641E-01  5.85188E-02
  6.85547E-01  5.75433E-02
  6.89453E-01  5.65888E-02
  6.93359E-01  5.56532E-02
  6.97266E-01  5.47469E-02
  7.01172E-01  5.38590E-02
  7.05078E-01  5.29882E-02
  7.08984E-01  5.21405E-02
  7.12891E-01  5.13090E-02
  7.16797E-01  5.04919E-02
  7.20703E-01  4.96831E-02
  7.24609E-01  4.88887E-02
  7.28516E-01  4.81033E-02
  7.32422E-01  4.73371E-02
  7.36328E-01  4.65930E-02
  7.40234E-01  4.58743E-02
  7.44141E-01  4.51789E-02
  7.48047E-01  4.44941E-02
  7.51953E-01  4.38230E-02
  7.55859E-01  4.31676E-02
  7.59766E-01  4.25199E-02
  7.63672E-01  4.18838E-02
  7.67578E-01  4.12636E-02
  7.71484E-01  4.06550E-02
  7.75391E-01  4.00577E-02
  7.79297E-01  3.94749E-02
  7.83203E-01  3.88993E-02
  7.87109E-01  3.83399E-02
  7.91016E-01  3.77865E-02
  7.94922E-01  3.72444E-02
  7.98828E-01  3.67125E-02
  8.02734E-01  3.61882E-02
  8.06641E-01  3.56785E-02
  8.10547E-01  3.51752E-02
  8.14453E-01  3.46805E-02
  8.18359E-01  3.41969E-02
  8.22266E-01  3.37231E-02
  8.26172E-01  3.32567E-02
  8.30078E-01  3.27980E-02
  8.33984E-01  3.23503E-02
  8.37891E-01  3.19102E-02
  8.41797E-01  3.14742E-02
  8.45703E-01  3.10501E-02
  8.49609E-01  3.06288E-02
  8.53516E-01  3.02208E-02
  8.57422E-01  2.98153E-02
  8.61328E-01  2.94195E-02
  8.65234E-01  2.90287E-02
  8.69141E-01  2.86475E-02
  8.73047E-01  2.82723E-02
  8.76953E-01  2.79032E-02
  8.80859E-01  2.75402E-02
  8.84766E-01  2.71831E-02
  8.88672E-01  2.68318E-02
  8.92578E-01  2.64871E-02
  8.96484E-01  2.61485E-02
  9.00391E-01  2.58134E-02
  9.04297E-01  2.54854E-02
  9.08203E-01  2.51631E-02
  9.12109E-01  2.48463E-02
  9.16016E-01  2.45354E-02
  9.19922E-01  2.42285E-02
  9.23828E-01  2.39267E-02
  9.27734E-01  2.36320E-02
  9.31641E-01  2.33398E-02
  9.35547E-01  2.30522E-02
  9.39453E-01  2.27704E-02
  9.43359E-01  2.24934E-02
  9.47266E-01  2.22186E-02
  9.51172E-01  2.19504E-02
  9.55078E-01  2.16861E-02
  9.58984E-01  2.14282E-02
  9.62891E-01  2.11751E-02
  9.66797E-01  2.09266E-02
  9.70703E-01  2.06858E-02
  9.74609E-01  2.04509E-02
  9.78516E-01  2.02234E-02
  9.82422E-01  2.00072E-02
  9.86328E-01  1.98014E-02
  9.90234E-01  1.96130E-02
  9.94141E-01  1.94539E-02
  9.98047E-01  1.93781E-02
  1.00195E+00  1.93781E-02
