 -1.95312E-03  8.56456E+00
  1.95312E-03  8.56510E+00
  5.85938E-03  8.56025E+00
  9.76562E-03  8.55531E+00
  1.36719E-02  8.54972E+00
  1.75781E-02  8.54339E+00
  2.14844E-02  8.53630E+00
  2.53906E-02  8.52843E+00
  2.92969E-02  8.51980E+00
  3.32031E-02  8.51039E+00
  3.71094E-02  8.50023E+00
  4.10156E-02  8.48929E+00
  4.49219E-02  8.47759E+00
  4.88281E-02  8.46513E+00
  5.27344E-02  8.45190E+00
  5.66406E-02  8.43790E+00
  6.05469E-02  8.42314E+00
  6.44531E-02  8.40761E+00
  6.83594E-02  8.39130E+00
  7.22656E-02  8.37423E+00
  7.61719E-02  8.35638E+00
  8.00781E-02  8.33775E+00
  8.39844E-02  8.31835E+00
  8.78906E-02  8.29817E+00
  9.17969E-02  8.27721E+00
  9.57031E-02  8.25545E+00
  9.96094E-02  8.23290E+00
  1.03516E-01  8.20955E+00
  1.07422E-01  8.18540E+00
  1.11328E-01  8.16043E+00
  1.15234E-01  8.13465E+00
  1.19141E-01  8.10803E+00
  1.23047E-01  8.08060E+00
  1.26953E-01  8.05232E+00
  1.30859E-01  8.02319E+00
  1.34766E-01  7.99321E+00
  1.38672E-01  7.96235E+00
  1.42578E-01  7.93062E+00
  1.46484E-01  7.89799E+00
  1.50391E-01  7.86446E+00
  1.54297E-01  7.83002E+00
  1.58203E-01  7.79464E+00
  1.62109E-01  7.75831E+00
  1.66016E-01  7.72102E+00
  1.69922E-01  7.68275E+00
  1.73828E-01  7.64348E+00
  1.77734E-01  7.60320E+00
  1.81641E-01  7.56187E+00
  1.85547E-01  7.51948E+00
  1.89453E-01  7.47601E+00
  1.93359E-01  7.43142E+00
  1.97266E-01  7.38569E+00
  2.01172E-01  7.33881E+00
  2.05078E-01  7.29072E+00
  2.08984E-01  7.24140E+00
  2.12891E-01  7.19082E+00
  2.16797E-01  7.13894E+00
  2.20703E-01  7.08571E+00
  2.24609E-01  7.03109E+00
  2.28516E-01  6.97503E+00
  2.32422E-01  6.91749E+00
  2.36328E-01  6.85840E+00
  2.40234E-01  6.79772E+00
  2.44141E-01  6.73537E+00
  2.48047E-01  6.67128E+00
  2.51953E-01  6.60538E+00
  2.55859E-01  6.53758E+00
  2.59766E-01  6.46779E+00
  2.63672E-01  6.39591E+00
  2.67578E-01  6.32184E+00
  2.71484E-01  6.24543E+00
  2.75391E-01  6.16656E+00
  2.79297E-01  6.08508E+00
  2.83203E-01  6.00081E+00
  2.87109E-01  5.91357E+00
  2.91016E-01  5.82313E+00
  2.94922E-01  5.72926E+00
  2.98828E-01  5.63166E+00
  3.02734E-01  5.53001E+00
  3.06641E-01  5.42393E+00
  3.10547E-01  5.31297E+00
  3.14453E-01  5.19658E+00
  3.18359E-01  5.07410E+00
  3.22266E-01  4.94475E+00
  3.26172E-01  4.80749E+00
  3.30078E-01  4.66101E+00
  3.33984E-01  4.50349E+00
  3.37891E-01  4.33206E+00
  3.41797E-01  4.13964E+00
  3.45703E-01  3.89329E+00
  3.49609E-01  3.43989E+00
  3.53516E-01  1.98998E+00
  3.57422E-01  1.12070E+00
  3.61328E-01  9.79436E-01
  3.65234E-01  9.44317E-01
  3.69141E-01  9.20014E-01
  3.73047E-01  8.94773E-01
  3.76953E-01  8.70742E-01
  3.80859E-01  8.47467E-01
  3.84766E-01  8.25274E-01
  3.88672E-01  8.03894E-01
  3.92578E-01  7.83212E-01
  3.96484E-01  7.63261E-01
  4.00391E-01  7.44044E-01
  4.04297E-01  7.25475E-01
  4.08203E-01  7.07450E-01
  4.12109E-01  6.89999E-01
  4.16016E-01  6.73199E-01
  4.19922E-01  6.56932E-01
  4.23828E-01  6.41163E-01
  4.27734E-01  6.25939E-01
  4.31641E-01  6.11197E-01
  4.35547E-01  5.96897E-01
  4.39453E-01  5.83064E-01
  4.43359E-01  5.69667E-01
  4.47266E-01  5.56668E-01
  4.51172E-01  5.44072E-01
  4.55078E-01  5.31865E-01
  4.58984E-01  5.20012E-01
  4.62891E-01  5.08513E-01
  4.66797E-01  4.97361E-01
  4.70703E-01  4.86532E-01
  4.74609E-01  4.76012E-01
  4.78516E-01  4.65801E-01
  4.82422E-01  4.55882E-01
  4.86328E-01  4.46243E-01
  4.90234E-01  4.36876E-01
  4.94141E-01  4.27774E-01
  4.98047E-01  4.18921E-01
  5.01953E-01  4.10313E-01
  5.05859E-01  4.01941E-01
  5.09766E-01  3.93792E-01
  5.13672E-01  3.85861E-01
  5.17578E-01  3.78144E-01
  5.21484E-01  3.70643E-01
  5.25391E-01  3.63328E-01
  5.29297E-01  3.56208E-01
  5.33203E-01  3.49279E-01
  5.37109E-01  3.42521E-01
  5.41016E-01  3.35939E-01
  5.44922E-01  3.29529E-01
  5.48828E-01  3.23274E-01
  5.52734E-01  3.17185E-01
  5.56641E-01  3.11241E-01
  5.60547E-01  3.05447E-01
  5.64453E-01  2.99799E-01
  5.68359E-01  2.94282E-01
  5.72266E-01  2.88911E-01
  5.76172E-01  2.83663E-01
  5.80078E-01  2.78546E-01
  5.83984E-01  2.73553E-01
  5.87891E-01  2.68674E-01
  5.91797E-01  2.63911E-01
  5.95703E-01  2.59256E-01
  5.99609E-01  2.54715E-01
  6.03516E-01  2.50280E-01
  6.07422E-01  2.45951E-01
  6.11328E-01  2.41716E-01
  6.15234E-01  2.37576E-01
  6.19141E-01  2.33531E-01
  6.23047E-01  2.29575E-01
  6.26953E-01  2.25716E-01
  6.30859E-01  2.21936E-01
  6.34766E-01  2.18248E-01
  6.38672E-01  2.14630E-01
  6.42578E-01  2.11101E-01
  6.46484E-01  2.07641E-01
  6.50391E-01  2.04265E-01
  6.54297E-01  2.00956E-01
  6.58203E-01  1.97723E-01
  6.62109E-01  1.94554E-01
  6.66016E-01  1.91450E-01
  6.69922E-01  1.88409E-01
  6.73828E-01  1.85442E-01
  6.77734E-01  1.82545E-01
  6.81641E-01  1.79690E-01
  6.85547E-01  1.76896E-01
  6.89453E-01  1.74175E-01
  6.93359E-01  1.71505E-01
  6.97266E-01  1.68873E-01
  7.01172E-01  1.66297E-01
  7.05078E-01  1.63791E-01
  7.08984E-01  1.61332E-01
  7.12891E-01  1.58904E-01
  7.16797E-01  1.56529E-01
  7.20703E-01  1.54213E-01
  7.24609E-01  1.51946E-01
  7.28516E-01  1.49708E-01
  7.32422E-01  1.47512E-01
  7.36328E-01  1.45374E-01
  7.40234E-01  1.43280E-01
  7.44141E-01  1.41207E-01
  7.48047E-01  1.39169E-01
  7.51953E-01  1.37179E-01
  7.55859E-01  1.35244E-01
  7.59766E-01  1.33340E-01
  7.63672E-01  1.31455E-01
  7.67578E-01  1.29603E-01
  7.71484E-01  1.27802E-01
  7.75391E-01  1.26039E-01
  7.79297E-01  1.24292E-01
  7.83203E-01  1.22574E-01
  7.87109E-01  1.20893E-01
  7.91016E-01  1.19251E-01
  7.94922E-01  1.17635E-01
  7.98828E-01  1.16040E-01
  8.02734E-01  1.14472E-01
  8.06641E-01  1.12939E-01
  8.10547E-01  1.11438E-01
  8.14453E-01  1.09956E-01
  8.18359E-01  1.08499E-01
  8.22266E-01  1.07061E-01
  8.26172E-01  1.05651E-01
  8.30078E-01  1.04274E-01
  8.33984E-01  1.02922E-01
  8.37891E-01  1.01588E-01
  8.41797E-01  1.00270E-01
  8.45703E-01  9.89787E-02
  8.49609E-01  9.77213E-02
  8.53516E-01  9.64814E-02
  8.57422E-01  9.52517E-02
  8.61328E-01  9.40406E-02
  8.65234E-01  9.28634E-02
  8.69141E-01  9.17058E-02
  8.73047E-01  9.05677E-02
  8.76953E-01  8.94379E-02
  8.80859E-01  8.83220E-02
  8.84766E-01  8.72314E-02
  8.88672E-01  8.61585E-02
  8.92578E-01  8.51083E-02
  8.96484E-01  8.40738E-02
  9.00391E-01  8.30485E-02
  9.04297E-01  8.20354E-02
  9.08203E-01  8.10433E-02
  9.12109E-01  8.00703E-02
  9.16016E-01  7.91143E-02
  9.19922E-01  7.81684E-02
  9.23828E-01  7.72383E-02
  9.27734E-01  7.63231E-02
  9.31641E-01  7.54238E-02
  9.35547E-01  7.45402E-02
  9.39453E-01  7.36627E-02
  9.43359E-01  7.27980E-02
  9.47266E-01  7.19491E-02
  9.51172E-01  7.11157E-02
  9.55078E-01  7.02938E-02
  9.58984E-01  6.94827E-02
  9.62891E-01  6.86797E-02
  9.66797E-01  6.78898E-02
  9.70703E-01  6.71142E-02
  9.74609E-01  6.63484E-02
  9.78516E-01  6.55899E-02
  9.82422E-01  6.48412E-02
  9.86328E-01  6.41100E-02
  9.90234E-01  6.34181E-02
  9.94141E-01  6.28774E-02
  9.98047E-01  6.26278E-02
  1.00195E+00  6.26278E-02
