 -1.95312E-03  9.12803E+00
  1.95312E-03  9.12940E+00
  5.85938E-03  9.12456E+00
  9.76562E-03  9.11980E+00
  1.36719E-02  9.11445E+00
  1.75781E-02  9.10844E+00
  2.14844E-02  9.10175E+00
  2.53906E-02  9.09437E+00
  2.92969E-02  9.08629E+00
  3.32031E-02  9.07754E+00
  3.71094E-02  9.06809E+00
  4.10156E-02  9.05796E+00
  4.49219E-02  9.04714E+00
  4.88281E-02  9.03564E+00
  5.27344E-02  9.02345E+00
  5.66406E-02  9.01058E+00
  6.05469E-02  8.99703E+00
  6.44531E-02  8.98278E+00
  6.83594E-02  8.96786E+00
  7.22656E-02  8.95225E+00
  7.61719E-02  8.93595E+00
  8.00781E-02  8.91897E+00
  8.39844E-02  8.90129E+00
  8.78906E-02  8.88293E+00
  9.17969E-02  8.86388E+00
  9.57031E-02  8.84414E+00
  9.96094E-02  8.82370E+00
  1.03516E-01  8.80256E+00
  1.07422E-01  8.78071E+00
  1.11328E-01  8.75816E+00
  1.15234E-01  8.73489E+00
  1.19141E-01  8.71092E+00
  1.23047E-01  8.68622E+00
  1.26953E-01  8.66079E+00
  1.30859E-01  8.63463E+00
  1.34766E-01  8.60773E+00
  1.38672E-01  8.58009E+00
  1.42578E-01  8.55171E+00
  1.46484E-01  8.52257E+00
  1.50391E-01  8.49266E+00
  1.54297E-01  8.46198E+00
  1.58203E-01  8.43051E+00
  1.62109E-01  8.39825E+00
  1.66016E-01  8.36518E+00
  1.69922E-01  8.33130E+00
  1.73828E-01  8.29659E+00
  1.77734E-01  8.26105E+00
  1.81641E-01  8.22465E+00
  1.85547E-01  8.18738E+00
  1.89453E-01  8.14923E+00
  1.93359E-01  8.11019E+00
  1.97266E-01  8.07023E+00
  2.01172E-01  8.02935E+00
  2.05078E-01  7.98752E+00
  2.08984E-01  7.94472E+00
  2.12891E-01  7.90093E+00
  2.16797E-01  7.85612E+00
  2.20703E-01  7.81029E+00
  2.24609E-01  7.76339E+00
  2.28516E-01  7.71540E+00
  2.32422E-01  7.66630E+00
  2.36328E-01  7.61604E+00
  2.40234E-01  7.56461E+00
  2.44141E-01  7.51196E+00
  2.48047E-01  7.45806E+00
  2.51953E-01  7.40287E+00
  2.55859E-01  7.34634E+00
  2.59766E-01  7.28842E+00
  2.63672E-01  7.22907E+00
  2.67578E-01  7.16823E+00
  2.71484E-01  7.10584E+00
  2.75391E-01  7.04184E+00
  2.79297E-01  6.97616E+00
  2.83203E-01  6.90872E+00
  2.87109E-01  6.83945E+00
  2.91016E-01  6.76825E+00
  2.94922E-01  6.69502E+00
  2.98828E-01  6.61965E+00
  3.02734E-01  6.54202E+00
  3.06641E-01  6.46200E+00
  3.10547E-01  6.37944E+00
  3.14453E-01  6.29417E+00
  3.18359E-01  6.20599E+00
  3.22266E-01  6.11471E+00
  3.26172E-01  6.02006E+00
  3.30078E-01  5.92178E+00
  3.33984E-01  5.81955E+00
  3.37891E-01  5.71299E+00
  3.41797E-01  5.60165E+00
  3.45703E-01  5.48467E+00
  3.49609E-01  5.35479E+00
  3.53516E-01  5.08494E+00
  3.57422E-01  4.79982E-01
  3.61328E-01  4.12548E-01
  3.65234E-01  4.02604E-01
  3.69141E-01  3.90437E-01
  3.73047E-01  3.79142E-01
  3.76953E-01  3.67913E-01
  3.80859E-01  3.57452E-01
  3.84766E-01  3.47079E-01
  3.88672E-01  3.37416E-01
  3.92578E-01  3.27807E-01
  3.96484E-01  3.18845E-01
  4.00391E-01  3.09944E-01
  4.04297E-01  3.01615E-01
  4.08203E-01  2.93339E-01
  4.12109E-01  2.85638E-01
  4.16016E-01  2.77931E-01
  4.19922E-01  2.70719E-01
  4.23828E-01  2.63574E-01
  4.27734E-01  2.56853E-01
  4.31641E-01  2.50182E-01
  4.35547E-01  2.43923E-01
  4.39453E-01  2.37678E-01
  4.43359E-01  2.31853E-01
  4.47266E-01  2.26014E-01
  4.51172E-01  2.20536E-01
  4.55078E-01  2.15121E-01
  4.58984E-01  2.09920E-01
  4.62891E-01  2.04928E-01
  4.66797E-01  2.00002E-01
  4.70703E-01  1.95339E-01
  4.74609E-01  1.90694E-01
  4.78516E-01  1.86317E-01
  4.82422E-01  1.81982E-01
  4.86328E-01  1.77889E-01
  4.90234E-01  1.73788E-01
  4.94141E-01  1.69925E-01
  4.98047E-01  1.66080E-01
  5.01953E-01  1.62415E-01
  5.05859E-01  1.58819E-01
  5.09766E-01  1.55375E-01
  5.13672E-01  1.51978E-01
  5.17578E-01  1.48712E-01
  5.21484E-01  1.45529E-01
  5.25391E-01  1.42443E-01
  5.29297E-01  1.39438E-01
  5.33203E-01  1.36523E-01
  5.37109E-01  1.33683E-01
  5.41016E-01  1.30919E-01
  5.44922E-01  1.28252E-01
  5.48828E-01  1.25630E-01
  5.52734E-01  1.23046E-01
  5.56641E-01  1.20544E-01
  5.60547E-01  1.18154E-01
  5.64453E-01  1.15825E-01
  5.68359E-01  1.13550E-01
  5.72266E-01  1.11350E-01
  5.76172E-01  1.09186E-01
  5.80078E-01  1.07027E-01
  5.83984E-01  1.04932E-01
  5.87891E-01  1.02913E-01
  5.91797E-01  1.00945E-01
  5.95703E-01  9.90249E-02
  5.99609E-01  9.71792E-02
  6.03516E-01  9.53788E-02
  6.07422E-01  9.36075E-02
  6.11328E-01  9.18842E-02
  6.15234E-01  9.02250E-02
  6.19141E-01  8.85880E-02
  6.23047E-01  8.69669E-02
  6.26953E-01  8.54000E-02
  6.30859E-01  8.38898E-02
  6.34766E-01  8.24227E-02
  6.38672E-01  8.09772E-02
  6.42578E-01  7.95500E-02
  6.46484E-01  7.81703E-02
  6.50391E-01  7.68450E-02
  6.54297E-01  7.55393E-02
  6.58203E-01  7.42332E-02
  6.62109E-01  7.29462E-02
  6.66016E-01  7.16964E-02
  6.69922E-01  7.04833E-02
  6.73828E-01  6.93111E-02
  6.77734E-01  6.81645E-02
  6.81641E-01  6.70319E-02
  6.85547E-01  6.59286E-02
  6.89453E-01  6.48601E-02
  6.93359E-01  6.38222E-02
  6.97266E-01  6.28041E-02
  7.01172E-01  6.17978E-02
  7.05078E-01  6.07963E-02
  7.08984E-01  5.98143E-02
  7.12891E-01  5.88558E-02
  7.16797E-01  5.79169E-02
  7.20703E-01  5.70000E-02
  7.24609E-01  5.61044E-02
  7.28516E-01  5.52317E-02
  7.32422E-01  5.43780E-02
  7.36328E-01  5.35379E-02
  7.40234E-01  5.27178E-02
  7.44141E-01  5.19141E-02
  7.48047E-01  5.11206E-02
  7.51953E-01  5.03437E-02
  7.55859E-01  4.95848E-02
  7.59766E-01  4.88313E-02
  7.63672E-01  4.80937E-02
  7.67578E-01  4.73684E-02
  7.71484E-01  4.66637E-02
  7.75391E-01  4.59758E-02
  7.79297E-01  4.53007E-02
  7.83203E-01  4.46456E-02
  7.87109E-01  4.39997E-02
  7.91016E-01  4.33689E-02
  7.94922E-01  4.27499E-02
  7.98828E-01  4.21416E-02
  8.02734E-01  4.15476E-02
  8.06641E-01  4.09646E-02
  8.10547E-01  4.03899E-02
  8.14453E-01  3.98248E-02
  8.18359E-01  3.92723E-02
  8.22266E-01  3.87295E-02
  8.26172E-01  3.81920E-02
  8.30078E-01  3.76712E-02
  8.33984E-01  3.71542E-02
  8.37891E-01  3.66509E-02
  8.41797E-01  3.61528E-02
  8.45703E-01  3.56679E-02
  8.49609E-01  3.51899E-02
  8.53516E-01  3.47205E-02
  8.57422E-01  3.42574E-02
  8.61328E-01  3.38033E-02
  8.65234E-01  3.33578E-02
  8.69141E-01  3.29189E-02
  8.73047E-01  3.24875E-02
  8.76953E-01  3.20639E-02
  8.80859E-01  3.16484E-02
  8.84766E-01  3.12401E-02
  8.88672E-01  3.08399E-02
  8.92578E-01  3.04439E-02
  8.96484E-01  3.00554E-02
  9.00391E-01  2.96742E-02
  9.04297E-01  2.92982E-02
  9.08203E-01  2.89284E-02
  9.12109E-01  2.85641E-02
  9.16016E-01  2.82059E-02
  9.19922E-01  2.78560E-02
  9.23828E-01  2.75095E-02
  9.27734E-01  2.71692E-02
  9.31641E-01  2.68360E-02
  9.35547E-01  2.65075E-02
  9.39453E-01  2.61825E-02
  9.43359E-01  2.58653E-02
  9.47266E-01  2.55514E-02
  9.51172E-01  2.52427E-02
  9.55078E-01  2.49384E-02
  9.58984E-01  2.46400E-02
  9.62891E-01  2.43488E-02
  9.66797E-01  2.40618E-02
  9.70703E-01  2.37827E-02
  9.74609E-01  2.35113E-02
  9.78516E-01  2.32474E-02
  9.82422E-01  2.29962E-02
  9.86328E-01  2.27579E-02
  9.90234E-01  2.25403E-02
  9.94141E-01  2.23597E-02
  9.98047E-01  2.22729E-02
  1.00195E+00  2.22729E-02
