 -1.95312E-03  9.04307E+00
  1.95312E-03  9.04340E+00
  5.85938E-03  9.03859E+00
  9.76562E-03  9.03380E+00
  1.36719E-02  9.02842E+00
  1.75781E-02  9.02237E+00
  2.14844E-02  9.01562E+00
  2.53906E-02  9.00818E+00
  2.92969E-02  9.00003E+00
  3.32031E-02  8.99119E+00
  3.71094E-02  8.98165E+00
  4.10156E-02  8.97140E+00
  4.49219E-02  8.96047E+00
  4.88281E-02  8.94883E+00
  5.27344E-02  8.93650E+00
  5.66406E-02  8.92348E+00
  6.05469E-02  8.90977E+00
  6.44531E-02  8.89535E+00
  6.83594E-02  8.88024E+00
  7.22656E-02  8.86444E+00
  7.61719E-02  8.84794E+00
  8.00781E-02  8.83074E+00
  8.39844E-02  8.81284E+00
  8.78906E-02  8.79425E+00
  9.17969E-02  8.77494E+00
  9.57031E-02  8.75494E+00
  9.96094E-02  8.73423E+00
  1.03516E-01  8.71280E+00
  1.07422E-01  8.69066E+00
  1.11328E-01  8.66780E+00
  1.15234E-01  8.64422E+00
  1.19141E-01  8.61991E+00
  1.23047E-01  8.59486E+00
  1.26953E-01  8.56907E+00
  1.30859E-01  8.54253E+00
  1.34766E-01  8.51524E+00
  1.38672E-01  8.48718E+00
  1.42578E-01  8.45836E+00
  1.46484E-01  8.42876E+00
  1.50391E-01  8.39838E+00
  1.54297E-01  8.36721E+00
  1.58203E-01  8.33523E+00
  1.62109E-01  8.30245E+00
  1.66016E-01  8.26883E+00
  1.69922E-01  8.23439E+00
  1.73828E-01  8.19910E+00
  1.77734E-01  8.16295E+00
  1.81641E-01  8.12593E+00
  1.85547E-01  8.08802E+00
  1.89453E-01  8.04920E+00
  1.93359E-01  8.00947E+00
  1.97266E-01  7.96879E+00
  2.01172E-01  7.92716E+00
  2.05078E-01  7.88456E+00
  2.08984E-01  7.84095E+00
  2.12891E-01  7.79633E+00
  2.16797E-01  7.75067E+00
  2.20703E-01  7.70394E+00
  2.24609E-01  7.65611E+00
  2.28516E-01  7.60715E+00
  2.32422E-01  7.55703E+00
  2.36328E-01  7.50572E+00
  2.40234E-01  7.45319E+00
  2.44141E-01  7.39940E+00
  2.48047E-01  7.34430E+00
  2.51953E-01  7.28786E+00
  2.55859E-01  7.23002E+00
  2.59766E-01  7.17074E+00
  2.63672E-01  7.10995E+00
  2.67578E-01  7.04761E+00
  2.71484E-01  6.98364E+00
  2.75391E-01  6.91798E+00
  2.79297E-01  6.85055E+00
  2.83203E-01  6.78127E+00
  2.87109E-01  6.71005E+00
  2.91016E-01  6.63678E+00
  2.94922E-01  6.56137E+00
  2.98828E-01  6.48368E+00
  3.02734E-01  6.40358E+00
  3.06641E-01  6.32093E+00
  3.10547E-01  6.23555E+00
  3.14453E-01  6.14725E+00
  3.18359E-01  6.05582E+00
  3.22266E-01  5.96102E+00
  3.26172E-01  5.86256E+00
  3.30078E-01  5.76013E+00
  3.33984E-01  5.65335E+00
  3.37891E-01  5.54177E+00
  3.41797E-01  5.42483E+00
  3.45703E-01  5.30149E+00
  3.49609E-01  5.16303E+00
  3.53516E-01  4.87420E+00
  3.57422E-01  5.99249E-01
  3.61328E-01  4.92967E-01
  3.65234E-01  4.80340E-01
  3.69141E-01  4.65986E-01
  3.73047E-01  4.52624E-01
  3.76953E-01  4.39374E-01
  3.80859E-01  4.27001E-01
  3.84766E-01  4.14806E-01
  3.88672E-01  4.03340E-01
  3.92578E-01  3.91985E-01
  3.96484E-01  3.81394E-01
  4.00391E-01  3.70845E-01
  4.04297E-01  3.60958E-01
  4.08203E-01  3.51274E-01
  4.12109E-01  3.41963E-01
  4.16016E-01  3.33040E-01
  4.19922E-01  3.24291E-01
  4.23828E-01  3.16016E-01
  4.27734E-01  3.07858E-01
  4.31641E-01  3.00131E-01
  4.35547E-01  2.92514E-01
  4.39453E-01  2.85284E-01
  4.43359E-01  2.78174E-01
  4.47266E-01  2.71418E-01
  4.51172E-01  2.64775E-01
  4.55078E-01  2.58423E-01
  4.58984E-01  2.52217E-01
  4.62891E-01  2.46249E-01
  4.66797E-01  2.40439E-01
  4.70703E-01  2.34827E-01
  4.74609E-01  2.29373E-01
  4.78516E-01  2.24108E-01
  4.82422E-01  2.18997E-01
  4.86328E-01  2.14032E-01
  4.90234E-01  2.09225E-01
  4.94141E-01  2.04550E-01
  4.98047E-01  2.00017E-01
  5.01953E-01  1.95619E-01
  5.05859E-01  1.91368E-01
  5.09766E-01  1.87225E-01
  5.13672E-01  1.83189E-01
  5.17578E-01  1.79269E-01
  5.21484E-01  1.75464E-01
  5.25391E-01  1.71765E-01
  5.29297E-01  1.68174E-01
  5.33203E-01  1.64691E-01
  5.37109E-01  1.61290E-01
  5.41016E-01  1.57980E-01
  5.44922E-01  1.54773E-01
  5.48828E-01  1.51646E-01
  5.52734E-01  1.48591E-01
  5.56641E-01  1.45634E-01
  5.60547E-01  1.42768E-01
  5.64453E-01  1.39942E-01
  5.68359E-01  1.37196E-01
  5.72266E-01  1.34558E-01
  5.76172E-01  1.31959E-01
  5.80078E-01  1.29415E-01
  5.83984E-01  1.26978E-01
  5.87891E-01  1.24596E-01
  5.91797E-01  1.22213E-01
  5.95703E-01  1.19891E-01
  5.99609E-01  1.17673E-01
  6.03516E-01  1.15511E-01
  6.07422E-01  1.13390E-01
  6.11328E-01  1.11329E-01
  6.15234E-01  1.09335E-01
  6.19141E-01  1.07358E-01
  6.23047E-01  1.05406E-01
  6.26953E-01  1.03505E-01
  6.30859E-01  1.01656E-01
  6.34766E-01  9.98570E-02
  6.38672E-01  9.80972E-02
  6.42578E-01  9.63796E-02
  6.46484E-01  9.47181E-02
  6.50391E-01  9.30963E-02
  6.54297E-01  9.15048E-02
  6.58203E-01  8.99445E-02
  6.62109E-01  8.84248E-02
  6.66016E-01  8.69361E-02
  6.69922E-01  8.54866E-02
  6.73828E-01  8.40624E-02
  6.77734E-01  8.26643E-02
  6.81641E-01  8.13100E-02
  6.85547E-01  7.99925E-02
  6.89453E-01  7.87035E-02
  6.93359E-01  7.74358E-02
  6.97266E-01  7.61912E-02
  7.01172E-01  7.49665E-02
  7.05078E-01  7.37689E-02
  7.08984E-01  7.26041E-02
  7.12891E-01  7.14623E-02
  7.16797E-01  7.03386E-02
  7.20703E-01  6.92324E-02
  7.24609E-01  6.81572E-02
  7.28516E-01  6.70952E-02
  7.32422E-01  6.60673E-02
  7.36328E-01  6.50666E-02
  7.40234E-01  6.40911E-02
  7.44141E-01  6.31350E-02
  7.48047E-01  6.21875E-02
  7.51953E-01  6.12517E-02
  7.55859E-01  6.03284E-02
  7.59766E-01  5.94288E-02
  7.63672E-01  5.85502E-02
  7.67578E-01  5.76877E-02
  7.71484E-01  5.68437E-02
  7.75391E-01  5.60137E-02
  7.79297E-01  5.51983E-02
  7.83203E-01  5.43981E-02
  7.87109E-01  5.36123E-02
  7.91016E-01  5.28446E-02
  7.94922E-01  5.20927E-02
  7.98828E-01  5.13580E-02
  8.02734E-01  5.06295E-02
  8.06641E-01  4.99231E-02
  8.10547E-01  4.92207E-02
  8.14453E-01  4.85290E-02
  8.18359E-01  4.78458E-02
  8.22266E-01  4.71790E-02
  8.26172E-01  4.65258E-02
  8.30078E-01  4.58882E-02
  8.33984E-01  4.52632E-02
  8.37891E-01  4.46513E-02
  8.41797E-01  4.40504E-02
  8.45703E-01  4.34599E-02
  8.49609E-01  4.28812E-02
  8.53516E-01  4.23108E-02
  8.57422E-01  4.17498E-02
  8.61328E-01  4.12002E-02
  8.65234E-01  4.06618E-02
  8.69141E-01  4.01307E-02
  8.73047E-01  3.96100E-02
  8.76953E-01  3.90968E-02
  8.80859E-01  3.85929E-02
  8.84766E-01  3.80974E-02
  8.88672E-01  3.76081E-02
  8.92578E-01  3.71282E-02
  8.96484E-01  3.66578E-02
  9.00391E-01  3.61948E-02
  9.04297E-01  3.57401E-02
  9.08203E-01  3.52912E-02
  9.12109E-01  3.48521E-02
  9.16016E-01  3.44187E-02
  9.19922E-01  3.39904E-02
  9.23828E-01  3.35701E-02
  9.27734E-01  3.31578E-02
  9.31641E-01  3.27495E-02
  9.35547E-01  3.23508E-02
  9.39453E-01  3.19576E-02
  9.43359E-01  3.15707E-02
  9.47266E-01  3.11899E-02
  9.51172E-01  3.08154E-02
  9.55078E-01  3.04469E-02
  9.58984E-01  3.00816E-02
  9.62891E-01  2.97243E-02
  9.66797E-01  2.93736E-02
  9.70703E-01  2.90294E-02
  9.74609E-01  2.86955E-02
  9.78516E-01  2.83697E-02
  9.82422E-01  2.80581E-02
  9.86328E-01  2.77629E-02
  9.90234E-01  2.74936E-02
  9.94141E-01  2.72766E-02
  9.98047E-01  2.71721E-02
  1.00195E+00  2.71721E-02
