 -1.95312E-03  7.74864E+00
  1.95312E-03  7.74995E+00
  5.85938E-03  7.74492E+00
  9.76562E-03  7.73976E+00
  1.36719E-02  7.73382E+00
  1.75781E-02  7.72702E+00
  2.14844E-02  7.71935E+00
  2.53906E-02  7.71079E+00
  2.92969E-02  7.70135E+00
  3.32031E-02  7.69103E+00
  3.71094E-02  7.67983E+00
  4.10156E-02  7.66774E+00
  4.49219E-02  7.65477E+00
  4.88281E-02  7.64092E+00
  5.27344E-02  7.62619E+00
  5.66406E-02  7.61058E+00
  6.05469E-02  7.59408E+00
  6.44531E-02  7.57669E+00
  6.83594E-02  7.55842E+00
  7.22656E-02  7.53925E+00
  7.61719E-02  7.51918E+00
  8.00781E-02  7.49821E+00
  8.39844E-02  7.47633E+00
  8.78906E-02  7.45355E+00
  9.17969E-02  7.42985E+00
  9.57031E-02  7.40522E+00
  9.96094E-02  7.37966E+00
  1.03516E-01  7.35316E+00
  1.07422E-01  7.32571E+00
  1.11328E-01  7.29731E+00
  1.15234E-01  7.26793E+00
  1.19141E-01  7.23758E+00
  1.23047E-01  7.20623E+00
  1.26953E-01  7.17389E+00
  1.30859E-01  7.14052E+00
  1.34766E-01  7.10612E+00
  1.38672E-01  7.07067E+00
  1.42578E-01  7.03416E+00
  1.46484E-01  6.99656E+00
  1.50391E-01  6.95786E+00
  1.54297E-01  6.91803E+00
  1.58203E-01  6.87705E+00
  1.62109E-01  6.83490E+00
  1.66016E-01  6.79156E+00
  1.69922E-01  6.74699E+00
  1.73828E-01  6.70117E+00
  1.77734E-01  6.65406E+00
  1.81641E-01  6.60564E+00
  1.85547E-01  6.55586E+00
  1.89453E-01  6.50469E+00
  1.93359E-01  6.45208E+00
  1.97266E-01  6.39799E+00
  2.01172E-01  6.34238E+00
  2.05078E-01  6.28518E+00
  2.08984E-01  6.22635E+00
  2.12891E-01  6.16582E+00
  2.16797E-01  6.10354E+00
  2.20703E-01  6.03942E+00
  2.24609E-01  5.97339E+00
  2.28516E-01  5.90537E+00
  2.32422E-01  5.83527E+00
  2.36328E-01  5.76298E+00
  2.40234E-01  5.68839E+00
  2.44141E-01  5.61139E+00
  2.48047E-01  5.53184E+00
  2.51953E-01  5.44959E+00
  2.55859E-01  5.36447E+00
  2.59766E-01  5.27631E+00
  2.63672E-01  5.18489E+00
  2.67578E-01  5.08999E+00
  2.71484E-01  4.99132E+00
  2.75391E-01  4.88860E+00
  2.79297E-01  4.78148E+00
  2.83203E-01  4.66955E+00
  2.87109E-01  4.55235E+00
  2.91016E-01  4.42932E+00
  2.94922E-01  4.29981E+00
  2.98828E-01  4.16304E+00
  3.02734E-01  4.01805E+00
  3.06641E-01  3.86365E+00
  3.10547E-01  3.69832E+00
  3.14453E-01  3.52015E+00
  3.18359E-01  3.32662E+00
  3.22266E-01  3.11473E+00
  3.26172E-01  2.88208E+00
  3.30078E-01  2.63055E+00
  3.33984E-01  2.37156E+00
  3.37891E-01  2.13077E+00
  3.41797E-01  1.93650E+00
  3.45703E-01  1.79790E+00
  3.49609E-01  1.70385E+00
  3.53516E-01  1.63752E+00
  3.57422E-01  1.58610E+00
  3.61328E-01  1.54233E+00
  3.65234E-01  1.50262E+00
  3.69141E-01  1.46539E+00
  3.73047E-01  1.42996E+00
  3.76953E-01  1.39596E+00
  3.80859E-01  1.36327E+00
  3.84766E-01  1.33179E+00
  3.88672E-01  1.30143E+00
  3.92578E-01  1.27215E+00
  3.96484E-01  1.24385E+00
  4.00391E-01  1.21641E+00
  4.04297E-01  1.18985E+00
  4.08203E-01  1.16412E+00
  4.12109E-01  1.13919E+00
  4.16016E-01  1.11504E+00
  4.19922E-01  1.09162E+00
  4.23828E-01  1.06890E+00
  4.27734E-01  1.04684E+00
  4.31641E-01  1.02544E+00
  4.35547E-01  1.00461E+00
  4.39453E-01  9.84412E-01
  4.43359E-01  9.64764E-01
  4.47266E-01  9.45630E-01
  4.51172E-01  9.27005E-01
  4.55078E-01  9.08965E-01
  4.58984E-01  8.91548E-01
  4.62891E-01  8.74600E-01
  4.66797E-01  8.58043E-01
  4.70703E-01  8.41876E-01
  4.74609E-01  8.26099E-01
  4.78516E-01  8.10690E-01
  4.82422E-01  7.95614E-01
  4.86328E-01  7.80854E-01
  4.90234E-01  7.66426E-01
  4.94141E-01  7.52457E-01
  4.98047E-01  7.38972E-01
  5.01953E-01  7.25819E-01
  5.05859E-01  7.12862E-01
  5.09766E-01  7.00209E-01
  5.13672E-01  6.87908E-01
  5.17578E-01  6.75900E-01
  5.21484E-01  6.64144E-01
  5.25391E-01  6.52655E-01
  5.29297E-01  6.41448E-01
  5.33203E-01  6.30504E-01
  5.37109E-01  6.19802E-01
  5.41016E-01  6.09341E-01
  5.44922E-01  5.99115E-01
  5.48828E-01  5.89121E-01
  5.52734E-01  5.79351E-01
  5.56641E-01  5.69792E-01
  5.60547E-01  5.60445E-01
  5.64453E-01  5.51305E-01
  5.68359E-01  5.42363E-01
  5.72266E-01  5.33614E-01
  5.76172E-01  5.25052E-01
  5.80078E-01  5.16674E-01
  5.83984E-01  5.08476E-01
  5.87891E-01  5.00448E-01
  5.91797E-01  4.92591E-01
  5.95703E-01  4.84898E-01
  5.99609E-01  4.77363E-01
  6.03516E-01  4.69986E-01
  6.07422E-01  4.62761E-01
  6.11328E-01  4.55682E-01
  6.15234E-01  4.48748E-01
  6.19141E-01  4.41954E-01
  6.23047E-01  4.35297E-01
  6.26953E-01  4.28775E-01
  6.30859E-01  4.22382E-01
  6.34766E-01  4.16115E-01
  6.38672E-01  4.09969E-01
  6.42578E-01  4.03947E-01
  6.46484E-01  3.98039E-01
  6.50391E-01  3.92248E-01
  6.54297E-01  3.86570E-01
  6.58203E-01  3.81000E-01
  6.62109E-01  3.75543E-01
  6.66016E-01  3.70179E-01
  6.69922E-01  3.64924E-01
  6.73828E-01  3.59768E-01
  6.77734E-01  3.54707E-01
  6.81641E-01  3.49742E-01
  6.85547E-01  3.44867E-01
  6.89453E-01  3.40080E-01
  6.93359E-01  3.35386E-01
  6.97266E-01  3.30779E-01
  7.01172E-01  3.26254E-01
  7.05078E-01  3.21812E-01
  7.08984E-01  3.17451E-01
  7.12891E-01  3.13167E-01
  7.16797E-01  3.08960E-01
  7.20703E-01  3.04826E-01
  7.24609E-01  3.00770E-01
  7.28516E-01  2.96784E-01
  7.32422E-01  2.92866E-01
  7.36328E-01  2.89017E-01
  7.40234E-01  2.85239E-01
  7.44141E-01  2.81522E-01
  7.48047E-01  2.77875E-01
  7.51953E-01  2.74286E-01
  7.55859E-01  2.70761E-01
  7.59766E-01  2.67294E-01
  7.63672E-01  2.63890E-01
  7.67578E-01  2.60538E-01
  7.71484E-01  2.57246E-01
  7.75391E-01  2.54007E-01
  7.79297E-01  2.50824E-01
  7.83203E-01  2.47696E-01
  7.87109E-01  2.44615E-01
  7.91016E-01  2.41591E-01
  7.94922E-01  2.38610E-01
  7.98828E-01  2.35681E-01
  8.02734E-01  2.32800E-01
  8.06641E-01  2.29964E-01
  8.10547E-01  2.27177E-01
  8.14453E-01  2.24432E-01
  8.18359E-01  2.21731E-01
  8.22266E-01  2.19076E-01
  8.26172E-01  2.16460E-01
  8.30078E-01  2.13886E-01
  8.33984E-01  2.11352E-01
  8.37891E-01  2.08860E-01
  8.41797E-01  2.06404E-01
  8.45703E-01  2.03987E-01
  8.49609E-01  2.01609E-01
  8.53516E-01  1.99268E-01
  8.57422E-01  1.96955E-01
  8.61328E-01  1.94688E-01
  8.65234E-01  1.92455E-01
  8.69141E-01  1.90245E-01
  8.73047E-01  1.88072E-01
  8.76953E-01  1.85937E-01
  8.80859E-01  1.83832E-01
  8.84766E-01  1.81748E-01
  8.88672E-01  1.79705E-01
  8.92578E-01  1.77692E-01
  8.96484E-01  1.75701E-01
  9.00391E-01  1.73736E-01
  9.04297E-01  1.71810E-01
  9.08203E-01  1.69908E-01
  9.12109E-01  1.68025E-01
  9.16016E-01  1.66174E-01
  9.19922E-01  1.64355E-01
  9.23828E-01  1.62550E-01
  9.27734E-01  1.60772E-01
  9.31641E-01  1.59025E-01
  9.35547E-01  1.57300E-01
  9.39453E-01  1.55593E-01
  9.43359E-01  1.53914E-01
  9.47266E-01  1.52261E-01
  9.51172E-01  1.50622E-01
  9.55078E-01  1.49007E-01
  9.58984E-01  1.47422E-01
  9.62891E-01  1.45849E-01
  9.66797E-01  1.44298E-01
  9.70703E-01  1.42772E-01
  9.74609E-01  1.41261E-01
  9.78516E-01  1.39760E-01
  9.82422E-01  1.38280E-01
  9.86328E-01  1.36808E-01
  9.90234E-01  1.35339E-01
  9.94141E-01  1.33942E-01
  9.98047E-01  1.33308E-01
  1.00195E+00  1.33308E-01
