 -1.95312E-03  8.33327E+00
  1.95312E-03  8.33430E+00
  5.85938E-03  8.32940E+00
  9.76562E-03  8.32442E+00
  1.36719E-02  8.31873E+00
  1.75781E-02  8.31228E+00
  2.14844E-02  8.30503E+00
  2.53906E-02  8.29698E+00
  2.92969E-02  8.28814E+00
  3.32031E-02  8.27849E+00
  3.71094E-02  8.26805E+00
  4.10156E-02  8.25681E+00
  4.49219E-02  8.24477E+00
  4.88281E-02  8.23193E+00
  5.27344E-02  8.21830E+00
  5.66406E-02  8.20387E+00
  6.05469E-02  8.18864E+00
  6.44531E-02  8.17262E+00
  6.83594E-02  8.15579E+00
  7.22656E-02  8.13816E+00
  7.61719E-02  8.11971E+00
  8.00781E-02  8.10046E+00
  8.39844E-02  8.08040E+00
  8.78906E-02  8.05953E+00
  9.17969E-02  8.03782E+00
  9.57031E-02  8.01530E+00
  9.96094E-02  7.99194E+00
  1.03516E-01  7.96775E+00
  1.07422E-01  7.94272E+00
  1.11328E-01  7.91684E+00
  1.15234E-01  7.89010E+00
  1.19141E-01  7.86250E+00
  1.23047E-01  7.83402E+00
  1.26953E-01  7.80466E+00
  1.30859E-01  7.77441E+00
  1.34766E-01  7.74325E+00
  1.38672E-01  7.71118E+00
  1.42578E-01  7.67818E+00
  1.46484E-01  7.64423E+00
  1.50391E-01  7.60933E+00
  1.54297E-01  7.57345E+00
  1.58203E-01  7.53659E+00
  1.62109E-01  7.49872E+00
  1.66016E-01  7.45983E+00
  1.69922E-01  7.41989E+00
  1.73828E-01  7.37889E+00
  1.77734E-01  7.33680E+00
  1.81641E-01  7.29359E+00
  1.85547E-01  7.24925E+00
  1.89453E-01  7.20374E+00
  1.93359E-01  7.15704E+00
  1.97266E-01  7.10911E+00
  2.01172E-01  7.05991E+00
  2.05078E-01  7.00942E+00
  2.08984E-01  6.95760E+00
  2.12891E-01  6.90439E+00
  2.16797E-01  6.84976E+00
  2.20703E-01  6.79365E+00
  2.24609E-01  6.73602E+00
  2.28516E-01  6.67680E+00
  2.32422E-01  6.61595E+00
  2.36328E-01  6.55338E+00
  2.40234E-01  6.48903E+00
  2.44141E-01  6.42282E+00
  2.48047E-01  6.35465E+00
  2.51953E-01  6.28445E+00
  2.55859E-01  6.21209E+00
  2.59766E-01  6.13747E+00
  2.63672E-01  6.06046E+00
  2.67578E-01  5.98090E+00
  2.71484E-01  5.89866E+00
  2.75391E-01  5.81354E+00
  2.79297E-01  5.72535E+00
  2.83203E-01  5.63386E+00
  2.87109E-01  5.53881E+00
  2.91016E-01  5.43991E+00
  2.94922E-01  5.33681E+00
  2.98828E-01  5.22911E+00
  3.02734E-01  5.11634E+00
  3.06641E-01  4.99793E+00
  3.10547E-01  4.87322E+00
  3.14453E-01  4.74136E+00
  3.18359E-01  4.60131E+00
  3.22266E-01  4.45173E+00
  3.26172E-01  4.29083E+00
  3.30078E-01  4.11601E+00
  3.33984E-01  3.92244E+00
  3.37891E-01  3.69563E+00
  3.41797E-01  3.37947E+00
  3.45703E-01  2.83715E+00
  3.49609E-01  1.81140E+00
  3.53516E-01  1.36664E+00
  3.57422E-01  1.22929E+00
  3.61328E-01  1.17903E+00
  3.65234E-01  1.14785E+00
  3.69141E-01  1.11713E+00
  3.73047E-01  1.08764E+00
  3.76953E-01  1.05931E+00
  3.80859E-01  1.03207E+00
  3.84766E-01  1.00579E+00
  3.88672E-01  9.80441E-01
  3.92578E-01  9.56068E-01
  3.96484E-01  9.32549E-01
  4.00391E-01  9.09824E-01
  4.04297E-01  8.87875E-01
  4.08203E-01  8.66664E-01
  4.12109E-01  8.46141E-01
  4.16016E-01  8.26276E-01
  4.19922E-01  8.07173E-01
  4.23828E-01  7.88746E-01
  4.27734E-01  7.70820E-01
  4.31641E-01  7.53427E-01
  4.35547E-01  7.36616E-01
  4.39453E-01  7.20271E-01
  4.43359E-01  7.04315E-01
  4.47266E-01  6.88890E-01
  4.51172E-01  6.73953E-01
  4.55078E-01  6.59410E-01
  4.58984E-01  6.45291E-01
  4.62891E-01  6.31596E-01
  4.66797E-01  6.18276E-01
  4.70703E-01  6.05335E-01
  4.74609E-01  5.92764E-01
  4.78516E-01  5.80543E-01
  4.82422E-01  5.68653E-01
  4.86328E-01  5.57088E-01
  4.90234E-01  5.45844E-01
  4.94141E-01  5.34898E-01
  4.98047E-01  5.24244E-01
  5.01953E-01  5.13877E-01
  5.05859E-01  5.03783E-01
  5.09766E-01  4.93948E-01
  5.13672E-01  4.84375E-01
  5.17578E-01  4.75050E-01
  5.21484E-01  4.65960E-01
  5.25391E-01  4.57102E-01
  5.29297E-01  4.48470E-01
  5.33203E-01  4.40055E-01
  5.37109E-01  4.31848E-01
  5.41016E-01  4.23846E-01
  5.44922E-01  4.16040E-01
  5.48828E-01  4.08426E-01
  5.52734E-01  4.00998E-01
  5.56641E-01  3.93751E-01
  5.60547E-01  3.86677E-01
  5.64453E-01  3.79778E-01
  5.68359E-01  3.73031E-01
  5.72266E-01  3.66454E-01
  5.76172E-01  3.60021E-01
  5.80078E-01  3.53747E-01
  5.83984E-01  3.47611E-01
  5.87891E-01  3.41623E-01
  5.91797E-01  3.35765E-01
  5.95703E-01  3.30049E-01
  5.99609E-01  3.24452E-01
  6.03516E-01  3.18991E-01
  6.07422E-01  3.13647E-01
  6.11328E-01  3.08424E-01
  6.15234E-01  3.03318E-01
  6.19141E-01  2.98315E-01
  6.23047E-01  2.93433E-01
  6.26953E-01  2.88647E-01
  6.30859E-01  2.83967E-01
  6.34766E-01  2.79397E-01
  6.38672E-01  2.74920E-01
  6.42578E-01  2.70539E-01
  6.46484E-01  2.66249E-01
  6.50391E-01  2.62045E-01
  6.54297E-01  2.57932E-01
  6.58203E-01  2.53908E-01
  6.62109E-01  2.49969E-01
  6.66016E-01  2.46105E-01
  6.69922E-01  2.42321E-01
  6.73828E-01  2.38617E-01
  6.77734E-01  2.34986E-01
  6.81641E-01  2.31429E-01
  6.85547E-01  2.27944E-01
  6.89453E-01  2.24526E-01
  6.93359E-01  2.21178E-01
  6.97266E-01  2.17897E-01
  7.01172E-01  2.14679E-01
  7.05078E-01  2.11526E-01
  7.08984E-01  2.08435E-01
  7.12891E-01  2.05402E-01
  7.16797E-01  2.02430E-01
  7.20703E-01  1.99507E-01
  7.24609E-01  1.96650E-01
  7.28516E-01  1.93849E-01
  7.32422E-01  1.91088E-01
  7.36328E-01  1.88380E-01
  7.40234E-01  1.85736E-01
  7.44141E-01  1.83144E-01
  7.48047E-01  1.80586E-01
  7.51953E-01  1.78071E-01
  7.55859E-01  1.75619E-01
  7.59766E-01  1.73209E-01
  7.63672E-01  1.70832E-01
  7.67578E-01  1.68497E-01
  7.71484E-01  1.66217E-01
  7.75391E-01  1.63979E-01
  7.79297E-01  1.61771E-01
  7.83203E-01  1.59598E-01
  7.87109E-01  1.57474E-01
  7.91016E-01  1.55392E-01
  7.94922E-01  1.53336E-01
  7.98828E-01  1.51312E-01
  8.02734E-01  1.49330E-01
  8.06641E-01  1.47392E-01
  8.10547E-01  1.45476E-01
  8.14453E-01  1.43587E-01
  8.18359E-01  1.41731E-01
  8.22266E-01  1.39918E-01
  8.26172E-01  1.38137E-01
  8.30078E-01  1.36374E-01
  8.33984E-01  1.34645E-01
  8.37891E-01  1.32947E-01
  8.41797E-01  1.31282E-01
  8.45703E-01  1.29631E-01
  8.49609E-01  1.28006E-01
  8.53516E-01  1.26418E-01
  8.57422E-01  1.24857E-01
  8.61328E-01  1.23322E-01
  8.65234E-01  1.21802E-01
  8.69141E-01  1.20309E-01
  8.73047E-01  1.18846E-01
  8.76953E-01  1.17403E-01
  8.80859E-01  1.15980E-01
  8.84766E-01  1.14577E-01
  8.88672E-01  1.13202E-01
  8.92578E-01  1.11852E-01
  8.96484E-01  1.10518E-01
  9.00391E-01  1.09205E-01
  9.04297E-01  1.07908E-01
  9.08203E-01  1.06636E-01
  9.12109E-01  1.05386E-01
  9.16016E-01  1.04152E-01
  9.19922E-01  1.02934E-01
  9.23828E-01  1.01734E-01
  9.27734E-01  1.00563E-01
  9.31641E-01  9.94034E-02
  9.35547E-01  9.82562E-02
  9.39453E-01  9.71275E-02
  9.43359E-01  9.60243E-02
  9.47266E-01  9.49344E-02
  9.51172E-01  9.38553E-02
  9.55078E-01  9.27864E-02
  9.58984E-01  9.17389E-02
  9.62891E-01  9.07116E-02
  9.66797E-01  8.96927E-02
  9.70703E-01  8.86830E-02
  9.74609E-01  8.76881E-02
  9.78516E-01  8.67057E-02
  9.82422E-01  8.57328E-02
  9.86328E-01  8.47719E-02
  9.90234E-01  8.38332E-02
  9.94141E-01  8.30711E-02
  9.98047E-01  8.27261E-02
  1.00195E+00  8.27261E-02
