 -1.95312E-03  8.86572E+00
  1.95312E-03  8.86698E+00
  5.85938E-03  8.86212E+00
  9.76562E-03  8.85729E+00
  1.36719E-02  8.85184E+00
  1.75781E-02  8.84569E+00
  2.14844E-02  8.83882E+00
  2.53906E-02  8.83123E+00
  2.92969E-02  8.82291E+00
  3.32031E-02  8.81387E+00
  3.71094E-02  8.80410E+00
  4.10156E-02  8.79362E+00
  4.49219E-02  8.78242E+00
  4.88281E-02  8.77049E+00
  5.27344E-02  8.75785E+00
  5.66406E-02  8.74448E+00
  6.05469E-02  8.73040E+00
  6.44531E-02  8.71560E+00
  6.83594E-02  8.70007E+00
  7.22656E-02  8.68383E+00
  7.61719E-02  8.66686E+00
  8.00781E-02  8.64917E+00
  8.39844E-02  8.63075E+00
  8.78906E-02  8.61160E+00
  9.17969E-02  8.59172E+00
  9.57031E-02  8.57111E+00
  9.96094E-02  8.54976E+00
  1.03516E-01  8.52767E+00
  1.07422E-01  8.50483E+00
  1.11328E-01  8.48125E+00
  1.15234E-01  8.45691E+00
  1.19141E-01  8.43180E+00
  1.23047E-01  8.40593E+00
  1.26953E-01  8.37929E+00
  1.30859E-01  8.35187E+00
  1.34766E-01  8.32366E+00
  1.38672E-01  8.29466E+00
  1.42578E-01  8.26486E+00
  1.46484E-01  8.23424E+00
  1.50391E-01  8.20279E+00
  1.54297E-01  8.17052E+00
  1.58203E-01  8.13740E+00
  1.62109E-01  8.10343E+00
  1.66016E-01  8.06858E+00
  1.69922E-01  8.03286E+00
  1.73828E-01  7.99624E+00
  1.77734E-01  7.95872E+00
  1.81641E-01  7.92027E+00
  1.85547E-01  7.88088E+00
  1.89453E-01  7.84053E+00
  1.93359E-01  7.79920E+00
  1.97266E-01  7.75687E+00
  2.01172E-01  7.71351E+00
  2.05078E-01  7.66911E+00
  2.08984E-01  7.62364E+00
  2.12891E-01  7.57708E+00
  2.16797E-01  7.52939E+00
  2.20703E-01  7.48055E+00
  2.24609E-01  7.43054E+00
  2.28516E-01  7.37930E+00
  2.32422E-01  7.32681E+00
  2.36328E-01  7.27303E+00
  2.40234E-01  7.21791E+00
  2.44141E-01  7.16142E+00
  2.48047E-01  7.10350E+00
  2.51953E-01  7.04409E+00
  2.55859E-01  6.98316E+00
  2.59766E-01  6.92062E+00
  2.63672E-01  6.85643E+00
  2.67578E-01  6.79051E+00
  2.71484E-01  6.72276E+00
  2.75391E-01  6.65313E+00
  2.79297E-01  6.58150E+00
  2.83203E-01  6.50778E+00
  2.87109E-01  6.43186E+00
  2.91016E-01  6.35360E+00
  2.94922E-01  6.27287E+00
  2.98828E-01  6.18952E+00
  3.02734E-01  6.10337E+00
  3.06641E-01  6.01423E+00
  3.10547E-01  5.92187E+00
  3.14453E-01  5.82604E+00
  3.18359E-01  5.72645E+00
  3.22266E-01  5.62276E+00
  3.26172E-01  5.51459E+00
  3.30078E-01  5.40146E+00
  3.33984E-01  5.28282E+00
  3.37891E-01  5.15799E+00
  3.41797E-01  5.02610E+00
  3.45703E-01  4.88529E+00
  3.49609E-01  4.72178E+00
  3.53516E-01  4.37794E+00
  3.57422E-01  8.77643E-01
  3.61328E-01  6.62183E-01
  3.65234E-01  6.39085E-01
  3.69141E-01  6.22726E-01
  3.73047E-01  6.04789E-01
  3.76953E-01  5.87887E-01
  3.80859E-01  5.71384E-01
  3.84766E-01  5.55660E-01
  3.88672E-01  5.40419E-01
  3.92578E-01  5.25801E-01
  3.96484E-01  5.11669E-01
  4.00391E-01  4.98067E-01
  4.04297E-01  4.84948E-01
  4.08203E-01  4.72276E-01
  4.12109E-01  4.60066E-01
  4.16016E-01  4.48264E-01
  4.19922E-01  4.36871E-01
  4.23828E-01  4.25864E-01
  4.27734E-01  4.15230E-01
  4.31641E-01  4.04942E-01
  4.35547E-01  3.95005E-01
  4.39453E-01  3.85377E-01
  4.43359E-01  3.76058E-01
  4.47266E-01  3.67039E-01
  4.51172E-01  3.58317E-01
  4.55078E-01  3.49878E-01
  4.58984E-01  3.41694E-01
  4.62891E-01  3.33750E-01
  4.66797E-01  3.26073E-01
  4.70703E-01  3.18627E-01
  4.74609E-01  3.11399E-01
  4.78516E-01  3.04387E-01
  4.82422E-01  2.97588E-01
  4.86328E-01  2.90989E-01
  4.90234E-01  2.84592E-01
  4.94141E-01  2.78377E-01
  4.98047E-01  2.72334E-01
  5.01953E-01  2.66475E-01
  5.05859E-01  2.60780E-01
  5.09766E-01  2.55241E-01
  5.13672E-01  2.49859E-01
  5.17578E-01  2.44629E-01
  5.21484E-01  2.39544E-01
  5.25391E-01  2.34602E-01
  5.29297E-01  2.29801E-01
  5.33203E-01  2.25123E-01
  5.37109E-01  2.20571E-01
  5.41016E-01  2.16135E-01
  5.44922E-01  2.11821E-01
  5.48828E-01  2.07631E-01
  5.52734E-01  2.03546E-01
  5.56641E-01  1.99560E-01
  5.60547E-01  1.95685E-01
  5.64453E-01  1.91916E-01
  5.68359E-01  1.88223E-01
  5.72266E-01  1.84628E-01
  5.76172E-01  1.81152E-01
  5.80078E-01  1.77743E-01
  5.83984E-01  1.74405E-01
  5.87891E-01  1.71163E-01
  5.91797E-01  1.68011E-01
  5.95703E-01  1.64920E-01
  5.99609E-01  1.61903E-01
  6.03516E-01  1.58975E-01
  6.07422E-01  1.56112E-01
  6.11328E-01  1.53306E-01
  6.15234E-01  1.50569E-01
  6.19141E-01  1.47912E-01
  6.23047E-01  1.45315E-01
  6.26953E-01  1.42760E-01
  6.30859E-01  1.40281E-01
  6.34766E-01  1.37853E-01
  6.38672E-01  1.35483E-01
  6.42578E-01  1.33156E-01
  6.46484E-01  1.30891E-01
  6.50391E-01  1.28690E-01
  6.54297E-01  1.26539E-01
  6.58203E-01  1.24412E-01
  6.62109E-01  1.22331E-01
  6.66016E-01  1.20316E-01
  6.69922E-01  1.18342E-01
  6.73828E-01  1.16396E-01
  6.77734E-01  1.14483E-01
  6.81641E-01  1.12645E-01
  6.85547E-01  1.10846E-01
  6.89453E-01  1.09070E-01
  6.93359E-01  1.07322E-01
  6.97266E-01  1.05607E-01
  7.01172E-01  1.03938E-01
  7.05078E-01  1.02316E-01
  7.08984E-01  1.00712E-01
  7.12891E-01  9.91245E-02
  7.16797E-01  9.75891E-02
  7.20703E-01  9.60991E-02
  7.24609E-01  9.46361E-02
  7.28516E-01  9.31952E-02
  7.32422E-01  9.17749E-02
  7.36328E-01  9.03900E-02
  7.40234E-01  8.90396E-02
  7.44141E-01  8.77232E-02
  7.48047E-01  8.64191E-02
  7.51953E-01  8.51401E-02
  7.55859E-01  8.38794E-02
  7.59766E-01  8.26561E-02
  7.63672E-01  8.14568E-02
  7.67578E-01  8.02824E-02
  7.71484E-01  7.91280E-02
  7.75391E-01  7.79888E-02
  7.79297E-01  7.68688E-02
  7.83203E-01  7.57738E-02
  7.87109E-01  7.47057E-02
  7.91016E-01  7.36558E-02
  7.94922E-01  7.26274E-02
  7.98828E-01  7.16127E-02
  8.02734E-01  7.06136E-02
  8.06641E-01  6.96338E-02
  8.10547E-01  6.86755E-02
  8.14453E-01  6.77354E-02
  8.18359E-01  6.68138E-02
  8.22266E-01  6.59073E-02
  8.26172E-01  6.50132E-02
  8.30078E-01  6.41333E-02
  8.33984E-01  6.32757E-02
  8.37891E-01  6.24344E-02
  8.41797E-01  6.16053E-02
  8.45703E-01  6.07909E-02
  8.49609E-01  5.99866E-02
  8.53516E-01  5.91960E-02
  8.57422E-01  5.84191E-02
  8.61328E-01  5.76572E-02
  8.65234E-01  5.69091E-02
  8.69141E-01  5.61736E-02
  8.73047E-01  5.54543E-02
  8.76953E-01  5.47446E-02
  8.80859E-01  5.40461E-02
  8.84766E-01  5.33582E-02
  8.88672E-01  5.26831E-02
  8.92578E-01  5.20186E-02
  8.96484E-01  5.13653E-02
  9.00391E-01  5.07255E-02
  9.04297E-01  5.00961E-02
  9.08203E-01  4.94726E-02
  9.12109E-01  4.88627E-02
  9.16016E-01  4.82584E-02
  9.19922E-01  4.76627E-02
  9.23828E-01  4.70766E-02
  9.27734E-01  4.65015E-02
  9.31641E-01  4.59367E-02
  9.35547E-01  4.53802E-02
  9.39453E-01  4.48317E-02
  9.43359E-01  4.42898E-02
  9.47266E-01  4.37606E-02
  9.51172E-01  4.32387E-02
  9.55078E-01  4.27258E-02
  9.58984E-01  4.22228E-02
  9.62891E-01  4.17251E-02
  9.66797E-01  4.12355E-02
  9.70703E-01  4.07508E-02
  9.74609E-01  4.02768E-02
  9.78516E-01  3.98131E-02
  9.82422E-01  3.93643E-02
  9.86328E-01  3.89372E-02
  9.90234E-01  3.85438E-02
  9.94141E-01  3.82385E-02
  9.98047E-01  3.80988E-02
  1.00195E+00  3.80988E-02
