 -1.95312E-03  8.16851E+00
  1.95312E-03  8.17002E+00
  5.85938E-03  8.16501E+00
  9.76562E-03  8.15998E+00
  1.36719E-02  8.15422E+00
  1.75781E-02  8.14767E+00
  2.14844E-02  8.14030E+00
  2.53906E-02  8.13210E+00
  2.92969E-02  8.12309E+00
  3.32031E-02  8.11325E+00
  3.71094E-02  8.10259E+00
  4.10156E-02  8.09112E+00
  4.49219E-02  8.07882E+00
  4.88281E-02  8.06570E+00
  5.27344E-02  8.05176E+00
  5.66406E-02  8.03699E+00
  6.05469E-02  8.02141E+00
  6.44531E-02  8.00499E+00
  6.83594E-02  7.98775E+00
  7.22656E-02  7.96969E+00
  7.61719E-02  7.95079E+00
  8.00781E-02  7.93105E+00
  8.39844E-02  7.91048E+00
  8.78906E-02  7.88906E+00
  9.17969E-02  7.86679E+00
  9.57031E-02  7.84367E+00
  9.96094E-02  7.81970E+00
  1.03516E-01  7.79485E+00
  1.07422E-01  7.76914E+00
  1.11328E-01  7.74254E+00
  1.15234E-01  7.71506E+00
  1.19141E-01  7.68667E+00
  1.23047E-01  7.65738E+00
  1.26953E-01  7.62718E+00
  1.30859E-01  7.59604E+00
  1.34766E-01  7.56396E+00
  1.38672E-01  7.53093E+00
  1.42578E-01  7.49693E+00
  1.46484E-01  7.46195E+00
  1.50391E-01  7.42597E+00
  1.54297E-01  7.38897E+00
  1.58203E-01  7.35093E+00
  1.62109E-01  7.31185E+00
  1.66016E-01  7.27169E+00
  1.69922E-01  7.23045E+00
  1.73828E-01  7.18808E+00
  1.77734E-01  7.14457E+00
  1.81641E-01  7.09988E+00
  1.85547E-01  7.05400E+00
  1.89453E-01  7.00689E+00
  1.93359E-01  6.95851E+00
  1.97266E-01  6.90884E+00
  2.01172E-01  6.85784E+00
  2.05078E-01  6.80547E+00
  2.08984E-01  6.75168E+00
  2.12891E-01  6.69642E+00
  2.16797E-01  6.63966E+00
  2.20703E-01  6.58132E+00
  2.24609E-01  6.52136E+00
  2.28516E-01  6.45970E+00
  2.32422E-01  6.39629E+00
  2.36328E-01  6.33104E+00
  2.40234E-01  6.26387E+00
  2.44141E-01  6.19470E+00
  2.48047E-01  6.12342E+00
  2.51953E-01  6.04992E+00
  2.55859E-01  5.97410E+00
  2.59766E-01  5.89582E+00
  2.63672E-01  5.81493E+00
  2.67578E-01  5.73126E+00
  2.71484E-01  5.64464E+00
  2.75391E-01  5.55486E+00
  2.79297E-01  5.46169E+00
  2.83203E-01  5.36485E+00
  2.87109E-01  5.26405E+00
  2.91016E-01  5.15893E+00
  2.94922E-01  5.04908E+00
  2.98828E-01  4.93401E+00
  3.02734E-01  4.81314E+00
  3.06641E-01  4.68578E+00
  3.10547E-01  4.55105E+00
  3.14453E-01  4.40788E+00
  3.18359E-01  4.25486E+00
  3.22266E-01  4.09010E+00
  3.26172E-01  3.91082E+00
  3.30078E-01  3.71177E+00
  3.33984E-01  3.47838E+00
  3.37891E-01  3.16319E+00
  3.41797E-01  2.67339E+00
  3.45703E-01  2.05595E+00
  3.49609E-01  1.61854E+00
  3.53516E-01  1.42701E+00
  3.57422E-01  1.34591E+00
  3.61328E-01  1.30341E+00
  3.65234E-01  1.26810E+00
  3.69141E-01  1.23489E+00
  3.73047E-01  1.20301E+00
  3.76953E-01  1.17240E+00
  3.80859E-01  1.14301E+00
  3.84766E-01  1.11471E+00
  3.88672E-01  1.08749E+00
  3.92578E-01  1.06122E+00
  3.96484E-01  1.03591E+00
  4.00391E-01  1.01146E+00
  4.04297E-01  9.87761E-01
  4.08203E-01  9.64733E-01
  4.12109E-01  9.42533E-01
  4.16016E-01  9.21039E-01
  4.19922E-01  9.00157E-01
  4.23828E-01  8.79921E-01
  4.27734E-01  8.60335E-01
  4.31641E-01  8.41364E-01
  4.35547E-01  8.22976E-01
  4.39453E-01  8.05162E-01
  4.43359E-01  7.88020E-01
  4.47266E-01  7.71406E-01
  4.51172E-01  7.55179E-01
  4.55078E-01  7.39392E-01
  4.58984E-01  7.24061E-01
  4.62891E-01  7.09104E-01
  4.66797E-01  6.94576E-01
  4.70703E-01  6.80466E-01
  4.74609E-01  6.66714E-01
  4.78516E-01  6.53338E-01
  4.82422E-01  6.40344E-01
  4.86328E-01  6.27685E-01
  4.90234E-01  6.15347E-01
  4.94141E-01  6.03345E-01
  4.98047E-01  5.91666E-01
  5.01953E-01  5.80280E-01
  5.05859E-01  5.69180E-01
  5.09766E-01  5.58373E-01
  5.13672E-01  5.47842E-01
  5.17578E-01  5.37570E-01
  5.21484E-01  5.27556E-01
  5.25391E-01  5.17794E-01
  5.29297E-01  5.08270E-01
  5.33203E-01  4.98978E-01
  5.37109E-01  4.89916E-01
  5.41016E-01  4.81072E-01
  5.44922E-01  4.72442E-01
  5.48828E-01  4.64016E-01
  5.52734E-01  4.55791E-01
  5.56641E-01  4.47759E-01
  5.60547E-01  4.39915E-01
  5.64453E-01  4.32256E-01
  5.68359E-01  4.24774E-01
  5.72266E-01  4.17463E-01
  5.76172E-01  4.10318E-01
  5.80078E-01  4.03336E-01
  5.83984E-01  3.96513E-01
  5.87891E-01  3.89843E-01
  5.91797E-01  3.83327E-01
  5.95703E-01  3.76953E-01
  5.99609E-01  3.70718E-01
  6.03516E-01  3.64625E-01
  6.07422E-01  3.58658E-01
  6.11328E-01  3.52822E-01
  6.15234E-01  3.47118E-01
  6.19141E-01  3.41530E-01
  6.23047E-01  3.36062E-01
  6.26953E-01  3.30716E-01
  6.30859E-01  3.25479E-01
  6.34766E-01  3.20350E-01
  6.38672E-01  3.15333E-01
  6.42578E-01  3.10421E-01
  6.46484E-01  3.05609E-01
  6.50391E-01  3.00895E-01
  6.54297E-01  2.96277E-01
  6.58203E-01  2.91749E-01
  6.62109E-01  2.87316E-01
  6.66016E-01  2.82981E-01
  6.69922E-01  2.78727E-01
  6.73828E-01  2.74558E-01
  6.77734E-01  2.70471E-01
  6.81641E-01  2.66462E-01
  6.85547E-01  2.62537E-01
  6.89453E-01  2.58686E-01
  6.93359E-01  2.54913E-01
  6.97266E-01  2.51208E-01
  7.01172E-01  2.47580E-01
  7.05078E-01  2.44020E-01
  7.08984E-01  2.40524E-01
  7.12891E-01  2.37098E-01
  7.16797E-01  2.33737E-01
  7.20703E-01  2.30436E-01
  7.24609E-01  2.27199E-01
  7.28516E-01  2.24022E-01
  7.32422E-01  2.20906E-01
  7.36328E-01  2.17846E-01
  7.40234E-01  2.14842E-01
  7.44141E-01  2.11893E-01
  7.48047E-01  2.08998E-01
  7.51953E-01  2.06155E-01
  7.55859E-01  2.03364E-01
  7.59766E-01  2.00622E-01
  7.63672E-01  1.97934E-01
  7.67578E-01  1.95285E-01
  7.71484E-01  1.92686E-01
  7.75391E-01  1.90144E-01
  7.79297E-01  1.87638E-01
  7.83203E-01  1.85167E-01
  7.87109E-01  1.82744E-01
  7.91016E-01  1.80373E-01
  7.94922E-01  1.78038E-01
  7.98828E-01  1.75732E-01
  8.02734E-01  1.73473E-01
  8.06641E-01  1.71261E-01
  8.10547E-01  1.69081E-01
  8.14453E-01  1.66925E-01
  8.18359E-01  1.64818E-01
  8.22266E-01  1.62749E-01
  8.26172E-01  1.60711E-01
  8.30078E-01  1.58701E-01
  8.33984E-01  1.56721E-01
  8.37891E-01  1.54788E-01
  8.41797E-01  1.52880E-01
  8.45703E-01  1.50993E-01
  8.49609E-01  1.49143E-01
  8.53516E-01  1.47331E-01
  8.57422E-01  1.45545E-01
  8.61328E-01  1.43777E-01
  8.65234E-01  1.42036E-01
  8.69141E-01  1.40330E-01
  8.73047E-01  1.38655E-01
  8.76953E-01  1.36999E-01
  8.80859E-01  1.35365E-01
  8.84766E-01  1.33771E-01
  8.88672E-01  1.32196E-01
  8.92578E-01  1.30637E-01
  8.96484E-01  1.29099E-01
  9.00391E-01  1.27591E-01
  9.04297E-01  1.26114E-01
  9.08203E-01  1.24649E-01
  9.12109E-01  1.23207E-01
  9.16016E-01  1.21788E-01
  9.19922E-01  1.20397E-01
  9.23828E-01  1.19017E-01
  9.27734E-01  1.17654E-01
  9.31641E-01  1.16316E-01
  9.35547E-01  1.15003E-01
  9.39453E-01  1.13704E-01
  9.43359E-01  1.12421E-01
  9.47266E-01  1.11161E-01
  9.51172E-01  1.09923E-01
  9.55078E-01  1.08697E-01
  9.58984E-01  1.07485E-01
  9.62891E-01  1.06298E-01
  9.66797E-01  1.05125E-01
  9.70703E-01  1.03960E-01
  9.74609E-01  1.02813E-01
  9.78516E-01  1.01681E-01
  9.82422E-01  1.00559E-01
  9.86328E-01  9.94434E-02
  9.90234E-01  9.83414E-02
  9.94141E-01  9.74051E-02
  9.98047E-01  9.69870E-02
  1.00195E+00  9.69870E-02
