 -1.95312E-03  8.80890E+00
  1.95312E-03  8.80953E+00
  5.85938E-03  8.80472E+00
  9.76562E-03  8.79986E+00
  1.36719E-02  8.79438E+00
  1.75781E-02  8.78819E+00
  2.14844E-02  8.78128E+00
  2.53906E-02  8.77364E+00
  2.92969E-02  8.76526E+00
  3.32031E-02  8.75615E+00
  3.71094E-02  8.74630E+00
  4.10156E-02  8.73573E+00
  4.49219E-02  8.72442E+00
  4.88281E-02  8.71239E+00
  5.27344E-02  8.69963E+00
  5.66406E-02  8.68613E+00
  6.05469E-02  8.67191E+00
  6.44531E-02  8.65696E+00
  6.83594E-02  8.64128E+00
  7.22656E-02  8.62487E+00
  7.61719E-02  8.60773E+00
  8.00781E-02  8.58985E+00
  8.39844E-02  8.57123E+00
  8.78906E-02  8.55188E+00
  9.17969E-02  8.53178E+00
  9.57031E-02  8.51093E+00
  9.96094E-02  8.48934E+00
  1.03516E-01  8.46700E+00
  1.07422E-01  8.44390E+00
  1.11328E-01  8.42003E+00
  1.15234E-01  8.39540E+00
  1.19141E-01  8.36999E+00
  1.23047E-01  8.34381E+00
  1.26953E-01  8.31684E+00
  1.30859E-01  8.28908E+00
  1.34766E-01  8.26052E+00
  1.38672E-01  8.23115E+00
  1.42578E-01  8.20096E+00
  1.46484E-01  8.16994E+00
  1.50391E-01  8.13808E+00
  1.54297E-01  8.10538E+00
  1.58203E-01  8.07181E+00
  1.62109E-01  8.03737E+00
  1.66016E-01  8.00204E+00
  1.69922E-01  7.96582E+00
  1.73828E-01  7.92869E+00
  1.77734E-01  7.89062E+00
  1.81641E-01  7.85161E+00
  1.85547E-01  7.81163E+00
  1.89453E-01  7.77067E+00
  1.93359E-01  7.72870E+00
  1.97266E-01  7.68571E+00
  2.01172E-01  7.64168E+00
  2.05078E-01  7.59657E+00
  2.08984E-01  7.55037E+00
  2.12891E-01  7.50305E+00
  2.16797E-01  7.45457E+00
  2.20703E-01  7.40490E+00
  2.24609E-01  7.35401E+00
  2.28516E-01  7.30187E+00
  2.32422E-01  7.24844E+00
  2.36328E-01  7.19368E+00
  2.40234E-01  7.13753E+00
  2.44141E-01  7.07996E+00
  2.48047E-01  7.02090E+00
  2.51953E-01  6.96032E+00
  2.55859E-01  6.89814E+00
  2.59766E-01  6.83430E+00
  2.63672E-01  6.76874E+00
  2.67578E-01  6.70136E+00
  2.71484E-01  6.63210E+00
  2.75391E-01  6.56085E+00
  2.79297E-01  6.48752E+00
  2.83203E-01  6.41199E+00
  2.87109E-01  6.33414E+00
  2.91016E-01  6.25384E+00
  2.94922E-01  6.17093E+00
  2.98828E-01  6.08524E+00
  3.02734E-01  5.99659E+00
  3.06641E-01  5.90474E+00
  3.10547E-01  5.80946E+00
  3.14453E-01  5.71046E+00
  3.18359E-01  5.60741E+00
  3.22266E-01  5.49994E+00
  3.26172E-01  5.38759E+00
  3.30078E-01  5.26983E+00
  3.33984E-01  5.14601E+00
  3.37891E-01  5.01533E+00
  3.41797E-01  4.87671E+00
  3.45703E-01  4.72777E+00
  3.49609E-01  4.55172E+00
  3.53516E-01  4.18073E+00
  3.57422E-01  9.77043E-01
  3.61328E-01  7.21017E-01
  3.65234E-01  6.91739E-01
  3.69141E-01  6.75810E-01
  3.73047E-01  6.56671E-01
  3.76953E-01  6.38326E-01
  3.80859E-01  6.20643E-01
  3.84766E-01  6.03623E-01
  3.88672E-01  5.87264E-01
  3.92578E-01  5.71456E-01
  3.96484E-01  5.56254E-01
  4.00391E-01  5.41587E-01
  4.04297E-01  5.27432E-01
  4.08203E-01  5.13769E-01
  4.12109E-01  5.00594E-01
  4.16016E-01  4.87852E-01
  4.19922E-01  4.75556E-01
  4.23828E-01  4.63669E-01
  4.27734E-01  4.52176E-01
  4.31641E-01  4.41065E-01
  4.35547E-01  4.30323E-01
  4.39453E-01  4.19920E-01
  4.43359E-01  4.09861E-01
  4.47266E-01  4.00119E-01
  4.51172E-01  3.90687E-01
  4.55078E-01  3.81556E-01
  4.58984E-01  3.72697E-01
  4.62891E-01  3.64103E-01
  4.66797E-01  3.55788E-01
  4.70703E-01  3.47726E-01
  4.74609E-01  3.39901E-01
  4.78516E-01  3.32311E-01
  4.82422E-01  3.24943E-01
  4.86328E-01  3.17799E-01
  4.90234E-01  3.10866E-01
  4.94141E-01  3.04125E-01
  4.98047E-01  2.97573E-01
  5.01953E-01  2.91218E-01
  5.05859E-01  2.85043E-01
  5.09766E-01  2.79035E-01
  5.13672E-01  2.73203E-01
  5.17578E-01  2.67528E-01
  5.21484E-01  2.62011E-01
  5.25391E-01  2.56644E-01
  5.29297E-01  2.51419E-01
  5.33203E-01  2.46336E-01
  5.37109E-01  2.41391E-01
  5.41016E-01  2.36572E-01
  5.44922E-01  2.31890E-01
  5.48828E-01  2.27333E-01
  5.52734E-01  2.22892E-01
  5.56641E-01  2.18557E-01
  5.60547E-01  2.14342E-01
  5.64453E-01  2.10233E-01
  5.68359E-01  2.06225E-01
  5.72266E-01  2.02323E-01
  5.76172E-01  1.98522E-01
  5.80078E-01  1.94809E-01
  5.83984E-01  1.91180E-01
  5.87891E-01  1.87652E-01
  5.91797E-01  1.84214E-01
  5.95703E-01  1.80849E-01
  5.99609E-01  1.77568E-01
  6.03516E-01  1.74383E-01
  6.07422E-01  1.71268E-01
  6.11328E-01  1.68200E-01
  6.15234E-01  1.65221E-01
  6.19141E-01  1.62328E-01
  6.23047E-01  1.59487E-01
  6.26953E-01  1.56698E-01
  6.30859E-01  1.53996E-01
  6.34766E-01  1.51352E-01
  6.38672E-01  1.48764E-01
  6.42578E-01  1.46229E-01
  6.46484E-01  1.43763E-01
  6.50391E-01  1.41354E-01
  6.54297E-01  1.38979E-01
  6.58203E-01  1.36662E-01
  6.62109E-01  1.34408E-01
  6.66016E-01  1.32213E-01
  6.69922E-01  1.30044E-01
  6.73828E-01  1.27919E-01
  6.77734E-01  1.25853E-01
  6.81641E-01  1.23841E-01
  6.85547E-01  1.21858E-01
  6.89453E-01  1.19913E-01
  6.93359E-01  1.18004E-01
  6.97266E-01  1.16144E-01
  7.01172E-01  1.14333E-01
  7.05078E-01  1.12553E-01
  7.08984E-01  1.10798E-01
  7.12891E-01  1.09084E-01
  7.16797E-01  1.07417E-01
  7.20703E-01  1.05781E-01
  7.24609E-01  1.04158E-01
  7.28516E-01  1.02570E-01
  7.32422E-01  1.01017E-01
  7.36328E-01  9.95107E-02
  7.40234E-01  9.80266E-02
  7.44141E-01  9.65705E-02
  7.48047E-01  9.51374E-02
  7.51953E-01  9.37381E-02
  7.55859E-01  9.23750E-02
  7.59766E-01  9.10343E-02
  7.63672E-01  8.97172E-02
  7.67578E-01  8.84231E-02
  7.71484E-01  8.71503E-02
  7.75391E-01  8.59060E-02
  7.79297E-01  8.46924E-02
  7.83203E-01  8.34950E-02
  7.87109E-01  8.23195E-02
  7.91016E-01  8.11633E-02
  7.94922E-01  8.00268E-02
  7.98828E-01  7.89136E-02
  8.02734E-01  7.78264E-02
  8.06641E-01  7.67598E-02
  8.10547E-01  7.57084E-02
  8.14453E-01  7.46729E-02
  8.18359E-01  7.36579E-02
  8.22266E-01  7.26593E-02
  8.26172E-01  7.16844E-02
  8.30078E-01  7.07270E-02
  8.33984E-01  6.97834E-02
  8.37891E-01  6.88552E-02
  8.41797E-01  6.79397E-02
  8.45703E-01  6.70413E-02
  8.49609E-01  6.61616E-02
  8.53516E-01  6.52990E-02
  8.57422E-01  6.44502E-02
  8.61328E-01  6.36125E-02
  8.65234E-01  6.27943E-02
  8.69141E-01  6.19866E-02
  8.73047E-01  6.11912E-02
  8.76953E-01  6.04110E-02
  8.80859E-01  5.96461E-02
  8.84766E-01  5.88929E-02
  8.88672E-01  5.81505E-02
  8.92578E-01  5.74212E-02
  8.96484E-01  5.67031E-02
  9.00391E-01  5.59944E-02
  9.04297E-01  5.53034E-02
  9.08203E-01  5.46210E-02
  9.12109E-01  5.39500E-02
  9.16016E-01  5.32897E-02
  9.19922E-01  5.26375E-02
  9.23828E-01  5.19964E-02
  9.27734E-01  5.13661E-02
  9.31641E-01  5.07468E-02
  9.35547E-01  5.01373E-02
  9.39453E-01  4.95381E-02
  9.43359E-01  4.89444E-02
  9.47266E-01  4.83612E-02
  9.51172E-01  4.77851E-02
  9.55078E-01  4.72149E-02
  9.58984E-01  4.66569E-02
  9.62891E-01  4.61074E-02
  9.66797E-01  4.55671E-02
  9.70703E-01  4.50315E-02
  9.74609E-01  4.45054E-02
  9.78516E-01  4.39900E-02
  9.82422E-01  4.34905E-02
  9.86328E-01  4.30144E-02
  9.90234E-01  4.25752E-02
  9.94141E-01  4.22316E-02
  9.98047E-01  4.20815E-02
  1.00195E+00  4.20815E-02
