 -1.95312E-03  8.31355E+00
  1.95312E-03  8.31509E+00
  5.85938E-03  8.31009E+00
  9.76562E-03  8.30511E+00
  1.36719E-02  8.29941E+00
  1.75781E-02  8.29295E+00
  2.14844E-02  8.28568E+00
  2.53906E-02  8.27762E+00
  2.92969E-02  8.26875E+00
  3.32031E-02  8.25909E+00
  3.71094E-02  8.24862E+00
  4.10156E-02  8.23735E+00
  4.49219E-02  8.22528E+00
  4.88281E-02  8.21241E+00
  5.27344E-02  8.19875E+00
  5.66406E-02  8.18428E+00
  6.05469E-02  8.16901E+00
  6.44531E-02  8.15294E+00
  6.83594E-02  8.13607E+00
  7.22656E-02  8.11839E+00
  7.61719E-02  8.09989E+00
  8.00781E-02  8.08059E+00
  8.39844E-02  8.06047E+00
  8.78906E-02  8.03953E+00
  9.17969E-02  8.01777E+00
  9.57031E-02  7.99517E+00
  9.96094E-02  7.97175E+00
  1.03516E-01  7.94749E+00
  1.07422E-01  7.92238E+00
  1.11328E-01  7.89641E+00
  1.15234E-01  7.86959E+00
  1.19141E-01  7.84190E+00
  1.23047E-01  7.81333E+00
  1.26953E-01  7.78388E+00
  1.30859E-01  7.75352E+00
  1.34766E-01  7.72226E+00
  1.38672E-01  7.69008E+00
  1.42578E-01  7.65697E+00
  1.46484E-01  7.62292E+00
  1.50391E-01  7.58790E+00
  1.54297E-01  7.55191E+00
  1.58203E-01  7.51493E+00
  1.62109E-01  7.47693E+00
  1.66016E-01  7.43791E+00
  1.69922E-01  7.39784E+00
  1.73828E-01  7.35670E+00
  1.77734E-01  7.31446E+00
  1.81641E-01  7.27110E+00
  1.85547E-01  7.22660E+00
  1.89453E-01  7.18094E+00
  1.93359E-01  7.13407E+00
  1.97266E-01  7.08597E+00
  2.01172E-01  7.03660E+00
  2.05078E-01  6.98592E+00
  2.08984E-01  6.93391E+00
  2.12891E-01  6.88052E+00
  2.16797E-01  6.82570E+00
  2.20703E-01  6.76939E+00
  2.24609E-01  6.71156E+00
  2.28516E-01  6.65213E+00
  2.32422E-01  6.59105E+00
  2.36328E-01  6.52826E+00
  2.40234E-01  6.46367E+00
  2.44141E-01  6.39720E+00
  2.48047E-01  6.32877E+00
  2.51953E-01  6.25828E+00
  2.55859E-01  6.18562E+00
  2.59766E-01  6.11068E+00
  2.63672E-01  6.03331E+00
  2.67578E-01  5.95339E+00
  2.71484E-01  5.87075E+00
  2.75391E-01  5.78519E+00
  2.79297E-01  5.69653E+00
  2.83203E-01  5.60451E+00
  2.87109E-01  5.50887E+00
  2.91016E-01  5.40931E+00
  2.94922E-01  5.30546E+00
  2.98828E-01  5.19690E+00
  3.02734E-01  5.08315E+00
  3.06641E-01  4.96358E+00
  3.10547E-01  4.83750E+00
  3.14453E-01  4.70398E+00
  3.18359E-01  4.56191E+00
  3.22266E-01  4.40980E+00
  3.26172E-01  4.24565E+00
  3.30078E-01  4.06646E+00
  3.33984E-01  3.86631E+00
  3.37891E-01  3.62723E+00
  3.41797E-01  3.28548E+00
  3.45703E-01  2.72134E+00
  3.49609E-01  1.77134E+00
  3.53516E-01  1.36956E+00
  3.57422E-01  1.24286E+00
  3.61328E-01  1.19467E+00
  3.65234E-01  1.16278E+00
  3.69141E-01  1.13175E+00
  3.73047E-01  1.10201E+00
  3.76953E-01  1.07337E+00
  3.80859E-01  1.04586E+00
  3.84766E-01  1.01934E+00
  3.88672E-01  9.93715E-01
  3.92578E-01  9.69048E-01
  3.96484E-01  9.45281E-01
  4.00391E-01  9.22318E-01
  4.04297E-01  9.00129E-01
  4.08203E-01  8.78691E-01
  4.12109E-01  8.57962E-01
  4.16016E-01  8.37896E-01
  4.19922E-01  8.18483E-01
  4.23828E-01  7.99831E-01
  4.27734E-01  7.81776E-01
  4.31641E-01  7.64198E-01
  4.35547E-01  7.47167E-01
  4.39453E-01  7.30694E-01
  4.43359E-01  7.14615E-01
  4.47266E-01  6.98970E-01
  4.51172E-01  6.83853E-01
  4.55078E-01  6.69174E-01
  4.58984E-01  6.54887E-01
  4.62891E-01  6.41028E-01
  4.66797E-01  6.27565E-01
  4.70703E-01  6.14468E-01
  4.74609E-01  6.01744E-01
  4.78516E-01  5.89381E-01
  4.82422E-01  5.77353E-01
  4.86328E-01  5.65647E-01
  4.90234E-01  5.54265E-01
  4.94141E-01  5.43189E-01
  4.98047E-01  5.32405E-01
  5.01953E-01  5.21906E-01
  5.05859E-01  5.11690E-01
  5.09766E-01  5.01734E-01
  5.13672E-01  4.92037E-01
  5.17578E-01  4.82593E-01
  5.21484E-01  4.73390E-01
  5.25391E-01  4.64419E-01
  5.29297E-01  4.55674E-01
  5.33203E-01  4.47150E-01
  5.37109E-01  4.38837E-01
  5.41016E-01  4.30730E-01
  5.44922E-01  4.22822E-01
  5.48828E-01  4.15106E-01
  5.52734E-01  4.07578E-01
  5.56641E-01  4.00233E-01
  5.60547E-01  3.93066E-01
  5.64453E-01  3.86070E-01
  5.68359E-01  3.79234E-01
  5.72266E-01  3.72566E-01
  5.76172E-01  3.66047E-01
  5.80078E-01  3.59685E-01
  5.83984E-01  3.53463E-01
  5.87891E-01  3.47391E-01
  5.91797E-01  3.41451E-01
  5.95703E-01  3.35655E-01
  5.99609E-01  3.29980E-01
  6.03516E-01  3.24438E-01
  6.07422E-01  3.19019E-01
  6.11328E-01  3.13720E-01
  6.15234E-01  3.08543E-01
  6.19141E-01  3.03468E-01
  6.23047E-01  2.98514E-01
  6.26953E-01  2.93663E-01
  6.30859E-01  2.88912E-01
  6.34766E-01  2.84269E-01
  6.38672E-01  2.79727E-01
  6.42578E-01  2.75280E-01
  6.46484E-01  2.70930E-01
  6.50391E-01  2.66667E-01
  6.54297E-01  2.62489E-01
  6.58203E-01  2.58401E-01
  6.62109E-01  2.54404E-01
  6.66016E-01  2.50483E-01
  6.69922E-01  2.46642E-01
  6.73828E-01  2.42881E-01
  6.77734E-01  2.39195E-01
  6.81641E-01  2.35582E-01
  6.85547E-01  2.32044E-01
  6.89453E-01  2.28575E-01
  6.93359E-01  2.25175E-01
  6.97266E-01  2.21842E-01
  7.01172E-01  2.18575E-01
  7.05078E-01  2.15371E-01
  7.08984E-01  2.12231E-01
  7.12891E-01  2.09151E-01
  7.16797E-01  2.06131E-01
  7.20703E-01  2.03167E-01
  7.24609E-01  2.00258E-01
  7.28516E-01  1.97411E-01
  7.32422E-01  1.94614E-01
  7.36328E-01  1.91861E-01
  7.40234E-01  1.89166E-01
  7.44141E-01  1.86532E-01
  7.48047E-01  1.83942E-01
  7.51953E-01  1.81385E-01
  7.55859E-01  1.78884E-01
  7.59766E-01  1.76439E-01
  7.63672E-01  1.74032E-01
  7.67578E-01  1.71657E-01
  7.71484E-01  1.69332E-01
  7.75391E-01  1.67058E-01
  7.79297E-01  1.64821E-01
  7.83203E-01  1.62611E-01
  7.87109E-01  1.60445E-01
  7.91016E-01  1.58327E-01
  7.94922E-01  1.56244E-01
  7.98828E-01  1.54190E-01
  8.02734E-01  1.52168E-01
  8.06641E-01  1.50191E-01
  8.10547E-01  1.48253E-01
  8.14453E-01  1.46336E-01
  8.18359E-01  1.44445E-01
  8.22266E-01  1.42596E-01
  8.26172E-01  1.40784E-01
  8.30078E-01  1.38998E-01
  8.33984E-01  1.37239E-01
  8.37891E-01  1.35503E-01
  8.41797E-01  1.33814E-01
  8.45703E-01  1.32146E-01
  8.49609E-01  1.30489E-01
  8.53516E-01  1.28865E-01
  8.57422E-01  1.27277E-01
  8.61328E-01  1.25719E-01
  8.65234E-01  1.24176E-01
  8.69141E-01  1.22654E-01
  8.73047E-01  1.21163E-01
  8.76953E-01  1.19701E-01
  8.80859E-01  1.18253E-01
  8.84766E-01  1.16825E-01
  8.88672E-01  1.15422E-01
  8.92578E-01  1.14047E-01
  8.96484E-01  1.12695E-01
  9.00391E-01  1.11358E-01
  9.04297E-01  1.10038E-01
  9.08203E-01  1.08743E-01
  9.12109E-01  1.07470E-01
  9.16016E-01  1.06211E-01
  9.19922E-01  1.04973E-01
  9.23828E-01  1.03753E-01
  9.27734E-01  1.02556E-01
  9.31641E-01  1.01376E-01
  9.35547E-01  1.00214E-01
  9.39453E-01  9.90658E-02
  9.43359E-01  9.79368E-02
  9.47266E-01  9.68246E-02
  9.51172E-01  9.57305E-02
  9.55078E-01  9.46473E-02
  9.58984E-01  9.35799E-02
  9.62891E-01  9.25279E-02
  9.66797E-01  9.14876E-02
  9.70703E-01  9.04617E-02
  9.74609E-01  8.94532E-02
  9.78516E-01  8.84564E-02
  9.82422E-01  8.74646E-02
  9.86328E-01  8.64794E-02
  9.90234E-01  8.55177E-02
  9.94141E-01  8.47358E-02
  9.98047E-01  8.43886E-02
  1.00195E+00  8.43886E-02
