 -1.95312E-03  8.83277E+00
  1.95312E-03  8.83277E+00
  5.85938E-03  8.82785E+00
  9.76562E-03  8.82301E+00
  1.36719E-02  8.81754E+00
  1.75781E-02  8.81137E+00
  2.14844E-02  8.80448E+00
  2.53906E-02  8.79685E+00
  2.92969E-02  8.78850E+00
  3.32031E-02  8.77942E+00
  3.71094E-02  8.76961E+00
  4.10156E-02  8.75908E+00
  4.49219E-02  8.74782E+00
  4.88281E-02  8.73583E+00
  5.27344E-02  8.72312E+00
  5.66406E-02  8.70968E+00
  6.05469E-02  8.69551E+00
  6.44531E-02  8.68062E+00
  6.83594E-02  8.66501E+00
  7.22656E-02  8.64866E+00
  7.61719E-02  8.63159E+00
  8.00781E-02  8.61379E+00
  8.39844E-02  8.59525E+00
  8.78906E-02  8.57597E+00
  9.17969E-02  8.55596E+00
  9.57031E-02  8.53521E+00
  9.96094E-02  8.51372E+00
  1.03516E-01  8.49148E+00
  1.07422E-01  8.46849E+00
  1.11328E-01  8.44475E+00
  1.15234E-01  8.42024E+00
  1.19141E-01  8.39496E+00
  1.23047E-01  8.36891E+00
  1.26953E-01  8.34208E+00
  1.30859E-01  8.31446E+00
  1.34766E-01  8.28605E+00
  1.38672E-01  8.25683E+00
  1.42578E-01  8.22680E+00
  1.46484E-01  8.19596E+00
  1.50391E-01  8.16428E+00
  1.54297E-01  8.13175E+00
  1.58203E-01  8.09838E+00
  1.62109E-01  8.06414E+00
  1.66016E-01  8.02902E+00
  1.69922E-01  7.99300E+00
  1.73828E-01  7.95609E+00
  1.77734E-01  7.91825E+00
  1.81641E-01  7.87947E+00
  1.85547E-01  7.83974E+00
  1.89453E-01  7.79903E+00
  1.93359E-01  7.75733E+00
  1.97266E-01  7.71462E+00
  2.01172E-01  7.67088E+00
  2.05078E-01  7.62606E+00
  2.08984E-01  7.58017E+00
  2.12891E-01  7.53316E+00
  2.16797E-01  7.48501E+00
  2.20703E-01  7.43569E+00
  2.24609E-01  7.38516E+00
  2.28516E-01  7.33339E+00
  2.32422E-01  7.28035E+00
  2.36328E-01  7.22599E+00
  2.40234E-01  7.17027E+00
  2.44141E-01  7.11315E+00
  2.48047E-01  7.05457E+00
  2.51953E-01  6.99448E+00
  2.55859E-01  6.93282E+00
  2.59766E-01  6.86953E+00
  2.63672E-01  6.80454E+00
  2.67578E-01  6.73778E+00
  2.71484E-01  6.66915E+00
  2.75391E-01  6.59859E+00
  2.79297E-01  6.52597E+00
  2.83203E-01  6.45122E+00
  2.87109E-01  6.37419E+00
  2.91016E-01  6.29476E+00
  2.94922E-01  6.21277E+00
  2.98828E-01  6.12808E+00
  3.02734E-01  6.04048E+00
  3.06641E-01  5.94979E+00
  3.10547E-01  5.85574E+00
  3.14453E-01  5.75809E+00
  3.18359E-01  5.65651E+00
  3.22266E-01  5.55064E+00
  3.26172E-01  5.44005E+00
  3.30078E-01  5.32426E+00
  3.33984E-01  5.20264E+00
  3.37891E-01  5.07446E+00
  3.41797E-01  4.93872E+00
  3.45703E-01  4.79328E+00
  3.49609E-01  4.62272E+00
  3.53516E-01  4.26355E+00
  3.57422E-01  9.36407E-01
  3.61328E-01  6.96891E-01
  3.65234E-01  6.70341E-01
  3.69141E-01  6.54193E-01
  3.73047E-01  6.35527E-01
  3.76953E-01  6.17757E-01
  3.80859E-01  6.00567E-01
  3.84766E-01  5.84074E-01
  3.88672E-01  5.68161E-01
  3.92578E-01  5.52832E-01
  3.96484E-01  5.38082E-01
  4.00391E-01  5.23828E-01
  4.04297E-01  5.10099E-01
  4.08203E-01  4.96846E-01
  4.12109E-01  4.84050E-01
  4.16016E-01  4.71692E-01
  4.19922E-01  4.59766E-01
  4.23828E-01  4.48227E-01
  4.27734E-01  4.37089E-01
  4.31641E-01  4.26313E-01
  4.35547E-01  4.15892E-01
  4.39453E-01  4.05811E-01
  4.43359E-01  3.96060E-01
  4.47266E-01  3.86615E-01
  4.51172E-01  3.77472E-01
  4.55078E-01  3.68597E-01
  4.58984E-01  3.60011E-01
  4.62891E-01  3.51704E-01
  4.66797E-01  3.43645E-01
  4.70703E-01  3.35821E-01
  4.74609E-01  3.28244E-01
  4.78516E-01  3.20892E-01
  4.82422E-01  3.13760E-01
  4.86328E-01  3.06839E-01
  4.90234E-01  3.00111E-01
  4.94141E-01  2.93582E-01
  4.98047E-01  2.87249E-01
  5.01953E-01  2.81092E-01
  5.05859E-01  2.75110E-01
  5.09766E-01  2.69299E-01
  5.13672E-01  2.63652E-01
  5.17578E-01  2.58157E-01
  5.21484E-01  2.52814E-01
  5.25391E-01  2.47616E-01
  5.29297E-01  2.42560E-01
  5.33203E-01  2.37643E-01
  5.37109E-01  2.32859E-01
  5.41016E-01  2.28207E-01
  5.44922E-01  2.23678E-01
  5.48828E-01  2.19259E-01
  5.52734E-01  2.14958E-01
  5.56641E-01  2.10774E-01
  5.60547E-01  2.06696E-01
  5.64453E-01  2.02719E-01
  5.68359E-01  1.98850E-01
  5.72266E-01  1.95081E-01
  5.76172E-01  1.91388E-01
  5.80078E-01  1.87793E-01
  5.83984E-01  1.84305E-01
  5.87891E-01  1.80897E-01
  5.91797E-01  1.77565E-01
  5.95703E-01  1.74322E-01
  5.99609E-01  1.71160E-01
  6.03516E-01  1.68062E-01
  6.07422E-01  1.65035E-01
  6.11328E-01  1.62092E-01
  6.15234E-01  1.59228E-01
  6.19141E-01  1.56407E-01
  6.23047E-01  1.53659E-01
  6.26953E-01  1.50988E-01
  6.30859E-01  1.48374E-01
  6.34766E-01  1.45809E-01
  6.38672E-01  1.43309E-01
  6.42578E-01  1.40876E-01
  6.46484E-01  1.38484E-01
  6.50391E-01  1.36139E-01
  6.54297E-01  1.33860E-01
  6.58203E-01  1.31638E-01
  6.62109E-01  1.29456E-01
  6.66016E-01  1.27326E-01
  6.69922E-01  1.25230E-01
  6.73828E-01  1.23196E-01
  6.77734E-01  1.21205E-01
  6.81641E-01  1.19245E-01
  6.85547E-01  1.17320E-01
  6.89453E-01  1.15443E-01
  6.93359E-01  1.13617E-01
  6.97266E-01  1.11837E-01
  7.01172E-01  1.10074E-01
  7.05078E-01  1.08338E-01
  7.08984E-01  1.06657E-01
  7.12891E-01  1.05014E-01
  7.16797E-01  1.03387E-01
  7.20703E-01  1.01792E-01
  7.24609E-01  1.00230E-01
  7.28516E-01  9.87074E-02
  7.32422E-01  9.72222E-02
  7.36328E-01  9.57692E-02
  7.40234E-01  9.43287E-02
  7.44141E-01  9.29241E-02
  7.48047E-01  9.15466E-02
  7.51953E-01  9.02081E-02
  7.55859E-01  8.88914E-02
  7.59766E-01  8.75936E-02
  7.63672E-01  8.63190E-02
  7.67578E-01  8.50687E-02
  7.71484E-01  8.38456E-02
  7.75391E-01  8.26536E-02
  7.79297E-01  8.14799E-02
  7.83203E-01  8.03215E-02
  7.87109E-01  7.91858E-02
  7.91016E-01  7.80702E-02
  7.94922E-01  7.69785E-02
  7.98828E-01  7.59110E-02
  8.02734E-01  7.48635E-02
  8.06641E-01  7.38315E-02
  8.10547E-01  7.28147E-02
  8.14453E-01  7.18171E-02
  8.18359E-01  7.08391E-02
  8.22266E-01  6.98813E-02
  8.26172E-01  6.89430E-02
  8.30078E-01  6.80163E-02
  8.33984E-01  6.71045E-02
  8.37891E-01  6.62078E-02
  8.41797E-01  6.53262E-02
  8.45703E-01  6.44645E-02
  8.49609E-01  6.36191E-02
  8.53516E-01  6.27914E-02
  8.57422E-01  6.19730E-02
  8.61328E-01  6.11649E-02
  8.65234E-01  6.03728E-02
  8.69141E-01  5.95924E-02
  8.73047E-01  5.88284E-02
  8.76953E-01  5.80785E-02
  8.80859E-01  5.73415E-02
  8.84766E-01  5.66146E-02
  8.88672E-01  5.58995E-02
  8.92578E-01  5.51970E-02
  8.96484E-01  5.45045E-02
  9.00391E-01  5.38241E-02
  9.04297E-01  5.31597E-02
  9.08203E-01  5.25013E-02
  9.12109E-01  5.18554E-02
  9.16016E-01  5.12184E-02
  9.19922E-01  5.05903E-02
  9.23828E-01  4.99736E-02
  9.27734E-01  4.93674E-02
  9.31641E-01  4.87714E-02
  9.35547E-01  4.81840E-02
  9.39453E-01  4.76038E-02
  9.43359E-01  4.70274E-02
  9.47266E-01  4.64639E-02
  9.51172E-01  4.59089E-02
  9.55078E-01  4.53623E-02
  9.58984E-01  4.48271E-02
  9.62891E-01  4.42982E-02
  9.66797E-01  4.37786E-02
  9.70703E-01  4.32651E-02
  9.74609E-01  4.27615E-02
  9.78516E-01  4.22685E-02
  9.82422E-01  4.17903E-02
  9.86328E-01  4.13344E-02
  9.90234E-01  4.09140E-02
  9.94141E-01  4.05867E-02
  9.98047E-01  4.04406E-02
  1.00195E+00  4.04406E-02
