 -1.95312E-03  8.38874E+00
  1.95312E-03  8.38968E+00
  5.85938E-03  8.38479E+00
  9.76562E-03  8.37982E+00
  1.36719E-02  8.37416E+00
  1.75781E-02  8.36773E+00
  2.14844E-02  8.36052E+00
  2.53906E-02  8.35251E+00
  2.92969E-02  8.34372E+00
  3.32031E-02  8.33413E+00
  3.71094E-02  8.32375E+00
  4.10156E-02  8.31259E+00
  4.49219E-02  8.30063E+00
  4.88281E-02  8.28788E+00
  5.27344E-02  8.27434E+00
  5.66406E-02  8.26002E+00
  6.05469E-02  8.24490E+00
  6.44531E-02  8.22899E+00
  6.83594E-02  8.21229E+00
  7.22656E-02  8.19479E+00
  7.61719E-02  8.17650E+00
  8.00781E-02  8.15740E+00
  8.39844E-02  8.13750E+00
  8.78906E-02  8.11679E+00
  9.17969E-02  8.09526E+00
  9.57031E-02  8.07292E+00
  9.96094E-02  8.04976E+00
  1.03516E-01  8.02577E+00
  1.07422E-01  8.00094E+00
  1.11328E-01  7.97527E+00
  1.15234E-01  7.94876E+00
  1.19141E-01  7.92139E+00
  1.23047E-01  7.89316E+00
  1.26953E-01  7.86405E+00
  1.30859E-01  7.83406E+00
  1.34766E-01  7.80317E+00
  1.38672E-01  7.77138E+00
  1.42578E-01  7.73866E+00
  1.46484E-01  7.70502E+00
  1.50391E-01  7.67043E+00
  1.54297E-01  7.63488E+00
  1.58203E-01  7.59836E+00
  1.62109E-01  7.56085E+00
  1.66016E-01  7.52232E+00
  1.69922E-01  7.48277E+00
  1.73828E-01  7.44216E+00
  1.77734E-01  7.40049E+00
  1.81641E-01  7.35772E+00
  1.85547E-01  7.31382E+00
  1.89453E-01  7.26878E+00
  1.93359E-01  7.22257E+00
  1.97266E-01  7.17516E+00
  2.01172E-01  7.12650E+00
  2.05078E-01  7.07657E+00
  2.08984E-01  7.02534E+00
  2.12891E-01  6.97275E+00
  2.16797E-01  6.91877E+00
  2.20703E-01  6.86335E+00
  2.24609E-01  6.80645E+00
  2.28516E-01  6.74800E+00
  2.32422E-01  6.68795E+00
  2.36328E-01  6.62624E+00
  2.40234E-01  6.56279E+00
  2.44141E-01  6.49754E+00
  2.48047E-01  6.43040E+00
  2.51953E-01  6.36129E+00
  2.55859E-01  6.29010E+00
  2.59766E-01  6.21673E+00
  2.63672E-01  6.14106E+00
  2.67578E-01  6.06297E+00
  2.71484E-01  5.98230E+00
  2.75391E-01  5.89889E+00
  2.79297E-01  5.81257E+00
  2.83203E-01  5.72312E+00
  2.87109E-01  5.63032E+00
  2.91016E-01  5.53389E+00
  2.94922E-01  5.43352E+00
  2.98828E-01  5.32886E+00
  3.02734E-01  5.21948E+00
  3.06641E-01  5.10488E+00
  3.10547E-01  4.98443E+00
  3.14453E-01  4.85737E+00
  3.18359E-01  4.72273E+00
  3.22266E-01  4.57925E+00
  3.26172E-01  4.42518E+00
  3.30078E-01  4.25796E+00
  3.33984E-01  4.07307E+00
  3.37891E-01  3.85870E+00
  3.41797E-01  3.57081E+00
  3.45703E-01  3.08239E+00
  3.49609E-01  2.10094E+00
  3.53516E-01  1.37498E+00
  3.57422E-01  1.18838E+00
  3.61328E-01  1.13217E+00
  3.65234E-01  1.10319E+00
  3.69141E-01  1.07344E+00
  3.73047E-01  1.04493E+00
  3.76953E-01  1.01747E+00
  3.80859E-01  9.91043E-01
  3.84766E-01  9.65682E-01
  3.88672E-01  9.41218E-01
  3.92578E-01  9.17608E-01
  3.96484E-01  8.94825E-01
  4.00391E-01  8.72823E-01
  4.04297E-01  8.51554E-01
  4.08203E-01  8.30993E-01
  4.12109E-01  8.11248E-01
  4.16016E-01  7.92209E-01
  4.19922E-01  7.73705E-01
  4.23828E-01  7.55780E-01
  4.27734E-01  7.38455E-01
  4.31641E-01  7.21652E-01
  4.35547E-01  7.05248E-01
  4.39453E-01  6.89395E-01
  4.43359E-01  6.74066E-01
  4.47266E-01  6.59149E-01
  4.51172E-01  6.44670E-01
  4.55078E-01  6.30647E-01
  4.58984E-01  6.17023E-01
  4.62891E-01  6.03785E-01
  4.66797E-01  5.90941E-01
  4.70703E-01  5.78459E-01
  4.74609E-01  5.66326E-01
  4.78516E-01  5.54535E-01
  4.82422E-01  5.43073E-01
  4.86328E-01  5.31928E-01
  4.90234E-01  5.21087E-01
  4.94141E-01  5.10540E-01
  4.98047E-01  5.00281E-01
  5.01953E-01  4.90291E-01
  5.05859E-01  4.80576E-01
  5.09766E-01  4.71113E-01
  5.13672E-01  4.61896E-01
  5.17578E-01  4.52919E-01
  5.21484E-01  4.44178E-01
  5.25391E-01  4.35661E-01
  5.29297E-01  4.27357E-01
  5.33203E-01  4.19266E-01
  5.37109E-01  4.11381E-01
  5.41016E-01  4.03691E-01
  5.44922E-01  3.96196E-01
  5.48828E-01  3.88885E-01
  5.52734E-01  3.81751E-01
  5.56641E-01  3.74794E-01
  5.60547E-01  3.68000E-01
  5.64453E-01  3.61376E-01
  5.68359E-01  3.54902E-01
  5.72266E-01  3.48592E-01
  5.76172E-01  3.42422E-01
  5.80078E-01  3.36406E-01
  5.83984E-01  3.30522E-01
  5.87891E-01  3.24782E-01
  5.91797E-01  3.19168E-01
  5.95703E-01  3.13690E-01
  5.99609E-01  3.08331E-01
  6.03516E-01  3.03100E-01
  6.07422E-01  2.97977E-01
  6.11328E-01  2.92976E-01
  6.15234E-01  2.88081E-01
  6.19141E-01  2.83301E-01
  6.23047E-01  2.78623E-01
  6.26953E-01  2.74052E-01
  6.30859E-01  2.69584E-01
  6.34766E-01  2.65198E-01
  6.38672E-01  2.60916E-01
  6.42578E-01  2.56723E-01
  6.46484E-01  2.52621E-01
  6.50391E-01  2.48611E-01
  6.54297E-01  2.44681E-01
  6.58203E-01  2.40829E-01
  6.62109E-01  2.37059E-01
  6.66016E-01  2.33371E-01
  6.69922E-01  2.29759E-01
  6.73828E-01  2.26218E-01
  6.77734E-01  2.22752E-01
  6.81641E-01  2.19355E-01
  6.85547E-01  2.16026E-01
  6.89453E-01  2.12767E-01
  6.93359E-01  2.09573E-01
  6.97266E-01  2.06440E-01
  7.01172E-01  2.03371E-01
  7.05078E-01  2.00365E-01
  7.08984E-01  1.97412E-01
  7.12891E-01  1.94514E-01
  7.16797E-01  1.91683E-01
  7.20703E-01  1.88912E-01
  7.24609E-01  1.86181E-01
  7.28516E-01  1.83494E-01
  7.32422E-01  1.80876E-01
  7.36328E-01  1.78309E-01
  7.40234E-01  1.75776E-01
  7.44141E-01  1.73290E-01
  7.48047E-01  1.70862E-01
  7.51953E-01  1.68483E-01
  7.55859E-01  1.66137E-01
  7.59766E-01  1.63828E-01
  7.63672E-01  1.61574E-01
  7.67578E-01  1.59364E-01
  7.71484E-01  1.57186E-01
  7.75391E-01  1.55043E-01
  7.79297E-01  1.52945E-01
  7.83203E-01  1.50890E-01
  7.87109E-01  1.48866E-01
  7.91016E-01  1.46872E-01
  7.94922E-01  1.44921E-01
  7.98828E-01  1.43008E-01
  8.02734E-01  1.41125E-01
  8.06641E-01  1.39266E-01
  8.10547E-01  1.37436E-01
  8.14453E-01  1.35646E-01
  8.18359E-01  1.33899E-01
  8.22266E-01  1.32172E-01
  8.26172E-01  1.30464E-01
  8.30078E-01  1.28789E-01
  8.33984E-01  1.27156E-01
  8.37891E-01  1.25543E-01
  8.41797E-01  1.23954E-01
  8.45703E-01  1.22378E-01
  8.49609E-01  1.20847E-01
  8.53516E-01  1.19342E-01
  8.57422E-01  1.17854E-01
  8.61328E-01  1.16388E-01
  8.65234E-01  1.14946E-01
  8.69141E-01  1.13538E-01
  8.73047E-01  1.12147E-01
  8.76953E-01  1.10772E-01
  8.80859E-01  1.09420E-01
  8.84766E-01  1.08091E-01
  8.88672E-01  1.06787E-01
  8.92578E-01  1.05505E-01
  8.96484E-01  1.04239E-01
  9.00391E-01  1.02991E-01
  9.04297E-01  1.01769E-01
  9.08203E-01  1.00570E-01
  9.12109E-01  9.93799E-02
  9.16016E-01  9.82015E-02
  9.19922E-01  9.70515E-02
  9.23828E-01  9.59208E-02
  9.27734E-01  9.48080E-02
  9.31641E-01  9.37024E-02
  9.35547E-01  9.26151E-02
  9.39453E-01  9.15523E-02
  9.43359E-01  9.05073E-02
  9.47266E-01  8.94723E-02
  9.51172E-01  8.84481E-02
  9.55078E-01  8.74358E-02
  9.58984E-01  8.64433E-02
  9.62891E-01  8.54676E-02
  9.66797E-01  8.45017E-02
  9.70703E-01  8.35493E-02
  9.74609E-01  8.26135E-02
  9.78516E-01  8.16858E-02
  9.82422E-01  8.07625E-02
  9.86328E-01  7.98490E-02
  9.90234E-01  7.89660E-02
  9.94141E-01  7.82563E-02
  9.98047E-01  7.79263E-02
  1.00195E+00  7.79263E-02
