 -1.95312E-03  8.78638E+00
  1.95312E-03  8.78639E+00
  5.85938E-03  8.78147E+00
  9.76562E-03  8.77662E+00
  1.36719E-02  8.77112E+00
  1.75781E-02  8.76492E+00
  2.14844E-02  8.75799E+00
  2.53906E-02  8.75032E+00
  2.92969E-02  8.74191E+00
  3.32031E-02  8.73277E+00
  3.71094E-02  8.72289E+00
  4.10156E-02  8.71228E+00
  4.49219E-02  8.70093E+00
  4.88281E-02  8.68885E+00
  5.27344E-02  8.67603E+00
  5.66406E-02  8.66249E+00
  6.05469E-02  8.64821E+00
  6.44531E-02  8.63320E+00
  6.83594E-02  8.61745E+00
  7.22656E-02  8.60097E+00
  7.61719E-02  8.58375E+00
  8.00781E-02  8.56579E+00
  8.39844E-02  8.54710E+00
  8.78906E-02  8.52765E+00
  9.17969E-02  8.50746E+00
  9.57031E-02  8.48652E+00
  9.96094E-02  8.46482E+00
  1.03516E-01  8.44236E+00
  1.07422E-01  8.41914E+00
  1.11328E-01  8.39515E+00
  1.15234E-01  8.37039E+00
  1.19141E-01  8.34486E+00
  1.23047E-01  8.31853E+00
  1.26953E-01  8.29142E+00
  1.30859E-01  8.26351E+00
  1.34766E-01  8.23478E+00
  1.38672E-01  8.20525E+00
  1.42578E-01  8.17489E+00
  1.46484E-01  8.14369E+00
  1.50391E-01  8.11166E+00
  1.54297E-01  8.07876E+00
  1.58203E-01  8.04500E+00
  1.62109E-01  8.01035E+00
  1.66016E-01  7.97482E+00
  1.69922E-01  7.93837E+00
  1.73828E-01  7.90101E+00
  1.77734E-01  7.86270E+00
  1.81641E-01  7.82344E+00
  1.85547E-01  7.78320E+00
  1.89453E-01  7.74196E+00
  1.93359E-01  7.69972E+00
  1.97266E-01  7.65644E+00
  2.01172E-01  7.61210E+00
  2.05078E-01  7.56668E+00
  2.08984E-01  7.52015E+00
  2.12891E-01  7.47248E+00
  2.16797E-01  7.42364E+00
  2.20703E-01  7.37361E+00
  2.24609E-01  7.32233E+00
  2.28516E-01  7.26979E+00
  2.32422E-01  7.21593E+00
  2.36328E-01  7.16073E+00
  2.40234E-01  7.10412E+00
  2.44141E-01  7.04606E+00
  2.48047E-01  6.98651E+00
  2.51953E-01  6.92539E+00
  2.55859E-01  6.86265E+00
  2.59766E-01  6.79823E+00
  2.63672E-01  6.73204E+00
  2.67578E-01  6.66402E+00
  2.71484E-01  6.59406E+00
  2.75391E-01  6.52208E+00
  2.79297E-01  6.44797E+00
  2.83203E-01  6.37162E+00
  2.87109E-01  6.29290E+00
  2.91016E-01  6.21167E+00
  2.94922E-01  6.12776E+00
  2.98828E-01  6.04100E+00
  3.02734E-01  5.95118E+00
  3.06641E-01  5.85808E+00
  3.10547E-01  5.76145E+00
  3.14453E-01  5.66097E+00
  3.18359E-01  5.55631E+00
  3.22266E-01  5.44706E+00
  3.26172E-01  5.33274E+00
  3.30078E-01  5.21278E+00
  3.33984E-01  5.08650E+00
  3.37891E-01  4.95301E+00
  3.41797E-01  4.81115E+00
  3.45703E-01  4.65823E+00
  3.49609E-01  4.47582E+00
  3.53516E-01  4.09117E+00
  3.57422E-01  1.01877E+00
  3.61328E-01  7.46386E-01
  3.65234E-01  7.14080E-01
  3.69141E-01  6.97999E-01
  3.73047E-01  6.78329E-01
  3.76953E-01  6.59407E-01
  3.80859E-01  6.41253E-01
  3.84766E-01  6.23698E-01
  3.88672E-01  6.06842E-01
  3.92578E-01  5.90592E-01
  3.96484E-01  5.74914E-01
  4.00391E-01  5.59801E-01
  4.04297E-01  5.45240E-01
  4.08203E-01  5.31159E-01
  4.12109E-01  5.17579E-01
  4.16016E-01  5.04465E-01
  4.19922E-01  4.91788E-01
  4.23828E-01  4.79538E-01
  4.27734E-01  4.67701E-01
  4.31641E-01  4.56241E-01
  4.35547E-01  4.45166E-01
  4.39453E-01  4.34447E-01
  4.43359E-01  4.24070E-01
  4.47266E-01  4.14024E-01
  4.51172E-01  4.04298E-01
  4.55078E-01  3.94869E-01
  4.58984E-01  3.85741E-01
  4.62891E-01  3.76897E-01
  4.66797E-01  3.68308E-01
  4.70703E-01  3.59984E-01
  4.74609E-01  3.51911E-01
  4.78516E-01  3.44082E-01
  4.82422E-01  3.36483E-01
  4.86328E-01  3.29101E-01
  4.90234E-01  3.21935E-01
  4.94141E-01  3.14987E-01
  4.98047E-01  3.08235E-01
  5.01953E-01  3.01666E-01
  5.05859E-01  2.95287E-01
  5.09766E-01  2.89090E-01
  5.13672E-01  2.83060E-01
  5.17578E-01  2.77200E-01
  5.21484E-01  2.71500E-01
  5.25391E-01  2.65958E-01
  5.29297E-01  2.60567E-01
  5.33203E-01  2.55315E-01
  5.37109E-01  2.50206E-01
  5.41016E-01  2.45232E-01
  5.44922E-01  2.40385E-01
  5.48828E-01  2.35663E-01
  5.52734E-01  2.31078E-01
  5.56641E-01  2.26608E-01
  5.60547E-01  2.22246E-01
  5.64453E-01  2.17998E-01
  5.68359E-01  2.13857E-01
  5.72266E-01  2.09818E-01
  5.76172E-01  2.05884E-01
  5.80078E-01  2.02048E-01
  5.83984E-01  1.98308E-01
  5.87891E-01  1.94654E-01
  5.91797E-01  1.91091E-01
  5.95703E-01  1.87622E-01
  5.99609E-01  1.84232E-01
  6.03516E-01  1.80906E-01
  6.07422E-01  1.77681E-01
  6.11328E-01  1.74539E-01
  6.15234E-01  1.71456E-01
  6.19141E-01  1.68434E-01
  6.23047E-01  1.65504E-01
  6.26953E-01  1.62639E-01
  6.30859E-01  1.59829E-01
  6.34766E-01  1.57078E-01
  6.38672E-01  1.54411E-01
  6.42578E-01  1.51795E-01
  6.46484E-01  1.49226E-01
  6.50391E-01  1.46731E-01
  6.54297E-01  1.44288E-01
  6.58203E-01  1.41900E-01
  6.62109E-01  1.39547E-01
  6.66016E-01  1.37246E-01
  6.69922E-01  1.35029E-01
  6.73828E-01  1.32849E-01
  6.77734E-01  1.30690E-01
  6.81641E-01  1.28580E-01
  6.85547E-01  1.26538E-01
  6.89453E-01  1.24540E-01
  6.93359E-01  1.22572E-01
  6.97266E-01  1.20635E-01
  7.01172E-01  1.18745E-01
  7.05078E-01  1.16908E-01
  7.08984E-01  1.15101E-01
  7.12891E-01  1.13320E-01
  7.16797E-01  1.11578E-01
  7.20703E-01  1.09886E-01
  7.24609E-01  1.08221E-01
  7.28516E-01  1.06595E-01
  7.32422E-01  1.04980E-01
  7.36328E-01  1.03397E-01
  7.40234E-01  1.01857E-01
  7.44141E-01  1.00355E-01
  7.48047E-01  9.88760E-02
  7.51953E-01  9.74172E-02
  7.55859E-01  9.59903E-02
  7.59766E-01  9.46004E-02
  7.63672E-01  9.32411E-02
  7.67578E-01  9.19059E-02
  7.71484E-01  9.05879E-02
  7.75391E-01  8.92909E-02
  7.79297E-01  8.80247E-02
  7.83203E-01  8.67874E-02
  7.87109E-01  8.55737E-02
  7.91016E-01  8.43788E-02
  7.94922E-01  8.32000E-02
  7.98828E-01  8.20417E-02
  8.02734E-01  8.09070E-02
  8.06641E-01  7.97986E-02
  8.10547E-01  7.87122E-02
  8.14453E-01  7.76422E-02
  8.18359E-01  7.65907E-02
  8.22266E-01  7.55528E-02
  8.26172E-01  7.45345E-02
  8.30078E-01  7.35416E-02
  8.33984E-01  7.25647E-02
  8.37891E-01  7.16049E-02
  8.41797E-01  7.06583E-02
  8.45703E-01  6.97251E-02
  8.49609E-01  6.88088E-02
  8.53516E-01  6.79111E-02
  8.57422E-01  6.70320E-02
  8.61328E-01  6.61640E-02
  8.65234E-01  6.53113E-02
  8.69141E-01  6.44718E-02
  8.73047E-01  6.36459E-02
  8.76953E-01  6.28364E-02
  8.80859E-01  6.20434E-02
  8.84766E-01  6.12626E-02
  8.88672E-01  6.04927E-02
  8.92578E-01  5.97351E-02
  8.96484E-01  5.89914E-02
  9.00391E-01  5.82545E-02
  9.04297E-01  5.75348E-02
  9.08203E-01  5.68268E-02
  9.12109E-01  5.61299E-02
  9.16016E-01  5.54450E-02
  9.19922E-01  5.47687E-02
  9.23828E-01  5.41025E-02
  9.27734E-01  5.34472E-02
  9.31641E-01  5.28036E-02
  9.35547E-01  5.21700E-02
  9.39453E-01  5.15484E-02
  9.43359E-01  5.09325E-02
  9.47266E-01  5.03265E-02
  9.51172E-01  4.97299E-02
  9.55078E-01  4.91406E-02
  9.58984E-01  4.85637E-02
  9.62891E-01  4.79939E-02
  9.66797E-01  4.74324E-02
  9.70703E-01  4.68741E-02
  9.74609E-01  4.63267E-02
  9.78516E-01  4.57899E-02
  9.82422E-01  4.52678E-02
  9.86328E-01  4.47687E-02
  9.90234E-01  4.43089E-02
  9.94141E-01  4.39468E-02
  9.98047E-01  4.37904E-02
  1.00195E+00  4.37904E-02
