 -1.95312E-03  9.05235E+00
  1.95312E-03  9.05257E+00
  5.85938E-03  9.04774E+00
  9.76562E-03  9.04296E+00
  1.36719E-02  9.03758E+00
  1.75781E-02  9.03153E+00
  2.14844E-02  9.02479E+00
  2.53906E-02  9.01735E+00
  2.92969E-02  9.00922E+00
  3.32031E-02  9.00039E+00
  3.71094E-02  8.99086E+00
  4.10156E-02  8.98063E+00
  4.49219E-02  8.96971E+00
  4.88281E-02  8.95809E+00
  5.27344E-02  8.94578E+00
  5.66406E-02  8.93277E+00
  6.05469E-02  8.91908E+00
  6.44531E-02  8.90469E+00
  6.83594E-02  8.88960E+00
  7.22656E-02  8.87382E+00
  7.61719E-02  8.85735E+00
  8.00781E-02  8.84017E+00
  8.39844E-02  8.82229E+00
  8.78906E-02  8.80372E+00
  9.17969E-02  8.78445E+00
  9.57031E-02  8.76447E+00
  9.96094E-02  8.74378E+00
  1.03516E-01  8.72238E+00
  1.07422E-01  8.70027E+00
  1.11328E-01  8.67743E+00
  1.15234E-01  8.65388E+00
  1.19141E-01  8.62959E+00
  1.23047E-01  8.60457E+00
  1.26953E-01  8.57882E+00
  1.30859E-01  8.55232E+00
  1.34766E-01  8.52507E+00
  1.38672E-01  8.49706E+00
  1.42578E-01  8.46829E+00
  1.46484E-01  8.43874E+00
  1.50391E-01  8.40842E+00
  1.54297E-01  8.37731E+00
  1.58203E-01  8.34539E+00
  1.62109E-01  8.31266E+00
  1.66016E-01  8.27911E+00
  1.69922E-01  8.24473E+00
  1.73828E-01  8.20951E+00
  1.77734E-01  8.17343E+00
  1.81641E-01  8.13649E+00
  1.85547E-01  8.09865E+00
  1.89453E-01  8.05991E+00
  1.93359E-01  8.02026E+00
  1.97266E-01  7.97967E+00
  2.01172E-01  7.93812E+00
  2.05078E-01  7.89560E+00
  2.08984E-01  7.85209E+00
  2.12891E-01  7.80756E+00
  2.16797E-01  7.76198E+00
  2.20703E-01  7.71535E+00
  2.24609E-01  7.66761E+00
  2.28516E-01  7.61876E+00
  2.32422E-01  7.56875E+00
  2.36328E-01  7.51756E+00
  2.40234E-01  7.46515E+00
  2.44141E-01  7.41148E+00
  2.48047E-01  7.35652E+00
  2.51953E-01  7.30021E+00
  2.55859E-01  7.24251E+00
  2.59766E-01  7.18338E+00
  2.63672E-01  7.12275E+00
  2.67578E-01  7.06057E+00
  2.71484E-01  6.99678E+00
  2.75391E-01  6.93131E+00
  2.79297E-01  6.86407E+00
  2.83203E-01  6.79500E+00
  2.87109E-01  6.72400E+00
  2.91016E-01  6.65096E+00
  2.94922E-01  6.57579E+00
  2.98828E-01  6.49836E+00
  3.02734E-01  6.41853E+00
  3.06641E-01  6.33617E+00
  3.10547E-01  6.25110E+00
  3.14453E-01  6.16314E+00
  3.18359E-01  6.07208E+00
  3.22266E-01  5.97767E+00
  3.26172E-01  5.87965E+00
  3.30078E-01  5.77769E+00
  3.33984E-01  5.67142E+00
  3.37891E-01  5.56040E+00
  3.41797E-01  5.44410E+00
  3.45703E-01  5.32148E+00
  3.49609E-01  5.18401E+00
  3.53516E-01  4.89738E+00
  3.57422E-01  5.85980E-01
  3.61328E-01  4.84357E-01
  3.65234E-01  4.72057E-01
  3.69141E-01  4.57934E-01
  3.73047E-01  4.44781E-01
  3.76953E-01  4.31751E-01
  3.80859E-01  4.19605E-01
  3.84766E-01  4.07586E-01
  3.88672E-01  3.96284E-01
  3.92578E-01  3.85147E-01
  3.96484E-01  3.74709E-01
  4.00391E-01  3.64322E-01
  4.04297E-01  3.54655E-01
  4.08203E-01  3.45057E-01
  4.12109E-01  3.35960E-01
  4.16016E-01  3.27129E-01
  4.19922E-01  3.18562E-01
  4.23828E-01  3.10416E-01
  4.27734E-01  3.02390E-01
  4.31641E-01  2.94793E-01
  4.35547E-01  2.87296E-01
  4.39453E-01  2.80195E-01
  4.43359E-01  2.73207E-01
  4.47266E-01  2.66566E-01
  4.51172E-01  2.60020E-01
  4.55078E-01  2.53789E-01
  4.58984E-01  2.47679E-01
  4.62891E-01  2.41818E-01
  4.66797E-01  2.36096E-01
  4.70703E-01  2.30587E-01
  4.74609E-01  2.25230E-01
  4.78516E-01  2.20057E-01
  4.82422E-01  2.15022E-01
  4.86328E-01  2.10146E-01
  4.90234E-01  2.05419E-01
  4.94141E-01  2.00825E-01
  4.98047E-01  1.96373E-01
  5.01953E-01  1.92063E-01
  5.05859E-01  1.87879E-01
  5.09766E-01  1.83790E-01
  5.13672E-01  1.79824E-01
  5.17578E-01  1.75976E-01
  5.21484E-01  1.72240E-01
  5.25391E-01  1.68611E-01
  5.29297E-01  1.65087E-01
  5.33203E-01  1.61655E-01
  5.37109E-01  1.58313E-01
  5.41016E-01  1.55066E-01
  5.44922E-01  1.51916E-01
  5.48828E-01  1.48832E-01
  5.52734E-01  1.45844E-01
  5.56641E-01  1.42949E-01
  5.60547E-01  1.40110E-01
  5.64453E-01  1.37334E-01
  5.68359E-01  1.34666E-01
  5.72266E-01  1.32056E-01
  5.76172E-01  1.29495E-01
  5.80078E-01  1.27027E-01
  5.83984E-01  1.24628E-01
  5.87891E-01  1.22236E-01
  5.91797E-01  1.19890E-01
  5.95703E-01  1.17649E-01
  5.99609E-01  1.15484E-01
  6.03516E-01  1.13349E-01
  6.07422E-01  1.11273E-01
  6.11328E-01  1.09262E-01
  6.15234E-01  1.07274E-01
  6.19141E-01  1.05311E-01
  6.23047E-01  1.03393E-01
  6.26953E-01  1.01532E-01
  6.30859E-01  9.97268E-02
  6.34766E-01  9.79613E-02
  6.38672E-01  9.62339E-02
  6.42578E-01  9.45554E-02
  6.46484E-01  9.29350E-02
  6.50391E-01  9.13364E-02
  6.54297E-01  8.97683E-02
  6.58203E-01  8.82376E-02
  6.62109E-01  8.67421E-02
  6.66016E-01  8.52878E-02
  6.69922E-01  8.38623E-02
  6.73828E-01  8.24594E-02
  6.77734E-01  8.10956E-02
  6.81641E-01  7.97756E-02
  6.85547E-01  7.84820E-02
  6.89453E-01  7.72120E-02
  6.93359E-01  7.59657E-02
  6.97266E-01  7.47337E-02
  7.01172E-01  7.35314E-02
  7.05078E-01  7.23613E-02
  7.08984E-01  7.12185E-02
  7.12891E-01  7.00922E-02
  7.16797E-01  6.89850E-02
  7.20703E-01  6.79018E-02
  7.24609E-01  6.68465E-02
  7.28516E-01  6.58086E-02
  7.32422E-01  6.48128E-02
  7.36328E-01  6.38380E-02
  7.40234E-01  6.28777E-02
  7.44141E-01  6.19277E-02
  7.48047E-01  6.09867E-02
  7.51953E-01  6.00655E-02
  7.55859E-01  5.91609E-02
  7.59766E-01  5.82821E-02
  7.63672E-01  5.74200E-02
  7.67578E-01  5.65735E-02
  7.71484E-01  5.57446E-02
  7.75391E-01  5.49284E-02
  7.79297E-01  5.41278E-02
  7.83203E-01  5.33425E-02
  7.87109E-01  5.25729E-02
  7.91016E-01  5.18214E-02
  7.94922E-01  5.10845E-02
  7.98828E-01  5.03616E-02
  8.02734E-01  4.96472E-02
  8.06641E-01  4.89505E-02
  8.10547E-01  4.82531E-02
  8.14453E-01  4.75716E-02
  8.18359E-01  4.69030E-02
  8.22266E-01  4.62536E-02
  8.26172E-01  4.56154E-02
  8.30078E-01  4.49921E-02
  8.33984E-01  4.43823E-02
  8.37891E-01  4.37827E-02
  8.41797E-01  4.31927E-02
  8.45703E-01  4.26137E-02
  8.49609E-01  4.20456E-02
  8.53516E-01  4.14853E-02
  8.57422E-01  4.09354E-02
  8.61328E-01  4.03971E-02
  8.65234E-01  3.98686E-02
  8.69141E-01  3.93473E-02
  8.73047E-01  3.88364E-02
  8.76953E-01  3.83327E-02
  8.80859E-01  3.78384E-02
  8.84766E-01  3.73517E-02
  8.88672E-01  3.68715E-02
  8.92578E-01  3.64016E-02
  8.96484E-01  3.59402E-02
  9.00391E-01  3.54860E-02
  9.04297E-01  3.50397E-02
  9.08203E-01  3.45995E-02
  9.12109E-01  3.41689E-02
  9.16016E-01  3.37431E-02
  9.19922E-01  3.33228E-02
  9.23828E-01  3.29110E-02
  9.27734E-01  3.25063E-02
  9.31641E-01  3.21059E-02
  9.35547E-01  3.17152E-02
  9.39453E-01  3.13294E-02
  9.43359E-01  3.09499E-02
  9.47266E-01  3.05765E-02
  9.51172E-01  3.02091E-02
  9.55078E-01  2.98475E-02
  9.58984E-01  2.94893E-02
  9.62891E-01  2.91392E-02
  9.66797E-01  2.87953E-02
  9.70703E-01  2.84582E-02
  9.74609E-01  2.81312E-02
  9.78516E-01  2.78121E-02
  9.82422E-01  2.75071E-02
  9.86328E-01  2.72182E-02
  9.90234E-01  2.69546E-02
  9.94141E-01  2.67417E-02
  9.98047E-01  2.66390E-02
  1.00195E+00  2.66390E-02
