 -1.95312E-03  8.07671E+00
  1.95312E-03  8.07795E+00
  5.85938E-03  8.07298E+00
  9.76562E-03  8.06791E+00
  1.36719E-02  8.06212E+00
  1.75781E-02  8.05551E+00
  2.14844E-02  8.04807E+00
  2.53906E-02  8.03980E+00
  2.92969E-02  8.03069E+00
  3.32031E-02  8.02075E+00
  3.71094E-02  8.00997E+00
  4.10156E-02  7.99836E+00
  4.49219E-02  7.98592E+00
  4.88281E-02  7.97264E+00
  5.27344E-02  7.95853E+00
  5.66406E-02  7.94358E+00
  6.05469E-02  7.92779E+00
  6.44531E-02  7.91116E+00
  6.83594E-02  7.89370E+00
  7.22656E-02  7.87539E+00
  7.61719E-02  7.85623E+00
  8.00781E-02  7.83623E+00
  8.39844E-02  7.81537E+00
  8.78906E-02  7.79366E+00
  9.17969E-02  7.77108E+00
  9.57031E-02  7.74764E+00
  9.96094E-02  7.72332E+00
  1.03516E-01  7.69811E+00
  1.07422E-01  7.67202E+00
  1.11328E-01  7.64503E+00
  1.15234E-01  7.61713E+00
  1.19141E-01  7.58832E+00
  1.23047E-01  7.55859E+00
  1.26953E-01  7.52791E+00
  1.30859E-01  7.49628E+00
  1.34766E-01  7.46370E+00
  1.38672E-01  7.43014E+00
  1.42578E-01  7.39558E+00
  1.46484E-01  7.36003E+00
  1.50391E-01  7.32345E+00
  1.54297E-01  7.28584E+00
  1.58203E-01  7.24716E+00
  1.62109E-01  7.20741E+00
  1.66016E-01  7.16655E+00
  1.69922E-01  7.12458E+00
  1.73828E-01  7.08145E+00
  1.77734E-01  7.03715E+00
  1.81641E-01  6.99164E+00
  1.85547E-01  6.94491E+00
  1.89453E-01  6.89690E+00
  1.93359E-01  6.84759E+00
  1.97266E-01  6.79695E+00
  2.01172E-01  6.74493E+00
  2.05078E-01  6.69149E+00
  2.08984E-01  6.63658E+00
  2.12891E-01  6.58016E+00
  2.16797E-01  6.52217E+00
  2.20703E-01  6.46256E+00
  2.24609E-01  6.40125E+00
  2.28516E-01  6.33819E+00
  2.32422E-01  6.27329E+00
  2.36328E-01  6.20647E+00
  2.40234E-01  6.13765E+00
  2.44141E-01  6.06674E+00
  2.48047E-01  5.99361E+00
  2.51953E-01  5.91816E+00
  2.55859E-01  5.84027E+00
  2.59766E-01  5.75977E+00
  2.63672E-01  5.67651E+00
  2.67578E-01  5.59032E+00
  2.71484E-01  5.50098E+00
  2.75391E-01  5.40827E+00
  2.79297E-01  5.31193E+00
  2.83203E-01  5.21165E+00
  2.87109E-01  5.10709E+00
  2.91016E-01  4.99786E+00
  2.94922E-01  4.88346E+00
  2.98828E-01  4.76335E+00
  3.02734E-01  4.63683E+00
  3.06641E-01  4.50308E+00
  3.10547E-01  4.36105E+00
  3.14453E-01  4.20938E+00
  3.18359E-01  4.04631E+00
  3.22266E-01  3.86930E+00
  3.26172E-01  3.67428E+00
  3.30078E-01  3.45316E+00
  3.33984E-01  3.18637E+00
  3.37891E-01  2.83415E+00
  3.41797E-01  2.37637E+00
  3.45703E-01  1.91017E+00
  3.49609E-01  1.61496E+00
  3.53516E-01  1.47583E+00
  3.57422E-01  1.40901E+00
  3.61328E-01  1.36559E+00
  3.65234E-01  1.32865E+00
  3.69141E-01  1.29412E+00
  3.73047E-01  1.26117E+00
  3.76953E-01  1.22953E+00
  3.80859E-01  1.19904E+00
  3.84766E-01  1.16971E+00
  3.88672E-01  1.14143E+00
  3.92578E-01  1.11420E+00
  3.96484E-01  1.08795E+00
  4.00391E-01  1.06264E+00
  4.04297E-01  1.03815E+00
  4.08203E-01  1.01456E+00
  4.12109E-01  9.91709E-01
  4.16016E-01  9.69474E-01
  4.19922E-01  9.47917E-01
  4.23828E-01  9.27120E-01
  4.27734E-01  9.06886E-01
  4.31641E-01  8.87174E-01
  4.35547E-01  8.68033E-01
  4.39453E-01  8.49455E-01
  4.43359E-01  8.31427E-01
  4.47266E-01  8.13937E-01
  4.51172E-01  7.96980E-01
  4.55078E-01  7.80666E-01
  4.58984E-01  7.64867E-01
  4.62891E-01  7.49418E-01
  4.66797E-01  7.34340E-01
  4.70703E-01  7.19632E-01
  4.74609E-01  7.05311E-01
  4.78516E-01  6.91422E-01
  4.82422E-01  6.77887E-01
  4.86328E-01  6.64671E-01
  4.90234E-01  6.51821E-01
  4.94141E-01  6.39322E-01
  4.98047E-01  6.27130E-01
  5.01953E-01  6.15236E-01
  5.05859E-01  6.03655E-01
  5.09766E-01  5.92373E-01
  5.13672E-01  5.81367E-01
  5.17578E-01  5.70626E-01
  5.21484E-01  5.60161E-01
  5.25391E-01  5.49949E-01
  5.29297E-01  5.39983E-01
  5.33203E-01  5.30260E-01
  5.37109E-01  5.20772E-01
  5.41016E-01  5.11508E-01
  5.44922E-01  5.02465E-01
  5.48828E-01  4.93634E-01
  5.52734E-01  4.85011E-01
  5.56641E-01  4.76587E-01
  5.60547E-01  4.68360E-01
  5.64453E-01  4.60321E-01
  5.68359E-01  4.52465E-01
  5.72266E-01  4.44786E-01
  5.76172E-01  4.37283E-01
  5.80078E-01  4.29948E-01
  5.83984E-01  4.22777E-01
  5.87891E-01  4.15763E-01
  5.91797E-01  4.08904E-01
  5.95703E-01  4.02194E-01
  5.99609E-01  3.95629E-01
  6.03516E-01  3.89211E-01
  6.07422E-01  3.82930E-01
  6.11328E-01  3.76792E-01
  6.15234E-01  3.70776E-01
  6.19141E-01  3.64886E-01
  6.23047E-01  3.59126E-01
  6.26953E-01  3.53484E-01
  6.30859E-01  3.47957E-01
  6.34766E-01  3.42549E-01
  6.38672E-01  3.37254E-01
  6.42578E-01  3.32063E-01
  6.46484E-01  3.26979E-01
  6.50391E-01  3.22001E-01
  6.54297E-01  3.17122E-01
  6.58203E-01  3.12345E-01
  6.62109E-01  3.07662E-01
  6.66016E-01  3.03068E-01
  6.69922E-01  2.98568E-01
  6.73828E-01  2.94155E-01
  6.77734E-01  2.89830E-01
  6.81641E-01  2.85589E-01
  6.85547E-01  2.81435E-01
  6.89453E-01  2.77357E-01
  6.93359E-01  2.73355E-01
  6.97266E-01  2.69434E-01
  7.01172E-01  2.65588E-01
  7.05078E-01  2.61811E-01
  7.08984E-01  2.58110E-01
  7.12891E-01  2.54477E-01
  7.16797E-01  2.50911E-01
  7.20703E-01  2.47410E-01
  7.24609E-01  2.43977E-01
  7.28516E-01  2.40606E-01
  7.32422E-01  2.37294E-01
  7.36328E-01  2.34044E-01
  7.40234E-01  2.30855E-01
  7.44141E-01  2.27722E-01
  7.48047E-01  2.24648E-01
  7.51953E-01  2.21626E-01
  7.55859E-01  2.18660E-01
  7.59766E-01  2.15745E-01
  7.63672E-01  2.12881E-01
  7.67578E-01  2.10069E-01
  7.71484E-01  2.07306E-01
  7.75391E-01  2.04593E-01
  7.79297E-01  2.01926E-01
  7.83203E-01  1.99303E-01
  7.87109E-01  1.96731E-01
  7.91016E-01  1.94191E-01
  7.94922E-01  1.91701E-01
  7.98828E-01  1.89262E-01
  8.02734E-01  1.86861E-01
  8.06641E-01  1.84486E-01
  8.10547E-01  1.82158E-01
  8.14453E-01  1.79879E-01
  8.18359E-01  1.77631E-01
  8.22266E-01  1.75414E-01
  8.26172E-01  1.73236E-01
  8.30078E-01  1.71105E-01
  8.33984E-01  1.69001E-01
  8.37891E-01  1.66922E-01
  8.41797E-01  1.64885E-01
  8.45703E-01  1.62886E-01
  8.49609E-01  1.60914E-01
  8.53516E-01  1.58965E-01
  8.57422E-01  1.57053E-01
  8.61328E-01  1.55180E-01
  8.65234E-01  1.53327E-01
  8.69141E-01  1.51498E-01
  8.73047E-01  1.49702E-01
  8.76953E-01  1.47940E-01
  8.80859E-01  1.46198E-01
  8.84766E-01  1.44478E-01
  8.88672E-01  1.42794E-01
  8.92578E-01  1.41137E-01
  8.96484E-01  1.39500E-01
  9.00391E-01  1.37881E-01
  9.04297E-01  1.36290E-01
  9.08203E-01  1.34725E-01
  9.12109E-01  1.33186E-01
  9.16016E-01  1.31662E-01
  9.19922E-01  1.30166E-01
  9.23828E-01  1.28694E-01
  9.27734E-01  1.27242E-01
  9.31641E-01  1.25806E-01
  9.35547E-01  1.24395E-01
  9.39453E-01  1.23003E-01
  9.43359E-01  1.21630E-01
  9.47266E-01  1.20275E-01
  9.51172E-01  1.18946E-01
  9.55078E-01  1.17634E-01
  9.58984E-01  1.16337E-01
  9.62891E-01  1.15058E-01
  9.66797E-01  1.13800E-01
  9.70703E-01  1.12553E-01
  9.74609E-01  1.11316E-01
  9.78516E-01  1.10099E-01
  9.82422E-01  1.08899E-01
  9.86328E-01  1.07701E-01
  9.90234E-01  1.06510E-01
  9.94141E-01  1.05475E-01
  9.98047E-01  1.05013E-01
  1.00195E+00  1.05013E-01
