 -1.95312E-03  8.68112E+00
  1.95312E-03  8.68265E+00
  5.85938E-03  8.67771E+00
  9.76562E-03  8.67282E+00
  1.36719E-02  8.66727E+00
  1.75781E-02  8.66100E+00
  2.14844E-02  8.65398E+00
  2.53906E-02  8.64620E+00
  2.92969E-02  8.63768E+00
  3.32031E-02  8.62839E+00
  3.71094E-02  8.61835E+00
  4.10156E-02  8.60756E+00
  4.49219E-02  8.59602E+00
  4.88281E-02  8.58372E+00
  5.27344E-02  8.57068E+00
  5.66406E-02  8.55689E+00
  6.05469E-02  8.54234E+00
  6.44531E-02  8.52704E+00
  6.83594E-02  8.51099E+00
  7.22656E-02  8.49418E+00
  7.61719E-02  8.47662E+00
  8.00781E-02  8.45830E+00
  8.39844E-02  8.43922E+00
  8.78906E-02  8.41937E+00
  9.17969E-02  8.39876E+00
  9.57031E-02  8.37737E+00
  9.96094E-02  8.35521E+00
  1.03516E-01  8.33226E+00
  1.07422E-01  8.30853E+00
  1.11328E-01  8.28401E+00
  1.15234E-01  8.25869E+00
  1.19141E-01  8.23256E+00
  1.23047E-01  8.20562E+00
  1.26953E-01  8.17786E+00
  1.30859E-01  8.14926E+00
  1.34766E-01  8.11983E+00
  1.38672E-01  8.08955E+00
  1.42578E-01  8.05841E+00
  1.46484E-01  8.02641E+00
  1.50391E-01  7.99352E+00
  1.54297E-01  7.95973E+00
  1.58203E-01  7.92505E+00
  1.62109E-01  7.88944E+00
  1.66016E-01  7.85289E+00
  1.69922E-01  7.81539E+00
  1.73828E-01  7.77692E+00
  1.77734E-01  7.73747E+00
  1.81641E-01  7.69702E+00
  1.85547E-01  7.65553E+00
  1.89453E-01  7.61299E+00
  1.93359E-01  7.56938E+00
  1.97266E-01  7.52468E+00
  2.01172E-01  7.47885E+00
  2.05078E-01  7.43188E+00
  2.08984E-01  7.38372E+00
  2.12891E-01  7.33434E+00
  2.16797E-01  7.28372E+00
  2.20703E-01  7.23181E+00
  2.24609E-01  7.17857E+00
  2.28516E-01  7.12395E+00
  2.32422E-01  7.06792E+00
  2.36328E-01  7.01042E+00
  2.40234E-01  6.95139E+00
  2.44141E-01  6.89079E+00
  2.48047E-01  6.82854E+00
  2.51953E-01  6.76458E+00
  2.55859E-01  6.69883E+00
  2.59766E-01  6.63123E+00
  2.63672E-01  6.56166E+00
  2.67578E-01  6.49004E+00
  2.71484E-01  6.41627E+00
  2.75391E-01  6.34021E+00
  2.79297E-01  6.26175E+00
  2.83203E-01  6.18073E+00
  2.87109E-01  6.09701E+00
  2.91016E-01  6.01038E+00
  2.94922E-01  5.92066E+00
  2.98828E-01  5.82760E+00
  3.02734E-01  5.73095E+00
  3.06641E-01  5.63040E+00
  3.10547E-01  5.52560E+00
  3.14453E-01  5.41615E+00
  3.18359E-01  5.30155E+00
  3.22266E-01  5.18123E+00
  3.26172E-01  5.05450E+00
  3.30078E-01  4.92050E+00
  3.33984E-01  4.77812E+00
  3.37891E-01  4.62596E+00
  3.41797E-01  4.46182E+00
  3.45703E-01  4.27966E+00
  3.49609E-01  4.04374E+00
  3.53516E-01  3.54397E+00
  3.57422E-01  1.18556E+00
  3.61328E-01  8.68119E-01
  3.65234E-01  8.22990E-01
  3.69141E-01  8.03834E-01
  3.73047E-01  7.81722E-01
  3.76953E-01  7.60309E-01
  3.80859E-01  7.39797E-01
  3.84766E-01  7.19980E-01
  3.88672E-01  7.00858E-01
  3.92578E-01  6.82352E-01
  3.96484E-01  6.64595E-01
  4.00391E-01  6.47428E-01
  4.04297E-01  6.30839E-01
  4.08203E-01  6.14857E-01
  4.12109E-01  5.99412E-01
  4.16016E-01  5.84472E-01
  4.19922E-01  5.70043E-01
  4.23828E-01  5.56098E-01
  4.27734E-01  5.42596E-01
  4.31641E-01  5.29544E-01
  4.35547E-01  5.16911E-01
  4.39453E-01  5.04673E-01
  4.43359E-01  4.92829E-01
  4.47266E-01  4.81361E-01
  4.51172E-01  4.70238E-01
  4.55078E-01  4.59462E-01
  4.58984E-01  4.49023E-01
  4.62891E-01  4.38890E-01
  4.66797E-01  4.29061E-01
  4.70703E-01  4.19530E-01
  4.74609E-01  4.10278E-01
  4.78516E-01  4.01293E-01
  4.82422E-01  3.92578E-01
  4.86328E-01  3.84116E-01
  4.90234E-01  3.75896E-01
  4.94141E-01  3.67908E-01
  4.98047E-01  3.60139E-01
  5.01953E-01  3.52589E-01
  5.05859E-01  3.45255E-01
  5.09766E-01  3.38127E-01
  5.13672E-01  3.31188E-01
  5.17578E-01  3.24434E-01
  5.21484E-01  3.17869E-01
  5.25391E-01  3.11484E-01
  5.29297E-01  3.05260E-01
  5.33203E-01  2.99207E-01
  5.37109E-01  2.93317E-01
  5.41016E-01  2.87574E-01
  5.44922E-01  2.81984E-01
  5.48828E-01  2.76538E-01
  5.52734E-01  2.71230E-01
  5.56641E-01  2.66054E-01
  5.60547E-01  2.61017E-01
  5.64453E-01  2.56098E-01
  5.68359E-01  2.51309E-01
  5.72266E-01  2.46638E-01
  5.76172E-01  2.42078E-01
  5.80078E-01  2.37627E-01
  5.83984E-01  2.33290E-01
  5.87891E-01  2.29051E-01
  5.91797E-01  2.24926E-01
  5.95703E-01  2.20894E-01
  5.99609E-01  2.16957E-01
  6.03516E-01  2.13116E-01
  6.07422E-01  2.09357E-01
  6.11328E-01  2.05696E-01
  6.15234E-01  2.02111E-01
  6.19141E-01  1.98620E-01
  6.23047E-01  1.95204E-01
  6.26953E-01  1.91854E-01
  6.30859E-01  1.88585E-01
  6.34766E-01  1.85405E-01
  6.38672E-01  1.82290E-01
  6.42578E-01  1.79232E-01
  6.46484E-01  1.76252E-01
  6.50391E-01  1.73350E-01
  6.54297E-01  1.70497E-01
  6.58203E-01  1.67696E-01
  6.62109E-01  1.64968E-01
  6.66016E-01  1.62310E-01
  6.69922E-01  1.59692E-01
  6.73828E-01  1.57131E-01
  6.77734E-01  1.54623E-01
  6.81641E-01  1.52183E-01
  6.85547E-01  1.49787E-01
  6.89453E-01  1.47426E-01
  6.93359E-01  1.45118E-01
  6.97266E-01  1.42879E-01
  7.01172E-01  1.40682E-01
  7.05078E-01  1.38515E-01
  7.08984E-01  1.36388E-01
  7.12891E-01  1.34325E-01
  7.16797E-01  1.32295E-01
  7.20703E-01  1.30288E-01
  7.24609E-01  1.28334E-01
  7.28516E-01  1.26433E-01
  7.32422E-01  1.24568E-01
  7.36328E-01  1.22729E-01
  7.40234E-01  1.20917E-01
  7.44141E-01  1.19142E-01
  7.48047E-01  1.17417E-01
  7.51953E-01  1.15717E-01
  7.55859E-01  1.14046E-01
  7.59766E-01  1.12407E-01
  7.63672E-01  1.10801E-01
  7.67578E-01  1.09235E-01
  7.71484E-01  1.07693E-01
  7.75391E-01  1.06168E-01
  7.79297E-01  1.04669E-01
  7.83203E-01  1.03202E-01
  7.87109E-01  1.01768E-01
  7.91016E-01  1.00363E-01
  7.94922E-01  9.89826E-02
  7.98828E-01  9.76229E-02
  8.02734E-01  9.62851E-02
  8.06641E-01  9.49817E-02
  8.10547E-01  9.37034E-02
  8.14453E-01  9.24517E-02
  8.18359E-01  9.12103E-02
  8.22266E-01  8.99822E-02
  8.26172E-01  8.87842E-02
  8.30078E-01  8.76120E-02
  8.33984E-01  8.64621E-02
  8.37891E-01  8.53306E-02
  8.41797E-01  8.42161E-02
  8.45703E-01  8.31141E-02
  8.49609E-01  8.20368E-02
  8.53516E-01  8.09838E-02
  8.57422E-01  7.99458E-02
  8.61328E-01  7.89205E-02
  8.65234E-01  7.79117E-02
  8.69141E-01  7.69213E-02
  8.73047E-01  7.59485E-02
  8.76953E-01  7.49926E-02
  8.80859E-01  7.40505E-02
  8.84766E-01  7.31201E-02
  8.88672E-01  7.22092E-02
  8.92578E-01  7.13119E-02
  8.96484E-01  7.04308E-02
  9.00391E-01  6.95680E-02
  9.04297E-01  6.87162E-02
  9.08203E-01  6.78772E-02
  9.12109E-01  6.70502E-02
  9.16016E-01  6.62375E-02
  9.19922E-01  6.54390E-02
  9.23828E-01  6.46549E-02
  9.27734E-01  6.38801E-02
  9.31641E-01  6.31180E-02
  9.35547E-01  6.23642E-02
  9.39453E-01  6.16252E-02
  9.43359E-01  6.08995E-02
  9.47266E-01  6.01822E-02
  9.51172E-01  5.94771E-02
  9.55078E-01  5.87788E-02
  9.58984E-01  5.80918E-02
  9.62891E-01  5.74145E-02
  9.66797E-01  5.67507E-02
  9.70703E-01  5.60954E-02
  9.74609E-01  5.54470E-02
  9.78516E-01  5.48074E-02
  9.82422E-01  5.41808E-02
  9.86328E-01  5.35754E-02
  9.90234E-01  5.30143E-02
  9.94141E-01  5.25688E-02
  9.98047E-01  5.23513E-02
  1.00195E+00  5.23513E-02
