 -1.95312E-03  8.60595E+00
  1.95312E-03  8.60682E+00
  5.85938E-03  8.60197E+00
  9.76562E-03  8.59706E+00
  1.36719E-02  8.59148E+00
  1.75781E-02  8.58517E+00
  2.14844E-02  8.57810E+00
  2.53906E-02  8.57027E+00
  2.92969E-02  8.56167E+00
  3.32031E-02  8.55231E+00
  3.71094E-02  8.54220E+00
  4.10156E-02  8.53132E+00
  4.49219E-02  8.51968E+00
  4.88281E-02  8.50728E+00
  5.27344E-02  8.49412E+00
  5.66406E-02  8.48020E+00
  6.05469E-02  8.46552E+00
  6.44531E-02  8.45008E+00
  6.83594E-02  8.43387E+00
  7.22656E-02  8.41690E+00
  7.61719E-02  8.39916E+00
  8.00781E-02  8.38065E+00
  8.39844E-02  8.36138E+00
  8.78906E-02  8.34133E+00
  9.17969E-02  8.32050E+00
  9.57031E-02  8.29889E+00
  9.96094E-02  8.27649E+00
  1.03516E-01  8.25330E+00
  1.07422E-01  8.22931E+00
  1.11328E-01  8.20451E+00
  1.15234E-01  8.17891E+00
  1.19141E-01  8.15249E+00
  1.23047E-01  8.12524E+00
  1.26953E-01  8.09716E+00
  1.30859E-01  8.06824E+00
  1.34766E-01  8.03847E+00
  1.38672E-01  8.00784E+00
  1.42578E-01  7.97634E+00
  1.46484E-01  7.94395E+00
  1.50391E-01  7.91067E+00
  1.54297E-01  7.87648E+00
  1.58203E-01  7.84136E+00
  1.62109E-01  7.80530E+00
  1.66016E-01  7.76829E+00
  1.69922E-01  7.73031E+00
  1.73828E-01  7.69134E+00
  1.77734E-01  7.65136E+00
  1.81641E-01  7.61036E+00
  1.85547E-01  7.56830E+00
  1.89453E-01  7.52516E+00
  1.93359E-01  7.48092E+00
  1.97266E-01  7.43556E+00
  2.01172E-01  7.38904E+00
  2.05078E-01  7.34133E+00
  2.08984E-01  7.29240E+00
  2.12891E-01  7.24222E+00
  2.16797E-01  7.19075E+00
  2.20703E-01  7.13794E+00
  2.24609E-01  7.08376E+00
  2.28516E-01  7.02816E+00
  2.32422E-01  6.97108E+00
  2.36328E-01  6.91248E+00
  2.40234E-01  6.85229E+00
  2.44141E-01  6.79044E+00
  2.48047E-01  6.72688E+00
  2.51953E-01  6.66152E+00
  2.55859E-01  6.59428E+00
  2.59766E-01  6.52507E+00
  2.63672E-01  6.45379E+00
  2.67578E-01  6.38033E+00
  2.71484E-01  6.30457E+00
  2.75391E-01  6.22638E+00
  2.79297E-01  6.14561E+00
  2.83203E-01  6.06209E+00
  2.87109E-01  5.97563E+00
  2.91016E-01  5.88602E+00
  2.94922E-01  5.79302E+00
  2.98828E-01  5.69636E+00
  3.02734E-01  5.59571E+00
  3.06641E-01  5.49071E+00
  3.10547E-01  5.38093E+00
  3.14453E-01  5.26585E+00
  3.18359E-01  5.14483E+00
  3.22266E-01  5.01713E+00
  3.26172E-01  4.88176E+00
  3.30078E-01  4.73750E+00
  3.33984E-01  4.58270E+00
  3.37891E-01  4.41485E+00
  3.41797E-01  4.22813E+00
  3.45703E-01  3.99534E+00
  3.49609E-01  3.57368E+00
  3.53516E-01  2.69202E+00
  3.57422E-01  1.18300E+00
  3.61328E-01  9.45623E-01
  3.65234E-01  9.01001E-01
  3.69141E-01  8.79955E-01
  3.73047E-01  8.55980E-01
  3.76953E-01  8.32829E-01
  3.80859E-01  8.10655E-01
  3.84766E-01  7.89242E-01
  3.88672E-01  7.68574E-01
  3.92578E-01  7.48701E-01
  3.96484E-01  7.29509E-01
  4.00391E-01  7.10952E-01
  4.04297E-01  6.92952E-01
  4.08203E-01  6.75632E-01
  4.12109E-01  6.58903E-01
  4.16016E-01  6.42692E-01
  4.19922E-01  6.27037E-01
  4.23828E-01  6.11911E-01
  4.27734E-01  5.97251E-01
  4.31641E-01  5.83070E-01
  4.35547E-01  5.69357E-01
  4.39453E-01  5.56055E-01
  4.43359E-01  5.43174E-01
  4.47266E-01  5.30701E-01
  4.51172E-01  5.18603E-01
  4.55078E-01  5.06869E-01
  4.58984E-01  4.95501E-01
  4.62891E-01  4.84468E-01
  4.66797E-01  4.73760E-01
  4.70703E-01  4.63370E-01
  4.74609E-01  4.53288E-01
  4.78516E-01  4.43494E-01
  4.82422E-01  4.33982E-01
  4.86328E-01  4.24746E-01
  4.90234E-01  4.15768E-01
  4.94141E-01  4.07042E-01
  4.98047E-01  3.98558E-01
  5.01953E-01  3.90306E-01
  5.05859E-01  3.82281E-01
  5.09766E-01  3.74488E-01
  5.13672E-01  3.66907E-01
  5.17578E-01  3.59516E-01
  5.21484E-01  3.52326E-01
  5.25391E-01  3.45336E-01
  5.29297E-01  3.38524E-01
  5.33203E-01  3.31885E-01
  5.37109E-01  3.25428E-01
  5.41016E-01  3.19134E-01
  5.44922E-01  3.12998E-01
  5.48828E-01  3.07025E-01
  5.52734E-01  3.01198E-01
  5.56641E-01  2.95521E-01
  5.60547E-01  2.89989E-01
  5.64453E-01  2.84588E-01
  5.68359E-01  2.79329E-01
  5.72266E-01  2.74195E-01
  5.76172E-01  2.69183E-01
  5.80078E-01  2.64297E-01
  5.83984E-01  2.59521E-01
  5.87891E-01  2.54868E-01
  5.91797E-01  2.50322E-01
  5.95703E-01  2.45887E-01
  5.99609E-01  2.41555E-01
  6.03516E-01  2.37317E-01
  6.07422E-01  2.33181E-01
  6.11328E-01  2.29141E-01
  6.15234E-01  2.25196E-01
  6.19141E-01  2.21342E-01
  6.23047E-01  2.17577E-01
  6.26953E-01  2.13892E-01
  6.30859E-01  2.10289E-01
  6.34766E-01  2.06770E-01
  6.38672E-01  2.03329E-01
  6.42578E-01  1.99968E-01
  6.46484E-01  1.96668E-01
  6.50391E-01  1.93459E-01
  6.54297E-01  1.90308E-01
  6.58203E-01  1.87220E-01
  6.62109E-01  1.84199E-01
  6.66016E-01  1.81259E-01
  6.69922E-01  1.78371E-01
  6.73828E-01  1.75539E-01
  6.77734E-01  1.72762E-01
  6.81641E-01  1.70062E-01
  6.85547E-01  1.67415E-01
  6.89453E-01  1.64804E-01
  6.93359E-01  1.62253E-01
  6.97266E-01  1.59769E-01
  7.01172E-01  1.57331E-01
  7.05078E-01  1.54927E-01
  7.08984E-01  1.52578E-01
  7.12891E-01  1.50288E-01
  7.16797E-01  1.48043E-01
  7.20703E-01  1.45828E-01
  7.24609E-01  1.43663E-01
  7.28516E-01  1.41547E-01
  7.32422E-01  1.39475E-01
  7.36328E-01  1.37425E-01
  7.40234E-01  1.35412E-01
  7.44141E-01  1.33457E-01
  7.48047E-01  1.31543E-01
  7.51953E-01  1.29655E-01
  7.55859E-01  1.27803E-01
  7.59766E-01  1.25984E-01
  7.63672E-01  1.24206E-01
  7.67578E-01  1.22458E-01
  7.71484E-01  1.20744E-01
  7.75391E-01  1.19049E-01
  7.79297E-01  1.17392E-01
  7.83203E-01  1.15773E-01
  7.87109E-01  1.14183E-01
  7.91016E-01  1.12623E-01
  7.94922E-01  1.11077E-01
  7.98828E-01  1.09565E-01
  8.02734E-01  1.08086E-01
  8.06641E-01  1.06629E-01
  8.10547E-01  1.05193E-01
  8.14453E-01  1.03781E-01
  8.18359E-01  1.02399E-01
  8.22266E-01  1.01046E-01
  8.26172E-01  9.97209E-02
  8.30078E-01  9.84144E-02
  8.33984E-01  9.71271E-02
  8.37891E-01  9.58575E-02
  8.41797E-01  9.46135E-02
  8.45703E-01  9.33991E-02
  8.49609E-01  9.22063E-02
  8.53516E-01  9.10241E-02
  8.57422E-01  8.98580E-02
  8.61328E-01  8.87165E-02
  8.65234E-01  8.75997E-02
  8.69141E-01  8.64970E-02
  8.73047E-01  8.54163E-02
  8.76953E-01  8.43486E-02
  8.80859E-01  8.32988E-02
  8.84766E-01  8.22642E-02
  8.88672E-01  8.12459E-02
  8.92578E-01  8.02464E-02
  8.96484E-01  7.92593E-02
  9.00391E-01  7.82885E-02
  9.04297E-01  7.73363E-02
  9.08203E-01  7.64018E-02
  9.12109E-01  7.54808E-02
  9.16016E-01  7.45735E-02
  9.19922E-01  7.36747E-02
  9.23828E-01  7.27944E-02
  9.27734E-01  7.19296E-02
  9.31641E-01  7.10794E-02
  9.35547E-01  7.02409E-02
  9.39453E-01  6.94106E-02
  9.43359E-01  6.85972E-02
  9.47266E-01  6.77950E-02
  9.51172E-01  6.70073E-02
  9.55078E-01  6.62289E-02
  9.58984E-01  6.54607E-02
  9.62891E-01  6.47012E-02
  9.66797E-01  6.39559E-02
  9.70703E-01  6.32229E-02
  9.74609E-01  6.24981E-02
  9.78516E-01  6.17796E-02
  9.82422E-01  6.10738E-02
  9.86328E-01  6.03864E-02
  9.90234E-01  5.97402E-02
  9.94141E-01  5.92359E-02
  9.98047E-01  5.89972E-02
  1.00195E+00  5.89972E-02
