 -1.95312E-03  8.73895E+00
  1.95312E-03  8.74022E+00
  5.85938E-03  8.73534E+00
  9.76562E-03  8.73046E+00
  1.36719E-02  8.72495E+00
  1.75781E-02  8.71871E+00
  2.14844E-02  8.71174E+00
  2.53906E-02  8.70402E+00
  2.92969E-02  8.69556E+00
  3.32031E-02  8.68636E+00
  3.71094E-02  8.67641E+00
  4.10156E-02  8.66572E+00
  4.49219E-02  8.65428E+00
  4.88281E-02  8.64210E+00
  5.27344E-02  8.62918E+00
  5.66406E-02  8.61552E+00
  6.05469E-02  8.60112E+00
  6.44531E-02  8.58598E+00
  6.83594E-02  8.57009E+00
  7.22656E-02  8.55346E+00
  7.61719E-02  8.53608E+00
  8.00781E-02  8.51795E+00
  8.39844E-02  8.49907E+00
  8.78906E-02  8.47944E+00
  9.17969E-02  8.45904E+00
  9.57031E-02  8.43789E+00
  9.96094E-02  8.41597E+00
  1.03516E-01  8.39328E+00
  1.07422E-01  8.36981E+00
  1.11328E-01  8.34558E+00
  1.15234E-01  8.32055E+00
  1.19141E-01  8.29474E+00
  1.23047E-01  8.26813E+00
  1.26953E-01  8.24071E+00
  1.30859E-01  8.21248E+00
  1.34766E-01  8.18343E+00
  1.38672E-01  8.15355E+00
  1.42578E-01  8.12283E+00
  1.46484E-01  8.09126E+00
  1.50391E-01  8.05884E+00
  1.54297E-01  8.02554E+00
  1.58203E-01  7.99136E+00
  1.62109E-01  7.95628E+00
  1.66016E-01  7.92029E+00
  1.69922E-01  7.88338E+00
  1.73828E-01  7.84552E+00
  1.77734E-01  7.80669E+00
  1.81641E-01  7.76690E+00
  1.85547E-01  7.72610E+00
  1.89453E-01  7.68429E+00
  1.93359E-01  7.64144E+00
  1.97266E-01  7.59753E+00
  2.01172E-01  7.55253E+00
  2.05078E-01  7.50642E+00
  2.08984E-01  7.45917E+00
  2.12891E-01  7.41075E+00
  2.16797E-01  7.36113E+00
  2.20703E-01  7.31027E+00
  2.24609E-01  7.25814E+00
  2.28516E-01  7.20470E+00
  2.32422E-01  7.14990E+00
  2.36328E-01  7.09371E+00
  2.40234E-01  7.03607E+00
  2.44141E-01  6.97693E+00
  2.48047E-01  6.91623E+00
  2.51953E-01  6.85392E+00
  2.55859E-01  6.78992E+00
  2.59766E-01  6.72417E+00
  2.63672E-01  6.65659E+00
  2.67578E-01  6.58708E+00
  2.71484E-01  6.51556E+00
  2.75391E-01  6.44192E+00
  2.79297E-01  6.36605E+00
  2.83203E-01  6.28782E+00
  2.87109E-01  6.20709E+00
  2.91016E-01  6.12371E+00
  2.94922E-01  6.03750E+00
  2.98828E-01  5.94828E+00
  3.02734E-01  5.85579E+00
  3.06641E-01  5.75982E+00
  3.10547E-01  5.66005E+00
  3.14453E-01  5.55615E+00
  3.18359E-01  5.44774E+00
  3.22266E-01  5.33435E+00
  3.26172E-01  5.21542E+00
  3.30078E-01  5.09030E+00
  3.33984E-01  4.95816E+00
  3.37891E-01  4.81798E+00
  3.41797E-01  4.66829E+00
  3.45703E-01  4.50551E+00
  3.49609E-01  4.30650E+00
  3.53516E-01  3.88634E+00
  3.57422E-01  1.10034E+00
  3.61328E-01  7.99160E-01
  3.65234E-01  7.61124E-01
  3.69141E-01  7.43790E-01
  3.73047E-01  7.23099E-01
  3.76953E-01  7.03104E-01
  3.80859E-01  6.83816E-01
  3.84766E-01  6.65256E-01
  3.88672E-01  6.47434E-01
  3.92578E-01  6.30184E-01
  3.96484E-01  6.13596E-01
  4.00391E-01  5.97595E-01
  4.04297E-01  5.82138E-01
  4.08203E-01  5.67222E-01
  4.12109E-01  5.52839E-01
  4.16016E-01  5.38922E-01
  4.19922E-01  5.25483E-01
  4.23828E-01  5.12494E-01
  4.27734E-01  4.99931E-01
  4.31641E-01  4.87780E-01
  4.35547E-01  4.76030E-01
  4.39453E-01  4.64646E-01
  4.43359E-01  4.53630E-01
  4.47266E-01  4.42966E-01
  4.51172E-01  4.32628E-01
  4.55078E-01  4.22612E-01
  4.58984E-01  4.12913E-01
  4.62891E-01  4.03505E-01
  4.66797E-01  3.94377E-01
  4.70703E-01  3.85531E-01
  4.74609E-01  3.76950E-01
  4.78516E-01  3.68626E-01
  4.82422E-01  3.60537E-01
  4.86328E-01  3.52680E-01
  4.90234E-01  3.45064E-01
  4.94141E-01  3.37664E-01
  4.98047E-01  3.30463E-01
  5.01953E-01  3.23474E-01
  5.05859E-01  3.16683E-01
  5.09766E-01  3.10082E-01
  5.13672E-01  3.03663E-01
  5.17578E-01  2.97414E-01
  5.21484E-01  2.91342E-01
  5.25391E-01  2.85435E-01
  5.29297E-01  2.79681E-01
  5.33203E-01  2.74081E-01
  5.37109E-01  2.68637E-01
  5.41016E-01  2.63332E-01
  5.44922E-01  2.58165E-01
  5.48828E-01  2.53139E-01
  5.52734E-01  2.48239E-01
  5.56641E-01  2.43455E-01
  5.60547E-01  2.38799E-01
  5.64453E-01  2.34262E-01
  5.68359E-01  2.29841E-01
  5.72266E-01  2.25532E-01
  5.76172E-01  2.21332E-01
  5.80078E-01  2.17229E-01
  5.83984E-01  2.13234E-01
  5.87891E-01  2.09327E-01
  5.91797E-01  2.05518E-01
  5.95703E-01  2.01808E-01
  5.99609E-01  1.98180E-01
  6.03516E-01  1.94641E-01
  6.07422E-01  1.91198E-01
  6.11328E-01  1.87813E-01
  6.15234E-01  1.84509E-01
  6.19141E-01  1.81298E-01
  6.23047E-01  1.78163E-01
  6.26953E-01  1.75084E-01
  6.30859E-01  1.72066E-01
  6.34766E-01  1.69150E-01
  6.38672E-01  1.66285E-01
  6.42578E-01  1.63475E-01
  6.46484E-01  1.60729E-01
  6.50391E-01  1.58057E-01
  6.54297E-01  1.55441E-01
  6.58203E-01  1.52868E-01
  6.62109E-01  1.50358E-01
  6.66016E-01  1.47916E-01
  6.69922E-01  1.45522E-01
  6.73828E-01  1.43158E-01
  6.77734E-01  1.40853E-01
  6.81641E-01  1.38615E-01
  6.85547E-01  1.36424E-01
  6.89453E-01  1.34274E-01
  6.93359E-01  1.32147E-01
  6.97266E-01  1.30075E-01
  7.01172E-01  1.28065E-01
  7.05078E-01  1.26092E-01
  7.08984E-01  1.24134E-01
  7.12891E-01  1.22237E-01
  7.16797E-01  1.20382E-01
  7.20703E-01  1.18567E-01
  7.24609E-01  1.16765E-01
  7.28516E-01  1.14999E-01
  7.32422E-01  1.13285E-01
  7.36328E-01  1.11612E-01
  7.40234E-01  1.09968E-01
  7.44141E-01  1.08340E-01
  7.48047E-01  1.06743E-01
  7.51953E-01  1.05189E-01
  7.55859E-01  1.03664E-01
  7.59766E-01  1.02158E-01
  7.63672E-01  1.00683E-01
  7.67578E-01  9.92350E-02
  7.71484E-01  9.78212E-02
  7.75391E-01  9.64396E-02
  7.79297E-01  9.50823E-02
  7.83203E-01  9.37449E-02
  7.87109E-01  9.24356E-02
  7.91016E-01  9.11472E-02
  7.94922E-01  8.98855E-02
  7.98828E-01  8.86514E-02
  8.02734E-01  8.74368E-02
  8.06641E-01  8.62366E-02
  8.10547E-01  8.50621E-02
  8.14453E-01  8.39074E-02
  8.18359E-01  8.27746E-02
  8.22266E-01  8.16683E-02
  8.26172E-01  8.05762E-02
  8.30078E-01  7.95008E-02
  8.33984E-01  7.84447E-02
  8.37891E-01  7.74094E-02
  8.41797E-01  7.63958E-02
  8.45703E-01  7.53986E-02
  8.49609E-01  7.44137E-02
  8.53516E-01  7.34441E-02
  8.57422E-01  7.24920E-02
  8.61328E-01  7.15584E-02
  8.65234E-01  7.06417E-02
  8.69141E-01  6.97394E-02
  8.73047E-01  6.88521E-02
  8.76953E-01  6.79775E-02
  8.80859E-01  6.71164E-02
  8.84766E-01  6.62719E-02
  8.88672E-01  6.54451E-02
  8.92578E-01  6.46282E-02
  8.96484E-01  6.38294E-02
  9.00391E-01  6.30393E-02
  9.04297E-01  6.22626E-02
  9.08203E-01  6.14983E-02
  9.12109E-01  6.07462E-02
  9.16016E-01  6.00079E-02
  9.19922E-01  5.92810E-02
  9.23828E-01  5.85642E-02
  9.27734E-01  5.78569E-02
  9.31641E-01  5.71620E-02
  9.35547E-01  5.64769E-02
  9.39453E-01  5.58064E-02
  9.43359E-01  5.51445E-02
  9.47266E-01  5.44908E-02
  9.51172E-01  5.38479E-02
  9.55078E-01  5.32118E-02
  9.58984E-01  5.25879E-02
  9.62891E-01  5.19732E-02
  9.66797E-01  5.13699E-02
  9.70703E-01  5.07725E-02
  9.74609E-01  5.01827E-02
  9.78516E-01  4.96029E-02
  9.82422E-01  4.90372E-02
  9.86328E-01  4.84938E-02
  9.90234E-01  4.79929E-02
  9.94141E-01  4.75936E-02
  9.98047E-01  4.74125E-02
  1.00195E+00  4.74125E-02
