 -1.95312E-03  8.37035E+00
  1.95312E-03  8.37169E+00
  5.85938E-03  8.36675E+00
  9.76562E-03  8.36177E+00
  1.36719E-02  8.35610E+00
  1.75781E-02  8.34966E+00
  2.14844E-02  8.34244E+00
  2.53906E-02  8.33443E+00
  2.92969E-02  8.32562E+00
  3.32031E-02  8.31601E+00
  3.71094E-02  8.30561E+00
  4.10156E-02  8.29443E+00
  4.49219E-02  8.28245E+00
  4.88281E-02  8.26967E+00
  5.27344E-02  8.25610E+00
  5.66406E-02  8.24174E+00
  6.05469E-02  8.22659E+00
  6.44531E-02  8.21064E+00
  6.83594E-02  8.19390E+00
  7.22656E-02  8.17635E+00
  7.61719E-02  8.15801E+00
  8.00781E-02  8.13887E+00
  8.39844E-02  8.11891E+00
  8.78906E-02  8.09814E+00
  9.17969E-02  8.07656E+00
  9.57031E-02  8.05415E+00
  9.96094E-02  8.03093E+00
  1.03516E-01  8.00687E+00
  1.07422E-01  7.98198E+00
  1.11328E-01  7.95624E+00
  1.15234E-01  7.92965E+00
  1.19141E-01  7.90220E+00
  1.23047E-01  7.87389E+00
  1.26953E-01  7.84469E+00
  1.30859E-01  7.81461E+00
  1.34766E-01  7.78363E+00
  1.38672E-01  7.75174E+00
  1.42578E-01  7.71894E+00
  1.46484E-01  7.68519E+00
  1.50391E-01  7.65050E+00
  1.54297E-01  7.61484E+00
  1.58203E-01  7.57820E+00
  1.62109E-01  7.54057E+00
  1.66016E-01  7.50192E+00
  1.69922E-01  7.46223E+00
  1.73828E-01  7.42149E+00
  1.77734E-01  7.37967E+00
  1.81641E-01  7.33675E+00
  1.85547E-01  7.29271E+00
  1.89453E-01  7.24751E+00
  1.93359E-01  7.20112E+00
  1.97266E-01  7.15352E+00
  2.01172E-01  7.10468E+00
  2.05078E-01  7.05455E+00
  2.08984E-01  7.00310E+00
  2.12891E-01  6.95029E+00
  2.16797E-01  6.89608E+00
  2.20703E-01  6.84042E+00
  2.24609E-01  6.78326E+00
  2.28516E-01  6.72454E+00
  2.32422E-01  6.66420E+00
  2.36328E-01  6.60218E+00
  2.40234E-01  6.53841E+00
  2.44141E-01  6.47282E+00
  2.48047E-01  6.40531E+00
  2.51953E-01  6.33581E+00
  2.55859E-01  6.26420E+00
  2.59766E-01  6.19039E+00
  2.63672E-01  6.11424E+00
  2.67578E-01  6.03563E+00
  2.71484E-01  5.95441E+00
  2.75391E-01  5.87041E+00
  2.79297E-01  5.78344E+00
  2.83203E-01  5.69329E+00
  2.87109E-01  5.59973E+00
  2.91016E-01  5.50248E+00
  2.94922E-01  5.40121E+00
  2.98828E-01  5.29557E+00
  3.02734E-01  5.18514E+00
  3.06641E-01  5.06940E+00
  3.10547E-01  4.94775E+00
  3.14453E-01  4.81945E+00
  3.18359E-01  4.68360E+00
  3.22266E-01  4.53903E+00
  3.26172E-01  4.38425E+00
  3.30078E-01  4.21715E+00
  3.33984E-01  4.03423E+00
  3.37891E-01  3.82572E+00
  3.41797E-01  3.55000E+00
  3.45703E-01  3.06392E+00
  3.49609E-01  1.88153E+00
  3.53516E-01  1.35534E+00
  3.57422E-01  1.20062E+00
  3.61328E-01  1.14780E+00
  3.65234E-01  1.11809E+00
  3.69141E-01  1.08794E+00
  3.73047E-01  1.05910E+00
  3.76953E-01  1.03137E+00
  3.80859E-01  1.00463E+00
  3.84766E-01  9.78940E-01
  3.88672E-01  9.54221E-01
  3.92578E-01  9.30361E-01
  3.96484E-01  9.07328E-01
  4.00391E-01  8.85088E-01
  4.04297E-01  8.63600E-01
  4.08203E-01  8.42823E-01
  4.12109E-01  8.22744E-01
  4.16016E-01  8.03477E-01
  4.19922E-01  7.84828E-01
  4.23828E-01  7.66698E-01
  4.27734E-01  7.49154E-01
  4.31641E-01  7.32196E-01
  4.35547E-01  7.15668E-01
  4.39453E-01  6.99583E-01
  4.43359E-01  6.84060E-01
  4.47266E-01  6.69005E-01
  4.51172E-01  6.54353E-01
  4.55078E-01  6.40148E-01
  4.58984E-01  6.26373E-01
  4.62891E-01  6.12976E-01
  4.66797E-01  5.99969E-01
  4.70703E-01  5.87340E-01
  4.74609E-01  5.75061E-01
  4.78516E-01  5.63123E-01
  4.82422E-01  5.51518E-01
  4.86328E-01  5.40236E-01
  4.90234E-01  5.29259E-01
  4.94141E-01  5.18578E-01
  4.98047E-01  5.08190E-01
  5.01953E-01  4.98073E-01
  5.05859E-01  4.88229E-01
  5.09766E-01  4.78646E-01
  5.13672E-01  4.69312E-01
  5.17578E-01  4.60217E-01
  5.21484E-01  4.51358E-01
  5.25391E-01  4.42729E-01
  5.29297E-01  4.34318E-01
  5.33203E-01  4.26117E-01
  5.37109E-01  4.18124E-01
  5.41016E-01  4.10331E-01
  5.44922E-01  4.02731E-01
  5.48828E-01  3.95320E-01
  5.52734E-01  3.88090E-01
  5.56641E-01  3.81039E-01
  5.60547E-01  3.74149E-01
  5.64453E-01  3.67435E-01
  5.68359E-01  3.60870E-01
  5.72266E-01  3.54471E-01
  5.76172E-01  3.48214E-01
  5.80078E-01  3.42112E-01
  5.83984E-01  3.36145E-01
  5.87891E-01  3.30323E-01
  5.91797E-01  3.24628E-01
  5.95703E-01  3.19070E-01
  5.99609E-01  3.13633E-01
  6.03516E-01  3.08326E-01
  6.07422E-01  3.03131E-01
  6.11328E-01  2.98056E-01
  6.15234E-01  2.93090E-01
  6.19141E-01  2.88237E-01
  6.23047E-01  2.83490E-01
  6.26953E-01  2.78845E-01
  6.30859E-01  2.74313E-01
  6.34766E-01  2.69868E-01
  6.38672E-01  2.65520E-01
  6.42578E-01  2.61262E-01
  6.46484E-01  2.57095E-01
  6.50391E-01  2.53021E-01
  6.54297E-01  2.49036E-01
  6.58203E-01  2.45128E-01
  6.62109E-01  2.41299E-01
  6.66016E-01  2.37551E-01
  6.69922E-01  2.33884E-01
  6.73828E-01  2.30289E-01
  6.77734E-01  2.26768E-01
  6.81641E-01  2.23319E-01
  6.85547E-01  2.19937E-01
  6.89453E-01  2.16626E-01
  6.93359E-01  2.13381E-01
  6.97266E-01  2.10200E-01
  7.01172E-01  2.07083E-01
  7.05078E-01  2.04025E-01
  7.08984E-01  2.01031E-01
  7.12891E-01  1.98089E-01
  7.16797E-01  1.95203E-01
  7.20703E-01  1.92386E-01
  7.24609E-01  1.89621E-01
  7.28516E-01  1.86892E-01
  7.32422E-01  1.84221E-01
  7.36328E-01  1.81614E-01
  7.40234E-01  1.79050E-01
  7.44141E-01  1.76522E-01
  7.48047E-01  1.74043E-01
  7.51953E-01  1.71626E-01
  7.55859E-01  1.69251E-01
  7.59766E-01  1.66903E-01
  7.63672E-01  1.64604E-01
  7.67578E-01  1.62358E-01
  7.71484E-01  1.60152E-01
  7.75391E-01  1.57973E-01
  7.79297E-01  1.55834E-01
  7.83203E-01  1.53742E-01
  7.87109E-01  1.51691E-01
  7.91016E-01  1.49664E-01
  7.94922E-01  1.47675E-01
  7.98828E-01  1.45724E-01
  8.02734E-01  1.43816E-01
  8.06641E-01  1.41931E-01
  8.10547E-01  1.40069E-01
  8.14453E-01  1.38245E-01
  8.18359E-01  1.36459E-01
  8.22266E-01  1.34710E-01
  8.26172E-01  1.32981E-01
  8.30078E-01  1.31275E-01
  8.33984E-01  1.29604E-01
  8.37891E-01  1.27965E-01
  8.41797E-01  1.26353E-01
  8.45703E-01  1.24755E-01
  8.49609E-01  1.23189E-01
  8.53516E-01  1.21658E-01
  8.57422E-01  1.20149E-01
  8.61328E-01  1.18658E-01
  8.65234E-01  1.17189E-01
  8.69141E-01  1.15751E-01
  8.73047E-01  1.14339E-01
  8.76953E-01  1.12945E-01
  8.80859E-01  1.11566E-01
  8.84766E-01  1.10215E-01
  8.88672E-01  1.08887E-01
  8.92578E-01  1.07580E-01
  8.96484E-01  1.06291E-01
  9.00391E-01  1.05024E-01
  9.04297E-01  1.03776E-01
  9.08203E-01  1.02550E-01
  9.12109E-01  1.01345E-01
  9.16016E-01  1.00152E-01
  9.19922E-01  9.89762E-02
  9.23828E-01  9.78177E-02
  9.27734E-01  9.66881E-02
  9.31641E-01  9.55695E-02
  9.35547E-01  9.44644E-02
  9.39453E-01  9.33750E-02
  9.43359E-01  9.23063E-02
  9.47266E-01  9.12545E-02
  9.51172E-01  9.02164E-02
  9.55078E-01  8.91903E-02
  9.58984E-01  8.81800E-02
  9.62891E-01  8.71819E-02
  9.66797E-01  8.61932E-02
  9.70703E-01  8.52219E-02
  9.74609E-01  8.42686E-02
  9.78516E-01  8.33273E-02
  9.82422E-01  8.23926E-02
  9.86328E-01  8.14644E-02
  9.90234E-01  8.05605E-02
  9.94141E-01  7.98321E-02
  9.98047E-01  7.94965E-02
  1.00195E+00  7.94965E-02
