 -1.95312E-03  8.69276E+00
  1.95312E-03  8.69429E+00
  5.85938E-03  8.68935E+00
  9.76562E-03  8.68446E+00
  1.36719E-02  8.67892E+00
  1.75781E-02  8.67266E+00
  2.14844E-02  8.66565E+00
  2.53906E-02  8.65788E+00
  2.92969E-02  8.64937E+00
  3.32031E-02  8.64010E+00
  3.71094E-02  8.63008E+00
  4.10156E-02  8.61931E+00
  4.49219E-02  8.60778E+00
  4.88281E-02  8.59551E+00
  5.27344E-02  8.58249E+00
  5.66406E-02  8.56871E+00
  6.05469E-02  8.55419E+00
  6.44531E-02  8.53892E+00
  6.83594E-02  8.52289E+00
  7.22656E-02  8.50611E+00
  7.61719E-02  8.48858E+00
  8.00781E-02  8.47030E+00
  8.39844E-02  8.45125E+00
  8.78906E-02  8.43144E+00
  9.17969E-02  8.41087E+00
  9.57031E-02  8.38952E+00
  9.96094E-02  8.36740E+00
  1.03516E-01  8.34451E+00
  1.07422E-01  8.32082E+00
  1.11328E-01  8.29635E+00
  1.15234E-01  8.27108E+00
  1.19141E-01  8.24501E+00
  1.23047E-01  8.21812E+00
  1.26953E-01  8.19042E+00
  1.30859E-01  8.16189E+00
  1.34766E-01  8.13252E+00
  1.38672E-01  8.10231E+00
  1.42578E-01  8.07124E+00
  1.46484E-01  8.03931E+00
  1.50391E-01  8.00650E+00
  1.54297E-01  7.97281E+00
  1.58203E-01  7.93821E+00
  1.62109E-01  7.90269E+00
  1.66016E-01  7.86624E+00
  1.69922E-01  7.82885E+00
  1.73828E-01  7.79049E+00
  1.77734E-01  7.75115E+00
  1.81641E-01  7.71081E+00
  1.85547E-01  7.66945E+00
  1.89453E-01  7.62704E+00
  1.93359E-01  7.58357E+00
  1.97266E-01  7.53902E+00
  2.01172E-01  7.49334E+00
  2.05078E-01  7.44652E+00
  2.08984E-01  7.39853E+00
  2.12891E-01  7.34933E+00
  2.16797E-01  7.29889E+00
  2.20703E-01  7.24717E+00
  2.24609E-01  7.19414E+00
  2.28516E-01  7.13974E+00
  2.32422E-01  7.08394E+00
  2.36328E-01  7.02668E+00
  2.40234E-01  6.96792E+00
  2.44141E-01  6.90760E+00
  2.48047E-01  6.84565E+00
  2.51953E-01  6.78201E+00
  2.55859E-01  6.71662E+00
  2.59766E-01  6.64937E+00
  2.63672E-01  6.58020E+00
  2.67578E-01  6.50901E+00
  2.71484E-01  6.43569E+00
  2.75391E-01  6.36012E+00
  2.79297E-01  6.28219E+00
  2.83203E-01  6.20175E+00
  2.87109E-01  6.11865E+00
  2.91016E-01  6.03271E+00
  2.94922E-01  5.94372E+00
  2.98828E-01  5.85149E+00
  3.02734E-01  5.75575E+00
  3.06641E-01  5.65621E+00
  3.10547E-01  5.55253E+00
  3.14453E-01  5.44432E+00
  3.18359E-01  5.33114E+00
  3.22266E-01  5.21242E+00
  3.26172E-01  5.08750E+00
  3.30078E-01  4.95559E+00
  3.33984E-01  4.81566E+00
  3.37891E-01  4.66639E+00
  3.41797E-01  4.50582E+00
  3.45703E-01  4.32863E+00
  3.49609E-01  4.10288E+00
  3.53516E-01  3.62528E+00
  3.57422E-01  1.17205E+00
  3.61328E-01  8.54339E-01
  3.65234E-01  8.10392E-01
  3.69141E-01  7.91599E-01
  3.73047E-01  7.69774E-01
  3.76953E-01  7.48651E-01
  3.80859E-01  7.28410E-01
  3.84766E-01  7.08841E-01
  3.88672E-01  6.89930E-01
  3.92578E-01  6.71711E-01
  3.96484E-01  6.54196E-01
  4.00391E-01  6.37236E-01
  4.04297E-01  6.20894E-01
  4.08203E-01  6.05134E-01
  4.12109E-01  5.89887E-01
  4.16016E-01  5.75158E-01
  4.19922E-01  5.60936E-01
  4.23828E-01  5.47179E-01
  4.27734E-01  5.33867E-01
  4.31641E-01  5.21003E-01
  4.35547E-01  5.08540E-01
  4.39453E-01  4.96480E-01
  4.43359E-01  4.84809E-01
  4.47266E-01  4.73497E-01
  4.51172E-01  4.62534E-01
  4.55078E-01  4.51919E-01
  4.58984E-01  4.41624E-01
  4.62891E-01  4.31634E-01
  4.66797E-01  4.21952E-01
  4.70703E-01  4.12559E-01
  4.74609E-01  4.03440E-01
  4.78516E-01  3.94594E-01
  4.82422E-01  3.86009E-01
  4.86328E-01  3.77668E-01
  4.90234E-01  3.69571E-01
  4.94141E-01  3.61695E-01
  4.98047E-01  3.54044E-01
  5.01953E-01  3.46612E-01
  5.05859E-01  3.39391E-01
  5.09766E-01  3.32365E-01
  5.13672E-01  3.25528E-01
  5.17578E-01  3.18881E-01
  5.21484E-01  3.12420E-01
  5.25391E-01  3.06127E-01
  5.29297E-01  3.00000E-01
  5.33203E-01  2.94045E-01
  5.37109E-01  2.88243E-01
  5.41016E-01  2.82588E-01
  5.44922E-01  2.77086E-01
  5.48828E-01  2.71722E-01
  5.52734E-01  2.66495E-01
  5.56641E-01  2.61404E-01
  5.60547E-01  2.56446E-01
  5.64453E-01  2.51605E-01
  5.68359E-01  2.46896E-01
  5.72266E-01  2.42291E-01
  5.76172E-01  2.37802E-01
  5.80078E-01  2.33424E-01
  5.83984E-01  2.29156E-01
  5.87891E-01  2.24989E-01
  5.91797E-01  2.20931E-01
  5.95703E-01  2.16961E-01
  5.99609E-01  2.13087E-01
  6.03516E-01  2.09305E-01
  6.07422E-01  2.05611E-01
  6.11328E-01  2.02009E-01
  6.15234E-01  1.98483E-01
  6.19141E-01  1.95054E-01
  6.23047E-01  1.91680E-01
  6.26953E-01  1.88385E-01
  6.30859E-01  1.85183E-01
  6.34766E-01  1.82054E-01
  6.38672E-01  1.78982E-01
  6.42578E-01  1.75980E-01
  6.46484E-01  1.73059E-01
  6.50391E-01  1.70195E-01
  6.54297E-01  1.67378E-01
  6.58203E-01  1.64634E-01
  6.62109E-01  1.61960E-01
  6.66016E-01  1.59335E-01
  6.69922E-01  1.56758E-01
  6.73828E-01  1.54241E-01
  6.77734E-01  1.51787E-01
  6.81641E-01  1.49388E-01
  6.85547E-01  1.47015E-01
  6.89453E-01  1.44698E-01
  6.93359E-01  1.42440E-01
  6.97266E-01  1.40247E-01
  7.01172E-01  1.38072E-01
  7.05078E-01  1.35938E-01
  7.08984E-01  1.33863E-01
  7.12891E-01  1.31828E-01
  7.16797E-01  1.29820E-01
  7.20703E-01  1.27860E-01
  7.24609E-01  1.25949E-01
  7.28516E-01  1.24077E-01
  7.32422E-01  1.22238E-01
  7.36328E-01  1.20425E-01
  7.40234E-01  1.18645E-01
  7.44141E-01  1.16908E-01
  7.48047E-01  1.15210E-01
  7.51953E-01  1.13540E-01
  7.55859E-01  1.11896E-01
  7.59766E-01  1.10289E-01
  7.63672E-01  1.08716E-01
  7.67578E-01  1.07170E-01
  7.71484E-01  1.05650E-01
  7.75391E-01  1.04149E-01
  7.79297E-01  1.02675E-01
  7.83203E-01  1.01241E-01
  7.87109E-01  9.98371E-02
  7.91016E-01  9.84569E-02
  7.94922E-01  9.70980E-02
  7.98828E-01  9.57575E-02
  8.02734E-01  9.44510E-02
  8.06641E-01  9.31773E-02
  8.10547E-01  9.19224E-02
  8.14453E-01  9.06813E-02
  8.18359E-01  8.94558E-02
  8.22266E-01  8.82557E-02
  8.26172E-01  8.70832E-02
  8.30078E-01  8.59341E-02
  8.33984E-01  8.48072E-02
  8.37891E-01  8.36902E-02
  8.41797E-01  8.25893E-02
  8.45703E-01  8.15113E-02
  8.49609E-01  8.04583E-02
  8.53516E-01  7.94238E-02
  8.57422E-01  7.84017E-02
  8.61328E-01  7.73938E-02
  8.65234E-01  7.64040E-02
  8.69141E-01  7.54322E-02
  8.73047E-01  7.44757E-02
  8.76953E-01  7.35366E-02
  8.80859E-01  7.26131E-02
  8.84766E-01  7.16989E-02
  8.88672E-01  7.08055E-02
  8.92578E-01  6.99248E-02
  8.96484E-01  6.90612E-02
  9.00391E-01  6.82141E-02
  9.04297E-01  6.73770E-02
  9.08203E-01  6.65530E-02
  9.12109E-01  6.57414E-02
  9.16016E-01  6.49442E-02
  9.19922E-01  6.41610E-02
  9.23828E-01  6.33911E-02
  9.27734E-01  6.26301E-02
  9.31641E-01  6.18824E-02
  9.35547E-01  6.11427E-02
  9.39453E-01  6.04172E-02
  9.43359E-01  5.97050E-02
  9.47266E-01  5.90008E-02
  9.51172E-01  5.83085E-02
  9.55078E-01  5.76230E-02
  9.58984E-01  5.69489E-02
  9.62891E-01  5.62846E-02
  9.66797E-01  5.56335E-02
  9.70703E-01  5.49900E-02
  9.74609E-01  5.43537E-02
  9.78516E-01  5.37265E-02
  9.82422E-01  5.31124E-02
  9.86328E-01  5.25199E-02
  9.90234E-01  5.19716E-02
  9.94141E-01  5.15352E-02
  9.98047E-01  5.13256E-02
  1.00195E+00  5.13256E-02
