 -1.95312E-03  8.66941E+00
  1.95312E-03  8.67070E+00
  5.85938E-03  8.66581E+00
  9.76562E-03  8.66091E+00
  1.36719E-02  8.65536E+00
  1.75781E-02  8.64908E+00
  2.14844E-02  8.64205E+00
  2.53906E-02  8.63426E+00
  2.92969E-02  8.62572E+00
  3.32031E-02  8.61642E+00
  3.71094E-02  8.60637E+00
  4.10156E-02  8.59556E+00
  4.49219E-02  8.58400E+00
  4.88281E-02  8.57169E+00
  5.27344E-02  8.55863E+00
  5.66406E-02  8.54481E+00
  6.05469E-02  8.53025E+00
  6.44531E-02  8.51492E+00
  6.83594E-02  8.49885E+00
  7.22656E-02  8.48201E+00
  7.61719E-02  8.46442E+00
  8.00781E-02  8.44607E+00
  8.39844E-02  8.42696E+00
  8.78906E-02  8.40707E+00
  9.17969E-02  8.38642E+00
  9.57031E-02  8.36500E+00
  9.96094E-02  8.34279E+00
  1.03516E-01  8.31980E+00
  1.07422E-01  8.29602E+00
  1.11328E-01  8.27145E+00
  1.15234E-01  8.24609E+00
  1.19141E-01  8.21991E+00
  1.23047E-01  8.19291E+00
  1.26953E-01  8.16509E+00
  1.30859E-01  8.13644E+00
  1.34766E-01  8.10695E+00
  1.38672E-01  8.07660E+00
  1.42578E-01  8.04539E+00
  1.46484E-01  8.01331E+00
  1.50391E-01  7.98035E+00
  1.54297E-01  7.94649E+00
  1.58203E-01  7.91172E+00
  1.62109E-01  7.87603E+00
  1.66016E-01  7.83940E+00
  1.69922E-01  7.80181E+00
  1.73828E-01  7.76325E+00
  1.77734E-01  7.72370E+00
  1.81641E-01  7.68314E+00
  1.85547E-01  7.64154E+00
  1.89453E-01  7.59890E+00
  1.93359E-01  7.55517E+00
  1.97266E-01  7.51034E+00
  2.01172E-01  7.46438E+00
  2.05078E-01  7.41726E+00
  2.08984E-01  7.36895E+00
  2.12891E-01  7.31941E+00
  2.16797E-01  7.26861E+00
  2.20703E-01  7.21652E+00
  2.24609E-01  7.16309E+00
  2.28516E-01  7.10827E+00
  2.32422E-01  7.05203E+00
  2.36328E-01  6.99430E+00
  2.40234E-01  6.93504E+00
  2.44141E-01  6.87418E+00
  2.48047E-01  6.81166E+00
  2.51953E-01  6.74741E+00
  2.55859E-01  6.68135E+00
  2.59766E-01  6.61341E+00
  2.63672E-01  6.54348E+00
  2.67578E-01  6.47147E+00
  2.71484E-01  6.39726E+00
  2.75391E-01  6.32074E+00
  2.79297E-01  6.24177E+00
  2.83203E-01  6.16020E+00
  2.87109E-01  6.07587E+00
  2.91016E-01  5.98857E+00
  2.94922E-01  5.89811E+00
  2.98828E-01  5.80424E+00
  3.02734E-01  5.70668E+00
  3.06641E-01  5.60512E+00
  3.10547E-01  5.49918E+00
  3.14453E-01  5.38843E+00
  3.18359E-01  5.27237E+00
  3.22266E-01  5.15036E+00
  3.26172E-01  5.02168E+00
  3.30078E-01  4.88538E+00
  3.33984E-01  4.74030E+00
  3.37891E-01  4.58486E+00
  3.41797E-01  4.41661E+00
  3.45703E-01  4.22843E+00
  3.49609E-01  3.97935E+00
  3.53516E-01  3.45043E+00
  3.57422E-01  1.19563E+00
  3.61328E-01  8.81740E-01
  3.65234E-01  8.35737E-01
  3.69141E-01  8.16242E-01
  3.73047E-01  7.93845E-01
  3.76953E-01  7.72125E-01
  3.80859E-01  7.51347E-01
  3.84766E-01  7.31256E-01
  3.88672E-01  7.11934E-01
  3.92578E-01  6.93177E-01
  3.96484E-01  6.75137E-01
  4.00391E-01  6.57764E-01
  4.04297E-01  6.40948E-01
  4.08203E-01  6.24725E-01
  4.12109E-01  6.09076E-01
  4.16016E-01  5.93935E-01
  4.19922E-01  5.79295E-01
  4.23828E-01  5.65157E-01
  4.27734E-01  5.51470E-01
  4.31641E-01  5.38222E-01
  4.35547E-01  5.25416E-01
  4.39453E-01  5.13004E-01
  4.43359E-01  5.00985E-01
  4.47266E-01  4.89352E-01
  4.51172E-01  4.78073E-01
  4.55078E-01  4.67136E-01
  4.58984E-01  4.56542E-01
  4.62891E-01  4.46268E-01
  4.66797E-01  4.36294E-01
  4.70703E-01  4.26620E-01
  4.74609E-01  4.17234E-01
  4.78516E-01  4.08116E-01
  4.82422E-01  3.99266E-01
  4.86328E-01  3.90675E-01
  4.90234E-01  3.82332E-01
  4.94141E-01  3.74227E-01
  4.98047E-01  3.66345E-01
  5.01953E-01  3.58680E-01
  5.05859E-01  3.51228E-01
  5.09766E-01  3.43988E-01
  5.13672E-01  3.36950E-01
  5.17578E-01  3.30095E-01
  5.21484E-01  3.23421E-01
  5.25391E-01  3.16936E-01
  5.29297E-01  3.10622E-01
  5.33203E-01  3.04467E-01
  5.37109E-01  2.98484E-01
  5.41016E-01  2.92658E-01
  5.44922E-01  2.86975E-01
  5.48828E-01  2.81444E-01
  5.52734E-01  2.76055E-01
  5.56641E-01  2.70796E-01
  5.60547E-01  2.65676E-01
  5.64453E-01  2.60680E-01
  5.68359E-01  2.55812E-01
  5.72266E-01  2.51066E-01
  5.76172E-01  2.46438E-01
  5.80078E-01  2.41913E-01
  5.83984E-01  2.37508E-01
  5.87891E-01  2.33198E-01
  5.91797E-01  2.29001E-01
  5.95703E-01  2.24905E-01
  5.99609E-01  2.20904E-01
  6.03516E-01  2.17002E-01
  6.07422E-01  2.13181E-01
  6.11328E-01  2.09458E-01
  6.15234E-01  2.05815E-01
  6.19141E-01  2.02260E-01
  6.23047E-01  1.98791E-01
  6.26953E-01  1.95395E-01
  6.30859E-01  1.92066E-01
  6.34766E-01  1.88823E-01
  6.38672E-01  1.85663E-01
  6.42578E-01  1.82560E-01
  6.46484E-01  1.79518E-01
  6.50391E-01  1.76559E-01
  6.54297E-01  1.73673E-01
  6.58203E-01  1.70831E-01
  6.62109E-01  1.68045E-01
  6.66016E-01  1.65337E-01
  6.69922E-01  1.62684E-01
  6.73828E-01  1.60081E-01
  6.77734E-01  1.57526E-01
  6.81641E-01  1.55037E-01
  6.85547E-01  1.52604E-01
  6.89453E-01  1.50220E-01
  6.93359E-01  1.47862E-01
  6.97266E-01  1.45572E-01
  7.01172E-01  1.43339E-01
  7.05078E-01  1.41146E-01
  7.08984E-01  1.38985E-01
  7.12891E-01  1.36868E-01
  7.16797E-01  1.34813E-01
  7.20703E-01  1.32785E-01
  7.24609E-01  1.30784E-01
  7.28516E-01  1.28833E-01
  7.32422E-01  1.26939E-01
  7.36328E-01  1.25081E-01
  7.40234E-01  1.23241E-01
  7.44141E-01  1.21431E-01
  7.48047E-01  1.19666E-01
  7.51953E-01  1.17945E-01
  7.55859E-01  1.16246E-01
  7.59766E-01  1.14574E-01
  7.63672E-01  1.12938E-01
  7.67578E-01  1.11336E-01
  7.71484E-01  1.09775E-01
  7.75391E-01  1.08233E-01
  7.79297E-01  1.06705E-01
  7.83203E-01  1.05210E-01
  7.87109E-01  1.03749E-01
  7.91016E-01  1.02314E-01
  7.94922E-01  1.00909E-01
  7.98828E-01  9.95263E-02
  8.02734E-01  9.81665E-02
  8.06641E-01  9.68361E-02
  8.10547E-01  9.55294E-02
  8.14453E-01  9.42509E-02
  8.18359E-01  9.29951E-02
  8.22266E-01  9.17541E-02
  8.26172E-01  9.05301E-02
  8.30078E-01  8.93303E-02
  8.33984E-01  8.81590E-02
  8.37891E-01  8.70053E-02
  8.41797E-01  8.58708E-02
  8.45703E-01  8.47558E-02
  8.49609E-01  8.36582E-02
  8.53516E-01  8.25801E-02
  8.57422E-01  8.15245E-02
  8.61328E-01  8.04823E-02
  8.65234E-01  7.94551E-02
  8.69141E-01  7.84457E-02
  8.73047E-01  7.74543E-02
  8.76953E-01  7.64800E-02
  8.80859E-01  7.55251E-02
  8.84766E-01  7.45776E-02
  8.88672E-01  7.36462E-02
  8.92578E-01  7.27321E-02
  8.96484E-01  7.18332E-02
  9.00391E-01  7.09538E-02
  9.04297E-01  7.00868E-02
  9.08203E-01  6.92326E-02
  9.12109E-01  6.83902E-02
  9.16016E-01  6.75619E-02
  9.19922E-01  6.67476E-02
  9.23828E-01  6.59490E-02
  9.27734E-01  6.51600E-02
  9.31641E-01  6.43838E-02
  9.35547E-01  6.36164E-02
  9.39453E-01  6.28619E-02
  9.43359E-01  6.21221E-02
  9.47266E-01  6.13920E-02
  9.51172E-01  6.06737E-02
  9.55078E-01  5.99625E-02
  9.58984E-01  5.92623E-02
  9.62891E-01  5.85718E-02
  9.66797E-01  5.78951E-02
  9.70703E-01  5.72274E-02
  9.74609E-01  5.65667E-02
  9.78516E-01  5.59146E-02
  9.82422E-01  5.52752E-02
  9.86328E-01  5.46567E-02
  9.90234E-01  5.40822E-02
  9.94141E-01  5.36277E-02
  9.98047E-01  5.34018E-02
  1.00195E+00  5.34018E-02
