 -1.95312E-03  9.45348E+00
  1.95312E-03  9.45467E+00
  5.85938E-03  9.44990E+00
  9.76562E-03  9.44521E+00
  1.36719E-02  9.43998E+00
  1.75781E-02  9.43412E+00
  2.14844E-02  9.42762E+00
  2.53906E-02  9.42046E+00
  2.92969E-02  9.41265E+00
  3.32031E-02  9.40418E+00
  3.71094E-02  9.39507E+00
  4.10156E-02  9.38531E+00
  4.49219E-02  9.37490E+00
  4.88281E-02  9.36384E+00
  5.27344E-02  9.35213E+00
  5.66406E-02  9.33978E+00
  6.05469E-02  9.32678E+00
  6.44531E-02  9.31313E+00
  6.83594E-02  9.29884E+00
  7.22656E-02  9.28390E+00
  7.61719E-02  9.26831E+00
  8.00781E-02  9.25208E+00
  8.39844E-02  9.23520E+00
  8.78906E-02  9.21767E+00
  9.17969E-02  9.19948E+00
  9.57031E-02  9.18065E+00
  9.96094E-02  9.16116E+00
  1.03516E-01  9.14101E+00
  1.07422E-01  9.12020E+00
  1.11328E-01  9.09873E+00
  1.15234E-01  9.07659E+00
  1.19141E-01  9.05378E+00
  1.23047E-01  9.03030E+00
  1.26953E-01  9.00614E+00
  1.30859E-01  8.98130E+00
  1.34766E-01  8.95576E+00
  1.38672E-01  8.92954E+00
  1.42578E-01  8.90262E+00
  1.46484E-01  8.87499E+00
  1.50391E-01  8.84666E+00
  1.54297E-01  8.81760E+00
  1.58203E-01  8.78782E+00
  1.62109E-01  8.75731E+00
  1.66016E-01  8.72605E+00
  1.69922E-01  8.69404E+00
  1.73828E-01  8.66127E+00
  1.77734E-01  8.62774E+00
  1.81641E-01  8.59342E+00
  1.85547E-01  8.55831E+00
  1.89453E-01  8.52240E+00
  1.93359E-01  8.48569E+00
  1.97266E-01  8.44814E+00
  2.01172E-01  8.40975E+00
  2.05078E-01  8.37049E+00
  2.08984E-01  8.33037E+00
  2.12891E-01  8.28936E+00
  2.16797E-01  8.24744E+00
  2.20703E-01  8.20460E+00
  2.24609E-01  8.16080E+00
  2.28516E-01  8.11604E+00
  2.32422E-01  8.07029E+00
  2.36328E-01  8.02352E+00
  2.40234E-01  7.97571E+00
  2.44141E-01  7.92683E+00
  2.48047E-01  7.87685E+00
  2.51953E-01  7.82575E+00
  2.55859E-01  7.77348E+00
  2.59766E-01  7.72001E+00
  2.63672E-01  7.66530E+00
  2.67578E-01  7.60932E+00
  2.71484E-01  7.55202E+00
  2.75391E-01  7.49335E+00
  2.79297E-01  7.43326E+00
  2.83203E-01  7.37170E+00
  2.87109E-01  7.30861E+00
  2.91016E-01  7.24391E+00
  2.94922E-01  7.17755E+00
  2.98828E-01  7.10944E+00
  3.02734E-01  7.03951E+00
  3.06641E-01  6.96766E+00
  3.10547E-01  6.89379E+00
  3.14453E-01  6.81779E+00
  3.18359E-01  6.73953E+00
  3.22266E-01  6.65888E+00
  3.26172E-01  6.57569E+00
  3.30078E-01  6.48979E+00
  3.33984E-01  6.40098E+00
  3.37891E-01  6.30905E+00
  3.41797E-01  6.21374E+00
  3.45703E-01  6.11461E+00
  3.49609E-01  6.00744E+00
  3.53516E-01  5.78764E+00
  3.57422E-01  1.10806E-01
  3.61328E-01  1.07066E-01
  3.65234E-01  1.03898E-01
  3.69141E-01  1.00590E-01
  3.73047E-01  9.75106E-02
  3.76953E-01  9.44224E-02
  3.80859E-01  9.15562E-02
  3.84766E-01  8.87338E-02
  3.88672E-01  8.61089E-02
  3.92578E-01  8.35365E-02
  3.96484E-01  8.11936E-02
  4.00391E-01  7.88381E-02
  4.04297E-01  7.66330E-02
  4.08203E-01  7.44173E-02
  4.12109E-01  7.23132E-02
  4.16016E-01  7.02138E-02
  4.19922E-01  6.82424E-02
  4.23828E-01  6.62901E-02
  4.27734E-01  6.44586E-02
  4.31641E-01  6.26993E-02
  4.35547E-01  6.10935E-02
  4.39453E-01  5.95237E-02
  4.43359E-01  5.80525E-02
  4.47266E-01  5.65764E-02
  4.51172E-01  5.51944E-02
  4.55078E-01  5.38223E-02
  4.58984E-01  5.25051E-02
  4.62891E-01  5.11834E-02
  4.66797E-01  4.99210E-02
  4.70703E-01  4.86856E-02
  4.74609E-01  4.75238E-02
  4.78516E-01  4.63788E-02
  4.82422E-01  4.52872E-02
  4.86328E-01  4.42172E-02
  4.90234E-01  4.32114E-02
  4.94141E-01  4.21952E-02
  4.98047E-01  4.12039E-02
  5.01953E-01  4.02328E-02
  5.05859E-01  3.93258E-02
  5.09766E-01  3.84535E-02
  5.13672E-01  3.76055E-02
  5.17578E-01  3.67634E-02
  5.21484E-01  3.59464E-02
  5.25391E-01  3.51522E-02
  5.29297E-01  3.43862E-02
  5.33203E-01  3.36420E-02
  5.37109E-01  3.29233E-02
  5.41016E-01  3.22213E-02
  5.44922E-01  3.15403E-02
  5.48828E-01  3.08720E-02
  5.52734E-01  3.02295E-02
  5.56641E-01  2.96009E-02
  5.60547E-01  2.89943E-02
  5.64453E-01  2.84022E-02
  5.68359E-01  2.78257E-02
  5.72266E-01  2.72621E-02
  5.76172E-01  2.67167E-02
  5.80078E-01  2.61843E-02
  5.83984E-01  2.56689E-02
  5.87891E-01  2.51640E-02
  5.91797E-01  2.46718E-02
  5.95703E-01  2.41929E-02
  5.99609E-01  2.37274E-02
  6.03516E-01  2.32739E-02
  6.07422E-01  2.28301E-02
  6.11328E-01  2.23981E-02
  6.15234E-01  2.19760E-02
  6.19141E-01  2.15678E-02
  6.23047E-01  2.11666E-02
  6.26953E-01  2.07751E-02
  6.30859E-01  2.03929E-02
  6.34766E-01  2.00220E-02
  6.38672E-01  1.96611E-02
  6.42578E-01  1.93069E-02
  6.46484E-01  1.89593E-02
  6.50391E-01  1.86224E-02
  6.54297E-01  1.82946E-02
  6.58203E-01  1.79743E-02
  6.62109E-01  1.76588E-02
  6.66016E-01  1.73508E-02
  6.69922E-01  1.70517E-02
  6.73828E-01  1.67585E-02
  6.77734E-01  1.64727E-02
  6.81641E-01  1.61935E-02
  6.85547E-01  1.59205E-02
  6.89453E-01  1.56522E-02
  6.93359E-01  1.53893E-02
  6.97266E-01  1.51329E-02
  7.01172E-01  1.48846E-02
  7.05078E-01  1.46419E-02
  7.08984E-01  1.44003E-02
  7.12891E-01  1.41643E-02
  7.16797E-01  1.39361E-02
  7.20703E-01  1.37125E-02
  7.24609E-01  1.34936E-02
  7.28516E-01  1.32776E-02
  7.32422E-01  1.30677E-02
  7.36328E-01  1.28629E-02
  7.40234E-01  1.26617E-02
  7.44141E-01  1.24637E-02
  7.48047E-01  1.22699E-02
  7.51953E-01  1.20798E-02
  7.55859E-01  1.18955E-02
  7.59766E-01  1.17140E-02
  7.63672E-01  1.15353E-02
  7.67578E-01  1.13631E-02
  7.71484E-01  1.11923E-02
  7.75391E-01  1.10230E-02
  7.79297E-01  1.08589E-02
  7.83203E-01  1.06989E-02
  7.87109E-01  1.05418E-02
  7.91016E-01  1.03864E-02
  7.94922E-01  1.02340E-02
  7.98828E-01  1.00857E-02
  8.02734E-01  9.94025E-03
  8.06641E-01  9.79718E-03
  8.10547E-01  9.65598E-03
  8.14453E-01  9.52017E-03
  8.18359E-01  9.38438E-03
  8.22266E-01  9.25083E-03
  8.26172E-01  9.12165E-03
  8.30078E-01  8.99375E-03
  8.33984E-01  8.86853E-03
  8.37891E-01  8.74599E-03
  8.41797E-01  8.62461E-03
  8.45703E-01  8.50553E-03
  8.49609E-01  8.39130E-03
  8.53516E-01  8.27713E-03
  8.57422E-01  8.16398E-03
  8.61328E-01  8.05426E-03
  8.65234E-01  7.94667E-03
  8.69141E-01  7.84056E-03
  8.73047E-01  7.73663E-03
  8.76953E-01  7.63428E-03
  8.80859E-01  7.53445E-03
  8.84766E-01  7.43580E-03
  8.88672E-01  7.33954E-03
  8.92578E-01  7.24470E-03
  8.96484E-01  7.15221E-03
  9.00391E-01  7.05958E-03
  9.04297E-01  6.96992E-03
  9.08203E-01  6.88208E-03
  9.12109E-01  6.79496E-03
  9.16016E-01  6.70956E-03
  9.19922E-01  6.62732E-03
  9.23828E-01  6.54528E-03
  9.27734E-01  6.46457E-03
  9.31641E-01  6.38543E-03
  9.35547E-01  6.30833E-03
  9.39453E-01  6.23226E-03
  9.43359E-01  6.15791E-03
  9.47266E-01  6.08521E-03
  9.51172E-01  6.01285E-03
  9.55078E-01  5.94352E-03
  9.58984E-01  5.87442E-03
  9.62891E-01  5.80762E-03
  9.66797E-01  5.74206E-03
  9.70703E-01  5.67769E-03
  9.74609E-01  5.61484E-03
  9.78516E-01  5.55346E-03
  9.82422E-01  5.49504E-03
  9.86328E-01  5.43803E-03
  9.90234E-01  5.38438E-03
  9.94141E-01  5.33953E-03
  9.98047E-01  5.31851E-03
  1.00195E+00  5.31851E-03
