 -1.95312E-03  9.44691E+00
  1.95312E-03  9.44810E+00
  5.85938E-03  9.44333E+00
  9.76562E-03  9.43863E+00
  1.36719E-02  9.43340E+00
  1.75781E-02  9.42753E+00
  2.14844E-02  9.42102E+00
  2.53906E-02  9.41386E+00
  2.92969E-02  9.40604E+00
  3.32031E-02  9.39757E+00
  3.71094E-02  9.38845E+00
  4.10156E-02  9.37868E+00
  4.49219E-02  9.36826E+00
  4.88281E-02  9.35720E+00
  5.27344E-02  9.34548E+00
  5.66406E-02  9.33312E+00
  6.05469E-02  9.32011E+00
  6.44531E-02  9.30645E+00
  6.83594E-02  9.29215E+00
  7.22656E-02  9.27719E+00
  7.61719E-02  9.26158E+00
  8.00781E-02  9.24533E+00
  8.39844E-02  9.22843E+00
  8.78906E-02  9.21088E+00
  9.17969E-02  9.19268E+00
  9.57031E-02  9.17382E+00
  9.96094E-02  9.15430E+00
  1.03516E-01  9.13413E+00
  1.07422E-01  9.11330E+00
  1.11328E-01  9.09181E+00
  1.15234E-01  9.06965E+00
  1.19141E-01  9.04682E+00
  1.23047E-01  9.02331E+00
  1.26953E-01  8.99912E+00
  1.30859E-01  8.97425E+00
  1.34766E-01  8.94869E+00
  1.38672E-01  8.92244E+00
  1.42578E-01  8.89549E+00
  1.46484E-01  8.86783E+00
  1.50391E-01  8.83946E+00
  1.54297E-01  8.81038E+00
  1.58203E-01  8.78057E+00
  1.62109E-01  8.75002E+00
  1.66016E-01  8.71873E+00
  1.69922E-01  8.68669E+00
  1.73828E-01  8.65389E+00
  1.77734E-01  8.62032E+00
  1.81641E-01  8.58597E+00
  1.85547E-01  8.55083E+00
  1.89453E-01  8.51488E+00
  1.93359E-01  8.47812E+00
  1.97266E-01  8.44052E+00
  2.01172E-01  8.40209E+00
  2.05078E-01  8.36279E+00
  2.08984E-01  8.32261E+00
  2.12891E-01  8.28155E+00
  2.16797E-01  8.23957E+00
  2.20703E-01  8.19666E+00
  2.24609E-01  8.15281E+00
  2.28516E-01  8.10799E+00
  2.32422E-01  8.06217E+00
  2.36328E-01  8.01533E+00
  2.40234E-01  7.96746E+00
  2.44141E-01  7.91851E+00
  2.48047E-01  7.86846E+00
  2.51953E-01  7.81728E+00
  2.55859E-01  7.76493E+00
  2.59766E-01  7.71138E+00
  2.63672E-01  7.65659E+00
  2.67578E-01  7.60053E+00
  2.71484E-01  7.54313E+00
  2.75391E-01  7.48437E+00
  2.79297E-01  7.42418E+00
  2.83203E-01  7.36251E+00
  2.87109E-01  7.29931E+00
  2.91016E-01  7.23449E+00
  2.94922E-01  7.16801E+00
  2.98828E-01  7.09977E+00
  3.02734E-01  7.02969E+00
  3.06641E-01  6.95769E+00
  3.10547E-01  6.88366E+00
  3.14453E-01  6.80749E+00
  3.18359E-01  6.72905E+00
  3.22266E-01  6.64822E+00
  3.26172E-01  6.56483E+00
  3.30078E-01  6.47871E+00
  3.33984E-01  6.38966E+00
  3.37891E-01  6.29747E+00
  3.41797E-01  6.20189E+00
  3.45703E-01  6.10247E+00
  3.49609E-01  5.99493E+00
  3.53516E-01  5.77433E+00
  3.57422E-01  1.17321E-01
  3.61328E-01  1.13205E-01
  3.65234E-01  1.10028E-01
  3.69141E-01  1.06614E-01
  3.73047E-01  1.03452E-01
  3.76953E-01  1.00269E-01
  3.80859E-01  9.72987E-02
  3.84766E-01  9.43135E-02
  3.88672E-01  9.15185E-02
  3.92578E-01  8.87458E-02
  3.96484E-01  8.61471E-02
  4.00391E-01  8.35913E-02
  4.04297E-01  8.12518E-02
  4.08203E-01  7.89269E-02
  4.12109E-01  7.67877E-02
  4.16016E-01  7.46600E-02
  4.19922E-01  7.26260E-02
  4.23828E-01  7.05881E-02
  4.27734E-01  6.86529E-02
  4.31641E-01  6.67168E-02
  4.35547E-01  6.48809E-02
  4.39453E-01  6.30897E-02
  4.43359E-01  6.14429E-02
  4.47266E-01  5.98590E-02
  4.51172E-01  5.83895E-02
  4.55078E-01  5.69322E-02
  4.58984E-01  5.55576E-02
  4.62891E-01  5.42114E-02
  4.66797E-01  5.29354E-02
  4.70703E-01  5.16565E-02
  4.74609E-01  5.04314E-02
  4.78516E-01  4.92100E-02
  4.82422E-01  4.80455E-02
  4.86328E-01  4.68911E-02
  4.90234E-01  4.57918E-02
  4.94141E-01  4.47104E-02
  4.98047E-01  4.37101E-02
  5.01953E-01  4.27311E-02
  5.05859E-01  4.17610E-02
  5.09766E-01  4.07928E-02
  5.13672E-01  3.98626E-02
  5.17578E-01  3.89775E-02
  5.21484E-01  3.81308E-02
  5.25391E-01  3.73026E-02
  5.29297E-01  3.64946E-02
  5.33203E-01  3.57011E-02
  5.37109E-01  3.49338E-02
  5.41016E-01  3.41836E-02
  5.44922E-01  3.34626E-02
  5.48828E-01  3.27609E-02
  5.52734E-01  3.20790E-02
  5.56641E-01  3.14131E-02
  5.60547E-01  3.07660E-02
  5.64453E-01  3.01341E-02
  5.68359E-01  2.95238E-02
  5.72266E-01  2.89292E-02
  5.76172E-01  2.83515E-02
  5.80078E-01  2.77872E-02
  5.83984E-01  2.72366E-02
  5.87891E-01  2.67016E-02
  5.91797E-01  2.61817E-02
  5.95703E-01  2.56757E-02
  5.99609E-01  2.51800E-02
  6.03516E-01  2.46982E-02
  6.07422E-01  2.42273E-02
  6.11328E-01  2.37714E-02
  6.15234E-01  2.33249E-02
  6.19141E-01  2.28886E-02
  6.23047E-01  2.24633E-02
  6.26953E-01  2.20499E-02
  6.30859E-01  2.16467E-02
  6.34766E-01  2.12520E-02
  6.38672E-01  2.08647E-02
  6.42578E-01  2.04893E-02
  6.46484E-01  2.01242E-02
  6.50391E-01  1.97672E-02
  6.54297E-01  1.94161E-02
  6.58203E-01  1.90736E-02
  6.62109E-01  1.87422E-02
  6.66016E-01  1.84176E-02
  6.69922E-01  1.80995E-02
  6.73828E-01  1.77881E-02
  6.77734E-01  1.74843E-02
  6.81641E-01  1.71869E-02
  6.85547E-01  1.68967E-02
  6.89453E-01  1.66137E-02
  6.93359E-01  1.63372E-02
  6.97266E-01  1.60667E-02
  7.01172E-01  1.57989E-02
  7.05078E-01  1.55377E-02
  7.08984E-01  1.52864E-02
  7.12891E-01  1.50390E-02
  7.16797E-01  1.47954E-02
  7.20703E-01  1.45555E-02
  7.24609E-01  1.43226E-02
  7.28516E-01  1.40956E-02
  7.32422E-01  1.38725E-02
  7.36328E-01  1.36532E-02
  7.40234E-01  1.34398E-02
  7.44141E-01  1.32307E-02
  7.48047E-01  1.30267E-02
  7.51953E-01  1.28257E-02
  7.55859E-01  1.26271E-02
  7.59766E-01  1.24353E-02
  7.63672E-01  1.22464E-02
  7.67578E-01  1.20600E-02
  7.71484E-01  1.18801E-02
  7.75391E-01  1.17038E-02
  7.79297E-01  1.15293E-02
  7.83203E-01  1.13573E-02
  7.87109E-01  1.11899E-02
  7.91016E-01  1.10268E-02
  7.94922E-01  1.08660E-02
  7.98828E-01  1.07077E-02
  8.02734E-01  1.05519E-02
  8.06641E-01  1.04016E-02
  8.10547E-01  1.02518E-02
  8.14453E-01  1.01051E-02
  8.18359E-01  9.96341E-03
  8.22266E-01  9.82237E-03
  8.26172E-01  9.68389E-03
  8.30078E-01  9.54863E-03
  8.33984E-01  9.41541E-03
  8.37891E-01  9.28477E-03
  8.41797E-01  9.15800E-03
  8.45703E-01  9.03074E-03
  8.49609E-01  8.90681E-03
  8.53516E-01  8.78722E-03
  8.57422E-01  8.66848E-03
  8.61328E-01  8.55102E-03
  8.65234E-01  8.43648E-03
  8.69141E-01  8.32383E-03
  8.73047E-01  8.21363E-03
  8.76953E-01  8.10479E-03
  8.80859E-01  7.99862E-03
  8.84766E-01  7.89386E-03
  8.88672E-01  7.79161E-03
  8.92578E-01  7.69001E-03
  8.96484E-01  7.59258E-03
  9.00391E-01  7.49506E-03
  9.04297E-01  7.39893E-03
  9.08203E-01  7.30552E-03
  9.12109E-01  7.21374E-03
  9.16016E-01  7.12228E-03
  9.19922E-01  7.03423E-03
  9.23828E-01  6.94777E-03
  9.27734E-01  6.86234E-03
  9.31641E-01  6.77802E-03
  9.35547E-01  6.69595E-03
  9.39453E-01  6.61524E-03
  9.43359E-01  6.53601E-03
  9.47266E-01  6.45911E-03
  9.51172E-01  6.38220E-03
  9.55078E-01  6.30835E-03
  9.58984E-01  6.23514E-03
  9.62891E-01  6.16402E-03
  9.66797E-01  6.09457E-03
  9.70703E-01  6.02637E-03
  9.74609E-01  5.95976E-03
  9.78516E-01  5.89455E-03
  9.82422E-01  5.83253E-03
  9.86328E-01  5.77217E-03
  9.90234E-01  5.71525E-03
  9.94141E-01  5.66761E-03
  9.98047E-01  5.64530E-03
  1.00195E+00  5.64530E-03
