 -1.95312E-03  9.37798E+00
  1.95312E-03  9.37870E+00
  5.85938E-03  9.37397E+00
  9.76562E-03  9.36926E+00
  1.36719E-02  9.36399E+00
  1.75781E-02  9.35810E+00
  2.14844E-02  9.35155E+00
  2.53906E-02  9.34434E+00
  2.92969E-02  9.33648E+00
  3.32031E-02  9.32795E+00
  3.71094E-02  9.31877E+00
  4.10156E-02  9.30892E+00
  4.49219E-02  9.29842E+00
  4.88281E-02  9.28727E+00
  5.27344E-02  9.27546E+00
  5.66406E-02  9.26300E+00
  6.05469E-02  9.24988E+00
  6.44531E-02  9.23610E+00
  6.83594E-02  9.22168E+00
  7.22656E-02  9.20660E+00
  7.61719E-02  9.19086E+00
  8.00781E-02  9.17447E+00
  8.39844E-02  9.15741E+00
  8.78906E-02  9.13970E+00
  9.17969E-02  9.12133E+00
  9.57031E-02  9.10229E+00
  9.96094E-02  9.08259E+00
  1.03516E-01  9.06223E+00
  1.07422E-01  9.04119E+00
  1.11328E-01  9.01949E+00
  1.15234E-01  8.99710E+00
  1.19141E-01  8.97403E+00
  1.23047E-01  8.95028E+00
  1.26953E-01  8.92584E+00
  1.30859E-01  8.90071E+00
  1.34766E-01  8.87487E+00
  1.38672E-01  8.84833E+00
  1.42578E-01  8.82108E+00
  1.46484E-01  8.79311E+00
  1.50391E-01  8.76443E+00
  1.54297E-01  8.73501E+00
  1.58203E-01  8.70486E+00
  1.62109E-01  8.67396E+00
  1.66016E-01  8.64231E+00
  1.69922E-01  8.60989E+00
  1.73828E-01  8.57670E+00
  1.77734E-01  8.54273E+00
  1.81641E-01  8.50795E+00
  1.85547E-01  8.47238E+00
  1.89453E-01  8.43598E+00
  1.93359E-01  8.39875E+00
  1.97266E-01  8.36067E+00
  2.01172E-01  8.32172E+00
  2.05078E-01  8.28190E+00
  2.08984E-01  8.24119E+00
  2.12891E-01  8.19957E+00
  2.16797E-01  8.15701E+00
  2.20703E-01  8.11351E+00
  2.24609E-01  8.06904E+00
  2.28516E-01  8.02357E+00
  2.32422E-01  7.97708E+00
  2.36328E-01  7.92955E+00
  2.40234E-01  7.88094E+00
  2.44141E-01  7.83124E+00
  2.48047E-01  7.78040E+00
  2.51953E-01  7.72841E+00
  2.55859E-01  7.67522E+00
  2.59766E-01  7.62079E+00
  2.63672E-01  7.56508E+00
  2.67578E-01  7.50806E+00
  2.71484E-01  7.44967E+00
  2.75391E-01  7.38986E+00
  2.79297E-01  7.32858E+00
  2.83203E-01  7.26577E+00
  2.87109E-01  7.20135E+00
  2.91016E-01  7.13528E+00
  2.94922E-01  7.06747E+00
  2.98828E-01  6.99784E+00
  3.02734E-01  6.92629E+00
  3.06641E-01  6.85273E+00
  3.10547E-01  6.77704E+00
  3.14453E-01  6.69912E+00
  3.18359E-01  6.61880E+00
  3.22266E-01  6.53597E+00
  3.26172E-01  6.45042E+00
  3.30078E-01  6.36199E+00
  3.33984E-01  6.27046E+00
  3.37891E-01  6.17558E+00
  3.41797E-01  6.07706E+00
  3.45703E-01  5.97442E+00
  3.49609E-01  5.86291E+00
  3.53516E-01  5.63361E+00
  3.57422E-01  1.88618E-01
  3.61328E-01  1.78746E-01
  3.65234E-01  1.74528E-01
  3.69141E-01  1.69047E-01
  3.73047E-01  1.63988E-01
  3.76953E-01  1.58928E-01
  3.80859E-01  1.54258E-01
  3.84766E-01  1.49586E-01
  3.88672E-01  1.45293E-01
  3.92578E-01  1.41017E-01
  3.96484E-01  1.37079E-01
  4.00391E-01  1.33134E-01
  4.04297E-01  1.29482E-01
  4.08203E-01  1.25812E-01
  4.12109E-01  1.22395E-01
  4.16016E-01  1.19002E-01
  4.19922E-01  1.15843E-01
  4.23828E-01  1.12689E-01
  4.27734E-01  1.09782E-01
  4.31641E-01  1.06869E-01
  4.35547E-01  1.04139E-01
  4.39453E-01  1.01408E-01
  4.43359E-01  9.88481E-02
  4.47266E-01  9.62890E-02
  4.51172E-01  9.38700E-02
  4.55078E-01  9.14655E-02
  4.58984E-01  8.92242E-02
  4.62891E-01  8.69799E-02
  4.66797E-01  8.48836E-02
  4.70703E-01  8.28317E-02
  4.74609E-01  8.09236E-02
  4.78516E-01  7.90102E-02
  4.82422E-01  7.72209E-02
  4.86328E-01  7.54340E-02
  4.90234E-01  7.37146E-02
  4.94141E-01  7.19856E-02
  4.98047E-01  7.03130E-02
  5.01953E-01  6.86514E-02
  5.05859E-01  6.70614E-02
  5.09766E-01  6.54733E-02
  5.13672E-01  6.39540E-02
  5.17578E-01  6.25042E-02
  5.21484E-01  6.11662E-02
  5.25391E-01  5.98792E-02
  5.29297E-01  5.85992E-02
  5.33203E-01  5.73089E-02
  5.37109E-01  5.60322E-02
  5.41016E-01  5.47930E-02
  5.44922E-01  5.36045E-02
  5.48828E-01  5.24553E-02
  5.52734E-01  5.13257E-02
  5.56641E-01  5.02094E-02
  5.60547E-01  4.91385E-02
  5.64453E-01  4.81577E-02
  5.68359E-01  4.72762E-02
  5.72266E-01  4.64165E-02
  5.76172E-01  4.55321E-02
  5.80078E-01  4.46426E-02
  5.83984E-01  4.37563E-02
  5.87891E-01  4.28867E-02
  5.91797E-01  4.20454E-02
  5.95703E-01  4.12359E-02
  5.99609E-01  4.04532E-02
  6.03516E-01  3.96892E-02
  6.07422E-01  3.89394E-02
  6.11328E-01  3.82035E-02
  6.15234E-01  3.74877E-02
  6.19141E-01  3.67914E-02
  6.23047E-01  3.61161E-02
  6.26953E-01  3.54551E-02
  6.30859E-01  3.48080E-02
  6.34766E-01  3.41793E-02
  6.38672E-01  3.35666E-02
  6.42578E-01  3.29663E-02
  6.46484E-01  3.23788E-02
  6.50391E-01  3.18059E-02
  6.54297E-01  3.12482E-02
  6.58203E-01  3.07011E-02
  6.62109E-01  3.01647E-02
  6.66016E-01  2.96443E-02
  6.69922E-01  2.91357E-02
  6.73828E-01  2.86376E-02
  6.77734E-01  2.81494E-02
  6.81641E-01  2.76741E-02
  6.85547E-01  2.72111E-02
  6.89453E-01  2.67553E-02
  6.93359E-01  2.63114E-02
  6.97266E-01  2.58775E-02
  7.01172E-01  2.54504E-02
  7.05078E-01  2.50354E-02
  7.08984E-01  2.46295E-02
  7.12891E-01  2.42316E-02
  7.16797E-01  2.38401E-02
  7.20703E-01  2.34581E-02
  7.24609E-01  2.30863E-02
  7.28516E-01  2.27228E-02
  7.32422E-01  2.23615E-02
  7.36328E-01  2.20090E-02
  7.40234E-01  2.16682E-02
  7.44141E-01  2.13323E-02
  7.48047E-01  2.10030E-02
  7.51953E-01  2.06797E-02
  7.55859E-01  2.03649E-02
  7.59766E-01  2.00548E-02
  7.63672E-01  1.97517E-02
  7.67578E-01  1.94559E-02
  7.71484E-01  1.91647E-02
  7.75391E-01  1.88767E-02
  7.79297E-01  1.86004E-02
  7.83203E-01  1.83245E-02
  7.87109E-01  1.80542E-02
  7.91016E-01  1.77927E-02
  7.94922E-01  1.75336E-02
  7.98828E-01  1.72792E-02
  8.02734E-01  1.70296E-02
  8.06641E-01  1.67837E-02
  8.10547E-01  1.65469E-02
  8.14453E-01  1.63108E-02
  8.18359E-01  1.60807E-02
  8.22266E-01  1.58547E-02
  8.26172E-01  1.56313E-02
  8.30078E-01  1.54130E-02
  8.33984E-01  1.52012E-02
  8.37891E-01  1.49895E-02
  8.41797E-01  1.47838E-02
  8.45703E-01  1.45819E-02
  8.49609E-01  1.43848E-02
  8.53516E-01  1.41880E-02
  8.57422E-01  1.39967E-02
  8.61328E-01  1.38094E-02
  8.65234E-01  1.36236E-02
  8.69141E-01  1.34422E-02
  8.73047E-01  1.32646E-02
  8.76953E-01  1.30882E-02
  8.80859E-01  1.29181E-02
  8.84766E-01  1.27476E-02
  8.88672E-01  1.25808E-02
  8.92578E-01  1.24184E-02
  8.96484E-01  1.22575E-02
  9.00391E-01  1.20996E-02
  9.04297E-01  1.19454E-02
  9.08203E-01  1.17928E-02
  9.12109E-01  1.16430E-02
  9.16016E-01  1.14968E-02
  9.19922E-01  1.13511E-02
  9.23828E-01  1.12110E-02
  9.27734E-01  1.10716E-02
  9.31641E-01  1.09364E-02
  9.35547E-01  1.08013E-02
  9.39453E-01  1.06696E-02
  9.43359E-01  1.05412E-02
  9.47266E-01  1.04148E-02
  9.51172E-01  1.02911E-02
  9.55078E-01  1.01696E-02
  9.58984E-01  1.00514E-02
  9.62891E-01  9.93534E-03
  9.66797E-01  9.82227E-03
  9.70703E-01  9.71157E-03
  9.74609E-01  9.60553E-03
  9.78516E-01  9.50151E-03
  9.82422E-01  9.40089E-03
  9.86328E-01  9.30500E-03
  9.90234E-01  9.21454E-03
  9.94141E-01  9.13742E-03
  9.98047E-01  9.10150E-03
  1.00195E+00  9.10150E-03
