 -1.95312E-03  9.47293E+00
  1.95312E-03  9.47413E+00
  5.85938E-03  9.46936E+00
  9.76562E-03  9.46467E+00
  1.36719E-02  9.45944E+00
  1.75781E-02  9.45359E+00
  2.14844E-02  9.44709E+00
  2.53906E-02  9.43995E+00
  2.92969E-02  9.43215E+00
  3.32031E-02  9.42370E+00
  3.71094E-02  9.41460E+00
  4.10156E-02  9.40486E+00
  4.49219E-02  9.39447E+00
  4.88281E-02  9.38343E+00
  5.27344E-02  9.37175E+00
  5.66406E-02  9.35943E+00
  6.05469E-02  9.34646E+00
  6.44531E-02  9.33284E+00
  6.83594E-02  9.31858E+00
  7.22656E-02  9.30368E+00
  7.61719E-02  9.28812E+00
  8.00781E-02  9.27192E+00
  8.39844E-02  9.25508E+00
  8.78906E-02  9.23759E+00
  9.17969E-02  9.21945E+00
  9.57031E-02  9.20066E+00
  9.96094E-02  9.18122E+00
  1.03516E-01  9.16112E+00
  1.07422E-01  9.14036E+00
  1.11328E-01  9.11895E+00
  1.15234E-01  9.09687E+00
  1.19141E-01  9.07412E+00
  1.23047E-01  9.05071E+00
  1.26953E-01  9.02661E+00
  1.30859E-01  9.00184E+00
  1.34766E-01  8.97638E+00
  1.38672E-01  8.95023E+00
  1.42578E-01  8.92338E+00
  1.46484E-01  8.89584E+00
  1.50391E-01  8.86758E+00
  1.54297E-01  8.83862E+00
  1.58203E-01  8.80892E+00
  1.62109E-01  8.77850E+00
  1.66016E-01  8.74735E+00
  1.69922E-01  8.71544E+00
  1.73828E-01  8.68278E+00
  1.77734E-01  8.64935E+00
  1.81641E-01  8.61515E+00
  1.85547E-01  8.58017E+00
  1.89453E-01  8.54438E+00
  1.93359E-01  8.50778E+00
  1.97266E-01  8.47035E+00
  2.01172E-01  8.43209E+00
  2.05078E-01  8.39298E+00
  2.08984E-01  8.35300E+00
  2.12891E-01  8.31213E+00
  2.16797E-01  8.27036E+00
  2.20703E-01  8.22767E+00
  2.24609E-01  8.18403E+00
  2.28516E-01  8.13943E+00
  2.32422E-01  8.09385E+00
  2.36328E-01  8.04726E+00
  2.40234E-01  7.99964E+00
  2.44141E-01  7.95096E+00
  2.48047E-01  7.90119E+00
  2.51953E-01  7.85030E+00
  2.55859E-01  7.79825E+00
  2.59766E-01  7.74501E+00
  2.63672E-01  7.69056E+00
  2.67578E-01  7.63483E+00
  2.71484E-01  7.57780E+00
  2.75391E-01  7.51941E+00
  2.79297E-01  7.45962E+00
  2.83203E-01  7.39837E+00
  2.87109E-01  7.33560E+00
  2.91016E-01  7.27125E+00
  2.94922E-01  7.20525E+00
  2.98828E-01  7.13752E+00
  3.02734E-01  7.06799E+00
  3.06641E-01  6.99656E+00
  3.10547E-01  6.92314E+00
  3.14453E-01  6.84761E+00
  3.18359E-01  6.76986E+00
  3.22266E-01  6.68975E+00
  3.26172E-01  6.60713E+00
  3.30078E-01  6.52184E+00
  3.33984E-01  6.43368E+00
  3.37891E-01  6.34244E+00
  3.41797E-01  6.24788E+00
  3.45703E-01  6.14959E+00
  3.49609E-01  6.04343E+00
  3.53516E-01  5.82585E+00
  3.57422E-01  9.07390E-02
  3.61328E-01  8.79567E-02
  3.65234E-01  8.50929E-02
  3.69141E-01  8.24172E-02
  3.73047E-01  7.97395E-02
  3.76953E-01  7.72683E-02
  3.80859E-01  7.48723E-02
  3.84766E-01  7.26046E-02
  3.88672E-01  7.04972E-02
  3.92578E-01  6.84601E-02
  3.96484E-01  6.65640E-02
  4.00391E-01  6.46602E-02
  4.04297E-01  6.28898E-02
  4.08203E-01  6.11135E-02
  4.12109E-01  5.94491E-02
  4.16016E-01  5.77803E-02
  4.19922E-01  5.62057E-02
  4.23828E-01  5.46365E-02
  4.27734E-01  5.31684E-02
  4.31641E-01  5.17170E-02
  4.35547E-01  5.03886E-02
  4.39453E-01  4.90963E-02
  4.43359E-01  4.78741E-02
  4.47266E-01  4.66386E-02
  4.51172E-01  4.54329E-02
  4.55078E-01  4.42587E-02
  4.58984E-01  4.31581E-02
  4.62891E-01  4.20803E-02
  4.66797E-01  4.10474E-02
  4.70703E-01  4.00494E-02
  4.74609E-01  3.91003E-02
  4.78516E-01  3.81450E-02
  4.82422E-01  3.72163E-02
  4.86328E-01  3.63226E-02
  4.90234E-01  3.54824E-02
  4.94141E-01  3.46588E-02
  4.98047E-01  3.38617E-02
  5.01953E-01  3.30724E-02
  5.05859E-01  3.23193E-02
  5.09766E-01  3.15837E-02
  5.13672E-01  3.08810E-02
  5.17578E-01  3.01855E-02
  5.21484E-01  2.95242E-02
  5.25391E-01  2.88736E-02
  5.29297E-01  2.82462E-02
  5.33203E-01  2.76271E-02
  5.37109E-01  2.70384E-02
  5.41016E-01  2.64572E-02
  5.44922E-01  2.59019E-02
  5.48828E-01  2.53520E-02
  5.52734E-01  2.48252E-02
  5.56641E-01  2.43052E-02
  5.60547E-01  2.38064E-02
  5.64453E-01  2.33173E-02
  5.68359E-01  2.28457E-02
  5.72266E-01  2.23815E-02
  5.76172E-01  2.19318E-02
  5.80078E-01  2.14935E-02
  5.83984E-01  2.10697E-02
  5.87891E-01  2.06530E-02
  5.91797E-01  2.02512E-02
  5.95703E-01  1.98541E-02
  5.99609E-01  1.94739E-02
  6.03516E-01  1.91003E-02
  6.07422E-01  1.87377E-02
  6.11328E-01  1.83809E-02
  6.15234E-01  1.80355E-02
  6.19141E-01  1.76977E-02
  6.23047E-01  1.73717E-02
  6.26953E-01  1.70495E-02
  6.30859E-01  1.67353E-02
  6.34766E-01  1.64286E-02
  6.38672E-01  1.61325E-02
  6.42578E-01  1.58430E-02
  6.46484E-01  1.55589E-02
  6.50391E-01  1.52805E-02
  6.54297E-01  1.50082E-02
  6.58203E-01  1.47455E-02
  6.62109E-01  1.44863E-02
  6.66016E-01  1.42348E-02
  6.69922E-01  1.39886E-02
  6.73828E-01  1.37486E-02
  6.77734E-01  1.35122E-02
  6.81641E-01  1.32805E-02
  6.85547E-01  1.30558E-02
  6.89453E-01  1.28383E-02
  6.93359E-01  1.26241E-02
  6.97266E-01  1.24140E-02
  7.01172E-01  1.22069E-02
  7.05078E-01  1.20059E-02
  7.08984E-01  1.18112E-02
  7.12891E-01  1.16189E-02
  7.16797E-01  1.14292E-02
  7.20703E-01  1.12444E-02
  7.24609E-01  1.10658E-02
  7.28516E-01  1.08899E-02
  7.32422E-01  1.07179E-02
  7.36328E-01  1.05490E-02
  7.40234E-01  1.03829E-02
  7.44141E-01  1.02214E-02
  7.48047E-01  1.00625E-02
  7.51953E-01  9.90652E-03
  7.55859E-01  9.75474E-03
  7.59766E-01  9.60573E-03
  7.63672E-01  9.46065E-03
  7.67578E-01  9.31669E-03
  7.71484E-01  9.17504E-03
  7.75391E-01  9.03826E-03
  7.79297E-01  8.90542E-03
  7.83203E-01  8.77241E-03
  7.87109E-01  8.64239E-03
  7.91016E-01  8.51592E-03
  7.94922E-01  8.39128E-03
  7.98828E-01  8.26942E-03
  8.02734E-01  8.14929E-03
  8.06641E-01  8.03154E-03
  8.10547E-01  7.91725E-03
  8.14453E-01  7.80446E-03
  8.18359E-01  7.69300E-03
  8.22266E-01  7.58396E-03
  8.26172E-01  7.47831E-03
  8.30078E-01  7.37405E-03
  8.33984E-01  7.27074E-03
  8.37891E-01  7.17071E-03
  8.41797E-01  7.07093E-03
  8.45703E-01  6.97344E-03
  8.49609E-01  6.87965E-03
  8.53516E-01  6.78645E-03
  8.57422E-01  6.69376E-03
  8.61328E-01  6.60392E-03
  8.65234E-01  6.51639E-03
  8.69141E-01  6.42945E-03
  8.73047E-01  6.34439E-03
  8.76953E-01  6.26108E-03
  8.80859E-01  6.17899E-03
  8.84766E-01  6.09832E-03
  8.88672E-01  6.01903E-03
  8.92578E-01  5.94100E-03
  8.96484E-01  5.86525E-03
  9.00391E-01  5.79037E-03
  9.04297E-01  5.71687E-03
  9.08203E-01  5.64451E-03
  9.12109E-01  5.57476E-03
  9.16016E-01  5.50473E-03
  9.19922E-01  5.43585E-03
  9.23828E-01  5.36894E-03
  9.27734E-01  5.30374E-03
  9.31641E-01  5.23893E-03
  9.35547E-01  5.17572E-03
  9.39453E-01  5.11347E-03
  9.43359E-01  5.05267E-03
  9.47266E-01  4.99255E-03
  9.51172E-01  4.93419E-03
  9.55078E-01  4.87710E-03
  9.58984E-01  4.82025E-03
  9.62891E-01  4.76582E-03
  9.66797E-01  4.71132E-03
  9.70703E-01  4.65843E-03
  9.74609E-01  4.60679E-03
  9.78516E-01  4.55666E-03
  9.82422E-01  4.50853E-03
  9.86328E-01  4.46134E-03
  9.90234E-01  4.41742E-03
  9.94141E-01  4.38070E-03
  9.98047E-01  4.36345E-03
  1.00195E+00  4.36345E-03
