 -1.95312E-03  9.22243E+00
  1.95312E-03  9.22243E+00
  5.85938E-03  9.21756E+00
  9.76562E-03  9.21282E+00
  1.36719E-02  9.20751E+00
  1.75781E-02  9.20155E+00
  2.14844E-02  9.19491E+00
  2.53906E-02  9.18760E+00
  2.92969E-02  9.17960E+00
  3.32031E-02  9.17094E+00
  3.71094E-02  9.16159E+00
  4.10156E-02  9.15157E+00
  4.49219E-02  9.14087E+00
  4.88281E-02  9.12950E+00
  5.27344E-02  9.11746E+00
  5.66406E-02  9.10475E+00
  6.05469E-02  9.09136E+00
  6.44531E-02  9.07730E+00
  6.83594E-02  9.06256E+00
  7.22656E-02  9.04715E+00
  7.61719E-02  9.03107E+00
  8.00781E-02  9.01432E+00
  8.39844E-02  8.99689E+00
  8.78906E-02  8.97878E+00
  9.17969E-02  8.95999E+00
  9.57031E-02  8.94051E+00
  9.96094E-02  8.92036E+00
  1.03516E-01  8.89951E+00
  1.07422E-01  8.87797E+00
  1.11328E-01  8.85574E+00
  1.15234E-01  8.83281E+00
  1.19141E-01  8.80918E+00
  1.23047E-01  8.78484E+00
  1.26953E-01  8.75979E+00
  1.30859E-01  8.73403E+00
  1.34766E-01  8.70755E+00
  1.38672E-01  8.68034E+00
  1.42578E-01  8.65239E+00
  1.46484E-01  8.62370E+00
  1.50391E-01  8.59426E+00
  1.54297E-01  8.56407E+00
  1.58203E-01  8.53311E+00
  1.62109E-01  8.50137E+00
  1.66016E-01  8.46885E+00
  1.69922E-01  8.43554E+00
  1.73828E-01  8.40142E+00
  1.77734E-01  8.36649E+00
  1.81641E-01  8.33072E+00
  1.85547E-01  8.29411E+00
  1.89453E-01  8.25665E+00
  1.93359E-01  8.21831E+00
  1.97266E-01  8.17909E+00
  2.01172E-01  8.13896E+00
  2.05078E-01  8.09792E+00
  2.08984E-01  8.05593E+00
  2.12891E-01  8.01299E+00
  2.16797E-01  7.96907E+00
  2.20703E-01  7.92414E+00
  2.24609E-01  7.87819E+00
  2.28516E-01  7.83119E+00
  2.32422E-01  7.78311E+00
  2.36328E-01  7.73393E+00
  2.40234E-01  7.68361E+00
  2.44141E-01  7.63211E+00
  2.48047E-01  7.57942E+00
  2.51953E-01  7.52548E+00
  2.55859E-01  7.47027E+00
  2.59766E-01  7.41373E+00
  2.63672E-01  7.35581E+00
  2.67578E-01  7.29648E+00
  2.71484E-01  7.23567E+00
  2.75391E-01  7.17333E+00
  2.79297E-01  7.10939E+00
  2.83203E-01  7.04379E+00
  2.87109E-01  6.97644E+00
  2.91016E-01  6.90728E+00
  2.94922E-01  6.83621E+00
  2.98828E-01  6.76313E+00
  3.02734E-01  6.68792E+00
  3.06641E-01  6.61049E+00
  3.10547E-01  6.53068E+00
  3.14453E-01  6.44836E+00
  3.18359E-01  6.36335E+00
  3.22266E-01  6.27548E+00
  3.26172E-01  6.18453E+00
  3.30078E-01  6.09026E+00
  3.33984E-01  5.99239E+00
  3.37891E-01  5.89062E+00
  3.41797E-01  5.78456E+00
  3.45703E-01  5.67353E+00
  3.49609E-01  5.55141E+00
  3.53516E-01  5.29875E+00
  3.57422E-01  3.63092E-01
  3.61328E-01  3.25820E-01
  3.65234E-01  3.18170E-01
  3.69141E-01  3.08421E-01
  3.73047E-01  2.99411E-01
  3.76953E-01  2.90411E-01
  3.80859E-01  2.82103E-01
  3.84766E-01  2.73787E-01
  3.88672E-01  2.66099E-01
  3.92578E-01  2.58404E-01
  3.96484E-01  2.51280E-01
  4.00391E-01  2.44153E-01
  4.04297E-01  2.37548E-01
  4.08203E-01  2.30937E-01
  4.12109E-01  2.24801E-01
  4.16016E-01  2.18661E-01
  4.19922E-01  2.12955E-01
  4.23828E-01  2.07246E-01
  4.27734E-01  2.01928E-01
  4.31641E-01  1.96601E-01
  4.35547E-01  1.91632E-01
  4.39453E-01  1.86663E-01
  4.43359E-01  1.82027E-01
  4.47266E-01  1.77395E-01
  4.51172E-01  1.73081E-01
  4.55078E-01  1.68755E-01
  4.58984E-01  1.64698E-01
  4.62891E-01  1.60645E-01
  4.66797E-01  1.56850E-01
  4.70703E-01  1.53054E-01
  4.74609E-01  1.49500E-01
  4.78516E-01  1.45935E-01
  4.82422E-01  1.42590E-01
  4.86328E-01  1.39239E-01
  4.90234E-01  1.36093E-01
  4.94141E-01  1.32932E-01
  4.98047E-01  1.29963E-01
  5.01953E-01  1.27013E-01
  5.05859E-01  1.24208E-01
  5.09766E-01  1.21429E-01
  5.13672E-01  1.18841E-01
  5.17578E-01  1.16238E-01
  5.21484E-01  1.13673E-01
  5.25391E-01  1.11229E-01
  5.29297E-01  1.08813E-01
  5.33203E-01  1.06511E-01
  5.37109E-01  1.04220E-01
  5.41016E-01  1.02073E-01
  5.44922E-01  9.99643E-02
  5.48828E-01  9.79394E-02
  5.52734E-01  9.59117E-02
  5.56641E-01  9.39819E-02
  5.60547E-01  9.20682E-02
  5.64453E-01  9.02528E-02
  5.68359E-01  8.84367E-02
  5.72266E-01  8.67013E-02
  5.76172E-01  8.50015E-02
  5.80078E-01  8.33860E-02
  5.83984E-01  8.17789E-02
  5.87891E-01  8.02077E-02
  5.91797E-01  7.86937E-02
  5.95703E-01  7.72244E-02
  5.99609E-01  7.57420E-02
  6.03516E-01  7.42868E-02
  6.07422E-01  7.28914E-02
  6.11328E-01  7.15421E-02
  6.15234E-01  7.02123E-02
  6.19141E-01  6.89132E-02
  6.23047E-01  6.76891E-02
  6.26953E-01  6.65085E-02
  6.30859E-01  6.53549E-02
  6.34766E-01  6.42118E-02
  6.38672E-01  6.30703E-02
  6.42578E-01  6.19296E-02
  6.46484E-01  6.08113E-02
  6.50391E-01  5.97294E-02
  6.54297E-01  5.86825E-02
  6.58203E-01  5.76589E-02
  6.62109E-01  5.66640E-02
  6.66016E-01  5.56898E-02
  6.69922E-01  5.47388E-02
  6.73828E-01  5.38126E-02
  6.77734E-01  5.29083E-02
  6.81641E-01  5.20246E-02
  6.85547E-01  5.11580E-02
  6.89453E-01  5.03085E-02
  6.93359E-01  4.94652E-02
  6.97266E-01  4.86300E-02
  7.01172E-01  4.78187E-02
  7.05078E-01  4.70201E-02
  7.08984E-01  4.62571E-02
  7.12891E-01  4.55240E-02
  7.16797E-01  4.48058E-02
  7.20703E-01  4.41040E-02
  7.24609E-01  4.34170E-02
  7.28516E-01  4.27421E-02
  7.32422E-01  4.20781E-02
  7.36328E-01  4.14248E-02
  7.40234E-01  4.07881E-02
  7.44141E-01  4.01616E-02
  7.48047E-01  3.95497E-02
  7.51953E-01  3.89470E-02
  7.55859E-01  3.83614E-02
  7.59766E-01  3.77882E-02
  7.63672E-01  3.72221E-02
  7.67578E-01  3.66689E-02
  7.71484E-01  3.61283E-02
  7.75391E-01  3.55950E-02
  7.79297E-01  3.50725E-02
  7.83203E-01  3.45602E-02
  7.87109E-01  3.40568E-02
  7.91016E-01  3.35648E-02
  7.94922E-01  3.30829E-02
  7.98828E-01  3.26069E-02
  8.02734E-01  3.21440E-02
  8.06641E-01  3.16857E-02
  8.10547E-01  3.12405E-02
  8.14453E-01  3.08027E-02
  8.18359E-01  3.03693E-02
  8.22266E-01  2.99479E-02
  8.26172E-01  2.95331E-02
  8.30078E-01  2.91249E-02
  8.33984E-01  2.87227E-02
  8.37891E-01  2.83295E-02
  8.41797E-01  2.79448E-02
  8.45703E-01  2.75648E-02
  8.49609E-01  2.71924E-02
  8.53516E-01  2.68274E-02
  8.57422E-01  2.64668E-02
  8.61328E-01  2.61177E-02
  8.65234E-01  2.57693E-02
  8.69141E-01  2.54307E-02
  8.73047E-01  2.50940E-02
  8.76953E-01  2.47664E-02
  8.80859E-01  2.44424E-02
  8.84766E-01  2.41251E-02
  8.88672E-01  2.38129E-02
  8.92578E-01  2.35054E-02
  8.96484E-01  2.32028E-02
  9.00391E-01  2.29066E-02
  9.04297E-01  2.26161E-02
  9.08203E-01  2.23291E-02
  9.12109E-01  2.20479E-02
  9.16016E-01  2.17705E-02
  9.19922E-01  2.14981E-02
  9.23828E-01  2.12311E-02
  9.27734E-01  2.09673E-02
  9.31641E-01  2.07068E-02
  9.35547E-01  2.04528E-02
  9.39453E-01  2.02021E-02
  9.43359E-01  1.99545E-02
  9.47266E-01  1.97114E-02
  9.51172E-01  1.94743E-02
  9.55078E-01  1.92404E-02
  9.58984E-01  1.90125E-02
  9.62891E-01  1.87880E-02
  9.66797E-01  1.85689E-02
  9.70703E-01  1.83566E-02
  9.74609E-01  1.81489E-02
  9.78516E-01  1.79488E-02
  9.82422E-01  1.77581E-02
  9.86328E-01  1.75763E-02
  9.90234E-01  1.74092E-02
  9.94141E-01  1.72667E-02
  9.98047E-01  1.71992E-02
  1.00195E+00  1.71992E-02
