 -1.95312E-03  9.22877E+00
  1.95312E-03  9.22877E+00
  5.85938E-03  9.22390E+00
  9.76562E-03  9.21916E+00
  1.36719E-02  9.21385E+00
  1.75781E-02  9.20789E+00
  2.14844E-02  9.20126E+00
  2.53906E-02  9.19394E+00
  2.92969E-02  9.18596E+00
  3.32031E-02  9.17729E+00
  3.71094E-02  9.16796E+00
  4.10156E-02  9.15794E+00
  4.49219E-02  9.14725E+00
  4.88281E-02  9.13589E+00
  5.27344E-02  9.12385E+00
  5.66406E-02  9.11114E+00
  6.05469E-02  9.09776E+00
  6.44531E-02  9.08370E+00
  6.83594E-02  9.06898E+00
  7.22656E-02  9.05359E+00
  7.61719E-02  9.03752E+00
  8.00781E-02  9.02078E+00
  8.39844E-02  9.00336E+00
  8.78906E-02  8.98527E+00
  9.17969E-02  8.96649E+00
  9.57031E-02  8.94703E+00
  9.96094E-02  8.92689E+00
  1.03516E-01  8.90606E+00
  1.07422E-01  8.88455E+00
  1.11328E-01  8.86234E+00
  1.15234E-01  8.83943E+00
  1.19141E-01  8.81583E+00
  1.23047E-01  8.79152E+00
  1.26953E-01  8.76650E+00
  1.30859E-01  8.74076E+00
  1.34766E-01  8.71431E+00
  1.38672E-01  8.68713E+00
  1.42578E-01  8.65922E+00
  1.46484E-01  8.63056E+00
  1.50391E-01  8.60116E+00
  1.54297E-01  8.57100E+00
  1.58203E-01  8.54007E+00
  1.62109E-01  8.50837E+00
  1.66016E-01  8.47589E+00
  1.69922E-01  8.44261E+00
  1.73828E-01  8.40853E+00
  1.77734E-01  8.37363E+00
  1.81641E-01  8.33790E+00
  1.85547E-01  8.30133E+00
  1.89453E-01  8.26391E+00
  1.93359E-01  8.22562E+00
  1.97266E-01  8.18644E+00
  2.01172E-01  8.14637E+00
  2.05078E-01  8.10537E+00
  2.08984E-01  8.06344E+00
  2.12891E-01  8.02056E+00
  2.16797E-01  7.97669E+00
  2.20703E-01  7.93182E+00
  2.24609E-01  7.88594E+00
  2.28516E-01  7.83900E+00
  2.32422E-01  7.79099E+00
  2.36328E-01  7.74188E+00
  2.40234E-01  7.69163E+00
  2.44141E-01  7.64021E+00
  2.48047E-01  7.58760E+00
  2.51953E-01  7.53374E+00
  2.55859E-01  7.47861E+00
  2.59766E-01  7.42216E+00
  2.63672E-01  7.36435E+00
  2.67578E-01  7.30511E+00
  2.71484E-01  7.24441E+00
  2.75391E-01  7.18217E+00
  2.79297E-01  7.11835E+00
  2.83203E-01  7.05286E+00
  2.87109E-01  6.98564E+00
  2.91016E-01  6.91661E+00
  2.94922E-01  6.84567E+00
  2.98828E-01  6.77274E+00
  3.02734E-01  6.69769E+00
  3.06641E-01  6.62042E+00
  3.10547E-01  6.54079E+00
  3.14453E-01  6.45866E+00
  3.18359E-01  6.37386E+00
  3.22266E-01  6.28621E+00
  3.26172E-01  6.19549E+00
  3.30078E-01  6.10147E+00
  3.33984E-01  6.00389E+00
  3.37891E-01  5.90242E+00
  3.41797E-01  5.79670E+00
  3.45703E-01  5.68605E+00
  3.49609E-01  5.56441E+00
  3.53516E-01  5.31282E+00
  3.57422E-01  3.55556E-01
  3.61328E-01  3.19917E-01
  3.65234E-01  3.12410E-01
  3.69141E-01  3.02827E-01
  3.73047E-01  2.93975E-01
  3.76953E-01  2.85134E-01
  3.80859E-01  2.76968E-01
  3.84766E-01  2.68793E-01
  3.88672E-01  2.61240E-01
  3.92578E-01  2.53679E-01
  3.96484E-01  2.46681E-01
  4.00391E-01  2.39679E-01
  4.04297E-01  2.33190E-01
  4.08203E-01  2.26695E-01
  4.12109E-01  2.20670E-01
  4.16016E-01  2.14641E-01
  4.19922E-01  2.09036E-01
  4.23828E-01  2.03423E-01
  4.27734E-01  1.98192E-01
  4.31641E-01  1.92952E-01
  4.35547E-01  1.88076E-01
  4.39453E-01  1.83196E-01
  4.43359E-01  1.78659E-01
  4.47266E-01  1.74122E-01
  4.51172E-01  1.69872E-01
  4.55078E-01  1.65611E-01
  4.58984E-01  1.61635E-01
  4.62891E-01  1.57654E-01
  4.66797E-01  1.53930E-01
  4.70703E-01  1.50205E-01
  4.74609E-01  1.46708E-01
  4.78516E-01  1.43208E-01
  4.82422E-01  1.39915E-01
  4.86328E-01  1.36629E-01
  4.90234E-01  1.33520E-01
  4.94141E-01  1.30425E-01
  4.98047E-01  1.27526E-01
  5.01953E-01  1.24616E-01
  5.05859E-01  1.21881E-01
  5.09766E-01  1.19184E-01
  5.13672E-01  1.16594E-01
  5.17578E-01  1.13989E-01
  5.21484E-01  1.11500E-01
  5.25391E-01  1.09098E-01
  5.29297E-01  1.06735E-01
  5.33203E-01  1.04468E-01
  5.37109E-01  1.02251E-01
  5.41016E-01  1.00171E-01
  5.44922E-01  9.80834E-02
  5.48828E-01  9.60766E-02
  5.52734E-01  9.40907E-02
  5.56641E-01  9.21996E-02
  5.60547E-01  9.03254E-02
  5.64453E-01  8.85366E-02
  5.68359E-01  8.67579E-02
  5.72266E-01  8.50702E-02
  5.76172E-01  8.34160E-02
  5.80078E-01  8.18217E-02
  5.83984E-01  8.02263E-02
  5.87891E-01  7.87017E-02
  5.91797E-01  7.72185E-02
  5.95703E-01  7.57308E-02
  5.99609E-01  7.42593E-02
  6.03516E-01  7.28518E-02
  6.07422E-01  7.14970E-02
  6.11328E-01  7.01656E-02
  6.15234E-01  6.88627E-02
  6.19141E-01  6.76226E-02
  6.23047E-01  6.64481E-02
  6.26953E-01  6.52882E-02
  6.30859E-01  6.41354E-02
  6.34766E-01  6.29842E-02
  6.38672E-01  6.18336E-02
  6.42578E-01  6.07057E-02
  6.46484E-01  5.96195E-02
  6.50391E-01  5.85683E-02
  6.54297E-01  5.75439E-02
  6.58203E-01  5.65416E-02
  6.62109E-01  5.55667E-02
  6.66016E-01  5.46109E-02
  6.69922E-01  5.36810E-02
  6.73828E-01  5.27740E-02
  6.77734E-01  5.18865E-02
  6.81641E-01  5.10171E-02
  6.85547E-01  5.01608E-02
  6.89453E-01  4.93143E-02
  6.93359E-01  4.84748E-02
  6.97266E-01  4.76571E-02
  7.01172E-01  4.68657E-02
  7.05078E-01  4.60972E-02
  7.08984E-01  4.53670E-02
  7.12891E-01  4.46500E-02
  7.16797E-01  4.39446E-02
  7.20703E-01  4.32563E-02
  7.24609E-01  4.25803E-02
  7.28516E-01  4.19152E-02
  7.32422E-01  4.12617E-02
  7.36328E-01  4.06212E-02
  7.40234E-01  3.99966E-02
  7.44141E-01  3.93815E-02
  7.48047E-01  3.87811E-02
  7.51953E-01  3.81913E-02
  7.55859E-01  3.76186E-02
  7.59766E-01  3.70540E-02
  7.63672E-01  3.64982E-02
  7.67578E-01  3.59570E-02
  7.71484E-01  3.54253E-02
  7.75391E-01  3.49012E-02
  7.79297E-01  3.43890E-02
  7.83203E-01  3.38862E-02
  7.87109E-01  3.33929E-02
  7.91016E-01  3.29110E-02
  7.94922E-01  3.24371E-02
  7.98828E-01  3.19708E-02
  8.02734E-01  3.15167E-02
  8.06641E-01  3.10673E-02
  8.10547E-01  3.06317E-02
  8.14453E-01  3.02004E-02
  8.18359E-01  2.97759E-02
  8.22266E-01  2.93633E-02
  8.26172E-01  2.89554E-02
  8.30078E-01  2.85543E-02
  8.33984E-01  2.81603E-02
  8.37891E-01  2.77755E-02
  8.41797E-01  2.73977E-02
  8.45703E-01  2.70247E-02
  8.49609E-01  2.66600E-02
  8.53516E-01  2.63016E-02
  8.57422E-01  2.59489E-02
  8.61328E-01  2.56062E-02
  8.65234E-01  2.52640E-02
  8.69141E-01  2.49319E-02
  8.73047E-01  2.46015E-02
  8.76953E-01  2.42805E-02
  8.80859E-01  2.39625E-02
  8.84766E-01  2.36515E-02
  8.88672E-01  2.33450E-02
  8.92578E-01  2.30433E-02
  8.96484E-01  2.27469E-02
  9.00391E-01  2.24568E-02
  9.04297E-01  2.21717E-02
  9.08203E-01  2.18902E-02
  9.12109E-01  2.16145E-02
  9.16016E-01  2.13423E-02
  9.19922E-01  2.10754E-02
  9.23828E-01  2.08136E-02
  9.27734E-01  2.05545E-02
  9.31641E-01  2.02993E-02
  9.35547E-01  2.00504E-02
  9.39453E-01  1.98042E-02
  9.43359E-01  1.95616E-02
  9.47266E-01  1.93234E-02
  9.51172E-01  1.90912E-02
  9.55078E-01  1.88619E-02
  9.58984E-01  1.86386E-02
  9.62891E-01  1.84185E-02
  9.66797E-01  1.82041E-02
  9.70703E-01  1.79961E-02
  9.74609E-01  1.77926E-02
  9.78516E-01  1.75967E-02
  9.82422E-01  1.74100E-02
  9.86328E-01  1.72318E-02
  9.90234E-01  1.70680E-02
  9.94141E-01  1.69280E-02
  9.98047E-01  1.68618E-02
  1.00195E+00  1.68618E-02
