 -1.95312E-03  9.47817E+00
  1.95312E-03  9.47937E+00
  5.85938E-03  9.47460E+00
  9.76562E-03  9.46991E+00
  1.36719E-02  9.46469E+00
  1.75781E-02  9.45884E+00
  2.14844E-02  9.45235E+00
  2.53906E-02  9.44520E+00
  2.92969E-02  9.43741E+00
  3.32031E-02  9.42896E+00
  3.71094E-02  9.41987E+00
  4.10156E-02  9.41013E+00
  4.49219E-02  9.39975E+00
  4.88281E-02  9.38871E+00
  5.27344E-02  9.37704E+00
  5.66406E-02  9.36471E+00
  6.05469E-02  9.35175E+00
  6.44531E-02  9.33815E+00
  6.83594E-02  9.32390E+00
  7.22656E-02  9.30900E+00
  7.61719E-02  9.29345E+00
  8.00781E-02  9.27726E+00
  8.39844E-02  9.26043E+00
  8.78906E-02  9.24295E+00
  9.17969E-02  9.22482E+00
  9.57031E-02  9.20605E+00
  9.96094E-02  9.18662E+00
  1.03516E-01  9.16654E+00
  1.07422E-01  9.14580E+00
  1.11328E-01  9.12440E+00
  1.15234E-01  9.10234E+00
  1.19141E-01  9.07961E+00
  1.23047E-01  9.05622E+00
  1.26953E-01  9.03214E+00
  1.30859E-01  9.00739E+00
  1.34766E-01  8.98195E+00
  1.38672E-01  8.95583E+00
  1.42578E-01  8.92901E+00
  1.46484E-01  8.90149E+00
  1.50391E-01  8.87327E+00
  1.54297E-01  8.84433E+00
  1.58203E-01  8.81467E+00
  1.62109E-01  8.78428E+00
  1.66016E-01  8.75315E+00
  1.69922E-01  8.72128E+00
  1.73828E-01  8.68866E+00
  1.77734E-01  8.65527E+00
  1.81641E-01  8.62110E+00
  1.85547E-01  8.58615E+00
  1.89453E-01  8.55041E+00
  1.93359E-01  8.51385E+00
  1.97266E-01  8.47646E+00
  2.01172E-01  8.43823E+00
  2.05078E-01  8.39916E+00
  2.08984E-01  8.35921E+00
  2.12891E-01  8.31839E+00
  2.16797E-01  8.27665E+00
  2.20703E-01  8.23400E+00
  2.24609E-01  8.19040E+00
  2.28516E-01  8.14585E+00
  2.32422E-01  8.10032E+00
  2.36328E-01  8.05377E+00
  2.40234E-01  8.00620E+00
  2.44141E-01  7.95757E+00
  2.48047E-01  7.90785E+00
  2.51953E-01  7.85701E+00
  2.55859E-01  7.80502E+00
  2.59766E-01  7.75185E+00
  2.63672E-01  7.69745E+00
  2.67578E-01  7.64179E+00
  2.71484E-01  7.58483E+00
  2.75391E-01  7.52652E+00
  2.79297E-01  7.46681E+00
  2.83203E-01  7.40564E+00
  2.87109E-01  7.34295E+00
  2.91016E-01  7.27869E+00
  2.94922E-01  7.21279E+00
  2.98828E-01  7.14516E+00
  3.02734E-01  7.07573E+00
  3.06641E-01  7.00440E+00
  3.10547E-01  6.93109E+00
  3.14453E-01  6.85567E+00
  3.18359E-01  6.77804E+00
  3.22266E-01  6.69806E+00
  3.26172E-01  6.61558E+00
  3.30078E-01  6.53044E+00
  3.33984E-01  6.44244E+00
  3.37891E-01  6.35138E+00
  3.41797E-01  6.25702E+00
  3.45703E-01  6.15895E+00
  3.49609E-01  6.05306E+00
  3.53516E-01  5.83606E+00
  3.57422E-01  8.53188E-02
  3.61328E-01  8.27179E-02
  3.65234E-01  7.99767E-02
  3.69141E-01  7.74918E-02
  3.73047E-01  7.50679E-02
  3.76953E-01  7.28626E-02
  3.80859E-01  7.06738E-02
  3.84766E-01  6.86917E-02
  3.88672E-01  6.66803E-02
  3.92578E-01  6.47561E-02
  3.96484E-01  6.28855E-02
  4.00391E-01  6.10656E-02
  4.04297E-01  5.93436E-02
  4.08203E-01  5.76272E-02
  4.12109E-01  5.60221E-02
  4.16016E-01  5.44303E-02
  4.19922E-01  5.29628E-02
  4.23828E-01  5.15160E-02
  4.27734E-01  5.01883E-02
  4.31641E-01  4.88652E-02
  4.35547E-01  4.75992E-02
  4.39453E-01  4.63273E-02
  4.43359E-01  4.51090E-02
  4.47266E-01  4.39339E-02
  4.51172E-01  4.28390E-02
  4.55078E-01  4.17552E-02
  4.58984E-01  4.07149E-02
  4.62891E-01  3.97023E-02
  4.66797E-01  3.87284E-02
  4.70703E-01  3.77535E-02
  4.74609E-01  3.68282E-02
  4.78516E-01  3.59472E-02
  4.82422E-01  3.51088E-02
  4.86328E-01  3.42718E-02
  4.90234E-01  3.34587E-02
  4.94141E-01  3.26679E-02
  4.98047E-01  3.19172E-02
  5.01953E-01  3.11826E-02
  5.05859E-01  3.04764E-02
  5.09766E-01  2.97803E-02
  5.13672E-01  2.91167E-02
  5.17578E-01  2.84633E-02
  5.21484E-01  2.78353E-02
  5.25391E-01  2.72154E-02
  5.29297E-01  2.66299E-02
  5.33203E-01  2.60494E-02
  5.37109E-01  2.54922E-02
  5.41016E-01  2.49421E-02
  5.44922E-01  2.44172E-02
  5.48828E-01  2.38975E-02
  5.52734E-01  2.34032E-02
  5.56641E-01  2.29126E-02
  5.60547E-01  2.24442E-02
  5.64453E-01  2.19784E-02
  5.68359E-01  2.15341E-02
  5.72266E-01  2.10962E-02
  5.76172E-01  2.06761E-02
  5.80078E-01  2.02604E-02
  5.83984E-01  1.98600E-02
  5.87891E-01  1.94684E-02
  5.91797E-01  1.90894E-02
  5.95703E-01  1.87182E-02
  5.99609E-01  1.83579E-02
  6.03516E-01  1.80020E-02
  6.07422E-01  1.76621E-02
  6.11328E-01  1.73264E-02
  6.15234E-01  1.70025E-02
  6.19141E-01  1.66818E-02
  6.23047E-01  1.63713E-02
  6.26953E-01  1.60682E-02
  6.30859E-01  1.57765E-02
  6.34766E-01  1.54877E-02
  6.38672E-01  1.52062E-02
  6.42578E-01  1.49295E-02
  6.46484E-01  1.46625E-02
  6.50391E-01  1.44016E-02
  6.54297E-01  1.41471E-02
  6.58203E-01  1.38974E-02
  6.62109E-01  1.36538E-02
  6.66016E-01  1.34168E-02
  6.69922E-01  1.31821E-02
  6.73828E-01  1.29553E-02
  6.77734E-01  1.27338E-02
  6.81641E-01  1.25196E-02
  6.85547E-01  1.23077E-02
  6.89453E-01  1.20991E-02
  6.93359E-01  1.18957E-02
  6.97266E-01  1.16985E-02
  7.01172E-01  1.15056E-02
  7.05078E-01  1.13167E-02
  7.08984E-01  1.11293E-02
  7.12891E-01  1.09478E-02
  7.16797E-01  1.07724E-02
  7.20703E-01  1.05998E-02
  7.24609E-01  1.04297E-02
  7.28516E-01  1.02630E-02
  7.32422E-01  1.01006E-02
  7.36328E-01  9.94068E-03
  7.40234E-01  9.78513E-03
  7.44141E-01  9.63221E-03
  7.48047E-01  9.48236E-03
  7.51953E-01  9.33685E-03
  7.55859E-01  9.19341E-03
  7.59766E-01  9.05225E-03
  7.63672E-01  8.91407E-03
  7.67578E-01  8.77880E-03
  7.71484E-01  8.64851E-03
  7.75391E-01  8.51915E-03
  7.79297E-01  8.39072E-03
  7.83203E-01  8.26595E-03
  7.87109E-01  8.14508E-03
  7.91016E-01  8.02485E-03
  7.94922E-01  7.90732E-03
  7.98828E-01  7.79236E-03
  8.02734E-01  7.67944E-03
  8.06641E-01  7.56955E-03
  8.10547E-01  7.46080E-03
  8.14453E-01  7.35359E-03
  8.18359E-01  7.24968E-03
  8.22266E-01  7.14807E-03
  8.26172E-01  7.04767E-03
  8.30078E-01  6.94835E-03
  8.33984E-01  6.85178E-03
  8.37891E-01  6.75687E-03
  8.41797E-01  6.66315E-03
  8.45703E-01  6.57330E-03
  8.49609E-01  6.48358E-03
  8.53516E-01  6.39449E-03
  8.57422E-01  6.30848E-03
  8.61328E-01  6.22464E-03
  8.65234E-01  6.14124E-03
  8.69141E-01  6.05927E-03
  8.73047E-01  5.97954E-03
  8.76953E-01  5.90073E-03
  8.80859E-01  5.82320E-03
  8.84766E-01  5.74721E-03
  8.88672E-01  5.67257E-03
  8.92578E-01  5.59958E-03
  8.96484E-01  5.52819E-03
  9.00391E-01  5.45734E-03
  9.04297E-01  5.38834E-03
  9.08203E-01  5.32071E-03
  9.12109E-01  5.25425E-03
  9.16016E-01  5.18781E-03
  9.19922E-01  5.12358E-03
  9.23828E-01  5.06095E-03
  9.27734E-01  4.99920E-03
  9.31641E-01  4.93801E-03
  9.35547E-01  4.87860E-03
  9.39453E-01  4.81991E-03
  9.43359E-01  4.76256E-03
  9.47266E-01  4.70601E-03
  9.51172E-01  4.65119E-03
  9.55078E-01  4.59712E-03
  9.58984E-01  4.54367E-03
  9.62891E-01  4.49227E-03
  9.66797E-01  4.44070E-03
  9.70703E-01  4.39095E-03
  9.74609E-01  4.34225E-03
  9.78516E-01  4.29504E-03
  9.82422E-01  4.24959E-03
  9.86328E-01  4.20504E-03
  9.90234E-01  4.16370E-03
  9.94141E-01  4.12909E-03
  9.98047E-01  4.11283E-03
  1.00195E+00  4.11283E-03
