 -1.95312E-03  9.35498E+00
  1.95312E-03  9.35569E+00
  5.85938E-03  9.35096E+00
  9.76562E-03  9.34624E+00
  1.36719E-02  9.34097E+00
  1.75781E-02  9.33507E+00
  2.14844E-02  9.32851E+00
  2.53906E-02  9.32129E+00
  2.92969E-02  9.31340E+00
  3.32031E-02  9.30486E+00
  3.71094E-02  9.29565E+00
  4.10156E-02  9.28578E+00
  4.49219E-02  9.27525E+00
  4.88281E-02  9.26406E+00
  5.27344E-02  9.25222E+00
  5.66406E-02  9.23972E+00
  6.05469E-02  9.22656E+00
  6.44531E-02  9.21274E+00
  6.83594E-02  9.19826E+00
  7.22656E-02  9.18312E+00
  7.61719E-02  9.16733E+00
  8.00781E-02  9.15088E+00
  8.39844E-02  9.13377E+00
  8.78906E-02  9.11599E+00
  9.17969E-02  9.09756E+00
  9.57031E-02  9.07845E+00
  9.96094E-02  9.05869E+00
  1.03516E-01  9.03825E+00
  1.07422E-01  9.01715E+00
  1.11328E-01  8.99536E+00
  1.15234E-01  8.97290E+00
  1.19141E-01  8.94975E+00
  1.23047E-01  8.92592E+00
  1.26953E-01  8.90138E+00
  1.30859E-01  8.87616E+00
  1.34766E-01  8.85022E+00
  1.38672E-01  8.82359E+00
  1.42578E-01  8.79623E+00
  1.46484E-01  8.76815E+00
  1.50391E-01  8.73935E+00
  1.54297E-01  8.70982E+00
  1.58203E-01  8.67954E+00
  1.62109E-01  8.64852E+00
  1.66016E-01  8.61673E+00
  1.69922E-01  8.58418E+00
  1.73828E-01  8.55085E+00
  1.77734E-01  8.51673E+00
  1.81641E-01  8.48181E+00
  1.85547E-01  8.44609E+00
  1.89453E-01  8.40954E+00
  1.93359E-01  8.37216E+00
  1.97266E-01  8.33392E+00
  2.01172E-01  8.29482E+00
  2.05078E-01  8.25484E+00
  2.08984E-01  8.21395E+00
  2.12891E-01  8.17214E+00
  2.16797E-01  8.12940E+00
  2.20703E-01  8.08570E+00
  2.24609E-01  8.04102E+00
  2.28516E-01  7.99535E+00
  2.32422E-01  7.94864E+00
  2.36328E-01  7.90089E+00
  2.40234E-01  7.85206E+00
  2.44141E-01  7.80212E+00
  2.48047E-01  7.75105E+00
  2.51953E-01  7.69879E+00
  2.55859E-01  7.64533E+00
  2.59766E-01  7.59062E+00
  2.63672E-01  7.53462E+00
  2.67578E-01  7.47728E+00
  2.71484E-01  7.41857E+00
  2.75391E-01  7.35841E+00
  2.79297E-01  7.29677E+00
  2.83203E-01  7.23357E+00
  2.87109E-01  7.16877E+00
  2.91016E-01  7.10227E+00
  2.94922E-01  7.03402E+00
  2.98828E-01  6.96391E+00
  3.02734E-01  6.89187E+00
  3.06641E-01  6.81778E+00
  3.10547E-01  6.74153E+00
  3.14453E-01  6.66301E+00
  3.18359E-01  6.58206E+00
  3.22266E-01  6.49854E+00
  3.26172E-01  6.41226E+00
  3.30078E-01  6.32305E+00
  3.33984E-01  6.23067E+00
  3.37891E-01  6.13486E+00
  3.41797E-01  6.03534E+00
  3.45703E-01  5.93157E+00
  3.49609E-01  5.81866E+00
  3.53516E-01  5.58629E+00
  3.57422E-01  2.12854E-01
  3.61328E-01  2.00445E-01
  3.65234E-01  1.95724E-01
  3.69141E-01  1.89602E-01
  3.73047E-01  1.83967E-01
  3.76953E-01  1.78326E-01
  3.80859E-01  1.73139E-01
  3.84766E-01  1.67942E-01
  3.88672E-01  1.63149E-01
  3.92578E-01  1.58351E-01
  3.96484E-01  1.53902E-01
  4.00391E-01  1.49442E-01
  4.04297E-01  1.45297E-01
  4.08203E-01  1.41159E-01
  4.12109E-01  1.37327E-01
  4.16016E-01  1.33495E-01
  4.19922E-01  1.29959E-01
  4.23828E-01  1.26440E-01
  4.27734E-01  1.23156E-01
  4.31641E-01  1.19879E-01
  4.35547E-01  1.16807E-01
  4.39453E-01  1.13731E-01
  4.43359E-01  1.10860E-01
  4.47266E-01  1.08021E-01
  4.51172E-01  1.05348E-01
  4.55078E-01  1.02691E-01
  4.58984E-01  1.00210E-01
  4.62891E-01  9.77333E-02
  4.66797E-01  9.54070E-02
  4.70703E-01  9.30720E-02
  4.74609E-01  9.08697E-02
  4.78516E-01  8.86696E-02
  4.82422E-01  8.65787E-02
  4.86328E-01  8.45017E-02
  4.90234E-01  8.25623E-02
  4.94141E-01  8.06376E-02
  4.98047E-01  7.88255E-02
  5.01953E-01  7.70336E-02
  5.05859E-01  7.53822E-02
  5.09766E-01  7.37483E-02
  5.13672E-01  7.21754E-02
  5.17578E-01  7.05941E-02
  5.21484E-01  6.90599E-02
  5.25391E-01  6.75257E-02
  5.29297E-01  6.60231E-02
  5.33203E-01  6.45189E-02
  5.37109E-01  6.30641E-02
  5.41016E-01  6.16709E-02
  5.44922E-01  6.03857E-02
  5.48828E-01  5.91816E-02
  5.52734E-01  5.79943E-02
  5.56641E-01  5.67951E-02
  5.60547E-01  5.56012E-02
  5.64453E-01  5.44326E-02
  5.68359E-01  5.33066E-02
  5.72266E-01  5.22188E-02
  5.76172E-01  5.11474E-02
  5.80078E-01  5.00791E-02
  5.83984E-01  4.90348E-02
  5.87891E-01  4.80525E-02
  5.91797E-01  4.71537E-02
  5.95703E-01  4.63239E-02
  5.99609E-01  4.54967E-02
  6.03516E-01  4.46597E-02
  6.07422E-01  4.38226E-02
  6.11328E-01  4.29942E-02
  6.15234E-01  4.21844E-02
  6.19141E-01  4.14005E-02
  6.23047E-01  4.06435E-02
  6.26953E-01  3.99036E-02
  6.30859E-01  3.91769E-02
  6.34766E-01  3.84668E-02
  6.38672E-01  3.77751E-02
  6.42578E-01  3.71015E-02
  6.46484E-01  3.64407E-02
  6.50391E-01  3.57972E-02
  6.54297E-01  3.51717E-02
  6.58203E-01  3.45595E-02
  6.62109E-01  3.39601E-02
  6.66016E-01  3.33740E-02
  6.69922E-01  3.28046E-02
  6.73828E-01  3.22454E-02
  6.77734E-01  3.16959E-02
  6.81641E-01  3.11624E-02
  6.85547E-01  3.06394E-02
  6.89453E-01  3.01277E-02
  6.93359E-01  2.96277E-02
  6.97266E-01  2.91389E-02
  7.01172E-01  2.86596E-02
  7.05078E-01  2.81926E-02
  7.08984E-01  2.77357E-02
  7.12891E-01  2.72889E-02
  7.16797E-01  2.68492E-02
  7.20703E-01  2.64190E-02
  7.24609E-01  2.60032E-02
  7.28516E-01  2.55919E-02
  7.32422E-01  2.51872E-02
  7.36328E-01  2.47928E-02
  7.40234E-01  2.44098E-02
  7.44141E-01  2.40320E-02
  7.48047E-01  2.36603E-02
  7.51953E-01  2.32965E-02
  7.55859E-01  2.29424E-02
  7.59766E-01  2.25915E-02
  7.63672E-01  2.22532E-02
  7.67578E-01  2.19183E-02
  7.71484E-01  2.15881E-02
  7.75391E-01  2.12697E-02
  7.79297E-01  2.09546E-02
  7.83203E-01  2.06447E-02
  7.87109E-01  2.03439E-02
  7.91016E-01  2.00462E-02
  7.94922E-01  1.97567E-02
  7.98828E-01  1.94690E-02
  8.02734E-01  1.91900E-02
  8.06641E-01  1.89170E-02
  8.10547E-01  1.86467E-02
  8.14453E-01  1.83810E-02
  8.18359E-01  1.81222E-02
  8.22266E-01  1.78652E-02
  8.26172E-01  1.76173E-02
  8.30078E-01  1.73723E-02
  8.33984E-01  1.71310E-02
  8.37891E-01  1.68934E-02
  8.41797E-01  1.66629E-02
  8.45703E-01  1.64344E-02
  8.49609E-01  1.62095E-02
  8.53516E-01  1.59913E-02
  8.57422E-01  1.57761E-02
  8.61328E-01  1.55634E-02
  8.65234E-01  1.53570E-02
  8.69141E-01  1.51510E-02
  8.73047E-01  1.49514E-02
  8.76953E-01  1.47538E-02
  8.80859E-01  1.45589E-02
  8.84766E-01  1.43699E-02
  8.88672E-01  1.41828E-02
  8.92578E-01  1.39981E-02
  8.96484E-01  1.38178E-02
  9.00391E-01  1.36398E-02
  9.04297E-01  1.34647E-02
  9.08203E-01  1.32943E-02
  9.12109E-01  1.31241E-02
  9.16016E-01  1.29601E-02
  9.19922E-01  1.27961E-02
  9.23828E-01  1.26365E-02
  9.27734E-01  1.24786E-02
  9.31641E-01  1.23254E-02
  9.35547E-01  1.21750E-02
  9.39453E-01  1.20258E-02
  9.43359E-01  1.18799E-02
  9.47266E-01  1.17371E-02
  9.51172E-01  1.15974E-02
  9.55078E-01  1.14601E-02
  9.58984E-01  1.13262E-02
  9.62891E-01  1.11951E-02
  9.66797E-01  1.10675E-02
  9.70703E-01  1.09421E-02
  9.74609E-01  1.08220E-02
  9.78516E-01  1.07052E-02
  9.82422E-01  1.05919E-02
  9.86328E-01  1.04840E-02
  9.90234E-01  1.03826E-02
  9.94141E-01  1.02958E-02
  9.98047E-01  1.02553E-02
  1.00195E+00  1.02553E-02
