 -1.95312E-03  9.33806E+00
  1.95312E-03  9.33877E+00
  5.85938E-03  9.33403E+00
  9.76562E-03  9.32931E+00
  1.36719E-02  9.32403E+00
  1.75781E-02  9.31812E+00
  2.14844E-02  9.31155E+00
  2.53906E-02  9.30432E+00
  2.92969E-02  9.29642E+00
  3.32031E-02  9.28786E+00
  3.71094E-02  9.27863E+00
  4.10156E-02  9.26875E+00
  4.49219E-02  9.25820E+00
  4.88281E-02  9.24699E+00
  5.27344E-02  9.23512E+00
  5.66406E-02  9.22259E+00
  6.05469E-02  9.20939E+00
  6.44531E-02  9.19555E+00
  6.83594E-02  9.18104E+00
  7.22656E-02  9.16587E+00
  7.61719E-02  9.15004E+00
  8.00781E-02  9.13356E+00
  8.39844E-02  9.11641E+00
  8.78906E-02  9.09859E+00
  9.17969E-02  9.08011E+00
  9.57031E-02  9.06097E+00
  9.96094E-02  9.04115E+00
  1.03516E-01  9.02067E+00
  1.07422E-01  8.99952E+00
  1.11328E-01  8.97768E+00
  1.15234E-01  8.95517E+00
  1.19141E-01  8.93196E+00
  1.23047E-01  8.90807E+00
  1.26953E-01  8.88349E+00
  1.30859E-01  8.85821E+00
  1.34766E-01  8.83222E+00
  1.38672E-01  8.80553E+00
  1.42578E-01  8.77811E+00
  1.46484E-01  8.74997E+00
  1.50391E-01  8.72111E+00
  1.54297E-01  8.69150E+00
  1.58203E-01  8.66116E+00
  1.62109E-01  8.63005E+00
  1.66016E-01  8.59819E+00
  1.69922E-01  8.56555E+00
  1.73828E-01  8.53213E+00
  1.77734E-01  8.49792E+00
  1.81641E-01  8.46290E+00
  1.85547E-01  8.42707E+00
  1.89453E-01  8.39041E+00
  1.93359E-01  8.35290E+00
  1.97266E-01  8.31454E+00
  2.01172E-01  8.27530E+00
  2.05078E-01  8.23517E+00
  2.08984E-01  8.19415E+00
  2.12891E-01  8.15220E+00
  2.16797E-01  8.10930E+00
  2.20703E-01  8.06545E+00
  2.24609E-01  8.02061E+00
  2.28516E-01  7.97476E+00
  2.32422E-01  7.92788E+00
  2.36328E-01  7.87995E+00
  2.40234E-01  7.83093E+00
  2.44141E-01  7.78079E+00
  2.48047E-01  7.72951E+00
  2.51953E-01  7.67704E+00
  2.55859E-01  7.62336E+00
  2.59766E-01  7.56842E+00
  2.63672E-01  7.51219E+00
  2.67578E-01  7.45460E+00
  2.71484E-01  7.39563E+00
  2.75391E-01  7.33522E+00
  2.79297E-01  7.27330E+00
  2.83203E-01  7.20981E+00
  2.87109E-01  7.14470E+00
  2.91016E-01  7.07789E+00
  2.94922E-01  7.00930E+00
  2.98828E-01  6.93884E+00
  3.02734E-01  6.86642E+00
  3.06641E-01  6.79193E+00
  3.10547E-01  6.71526E+00
  3.14453E-01  6.63629E+00
  3.18359E-01  6.55485E+00
  3.22266E-01  6.47081E+00
  3.26172E-01  6.38399E+00
  3.30078E-01  6.29418E+00
  3.33984E-01  6.20115E+00
  3.37891E-01  6.10464E+00
  3.41797E-01  6.00435E+00
  3.45703E-01  5.89974E+00
  3.49609E-01  5.78577E+00
  3.53516E-01  5.55108E+00
  3.57422E-01  2.30884E-01
  3.61328E-01  2.16350E-01
  3.65234E-01  2.11275E-01
  3.69141E-01  2.04697E-01
  3.73047E-01  1.98632E-01
  3.76953E-01  1.92562E-01
  3.80859E-01  1.86968E-01
  3.84766E-01  1.81361E-01
  3.88672E-01  1.76189E-01
  3.92578E-01  1.71010E-01
  3.96484E-01  1.66225E-01
  4.00391E-01  1.61430E-01
  4.04297E-01  1.57004E-01
  4.08203E-01  1.52574E-01
  4.12109E-01  1.48456E-01
  4.16016E-01  1.44332E-01
  4.19922E-01  1.40485E-01
  4.23828E-01  1.36637E-01
  4.27734E-01  1.33048E-01
  4.31641E-01  1.29470E-01
  4.35547E-01  1.26152E-01
  4.39453E-01  1.22831E-01
  4.43359E-01  1.19777E-01
  4.47266E-01  1.16715E-01
  4.51172E-01  1.13821E-01
  4.55078E-01  1.10935E-01
  4.58984E-01  1.08240E-01
  4.62891E-01  1.05537E-01
  4.66797E-01  1.03012E-01
  4.70703E-01  1.00505E-01
  4.74609E-01  9.81466E-02
  4.78516E-01  9.58081E-02
  4.82422E-01  9.36087E-02
  4.86328E-01  9.14058E-02
  4.90234E-01  8.93235E-02
  4.94141E-01  8.72338E-02
  4.98047E-01  8.52453E-02
  5.01953E-01  8.32745E-02
  5.05859E-01  8.14161E-02
  5.09766E-01  7.95613E-02
  5.13672E-01  7.78070E-02
  5.17578E-01  7.60787E-02
  5.21484E-01  7.44836E-02
  5.25391E-01  7.29167E-02
  5.29297E-01  7.14269E-02
  5.33203E-01  6.99280E-02
  5.37109E-01  6.84762E-02
  5.41016E-01  6.70225E-02
  5.44922E-01  6.55832E-02
  5.48828E-01  6.41411E-02
  5.52734E-01  6.27324E-02
  5.56641E-01  6.13681E-02
  5.60547E-01  6.01046E-02
  5.64453E-01  5.89247E-02
  5.68359E-01  5.77859E-02
  5.72266E-01  5.66380E-02
  5.76172E-01  5.54928E-02
  5.80078E-01  5.43656E-02
  5.83984E-01  5.32774E-02
  5.87891E-01  5.22260E-02
  5.91797E-01  5.11941E-02
  5.95703E-01  5.01618E-02
  5.99609E-01  4.91423E-02
  6.03516E-01  4.81663E-02
  6.07422E-01  4.72571E-02
  6.11328E-01  4.64137E-02
  6.15234E-01  4.56076E-02
  6.19141E-01  4.48002E-02
  6.23047E-01  4.39910E-02
  6.26953E-01  4.31880E-02
  6.30859E-01  4.23989E-02
  6.34766E-01  4.16343E-02
  6.38672E-01  4.08905E-02
  6.42578E-01  4.01609E-02
  6.46484E-01  3.94490E-02
  6.50391E-01  3.87541E-02
  6.54297E-01  3.80749E-02
  6.58203E-01  3.74091E-02
  6.62109E-01  3.67595E-02
  6.66016E-01  3.61296E-02
  6.69922E-01  3.55104E-02
  6.73828E-01  3.49055E-02
  6.77734E-01  3.43165E-02
  6.81641E-01  3.37403E-02
  6.85547E-01  3.31751E-02
  6.89453E-01  3.26232E-02
  6.93359E-01  3.20822E-02
  6.97266E-01  3.15535E-02
  7.01172E-01  3.10363E-02
  7.05078E-01  3.05299E-02
  7.08984E-01  3.00355E-02
  7.12891E-01  2.95481E-02
  7.16797E-01  2.90754E-02
  7.20703E-01  2.86138E-02
  7.24609E-01  2.81586E-02
  7.28516E-01  2.77115E-02
  7.32422E-01  2.72786E-02
  7.36328E-01  2.68541E-02
  7.40234E-01  2.64363E-02
  7.44141E-01  2.60243E-02
  7.48047E-01  2.56273E-02
  7.51953E-01  2.52343E-02
  7.55859E-01  2.48500E-02
  7.59766E-01  2.44752E-02
  7.63672E-01  2.41025E-02
  7.67578E-01  2.37410E-02
  7.71484E-01  2.33884E-02
  7.75391E-01  2.30382E-02
  7.79297E-01  2.26988E-02
  7.83203E-01  2.23637E-02
  7.87109E-01  2.20375E-02
  7.91016E-01  2.17153E-02
  7.94922E-01  2.14004E-02
  7.98828E-01  2.10934E-02
  8.02734E-01  2.07900E-02
  8.06641E-01  2.04908E-02
  8.10547E-01  2.02015E-02
  8.14453E-01  1.99144E-02
  8.18359E-01  1.96350E-02
  8.22266E-01  1.93591E-02
  8.26172E-01  1.90873E-02
  8.30078E-01  1.88205E-02
  8.33984E-01  1.85617E-02
  8.37891E-01  1.83058E-02
  8.41797E-01  1.80531E-02
  8.45703E-01  1.78076E-02
  8.49609E-01  1.75656E-02
  8.53516E-01  1.73258E-02
  8.57422E-01  1.70940E-02
  8.61328E-01  1.68634E-02
  8.65234E-01  1.66395E-02
  8.69141E-01  1.64183E-02
  8.73047E-01  1.62003E-02
  8.76953E-01  1.59881E-02
  8.80859E-01  1.57775E-02
  8.84766E-01  1.55704E-02
  8.88672E-01  1.53689E-02
  8.92578E-01  1.51697E-02
  8.96484E-01  1.49737E-02
  9.00391E-01  1.47821E-02
  9.04297E-01  1.45912E-02
  9.08203E-01  1.44070E-02
  9.12109E-01  1.42227E-02
  9.16016E-01  1.40441E-02
  9.19922E-01  1.38672E-02
  9.23828E-01  1.36943E-02
  9.27734E-01  1.35231E-02
  9.31641E-01  1.33553E-02
  9.35547E-01  1.31924E-02
  9.39453E-01  1.30315E-02
  9.43359E-01  1.28730E-02
  9.47266E-01  1.27176E-02
  9.51172E-01  1.25660E-02
  9.55078E-01  1.24169E-02
  9.58984E-01  1.22714E-02
  9.62891E-01  1.21288E-02
  9.66797E-01  1.19906E-02
  9.70703E-01  1.18544E-02
  9.74609E-01  1.17235E-02
  9.78516E-01  1.15971E-02
  9.82422E-01  1.14745E-02
  9.86328E-01  1.13576E-02
  9.90234E-01  1.12482E-02
  9.94141E-01  1.11542E-02
  9.98047E-01  1.11104E-02
  1.00195E+00  1.11104E-02
