 -1.95312E-03  9.46734E+00
  1.95312E-03  9.46854E+00
  5.85938E-03  9.46377E+00
  9.76562E-03  9.45909E+00
  1.36719E-02  9.45385E+00
  1.75781E-02  9.44800E+00
  2.14844E-02  9.44150E+00
  2.53906E-02  9.43435E+00
  2.92969E-02  9.42655E+00
  3.32031E-02  9.41810E+00
  3.71094E-02  9.40900E+00
  4.10156E-02  9.39925E+00
  4.49219E-02  9.38886E+00
  4.88281E-02  9.37782E+00
  5.27344E-02  9.36613E+00
  5.66406E-02  9.35379E+00
  6.05469E-02  9.34081E+00
  6.44531E-02  9.32719E+00
  6.83594E-02  9.31292E+00
  7.22656E-02  9.29801E+00
  7.61719E-02  9.28245E+00
  8.00781E-02  9.26625E+00
  8.39844E-02  9.24940E+00
  8.78906E-02  9.23190E+00
  9.17969E-02  9.21376E+00
  9.57031E-02  9.19496E+00
  9.96094E-02  9.17551E+00
  1.03516E-01  9.15540E+00
  1.07422E-01  9.13463E+00
  1.11328E-01  9.11320E+00
  1.15234E-01  9.09111E+00
  1.19141E-01  9.06835E+00
  1.23047E-01  9.04492E+00
  1.26953E-01  9.02081E+00
  1.30859E-01  8.99601E+00
  1.34766E-01  8.97054E+00
  1.38672E-01  8.94437E+00
  1.42578E-01  8.91751E+00
  1.46484E-01  8.88994E+00
  1.50391E-01  8.86167E+00
  1.54297E-01  8.83268E+00
  1.58203E-01  8.80297E+00
  1.62109E-01  8.77253E+00
  1.66016E-01  8.74135E+00
  1.69922E-01  8.70942E+00
  1.73828E-01  8.67673E+00
  1.77734E-01  8.64328E+00
  1.81641E-01  8.60905E+00
  1.85547E-01  8.57403E+00
  1.89453E-01  8.53821E+00
  1.93359E-01  8.50158E+00
  1.97266E-01  8.46412E+00
  2.01172E-01  8.42583E+00
  2.05078E-01  8.38668E+00
  2.08984E-01  8.34667E+00
  2.12891E-01  8.30576E+00
  2.16797E-01  8.26396E+00
  2.20703E-01  8.22123E+00
  2.24609E-01  8.17755E+00
  2.28516E-01  8.13291E+00
  2.32422E-01  8.08729E+00
  2.36328E-01  8.04066E+00
  2.40234E-01  7.99299E+00
  2.44141E-01  7.94426E+00
  2.48047E-01  7.89444E+00
  2.51953E-01  7.84349E+00
  2.55859E-01  7.79139E+00
  2.59766E-01  7.73809E+00
  2.63672E-01  7.68357E+00
  2.67578E-01  7.62778E+00
  2.71484E-01  7.57068E+00
  2.75391E-01  7.51222E+00
  2.79297E-01  7.45235E+00
  2.83203E-01  7.39101E+00
  2.87109E-01  7.32816E+00
  2.91016E-01  7.26372E+00
  2.94922E-01  7.19762E+00
  2.98828E-01  7.12980E+00
  3.02734E-01  7.06016E+00
  3.06641E-01  6.98861E+00
  3.10547E-01  6.91507E+00
  3.14453E-01  6.83941E+00
  3.18359E-01  6.76152E+00
  3.22266E-01  6.68127E+00
  3.26172E-01  6.59850E+00
  3.30078E-01  6.51304E+00
  3.33984E-01  6.42471E+00
  3.37891E-01  6.33329E+00
  3.41797E-01  6.23853E+00
  3.45703E-01  6.14002E+00
  3.49609E-01  6.03359E+00
  3.53516E-01  5.81541E+00
  3.57422E-01  9.62688E-02
  3.61328E-01  9.32526E-02
  3.65234E-01  9.02974E-02
  3.69141E-01  8.75138E-02
  3.73047E-01  8.48297E-02
  3.76953E-01  8.21714E-02
  3.80859E-01  7.96705E-02
  3.84766E-01  7.71713E-02
  3.88672E-01  7.48528E-02
  3.92578E-01  7.25568E-02
  3.96484E-01  7.04458E-02
  4.00391E-01  6.83919E-02
  4.04297E-01  6.65108E-02
  4.08203E-01  6.46294E-02
  4.12109E-01  6.29148E-02
  4.16016E-01  6.11990E-02
  4.19922E-01  5.95865E-02
  4.23828E-01  5.79673E-02
  4.27734E-01  5.64377E-02
  4.31641E-01  5.49084E-02
  4.35547E-01  5.34593E-02
  4.39453E-01  5.20146E-02
  4.43359E-01  5.06665E-02
  4.47266E-01  4.93639E-02
  4.51172E-01  4.81717E-02
  4.55078E-01  4.69743E-02
  4.58984E-01  4.58005E-02
  4.62891E-01  4.46384E-02
  4.66797E-01  4.35405E-02
  4.70703E-01  4.24636E-02
  4.74609E-01  4.14274E-02
  4.78516E-01  4.04219E-02
  4.82422E-01  3.94909E-02
  4.86328E-01  3.85620E-02
  4.90234E-01  3.76510E-02
  4.94141E-01  3.67511E-02
  4.98047E-01  3.58993E-02
  5.01953E-01  3.50747E-02
  5.05859E-01  3.42881E-02
  5.09766E-01  3.35072E-02
  5.13672E-01  3.27554E-02
  5.17578E-01  3.20207E-02
  5.21484E-01  3.13160E-02
  5.25391E-01  3.06208E-02
  5.29297E-01  2.99593E-02
  5.33203E-01  2.93090E-02
  5.37109E-01  2.86840E-02
  5.41016E-01  2.80668E-02
  5.44922E-01  2.74738E-02
  5.48828E-01  2.68929E-02
  5.52734E-01  2.63337E-02
  5.56641E-01  2.57864E-02
  5.60547E-01  2.52567E-02
  5.64453E-01  2.47378E-02
  5.68359E-01  2.42344E-02
  5.72266E-01  2.37434E-02
  5.76172E-01  2.32706E-02
  5.80078E-01  2.28040E-02
  5.83984E-01  2.23543E-02
  5.87891E-01  2.19114E-02
  5.91797E-01  2.14845E-02
  5.95703E-01  2.10672E-02
  5.99609E-01  2.06614E-02
  6.03516E-01  2.02628E-02
  6.07422E-01  1.98778E-02
  6.11328E-01  1.95012E-02
  6.15234E-01  1.91366E-02
  6.19141E-01  1.87782E-02
  6.23047E-01  1.84283E-02
  6.26953E-01  1.80876E-02
  6.30859E-01  1.77576E-02
  6.34766E-01  1.74349E-02
  6.38672E-01  1.71172E-02
  6.42578E-01  1.68079E-02
  6.46484E-01  1.65056E-02
  6.50391E-01  1.62145E-02
  6.54297E-01  1.59275E-02
  6.58203E-01  1.56468E-02
  6.62109E-01  1.53720E-02
  6.66016E-01  1.51046E-02
  6.69922E-01  1.48429E-02
  6.73828E-01  1.45872E-02
  6.77734E-01  1.43381E-02
  6.81641E-01  1.40961E-02
  6.85547E-01  1.38566E-02
  6.89453E-01  1.36220E-02
  6.93359E-01  1.33931E-02
  6.97266E-01  1.31710E-02
  7.01172E-01  1.29554E-02
  7.05078E-01  1.27421E-02
  7.08984E-01  1.25321E-02
  7.12891E-01  1.23278E-02
  7.16797E-01  1.21303E-02
  7.20703E-01  1.19348E-02
  7.24609E-01  1.17424E-02
  7.28516E-01  1.15550E-02
  7.32422E-01  1.13717E-02
  7.36328E-01  1.11936E-02
  7.40234E-01  1.10189E-02
  7.44141E-01  1.08466E-02
  7.48047E-01  1.06789E-02
  7.51953E-01  1.05137E-02
  7.55859E-01  1.03524E-02
  7.59766E-01  1.01936E-02
  7.63672E-01  1.00382E-02
  7.67578E-01  9.88736E-03
  7.71484E-01  9.73974E-03
  7.75391E-01  9.59191E-03
  7.79297E-01  9.44831E-03
  7.83203E-01  9.30966E-03
  7.87109E-01  9.17243E-03
  7.91016E-01  9.03771E-03
  7.94922E-01  8.90541E-03
  7.98828E-01  8.77584E-03
  8.02734E-01  8.64940E-03
  8.06641E-01  8.52437E-03
  8.10547E-01  8.40160E-03
  8.14453E-01  8.28203E-03
  8.18359E-01  8.16525E-03
  8.22266E-01  8.04945E-03
  8.26172E-01  7.93537E-03
  8.30078E-01  7.82547E-03
  8.33984E-01  7.71624E-03
  8.37891E-01  7.60952E-03
  8.41797E-01  7.50538E-03
  8.45703E-01  7.40129E-03
  8.49609E-01  7.29952E-03
  8.53516E-01  7.20150E-03
  8.57422E-01  7.10457E-03
  8.61328E-01  7.00812E-03
  8.65234E-01  6.91455E-03
  8.69141E-01  6.82289E-03
  8.73047E-01  6.73245E-03
  8.76953E-01  6.64389E-03
  8.80859E-01  6.55696E-03
  8.84766E-01  6.47141E-03
  8.88672E-01  6.38758E-03
  8.92578E-01  6.30449E-03
  8.96484E-01  6.22356E-03
  9.00391E-01  6.14414E-03
  9.04297E-01  6.06652E-03
  9.08203E-01  5.98906E-03
  9.12109E-01  5.91466E-03
  9.16016E-01  5.84131E-03
  9.19922E-01  5.76833E-03
  9.23828E-01  5.69657E-03
  9.27734E-01  5.62727E-03
  9.31641E-01  5.55872E-03
  9.35547E-01  5.49158E-03
  9.39453E-01  5.42545E-03
  9.43359E-01  5.36097E-03
  9.47266E-01  5.29721E-03
  9.51172E-01  5.23495E-03
  9.55078E-01  5.17460E-03
  9.58984E-01  5.11423E-03
  9.62891E-01  5.05643E-03
  9.66797E-01  4.99887E-03
  9.70703E-01  4.94271E-03
  9.74609E-01  4.88793E-03
  9.78516E-01  4.83467E-03
  9.82422E-01  4.78370E-03
  9.86328E-01  4.73376E-03
  9.90234E-01  4.68710E-03
  9.94141E-01  4.64812E-03
  9.98047E-01  4.62983E-03
  1.00195E+00  4.62983E-03
