 -1.95312E-03  9.48773E+00
  1.95312E-03  9.48894E+00
  5.85938E-03  9.48417E+00
  9.76562E-03  9.47949E+00
  1.36719E-02  9.47426E+00
  1.75781E-02  9.46842E+00
  2.14844E-02  9.46193E+00
  2.53906E-02  9.45479E+00
  2.92969E-02  9.44700E+00
  3.32031E-02  9.43857E+00
  3.71094E-02  9.42949E+00
  4.10156E-02  9.41976E+00
  4.49219E-02  9.40938E+00
  4.88281E-02  9.39836E+00
  5.27344E-02  9.38670E+00
  5.66406E-02  9.37439E+00
  6.05469E-02  9.36144E+00
  6.44531E-02  9.34785E+00
  6.83594E-02  9.33362E+00
  7.22656E-02  9.31874E+00
  7.61719E-02  9.30322E+00
  8.00781E-02  9.28705E+00
  8.39844E-02  9.27024E+00
  8.78906E-02  9.25279E+00
  9.17969E-02  9.23469E+00
  9.57031E-02  9.21593E+00
  9.96094E-02  9.19653E+00
  1.03516E-01  9.17648E+00
  1.07422E-01  9.15576E+00
  1.11328E-01  9.13440E+00
  1.15234E-01  9.11236E+00
  1.19141E-01  9.08967E+00
  1.23047E-01  9.06630E+00
  1.26953E-01  9.04226E+00
  1.30859E-01  9.01754E+00
  1.34766E-01  8.99214E+00
  1.38672E-01  8.96605E+00
  1.42578E-01  8.93927E+00
  1.46484E-01  8.91179E+00
  1.50391E-01  8.88360E+00
  1.54297E-01  8.85471E+00
  1.58203E-01  8.82509E+00
  1.62109E-01  8.79475E+00
  1.66016E-01  8.76367E+00
  1.69922E-01  8.73185E+00
  1.73828E-01  8.69928E+00
  1.77734E-01  8.66595E+00
  1.81641E-01  8.63184E+00
  1.85547E-01  8.59694E+00
  1.89453E-01  8.56126E+00
  1.93359E-01  8.52476E+00
  1.97266E-01  8.48744E+00
  2.01172E-01  8.44929E+00
  2.05078E-01  8.41028E+00
  2.08984E-01  8.37040E+00
  2.12891E-01  8.32964E+00
  2.16797E-01  8.28798E+00
  2.20703E-01  8.24540E+00
  2.24609E-01  8.20188E+00
  2.28516E-01  8.15741E+00
  2.32422E-01  8.11196E+00
  2.36328E-01  8.06551E+00
  2.40234E-01  8.01803E+00
  2.44141E-01  7.96950E+00
  2.48047E-01  7.91988E+00
  2.51953E-01  7.86916E+00
  2.55859E-01  7.81728E+00
  2.59766E-01  7.76423E+00
  2.63672E-01  7.70996E+00
  2.67578E-01  7.65443E+00
  2.71484E-01  7.59760E+00
  2.75391E-01  7.53942E+00
  2.79297E-01  7.47985E+00
  2.83203E-01  7.41883E+00
  2.87109E-01  7.35631E+00
  2.91016E-01  7.29222E+00
  2.94922E-01  7.22649E+00
  2.98828E-01  7.15904E+00
  3.02734E-01  7.08980E+00
  3.06641E-01  7.01869E+00
  3.10547E-01  6.94560E+00
  3.14453E-01  6.87042E+00
  3.18359E-01  6.79304E+00
  3.22266E-01  6.71332E+00
  3.26172E-01  6.63112E+00
  3.30078E-01  6.54628E+00
  3.33984E-01  6.45861E+00
  3.37891E-01  6.36791E+00
  3.41797E-01  6.27392E+00
  3.45703E-01  6.17626E+00
  3.49609E-01  6.07087E+00
  3.53516E-01  5.85497E+00
  3.57422E-01  7.58609E-02
  3.61328E-01  7.37395E-02
  3.65234E-01  7.14265E-02
  3.69141E-01  6.92645E-02
  3.73047E-01  6.70950E-02
  3.76953E-01  6.50486E-02
  3.80859E-01  6.30134E-02
  3.84766E-01  6.11291E-02
  3.88672E-01  5.92791E-02
  3.92578E-01  5.75729E-02
  3.96484E-01  5.58804E-02
  4.00391E-01  5.43207E-02
  4.04297E-01  5.27772E-02
  4.08203E-01  5.13175E-02
  4.12109E-01  4.98569E-02
  4.16016E-01  4.85001E-02
  4.19922E-01  4.71660E-02
  4.23828E-01  4.58781E-02
  4.27734E-01  4.46572E-02
  4.31641E-01  4.34739E-02
  4.35547E-01  4.23431E-02
  4.39453E-01  4.12078E-02
  4.43359E-01  4.01340E-02
  4.47266E-01  3.90860E-02
  4.51172E-01  3.80977E-02
  4.55078E-01  3.71190E-02
  4.58984E-01  3.62072E-02
  4.62891E-01  3.53071E-02
  4.66797E-01  3.44307E-02
  4.70703E-01  3.35647E-02
  4.74609E-01  3.27568E-02
  4.78516E-01  3.19742E-02
  4.82422E-01  3.12175E-02
  4.86328E-01  3.04661E-02
  4.90234E-01  2.97493E-02
  4.94141E-01  2.90511E-02
  4.98047E-01  2.83834E-02
  5.01953E-01  2.77236E-02
  5.05859E-01  2.70944E-02
  5.09766E-01  2.64772E-02
  5.13672E-01  2.58873E-02
  5.17578E-01  2.53035E-02
  5.21484E-01  2.47431E-02
  5.25391E-01  2.41948E-02
  5.29297E-01  2.36736E-02
  5.33203E-01  2.31549E-02
  5.37109E-01  2.26586E-02
  5.41016E-01  2.21697E-02
  5.44922E-01  2.17035E-02
  5.48828E-01  2.12397E-02
  5.52734E-01  2.08021E-02
  5.56641E-01  2.03647E-02
  5.60547E-01  1.99483E-02
  5.64453E-01  1.95341E-02
  5.68359E-01  1.91419E-02
  5.72266E-01  1.87510E-02
  5.76172E-01  1.83784E-02
  5.80078E-01  1.80059E-02
  5.83984E-01  1.76532E-02
  5.87891E-01  1.73017E-02
  5.91797E-01  1.69680E-02
  5.95703E-01  1.66336E-02
  5.99609E-01  1.63148E-02
  6.03516E-01  1.59977E-02
  6.07422E-01  1.56963E-02
  6.11328E-01  1.53988E-02
  6.15234E-01  1.51087E-02
  6.19141E-01  1.48230E-02
  6.23047E-01  1.45474E-02
  6.26953E-01  1.42770E-02
  6.30859E-01  1.40189E-02
  6.34766E-01  1.37604E-02
  6.38672E-01  1.35114E-02
  6.42578E-01  1.32652E-02
  6.46484E-01  1.30285E-02
  6.50391E-01  1.27947E-02
  6.54297E-01  1.25692E-02
  6.58203E-01  1.23468E-02
  6.62109E-01  1.21330E-02
  6.66016E-01  1.19211E-02
  6.69922E-01  1.17138E-02
  6.73828E-01  1.15098E-02
  6.77734E-01  1.13140E-02
  6.81641E-01  1.11224E-02
  6.85547E-01  1.09340E-02
  6.89453E-01  1.07494E-02
  6.93359E-01  1.05679E-02
  6.97266E-01  1.03940E-02
  7.01172E-01  1.02226E-02
  7.05078E-01  1.00552E-02
  7.08984E-01  9.88909E-03
  7.12891E-01  9.72687E-03
  7.16797E-01  9.56973E-03
  7.20703E-01  9.41652E-03
  7.24609E-01  9.26459E-03
  7.28516E-01  9.11721E-03
  7.32422E-01  8.97285E-03
  7.36328E-01  8.83138E-03
  7.40234E-01  8.69259E-03
  7.44141E-01  8.55670E-03
  7.48047E-01  8.42349E-03
  7.51953E-01  8.29324E-03
  7.55859E-01  8.16730E-03
  7.59766E-01  8.04228E-03
  7.63672E-01  7.91903E-03
  7.67578E-01  7.79852E-03
  7.71484E-01  7.68096E-03
  7.75391E-01  7.56708E-03
  7.79297E-01  7.45409E-03
  7.83203E-01  7.34210E-03
  7.87109E-01  7.23442E-03
  7.91016E-01  7.12882E-03
  7.94922E-01  7.02427E-03
  7.98828E-01  6.92168E-03
  8.02734E-01  6.82187E-03
  8.06641E-01  6.72339E-03
  8.10547E-01  6.62794E-03
  8.14453E-01  6.53354E-03
  8.18359E-01  6.43974E-03
  8.22266E-01  6.34878E-03
  8.26172E-01  6.26011E-03
  8.30078E-01  6.17285E-03
  8.33984E-01  6.08709E-03
  8.37891E-01  6.00304E-03
  8.41797E-01  5.92048E-03
  8.45703E-01  5.83860E-03
  8.49609E-01  5.75967E-03
  8.53516E-01  5.68259E-03
  8.57422E-01  5.60531E-03
  8.61328E-01  5.52962E-03
  8.65234E-01  5.45626E-03
  8.69141E-01  5.38389E-03
  8.73047E-01  5.31217E-03
  8.76953E-01  5.24223E-03
  8.80859E-01  5.17398E-03
  8.84766E-01  5.10663E-03
  8.88672E-01  5.04078E-03
  8.92578E-01  4.97594E-03
  8.96484E-01  4.91209E-03
  9.00391E-01  4.84975E-03
  9.04297E-01  4.78864E-03
  9.08203E-01  4.72779E-03
  9.12109E-01  4.66830E-03
  9.16016E-01  4.61033E-03
  9.19922E-01  4.55406E-03
  9.23828E-01  4.49768E-03
  9.27734E-01  4.44252E-03
  9.31641E-01  4.38854E-03
  9.35547E-01  4.33582E-03
  9.39453E-01  4.28355E-03
  9.43359E-01  4.23273E-03
  9.47266E-01  4.18269E-03
  9.51172E-01  4.13397E-03
  9.55078E-01  4.08551E-03
  9.58984E-01  4.03833E-03
  9.62891E-01  3.99227E-03
  9.66797E-01  3.94630E-03
  9.70703E-01  3.90234E-03
  9.74609E-01  3.85898E-03
  9.78516E-01  3.81708E-03
  9.82422E-01  3.77644E-03
  9.86328E-01  3.73677E-03
  9.90234E-01  3.70016E-03
  9.94141E-01  3.66939E-03
  9.98047E-01  3.65495E-03
  1.00195E+00  3.65495E-03
