 -1.95312E-03  9.43476E+00
  1.95312E-03  9.43595E+00
  5.85938E-03  9.43117E+00
  9.76562E-03  9.42648E+00
  1.36719E-02  9.42124E+00
  1.75781E-02  9.41537E+00
  2.14844E-02  9.40885E+00
  2.53906E-02  9.40168E+00
  2.92969E-02  9.39386E+00
  3.32031E-02  9.38538E+00
  3.71094E-02  9.37625E+00
  4.10156E-02  9.36646E+00
  4.49219E-02  9.35603E+00
  4.88281E-02  9.34494E+00
  5.27344E-02  9.33321E+00
  5.66406E-02  9.32084E+00
  6.05469E-02  9.30781E+00
  6.44531E-02  9.29413E+00
  6.83594E-02  9.27981E+00
  7.22656E-02  9.26484E+00
  7.61719E-02  9.24922E+00
  8.00781E-02  9.23295E+00
  8.39844E-02  9.21603E+00
  8.78906E-02  9.19846E+00
  9.17969E-02  9.18024E+00
  9.57031E-02  9.16136E+00
  9.96094E-02  9.14182E+00
  1.03516E-01  9.12162E+00
  1.07422E-01  9.10076E+00
  1.11328E-01  9.07923E+00
  1.15234E-01  9.05704E+00
  1.19141E-01  9.03417E+00
  1.23047E-01  9.01062E+00
  1.26953E-01  8.98639E+00
  1.30859E-01  8.96148E+00
  1.34766E-01  8.93588E+00
  1.38672E-01  8.90957E+00
  1.42578E-01  8.88257E+00
  1.46484E-01  8.85487E+00
  1.50391E-01  8.82645E+00
  1.54297E-01  8.79730E+00
  1.58203E-01  8.76743E+00
  1.62109E-01  8.73683E+00
  1.66016E-01  8.70548E+00
  1.69922E-01  8.67337E+00
  1.73828E-01  8.64051E+00
  1.77734E-01  8.60687E+00
  1.81641E-01  8.57245E+00
  1.85547E-01  8.53723E+00
  1.89453E-01  8.50120E+00
  1.93359E-01  8.46436E+00
  1.97266E-01  8.42668E+00
  2.01172E-01  8.38816E+00
  2.05078E-01  8.34877E+00
  2.08984E-01  8.30851E+00
  2.12891E-01  8.26735E+00
  2.16797E-01  8.22528E+00
  2.20703E-01  8.18227E+00
  2.24609E-01  8.13831E+00
  2.28516E-01  8.09337E+00
  2.32422E-01  8.04744E+00
  2.36328E-01  8.00049E+00
  2.40234E-01  7.95249E+00
  2.44141E-01  7.90341E+00
  2.48047E-01  7.85322E+00
  2.51953E-01  7.80190E+00
  2.55859E-01  7.74941E+00
  2.59766E-01  7.69571E+00
  2.63672E-01  7.64077E+00
  2.67578E-01  7.58454E+00
  2.71484E-01  7.52698E+00
  2.75391E-01  7.46803E+00
  2.79297E-01  7.40766E+00
  2.83203E-01  7.34581E+00
  2.87109E-01  7.28240E+00
  2.91016E-01  7.21739E+00
  2.94922E-01  7.15069E+00
  2.98828E-01  7.08222E+00
  3.02734E-01  7.01191E+00
  3.06641E-01  6.93966E+00
  3.10547E-01  6.86536E+00
  3.14453E-01  6.78891E+00
  3.18359E-01  6.71016E+00
  3.22266E-01  6.62900E+00
  3.26172E-01  6.54525E+00
  3.30078E-01  6.45874E+00
  3.33984E-01  6.36929E+00
  3.37891E-01  6.27665E+00
  3.41797E-01  6.18056E+00
  3.45703E-01  6.08061E+00
  3.49609E-01  5.97240E+00
  3.53516E-01  5.75036E+00
  3.57422E-01  1.29448E-01
  3.61328E-01  1.24501E-01
  3.65234E-01  1.21099E-01
  3.69141E-01  1.17265E-01
  3.73047E-01  1.13743E-01
  3.76953E-01  1.10241E-01
  3.80859E-01  1.07050E-01
  3.84766E-01  1.03852E-01
  3.88672E-01  1.00920E-01
  3.92578E-01  9.79900E-02
  3.96484E-01  9.52495E-02
  4.00391E-01  9.24997E-02
  4.04297E-01  8.99100E-02
  4.08203E-01  8.73102E-02
  4.12109E-01  8.48623E-02
  4.16016E-01  8.24306E-02
  4.19922E-01  8.01579E-02
  4.23828E-01  7.79064E-02
  4.27734E-01  7.58417E-02
  4.31641E-01  7.38135E-02
  4.35547E-01  7.19184E-02
  4.39453E-01  7.00247E-02
  4.43359E-01  6.82173E-02
  4.47266E-01  6.63964E-02
  4.51172E-01  6.46325E-02
  4.55078E-01  6.28969E-02
  4.58984E-01  6.12609E-02
  4.62891E-01  5.96839E-02
  4.66797E-01  5.82100E-02
  4.70703E-01  5.67746E-02
  4.74609E-01  5.54311E-02
  4.78516E-01  5.41202E-02
  4.82422E-01  5.28765E-02
  4.86328E-01  5.16567E-02
  4.90234E-01  5.05123E-02
  4.94141E-01  4.93809E-02
  4.98047E-01  4.82698E-02
  5.01953E-01  4.71576E-02
  5.05859E-01  4.60695E-02
  5.09766E-01  4.49924E-02
  5.13672E-01  4.39821E-02
  5.17578E-01  4.30267E-02
  5.21484E-01  4.21076E-02
  5.25391E-01  4.11880E-02
  5.29297E-01  4.02803E-02
  5.33203E-01  3.93974E-02
  5.37109E-01  3.85488E-02
  5.41016E-01  3.77314E-02
  5.44922E-01  3.69435E-02
  5.48828E-01  3.61728E-02
  5.52734E-01  3.54204E-02
  5.56641E-01  3.46849E-02
  5.60547E-01  3.39687E-02
  5.64453E-01  3.32748E-02
  5.68359E-01  3.26008E-02
  5.72266E-01  3.19460E-02
  5.76172E-01  3.13059E-02
  5.80078E-01  3.06830E-02
  5.83984E-01  3.00740E-02
  5.87891E-01  2.94851E-02
  5.91797E-01  2.89113E-02
  5.95703E-01  2.83525E-02
  5.99609E-01  2.78064E-02
  6.03516E-01  2.72737E-02
  6.07422E-01  2.67560E-02
  6.11328E-01  2.62525E-02
  6.15234E-01  2.57598E-02
  6.19141E-01  2.52792E-02
  6.23047E-01  2.48099E-02
  6.26953E-01  2.43542E-02
  6.30859E-01  2.39093E-02
  6.34766E-01  2.34730E-02
  6.38672E-01  2.30475E-02
  6.42578E-01  2.26334E-02
  6.46484E-01  2.22312E-02
  6.50391E-01  2.18353E-02
  6.54297E-01  2.14473E-02
  6.58203E-01  2.10704E-02
  6.62109E-01  2.07041E-02
  6.66016E-01  2.03448E-02
  6.69922E-01  1.99923E-02
  6.73828E-01  1.96490E-02
  6.77734E-01  1.93138E-02
  6.81641E-01  1.89871E-02
  6.85547E-01  1.86672E-02
  6.89453E-01  1.83538E-02
  6.93359E-01  1.80488E-02
  6.97266E-01  1.77475E-02
  7.01172E-01  1.74535E-02
  7.05078E-01  1.71688E-02
  7.08984E-01  1.68907E-02
  7.12891E-01  1.66157E-02
  7.16797E-01  1.63452E-02
  7.20703E-01  1.60821E-02
  7.24609E-01  1.58274E-02
  7.28516E-01  1.55759E-02
  7.32422E-01  1.53287E-02
  7.36328E-01  1.50873E-02
  7.40234E-01  1.48505E-02
  7.44141E-01  1.46204E-02
  7.48047E-01  1.43931E-02
  7.51953E-01  1.41698E-02
  7.55859E-01  1.39543E-02
  7.59766E-01  1.37419E-02
  7.63672E-01  1.35326E-02
  7.67578E-01  1.33288E-02
  7.71484E-01  1.31288E-02
  7.75391E-01  1.29314E-02
  7.79297E-01  1.27378E-02
  7.83203E-01  1.25506E-02
  7.87109E-01  1.23666E-02
  7.91016E-01  1.21860E-02
  7.94922E-01  1.20065E-02
  7.98828E-01  1.18328E-02
  8.02734E-01  1.16632E-02
  8.06641E-01  1.14940E-02
  8.10547E-01  1.13301E-02
  8.14453E-01  1.11692E-02
  8.18359E-01  1.10099E-02
  8.22266E-01  1.08543E-02
  8.26172E-01  1.07030E-02
  8.30078E-01  1.05523E-02
  8.33984E-01  1.04070E-02
  8.37891E-01  1.02623E-02
  8.41797E-01  1.01194E-02
  8.45703E-01  9.98196E-03
  8.49609E-01  9.84608E-03
  8.53516E-01  9.71069E-03
  8.57422E-01  9.57929E-03
  8.61328E-01  9.45070E-03
  8.65234E-01  9.32452E-03
  8.69141E-01  9.19955E-03
  8.73047E-01  9.07763E-03
  8.76953E-01  8.95726E-03
  8.80859E-01  8.83999E-03
  8.84766E-01  8.72321E-03
  8.88672E-01  8.61092E-03
  8.92578E-01  8.49871E-03
  8.96484E-01  8.38877E-03
  9.00391E-01  8.28222E-03
  9.04297E-01  8.17705E-03
  9.08203E-01  8.07245E-03
  9.12109E-01  7.97142E-03
  9.16016E-01  7.87113E-03
  9.19922E-01  7.77228E-03
  9.23828E-01  7.67597E-03
  9.27734E-01  7.58222E-03
  9.31641E-01  7.48934E-03
  9.35547E-01  7.39809E-03
  9.39453E-01  7.30905E-03
  9.43359E-01  7.22069E-03
  9.47266E-01  7.13598E-03
  9.51172E-01  7.05118E-03
  9.55078E-01  6.96905E-03
  9.58984E-01  6.88829E-03
  9.62891E-01  6.80939E-03
  9.66797E-01  6.73268E-03
  9.70703E-01  6.65754E-03
  9.74609E-01  6.58425E-03
  9.78516E-01  6.51214E-03
  9.82422E-01  6.44354E-03
  9.86328E-01  6.37717E-03
  9.90234E-01  6.31436E-03
  9.94141E-01  6.26166E-03
  9.98047E-01  6.23701E-03
  1.00195E+00  6.23701E-03
