 -1.95312E-03  9.50377E+00
  1.95312E-03  9.50469E+00
  5.85938E-03  9.49996E+00
  9.76562E-03  9.49528E+00
  1.36719E-02  9.49006E+00
  1.75781E-02  9.48422E+00
  2.14844E-02  9.47774E+00
  2.53906E-02  9.47061E+00
  2.92969E-02  9.46284E+00
  3.32031E-02  9.45442E+00
  3.71094E-02  9.44535E+00
  4.10156E-02  9.43564E+00
  4.49219E-02  9.42528E+00
  4.88281E-02  9.41428E+00
  5.27344E-02  9.40263E+00
  5.66406E-02  9.39034E+00
  6.05469E-02  9.37742E+00
  6.44531E-02  9.36385E+00
  6.83594E-02  9.34964E+00
  7.22656E-02  9.33478E+00
  7.61719E-02  9.31929E+00
  8.00781E-02  9.30316E+00
  8.39844E-02  9.28638E+00
  8.78906E-02  9.26896E+00
  9.17969E-02  9.25089E+00
  9.57031E-02  9.23218E+00
  9.96094E-02  9.21281E+00
  1.03516E-01  9.19280E+00
  1.07422E-01  9.17213E+00
  1.11328E-01  9.15081E+00
  1.15234E-01  9.12883E+00
  1.19141E-01  9.10619E+00
  1.23047E-01  9.08288E+00
  1.26953E-01  9.05889E+00
  1.30859E-01  9.03424E+00
  1.34766E-01  9.00889E+00
  1.38672E-01  8.98286E+00
  1.42578E-01  8.95615E+00
  1.46484E-01  8.92873E+00
  1.50391E-01  8.90061E+00
  1.54297E-01  8.87178E+00
  1.58203E-01  8.84224E+00
  1.62109E-01  8.81197E+00
  1.66016E-01  8.78097E+00
  1.69922E-01  8.74922E+00
  1.73828E-01  8.71673E+00
  1.77734E-01  8.68348E+00
  1.81641E-01  8.64945E+00
  1.85547E-01  8.61465E+00
  1.89453E-01  8.57905E+00
  1.93359E-01  8.54264E+00
  1.97266E-01  8.50542E+00
  2.01172E-01  8.46737E+00
  2.05078E-01  8.42847E+00
  2.08984E-01  8.38871E+00
  2.12891E-01  8.34808E+00
  2.16797E-01  8.30655E+00
  2.20703E-01  8.26412E+00
  2.24609E-01  8.22075E+00
  2.28516E-01  8.17644E+00
  2.32422E-01  8.13115E+00
  2.36328E-01  8.08486E+00
  2.40234E-01  8.03755E+00
  2.44141E-01  7.98919E+00
  2.48047E-01  7.93975E+00
  2.51953E-01  7.88921E+00
  2.55859E-01  7.83753E+00
  2.59766E-01  7.78467E+00
  2.63672E-01  7.73060E+00
  2.67578E-01  7.67528E+00
  2.71484E-01  7.61867E+00
  2.75391E-01  7.56073E+00
  2.79297E-01  7.50140E+00
  2.83203E-01  7.44063E+00
  2.87109E-01  7.37837E+00
  2.91016E-01  7.31455E+00
  2.94922E-01  7.24911E+00
  2.98828E-01  7.18198E+00
  3.02734E-01  7.11306E+00
  3.06641E-01  7.04229E+00
  3.10547E-01  6.96957E+00
  3.14453E-01  6.89478E+00
  3.18359E-01  6.81781E+00
  3.22266E-01  6.73853E+00
  3.26172E-01  6.65680E+00
  3.30078E-01  6.57246E+00
  3.33984E-01  6.48533E+00
  3.37891E-01  6.39520E+00
  3.41797E-01  6.30184E+00
  3.45703E-01  6.20486E+00
  3.49609E-01  6.10029E+00
  3.53516E-01  5.88618E+00
  3.57422E-01  5.97444E-02
  3.61328E-01  5.81266E-02
  3.65234E-01  5.62449E-02
  3.69141E-01  5.45183E-02
  3.73047E-01  5.28043E-02
  3.76953E-01  5.12430E-02
  3.80859E-01  4.96865E-02
  3.84766E-01  4.82419E-02
  3.88672E-01  4.67889E-02
  3.92578E-01  4.54131E-02
  3.96484E-01  4.40640E-02
  4.00391E-01  4.28239E-02
  4.04297E-01  4.15913E-02
  4.08203E-01  4.04368E-02
  4.12109E-01  3.92964E-02
  4.16016E-01  3.82148E-02
  4.19922E-01  3.71374E-02
  4.23828E-01  3.61385E-02
  4.27734E-01  3.51601E-02
  4.31641E-01  3.42365E-02
  4.35547E-01  3.33164E-02
  4.39453E-01  3.24543E-02
  4.43359E-01  3.15911E-02
  4.47266E-01  3.07793E-02
  4.51172E-01  2.99850E-02
  4.55078E-01  2.92426E-02
  4.58984E-01  2.84965E-02
  4.62891E-01  2.77855E-02
  4.66797E-01  2.70853E-02
  4.70703E-01  2.64345E-02
  4.74609E-01  2.57865E-02
  4.78516E-01  2.51613E-02
  4.82422E-01  2.45566E-02
  4.86328E-01  2.39730E-02
  4.90234E-01  2.34143E-02
  4.94141E-01  2.28558E-02
  4.98047E-01  2.23288E-02
  5.01953E-01  2.18113E-02
  5.05859E-01  2.13208E-02
  5.09766E-01  2.08300E-02
  5.13672E-01  2.03647E-02
  5.17578E-01  1.99027E-02
  5.21484E-01  1.94683E-02
  5.25391E-01  1.90350E-02
  5.29297E-01  1.86219E-02
  5.33203E-01  1.82121E-02
  5.37109E-01  1.78246E-02
  5.41016E-01  1.74388E-02
  5.44922E-01  1.70716E-02
  5.48828E-01  1.67075E-02
  5.52734E-01  1.63614E-02
  5.56641E-01  1.60152E-02
  5.60547E-01  1.56888E-02
  5.64453E-01  1.53634E-02
  5.68359E-01  1.50525E-02
  5.72266E-01  1.47428E-02
  5.76172E-01  1.44500E-02
  5.80078E-01  1.41581E-02
  5.83984E-01  1.38812E-02
  5.87891E-01  1.36037E-02
  5.91797E-01  1.33396E-02
  5.95703E-01  1.30757E-02
  5.99609E-01  1.28256E-02
  6.03516E-01  1.25767E-02
  6.07422E-01  1.23405E-02
  6.11328E-01  1.21038E-02
  6.15234E-01  1.18780E-02
  6.19141E-01  1.16522E-02
  6.23047E-01  1.14374E-02
  6.26953E-01  1.12228E-02
  6.30859E-01  1.10185E-02
  6.34766E-01  1.08144E-02
  6.38672E-01  1.06213E-02
  6.42578E-01  1.04279E-02
  6.46484E-01  1.02423E-02
  6.50391E-01  1.00567E-02
  6.54297E-01  9.88010E-03
  6.58203E-01  9.70546E-03
  6.62109E-01  9.53726E-03
  6.66016E-01  9.36911E-03
  6.69922E-01  9.20626E-03
  6.73828E-01  9.04563E-03
  6.77734E-01  8.89263E-03
  6.81641E-01  8.74107E-03
  6.85547E-01  8.59449E-03
  6.89453E-01  8.44786E-03
  6.93359E-01  8.30672E-03
  6.97266E-01  8.16701E-03
  7.01172E-01  8.03350E-03
  7.05078E-01  7.90023E-03
  7.08984E-01  7.77132E-03
  7.12891E-01  7.64329E-03
  7.16797E-01  7.52110E-03
  7.20703E-01  7.39926E-03
  7.24609E-01  7.28100E-03
  7.28516E-01  7.16345E-03
  7.32422E-01  7.04952E-03
  7.36328E-01  6.93910E-03
  7.40234E-01  6.82956E-03
  7.44141E-01  6.72415E-03
  7.48047E-01  6.61929E-03
  7.51953E-01  6.51633E-03
  7.55859E-01  6.41553E-03
  7.59766E-01  6.31866E-03
  7.63672E-01  6.22263E-03
  7.67578E-01  6.12839E-03
  7.71484E-01  6.03518E-03
  7.75391E-01  5.94524E-03
  7.79297E-01  5.85697E-03
  7.83203E-01  5.77055E-03
  7.87109E-01  5.68473E-03
  7.91016E-01  5.60035E-03
  7.94922E-01  5.51944E-03
  7.98828E-01  5.43969E-03
  8.02734E-01  5.36099E-03
  8.06641E-01  5.28439E-03
  8.10547E-01  5.20858E-03
  8.14453E-01  5.13373E-03
  8.18359E-01  5.06146E-03
  8.22266E-01  4.99068E-03
  8.26172E-01  4.92064E-03
  8.30078E-01  4.85183E-03
  8.33984E-01  4.78507E-03
  8.37891E-01  4.71836E-03
  8.41797E-01  4.65318E-03
  8.45703E-01  4.58979E-03
  8.49609E-01  4.52787E-03
  8.53516E-01  4.46649E-03
  8.57422E-01  4.40568E-03
  8.61328E-01  4.34702E-03
  8.65234E-01  4.28991E-03
  8.69141E-01  4.23282E-03
  8.73047E-01  4.17672E-03
  8.76953E-01  4.12207E-03
  8.80859E-01  4.06846E-03
  8.84766E-01  4.01558E-03
  8.88672E-01  3.96362E-03
  8.92578E-01  3.91276E-03
  8.96484E-01  3.86256E-03
  9.00391E-01  3.81339E-03
  9.04297E-01  3.76578E-03
  9.08203E-01  3.71871E-03
  9.12109E-01  3.67193E-03
  9.16016E-01  3.62593E-03
  9.19922E-01  3.58131E-03
  9.23828E-01  3.53753E-03
  9.27734E-01  3.49449E-03
  9.31641E-01  3.45174E-03
  9.35547E-01  3.41037E-03
  9.39453E-01  3.36956E-03
  9.43359E-01  3.32959E-03
  9.47266E-01  3.28995E-03
  9.51172E-01  3.25136E-03
  9.55078E-01  3.21325E-03
  9.58984E-01  3.17627E-03
  9.62891E-01  3.13939E-03
  9.66797E-01  3.10374E-03
  9.70703E-01  3.06927E-03
  9.74609E-01  3.03485E-03
  9.78516E-01  3.00197E-03
  9.82422E-01  2.96962E-03
  9.86328E-01  2.93851E-03
  9.90234E-01  2.90990E-03
  9.94141E-01  2.88566E-03
  9.98047E-01  2.87430E-03
  1.00195E+00  2.87430E-03
