 -1.95312E-03  9.26338E+00
  1.95312E-03  9.26427E+00
  5.85938E-03  9.25951E+00
  9.76562E-03  9.25478E+00
  1.36719E-02  9.24948E+00
  1.75781E-02  9.24353E+00
  2.14844E-02  9.23692E+00
  2.53906E-02  9.22963E+00
  2.92969E-02  9.22167E+00
  3.32031E-02  9.21305E+00
  3.71094E-02  9.20374E+00
  4.10156E-02  9.19377E+00
  4.49219E-02  9.18313E+00
  4.88281E-02  9.17182E+00
  5.27344E-02  9.15984E+00
  5.66406E-02  9.14719E+00
  6.05469E-02  9.13388E+00
  6.44531E-02  9.11990E+00
  6.83594E-02  9.10525E+00
  7.22656E-02  9.08994E+00
  7.61719E-02  9.07395E+00
  8.00781E-02  9.05729E+00
  8.39844E-02  9.03996E+00
  8.78906E-02  9.02196E+00
  9.17969E-02  9.00328E+00
  9.57031E-02  8.98393E+00
  9.96094E-02  8.96390E+00
  1.03516E-01  8.94318E+00
  1.07422E-01  8.92178E+00
  1.11328E-01  8.89970E+00
  1.15234E-01  8.87692E+00
  1.19141E-01  8.85344E+00
  1.23047E-01  8.82926E+00
  1.26953E-01  8.80439E+00
  1.30859E-01  8.77880E+00
  1.34766E-01  8.75250E+00
  1.38672E-01  8.72548E+00
  1.42578E-01  8.69773E+00
  1.46484E-01  8.66924E+00
  1.50391E-01  8.64001E+00
  1.54297E-01  8.61003E+00
  1.58203E-01  8.57930E+00
  1.62109E-01  8.54780E+00
  1.66016E-01  8.51552E+00
  1.69922E-01  8.48245E+00
  1.73828E-01  8.44859E+00
  1.77734E-01  8.41392E+00
  1.81641E-01  8.37842E+00
  1.85547E-01  8.34209E+00
  1.89453E-01  8.30492E+00
  1.93359E-01  8.26689E+00
  1.97266E-01  8.22798E+00
  2.01172E-01  8.18818E+00
  2.05078E-01  8.14748E+00
  2.08984E-01  8.10585E+00
  2.12891E-01  8.06327E+00
  2.16797E-01  8.01972E+00
  2.20703E-01  7.97519E+00
  2.24609E-01  7.92965E+00
  2.28516E-01  7.88308E+00
  2.32422E-01  7.83544E+00
  2.36328E-01  7.78671E+00
  2.40234E-01  7.73687E+00
  2.44141E-01  7.68588E+00
  2.48047E-01  7.63371E+00
  2.51953E-01  7.58031E+00
  2.55859E-01  7.52566E+00
  2.59766E-01  7.46972E+00
  2.63672E-01  7.41243E+00
  2.67578E-01  7.35375E+00
  2.71484E-01  7.29362E+00
  2.75391E-01  7.23199E+00
  2.79297E-01  7.16881E+00
  2.83203E-01  7.10399E+00
  2.87109E-01  7.03748E+00
  2.91016E-01  6.96919E+00
  2.94922E-01  6.89905E+00
  2.98828E-01  6.82694E+00
  3.02734E-01  6.75278E+00
  3.06641E-01  6.67644E+00
  3.10547E-01  6.59781E+00
  3.14453E-01  6.51674E+00
  3.18359E-01  6.43307E+00
  3.22266E-01  6.34663E+00
  3.26172E-01  6.25723E+00
  3.30078E-01  6.16463E+00
  3.33984E-01  6.06858E+00
  3.37891E-01  5.96879E+00
  3.41797E-01  5.86490E+00
  3.45703E-01  5.75631E+00
  3.49609E-01  5.63730E+00
  3.53516E-01  5.39151E+00
  3.57422E-01  3.13764E-01
  3.61328E-01  2.86439E-01
  3.65234E-01  2.79728E-01
  3.69141E-01  2.71102E-01
  3.73047E-01  2.63143E-01
  3.76953E-01  2.55183E-01
  3.80859E-01  2.47846E-01
  3.84766E-01  2.40501E-01
  3.88672E-01  2.33719E-01
  3.92578E-01  2.26927E-01
  3.96484E-01  2.20641E-01
  4.00391E-01  2.14346E-01
  4.04297E-01  2.08507E-01
  4.08203E-01  2.02663E-01
  4.12109E-01  1.97252E-01
  4.16016E-01  1.91833E-01
  4.19922E-01  1.86819E-01
  4.23828E-01  1.81797E-01
  4.27734E-01  1.77113E-01
  4.31641E-01  1.72417E-01
  4.35547E-01  1.68045E-01
  4.39453E-01  1.63677E-01
  4.43359E-01  1.59604E-01
  4.47266E-01  1.55520E-01
  4.51172E-01  1.51707E-01
  4.55078E-01  1.47887E-01
  4.58984E-01  1.44307E-01
  4.62891E-01  1.40721E-01
  4.66797E-01  1.37373E-01
  4.70703E-01  1.34021E-01
  4.74609E-01  1.30893E-01
  4.78516E-01  1.27782E-01
  4.82422E-01  1.24825E-01
  4.86328E-01  1.21872E-01
  4.90234E-01  1.19088E-01
  4.94141E-01  1.16292E-01
  4.98047E-01  1.13645E-01
  5.01953E-01  1.11044E-01
  5.05859E-01  1.08608E-01
  5.09766E-01  1.06170E-01
  5.13672E-01  1.03842E-01
  5.17578E-01  1.01566E-01
  5.21484E-01  9.94078E-02
  5.25391E-01  9.72360E-02
  5.29297E-01  9.51611E-02
  5.33203E-01  9.31260E-02
  5.37109E-01  9.11919E-02
  5.41016E-01  8.92690E-02
  5.44922E-01  8.74447E-02
  5.48828E-01  8.56593E-02
  5.52734E-01  8.39113E-02
  5.56641E-01  8.22297E-02
  5.60547E-01  8.05671E-02
  5.64453E-01  7.89664E-02
  5.68359E-01  7.73666E-02
  5.72266E-01  7.58220E-02
  5.76172E-01  7.42846E-02
  5.80078E-01  7.28247E-02
  5.83984E-01  7.13989E-02
  5.87891E-01  7.00591E-02
  5.91797E-01  6.87332E-02
  5.95703E-01  6.74638E-02
  5.99609E-01  6.62299E-02
  6.03516E-01  6.50319E-02
  6.07422E-01  6.38121E-02
  6.11328E-01  6.25917E-02
  6.15234E-01  6.13761E-02
  6.19141E-01  6.02026E-02
  6.23047E-01  5.90867E-02
  6.26953E-01  5.80152E-02
  6.30859E-01  5.69712E-02
  6.34766E-01  5.59457E-02
  6.38672E-01  5.49388E-02
  6.42578E-01  5.39574E-02
  6.46484E-01  5.30069E-02
  6.50391E-01  5.20752E-02
  6.54297E-01  5.11616E-02
  6.58203E-01  5.02608E-02
  6.62109E-01  4.93688E-02
  6.66016E-01  4.84877E-02
  6.69922E-01  4.76309E-02
  6.73828E-01  4.68077E-02
  6.77734E-01  4.60225E-02
  6.81641E-01  4.52626E-02
  6.85547E-01  4.45242E-02
  6.89453E-01  4.37956E-02
  6.93359E-01  4.30817E-02
  6.97266E-01  4.23810E-02
  7.01172E-01  4.16938E-02
  7.05078E-01  4.10186E-02
  7.08984E-01  4.03571E-02
  7.12891E-01  3.97133E-02
  7.16797E-01  3.90763E-02
  7.20703E-01  3.84535E-02
  7.24609E-01  3.78525E-02
  7.28516E-01  3.72555E-02
  7.32422E-01  3.66750E-02
  7.36328E-01  3.61061E-02
  7.40234E-01  3.55499E-02
  7.44141E-01  3.50050E-02
  7.48047E-01  3.44683E-02
  7.51953E-01  3.39425E-02
  7.55859E-01  3.34293E-02
  7.59766E-01  3.29251E-02
  7.63672E-01  3.24306E-02
  7.67578E-01  3.19433E-02
  7.71484E-01  3.14721E-02
  7.75391E-01  3.10062E-02
  7.79297E-01  3.05492E-02
  7.83203E-01  3.01029E-02
  7.87109E-01  2.96640E-02
  7.91016E-01  2.92334E-02
  7.94922E-01  2.88135E-02
  7.98828E-01  2.83997E-02
  8.02734E-01  2.79931E-02
  8.06641E-01  2.75950E-02
  8.10547E-01  2.72035E-02
  8.14453E-01  2.68197E-02
  8.18359E-01  2.64445E-02
  8.22266E-01  2.60708E-02
  8.26172E-01  2.57108E-02
  8.30078E-01  2.53557E-02
  8.33984E-01  2.50050E-02
  8.37891E-01  2.46621E-02
  8.41797E-01  2.43249E-02
  8.45703E-01  2.39959E-02
  8.49609E-01  2.36710E-02
  8.53516E-01  2.33521E-02
  8.57422E-01  2.30392E-02
  8.61328E-01  2.27297E-02
  8.65234E-01  2.24275E-02
  8.69141E-01  2.21314E-02
  8.73047E-01  2.18375E-02
  8.76953E-01  2.15526E-02
  8.80859E-01  2.12682E-02
  8.84766E-01  2.09928E-02
  8.88672E-01  2.07187E-02
  8.92578E-01  2.04527E-02
  8.96484E-01  2.01900E-02
  9.00391E-01  1.99316E-02
  9.04297E-01  1.96769E-02
  9.08203E-01  1.94275E-02
  9.12109E-01  1.91822E-02
  9.16016E-01  1.89404E-02
  9.19922E-01  1.87036E-02
  9.23828E-01  1.84691E-02
  9.27734E-01  1.82389E-02
  9.31641E-01  1.80139E-02
  9.35547E-01  1.77919E-02
  9.39453E-01  1.75722E-02
  9.43359E-01  1.73579E-02
  9.47266E-01  1.71478E-02
  9.51172E-01  1.69418E-02
  9.55078E-01  1.67389E-02
  9.58984E-01  1.65413E-02
  9.62891E-01  1.63465E-02
  9.66797E-01  1.61578E-02
  9.70703E-01  1.59737E-02
  9.74609E-01  1.57939E-02
  9.78516E-01  1.56216E-02
  9.82422E-01  1.54564E-02
  9.86328E-01  1.52986E-02
  9.90234E-01  1.51529E-02
  9.94141E-01  1.50277E-02
  9.98047E-01  1.49688E-02
  1.00195E+00  1.49688E-02
