 -1.95312E-03  9.40457E+00
  1.95312E-03  9.40530E+00
  5.85938E-03  9.40057E+00
  9.76562E-03  9.39586E+00
  1.36719E-02  9.39060E+00
  1.75781E-02  9.38472E+00
  2.14844E-02  9.37819E+00
  2.53906E-02  9.37099E+00
  2.92969E-02  9.36314E+00
  3.32031E-02  9.35463E+00
  3.71094E-02  9.34547E+00
  4.10156E-02  9.33565E+00
  4.49219E-02  9.32517E+00
  4.88281E-02  9.31405E+00
  5.27344E-02  9.30227E+00
  5.66406E-02  9.28984E+00
  6.05469E-02  9.27676E+00
  6.44531E-02  9.26303E+00
  6.83594E-02  9.24866E+00
  7.22656E-02  9.23363E+00
  7.61719E-02  9.21794E+00
  8.00781E-02  9.20160E+00
  8.39844E-02  9.18461E+00
  8.78906E-02  9.16696E+00
  9.17969E-02  9.14865E+00
  9.57031E-02  9.12969E+00
  9.96094E-02  9.11006E+00
  1.03516E-01  9.08977E+00
  1.07422E-01  9.06881E+00
  1.11328E-01  9.04718E+00
  1.15234E-01  9.02488E+00
  1.19141E-01  9.00191E+00
  1.23047E-01  8.97825E+00
  1.26953E-01  8.95391E+00
  1.30859E-01  8.92887E+00
  1.34766E-01  8.90314E+00
  1.38672E-01  8.87672E+00
  1.42578E-01  8.84958E+00
  1.46484E-01  8.82173E+00
  1.50391E-01  8.79317E+00
  1.54297E-01  8.76388E+00
  1.58203E-01  8.73385E+00
  1.62109E-01  8.70308E+00
  1.66016E-01  8.67157E+00
  1.69922E-01  8.63929E+00
  1.73828E-01  8.60625E+00
  1.77734E-01  8.57243E+00
  1.81641E-01  8.53781E+00
  1.85547E-01  8.50239E+00
  1.89453E-01  8.46616E+00
  1.93359E-01  8.42911E+00
  1.97266E-01  8.39121E+00
  2.01172E-01  8.35245E+00
  2.05078E-01  8.31283E+00
  2.08984E-01  8.27232E+00
  2.12891E-01  8.23090E+00
  2.16797E-01  8.18856E+00
  2.20703E-01  8.14528E+00
  2.24609E-01  8.10104E+00
  2.28516E-01  8.05581E+00
  2.32422E-01  8.00958E+00
  2.36328E-01  7.96231E+00
  2.40234E-01  7.91398E+00
  2.44141E-01  7.86457E+00
  2.48047E-01  7.81405E+00
  2.51953E-01  7.76236E+00
  2.55859E-01  7.70950E+00
  2.59766E-01  7.65542E+00
  2.63672E-01  7.60007E+00
  2.67578E-01  7.54342E+00
  2.71484E-01  7.48541E+00
  2.75391E-01  7.42601E+00
  2.79297E-01  7.36516E+00
  2.83203E-01  7.30279E+00
  2.87109E-01  7.23885E+00
  2.91016E-01  7.17327E+00
  2.94922E-01  7.10598E+00
  2.98828E-01  7.03689E+00
  3.02734E-01  6.96592E+00
  3.06641E-01  6.89296E+00
  3.10547E-01  6.81792E+00
  3.14453E-01  6.74067E+00
  3.18359E-01  6.66109E+00
  3.22266E-01  6.57903E+00
  3.26172E-01  6.49432E+00
  3.30078E-01  6.40679E+00
  3.33984E-01  6.31623E+00
  3.37891E-01  6.22239E+00
  3.41797E-01  6.12501E+00
  3.45703E-01  6.02361E+00
  3.49609E-01  5.91365E+00
  3.53516E-01  5.68774E+00
  3.57422E-01  1.60801E-01
  3.61328E-01  1.53402E-01
  3.65234E-01  1.49789E-01
  3.69141E-01  1.45098E-01
  3.73047E-01  1.40775E-01
  3.76953E-01  1.36448E-01
  3.80859E-01  1.32455E-01
  3.84766E-01  1.28476E-01
  3.88672E-01  1.24799E-01
  3.92578E-01  1.21143E-01
  3.96484E-01  1.17767E-01
  4.00391E-01  1.14374E-01
  4.04297E-01  1.11219E-01
  4.08203E-01  1.08071E-01
  4.12109E-01  1.05113E-01
  4.16016E-01  1.02159E-01
  4.19922E-01  9.94029E-02
  4.23828E-01  9.66881E-02
  4.27734E-01  9.41537E-02
  4.31641E-01  9.16365E-02
  4.35547E-01  8.93357E-02
  4.39453E-01  8.70242E-02
  4.43359E-01  8.48644E-02
  4.47266E-01  8.27200E-02
  4.51172E-01  8.06768E-02
  4.55078E-01  7.86212E-02
  4.58984E-01  7.66580E-02
  4.62891E-01  7.47065E-02
  4.66797E-01  7.28356E-02
  4.70703E-01  7.09853E-02
  4.74609E-01  6.92514E-02
  4.78516E-01  6.75575E-02
  4.82422E-01  6.59653E-02
  4.86328E-01  6.43795E-02
  4.90234E-01  6.28910E-02
  4.94141E-01  6.14235E-02
  4.98047E-01  5.99965E-02
  5.01953E-01  5.85609E-02
  5.05859E-01  5.71635E-02
  5.09766E-01  5.58112E-02
  5.13672E-01  5.45366E-02
  5.17578E-01  5.33025E-02
  5.21484E-01  5.21032E-02
  5.25391E-01  5.09322E-02
  5.29297E-01  4.98333E-02
  5.33203E-01  4.88327E-02
  5.37109E-01  4.78998E-02
  5.41016E-01  4.69423E-02
  5.44922E-01  4.59714E-02
  5.48828E-01  4.49984E-02
  5.52734E-01  4.40382E-02
  5.56641E-01  4.31103E-02
  5.60547E-01  4.22242E-02
  5.64453E-01  4.13756E-02
  5.68359E-01  4.05500E-02
  5.72266E-01  3.97405E-02
  5.76172E-01  3.89441E-02
  5.80078E-01  3.81659E-02
  5.83984E-01  3.74107E-02
  5.87891E-01  3.66793E-02
  5.91797E-01  3.59710E-02
  5.95703E-01  3.52795E-02
  5.99609E-01  3.46032E-02
  6.03516E-01  3.39421E-02
  6.07422E-01  3.32989E-02
  6.11328E-01  3.26733E-02
  6.15234E-01  3.20630E-02
  6.19141E-01  3.14658E-02
  6.23047E-01  3.08822E-02
  6.26953E-01  3.03145E-02
  6.30859E-01  2.97617E-02
  6.34766E-01  2.92214E-02
  6.38672E-01  2.86923E-02
  6.42578E-01  2.81775E-02
  6.46484E-01  2.76779E-02
  6.50391E-01  2.71863E-02
  6.54297E-01  2.67064E-02
  6.58203E-01  2.62385E-02
  6.62109E-01  2.57834E-02
  6.66016E-01  2.53377E-02
  6.69922E-01  2.48997E-02
  6.73828E-01  2.44728E-02
  6.77734E-01  2.40580E-02
  6.81641E-01  2.36508E-02
  6.85547E-01  2.32522E-02
  6.89453E-01  2.28630E-02
  6.93359E-01  2.24821E-02
  6.97266E-01  2.21095E-02
  7.01172E-01  2.17447E-02
  7.05078E-01  2.13903E-02
  7.08984E-01  2.10410E-02
  7.12891E-01  2.06969E-02
  7.16797E-01  2.03645E-02
  7.20703E-01  2.00399E-02
  7.24609E-01  1.97213E-02
  7.28516E-01  1.94074E-02
  7.32422E-01  1.90989E-02
  7.36328E-01  1.88011E-02
  7.40234E-01  1.85091E-02
  7.44141E-01  1.82207E-02
  7.48047E-01  1.79381E-02
  7.51953E-01  1.76640E-02
  7.55859E-01  1.73927E-02
  7.59766E-01  1.71278E-02
  7.63672E-01  1.68690E-02
  7.67578E-01  1.66148E-02
  7.71484E-01  1.63656E-02
  7.75391E-01  1.61201E-02
  7.79297E-01  1.58820E-02
  7.83203E-01  1.56459E-02
  7.87109E-01  1.54142E-02
  7.91016E-01  1.51906E-02
  7.94922E-01  1.49710E-02
  7.98828E-01  1.47518E-02
  8.02734E-01  1.45397E-02
  8.06641E-01  1.43300E-02
  8.10547E-01  1.41250E-02
  8.14453E-01  1.39254E-02
  8.18359E-01  1.37274E-02
  8.22266E-01  1.35346E-02
  8.26172E-01  1.33457E-02
  8.30078E-01  1.31576E-02
  8.33984E-01  1.29768E-02
  8.37891E-01  1.27975E-02
  8.41797E-01  1.26199E-02
  8.45703E-01  1.24467E-02
  8.49609E-01  1.22784E-02
  8.53516E-01  1.21108E-02
  8.57422E-01  1.19472E-02
  8.61328E-01  1.17859E-02
  8.65234E-01  1.16296E-02
  8.69141E-01  1.14731E-02
  8.73047E-01  1.13208E-02
  8.76953E-01  1.11713E-02
  8.80859E-01  1.10236E-02
  8.84766E-01  1.08798E-02
  8.88672E-01  1.07385E-02
  8.92578E-01  1.05976E-02
  8.96484E-01  1.04619E-02
  9.00391E-01  1.03273E-02
  9.04297E-01  1.01945E-02
  9.08203E-01  1.00651E-02
  9.12109E-01  9.93801E-03
  9.16016E-01  9.81269E-03
  9.19922E-01  9.69071E-03
  9.23828E-01  9.57063E-03
  9.27734E-01  9.45108E-03
  9.31641E-01  9.33547E-03
  9.35547E-01  9.22039E-03
  9.39453E-01  9.11011E-03
  9.43359E-01  8.99993E-03
  9.47266E-01  8.89235E-03
  9.51172E-01  8.78714E-03
  9.55078E-01  8.68406E-03
  9.58984E-01  8.58336E-03
  9.62891E-01  8.48447E-03
  9.66797E-01  8.38825E-03
  9.70703E-01  8.29444E-03
  9.74609E-01  8.20393E-03
  9.78516E-01  8.11449E-03
  9.82422E-01  8.02864E-03
  9.86328E-01  7.94657E-03
  9.90234E-01  7.86880E-03
  9.94141E-01  7.80298E-03
  9.98047E-01  7.77227E-03
  1.00195E+00  7.77227E-03
