 -1.95312E-03  9.48618E+00
  1.95312E-03  9.48738E+00
  5.85938E-03  9.48261E+00
  9.76562E-03  9.47793E+00
  1.36719E-02  9.47271E+00
  1.75781E-02  9.46686E+00
  2.14844E-02  9.46037E+00
  2.53906E-02  9.45324E+00
  2.92969E-02  9.44544E+00
  3.32031E-02  9.43701E+00
  3.71094E-02  9.42793E+00
  4.10156E-02  9.41820E+00
  4.49219E-02  9.40782E+00
  4.88281E-02  9.39680E+00
  5.27344E-02  9.38513E+00
  5.66406E-02  9.37283E+00
  6.05469E-02  9.35987E+00
  6.44531E-02  9.34628E+00
  6.83594E-02  9.33204E+00
  7.22656E-02  9.31717E+00
  7.61719E-02  9.30164E+00
  8.00781E-02  9.28547E+00
  8.39844E-02  9.26866E+00
  8.78906E-02  9.25120E+00
  9.17969E-02  9.23310E+00
  9.57031E-02  9.21434E+00
  9.96094E-02  9.19494E+00
  1.03516E-01  9.17488E+00
  1.07422E-01  9.15416E+00
  1.11328E-01  9.13279E+00
  1.15234E-01  9.11076E+00
  1.19141E-01  9.08806E+00
  1.23047E-01  9.06469E+00
  1.26953E-01  9.04064E+00
  1.30859E-01  9.01592E+00
  1.34766E-01  8.99052E+00
  1.38672E-01  8.96442E+00
  1.42578E-01  8.93764E+00
  1.46484E-01  8.91016E+00
  1.50391E-01  8.88198E+00
  1.54297E-01  8.85308E+00
  1.58203E-01  8.82346E+00
  1.62109E-01  8.79311E+00
  1.66016E-01  8.76203E+00
  1.69922E-01  8.73020E+00
  1.73828E-01  8.69762E+00
  1.77734E-01  8.66427E+00
  1.81641E-01  8.63016E+00
  1.85547E-01  8.59526E+00
  1.89453E-01  8.55956E+00
  1.93359E-01  8.52306E+00
  1.97266E-01  8.48573E+00
  2.01172E-01  8.44757E+00
  2.05078E-01  8.40855E+00
  2.08984E-01  8.36866E+00
  2.12891E-01  8.32789E+00
  2.16797E-01  8.28622E+00
  2.20703E-01  8.24364E+00
  2.24609E-01  8.20010E+00
  2.28516E-01  8.15562E+00
  2.32422E-01  8.11016E+00
  2.36328E-01  8.06369E+00
  2.40234E-01  8.01620E+00
  2.44141E-01  7.96765E+00
  2.48047E-01  7.91802E+00
  2.51953E-01  7.86727E+00
  2.55859E-01  7.81538E+00
  2.59766E-01  7.76230E+00
  2.63672E-01  7.70801E+00
  2.67578E-01  7.65246E+00
  2.71484E-01  7.59561E+00
  2.75391E-01  7.53740E+00
  2.79297E-01  7.47781E+00
  2.83203E-01  7.41676E+00
  2.87109E-01  7.35421E+00
  2.91016E-01  7.29008E+00
  2.94922E-01  7.22432E+00
  2.98828E-01  7.15684E+00
  3.02734E-01  7.08757E+00
  3.06641E-01  7.01641E+00
  3.10547E-01  6.94328E+00
  3.14453E-01  6.86807E+00
  3.18359E-01  6.79064E+00
  3.22266E-01  6.71087E+00
  3.26172E-01  6.62862E+00
  3.30078E-01  6.54373E+00
  3.33984E-01  6.45600E+00
  3.37891E-01  6.36523E+00
  3.41797E-01  6.27119E+00
  3.45703E-01  6.17345E+00
  3.49609E-01  6.06798E+00
  3.53516E-01  5.85190E+00
  3.57422E-01  7.72735E-02
  3.61328E-01  7.51060E-02
  3.65234E-01  7.27670E-02
  3.69141E-01  7.05955E-02
  3.73047E-01  6.84108E-02
  3.76953E-01  6.63484E-02
  3.80859E-01  6.42856E-02
  3.84766E-01  6.23618E-02
  3.88672E-01  6.04596E-02
  3.92578E-01  5.87049E-02
  3.96484E-01  5.69716E-02
  4.00391E-01  5.53635E-02
  4.04297E-01  5.37833E-02
  4.08203E-01  5.23201E-02
  4.12109E-01  5.08468E-02
  4.16016E-01  4.94516E-02
  4.19922E-01  4.81011E-02
  4.23828E-01  4.67807E-02
  4.27734E-01  4.55289E-02
  4.31641E-01  4.43033E-02
  4.35547E-01  4.31730E-02
  4.39453E-01  4.20329E-02
  4.43359E-01  4.09383E-02
  4.47266E-01  3.98612E-02
  4.51172E-01  3.88517E-02
  4.55078E-01  3.78514E-02
  4.58984E-01  3.69075E-02
  4.62891E-01  3.59949E-02
  4.66797E-01  3.51215E-02
  4.70703E-01  3.42420E-02
  4.74609E-01  3.34008E-02
  4.78516E-01  3.25942E-02
  4.82422E-01  3.18301E-02
  4.86328E-01  3.10724E-02
  4.90234E-01  3.03404E-02
  4.94141E-01  2.96241E-02
  4.98047E-01  2.89436E-02
  5.01953E-01  2.82731E-02
  5.05859E-01  2.76303E-02
  5.09766E-01  2.69993E-02
  5.13672E-01  2.63978E-02
  5.17578E-01  2.58061E-02
  5.21484E-01  2.52359E-02
  5.25391E-01  2.46728E-02
  5.29297E-01  2.41399E-02
  5.33203E-01  2.36140E-02
  5.37109E-01  2.31088E-02
  5.41016E-01  2.26088E-02
  5.44922E-01  2.21344E-02
  5.48828E-01  2.16608E-02
  5.52734E-01  2.12127E-02
  5.56641E-01  2.07681E-02
  5.60547E-01  2.03442E-02
  5.64453E-01  1.99215E-02
  5.68359E-01  1.95202E-02
  5.72266E-01  1.91216E-02
  5.76172E-01  1.87431E-02
  5.80078E-01  1.83639E-02
  5.83984E-01  1.80033E-02
  5.87891E-01  1.76442E-02
  5.91797E-01  1.73037E-02
  5.95703E-01  1.69643E-02
  5.99609E-01  1.66393E-02
  6.03516E-01  1.63161E-02
  6.07422E-01  1.60058E-02
  6.11328E-01  1.57034E-02
  6.15234E-01  1.54096E-02
  6.19141E-01  1.51189E-02
  6.23047E-01  1.48378E-02
  6.26953E-01  1.45596E-02
  6.30859E-01  1.42957E-02
  6.34766E-01  1.40340E-02
  6.38672E-01  1.37806E-02
  6.42578E-01  1.35296E-02
  6.46484E-01  1.32876E-02
  6.50391E-01  1.30491E-02
  6.54297E-01  1.28189E-02
  6.58203E-01  1.25916E-02
  6.62109E-01  1.23727E-02
  6.66016E-01  1.21579E-02
  6.69922E-01  1.19481E-02
  6.73828E-01  1.17399E-02
  6.77734E-01  1.15381E-02
  6.81641E-01  1.13428E-02
  6.85547E-01  1.11513E-02
  6.89453E-01  1.09643E-02
  6.93359E-01  1.07784E-02
  6.97266E-01  1.05995E-02
  7.01172E-01  1.04247E-02
  7.05078E-01  1.02548E-02
  7.08984E-01  1.00870E-02
  7.12891E-01  9.92123E-03
  7.16797E-01  9.75963E-03
  7.20703E-01  9.60365E-03
  7.24609E-01  9.44928E-03
  7.28516E-01  9.29853E-03
  7.32422E-01  9.15122E-03
  7.36328E-01  9.00712E-03
  7.40234E-01  8.86575E-03
  7.44141E-01  8.72720E-03
  7.48047E-01  8.59156E-03
  7.51953E-01  8.45795E-03
  7.55859E-01  8.32903E-03
  7.59766E-01  8.20253E-03
  7.63672E-01  8.07736E-03
  7.67578E-01  7.95437E-03
  7.71484E-01  7.83364E-03
  7.75391E-01  7.71708E-03
  7.79297E-01  7.60297E-03
  7.83203E-01  7.48884E-03
  7.87109E-01  7.37804E-03
  7.91016E-01  7.27048E-03
  7.94922E-01  7.16440E-03
  7.98828E-01  7.05961E-03
  8.02734E-01  6.95773E-03
  8.06641E-01  6.85711E-03
  8.10547E-01  6.75944E-03
  8.14453E-01  6.66383E-03
  8.18359E-01  6.56847E-03
  8.22266E-01  6.47514E-03
  8.26172E-01  6.38445E-03
  8.30078E-01  6.29557E-03
  8.33984E-01  6.20814E-03
  8.37891E-01  6.12234E-03
  8.41797E-01  6.03847E-03
  8.45703E-01  5.95493E-03
  8.49609E-01  5.87368E-03
  8.53516E-01  5.79539E-03
  8.57422E-01  5.71707E-03
  8.61328E-01  5.63962E-03
  8.65234E-01  5.56454E-03
  8.69141E-01  5.49097E-03
  8.73047E-01  5.41795E-03
  8.76953E-01  5.34639E-03
  8.80859E-01  5.27670E-03
  8.84766E-01  5.20801E-03
  8.88672E-01  5.14080E-03
  8.92578E-01  5.07476E-03
  8.96484E-01  5.00962E-03
  9.00391E-01  4.94591E-03
  9.04297E-01  4.88371E-03
  9.08203E-01  4.82178E-03
  9.12109E-01  4.76101E-03
  9.16016E-01  4.70161E-03
  9.19922E-01  4.64429E-03
  9.23828E-01  4.58695E-03
  9.27734E-01  4.53067E-03
  9.31641E-01  4.47555E-03
  9.35547E-01  4.42181E-03
  9.39453E-01  4.36851E-03
  9.43359E-01  4.31664E-03
  9.47266E-01  4.26557E-03
  9.51172E-01  4.21591E-03
  9.55078E-01  4.16654E-03
  9.58984E-01  4.11837E-03
  9.62891E-01  4.07148E-03
  9.66797E-01  4.02460E-03
  9.70703E-01  3.97972E-03
  9.74609E-01  3.93551E-03
  9.78516E-01  3.89278E-03
  9.82422E-01  3.85138E-03
  9.86328E-01  3.81092E-03
  9.90234E-01  3.77356E-03
  9.94141E-01  3.74220E-03
  9.98047E-01  3.72747E-03
  1.00195E+00  3.72747E-03
