 -1.95312E-03  9.42443E+00
  1.95312E-03  9.42561E+00
  5.85938E-03  9.42084E+00
  9.76562E-03  9.41615E+00
  1.36719E-02  9.41090E+00
  1.75781E-02  9.40502E+00
  2.14844E-02  9.39850E+00
  2.53906E-02  9.39132E+00
  2.92969E-02  9.38348E+00
  3.32031E-02  9.37499E+00
  3.71094E-02  9.36585E+00
  4.10156E-02  9.35605E+00
  4.49219E-02  9.34561E+00
  4.88281E-02  9.33451E+00
  5.27344E-02  9.32276E+00
  5.66406E-02  9.31037E+00
  6.05469E-02  9.29732E+00
  6.44531E-02  9.28362E+00
  6.83594E-02  9.26927E+00
  7.22656E-02  9.25427E+00
  7.61719E-02  9.23863E+00
  8.00781E-02  9.22233E+00
  8.39844E-02  9.20537E+00
  8.78906E-02  9.18777E+00
  9.17969E-02  9.16951E+00
  9.57031E-02  9.15059E+00
  9.96094E-02  9.13101E+00
  1.03516E-01  9.11078E+00
  1.07422E-01  9.08988E+00
  1.11328E-01  9.06831E+00
  1.15234E-01  9.04607E+00
  1.19141E-01  9.02317E+00
  1.23047E-01  8.99958E+00
  1.26953E-01  8.97531E+00
  1.30859E-01  8.95035E+00
  1.34766E-01  8.92469E+00
  1.38672E-01  8.89835E+00
  1.42578E-01  8.87130E+00
  1.46484E-01  8.84354E+00
  1.50391E-01  8.81507E+00
  1.54297E-01  8.78587E+00
  1.58203E-01  8.75594E+00
  1.62109E-01  8.72528E+00
  1.66016E-01  8.69387E+00
  1.69922E-01  8.66170E+00
  1.73828E-01  8.62878E+00
  1.77734E-01  8.59507E+00
  1.81641E-01  8.56058E+00
  1.85547E-01  8.52529E+00
  1.89453E-01  8.48920E+00
  1.93359E-01  8.45228E+00
  1.97266E-01  8.41454E+00
  2.01172E-01  8.37594E+00
  2.05078E-01  8.33648E+00
  2.08984E-01  8.29615E+00
  2.12891E-01  8.25491E+00
  2.16797E-01  8.21276E+00
  2.20703E-01  8.16967E+00
  2.24609E-01  8.12561E+00
  2.28516E-01  8.08059E+00
  2.32422E-01  8.03456E+00
  2.36328E-01  7.98751E+00
  2.40234E-01  7.93941E+00
  2.44141E-01  7.89022E+00
  2.48047E-01  7.83993E+00
  2.51953E-01  7.78850E+00
  2.55859E-01  7.73590E+00
  2.59766E-01  7.68208E+00
  2.63672E-01  7.62700E+00
  2.67578E-01  7.57064E+00
  2.71484E-01  7.51294E+00
  2.75391E-01  7.45385E+00
  2.79297E-01  7.39333E+00
  2.83203E-01  7.33130E+00
  2.87109E-01  7.26773E+00
  2.91016E-01  7.20253E+00
  2.94922E-01  7.13564E+00
  2.98828E-01  7.06698E+00
  3.02734E-01  6.99645E+00
  3.06641E-01  6.92397E+00
  3.10547E-01  6.84943E+00
  3.14453E-01  6.77271E+00
  3.18359E-01  6.69369E+00
  3.22266E-01  6.61223E+00
  3.26172E-01  6.52817E+00
  3.30078E-01  6.44132E+00
  3.33984E-01  6.35150E+00
  3.37891E-01  6.25847E+00
  3.41797E-01  6.16196E+00
  3.45703E-01  6.06154E+00
  3.49609E-01  5.95276E+00
  3.53516E-01  5.72945E+00
  3.57422E-01  1.40011E-01
  3.61328E-01  1.34329E-01
  3.65234E-01  1.30905E-01
  3.69141E-01  1.26804E-01
  3.73047E-01  1.23013E-01
  3.76953E-01  1.19223E-01
  3.80859E-01  1.15705E-01
  3.84766E-01  1.12186E-01
  3.88672E-01  1.08957E-01
  3.92578E-01  1.05723E-01
  3.96484E-01  1.02747E-01
  4.00391E-01  9.97864E-02
  4.04297E-01  9.70943E-02
  4.08203E-01  9.43817E-02
  4.12109E-01  9.18603E-02
  4.16016E-01  8.93354E-02
  4.19922E-01  8.69410E-02
  4.23828E-01  8.45450E-02
  4.27734E-01  8.22763E-02
  4.31641E-01  8.00114E-02
  4.35547E-01  7.78690E-02
  4.39453E-01  7.57618E-02
  4.43359E-01  7.38035E-02
  4.47266E-01  7.18706E-02
  4.51172E-01  7.00835E-02
  4.55078E-01  6.83242E-02
  4.58984E-01  6.66275E-02
  4.62891E-01  6.49190E-02
  4.66797E-01  6.32702E-02
  4.70703E-01  6.16488E-02
  4.74609E-01  6.01015E-02
  4.78516E-01  5.85850E-02
  4.82422E-01  5.71601E-02
  4.86328E-01  5.57750E-02
  4.90234E-01  5.44925E-02
  4.94141E-01  5.32190E-02
  4.98047E-01  5.20193E-02
  5.01953E-01  5.08461E-02
  5.05859E-01  4.97842E-02
  5.09766E-01  4.87322E-02
  5.13672E-01  4.76791E-02
  5.17578E-01  4.66235E-02
  5.21484E-01  4.55698E-02
  5.25391E-01  4.45391E-02
  5.29297E-01  4.35614E-02
  5.33203E-01  4.26364E-02
  5.37109E-01  4.17448E-02
  5.41016E-01  4.08680E-02
  5.44922E-01  4.00007E-02
  5.48828E-01  3.91524E-02
  5.52734E-01  3.83294E-02
  5.56641E-01  3.75374E-02
  5.60547E-01  3.67709E-02
  5.64453E-01  3.60279E-02
  5.68359E-01  3.52996E-02
  5.72266E-01  3.45891E-02
  5.76172E-01  3.38954E-02
  5.80078E-01  3.32210E-02
  5.83984E-01  3.25666E-02
  5.87891E-01  3.19298E-02
  5.91797E-01  3.13078E-02
  5.95703E-01  3.07004E-02
  5.99609E-01  3.01080E-02
  6.03516E-01  2.95336E-02
  6.07422E-01  2.89739E-02
  6.11328E-01  2.84277E-02
  6.15234E-01  2.78939E-02
  6.19141E-01  2.73735E-02
  6.23047E-01  2.68684E-02
  6.26953E-01  2.63744E-02
  6.30859E-01  2.58918E-02
  6.34766E-01  2.54200E-02
  6.38672E-01  2.49614E-02
  6.42578E-01  2.45148E-02
  6.46484E-01  2.40763E-02
  6.50391E-01  2.36470E-02
  6.54297E-01  2.32301E-02
  6.58203E-01  2.28249E-02
  6.62109E-01  2.24260E-02
  6.66016E-01  2.20356E-02
  6.69922E-01  2.16552E-02
  6.73828E-01  2.12840E-02
  6.77734E-01  2.09222E-02
  6.81641E-01  2.05658E-02
  6.85547E-01  2.02189E-02
  6.89453E-01  1.98802E-02
  6.93359E-01  1.95481E-02
  6.97266E-01  1.92242E-02
  7.01172E-01  1.89092E-02
  7.05078E-01  1.85994E-02
  7.08984E-01  1.82944E-02
  7.12891E-01  1.79958E-02
  7.16797E-01  1.77075E-02
  7.20703E-01  1.74256E-02
  7.24609E-01  1.71458E-02
  7.28516E-01  1.68727E-02
  7.32422E-01  1.66057E-02
  7.36328E-01  1.63454E-02
  7.40234E-01  1.60912E-02
  7.44141E-01  1.58391E-02
  7.48047E-01  1.55939E-02
  7.51953E-01  1.53550E-02
  7.55859E-01  1.51184E-02
  7.59766E-01  1.48870E-02
  7.63672E-01  1.46616E-02
  7.67578E-01  1.44409E-02
  7.71484E-01  1.42231E-02
  7.75391E-01  1.40119E-02
  7.79297E-01  1.38038E-02
  7.83203E-01  1.35994E-02
  7.87109E-01  1.33973E-02
  7.91016E-01  1.32007E-02
  7.94922E-01  1.30107E-02
  7.98828E-01  1.28211E-02
  8.02734E-01  1.26356E-02
  8.06641E-01  1.24550E-02
  8.10547E-01  1.22767E-02
  8.14453E-01  1.21013E-02
  8.18359E-01  1.19314E-02
  8.22266E-01  1.17618E-02
  8.26172E-01  1.15971E-02
  8.30078E-01  1.14352E-02
  8.33984E-01  1.12748E-02
  8.37891E-01  1.11203E-02
  8.41797E-01  1.09677E-02
  8.45703E-01  1.08155E-02
  8.49609E-01  1.06684E-02
  8.53516E-01  1.05241E-02
  8.57422E-01  1.03815E-02
  8.61328E-01  1.02405E-02
  8.65234E-01  1.01037E-02
  8.69141E-01  9.96877E-03
  8.73047E-01  9.83708E-03
  8.76953E-01  9.70595E-03
  8.80859E-01  9.57944E-03
  8.84766E-01  9.45305E-03
  8.88672E-01  9.32976E-03
  8.92578E-01  9.20958E-03
  8.96484E-01  9.09028E-03
  9.00391E-01  8.97288E-03
  9.04297E-01  8.85978E-03
  9.08203E-01  8.74696E-03
  9.12109E-01  8.63650E-03
  9.16016E-01  8.52857E-03
  9.19922E-01  8.42186E-03
  9.23828E-01  8.31639E-03
  9.27734E-01  8.21411E-03
  9.31641E-01  8.11400E-03
  9.35547E-01  8.01487E-03
  9.39453E-01  7.91866E-03
  9.43359E-01  7.82251E-03
  9.47266E-01  7.73024E-03
  9.51172E-01  7.63874E-03
  9.55078E-01  7.54944E-03
  9.58984E-01  7.46197E-03
  9.62891E-01  7.37626E-03
  9.66797E-01  7.29302E-03
  9.70703E-01  7.21169E-03
  9.74609E-01  7.13258E-03
  9.78516E-01  7.05451E-03
  9.82422E-01  6.98010E-03
  9.86328E-01  6.90842E-03
  9.90234E-01  6.84051E-03
  9.94141E-01  6.78334E-03
  9.98047E-01  6.75665E-03
  1.00195E+00  6.75665E-03
