 -1.95312E-03  9.27455E+00
  1.95312E-03  9.27544E+00
  5.85938E-03  9.27069E+00
  9.76562E-03  9.26595E+00
  1.36719E-02  9.26065E+00
  1.75781E-02  9.25471E+00
  2.14844E-02  9.24810E+00
  2.53906E-02  9.24082E+00
  2.92969E-02  9.23287E+00
  3.32031E-02  9.22425E+00
  3.71094E-02  9.21496E+00
  4.10156E-02  9.20499E+00
  4.49219E-02  9.19436E+00
  4.88281E-02  9.18306E+00
  5.27344E-02  9.17110E+00
  5.66406E-02  9.15847E+00
  6.05469E-02  9.14518E+00
  6.44531E-02  9.13122E+00
  6.83594E-02  9.11659E+00
  7.22656E-02  9.10130E+00
  7.61719E-02  9.08534E+00
  8.00781E-02  9.06871E+00
  8.39844E-02  9.05140E+00
  8.78906E-02  9.03343E+00
  9.17969E-02  9.01478E+00
  9.57031E-02  8.99545E+00
  9.96094E-02  8.97545E+00
  1.03516E-01  8.95477E+00
  1.07422E-01  8.93341E+00
  1.11328E-01  8.91136E+00
  1.15234E-01  8.88862E+00
  1.19141E-01  8.86518E+00
  1.23047E-01  8.84105E+00
  1.26953E-01  8.81621E+00
  1.30859E-01  8.79067E+00
  1.34766E-01  8.76441E+00
  1.38672E-01  8.73743E+00
  1.42578E-01  8.70973E+00
  1.46484E-01  8.68129E+00
  1.50391E-01  8.65211E+00
  1.54297E-01  8.62219E+00
  1.58203E-01  8.59151E+00
  1.62109E-01  8.56006E+00
  1.66016E-01  8.52784E+00
  1.69922E-01  8.49484E+00
  1.73828E-01  8.46104E+00
  1.77734E-01  8.42644E+00
  1.81641E-01  8.39102E+00
  1.85547E-01  8.35477E+00
  1.89453E-01  8.31768E+00
  1.93359E-01  8.27973E+00
  1.97266E-01  8.24092E+00
  2.01172E-01  8.20121E+00
  2.05078E-01  8.16060E+00
  2.08984E-01  8.11907E+00
  2.12891E-01  8.07660E+00
  2.16797E-01  8.03317E+00
  2.20703E-01  7.98875E+00
  2.24609E-01  7.94332E+00
  2.28516E-01  7.89686E+00
  2.32422E-01  7.84934E+00
  2.36328E-01  7.80075E+00
  2.40234E-01  7.75103E+00
  2.44141E-01  7.70018E+00
  2.48047E-01  7.64815E+00
  2.51953E-01  7.59490E+00
  2.55859E-01  7.54040E+00
  2.59766E-01  7.48461E+00
  2.63672E-01  7.42748E+00
  2.67578E-01  7.36896E+00
  2.71484E-01  7.30901E+00
  2.75391E-01  7.24757E+00
  2.79297E-01  7.18458E+00
  2.83203E-01  7.11997E+00
  2.87109E-01  7.05368E+00
  2.91016E-01  6.98562E+00
  2.94922E-01  6.91571E+00
  2.98828E-01  6.84386E+00
  3.02734E-01  6.76997E+00
  3.06641E-01  6.69392E+00
  3.10547E-01  6.61560E+00
  3.14453E-01  6.53485E+00
  3.18359E-01  6.45154E+00
  3.22266E-01  6.36548E+00
  3.26172E-01  6.27648E+00
  3.30078E-01  6.18432E+00
  3.33984E-01  6.08875E+00
  3.37891E-01  5.98947E+00
  3.41797E-01  5.88616E+00
  3.45703E-01  5.77819E+00
  3.49609E-01  5.65999E+00
  3.53516E-01  5.41597E+00
  3.57422E-01  3.00952E-01
  3.61328E-01  2.75923E-01
  3.65234E-01  2.69462E-01
  3.69141E-01  2.61139E-01
  3.73047E-01  2.53469E-01
  3.76953E-01  2.45793E-01
  3.80859E-01  2.38716E-01
  3.84766E-01  2.31632E-01
  3.88672E-01  2.25082E-01
  3.92578E-01  2.18523E-01
  3.96484E-01  2.12456E-01
  4.00391E-01  2.06383E-01
  4.04297E-01  2.00767E-01
  4.08203E-01  1.95151E-01
  4.12109E-01  1.89945E-01
  4.16016E-01  1.84732E-01
  4.19922E-01  1.79884E-01
  4.23828E-01  1.75027E-01
  4.27734E-01  1.70504E-01
  4.31641E-01  1.65986E-01
  4.35547E-01  1.61782E-01
  4.39453E-01  1.57567E-01
  4.43359E-01  1.53629E-01
  4.47266E-01  1.49684E-01
  4.51172E-01  1.45998E-01
  4.55078E-01  1.42312E-01
  4.58984E-01  1.38858E-01
  4.62891E-01  1.35421E-01
  4.66797E-01  1.32206E-01
  4.70703E-01  1.28998E-01
  4.74609E-01  1.25969E-01
  4.78516E-01  1.22931E-01
  4.82422E-01  1.20060E-01
  4.86328E-01  1.17204E-01
  4.90234E-01  1.14498E-01
  4.94141E-01  1.11834E-01
  4.98047E-01  1.09350E-01
  5.01953E-01  1.06865E-01
  5.05859E-01  1.04485E-01
  5.09766E-01  1.02148E-01
  5.13672E-01  9.99411E-02
  5.17578E-01  9.77257E-02
  5.21484E-01  9.56137E-02
  5.25391E-01  9.35289E-02
  5.29297E-01  9.15609E-02
  5.33203E-01  8.96096E-02
  5.37109E-01  8.77541E-02
  5.41016E-01  8.59194E-02
  5.44922E-01  8.41683E-02
  5.48828E-01  8.24195E-02
  5.52734E-01  8.07525E-02
  5.56641E-01  7.91049E-02
  5.60547E-01  7.74860E-02
  5.64453E-01  7.59045E-02
  5.68359E-01  7.43475E-02
  5.72266E-01  7.28737E-02
  5.76172E-01  7.14317E-02
  5.80078E-01  7.00783E-02
  5.83984E-01  6.87410E-02
  5.87891E-01  6.74677E-02
  5.91797E-01  6.62107E-02
  5.95703E-01  6.49831E-02
  5.99609E-01  6.37382E-02
  6.03516E-01  6.24931E-02
  6.07422E-01  6.12570E-02
  6.11328E-01  6.00694E-02
  6.15234E-01  5.89451E-02
  6.19141E-01  5.78692E-02
  6.23047E-01  5.68166E-02
  6.26953E-01  5.57800E-02
  6.30859E-01  5.47633E-02
  6.34766E-01  5.37719E-02
  6.38672E-01  5.28093E-02
  6.42578E-01  5.18711E-02
  6.46484E-01  5.09464E-02
  6.50391E-01  5.00289E-02
  6.54297E-01  4.91244E-02
  6.58203E-01  4.82353E-02
  6.62109E-01  4.73760E-02
  6.66016E-01  4.65539E-02
  6.69922E-01  4.57726E-02
  6.73828E-01  4.50135E-02
  6.77734E-01  4.42679E-02
  6.81641E-01  4.35360E-02
  6.85547E-01  4.28177E-02
  6.89453E-01  4.21102E-02
  6.93359E-01  4.14206E-02
  6.97266E-01  4.07415E-02
  7.01172E-01  4.00774E-02
  7.05078E-01  3.94269E-02
  7.08984E-01  3.87916E-02
  7.12891E-01  3.81673E-02
  7.16797E-01  3.75558E-02
  7.20703E-01  3.69648E-02
  7.24609E-01  3.63812E-02
  7.28516E-01  3.58067E-02
  7.32422E-01  3.52525E-02
  7.36328E-01  3.47036E-02
  7.40234E-01  3.41680E-02
  7.44141E-01  3.36407E-02
  7.48047E-01  3.31245E-02
  7.51953E-01  3.26208E-02
  7.55859E-01  3.21259E-02
  7.59766E-01  3.16394E-02
  7.63672E-01  3.11640E-02
  7.67578E-01  3.06992E-02
  7.71484E-01  3.02449E-02
  7.75391E-01  2.97941E-02
  7.79297E-01  2.93574E-02
  7.83203E-01  2.89273E-02
  7.87109E-01  2.85051E-02
  7.91016E-01  2.80928E-02
  7.94922E-01  2.76879E-02
  7.98828E-01  2.72884E-02
  8.02734E-01  2.68981E-02
  8.06641E-01  2.65151E-02
  8.10547E-01  2.61385E-02
  8.14453E-01  2.57698E-02
  8.18359E-01  2.54068E-02
  8.22266E-01  2.50503E-02
  8.26172E-01  2.47058E-02
  8.30078E-01  2.43608E-02
  8.33984E-01  2.40247E-02
  8.37891E-01  2.36958E-02
  8.41797E-01  2.33722E-02
  8.45703E-01  2.30555E-02
  8.49609E-01  2.27423E-02
  8.53516E-01  2.24359E-02
  8.57422E-01  2.21340E-02
  8.61328E-01  2.18370E-02
  8.65234E-01  2.15475E-02
  8.69141E-01  2.12615E-02
  8.73047E-01  2.09797E-02
  8.76953E-01  2.07054E-02
  8.80859E-01  2.04319E-02
  8.84766E-01  2.01677E-02
  8.88672E-01  1.99042E-02
  8.92578E-01  1.96494E-02
  8.96484E-01  1.93960E-02
  9.00391E-01  1.91475E-02
  9.04297E-01  1.89030E-02
  9.08203E-01  1.86634E-02
  9.12109E-01  1.84274E-02
  9.16016E-01  1.81951E-02
  9.19922E-01  1.79672E-02
  9.23828E-01  1.77416E-02
  9.27734E-01  1.75210E-02
  9.31641E-01  1.73048E-02
  9.35547E-01  1.70909E-02
  9.39453E-01  1.68800E-02
  9.43359E-01  1.66748E-02
  9.47266E-01  1.64732E-02
  9.51172E-01  1.62752E-02
  9.55078E-01  1.60805E-02
  9.58984E-01  1.58909E-02
  9.62891E-01  1.57040E-02
  9.66797E-01  1.55231E-02
  9.70703E-01  1.53464E-02
  9.74609E-01  1.51740E-02
  9.78516E-01  1.50089E-02
  9.82422E-01  1.48503E-02
  9.86328E-01  1.46988E-02
  9.90234E-01  1.45586E-02
  9.94141E-01  1.44381E-02
  9.98047E-01  1.43815E-02
  1.00195E+00  1.43815E-02
