 -1.95312E-03  9.36676E+00
  1.95312E-03  9.36748E+00
  5.85938E-03  9.36275E+00
  9.76562E-03  9.35803E+00
  1.36719E-02  9.35277E+00
  1.75781E-02  9.34687E+00
  2.14844E-02  9.34031E+00
  2.53906E-02  9.33310E+00
  2.92969E-02  9.32522E+00
  3.32031E-02  9.31669E+00
  3.71094E-02  9.30749E+00
  4.10156E-02  9.29763E+00
  4.49219E-02  9.28712E+00
  4.88281E-02  9.27595E+00
  5.27344E-02  9.26413E+00
  5.66406E-02  9.25164E+00
  6.05469E-02  9.23850E+00
  6.44531E-02  9.22471E+00
  6.83594E-02  9.21025E+00
  7.22656E-02  9.19514E+00
  7.61719E-02  9.17938E+00
  8.00781E-02  9.16295E+00
  8.39844E-02  9.14587E+00
  8.78906E-02  9.12813E+00
  9.17969E-02  9.10972E+00
  9.57031E-02  9.09065E+00
  9.96094E-02  9.07092E+00
  1.03516E-01  9.05052E+00
  1.07422E-01  9.02945E+00
  1.11328E-01  9.00771E+00
  1.15234E-01  8.98528E+00
  1.19141E-01  8.96218E+00
  1.23047E-01  8.93839E+00
  1.26953E-01  8.91391E+00
  1.30859E-01  8.88873E+00
  1.34766E-01  8.86285E+00
  1.38672E-01  8.83627E+00
  1.42578E-01  8.80897E+00
  1.46484E-01  8.78095E+00
  1.50391E-01  8.75222E+00
  1.54297E-01  8.72275E+00
  1.58203E-01  8.69254E+00
  1.62109E-01  8.66158E+00
  1.66016E-01  8.62987E+00
  1.69922E-01  8.59739E+00
  1.73828E-01  8.56413E+00
  1.77734E-01  8.53009E+00
  1.81641E-01  8.49525E+00
  1.85547E-01  8.45960E+00
  1.89453E-01  8.42313E+00
  1.93359E-01  8.38583E+00
  1.97266E-01  8.34768E+00
  2.01172E-01  8.30866E+00
  2.05078E-01  8.26876E+00
  2.08984E-01  8.22796E+00
  2.12891E-01  8.18625E+00
  2.16797E-01  8.14361E+00
  2.20703E-01  8.10001E+00
  2.24609E-01  8.05544E+00
  2.28516E-01  8.00987E+00
  2.32422E-01  7.96328E+00
  2.36328E-01  7.91564E+00
  2.40234E-01  7.86693E+00
  2.44141E-01  7.81711E+00
  2.48047E-01  7.76616E+00
  2.51953E-01  7.71404E+00
  2.55859E-01  7.66071E+00
  2.59766E-01  7.60615E+00
  2.63672E-01  7.55030E+00
  2.67578E-01  7.49312E+00
  2.71484E-01  7.43458E+00
  2.75391E-01  7.37460E+00
  2.79297E-01  7.31315E+00
  2.83203E-01  7.25015E+00
  2.87109E-01  7.18555E+00
  2.91016E-01  7.11928E+00
  2.94922E-01  7.05125E+00
  2.98828E-01  6.98138E+00
  3.02734E-01  6.90959E+00
  3.06641E-01  6.83577E+00
  3.10547E-01  6.75982E+00
  3.14453E-01  6.68161E+00
  3.18359E-01  6.60099E+00
  3.22266E-01  6.51782E+00
  3.26172E-01  6.43193E+00
  3.30078E-01  6.34313E+00
  3.33984E-01  6.25118E+00
  3.37891E-01  6.15586E+00
  3.41797E-01  6.05686E+00
  3.45703E-01  5.95368E+00
  3.49609E-01  5.84149E+00
  3.53516E-01  5.61073E+00
  3.57422E-01  2.00318E-01
  3.61328E-01  1.89268E-01
  3.65234E-01  1.84807E-01
  3.69141E-01  1.79025E-01
  3.73047E-01  1.73707E-01
  3.76953E-01  1.68379E-01
  3.80859E-01  1.63462E-01
  3.84766E-01  1.58539E-01
  3.88672E-01  1.53977E-01
  3.92578E-01  1.49409E-01
  3.96484E-01  1.45185E-01
  4.00391E-01  1.40975E-01
  4.04297E-01  1.37098E-01
  4.08203E-01  1.33218E-01
  4.12109E-01  1.29645E-01
  4.16016E-01  1.26056E-01
  4.19922E-01  1.22708E-01
  4.23828E-01  1.19368E-01
  4.27734E-01  1.16248E-01
  4.31641E-01  1.13131E-01
  4.35547E-01  1.10246E-01
  4.39453E-01  1.07376E-01
  4.43359E-01  1.04681E-01
  4.47266E-01  1.01997E-01
  4.51172E-01  9.94878E-02
  4.55078E-01  9.69756E-02
  4.58984E-01  9.45995E-02
  4.62891E-01  9.22249E-02
  4.66797E-01  8.99958E-02
  4.70703E-01  8.77694E-02
  4.74609E-01  8.56673E-02
  4.78516E-01  8.35963E-02
  4.82422E-01  8.16739E-02
  4.86328E-01  7.97587E-02
  4.90234E-01  7.79656E-02
  4.94141E-01  7.61996E-02
  4.98047E-01  7.45424E-02
  5.01953E-01  7.28668E-02
  5.05859E-01  7.12399E-02
  5.09766E-01  6.96140E-02
  5.13672E-01  6.80403E-02
  5.17578E-01  6.64713E-02
  5.21484E-01  6.49427E-02
  5.25391E-01  6.34410E-02
  5.29297E-01  6.20353E-02
  5.33203E-01  6.07129E-02
  5.37109E-01  5.94894E-02
  5.41016E-01  5.82512E-02
  5.44922E-01  5.70095E-02
  5.48828E-01  5.57751E-02
  5.52734E-01  5.45725E-02
  5.56641E-01  5.34160E-02
  5.60547E-01  5.22981E-02
  5.64453E-01  5.11974E-02
  5.68359E-01  5.01047E-02
  5.72266E-01  4.90438E-02
  5.76172E-01  4.80627E-02
  5.80078E-01  4.71740E-02
  5.83984E-01  4.63384E-02
  5.87891E-01  4.54839E-02
  5.91797E-01  4.46218E-02
  5.95703E-01  4.37609E-02
  5.99609E-01  4.29125E-02
  6.03516E-01  4.20863E-02
  6.07422E-01  4.12910E-02
  6.11328E-01  4.05204E-02
  6.15234E-01  3.97697E-02
  6.19141E-01  3.90334E-02
  6.23047E-01  3.83101E-02
  6.26953E-01  3.76064E-02
  6.30859E-01  3.69234E-02
  6.34766E-01  3.62558E-02
  6.38672E-01  3.56034E-02
  6.42578E-01  3.49671E-02
  6.46484E-01  3.43482E-02
  6.50391E-01  3.37435E-02
  6.54297E-01  3.31490E-02
  6.58203E-01  3.25711E-02
  6.62109E-01  3.20069E-02
  6.66016E-01  3.14538E-02
  6.69922E-01  3.09120E-02
  6.73828E-01  3.03833E-02
  6.77734E-01  2.98696E-02
  6.81641E-01  2.93641E-02
  6.85547E-01  2.88697E-02
  6.89453E-01  2.83892E-02
  6.93359E-01  2.79168E-02
  6.97266E-01  2.74565E-02
  7.01172E-01  2.70066E-02
  7.05078E-01  2.65656E-02
  7.08984E-01  2.61328E-02
  7.12891E-01  2.57109E-02
  7.16797E-01  2.52989E-02
  7.20703E-01  2.48960E-02
  7.24609E-01  2.44975E-02
  7.28516E-01  2.41086E-02
  7.32422E-01  2.37330E-02
  7.36328E-01  2.33613E-02
  7.40234E-01  2.29955E-02
  7.44141E-01  2.26374E-02
  7.48047E-01  2.22896E-02
  7.51953E-01  2.19475E-02
  7.55859E-01  2.16123E-02
  7.59766E-01  2.12844E-02
  7.63672E-01  2.09633E-02
  7.67578E-01  2.06454E-02
  7.71484E-01  2.03403E-02
  7.75391E-01  2.00367E-02
  7.79297E-01  1.97382E-02
  7.83203E-01  1.94498E-02
  7.87109E-01  1.91638E-02
  7.91016E-01  1.88830E-02
  7.94922E-01  1.86096E-02
  7.98828E-01  1.83400E-02
  8.02734E-01  1.80784E-02
  8.06641E-01  1.78166E-02
  8.10547E-01  1.75620E-02
  8.14453E-01  1.73133E-02
  8.18359E-01  1.70683E-02
  8.22266E-01  1.68287E-02
  8.26172E-01  1.65947E-02
  8.30078E-01  1.63609E-02
  8.33984E-01  1.61346E-02
  8.37891E-01  1.59122E-02
  8.41797E-01  1.56938E-02
  8.45703E-01  1.54775E-02
  8.49609E-01  1.52683E-02
  8.53516E-01  1.50622E-02
  8.57422E-01  1.48579E-02
  8.61328E-01  1.46588E-02
  8.65234E-01  1.44632E-02
  8.69141E-01  1.42693E-02
  8.73047E-01  1.40816E-02
  8.76953E-01  1.38940E-02
  8.80859E-01  1.37124E-02
  8.84766E-01  1.35339E-02
  8.88672E-01  1.33562E-02
  8.92578E-01  1.31830E-02
  8.96484E-01  1.30131E-02
  9.00391E-01  1.28450E-02
  9.04297E-01  1.26809E-02
  9.08203E-01  1.25197E-02
  9.12109E-01  1.23600E-02
  9.16016E-01  1.22053E-02
  9.19922E-01  1.20505E-02
  9.23828E-01  1.19008E-02
  9.27734E-01  1.17526E-02
  9.31641E-01  1.16090E-02
  9.35547E-01  1.14665E-02
  9.39453E-01  1.13260E-02
  9.43359E-01  1.11891E-02
  9.47266E-01  1.10550E-02
  9.51172E-01  1.09235E-02
  9.55078E-01  1.07943E-02
  9.58984E-01  1.06685E-02
  9.62891E-01  1.05452E-02
  9.66797E-01  1.04252E-02
  9.70703E-01  1.03073E-02
  9.74609E-01  1.01945E-02
  9.78516E-01  1.00843E-02
  9.82422E-01  9.97756E-03
  9.86328E-01  9.87583E-03
  9.90234E-01  9.78010E-03
  9.94141E-01  9.69824E-03
  9.98047E-01  9.66013E-03
  1.00195E+00  9.66013E-03
