 -1.95312E-03  9.31988E+00
  1.95312E-03  9.32079E+00
  5.85938E-03  9.31604E+00
  9.76562E-03  9.31132E+00
  1.36719E-02  9.30603E+00
  1.75781E-02  9.30011E+00
  2.14844E-02  9.29353E+00
  2.53906E-02  9.28629E+00
  2.92969E-02  9.27837E+00
  3.32031E-02  9.26980E+00
  3.71094E-02  9.26056E+00
  4.10156E-02  9.25065E+00
  4.49219E-02  9.24007E+00
  4.88281E-02  9.22884E+00
  5.27344E-02  9.21695E+00
  5.66406E-02  9.20439E+00
  6.05469E-02  9.19118E+00
  6.44531E-02  9.17730E+00
  6.83594E-02  9.16276E+00
  7.22656E-02  9.14756E+00
  7.61719E-02  9.13170E+00
  8.00781E-02  9.11518E+00
  8.39844E-02  9.09799E+00
  8.78906E-02  9.08013E+00
  9.17969E-02  9.06161E+00
  9.57031E-02  9.04241E+00
  9.96094E-02  9.02255E+00
  1.03516E-01  9.00201E+00
  1.07422E-01  8.98080E+00
  1.11328E-01  8.95891E+00
  1.15234E-01  8.93633E+00
  1.19141E-01  8.91307E+00
  1.23047E-01  8.88911E+00
  1.26953E-01  8.86446E+00
  1.30859E-01  8.83911E+00
  1.34766E-01  8.81305E+00
  1.38672E-01  8.78627E+00
  1.42578E-01  8.75878E+00
  1.46484E-01  8.73056E+00
  1.50391E-01  8.70161E+00
  1.54297E-01  8.67192E+00
  1.58203E-01  8.64148E+00
  1.62109E-01  8.61028E+00
  1.66016E-01  8.57832E+00
  1.69922E-01  8.54558E+00
  1.73828E-01  8.51206E+00
  1.77734E-01  8.47774E+00
  1.81641E-01  8.44261E+00
  1.85547E-01  8.40665E+00
  1.89453E-01  8.36987E+00
  1.93359E-01  8.33224E+00
  1.97266E-01  8.29374E+00
  2.01172E-01  8.25438E+00
  2.05078E-01  8.21411E+00
  2.08984E-01  8.17294E+00
  2.12891E-01  8.13083E+00
  2.16797E-01  8.08778E+00
  2.20703E-01  8.04376E+00
  2.24609E-01  7.99875E+00
  2.28516E-01  7.95273E+00
  2.32422E-01  7.90566E+00
  2.36328E-01  7.85754E+00
  2.40234E-01  7.80832E+00
  2.44141E-01  7.75797E+00
  2.48047E-01  7.70647E+00
  2.51953E-01  7.65378E+00
  2.55859E-01  7.59986E+00
  2.59766E-01  7.54468E+00
  2.63672E-01  7.48818E+00
  2.67578E-01  7.43032E+00
  2.71484E-01  7.37107E+00
  2.75391E-01  7.31035E+00
  2.79297E-01  7.24812E+00
  2.83203E-01  7.18431E+00
  2.87109E-01  7.11885E+00
  2.91016E-01  7.05168E+00
  2.94922E-01  6.98270E+00
  2.98828E-01  6.91184E+00
  3.02734E-01  6.83899E+00
  3.06641E-01  6.76405E+00
  3.10547E-01  6.68690E+00
  3.14453E-01  6.60741E+00
  3.18359E-01  6.52544E+00
  3.22266E-01  6.44083E+00
  3.26172E-01  6.35339E+00
  3.30078E-01  6.26292E+00
  3.33984E-01  6.16918E+00
  3.37891E-01  6.07189E+00
  3.41797E-01  5.97075E+00
  3.45703E-01  5.86520E+00
  3.49609E-01  5.75004E+00
  3.53516E-01  5.51274E+00
  3.57422E-01  2.50364E-01
  3.61328E-01  2.33263E-01
  3.65234E-01  2.27798E-01
  3.69141E-01  2.20728E-01
  3.73047E-01  2.14220E-01
  3.76953E-01  2.07706E-01
  3.80859E-01  2.01701E-01
  3.84766E-01  1.95684E-01
  3.88672E-01  1.90124E-01
  3.92578E-01  1.84554E-01
  3.96484E-01  1.79400E-01
  4.00391E-01  1.74246E-01
  4.04297E-01  1.69473E-01
  4.08203E-01  1.64689E-01
  4.12109E-01  1.60245E-01
  4.16016E-01  1.55806E-01
  4.19922E-01  1.51690E-01
  4.23828E-01  1.47573E-01
  4.27734E-01  1.43749E-01
  4.31641E-01  1.39910E-01
  4.35547E-01  1.36322E-01
  4.39453E-01  1.32727E-01
  4.43359E-01  1.29368E-01
  4.47266E-01  1.26005E-01
  4.51172E-01  1.22853E-01
  4.55078E-01  1.19754E-01
  4.58984E-01  1.16868E-01
  4.62891E-01  1.13974E-01
  4.66797E-01  1.11259E-01
  4.70703E-01  1.08546E-01
  4.74609E-01  1.05975E-01
  4.78516E-01  1.03418E-01
  4.82422E-01  1.01034E-01
  4.86328E-01  9.86471E-02
  4.90234E-01  9.63990E-02
  4.94141E-01  9.41735E-02
  4.98047E-01  9.20828E-02
  5.01953E-01  8.99965E-02
  5.05859E-01  8.80182E-02
  5.09766E-01  8.60292E-02
  5.13672E-01  8.41399E-02
  5.17578E-01  8.22643E-02
  5.21484E-01  8.04796E-02
  5.25391E-01  7.86936E-02
  5.29297E-01  7.69991E-02
  5.33203E-01  7.53259E-02
  5.37109E-01  7.37708E-02
  5.41016E-01  7.22511E-02
  5.44922E-01  7.08251E-02
  5.48828E-01  6.93934E-02
  5.52734E-01  6.80158E-02
  5.56641E-01  6.66343E-02
  5.60547E-01  6.52613E-02
  5.64453E-01  6.38830E-02
  5.68359E-01  6.25217E-02
  5.72266E-01  6.11951E-02
  5.76172E-01  5.99518E-02
  5.80078E-01  5.87895E-02
  5.83984E-01  5.76769E-02
  5.87891E-01  5.65721E-02
  5.91797E-01  5.54680E-02
  5.95703E-01  5.43802E-02
  5.99609E-01  5.33265E-02
  6.03516E-01  5.23093E-02
  6.07422E-01  5.13091E-02
  6.11328E-01  5.03163E-02
  6.15234E-01  4.93269E-02
  6.19141E-01  4.83656E-02
  6.23047E-01  4.74547E-02
  6.26953E-01  4.66007E-02
  6.30859E-01  4.57952E-02
  6.34766E-01  4.50060E-02
  6.38672E-01  4.42196E-02
  6.42578E-01  4.34390E-02
  6.46484E-01  4.26725E-02
  6.50391E-01  4.19245E-02
  6.54297E-01  4.11897E-02
  6.58203E-01  4.04745E-02
  6.62109E-01  3.97772E-02
  6.66016E-01  3.90920E-02
  6.69922E-01  3.84209E-02
  6.73828E-01  3.77682E-02
  6.77734E-01  3.71290E-02
  6.81641E-01  3.65043E-02
  6.85547E-01  3.58945E-02
  6.89453E-01  3.52980E-02
  6.93359E-01  3.47167E-02
  6.97266E-01  3.41453E-02
  7.01172E-01  3.35887E-02
  7.05078E-01  3.30418E-02
  7.08984E-01  3.25056E-02
  7.12891E-01  3.19834E-02
  7.16797E-01  3.14724E-02
  7.20703E-01  3.09673E-02
  7.24609E-01  3.04760E-02
  7.28516E-01  2.99967E-02
  7.32422E-01  2.95284E-02
  7.36328E-01  2.90632E-02
  7.40234E-01  2.86130E-02
  7.44141E-01  2.81739E-02
  7.48047E-01  2.77390E-02
  7.51953E-01  2.73164E-02
  7.55859E-01  2.69001E-02
  7.59766E-01  2.64912E-02
  7.63672E-01  2.60964E-02
  7.67578E-01  2.57037E-02
  7.71484E-01  2.53204E-02
  7.75391E-01  2.49436E-02
  7.79297E-01  2.45758E-02
  7.83203E-01  2.42140E-02
  7.87109E-01  2.38587E-02
  7.91016E-01  2.35120E-02
  7.94922E-01  2.31722E-02
  7.98828E-01  2.28352E-02
  8.02734E-01  2.25101E-02
  8.06641E-01  2.21885E-02
  8.10547E-01  2.18731E-02
  8.14453E-01  2.15634E-02
  8.18359E-01  2.12596E-02
  8.22266E-01  2.09615E-02
  8.26172E-01  2.06711E-02
  8.30078E-01  2.03838E-02
  8.33984E-01  2.00994E-02
  8.37891E-01  1.98232E-02
  8.41797E-01  1.95523E-02
  8.45703E-01  1.92834E-02
  8.49609E-01  1.90236E-02
  8.53516E-01  1.87650E-02
  8.57422E-01  1.85126E-02
  8.61328E-01  1.82640E-02
  8.65234E-01  1.80194E-02
  8.69141E-01  1.77813E-02
  8.73047E-01  1.75455E-02
  8.76953E-01  1.73144E-02
  8.80859E-01  1.70888E-02
  8.84766E-01  1.68649E-02
  8.88672E-01  1.66450E-02
  8.92578E-01  1.64306E-02
  8.96484E-01  1.62174E-02
  9.00391E-01  1.60114E-02
  9.04297E-01  1.58049E-02
  9.08203E-01  1.56047E-02
  9.12109E-01  1.54060E-02
  9.16016E-01  1.52118E-02
  9.19922E-01  1.50203E-02
  9.23828E-01  1.48329E-02
  9.27734E-01  1.46485E-02
  9.31641E-01  1.44658E-02
  9.35547E-01  1.42879E-02
  9.39453E-01  1.41140E-02
  9.43359E-01  1.39427E-02
  9.47266E-01  1.37738E-02
  9.51172E-01  1.36090E-02
  9.55078E-01  1.34473E-02
  9.58984E-01  1.32893E-02
  9.62891E-01  1.31344E-02
  9.66797E-01  1.29844E-02
  9.70703E-01  1.28367E-02
  9.74609E-01  1.26942E-02
  9.78516E-01  1.25572E-02
  9.82422E-01  1.24245E-02
  9.86328E-01  1.22979E-02
  9.90234E-01  1.21799E-02
  9.94141E-01  1.20783E-02
  9.98047E-01  1.20309E-02
  1.00195E+00  1.20309E-02
