 -1.95312E-03  9.50004E+00
  1.95312E-03  9.50096E+00
  5.85938E-03  9.49623E+00
  9.76562E-03  9.49154E+00
  1.36719E-02  9.48632E+00
  1.75781E-02  9.48047E+00
  2.14844E-02  9.47399E+00
  2.53906E-02  9.46686E+00
  2.92969E-02  9.45908E+00
  3.32031E-02  9.45066E+00
  3.71094E-02  9.44159E+00
  4.10156E-02  9.43187E+00
  4.49219E-02  9.42151E+00
  4.88281E-02  9.41050E+00
  5.27344E-02  9.39885E+00
  5.66406E-02  9.38656E+00
  6.05469E-02  9.37363E+00
  6.44531E-02  9.36005E+00
  6.83594E-02  9.34584E+00
  7.22656E-02  9.33099E+00
  7.61719E-02  9.31549E+00
  8.00781E-02  9.29935E+00
  8.39844E-02  9.28257E+00
  8.78906E-02  9.26515E+00
  9.17969E-02  9.24708E+00
  9.57031E-02  9.22837E+00
  9.96094E-02  9.20900E+00
  1.03516E-01  9.18898E+00
  1.07422E-01  9.16831E+00
  1.11328E-01  9.14698E+00
  1.15234E-01  9.12499E+00
  1.19141E-01  9.10234E+00
  1.23047E-01  9.07902E+00
  1.26953E-01  9.05502E+00
  1.30859E-01  9.03035E+00
  1.34766E-01  9.00500E+00
  1.38672E-01  8.97896E+00
  1.42578E-01  8.95223E+00
  1.46484E-01  8.92480E+00
  1.50391E-01  8.89667E+00
  1.54297E-01  8.86783E+00
  1.58203E-01  8.83827E+00
  1.62109E-01  8.80799E+00
  1.66016E-01  8.77697E+00
  1.69922E-01  8.74521E+00
  1.73828E-01  8.71270E+00
  1.77734E-01  8.67943E+00
  1.81641E-01  8.64539E+00
  1.85547E-01  8.61056E+00
  1.89453E-01  8.57494E+00
  1.93359E-01  8.53852E+00
  1.97266E-01  8.50127E+00
  2.01172E-01  8.46319E+00
  2.05078E-01  8.42427E+00
  2.08984E-01  8.38449E+00
  2.12891E-01  8.34384E+00
  2.16797E-01  8.30229E+00
  2.20703E-01  8.25983E+00
  2.24609E-01  8.21643E+00
  2.28516E-01  8.17209E+00
  2.32422E-01  8.12677E+00
  2.36328E-01  8.08045E+00
  2.40234E-01  8.03311E+00
  2.44141E-01  7.98471E+00
  2.48047E-01  7.93525E+00
  2.51953E-01  7.88467E+00
  2.55859E-01  7.83295E+00
  2.59766E-01  7.78005E+00
  2.63672E-01  7.72594E+00
  2.67578E-01  7.67058E+00
  2.71484E-01  7.61393E+00
  2.75391E-01  7.55594E+00
  2.79297E-01  7.49655E+00
  2.83203E-01  7.43573E+00
  2.87109E-01  7.37341E+00
  2.91016E-01  7.30954E+00
  2.94922E-01  7.24404E+00
  2.98828E-01  7.17684E+00
  3.02734E-01  7.10786E+00
  3.06641E-01  7.03701E+00
  3.10547E-01  6.96420E+00
  3.14453E-01  6.88932E+00
  3.18359E-01  6.81225E+00
  3.22266E-01  6.73287E+00
  3.26172E-01  6.65103E+00
  3.30078E-01  6.56657E+00
  3.33984E-01  6.47932E+00
  3.37891E-01  6.38906E+00
  3.41797E-01  6.29556E+00
  3.45703E-01  6.19842E+00
  3.49609E-01  6.09367E+00
  3.53516E-01  5.87918E+00
  3.57422E-01  6.34182E-02
  3.61328E-01  6.16955E-02
  3.65234E-01  5.97265E-02
  3.69141E-01  5.79091E-02
  3.73047E-01  5.60808E-02
  3.76953E-01  5.43863E-02
  3.80859E-01  5.27005E-02
  3.84766E-01  5.11554E-02
  3.88672E-01  4.96368E-02
  3.92578E-01  4.82399E-02
  3.96484E-01  4.68290E-02
  4.00391E-01  4.54815E-02
  4.04297E-01  4.41549E-02
  4.08203E-01  4.29228E-02
  4.12109E-01  4.17004E-02
  4.16016E-01  4.05613E-02
  4.19922E-01  3.94500E-02
  4.23828E-01  3.83939E-02
  4.27734E-01  3.73352E-02
  4.31641E-01  3.63417E-02
  4.35547E-01  3.53680E-02
  4.39453E-01  3.44510E-02
  4.43359E-01  3.35450E-02
  4.47266E-01  3.27000E-02
  4.51172E-01  3.18506E-02
  4.55078E-01  3.10452E-02
  4.58984E-01  3.02459E-02
  4.62891E-01  2.95045E-02
  4.66797E-01  2.87821E-02
  4.70703E-01  2.80682E-02
  4.74609E-01  2.73836E-02
  4.78516E-01  2.67160E-02
  4.82422E-01  2.60877E-02
  4.86328E-01  2.54589E-02
  4.90234E-01  2.48600E-02
  4.94141E-01  2.42739E-02
  4.98047E-01  2.37195E-02
  5.01953E-01  2.31656E-02
  5.05859E-01  2.26384E-02
  5.09766E-01  2.21183E-02
  5.13672E-01  2.16273E-02
  5.17578E-01  2.11413E-02
  5.21484E-01  2.06756E-02
  5.25391E-01  2.02140E-02
  5.29297E-01  1.97767E-02
  5.33203E-01  1.93444E-02
  5.37109E-01  1.89316E-02
  5.41016E-01  1.85206E-02
  5.44922E-01  1.81329E-02
  5.48828E-01  1.77451E-02
  5.52734E-01  1.73765E-02
  5.56641E-01  1.70122E-02
  5.60547E-01  1.66645E-02
  5.64453E-01  1.63170E-02
  5.68359E-01  1.59885E-02
  5.72266E-01  1.56617E-02
  5.76172E-01  1.53502E-02
  5.80078E-01  1.50387E-02
  5.83984E-01  1.47432E-02
  5.87891E-01  1.44480E-02
  5.91797E-01  1.41692E-02
  5.95703E-01  1.38910E-02
  5.99609E-01  1.36257E-02
  6.03516E-01  1.33600E-02
  6.07422E-01  1.31066E-02
  6.11328E-01  1.28544E-02
  6.15234E-01  1.26156E-02
  6.19141E-01  1.23776E-02
  6.23047E-01  1.21501E-02
  6.26953E-01  1.19225E-02
  6.30859E-01  1.17054E-02
  6.34766E-01  1.14888E-02
  6.38672E-01  1.12819E-02
  6.42578E-01  1.10749E-02
  6.46484E-01  1.08780E-02
  6.50391E-01  1.06841E-02
  6.54297E-01  1.04960E-02
  6.58203E-01  1.03090E-02
  6.62109E-01  1.01289E-02
  6.66016E-01  9.95103E-03
  6.69922E-01  9.78177E-03
  6.73828E-01  9.61230E-03
  6.77734E-01  9.44766E-03
  6.81641E-01  9.28403E-03
  6.85547E-01  9.12768E-03
  6.89453E-01  8.97356E-03
  6.93359E-01  8.82542E-03
  6.97266E-01  8.67726E-03
  7.01172E-01  8.53374E-03
  7.05078E-01  8.39164E-03
  7.08984E-01  8.25565E-03
  7.12891E-01  8.12064E-03
  7.16797E-01  7.98903E-03
  7.20703E-01  7.85978E-03
  7.24609E-01  7.73374E-03
  7.28516E-01  7.61200E-03
  7.32422E-01  7.49003E-03
  7.36328E-01  7.37182E-03
  7.40234E-01  7.25545E-03
  7.44141E-01  7.14191E-03
  7.48047E-01  7.03097E-03
  7.51953E-01  6.92369E-03
  7.55859E-01  6.81671E-03
  7.59766E-01  6.71186E-03
  7.63672E-01  6.60918E-03
  7.67578E-01  6.51013E-03
  7.71484E-01  6.41235E-03
  7.75391E-01  6.31602E-03
  7.79297E-01  6.22142E-03
  7.83203E-01  6.12883E-03
  7.87109E-01  6.03973E-03
  7.91016E-01  5.95094E-03
  7.94922E-01  5.86291E-03
  7.98828E-01  5.77783E-03
  8.02734E-01  5.69446E-03
  8.06641E-01  5.61254E-03
  8.10547E-01  5.53304E-03
  8.14453E-01  5.45435E-03
  8.18359E-01  5.37645E-03
  8.22266E-01  5.30047E-03
  8.26172E-01  5.22689E-03
  8.30078E-01  5.15363E-03
  8.33984E-01  5.08234E-03
  8.37891E-01  5.01255E-03
  8.41797E-01  4.94346E-03
  8.45703E-01  4.87527E-03
  8.49609E-01  4.80878E-03
  8.53516E-01  4.74438E-03
  8.57422E-01  4.68050E-03
  8.61328E-01  4.61697E-03
  8.65234E-01  4.55569E-03
  8.69141E-01  4.49593E-03
  8.73047E-01  4.43659E-03
  8.76953E-01  4.37815E-03
  8.80859E-01  4.32106E-03
  8.84766E-01  4.26511E-03
  8.88672E-01  4.20990E-03
  8.92578E-01  4.15583E-03
  8.96484E-01  4.10274E-03
  9.00391E-01  4.05017E-03
  9.04297E-01  3.99904E-03
  9.08203E-01  3.94931E-03
  9.12109E-01  3.90019E-03
  9.16016E-01  3.85129E-03
  9.19922E-01  3.80350E-03
  9.23828E-01  3.75682E-03
  9.27734E-01  3.71136E-03
  9.31641E-01  3.66604E-03
  9.35547E-01  3.62188E-03
  9.39453E-01  3.57853E-03
  9.43359E-01  3.53621E-03
  9.47266E-01  3.49420E-03
  9.51172E-01  3.45321E-03
  9.55078E-01  3.41269E-03
  9.58984E-01  3.37348E-03
  9.62891E-01  3.33443E-03
  9.66797E-01  3.29634E-03
  9.70703E-01  3.25980E-03
  9.74609E-01  3.22332E-03
  9.78516E-01  3.18838E-03
  9.82422E-01  3.15412E-03
  9.86328E-01  3.12103E-03
  9.90234E-01  3.09060E-03
  9.94141E-01  3.06487E-03
  9.98047E-01  3.05280E-03
  1.00195E+00  3.05280E-03
