 -1.95312E-03  9.37428E+00
  1.95312E-03  9.37500E+00
  5.85938E-03  9.37027E+00
  9.76562E-03  9.36556E+00
  1.36719E-02  9.36029E+00
  1.75781E-02  9.35440E+00
  2.14844E-02  9.34785E+00
  2.53906E-02  9.34064E+00
  2.92969E-02  9.33277E+00
  3.32031E-02  9.32424E+00
  3.71094E-02  9.31506E+00
  4.10156E-02  9.30521E+00
  4.49219E-02  9.29471E+00
  4.88281E-02  9.28354E+00
  5.27344E-02  9.27173E+00
  5.66406E-02  9.25926E+00
  6.05469E-02  9.24614E+00
  6.44531E-02  9.23236E+00
  6.83594E-02  9.21793E+00
  7.22656E-02  9.20285E+00
  7.61719E-02  9.18710E+00
  8.00781E-02  9.17071E+00
  8.39844E-02  9.15365E+00
  8.78906E-02  9.13593E+00
  9.17969E-02  9.11756E+00
  9.57031E-02  9.09852E+00
  9.96094E-02  9.07881E+00
  1.03516E-01  9.05843E+00
  1.07422E-01  9.03739E+00
  1.11328E-01  9.01567E+00
  1.15234E-01  8.99327E+00
  1.19141E-01  8.97019E+00
  1.23047E-01  8.94643E+00
  1.26953E-01  8.92197E+00
  1.30859E-01  8.89682E+00
  1.34766E-01  8.87097E+00
  1.38672E-01  8.84442E+00
  1.42578E-01  8.81715E+00
  1.46484E-01  8.78917E+00
  1.50391E-01  8.76047E+00
  1.54297E-01  8.73103E+00
  1.58203E-01  8.70086E+00
  1.62109E-01  8.66994E+00
  1.66016E-01  8.63827E+00
  1.69922E-01  8.60583E+00
  1.73828E-01  8.57262E+00
  1.77734E-01  8.53862E+00
  1.81641E-01  8.50383E+00
  1.85547E-01  8.46822E+00
  1.89453E-01  8.43180E+00
  1.93359E-01  8.39455E+00
  1.97266E-01  8.35644E+00
  2.01172E-01  8.31747E+00
  2.05078E-01  8.27762E+00
  2.08984E-01  8.23688E+00
  2.12891E-01  8.19523E+00
  2.16797E-01  8.15265E+00
  2.20703E-01  8.10911E+00
  2.24609E-01  8.06461E+00
  2.28516E-01  8.01911E+00
  2.32422E-01  7.97259E+00
  2.36328E-01  7.92502E+00
  2.40234E-01  7.87638E+00
  2.44141E-01  7.82664E+00
  2.48047E-01  7.77576E+00
  2.51953E-01  7.72373E+00
  2.55859E-01  7.67049E+00
  2.59766E-01  7.61601E+00
  2.63672E-01  7.56026E+00
  2.67578E-01  7.50318E+00
  2.71484E-01  7.44474E+00
  2.75391E-01  7.38487E+00
  2.79297E-01  7.32353E+00
  2.83203E-01  7.26066E+00
  2.87109E-01  7.19619E+00
  2.91016E-01  7.13005E+00
  2.94922E-01  7.06216E+00
  2.98828E-01  6.99245E+00
  3.02734E-01  6.92083E+00
  3.06641E-01  6.84718E+00
  3.10547E-01  6.77141E+00
  3.14453E-01  6.69339E+00
  3.18359E-01  6.61298E+00
  3.22266E-01  6.53003E+00
  3.26172E-01  6.44438E+00
  3.30078E-01  6.35583E+00
  3.33984E-01  6.26417E+00
  3.37891E-01  6.16915E+00
  3.41797E-01  6.07048E+00
  3.45703E-01  5.96766E+00
  3.49609E-01  5.85593E+00
  3.53516E-01  5.62617E+00
  3.57422E-01  1.92427E-01
  3.61328E-01  1.82186E-01
  3.65234E-01  1.77893E-01
  3.69141E-01  1.72323E-01
  3.73047E-01  1.67178E-01
  3.76953E-01  1.62028E-01
  3.80859E-01  1.57273E-01
  3.84766E-01  1.52509E-01
  3.88672E-01  1.48122E-01
  3.92578E-01  1.43739E-01
  3.96484E-01  1.39714E-01
  4.00391E-01  1.35686E-01
  4.04297E-01  1.31968E-01
  4.08203E-01  1.28249E-01
  4.12109E-01  1.24774E-01
  4.16016E-01  1.21303E-01
  4.19922E-01  1.18084E-01
  4.23828E-01  1.14860E-01
  4.27734E-01  1.11875E-01
  4.31641E-01  1.08912E-01
  4.35547E-01  1.06139E-01
  4.39453E-01  1.03365E-01
  4.43359E-01  1.00767E-01
  4.47266E-01  9.81690E-02
  4.51172E-01  9.57234E-02
  4.55078E-01  9.32716E-02
  4.58984E-01  9.09742E-02
  4.62891E-01  8.86943E-02
  4.66797E-01  8.65399E-02
  4.70703E-01  8.44097E-02
  4.74609E-01  8.24463E-02
  4.78516E-01  8.04953E-02
  4.82422E-01  7.86638E-02
  4.86328E-01  7.68447E-02
  4.90234E-01  7.51352E-02
  4.94141E-01  7.34079E-02
  4.98047E-01  7.17313E-02
  5.01953E-01  7.00566E-02
  5.05859E-01  6.84434E-02
  5.09766E-01  6.68448E-02
  5.13672E-01  6.52886E-02
  5.17578E-01  6.37616E-02
  5.21484E-01  6.23426E-02
  5.25391E-01  6.09953E-02
  5.29297E-01  5.97426E-02
  5.33203E-01  5.84727E-02
  5.37109E-01  5.71999E-02
  5.41016E-01  5.59371E-02
  5.44922E-01  5.47106E-02
  5.48828E-01  5.35322E-02
  5.52734E-01  5.23949E-02
  5.56641E-01  5.12743E-02
  5.60547E-01  5.01651E-02
  5.64453E-01  4.90972E-02
  5.68359E-01  4.81166E-02
  5.72266E-01  4.72332E-02
  5.76172E-01  4.63835E-02
  5.80078E-01  4.55092E-02
  5.83984E-01  4.46291E-02
  5.87891E-01  4.37515E-02
  5.91797E-01  4.28888E-02
  5.95703E-01  4.20529E-02
  5.99609E-01  4.12479E-02
  6.03516E-01  4.04693E-02
  6.07422E-01  3.97106E-02
  6.11328E-01  3.89642E-02
  6.15234E-01  3.82343E-02
  6.19141E-01  3.75212E-02
  6.23047E-01  3.68301E-02
  6.26953E-01  3.61580E-02
  6.30859E-01  3.54992E-02
  6.34766E-01  3.48562E-02
  6.38672E-01  3.42309E-02
  6.42578E-01  3.36207E-02
  6.46484E-01  3.30231E-02
  6.50391E-01  3.24378E-02
  6.54297E-01  3.18685E-02
  6.58203E-01  3.13132E-02
  6.62109E-01  3.07667E-02
  6.66016E-01  3.02339E-02
  6.69922E-01  2.97151E-02
  6.73828E-01  2.92084E-02
  6.77734E-01  2.87113E-02
  6.81641E-01  2.82247E-02
  6.85547E-01  2.77526E-02
  6.89453E-01  2.72889E-02
  6.93359E-01  2.68351E-02
  6.97266E-01  2.63936E-02
  7.01172E-01  2.59587E-02
  7.05078E-01  2.55342E-02
  7.08984E-01  2.51198E-02
  7.12891E-01  2.47153E-02
  7.16797E-01  2.43173E-02
  7.20703E-01  2.39268E-02
  7.24609E-01  2.35456E-02
  7.28516E-01  2.31763E-02
  7.32422E-01  2.28109E-02
  7.36328E-01  2.24497E-02
  7.40234E-01  2.21003E-02
  7.44141E-01  2.17584E-02
  7.48047E-01  2.14234E-02
  7.51953E-01  2.10934E-02
  7.55859E-01  2.07719E-02
  7.59766E-01  2.04563E-02
  7.63672E-01  2.01465E-02
  7.67578E-01  1.98443E-02
  7.71484E-01  1.95492E-02
  7.75391E-01  1.92547E-02
  7.79297E-01  1.89717E-02
  7.83203E-01  1.86925E-02
  7.87109E-01  1.84159E-02
  7.91016E-01  1.81483E-02
  7.94922E-01  1.78851E-02
  7.98828E-01  1.76260E-02
  8.02734E-01  1.73721E-02
  8.06641E-01  1.71202E-02
  8.10547E-01  1.68781E-02
  8.14453E-01  1.66381E-02
  8.18359E-01  1.64029E-02
  8.22266E-01  1.61730E-02
  8.26172E-01  1.59458E-02
  8.30078E-01  1.57219E-02
  8.33984E-01  1.55059E-02
  8.37891E-01  1.52909E-02
  8.41797E-01  1.50805E-02
  8.45703E-01  1.48740E-02
  8.49609E-01  1.46734E-02
  8.53516E-01  1.44734E-02
  8.57422E-01  1.42776E-02
  8.61328E-01  1.40867E-02
  8.65234E-01  1.38976E-02
  8.69141E-01  1.37121E-02
  8.73047E-01  1.35313E-02
  8.76953E-01  1.33510E-02
  8.80859E-01  1.31775E-02
  8.84766E-01  1.30043E-02
  8.88672E-01  1.28337E-02
  8.92578E-01  1.26680E-02
  8.96484E-01  1.25041E-02
  9.00391E-01  1.23428E-02
  9.04297E-01  1.21855E-02
  9.08203E-01  1.20300E-02
  9.12109E-01  1.18770E-02
  9.16016E-01  1.17281E-02
  9.19922E-01  1.15793E-02
  9.23828E-01  1.14361E-02
  9.27734E-01  1.12938E-02
  9.31641E-01  1.11559E-02
  9.35547E-01  1.10184E-02
  9.39453E-01  1.08837E-02
  9.43359E-01  1.07526E-02
  9.47266E-01  1.06237E-02
  9.51172E-01  1.04974E-02
  9.55078E-01  1.03735E-02
  9.58984E-01  1.02527E-02
  9.62891E-01  1.01344E-02
  9.66797E-01  1.00190E-02
  9.70703E-01  9.90597E-03
  9.74609E-01  9.79774E-03
  9.78516E-01  9.69172E-03
  9.82422E-01  9.58909E-03
  9.86328E-01  9.49129E-03
  9.90234E-01  9.39912E-03
  9.94141E-01  9.32044E-03
  9.98047E-01  9.28381E-03
  1.00195E+00  9.28381E-03
