 -1.95312E-03  9.31046E+00
  1.95312E-03  9.31136E+00
  5.85938E-03  9.30661E+00
  9.76562E-03  9.30189E+00
  1.36719E-02  9.29660E+00
  1.75781E-02  9.29068E+00
  2.14844E-02  9.28409E+00
  2.53906E-02  9.27684E+00
  2.92969E-02  9.26892E+00
  3.32031E-02  9.26033E+00
  3.71094E-02  9.25108E+00
  4.10156E-02  9.24116E+00
  4.49219E-02  9.23058E+00
  4.88281E-02  9.21933E+00
  5.27344E-02  9.20742E+00
  5.66406E-02  9.19485E+00
  6.05469E-02  9.18161E+00
  6.44531E-02  9.16771E+00
  6.83594E-02  9.15315E+00
  7.22656E-02  9.13793E+00
  7.61719E-02  9.12204E+00
  8.00781E-02  9.10549E+00
  8.39844E-02  9.08828E+00
  8.78906E-02  9.07039E+00
  9.17969E-02  9.05184E+00
  9.57031E-02  9.03262E+00
  9.96094E-02  9.01273E+00
  1.03516E-01  8.99216E+00
  1.07422E-01  8.97091E+00
  1.11328E-01  8.94899E+00
  1.15234E-01  8.92638E+00
  1.19141E-01  8.90308E+00
  1.23047E-01  8.87909E+00
  1.26953E-01  8.85440E+00
  1.30859E-01  8.82902E+00
  1.34766E-01  8.80292E+00
  1.38672E-01  8.77612E+00
  1.42578E-01  8.74858E+00
  1.46484E-01  8.72032E+00
  1.50391E-01  8.69133E+00
  1.54297E-01  8.66160E+00
  1.58203E-01  8.63112E+00
  1.62109E-01  8.59987E+00
  1.66016E-01  8.56786E+00
  1.69922E-01  8.53507E+00
  1.73828E-01  8.50149E+00
  1.77734E-01  8.46711E+00
  1.81641E-01  8.43193E+00
  1.85547E-01  8.39592E+00
  1.89453E-01  8.35907E+00
  1.93359E-01  8.32137E+00
  1.97266E-01  8.28281E+00
  2.01172E-01  8.24337E+00
  2.05078E-01  8.20304E+00
  2.08984E-01  8.16179E+00
  2.12891E-01  8.11961E+00
  2.16797E-01  8.07647E+00
  2.20703E-01  8.03237E+00
  2.24609E-01  7.98727E+00
  2.28516E-01  7.94116E+00
  2.32422E-01  7.89401E+00
  2.36328E-01  7.84579E+00
  2.40234E-01  7.79647E+00
  2.44141E-01  7.74602E+00
  2.48047E-01  7.69441E+00
  2.51953E-01  7.64161E+00
  2.55859E-01  7.58757E+00
  2.59766E-01  7.53227E+00
  2.63672E-01  7.47564E+00
  2.67578E-01  7.41765E+00
  2.71484E-01  7.35825E+00
  2.75391E-01  7.29739E+00
  2.79297E-01  7.23500E+00
  2.83203E-01  7.17103E+00
  2.87109E-01  7.10540E+00
  2.91016E-01  7.03804E+00
  2.94922E-01  6.96887E+00
  2.98828E-01  6.89780E+00
  3.02734E-01  6.82473E+00
  3.06641E-01  6.74956E+00
  3.10547E-01  6.67217E+00
  3.14453E-01  6.59242E+00
  3.18359E-01  6.51017E+00
  3.22266E-01  6.42526E+00
  3.26172E-01  6.33750E+00
  3.30078E-01  6.24667E+00
  3.33984E-01  6.15255E+00
  3.37891E-01  6.05486E+00
  3.41797E-01  5.95327E+00
  3.45703E-01  5.84723E+00
  3.49609E-01  5.73147E+00
  3.53516E-01  5.49282E+00
  3.57422E-01  2.60702E-01
  3.61328E-01  2.42123E-01
  3.65234E-01  2.36444E-01
  3.69141E-01  2.29101E-01
  3.73047E-01  2.22346E-01
  3.76953E-01  2.15590E-01
  3.80859E-01  2.09368E-01
  3.84766E-01  2.03138E-01
  3.88672E-01  1.97382E-01
  3.92578E-01  1.91621E-01
  3.96484E-01  1.86278E-01
  4.00391E-01  1.80927E-01
  4.04297E-01  1.75980E-01
  4.08203E-01  1.71030E-01
  4.12109E-01  1.66434E-01
  4.16016E-01  1.61826E-01
  4.19922E-01  1.57543E-01
  4.23828E-01  1.53259E-01
  4.27734E-01  1.49280E-01
  4.31641E-01  1.45306E-01
  4.35547E-01  1.41606E-01
  4.39453E-01  1.37904E-01
  4.43359E-01  1.34433E-01
  4.47266E-01  1.30957E-01
  4.51172E-01  1.27701E-01
  4.55078E-01  1.24428E-01
  4.58984E-01  1.21367E-01
  4.62891E-01  1.18363E-01
  4.66797E-01  1.15546E-01
  4.70703E-01  1.12734E-01
  4.74609E-01  1.10103E-01
  4.78516E-01  1.07463E-01
  4.82422E-01  1.04949E-01
  4.86328E-01  1.02474E-01
  4.90234E-01  1.00144E-01
  4.94141E-01  9.78091E-02
  4.98047E-01  9.56151E-02
  5.01953E-01  9.34431E-02
  5.05859E-01  9.13992E-02
  5.09766E-01  8.93633E-02
  5.13672E-01  8.74309E-02
  5.17578E-01  8.54915E-02
  5.21484E-01  8.36492E-02
  5.25391E-01  8.18169E-02
  5.29297E-01  8.00679E-02
  5.33203E-01  7.83175E-02
  5.37109E-01  7.66528E-02
  5.41016E-01  7.50046E-02
  5.44922E-01  7.34692E-02
  5.48828E-01  7.19715E-02
  5.52734E-01  7.05671E-02
  5.56641E-01  6.91590E-02
  5.60547E-01  6.78173E-02
  5.64453E-01  6.64697E-02
  5.68359E-01  6.51285E-02
  5.72266E-01  6.37814E-02
  5.76172E-01  6.24460E-02
  5.80078E-01  6.11393E-02
  5.83984E-01  5.99071E-02
  5.87891E-01  5.87552E-02
  5.91797E-01  5.76514E-02
  5.95703E-01  5.65636E-02
  5.99609E-01  5.54759E-02
  6.03516E-01  5.44083E-02
  6.07422E-01  5.33701E-02
  6.11328E-01  5.23674E-02
  6.15234E-01  5.13848E-02
  6.19141E-01  5.04081E-02
  6.23047E-01  4.94356E-02
  6.26953E-01  4.84841E-02
  6.30859E-01  4.75758E-02
  6.34766E-01  4.67184E-02
  6.38672E-01  4.59115E-02
  6.42578E-01  4.51276E-02
  6.46484E-01  4.43480E-02
  6.50391E-01  4.35796E-02
  6.54297E-01  4.28238E-02
  6.58203E-01  4.20799E-02
  6.62109E-01  4.13531E-02
  6.66016E-01  4.06462E-02
  6.69922E-01  3.99517E-02
  6.73828E-01  3.92716E-02
  6.77734E-01  3.86079E-02
  6.81641E-01  3.79581E-02
  6.85547E-01  3.73242E-02
  6.89453E-01  3.67023E-02
  6.93359E-01  3.60972E-02
  6.97266E-01  3.55046E-02
  7.01172E-01  3.49249E-02
  7.05078E-01  3.43594E-02
  7.08984E-01  3.38045E-02
  7.12891E-01  3.32582E-02
  7.16797E-01  3.27283E-02
  7.20703E-01  3.22076E-02
  7.24609E-01  3.16966E-02
  7.28516E-01  3.11932E-02
  7.32422E-01  3.07073E-02
  7.36328E-01  3.02297E-02
  7.40234E-01  2.97567E-02
  7.44141E-01  2.92992E-02
  7.48047E-01  2.88495E-02
  7.51953E-01  2.84083E-02
  7.55859E-01  2.79793E-02
  7.59766E-01  2.75524E-02
  7.63672E-01  2.71391E-02
  7.67578E-01  2.67335E-02
  7.71484E-01  2.63361E-02
  7.75391E-01  2.59447E-02
  7.79297E-01  2.55611E-02
  7.83203E-01  2.51863E-02
  7.87109E-01  2.48175E-02
  7.91016E-01  2.44545E-02
  7.94922E-01  2.41031E-02
  7.98828E-01  2.37536E-02
  8.02734E-01  2.34127E-02
  8.06641E-01  2.30792E-02
  8.10547E-01  2.27519E-02
  8.14453E-01  2.24300E-02
  8.18359E-01  2.21147E-02
  8.22266E-01  2.18036E-02
  8.26172E-01  2.15001E-02
  8.30078E-01  2.12042E-02
  8.33984E-01  2.09100E-02
  8.37891E-01  2.06203E-02
  8.41797E-01  2.03399E-02
  8.45703E-01  2.00603E-02
  8.49609E-01  1.97889E-02
  8.53516E-01  1.95212E-02
  8.57422E-01  1.92583E-02
  8.61328E-01  1.90006E-02
  8.65234E-01  1.87456E-02
  8.69141E-01  1.84973E-02
  8.73047E-01  1.82531E-02
  8.76953E-01  1.80119E-02
  8.80859E-01  1.77771E-02
  8.84766E-01  1.75456E-02
  8.88672E-01  1.73162E-02
  8.92578E-01  1.70935E-02
  8.96484E-01  1.68712E-02
  9.00391E-01  1.66572E-02
  9.04297E-01  1.64431E-02
  9.08203E-01  1.62345E-02
  9.12109E-01  1.60281E-02
  9.16016E-01  1.58260E-02
  9.19922E-01  1.56267E-02
  9.23828E-01  1.54314E-02
  9.27734E-01  1.52401E-02
  9.31641E-01  1.50502E-02
  9.35547E-01  1.48643E-02
  9.39453E-01  1.46830E-02
  9.43359E-01  1.45051E-02
  9.47266E-01  1.43294E-02
  9.51172E-01  1.41577E-02
  9.55078E-01  1.39892E-02
  9.58984E-01  1.38247E-02
  9.62891E-01  1.36631E-02
  9.66797E-01  1.35070E-02
  9.70703E-01  1.33533E-02
  9.74609E-01  1.32046E-02
  9.78516E-01  1.30619E-02
  9.82422E-01  1.29240E-02
  9.86328E-01  1.27922E-02
  9.90234E-01  1.26697E-02
  9.94141E-01  1.25642E-02
  9.98047E-01  1.25149E-02
  1.00195E+00  1.25149E-02
