 -1.95312E-03  9.40754E+00
  1.95312E-03  9.40827E+00
  5.85938E-03  9.40353E+00
  9.76562E-03  9.39883E+00
  1.36719E-02  9.39358E+00
  1.75781E-02  9.38770E+00
  2.14844E-02  9.38117E+00
  2.53906E-02  9.37398E+00
  2.92969E-02  9.36614E+00
  3.32031E-02  9.35764E+00
  3.71094E-02  9.34848E+00
  4.10156E-02  9.33867E+00
  4.49219E-02  9.32821E+00
  4.88281E-02  9.31710E+00
  5.27344E-02  9.30533E+00
  5.66406E-02  9.29291E+00
  6.05469E-02  9.27984E+00
  6.44531E-02  9.26612E+00
  6.83594E-02  9.25175E+00
  7.22656E-02  9.23672E+00
  7.61719E-02  9.22104E+00
  8.00781E-02  9.20471E+00
  8.39844E-02  9.18773E+00
  8.78906E-02  9.17008E+00
  9.17969E-02  9.15179E+00
  9.57031E-02  9.13283E+00
  9.96094E-02  9.11321E+00
  1.03516E-01  9.09293E+00
  1.07422E-01  9.07198E+00
  1.11328E-01  9.05037E+00
  1.15234E-01  9.02808E+00
  1.19141E-01  9.00511E+00
  1.23047E-01  8.98146E+00
  1.26953E-01  8.95713E+00
  1.30859E-01  8.93210E+00
  1.34766E-01  8.90638E+00
  1.38672E-01  8.87997E+00
  1.42578E-01  8.85284E+00
  1.46484E-01  8.82501E+00
  1.50391E-01  8.79646E+00
  1.54297E-01  8.76718E+00
  1.58203E-01  8.73717E+00
  1.62109E-01  8.70642E+00
  1.66016E-01  8.67492E+00
  1.69922E-01  8.64266E+00
  1.73828E-01  8.60964E+00
  1.77734E-01  8.57583E+00
  1.81641E-01  8.54124E+00
  1.85547E-01  8.50585E+00
  1.89453E-01  8.46963E+00
  1.93359E-01  8.43260E+00
  1.97266E-01  8.39472E+00
  2.01172E-01  8.35599E+00
  2.05078E-01  8.31639E+00
  2.08984E-01  8.27590E+00
  2.12891E-01  8.23450E+00
  2.16797E-01  8.19219E+00
  2.20703E-01  8.14895E+00
  2.24609E-01  8.10473E+00
  2.28516E-01  8.05954E+00
  2.32422E-01  8.01333E+00
  2.36328E-01  7.96610E+00
  2.40234E-01  7.91780E+00
  2.44141E-01  7.86843E+00
  2.48047E-01  7.81793E+00
  2.51953E-01  7.76629E+00
  2.55859E-01  7.71346E+00
  2.59766E-01  7.65942E+00
  2.63672E-01  7.60411E+00
  2.67578E-01  7.54750E+00
  2.71484E-01  7.48955E+00
  2.75391E-01  7.43019E+00
  2.79297E-01  7.36939E+00
  2.83203E-01  7.30708E+00
  2.87109E-01  7.24319E+00
  2.91016E-01  7.17767E+00
  2.94922E-01  7.11044E+00
  2.98828E-01  7.04141E+00
  3.02734E-01  6.97050E+00
  3.06641E-01  6.89761E+00
  3.10547E-01  6.82264E+00
  3.14453E-01  6.74547E+00
  3.18359E-01  6.66597E+00
  3.22266E-01  6.58399E+00
  3.26172E-01  6.49937E+00
  3.30078E-01  6.41193E+00
  3.33984E-01  6.32146E+00
  3.37891E-01  6.22774E+00
  3.41797E-01  6.13048E+00
  3.45703E-01  6.02923E+00
  3.49609E-01  5.91945E+00
  3.53516E-01  5.69393E+00
  3.57422E-01  1.57689E-01
  3.61328E-01  1.50535E-01
  3.65234E-01  1.46980E-01
  3.69141E-01  1.42372E-01
  3.73047E-01  1.38128E-01
  3.76953E-01  1.33881E-01
  3.80859E-01  1.29974E-01
  3.84766E-01  1.26069E-01
  3.88672E-01  1.22473E-01
  3.92578E-01  1.18898E-01
  3.96484E-01  1.15561E-01
  4.00391E-01  1.12220E-01
  4.04297E-01  1.09118E-01
  4.08203E-01  1.06004E-01
  4.12109E-01  1.03098E-01
  4.16016E-01  1.00192E-01
  4.19922E-01  9.75203E-02
  4.23828E-01  9.48633E-02
  4.27734E-01  9.23926E-02
  4.31641E-01  8.99623E-02
  4.35547E-01  8.76991E-02
  4.39453E-01  8.54286E-02
  4.43359E-01  8.33072E-02
  4.47266E-01  8.11739E-02
  4.51172E-01  7.91303E-02
  4.55078E-01  7.70879E-02
  4.58984E-01  7.51449E-02
  4.62891E-01  7.32109E-02
  4.66797E-01  7.13732E-02
  4.70703E-01  6.95802E-02
  4.74609E-01  6.79098E-02
  4.78516E-01  6.62640E-02
  4.82422E-01  6.47001E-02
  4.86328E-01  6.31490E-02
  4.90234E-01  6.16843E-02
  4.94141E-01  6.02121E-02
  4.98047E-01  5.87758E-02
  5.01953E-01  5.73488E-02
  5.05859E-01  5.59935E-02
  5.09766E-01  5.46961E-02
  5.13672E-01  5.34614E-02
  5.17578E-01  5.22462E-02
  5.21484E-01  5.10746E-02
  5.25391E-01  4.99649E-02
  5.29297E-01  4.89603E-02
  5.33203E-01  4.80119E-02
  5.37109E-01  4.70420E-02
  5.41016E-01  4.60596E-02
  5.44922E-01  4.50753E-02
  5.48828E-01  4.41051E-02
  5.52734E-01  4.31700E-02
  5.56641E-01  4.22779E-02
  5.60547E-01  4.14231E-02
  5.64453E-01  4.05919E-02
  5.68359E-01  3.97745E-02
  5.72266E-01  3.89718E-02
  5.76172E-01  3.81870E-02
  5.80078E-01  3.74264E-02
  5.83984E-01  3.66904E-02
  5.87891E-01  3.59765E-02
  5.91797E-01  3.52812E-02
  5.95703E-01  3.45997E-02
  5.99609E-01  3.39347E-02
  6.03516E-01  3.32867E-02
  6.07422E-01  3.26571E-02
  6.11328E-01  3.20435E-02
  6.15234E-01  3.14427E-02
  6.19141E-01  3.08560E-02
  6.23047E-01  3.02846E-02
  6.26953E-01  2.97290E-02
  6.30859E-01  2.91861E-02
  6.34766E-01  2.86549E-02
  6.38672E-01  2.81369E-02
  6.42578E-01  2.76341E-02
  6.46484E-01  2.71424E-02
  6.50391E-01  2.66587E-02
  6.54297E-01  2.61895E-02
  6.58203E-01  2.57317E-02
  6.62109E-01  2.52848E-02
  6.66016E-01  2.48457E-02
  6.69922E-01  2.44164E-02
  6.73828E-01  2.39996E-02
  6.77734E-01  2.35922E-02
  6.81641E-01  2.31917E-02
  6.85547E-01  2.28012E-02
  6.89453E-01  2.24193E-02
  6.93359E-01  2.20455E-02
  6.97266E-01  2.16802E-02
  7.01172E-01  2.13233E-02
  7.05078E-01  2.09748E-02
  7.08984E-01  2.06302E-02
  7.12891E-01  2.02950E-02
  7.16797E-01  1.99708E-02
  7.20703E-01  1.96514E-02
  7.24609E-01  1.93374E-02
  7.28516E-01  1.90288E-02
  7.32422E-01  1.87284E-02
  7.36328E-01  1.84373E-02
  7.40234E-01  1.81490E-02
  7.44141E-01  1.78657E-02
  7.48047E-01  1.75899E-02
  7.51953E-01  1.73205E-02
  7.55859E-01  1.70538E-02
  7.59766E-01  1.67950E-02
  7.63672E-01  1.65409E-02
  7.67578E-01  1.62913E-02
  7.71484E-01  1.60464E-02
  7.75391E-01  1.58063E-02
  7.79297E-01  1.55724E-02
  7.83203E-01  1.53401E-02
  7.87109E-01  1.51147E-02
  7.91016E-01  1.48959E-02
  7.94922E-01  1.46787E-02
  7.98828E-01  1.44638E-02
  8.02734E-01  1.42563E-02
  8.06641E-01  1.40503E-02
  8.10547E-01  1.38502E-02
  8.14453E-01  1.36540E-02
  8.18359E-01  1.34597E-02
  8.22266E-01  1.32712E-02
  8.26172E-01  1.30851E-02
  8.30078E-01  1.29013E-02
  8.33984E-01  1.27244E-02
  8.37891E-01  1.25472E-02
  8.41797E-01  1.23733E-02
  8.45703E-01  1.22044E-02
  8.49609E-01  1.20390E-02
  8.53516E-01  1.18743E-02
  8.57422E-01  1.17141E-02
  8.61328E-01  1.15563E-02
  8.65234E-01  1.14026E-02
  8.69141E-01  1.12488E-02
  8.73047E-01  1.10999E-02
  8.76953E-01  1.09530E-02
  8.80859E-01  1.08084E-02
  8.84766E-01  1.06676E-02
  8.88672E-01  1.05286E-02
  8.92578E-01  1.03907E-02
  8.96484E-01  1.02579E-02
  9.00391E-01  1.01255E-02
  9.04297E-01  9.99547E-03
  9.08203E-01  9.86890E-03
  9.12109E-01  9.74414E-03
  9.16016E-01  9.62144E-03
  9.19922E-01  9.50196E-03
  9.23828E-01  9.38389E-03
  9.27734E-01  9.26676E-03
  9.31641E-01  9.15352E-03
  9.35547E-01  9.04083E-03
  9.39453E-01  8.93281E-03
  9.43359E-01  8.82460E-03
  9.47266E-01  8.71929E-03
  9.51172E-01  8.61619E-03
  9.55078E-01  8.51516E-03
  9.58984E-01  8.41644E-03
  9.62891E-01  8.31950E-03
  9.66797E-01  8.22522E-03
  9.70703E-01  8.13328E-03
  9.74609E-01  8.04445E-03
  9.78516E-01  7.95671E-03
  9.82422E-01  7.87257E-03
  9.86328E-01  7.79203E-03
  9.90234E-01  7.71574E-03
  9.94141E-01  7.65119E-03
  9.98047E-01  7.62108E-03
  1.00195E+00  7.62108E-03
