 -1.95312E-03  9.53887E+00
  1.95312E-03  9.53980E+00
  5.85938E-03  9.53507E+00
  9.76562E-03  9.53040E+00
  1.36719E-02  9.52519E+00
  1.75781E-02  9.51937E+00
  2.14844E-02  9.51291E+00
  2.53906E-02  9.50580E+00
  2.92969E-02  9.49805E+00
  3.32031E-02  9.48966E+00
  3.71094E-02  9.48062E+00
  4.10156E-02  9.47095E+00
  4.49219E-02  9.46063E+00
  4.88281E-02  9.44967E+00
  5.27344E-02  9.43807E+00
  5.66406E-02  9.42584E+00
  6.05469E-02  9.41297E+00
  6.44531E-02  9.39946E+00
  6.83594E-02  9.38532E+00
  7.22656E-02  9.37054E+00
  7.61719E-02  9.35512E+00
  8.00781E-02  9.33906E+00
  8.39844E-02  9.32236E+00
  8.78906E-02  9.30502E+00
  9.17969E-02  9.28704E+00
  9.57031E-02  9.26842E+00
  9.96094E-02  9.24915E+00
  1.03516E-01  9.22924E+00
  1.07422E-01  9.20868E+00
  1.11328E-01  9.18746E+00
  1.15234E-01  9.16558E+00
  1.19141E-01  9.14306E+00
  1.23047E-01  9.11986E+00
  1.26953E-01  9.09600E+00
  1.30859E-01  9.07147E+00
  1.34766E-01  9.04626E+00
  1.38672E-01  9.02037E+00
  1.42578E-01  8.99380E+00
  1.46484E-01  8.96653E+00
  1.50391E-01  8.93856E+00
  1.54297E-01  8.90989E+00
  1.58203E-01  8.88050E+00
  1.62109E-01  8.85040E+00
  1.66016E-01  8.81958E+00
  1.69922E-01  8.78802E+00
  1.73828E-01  8.75571E+00
  1.77734E-01  8.72266E+00
  1.81641E-01  8.68884E+00
  1.85547E-01  8.65424E+00
  1.89453E-01  8.61886E+00
  1.93359E-01  8.58268E+00
  1.97266E-01  8.54570E+00
  2.01172E-01  8.50789E+00
  2.05078E-01  8.46924E+00
  2.08984E-01  8.42974E+00
  2.12891E-01  8.38937E+00
  2.16797E-01  8.34812E+00
  2.20703E-01  8.30595E+00
  2.24609E-01  8.26287E+00
  2.28516E-01  8.21883E+00
  2.32422E-01  8.17383E+00
  2.36328E-01  8.12785E+00
  2.40234E-01  8.08086E+00
  2.44141E-01  8.03284E+00
  2.48047E-01  7.98375E+00
  2.51953E-01  7.93357E+00
  2.55859E-01  7.88226E+00
  2.59766E-01  7.82979E+00
  2.63672E-01  7.77613E+00
  2.67578E-01  7.72123E+00
  2.71484E-01  7.66507E+00
  2.75391E-01  7.60758E+00
  2.79297E-01  7.54873E+00
  2.83203E-01  7.48846E+00
  2.87109E-01  7.42673E+00
  2.91016E-01  7.36345E+00
  2.94922E-01  7.29858E+00
  2.98828E-01  7.23204E+00
  3.02734E-01  7.16375E+00
  3.06641E-01  7.09364E+00
  3.10547E-01  7.02160E+00
  3.14453E-01  6.94754E+00
  3.18359E-01  6.87135E+00
  3.22266E-01  6.79289E+00
  3.26172E-01  6.71203E+00
  3.30078E-01  6.62862E+00
  3.33984E-01  6.54247E+00
  3.37891E-01  6.45340E+00
  3.41797E-01  6.36116E+00
  3.45703E-01  6.26541E+00
  3.49609E-01  6.16232E+00
  3.53516E-01  5.95142E+00
  3.57422E-01  1.26247E-02
  3.61328E-01  1.23156E-02
  3.65234E-01  1.19167E-02
  3.69141E-01  1.15509E-02
  3.73047E-01  1.11846E-02
  3.76953E-01  1.08480E-02
  3.80859E-01  1.05110E-02
  3.84766E-01  1.02011E-02
  3.88672E-01  9.89080E-03
  3.92578E-01  9.60492E-03
  3.96484E-01  9.31862E-03
  4.00391E-01  9.05448E-03
  4.04297E-01  8.78992E-03
  4.08203E-01  8.54520E-03
  4.12109E-01  8.30017E-03
  4.16016E-01  8.07333E-03
  4.19922E-01  7.84622E-03
  4.23828E-01  7.63567E-03
  4.27734E-01  7.42489E-03
  4.31641E-01  7.22918E-03
  4.35547E-01  7.03325E-03
  4.39453E-01  6.85108E-03
  4.43359E-01  6.66870E-03
  4.47266E-01  6.49889E-03
  4.51172E-01  6.32890E-03
  4.55078E-01  6.17051E-03
  4.58984E-01  6.01195E-03
  4.62891E-01  5.86402E-03
  4.66797E-01  5.71593E-03
  4.70703E-01  5.57762E-03
  4.74609E-01  5.43915E-03
  4.78516E-01  5.30967E-03
  4.82422E-01  5.18003E-03
  4.86328E-01  5.05854E-03
  4.90234E-01  4.93698E-03
  4.94141E-01  4.82296E-03
  4.98047E-01  4.70881E-03
  5.01953E-01  4.60166E-03
  5.05859E-01  4.49440E-03
  5.09766E-01  4.39367E-03
  5.13672E-01  4.29287E-03
  5.17578E-01  4.19815E-03
  5.21484E-01  4.10334E-03
  5.25391E-01  4.01419E-03
  5.29297E-01  3.92494E-03
  5.33203E-01  3.84086E-03
  5.37109E-01  3.75670E-03
  5.41016E-01  3.67726E-03
  5.44922E-01  3.59776E-03
  5.48828E-01  3.52273E-03
  5.52734E-01  3.44768E-03
  5.56641E-01  3.37690E-03
  5.60547E-01  3.30609E-03
  5.64453E-01  3.23928E-03
  5.68359E-01  3.17240E-03
  5.72266E-01  3.10913E-03
  5.76172E-01  3.04579E-03
  5.80078E-01  2.98575E-03
  5.83984E-01  2.92567E-03
  5.87891E-01  2.86874E-03
  5.91797E-01  2.81178E-03
  5.95703E-01  2.75782E-03
  5.99609E-01  2.70383E-03
  6.03516E-01  2.65263E-03
  6.07422E-01  2.60139E-03
  6.11328E-01  2.55269E-03
  6.15234E-01  2.50396E-03
  6.19141E-01  2.45766E-03
  6.23047E-01  2.41133E-03
  6.26953E-01  2.36730E-03
  6.30859E-01  2.32324E-03
  6.34766E-01  2.28135E-03
  6.38672E-01  2.23945E-03
  6.42578E-01  2.19962E-03
  6.46484E-01  2.15976E-03
  6.50391E-01  2.12187E-03
  6.54297E-01  2.08393E-03
  6.58203E-01  2.04775E-03
  6.62109E-01  2.01152E-03
  6.66016E-01  1.97692E-03
  6.69922E-01  1.94229E-03
  6.73828E-01  1.90924E-03
  6.77734E-01  1.87618E-03
  6.81641E-01  1.84467E-03
  6.85547E-01  1.81316E-03
  6.89453E-01  1.78313E-03
  6.93359E-01  1.75308E-03
  6.97266E-01  1.72439E-03
  7.01172E-01  1.69567E-03
  7.05078E-01  1.66818E-03
  7.08984E-01  1.64065E-03
  7.12891E-01  1.61422E-03
  7.16797E-01  1.58780E-03
  7.20703E-01  1.56248E-03
  7.24609E-01  1.53720E-03
  7.28516E-01  1.51305E-03
  7.32422E-01  1.48895E-03
  7.36328E-01  1.46593E-03
  7.40234E-01  1.44288E-03
  7.44141E-01  1.42077E-03
  7.48047E-01  1.39863E-03
  7.51953E-01  1.37735E-03
  7.55859E-01  1.35607E-03
  7.59766E-01  1.33564E-03
  7.63672E-01  1.31523E-03
  7.67578E-01  1.29568E-03
  7.71484E-01  1.27613E-03
  7.75391E-01  1.25732E-03
  7.79297E-01  1.23847E-03
  7.83203E-01  1.22031E-03
  7.87109E-01  1.20218E-03
  7.91016E-01  1.18481E-03
  7.94922E-01  1.16745E-03
  7.98828E-01  1.15074E-03
  8.02734E-01  1.13430E-03
  8.06641E-01  1.11806E-03
  8.10547E-01  1.10229E-03
  8.14453E-01  1.08652E-03
  8.18359E-01  1.07129E-03
  8.22266E-01  1.05606E-03
  8.26172E-01  1.04139E-03
  8.30078E-01  1.02674E-03
  8.33984E-01  1.01270E-03
  8.37891E-01  9.98691E-04
  8.41797E-01  9.85217E-04
  8.45703E-01  9.71719E-04
  8.49609E-01  9.58674E-04
  8.53516E-01  9.45627E-04
  8.57422E-01  9.33052E-04
  8.61328E-01  9.20485E-04
  8.65234E-01  9.08362E-04
  8.69141E-01  8.96228E-04
  8.73047E-01  8.84520E-04
  8.76953E-01  8.72822E-04
  8.80859E-01  8.61580E-04
  8.84766E-01  8.50343E-04
  8.88672E-01  8.39479E-04
  8.92578E-01  8.28609E-04
  8.96484E-01  8.18123E-04
  9.00391E-01  8.07659E-04
  9.04297E-01  7.97578E-04
  9.08203E-01  7.87476E-04
  9.12109E-01  7.77653E-04
  9.16016E-01  7.67829E-04
  9.19922E-01  7.58365E-04
  9.23828E-01  7.49061E-04
  9.27734E-01  7.39828E-04
  9.31641E-01  7.30808E-04
  9.35547E-01  7.21899E-04
  9.39453E-01  7.13263E-04
  9.43359E-01  7.04700E-04
  9.47266E-01  6.96369E-04
  9.51172E-01  6.88189E-04
  9.55078E-01  6.80055E-04
  9.58984E-01  6.72170E-04
  9.62891E-01  6.64350E-04
  9.66797E-01  6.56801E-04
  9.70703E-01  6.49443E-04
  9.74609E-01  6.42290E-04
  9.78516E-01  6.35299E-04
  9.82422E-01  6.28559E-04
  9.86328E-01  6.21846E-04
  9.90234E-01  6.15783E-04
  9.94141E-01  6.10690E-04
  9.98047E-01  6.08287E-04
  1.00195E+00  6.08287E-04
