 -1.95312E-03  9.53849E+00
  1.95312E-03  9.53942E+00
  5.85938E-03  9.53470E+00
  9.76562E-03  9.53002E+00
  1.36719E-02  9.52481E+00
  1.75781E-02  9.51899E+00
  2.14844E-02  9.51253E+00
  2.53906E-02  9.50543E+00
  2.92969E-02  9.49768E+00
  3.32031E-02  9.48929E+00
  3.71094E-02  9.48026E+00
  4.10156E-02  9.47058E+00
  4.49219E-02  9.46026E+00
  4.88281E-02  9.44930E+00
  5.27344E-02  9.43771E+00
  5.66406E-02  9.42548E+00
  6.05469E-02  9.41261E+00
  6.44531E-02  9.39910E+00
  6.83594E-02  9.38496E+00
  7.22656E-02  9.37018E+00
  7.61719E-02  9.35475E+00
  8.00781E-02  9.33870E+00
  8.39844E-02  9.32200E+00
  8.78906E-02  9.30466E+00
  9.17969E-02  9.28668E+00
  9.57031E-02  9.26806E+00
  9.96094E-02  9.24879E+00
  1.03516E-01  9.22888E+00
  1.07422E-01  9.20832E+00
  1.11328E-01  9.18710E+00
  1.15234E-01  9.16523E+00
  1.19141E-01  9.14270E+00
  1.23047E-01  9.11951E+00
  1.26953E-01  9.09564E+00
  1.30859E-01  9.07111E+00
  1.34766E-01  9.04590E+00
  1.38672E-01  9.02001E+00
  1.42578E-01  8.99344E+00
  1.46484E-01  8.96617E+00
  1.50391E-01  8.93821E+00
  1.54297E-01  8.90954E+00
  1.58203E-01  8.88015E+00
  1.62109E-01  8.85006E+00
  1.66016E-01  8.81923E+00
  1.69922E-01  8.78767E+00
  1.73828E-01  8.75537E+00
  1.77734E-01  8.72231E+00
  1.81641E-01  8.68849E+00
  1.85547E-01  8.65390E+00
  1.89453E-01  8.61852E+00
  1.93359E-01  8.58234E+00
  1.97266E-01  8.54535E+00
  2.01172E-01  8.50754E+00
  2.05078E-01  8.46890E+00
  2.08984E-01  8.42940E+00
  2.12891E-01  8.38903E+00
  2.16797E-01  8.34777E+00
  2.20703E-01  8.30561E+00
  2.24609E-01  8.26252E+00
  2.28516E-01  8.21849E+00
  2.32422E-01  8.17349E+00
  2.36328E-01  8.12751E+00
  2.40234E-01  8.08053E+00
  2.44141E-01  8.03251E+00
  2.48047E-01  7.98342E+00
  2.51953E-01  7.93324E+00
  2.55859E-01  7.88193E+00
  2.59766E-01  7.82946E+00
  2.63672E-01  7.77580E+00
  2.67578E-01  7.72091E+00
  2.71484E-01  7.66474E+00
  2.75391E-01  7.60726E+00
  2.79297E-01  7.54842E+00
  2.83203E-01  7.48815E+00
  2.87109E-01  7.42642E+00
  2.91016E-01  7.36315E+00
  2.94922E-01  7.29829E+00
  2.98828E-01  7.23175E+00
  3.02734E-01  7.16348E+00
  3.06641E-01  7.09338E+00
  3.10547E-01  7.02135E+00
  3.14453E-01  6.94730E+00
  3.18359E-01  6.87113E+00
  3.22266E-01  6.79269E+00
  3.26172E-01  6.71185E+00
  3.30078E-01  6.62847E+00
  3.33984E-01  6.54236E+00
  3.37891E-01  6.45333E+00
  3.41797E-01  6.36115E+00
  3.45703E-01  6.26546E+00
  3.49609E-01  6.16244E+00
  3.53516E-01  5.95168E+00
  3.57422E-01  1.63577E-02
  3.61328E-01  1.59559E-02
  3.65234E-01  1.54389E-02
  3.69141E-01  1.49652E-02
  3.73047E-01  1.44907E-02
  3.76953E-01  1.40551E-02
  3.80859E-01  1.36188E-02
  3.84766E-01  1.32176E-02
  3.88672E-01  1.28157E-02
  3.92578E-01  1.24453E-02
  3.96484E-01  1.20743E-02
  4.00391E-01  1.17317E-02
  4.04297E-01  1.13886E-02
  4.08203E-01  1.10715E-02
  4.12109E-01  1.07540E-02
  4.16016E-01  1.04601E-02
  4.19922E-01  1.01659E-02
  4.23828E-01  9.89306E-03
  4.27734E-01  9.61987E-03
  4.31641E-01  9.36606E-03
  4.35547E-01  9.11192E-03
  4.39453E-01  8.87558E-03
  4.43359E-01  8.63905E-03
  4.47266E-01  8.41900E-03
  4.51172E-01  8.19870E-03
  4.55078E-01  7.99356E-03
  4.58984E-01  7.78812E-03
  4.62891E-01  7.59634E-03
  4.66797E-01  7.40439E-03
  4.70703E-01  7.22496E-03
  4.74609E-01  7.04535E-03
  4.78516E-01  6.87731E-03
  4.82422E-01  6.70914E-03
  4.86328E-01  6.55172E-03
  4.90234E-01  6.39414E-03
  4.94141E-01  6.24641E-03
  4.98047E-01  6.09855E-03
  5.01953E-01  5.95980E-03
  5.05859E-01  5.82090E-03
  5.09766E-01  5.69045E-03
  5.13672E-01  5.55988E-03
  5.17578E-01  5.43713E-03
  5.21484E-01  5.31429E-03
  5.25391E-01  5.19874E-03
  5.29297E-01  5.08308E-03
  5.33203E-01  4.97422E-03
  5.37109E-01  4.86526E-03
  5.41016E-01  4.76254E-03
  5.44922E-01  4.65972E-03
  5.48828E-01  4.56268E-03
  5.52734E-01  4.46555E-03
  5.56641E-01  4.37376E-03
  5.60547E-01  4.28188E-03
  5.64453E-01  4.19499E-03
  5.68359E-01  4.10804E-03
  5.72266E-01  4.02577E-03
  5.76172E-01  3.94346E-03
  5.80078E-01  3.86572E-03
  5.83984E-01  3.78793E-03
  5.87891E-01  3.71434E-03
  5.91797E-01  3.64066E-03
  5.95703E-01  3.57072E-03
  5.99609E-01  3.50070E-03
  6.03516E-01  3.43413E-03
  6.07422E-01  3.36754E-03
  6.11328E-01  3.30433E-03
  6.15234E-01  3.24114E-03
  6.19141E-01  3.18129E-03
  6.23047E-01  3.12144E-03
  6.26953E-01  3.06463E-03
  6.30859E-01  3.00774E-03
  6.34766E-01  2.95355E-03
  6.38672E-01  2.89930E-03
  6.42578E-01  2.84757E-03
  6.46484E-01  2.79584E-03
  6.50391E-01  2.74663E-03
  6.54297E-01  2.69742E-03
  6.58203E-01  2.65053E-03
  6.62109E-01  2.60360E-03
  6.66016E-01  2.55883E-03
  6.69922E-01  2.51405E-03
  6.73828E-01  2.47132E-03
  6.77734E-01  2.42856E-03
  6.81641E-01  2.38775E-03
  6.85547E-01  2.34692E-03
  6.89453E-01  2.30794E-03
  6.93359E-01  2.26892E-03
  6.97266E-01  2.23167E-03
  7.01172E-01  2.19442E-03
  7.05078E-01  2.15888E-03
  7.08984E-01  2.12330E-03
  7.12891E-01  2.08924E-03
  7.16797E-01  2.05515E-03
  7.20703E-01  2.02250E-03
  7.24609E-01  1.98983E-03
  7.28516E-01  1.95850E-03
  7.32422E-01  1.92718E-03
  7.36328E-01  1.89722E-03
  7.40234E-01  1.86734E-03
  7.44141E-01  1.83870E-03
  7.48047E-01  1.81006E-03
  7.51953E-01  1.78267E-03
  7.55859E-01  1.75521E-03
  7.59766E-01  1.72844E-03
  7.63672E-01  1.70230E-03
  7.67578E-01  1.67634E-03
  7.71484E-01  1.65138E-03
  7.75391E-01  1.62652E-03
  7.79297E-01  1.60275E-03
  7.83203E-01  1.57904E-03
  7.87109E-01  1.55619E-03
  7.91016E-01  1.53331E-03
  7.94922E-01  1.51124E-03
  7.98828E-01  1.48919E-03
  8.02734E-01  1.46799E-03
  8.06641E-01  1.44687E-03
  8.10547E-01  1.42655E-03
  8.14453E-01  1.40618E-03
  8.18359E-01  1.38649E-03
  8.22266E-01  1.36681E-03
  8.26172E-01  1.34785E-03
  8.30078E-01  1.32896E-03
  8.33984E-01  1.31082E-03
  8.37891E-01  1.29276E-03
  8.41797E-01  1.27535E-03
  8.45703E-01  1.25789E-03
  8.49609E-01  1.24094E-03
  8.53516E-01  1.22398E-03
  8.57422E-01  1.20759E-03
  8.61328E-01  1.19129E-03
  8.65234E-01  1.17562E-03
  8.69141E-01  1.16002E-03
  8.73047E-01  1.14493E-03
  8.76953E-01  1.12982E-03
  8.80859E-01  1.11522E-03
  8.84766E-01  1.10070E-03
  8.88672E-01  1.08661E-03
  8.92578E-01  1.07250E-03
  8.96484E-01  1.05888E-03
  9.00391E-01  1.04537E-03
  9.04297E-01  1.03222E-03
  9.08203E-01  1.01929E-03
  9.12109E-01  1.00641E-03
  9.16016E-01  9.94005E-04
  9.19922E-01  9.81756E-04
  9.23828E-01  9.69699E-04
  9.27734E-01  9.57718E-04
  9.31641E-01  9.46077E-04
  9.35547E-01  9.34619E-04
  9.39453E-01  9.23312E-04
  9.43359E-01  9.12284E-04
  9.47266E-01  9.01336E-04
  9.51172E-01  8.90747E-04
  9.55078E-01  8.80312E-04
  9.58984E-01  8.70133E-04
  9.62891E-01  8.60094E-04
  9.66797E-01  8.50220E-04
  9.70703E-01  8.40576E-04
  9.74609E-01  8.31296E-04
  9.78516E-01  8.22215E-04
  9.82422E-01  8.13655E-04
  9.86328E-01  8.05061E-04
  9.90234E-01  7.97073E-04
  9.94141E-01  7.90500E-04
  9.98047E-01  7.87388E-04
  1.00195E+00  7.87388E-04
