 -1.95312E-03  9.53909E+00
  1.95312E-03  9.54002E+00
  5.85938E-03  9.53529E+00
  9.76562E-03  9.53062E+00
  1.36719E-02  9.52541E+00
  1.75781E-02  9.51958E+00
  2.14844E-02  9.51312E+00
  2.53906E-02  9.50602E+00
  2.92969E-02  9.49827E+00
  3.32031E-02  9.48988E+00
  3.71094E-02  9.48084E+00
  4.10156E-02  9.47117E+00
  4.49219E-02  9.46085E+00
  4.88281E-02  9.44989E+00
  5.27344E-02  9.43829E+00
  5.66406E-02  9.42606E+00
  6.05469E-02  9.41319E+00
  6.44531E-02  9.39969E+00
  6.83594E-02  9.38554E+00
  7.22656E-02  9.37076E+00
  7.61719E-02  9.35534E+00
  8.00781E-02  9.33928E+00
  8.39844E-02  9.32258E+00
  8.78906E-02  9.30524E+00
  9.17969E-02  9.28726E+00
  9.57031E-02  9.26864E+00
  9.96094E-02  9.24937E+00
  1.03516E-01  9.22946E+00
  1.07422E-01  9.20889E+00
  1.11328E-01  9.18768E+00
  1.15234E-01  9.16580E+00
  1.19141E-01  9.14327E+00
  1.23047E-01  9.12007E+00
  1.26953E-01  9.09621E+00
  1.30859E-01  9.07168E+00
  1.34766E-01  9.04647E+00
  1.38672E-01  9.02058E+00
  1.42578E-01  8.99400E+00
  1.46484E-01  8.96673E+00
  1.50391E-01  8.93876E+00
  1.54297E-01  8.91009E+00
  1.58203E-01  8.88071E+00
  1.62109E-01  8.85061E+00
  1.66016E-01  8.81979E+00
  1.69922E-01  8.78822E+00
  1.73828E-01  8.75591E+00
  1.77734E-01  8.72285E+00
  1.81641E-01  8.68903E+00
  1.85547E-01  8.65443E+00
  1.89453E-01  8.61905E+00
  1.93359E-01  8.58287E+00
  1.97266E-01  8.54589E+00
  2.01172E-01  8.50807E+00
  2.05078E-01  8.46942E+00
  2.08984E-01  8.42993E+00
  2.12891E-01  8.38956E+00
  2.16797E-01  8.34830E+00
  2.20703E-01  8.30615E+00
  2.24609E-01  8.26306E+00
  2.28516E-01  8.21902E+00
  2.32422E-01  8.17403E+00
  2.36328E-01  8.12804E+00
  2.40234E-01  8.08105E+00
  2.44141E-01  8.03303E+00
  2.48047E-01  7.98394E+00
  2.51953E-01  7.93375E+00
  2.55859E-01  7.88244E+00
  2.59766E-01  7.82997E+00
  2.63672E-01  7.77631E+00
  2.67578E-01  7.72141E+00
  2.71484E-01  7.66524E+00
  2.75391E-01  7.60775E+00
  2.79297E-01  7.54889E+00
  2.83203E-01  7.48862E+00
  2.87109E-01  7.42687E+00
  2.91016E-01  7.36360E+00
  2.94922E-01  7.29872E+00
  2.98828E-01  7.23217E+00
  3.02734E-01  7.16388E+00
  3.06641E-01  7.09375E+00
  3.10547E-01  7.02170E+00
  3.14453E-01  6.94762E+00
  3.18359E-01  6.87140E+00
  3.22266E-01  6.79292E+00
  3.26172E-01  6.71202E+00
  3.30078E-01  6.62856E+00
  3.33984E-01  6.54238E+00
  3.37891E-01  6.45325E+00
  3.41797E-01  6.36097E+00
  3.45703E-01  6.26516E+00
  3.49609E-01  6.16201E+00
  3.53516E-01  5.95097E+00
  3.57422E-01  9.74403E-03
  3.61328E-01  9.50597E-03
  3.65234E-01  9.19804E-03
  3.69141E-01  8.91582E-03
  3.73047E-01  8.63315E-03
  3.76953E-01  8.37367E-03
  3.80859E-01  8.11373E-03
  3.84766E-01  7.87454E-03
  3.88672E-01  7.63511E-03
  3.92578E-01  7.41451E-03
  3.96484E-01  7.19362E-03
  4.00391E-01  6.98979E-03
  4.04297E-01  6.78566E-03
  4.08203E-01  6.59703E-03
  4.12109E-01  6.40815E-03
  4.16016E-01  6.23325E-03
  4.19922E-01  6.05813E-03
  4.23828E-01  5.89573E-03
  4.27734E-01  5.73311E-03
  4.31641E-01  5.58200E-03
  4.35547E-01  5.43074E-03
  4.39453E-01  5.29003E-03
  4.43359E-01  5.14920E-03
  4.47266E-01  5.01812E-03
  4.51172E-01  4.88690E-03
  4.55078E-01  4.76463E-03
  4.58984E-01  4.64224E-03
  4.62891E-01  4.52805E-03
  4.66797E-01  4.41375E-03
  4.70703E-01  4.30692E-03
  4.74609E-01  4.19994E-03
  4.78516E-01  4.09977E-03
  4.82422E-01  3.99952E-03
  4.86328E-01  3.90566E-03
  4.90234E-01  3.81175E-03
  4.94141E-01  3.72383E-03
  4.98047E-01  3.63583E-03
  5.01953E-01  3.55333E-03
  5.05859E-01  3.47075E-03
  5.09766E-01  3.39320E-03
  5.13672E-01  3.31555E-03
  5.17578E-01  3.24248E-03
  5.21484E-01  3.16935E-03
  5.25391E-01  3.10049E-03
  5.29297E-01  3.03159E-03
  5.33203E-01  2.96669E-03
  5.37109E-01  2.90174E-03
  5.41016E-01  2.84051E-03
  5.44922E-01  2.77924E-03
  5.48828E-01  2.72141E-03
  5.52734E-01  2.66353E-03
  5.56641E-01  2.60887E-03
  5.60547E-01  2.55416E-03
  5.64453E-01  2.50244E-03
  5.68359E-01  2.45068E-03
  5.72266E-01  2.40174E-03
  5.76172E-01  2.35277E-03
  5.80078E-01  2.30643E-03
  5.83984E-01  2.26007E-03
  5.87891E-01  2.21618E-03
  5.91797E-01  2.17228E-03
  5.95703E-01  2.13069E-03
  5.99609E-01  2.08906E-03
  6.03516E-01  2.04949E-03
  6.07422E-01  2.00986E-03
  6.11328E-01  1.97218E-03
  6.15234E-01  1.93450E-03
  6.19141E-01  1.89872E-03
  6.23047E-01  1.86293E-03
  6.26953E-01  1.82896E-03
  6.30859E-01  1.79497E-03
  6.34766E-01  1.76270E-03
  6.38672E-01  1.73040E-03
  6.42578E-01  1.69965E-03
  6.46484E-01  1.66887E-03
  6.50391E-01  1.63952E-03
  6.54297E-01  1.61015E-03
  6.58203E-01  1.58211E-03
  6.62109E-01  1.55405E-03
  6.66016E-01  1.52728E-03
  6.69922E-01  1.50051E-03
  6.73828E-01  1.47501E-03
  6.77734E-01  1.44952E-03
  6.81641E-01  1.42528E-03
  6.85547E-01  1.40101E-03
  6.89453E-01  1.37783E-03
  6.93359E-01  1.35463E-03
  6.97266E-01  1.33244E-03
  7.01172E-01  1.31022E-03
  7.05078E-01  1.28896E-03
  7.08984E-01  1.26769E-03
  7.12891E-01  1.24735E-03
  7.16797E-01  1.22701E-03
  7.20703E-01  1.20757E-03
  7.24609E-01  1.18811E-03
  7.28516E-01  1.16946E-03
  7.32422E-01  1.15078E-03
  7.36328E-01  1.13285E-03
  7.40234E-01  1.11492E-03
  7.44141E-01  1.09774E-03
  7.48047E-01  1.08058E-03
  7.51953E-01  1.06419E-03
  7.55859E-01  1.04781E-03
  7.59766E-01  1.03209E-03
  7.63672E-01  1.01635E-03
  7.67578E-01  1.00122E-03
  7.71484E-01  9.86077E-04
  7.75391E-01  9.71504E-04
  7.79297E-01  9.56918E-04
  7.83203E-01  9.42888E-04
  7.87109E-01  9.28862E-04
  7.91016E-01  9.15399E-04
  7.94922E-01  9.01949E-04
  7.98828E-01  8.89063E-04
  8.02734E-01  8.76184E-04
  8.06641E-01  8.63821E-04
  8.10547E-01  8.51441E-04
  8.14453E-01  8.39513E-04
  8.18359E-01  8.27573E-04
  8.22266E-01  8.16048E-04
  8.26172E-01  8.04533E-04
  8.30078E-01  7.93484E-04
  8.33984E-01  7.82442E-04
  8.37891E-01  7.71675E-04
  8.41797E-01  7.61159E-04
  8.45703E-01  7.50697E-04
  8.49609E-01  7.40623E-04
  8.53516E-01  7.30548E-04
  8.57422E-01  7.20857E-04
  8.61328E-01  7.11156E-04
  8.65234E-01  7.01801E-04
  8.69141E-01  6.92440E-04
  8.73047E-01  6.83422E-04
  8.76953E-01  6.74406E-04
  8.80859E-01  6.65717E-04
  8.84766E-01  6.57014E-04
  8.88672E-01  6.48595E-04
  8.92578E-01  6.40169E-04
  8.96484E-01  6.32028E-04
  9.00391E-01  6.23902E-04
  9.04297E-01  6.16087E-04
  9.08203E-01  6.08287E-04
  9.12109E-01  6.00730E-04
  9.16016E-01  5.93159E-04
  9.19922E-01  5.85834E-04
  9.23828E-01  5.78563E-04
  9.27734E-01  5.71569E-04
  9.31641E-01  5.64564E-04
  9.35547E-01  5.57758E-04
  9.39453E-01  5.51052E-04
  9.43359E-01  5.44438E-04
  9.47266E-01  5.37985E-04
  9.51172E-01  5.31551E-04
  9.55078E-01  5.25356E-04
  9.58984E-01  5.19258E-04
  9.62891E-01  5.13274E-04
  9.66797E-01  5.07519E-04
  9.70703E-01  5.01796E-04
  9.74609E-01  4.96250E-04
  9.78516E-01  4.90807E-04
  9.82422E-01  4.85519E-04
  9.86328E-01  4.80365E-04
  9.90234E-01  4.75760E-04
  9.94141E-01  4.71794E-04
  9.98047E-01  4.69936E-04
  1.00195E+00  4.69936E-04
