 -1.95312E-03  9.52382E+00
  1.95312E-03  9.52475E+00
  5.85938E-03  9.52002E+00
  9.76562E-03  9.51534E+00
  1.36719E-02  9.51012E+00
  1.75781E-02  9.50429E+00
  2.14844E-02  9.49783E+00
  2.53906E-02  9.49071E+00
  2.92969E-02  9.48295E+00
  3.32031E-02  9.47455E+00
  3.71094E-02  9.46550E+00
  4.10156E-02  9.45581E+00
  4.49219E-02  9.44547E+00
  4.88281E-02  9.43449E+00
  5.27344E-02  9.42287E+00
  5.66406E-02  9.41062E+00
  6.05469E-02  9.39773E+00
  6.44531E-02  9.38419E+00
  6.83594E-02  9.37002E+00
  7.22656E-02  9.35520E+00
  7.61719E-02  9.33975E+00
  8.00781E-02  9.32365E+00
  8.39844E-02  9.30691E+00
  8.78906E-02  9.28953E+00
  9.17969E-02  9.27151E+00
  9.57031E-02  9.25285E+00
  9.96094E-02  9.23354E+00
  1.03516E-01  9.21358E+00
  1.07422E-01  9.19297E+00
  1.11328E-01  9.17171E+00
  1.15234E-01  9.14979E+00
  1.19141E-01  9.12721E+00
  1.23047E-01  9.10396E+00
  1.26953E-01  9.08005E+00
  1.30859E-01  9.05547E+00
  1.34766E-01  9.03020E+00
  1.38672E-01  9.00426E+00
  1.42578E-01  8.97762E+00
  1.46484E-01  8.95029E+00
  1.50391E-01  8.92226E+00
  1.54297E-01  8.89353E+00
  1.58203E-01  8.86408E+00
  1.62109E-01  8.83391E+00
  1.66016E-01  8.80301E+00
  1.69922E-01  8.77138E+00
  1.73828E-01  8.73900E+00
  1.77734E-01  8.70587E+00
  1.81641E-01  8.67197E+00
  1.85547E-01  8.63729E+00
  1.89453E-01  8.60182E+00
  1.93359E-01  8.56555E+00
  1.97266E-01  8.52847E+00
  2.01172E-01  8.49056E+00
  2.05078E-01  8.45181E+00
  2.08984E-01  8.41220E+00
  2.12891E-01  8.37172E+00
  2.16797E-01  8.33035E+00
  2.20703E-01  8.28807E+00
  2.24609E-01  8.24487E+00
  2.28516E-01  8.20071E+00
  2.32422E-01  8.15559E+00
  2.36328E-01  8.10947E+00
  2.40234E-01  8.06234E+00
  2.44141E-01  8.01417E+00
  2.48047E-01  7.96493E+00
  2.51953E-01  7.91459E+00
  2.55859E-01  7.86312E+00
  2.59766E-01  7.81049E+00
  2.63672E-01  7.75665E+00
  2.67578E-01  7.70158E+00
  2.71484E-01  7.64522E+00
  2.75391E-01  7.58754E+00
  2.79297E-01  7.52849E+00
  2.83203E-01  7.46802E+00
  2.87109E-01  7.40606E+00
  2.91016E-01  7.34256E+00
  2.94922E-01  7.27746E+00
  2.98828E-01  7.21068E+00
  3.02734E-01  7.14215E+00
  3.06641E-01  7.07178E+00
  3.10547E-01  6.99947E+00
  3.14453E-01  6.92513E+00
  3.18359E-01  6.84863E+00
  3.22266E-01  6.76986E+00
  3.26172E-01  6.68867E+00
  3.30078E-01  6.60492E+00
  3.33984E-01  6.51841E+00
  3.37891E-01  6.42896E+00
  3.41797E-01  6.33634E+00
  3.45703E-01  6.24017E+00
  3.49609E-01  6.13658E+00
  3.53516E-01  5.92460E+00
  3.57422E-01  3.92931E-02
  3.61328E-01  3.82915E-02
  3.65234E-01  3.70558E-02
  3.69141E-01  3.59231E-02
  3.73047E-01  3.47871E-02
  3.76953E-01  3.37416E-02
  3.80859E-01  3.26955E-02
  3.84766E-01  3.17347E-02
  3.88672E-01  3.07726E-02
  3.92578E-01  2.98856E-02
  3.96484E-01  2.89968E-02
  4.00391E-01  2.81761E-02
  4.04297E-01  2.73547E-02
  4.08203E-01  2.65958E-02
  4.12109E-01  2.58357E-02
  4.16016E-01  2.51315E-02
  4.19922E-01  2.44262E-02
  4.23828E-01  2.37719E-02
  4.27734E-01  2.31167E-02
  4.31641E-01  2.25083E-02
  4.35547E-01  2.18993E-02
  4.39453E-01  2.13332E-02
  4.43359E-01  2.07664E-02
  4.47266E-01  2.02378E-02
  4.51172E-01  1.97087E-02
  4.55078E-01  1.92157E-02
  4.58984E-01  1.87226E-02
  4.62891E-01  1.82624E-02
  4.66797E-01  1.78011E-02
  4.70703E-01  1.73692E-02
  4.74609E-01  1.69375E-02
  4.78516E-01  1.65348E-02
  4.82422E-01  1.61316E-02
  4.86328E-01  1.57530E-02
  4.90234E-01  1.53741E-02
  4.94141E-01  1.50193E-02
  4.98047E-01  1.46642E-02
  5.01953E-01  1.43306E-02
  5.05859E-01  1.39968E-02
  5.09766E-01  1.36837E-02
  5.13672E-01  1.33704E-02
  5.17578E-01  1.30755E-02
  5.21484E-01  1.27802E-02
  5.25391E-01  1.25019E-02
  5.29297E-01  1.22235E-02
  5.33203E-01  1.19612E-02
  5.37109E-01  1.16990E-02
  5.41016E-01  1.14523E-02
  5.44922E-01  1.12052E-02
  5.48828E-01  1.09718E-02
  5.52734E-01  1.07382E-02
  5.56641E-01  1.05176E-02
  5.60547E-01  1.02970E-02
  5.64453E-01  1.00878E-02
  5.68359E-01  9.87870E-03
  5.72266E-01  9.68142E-03
  5.76172E-01  9.48376E-03
  5.80078E-01  9.29398E-03
  5.83984E-01  9.10999E-03
  5.87891E-01  8.92804E-03
  5.91797E-01  8.75549E-03
  5.95703E-01  8.58299E-03
  5.99609E-01  8.41910E-03
  6.03516E-01  8.25493E-03
  6.07422E-01  8.09852E-03
  6.11328E-01  7.94216E-03
  6.15234E-01  7.79378E-03
  6.19141E-01  7.64582E-03
  6.23047E-01  7.50562E-03
  6.26953E-01  7.36521E-03
  6.30859E-01  7.23105E-03
  6.34766E-01  7.09681E-03
  6.38672E-01  6.96879E-03
  6.42578E-01  6.84105E-03
  6.46484E-01  6.71965E-03
  6.50391E-01  6.59824E-03
  6.54297E-01  6.48229E-03
  6.58203E-01  6.36632E-03
  6.62109E-01  6.25599E-03
  6.66016E-01  6.14593E-03
  6.69922E-01  6.04072E-03
  6.73828E-01  5.93528E-03
  6.77734E-01  5.83428E-03
  6.81641E-01  5.73343E-03
  6.85547E-01  5.63734E-03
  6.89453E-01  5.54166E-03
  6.93359E-01  5.45010E-03
  6.97266E-01  5.35836E-03
  7.01172E-01  5.27026E-03
  7.05078E-01  5.18223E-03
  7.08984E-01  5.09807E-03
  7.12891E-01  5.01426E-03
  7.16797E-01  4.93413E-03
  7.20703E-01  4.85386E-03
  7.24609E-01  4.77666E-03
  7.28516E-01  4.69957E-03
  7.32422E-01  4.62586E-03
  7.36328E-01  4.55261E-03
  7.40234E-01  4.48241E-03
  7.44141E-01  4.41197E-03
  7.48047E-01  4.34374E-03
  7.51953E-01  4.27568E-03
  7.55859E-01  4.21046E-03
  7.59766E-01  4.14602E-03
  7.63672E-01  4.08407E-03
  7.67578E-01  4.02210E-03
  7.71484E-01  3.96202E-03
  7.75391E-01  3.90203E-03
  7.79297E-01  3.84420E-03
  7.83203E-01  3.78690E-03
  7.87109E-01  3.73171E-03
  7.91016E-01  3.67652E-03
  7.94922E-01  3.62347E-03
  7.98828E-01  3.57103E-03
  8.02734E-01  3.51958E-03
  8.06641E-01  3.46911E-03
  8.10547E-01  3.41938E-03
  8.14453E-01  3.37145E-03
  8.18359E-01  3.32345E-03
  8.22266E-01  3.27690E-03
  8.26172E-01  3.23132E-03
  8.30078E-01  3.18675E-03
  8.33984E-01  3.14202E-03
  8.37891E-01  3.09836E-03
  8.41797E-01  3.05627E-03
  8.45703E-01  3.01511E-03
  8.49609E-01  2.97422E-03
  8.53516E-01  2.93370E-03
  8.57422E-01  2.89416E-03
  8.61328E-01  2.85574E-03
  8.65234E-01  2.81813E-03
  8.69141E-01  2.78104E-03
  8.73047E-01  2.74433E-03
  8.76953E-01  2.70833E-03
  8.80859E-01  2.67337E-03
  8.84766E-01  2.63841E-03
  8.88672E-01  2.60424E-03
  8.92578E-01  2.57096E-03
  8.96484E-01  2.53850E-03
  9.00391E-01  2.50653E-03
  9.04297E-01  2.47487E-03
  9.08203E-01  2.44352E-03
  9.12109E-01  2.41302E-03
  9.16016E-01  2.38328E-03
  9.19922E-01  2.35392E-03
  9.23828E-01  2.32500E-03
  9.27734E-01  2.29652E-03
  9.31641E-01  2.26845E-03
  9.35547E-01  2.24106E-03
  9.39453E-01  2.21421E-03
  9.43359E-01  2.18782E-03
  9.47266E-01  2.16171E-03
  9.51172E-01  2.13635E-03
  9.55078E-01  2.11121E-03
  9.58984E-01  2.08695E-03
  9.62891E-01  2.06296E-03
  9.66797E-01  2.03957E-03
  9.70703E-01  2.01621E-03
  9.74609E-01  1.99391E-03
  9.78516E-01  1.97215E-03
  9.82422E-01  1.95064E-03
  9.86328E-01  1.93067E-03
  9.90234E-01  1.91184E-03
  9.94141E-01  1.89585E-03
  9.98047E-01  1.88839E-03
  1.00195E+00  1.88839E-03
