 -1.95312E-03  9.53897E+00
  1.95312E-03  9.53990E+00
  5.85938E-03  9.53517E+00
  9.76562E-03  9.53050E+00
  1.36719E-02  9.52529E+00
  1.75781E-02  9.51946E+00
  2.14844E-02  9.51300E+00
  2.53906E-02  9.50590E+00
  2.92969E-02  9.49815E+00
  3.32031E-02  9.48976E+00
  3.71094E-02  9.48072E+00
  4.10156E-02  9.47105E+00
  4.49219E-02  9.46073E+00
  4.88281E-02  9.44977E+00
  5.27344E-02  9.43817E+00
  5.66406E-02  9.42594E+00
  6.05469E-02  9.41307E+00
  6.44531E-02  9.39956E+00
  6.83594E-02  9.38542E+00
  7.22656E-02  9.37063E+00
  7.61719E-02  9.35521E+00
  8.00781E-02  9.33915E+00
  8.39844E-02  9.32245E+00
  8.78906E-02  9.30511E+00
  9.17969E-02  9.28713E+00
  9.57031E-02  9.26851E+00
  9.96094E-02  9.24924E+00
  1.03516E-01  9.22933E+00
  1.07422E-01  9.20877E+00
  1.11328E-01  9.18755E+00
  1.15234E-01  9.16568E+00
  1.19141E-01  9.14315E+00
  1.23047E-01  9.11996E+00
  1.26953E-01  9.09609E+00
  1.30859E-01  9.07156E+00
  1.34766E-01  9.04635E+00
  1.38672E-01  9.02046E+00
  1.42578E-01  8.99389E+00
  1.46484E-01  8.96662E+00
  1.50391E-01  8.93865E+00
  1.54297E-01  8.90998E+00
  1.58203E-01  8.88060E+00
  1.62109E-01  8.85050E+00
  1.66016E-01  8.81967E+00
  1.69922E-01  8.78811E+00
  1.73828E-01  8.75580E+00
  1.77734E-01  8.72274E+00
  1.81641E-01  8.68892E+00
  1.85547E-01  8.65433E+00
  1.89453E-01  8.61895E+00
  1.93359E-01  8.58277E+00
  1.97266E-01  8.54579E+00
  2.01172E-01  8.50798E+00
  2.05078E-01  8.46933E+00
  2.08984E-01  8.42983E+00
  2.12891E-01  8.38946E+00
  2.16797E-01  8.34820E+00
  2.20703E-01  8.30604E+00
  2.24609E-01  8.26295E+00
  2.28516E-01  8.21891E+00
  2.32422E-01  8.17392E+00
  2.36328E-01  8.12794E+00
  2.40234E-01  8.08095E+00
  2.44141E-01  8.03293E+00
  2.48047E-01  7.98383E+00
  2.51953E-01  7.93365E+00
  2.55859E-01  7.88234E+00
  2.59766E-01  7.82987E+00
  2.63672E-01  7.77621E+00
  2.67578E-01  7.72131E+00
  2.71484E-01  7.66514E+00
  2.75391E-01  7.60765E+00
  2.79297E-01  7.54881E+00
  2.83203E-01  7.48853E+00
  2.87109E-01  7.42679E+00
  2.91016E-01  7.36352E+00
  2.94922E-01  7.29865E+00
  2.98828E-01  7.23211E+00
  3.02734E-01  7.16382E+00
  3.06641E-01  7.09370E+00
  3.10547E-01  7.02165E+00
  3.14453E-01  6.94759E+00
  3.18359E-01  6.87138E+00
  3.22266E-01  6.79291E+00
  3.26172E-01  6.71204E+00
  3.30078E-01  6.62861E+00
  3.33984E-01  6.54246E+00
  3.37891E-01  6.45336E+00
  3.41797E-01  6.36111E+00
  3.45703E-01  6.26533E+00
  3.49609E-01  6.16221E+00
  3.53516E-01  5.95123E+00
  3.57422E-01  1.12015E-02
  3.61328E-01  1.09277E-02
  3.65234E-01  1.05737E-02
  3.69141E-01  1.02494E-02
  3.73047E-01  9.92453E-03
  3.76953E-01  9.62613E-03
  3.80859E-01  9.32731E-03
  3.84766E-01  9.05237E-03
  3.88672E-01  8.77701E-03
  3.92578E-01  8.52330E-03
  3.96484E-01  8.26921E-03
  4.00391E-01  8.03461E-03
  4.04297E-01  7.79980E-03
  4.08203E-01  7.58279E-03
  4.12109E-01  7.36546E-03
  4.16016E-01  7.16424E-03
  4.19922E-01  6.96276E-03
  4.23828E-01  6.77599E-03
  4.27734E-01  6.58900E-03
  4.31641E-01  6.41542E-03
  4.35547E-01  6.24164E-03
  4.39453E-01  6.08014E-03
  4.43359E-01  5.91844E-03
  4.47266E-01  5.76792E-03
  4.51172E-01  5.61719E-03
  4.55078E-01  5.47671E-03
  4.58984E-01  5.33606E-03
  4.62891E-01  5.20474E-03
  4.66797E-01  5.07326E-03
  4.70703E-01  4.95031E-03
  4.74609E-01  4.82726E-03
  4.78516E-01  4.71215E-03
  4.82422E-01  4.59694E-03
  4.86328E-01  4.48916E-03
  4.90234E-01  4.38126E-03
  4.94141E-01  4.28020E-03
  4.98047E-01  4.17900E-03
  5.01953E-01  4.08398E-03
  5.05859E-01  3.98886E-03
  5.09766E-01  3.89948E-03
  5.13672E-01  3.81001E-03
  5.17578E-01  3.72588E-03
  5.21484E-01  3.64168E-03
  5.25391E-01  3.56252E-03
  5.29297E-01  3.48332E-03
  5.33203E-01  3.40882E-03
  5.37109E-01  3.33425E-03
  5.41016E-01  3.26399E-03
  5.44922E-01  3.19365E-03
  5.48828E-01  3.12724E-03
  5.52734E-01  3.06075E-03
  5.56641E-01  2.99790E-03
  5.60547E-01  2.93502E-03
  5.64453E-01  2.87559E-03
  5.68359E-01  2.81613E-03
  5.72266E-01  2.75990E-03
  5.76172E-01  2.70365E-03
  5.80078E-01  2.65041E-03
  5.83984E-01  2.59711E-03
  5.87891E-01  2.54658E-03
  5.91797E-01  2.49602E-03
  5.95703E-01  2.44807E-03
  5.99609E-01  2.40010E-03
  6.03516E-01  2.35459E-03
  6.07422E-01  2.30906E-03
  6.11328E-01  2.26588E-03
  6.15234E-01  2.22267E-03
  6.19141E-01  2.18168E-03
  6.23047E-01  2.14065E-03
  6.26953E-01  2.10171E-03
  6.30859E-01  2.06272E-03
  6.34766E-01  2.02555E-03
  6.38672E-01  1.98834E-03
  6.42578E-01  1.95286E-03
  6.46484E-01  1.91738E-03
  6.50391E-01  1.88359E-03
  6.54297E-01  1.84981E-03
  6.58203E-01  1.81768E-03
  6.62109E-01  1.78553E-03
  6.66016E-01  1.75492E-03
  6.69922E-01  1.72429E-03
  6.73828E-01  1.69507E-03
  6.77734E-01  1.66583E-03
  6.81641E-01  1.63787E-03
  6.85547E-01  1.60988E-03
  6.89453E-01  1.58308E-03
  6.93359E-01  1.55628E-03
  6.97266E-01  1.53065E-03
  7.01172E-01  1.50504E-03
  7.05078E-01  1.48062E-03
  7.08984E-01  1.45623E-03
  7.12891E-01  1.43296E-03
  7.16797E-01  1.40966E-03
  7.20703E-01  1.38735E-03
  7.24609E-01  1.36501E-03
  7.28516E-01  1.34358E-03
  7.32422E-01  1.32215E-03
  7.36328E-01  1.30160E-03
  7.40234E-01  1.28104E-03
  7.44141E-01  1.26138E-03
  7.48047E-01  1.24172E-03
  7.51953E-01  1.22286E-03
  7.55859E-01  1.20397E-03
  7.59766E-01  1.18580E-03
  7.63672E-01  1.16762E-03
  7.67578E-01  1.15017E-03
  7.71484E-01  1.13275E-03
  7.75391E-01  1.11607E-03
  7.79297E-01  1.09943E-03
  7.83203E-01  1.08344E-03
  7.87109E-01  1.06745E-03
  7.91016E-01  1.05205E-03
  7.94922E-01  1.03663E-03
  7.98828E-01  1.02174E-03
  8.02734E-01  1.00686E-03
  8.06641E-01  9.92535E-04
  8.10547E-01  9.78201E-04
  8.14453E-01  9.64423E-04
  8.18359E-01  9.50811E-04
  8.22266E-01  9.37465E-04
  8.26172E-01  9.24543E-04
  8.30078E-01  9.11626E-04
  8.33984E-01  8.99151E-04
  8.37891E-01  8.86673E-04
  8.41797E-01  8.74645E-04
  8.45703E-01  8.62622E-04
  8.49609E-01  8.51043E-04
  8.53516E-01  8.39453E-04
  8.57422E-01  8.28278E-04
  8.61328E-01  8.17100E-04
  8.65234E-01  8.06343E-04
  8.69141E-01  7.95596E-04
  8.73047E-01  7.85251E-04
  8.76953E-01  7.74890E-04
  8.80859E-01  7.64889E-04
  8.84766E-01  7.54886E-04
  8.88672E-01  7.45250E-04
  8.92578E-01  7.35624E-04
  8.96484E-01  7.26325E-04
  9.00391E-01  7.17010E-04
  9.04297E-01  7.07979E-04
  9.08203E-01  6.98952E-04
  9.12109E-01  6.90257E-04
  9.16016E-01  6.81626E-04
  9.19922E-01  6.73257E-04
  9.23828E-01  6.64861E-04
  9.27734E-01  6.56709E-04
  9.31641E-01  6.48723E-04
  9.35547E-01  6.40859E-04
  9.39453E-01  6.33192E-04
  9.43359E-01  6.25586E-04
  9.47266E-01  6.18213E-04
  9.51172E-01  6.10867E-04
  9.55078E-01  6.03663E-04
  9.58984E-01  5.96669E-04
  9.62891E-01  5.89743E-04
  9.66797E-01  5.83101E-04
  9.70703E-01  5.76563E-04
  9.74609E-01  5.70200E-04
  9.78516E-01  5.63979E-04
  9.82422E-01  5.57947E-04
  9.86328E-01  5.51992E-04
  9.90234E-01  5.46655E-04
  9.94141E-01  5.42121E-04
  9.98047E-01  5.39984E-04
  1.00195E+00  5.39984E-04
