 -1.95312E-03  9.53363E+00
  1.95312E-03  9.53456E+00
  5.85938E-03  9.52984E+00
  9.76562E-03  9.52516E+00
  1.36719E-02  9.51995E+00
  1.75781E-02  9.51412E+00
  2.14844E-02  9.50766E+00
  2.53906E-02  9.50055E+00
  2.92969E-02  9.49280E+00
  3.32031E-02  9.48440E+00
  3.71094E-02  9.47536E+00
  4.10156E-02  9.46568E+00
  4.49219E-02  9.45536E+00
  4.88281E-02  9.44440E+00
  5.27344E-02  9.43279E+00
  5.66406E-02  9.42055E+00
  6.05469E-02  9.40767E+00
  6.44531E-02  9.39415E+00
  6.83594E-02  9.38000E+00
  7.22656E-02  9.36521E+00
  7.61719E-02  9.34978E+00
  8.00781E-02  9.33371E+00
  8.39844E-02  9.31701E+00
  8.78906E-02  9.29967E+00
  9.17969E-02  9.28168E+00
  9.57031E-02  9.26305E+00
  9.96094E-02  9.24378E+00
  1.03516E-01  9.22386E+00
  1.07422E-01  9.20328E+00
  1.11328E-01  9.18205E+00
  1.15234E-01  9.16017E+00
  1.19141E-01  9.13762E+00
  1.23047E-01  9.11441E+00
  1.26953E-01  9.09054E+00
  1.30859E-01  9.06599E+00
  1.34766E-01  9.04076E+00
  1.38672E-01  9.01486E+00
  1.42578E-01  8.98827E+00
  1.46484E-01  8.96099E+00
  1.50391E-01  8.93301E+00
  1.54297E-01  8.90433E+00
  1.58203E-01  8.87493E+00
  1.62109E-01  8.84481E+00
  1.66016E-01  8.81397E+00
  1.69922E-01  8.78239E+00
  1.73828E-01  8.75007E+00
  1.77734E-01  8.71699E+00
  1.81641E-01  8.68316E+00
  1.85547E-01  8.64854E+00
  1.89453E-01  8.61314E+00
  1.93359E-01  8.57694E+00
  1.97266E-01  8.53993E+00
  2.01172E-01  8.50210E+00
  2.05078E-01  8.46343E+00
  2.08984E-01  8.42390E+00
  2.12891E-01  8.38350E+00
  2.16797E-01  8.34221E+00
  2.20703E-01  8.30002E+00
  2.24609E-01  8.25691E+00
  2.28516E-01  8.21285E+00
  2.32422E-01  8.16782E+00
  2.36328E-01  8.12181E+00
  2.40234E-01  8.07478E+00
  2.44141E-01  8.02672E+00
  2.48047E-01  7.97760E+00
  2.51953E-01  7.92737E+00
  2.55859E-01  7.87602E+00
  2.59766E-01  7.82352E+00
  2.63672E-01  7.76981E+00
  2.67578E-01  7.71487E+00
  2.71484E-01  7.65865E+00
  2.75391E-01  7.60112E+00
  2.79297E-01  7.54222E+00
  2.83203E-01  7.48191E+00
  2.87109E-01  7.42011E+00
  2.91016E-01  7.35679E+00
  2.94922E-01  7.29186E+00
  2.98828E-01  7.22527E+00
  3.02734E-01  7.15693E+00
  3.06641E-01  7.08676E+00
  3.10547E-01  7.01466E+00
  3.14453E-01  6.94055E+00
  3.18359E-01  6.86430E+00
  3.22266E-01  6.78578E+00
  3.26172E-01  6.70487E+00
  3.30078E-01  6.62140E+00
  3.33984E-01  6.53520E+00
  3.37891E-01  6.44608E+00
  3.41797E-01  6.35381E+00
  3.45703E-01  6.25803E+00
  3.49609E-01  6.15491E+00
  3.53516E-01  5.94397E+00
  3.57422E-01  2.80039E-02
  3.61328E-01  2.73057E-02
  3.65234E-01  2.64225E-02
  3.69141E-01  2.56127E-02
  3.73047E-01  2.48016E-02
  3.76953E-01  2.40567E-02
  3.80859E-01  2.33106E-02
  3.84766E-01  2.26239E-02
  3.88672E-01  2.19364E-02
  3.92578E-01  2.13028E-02
  3.96484E-01  2.06684E-02
  4.00391E-01  2.00827E-02
  4.04297E-01  1.94963E-02
  4.08203E-01  1.89542E-02
  4.12109E-01  1.84113E-02
  4.16016E-01  1.79085E-02
  4.19922E-01  1.74051E-02
  4.23828E-01  1.69383E-02
  4.27734E-01  1.64710E-02
  4.31641E-01  1.60373E-02
  4.35547E-01  1.56029E-02
  4.39453E-01  1.51990E-02
  4.43359E-01  1.47945E-02
  4.47266E-01  1.44179E-02
  4.51172E-01  1.40408E-02
  4.55078E-01  1.36895E-02
  4.58984E-01  1.33378E-02
  4.62891E-01  1.30098E-02
  4.66797E-01  1.26814E-02
  4.70703E-01  1.23745E-02
  4.74609E-01  1.20672E-02
  4.78516E-01  1.17795E-02
  4.82422E-01  1.14916E-02
  4.86328E-01  1.12218E-02
  4.90234E-01  1.09518E-02
  4.94141E-01  1.06985E-02
  4.98047E-01  1.04451E-02
  5.01953E-01  1.02073E-02
  5.05859E-01  9.96938E-03
  5.09766E-01  9.74613E-03
  5.13672E-01  9.52265E-03
  5.17578E-01  9.31269E-03
  5.21484E-01  9.10238E-03
  5.25391E-01  8.90401E-03
  5.29297E-01  8.70555E-03
  5.33203E-01  8.51838E-03
  5.37109E-01  8.33119E-03
  5.41016E-01  8.15506E-03
  5.44922E-01  7.97877E-03
  5.48828E-01  7.81267E-03
  5.52734E-01  7.64633E-03
  5.56641E-01  7.48896E-03
  5.60547E-01  7.33143E-03
  5.64453E-01  7.18235E-03
  5.68359E-01  7.03327E-03
  5.72266E-01  6.89246E-03
  5.76172E-01  6.75160E-03
  5.80078E-01  6.61840E-03
  5.83984E-01  6.48505E-03
  5.87891E-01  6.35870E-03
  5.91797E-01  6.23224E-03
  5.95703E-01  6.11231E-03
  5.99609E-01  5.99228E-03
  6.03516E-01  5.87836E-03
  6.07422E-01  5.76438E-03
  6.11328E-01  5.65620E-03
  6.15234E-01  5.54797E-03
  6.19141E-01  5.44536E-03
  6.23047E-01  5.34269E-03
  6.26953E-01  5.24502E-03
  6.30859E-01  5.14716E-03
  6.34766E-01  5.05391E-03
  6.38672E-01  4.96085E-03
  6.42578E-01  4.87222E-03
  6.46484E-01  4.78349E-03
  6.50391E-01  4.69917E-03
  6.54297E-01  4.61555E-03
  6.58203E-01  4.53383E-03
  6.62109E-01  4.45499E-03
  6.66016E-01  4.37651E-03
  6.69922E-01  4.30173E-03
  6.73828E-01  4.22695E-03
  6.77734E-01  4.15548E-03
  6.81641E-01  4.08389E-03
  6.85547E-01  4.01534E-03
  6.89453E-01  3.94675E-03
  6.93359E-01  3.88129E-03
  6.97266E-01  3.81598E-03
  7.01172E-01  3.75383E-03
  7.05078E-01  3.69171E-03
  7.08984E-01  3.63206E-03
  7.12891E-01  3.57230E-03
  7.16797E-01  3.51484E-03
  7.20703E-01  3.45743E-03
  7.24609E-01  3.40247E-03
  7.28516E-01  3.34776E-03
  7.32422E-01  3.29552E-03
  7.36328E-01  3.24334E-03
  7.40234E-01  3.19316E-03
  7.44141E-01  3.14297E-03
  7.48047E-01  3.09479E-03
  7.51953E-01  3.04665E-03
  7.55859E-01  3.00048E-03
  7.59766E-01  2.95428E-03
  7.63672E-01  2.90998E-03
  7.67578E-01  2.86569E-03
  7.71484E-01  2.82324E-03
  7.75391E-01  2.78073E-03
  7.79297E-01  2.73987E-03
  7.83203E-01  2.69897E-03
  7.87109E-01  2.65966E-03
  7.91016E-01  2.62034E-03
  7.94922E-01  2.58259E-03
  7.98828E-01  2.54484E-03
  8.02734E-01  2.50870E-03
  8.06641E-01  2.47264E-03
  8.10547E-01  2.43783E-03
  8.14453E-01  2.40290E-03
  8.18359E-01  2.36904E-03
  8.22266E-01  2.33544E-03
  8.26172E-01  2.30335E-03
  8.30078E-01  2.27164E-03
  8.33984E-01  2.24051E-03
  8.37891E-01  2.20935E-03
  8.41797E-01  2.17903E-03
  8.45703E-01  2.14923E-03
  8.49609E-01  2.12021E-03
  8.53516E-01  2.09176E-03
  8.57422E-01  2.06363E-03
  8.61328E-01  2.03621E-03
  8.65234E-01  2.00911E-03
  8.69141E-01  1.98286E-03
  8.73047E-01  1.95695E-03
  8.76953E-01  1.93139E-03
  8.80859E-01  1.90600E-03
  8.84766E-01  1.88114E-03
  8.88672E-01  1.85706E-03
  8.92578E-01  1.83346E-03
  8.96484E-01  1.81010E-03
  9.00391E-01  1.78718E-03
  9.04297E-01  1.76458E-03
  9.08203E-01  1.74213E-03
  9.12109E-01  1.72045E-03
  9.16016E-01  1.69907E-03
  9.19922E-01  1.67809E-03
  9.23828E-01  1.65743E-03
  9.27734E-01  1.63723E-03
  9.31641E-01  1.61724E-03
  9.35547E-01  1.59761E-03
  9.39453E-01  1.57843E-03
  9.43359E-01  1.55965E-03
  9.47266E-01  1.54116E-03
  9.51172E-01  1.52303E-03
  9.55078E-01  1.50521E-03
  9.58984E-01  1.48773E-03
  9.62891E-01  1.47036E-03
  9.66797E-01  1.45367E-03
  9.70703E-01  1.43721E-03
  9.74609E-01  1.42138E-03
  9.78516E-01  1.40552E-03
  9.82422E-01  1.39053E-03
  9.86328E-01  1.37643E-03
  9.90234E-01  1.36278E-03
  9.94141E-01  1.35143E-03
  9.98047E-01  1.34612E-03
  1.00195E+00  1.34612E-03
