 -1.95312E-03  9.53173E+00
  1.95312E-03  9.53266E+00
  5.85938E-03  9.52793E+00
  9.76562E-03  9.52325E+00
  1.36719E-02  9.51804E+00
  1.75781E-02  9.51221E+00
  2.14844E-02  9.50575E+00
  2.53906E-02  9.49864E+00
  2.92969E-02  9.49089E+00
  3.32031E-02  9.48249E+00
  3.71094E-02  9.47345E+00
  4.10156E-02  9.46377E+00
  4.49219E-02  9.45344E+00
  4.88281E-02  9.44248E+00
  5.27344E-02  9.43087E+00
  5.66406E-02  9.41863E+00
  6.05469E-02  9.40575E+00
  6.44531E-02  9.39223E+00
  6.83594E-02  9.37807E+00
  7.22656E-02  9.36328E+00
  7.61719E-02  9.34785E+00
  8.00781E-02  9.33178E+00
  8.39844E-02  9.31507E+00
  8.78906E-02  9.29772E+00
  9.17969E-02  9.27974E+00
  9.57031E-02  9.26111E+00
  9.96094E-02  9.24183E+00
  1.03516E-01  9.22190E+00
  1.07422E-01  9.20132E+00
  1.11328E-01  9.18009E+00
  1.15234E-01  9.15820E+00
  1.19141E-01  9.13565E+00
  1.23047E-01  9.11244E+00
  1.26953E-01  9.08855E+00
  1.30859E-01  9.06400E+00
  1.34766E-01  9.03877E+00
  1.38672E-01  9.01286E+00
  1.42578E-01  8.98626E+00
  1.46484E-01  8.95897E+00
  1.50391E-01  8.93099E+00
  1.54297E-01  8.90230E+00
  1.58203E-01  8.87290E+00
  1.62109E-01  8.84278E+00
  1.66016E-01  8.81192E+00
  1.69922E-01  8.78034E+00
  1.73828E-01  8.74801E+00
  1.77734E-01  8.71492E+00
  1.81641E-01  8.68107E+00
  1.85547E-01  8.64645E+00
  1.89453E-01  8.61104E+00
  1.93359E-01  8.57482E+00
  1.97266E-01  8.53780E+00
  2.01172E-01  8.49995E+00
  2.05078E-01  8.46127E+00
  2.08984E-01  8.42173E+00
  2.12891E-01  8.38132E+00
  2.16797E-01  8.34002E+00
  2.20703E-01  8.29781E+00
  2.24609E-01  8.25468E+00
  2.28516E-01  8.21060E+00
  2.32422E-01  8.16555E+00
  2.36328E-01  8.11952E+00
  2.40234E-01  8.07248E+00
  2.44141E-01  8.02441E+00
  2.48047E-01  7.97526E+00
  2.51953E-01  7.92501E+00
  2.55859E-01  7.87364E+00
  2.59766E-01  7.82111E+00
  2.63672E-01  7.76738E+00
  2.67578E-01  7.71242E+00
  2.71484E-01  7.65618E+00
  2.75391E-01  7.59862E+00
  2.79297E-01  7.53970E+00
  2.83203E-01  7.47935E+00
  2.87109E-01  7.41753E+00
  2.91016E-01  7.35417E+00
  2.94922E-01  7.28922E+00
  2.98828E-01  7.22259E+00
  3.02734E-01  7.15422E+00
  3.06641E-01  7.08402E+00
  3.10547E-01  7.01188E+00
  3.14453E-01  6.93772E+00
  3.18359E-01  6.86143E+00
  3.22266E-01  6.78287E+00
  3.26172E-01  6.70190E+00
  3.30078E-01  6.61838E+00
  3.33984E-01  6.53212E+00
  3.37891E-01  6.44294E+00
  3.41797E-01  6.35061E+00
  3.45703E-01  6.25475E+00
  3.49609E-01  6.15155E+00
  3.53516E-01  5.94041E+00
  3.57422E-01  3.03261E-02
  3.61328E-01  2.95672E-02
  3.65234E-01  2.86115E-02
  3.69141E-01  2.77349E-02
  3.73047E-01  2.68571E-02
  3.76953E-01  2.60507E-02
  3.80859E-01  2.52432E-02
  3.84766E-01  2.45001E-02
  3.88672E-01  2.37559E-02
  3.92578E-01  2.30698E-02
  3.96484E-01  2.23828E-02
  4.00391E-01  2.17487E-02
  4.04297E-01  2.11136E-02
  4.08203E-01  2.05263E-02
  4.12109E-01  1.99383E-02
  4.16016E-01  1.93940E-02
  4.19922E-01  1.88491E-02
  4.23828E-01  1.83438E-02
  4.27734E-01  1.78378E-02
  4.31641E-01  1.73678E-02
  4.35547E-01  1.68971E-02
  4.39453E-01  1.64598E-02
  4.43359E-01  1.60219E-02
  4.47266E-01  1.56143E-02
  4.51172E-01  1.52063E-02
  4.55078E-01  1.48260E-02
  4.58984E-01  1.44451E-02
  4.62891E-01  1.40894E-02
  4.66797E-01  1.37333E-02
  4.70703E-01  1.34007E-02
  4.74609E-01  1.30678E-02
  4.78516E-01  1.27566E-02
  4.82422E-01  1.24452E-02
  4.86328E-01  1.21535E-02
  4.90234E-01  1.18615E-02
  4.94141E-01  1.15876E-02
  4.98047E-01  1.13135E-02
  5.01953E-01  1.10560E-02
  5.05859E-01  1.07983E-02
  5.09766E-01  1.05561E-02
  5.13672E-01  1.03137E-02
  5.17578E-01  1.00857E-02
  5.21484E-01  9.85758E-03
  5.25391E-01  9.64317E-03
  5.29297E-01  9.42860E-03
  5.33203E-01  9.22674E-03
  5.37109E-01  9.02455E-03
  5.41016E-01  8.83370E-03
  5.44922E-01  8.64260E-03
  5.48828E-01  8.46200E-03
  5.52734E-01  8.28132E-03
  5.56641E-01  8.11070E-03
  5.60547E-01  7.94022E-03
  5.64453E-01  7.77950E-03
  5.68359E-01  7.61860E-03
  5.72266E-01  7.46618E-03
  5.76172E-01  7.31354E-03
  5.80078E-01  7.16872E-03
  5.83984E-01  7.02386E-03
  5.87891E-01  6.88674E-03
  5.91797E-01  6.74970E-03
  5.95703E-01  6.62002E-03
  5.99609E-01  6.49013E-03
  6.03516E-01  6.36683E-03
  6.07422E-01  6.24350E-03
  6.11328E-01  6.12649E-03
  6.15234E-01  6.00933E-03
  6.19141E-01  5.89784E-03
  6.23047E-01  5.78647E-03
  6.26953E-01  5.68052E-03
  6.30859E-01  5.57438E-03
  6.34766E-01  5.47342E-03
  6.38672E-01  5.37395E-03
  6.42578E-01  5.27632E-03
  6.46484E-01  5.18245E-03
  6.50391E-01  5.08866E-03
  6.54297E-01  4.99921E-03
  6.58203E-01  4.90980E-03
  6.62109E-01  4.82477E-03
  6.66016E-01  4.73976E-03
  6.69922E-01  4.65866E-03
  6.73828E-01  4.57745E-03
  6.77734E-01  4.49988E-03
  6.81641E-01  4.42233E-03
  6.85547E-01  4.34845E-03
  6.89453E-01  4.27464E-03
  6.93359E-01  4.20403E-03
  6.97266E-01  4.13329E-03
  7.01172E-01  4.06542E-03
  7.05078E-01  3.99752E-03
  7.08984E-01  3.93262E-03
  7.12891E-01  3.86795E-03
  7.16797E-01  3.80639E-03
  7.20703E-01  3.74484E-03
  7.24609E-01  3.68556E-03
  7.28516E-01  3.62621E-03
  7.32422E-01  3.56904E-03
  7.36328E-01  3.51202E-03
  7.40234E-01  3.45742E-03
  7.44141E-01  3.40312E-03
  7.48047E-01  3.35112E-03
  7.51953E-01  3.29913E-03
  7.55859E-01  3.24911E-03
  7.59766E-01  3.19909E-03
  7.63672E-01  3.15110E-03
  7.67578E-01  3.10312E-03
  7.71484E-01  3.05703E-03
  7.75391E-01  3.01092E-03
  7.79297E-01  2.96672E-03
  7.83203E-01  2.92257E-03
  7.87109E-01  2.88014E-03
  7.91016E-01  2.83764E-03
  7.94922E-01  2.79671E-03
  7.98828E-01  2.75581E-03
  8.02734E-01  2.71646E-03
  8.06641E-01  2.67708E-03
  8.10547E-01  2.63925E-03
  8.14453E-01  2.60168E-03
  8.18359E-01  2.56562E-03
  8.22266E-01  2.52939E-03
  8.26172E-01  2.49400E-03
  8.30078E-01  2.45883E-03
  8.33984E-01  2.42521E-03
  8.37891E-01  2.39229E-03
  8.41797E-01  2.35974E-03
  8.45703E-01  2.32759E-03
  8.49609E-01  2.29573E-03
  8.53516E-01  2.26483E-03
  8.57422E-01  2.23437E-03
  8.61328E-01  2.20472E-03
  8.65234E-01  2.17538E-03
  8.69141E-01  2.14661E-03
  8.73047E-01  2.11847E-03
  8.76953E-01  2.09103E-03
  8.80859E-01  2.06406E-03
  8.84766E-01  2.03721E-03
  8.88672E-01  2.01067E-03
  8.92578E-01  1.98492E-03
  8.96484E-01  1.95975E-03
  9.00391E-01  1.93494E-03
  9.04297E-01  1.91076E-03
  9.08203E-01  1.88660E-03
  9.12109E-01  1.86289E-03
  9.16016E-01  1.83968E-03
  9.19922E-01  1.81699E-03
  9.23828E-01  1.79460E-03
  9.27734E-01  1.77272E-03
  9.31641E-01  1.75120E-03
  9.35547E-01  1.72995E-03
  9.39453E-01  1.70909E-03
  9.43359E-01  1.68871E-03
  9.47266E-01  1.66872E-03
  9.51172E-01  1.64911E-03
  9.55078E-01  1.62982E-03
  9.58984E-01  1.61100E-03
  9.62891E-01  1.59220E-03
  9.66797E-01  1.57406E-03
  9.70703E-01  1.55619E-03
  9.74609E-01  1.53911E-03
  9.78516E-01  1.52199E-03
  9.82422E-01  1.50563E-03
  9.86328E-01  1.49037E-03
  9.90234E-01  1.47565E-03
  9.94141E-01  1.46334E-03
  9.98047E-01  1.45759E-03
  1.00195E+00  1.45759E-03
