 -1.95312E-03  9.53891E+00
  1.95312E-03  9.53984E+00
  5.85938E-03  9.53511E+00
  9.76562E-03  9.53044E+00
  1.36719E-02  9.52523E+00
  1.75781E-02  9.51940E+00
  2.14844E-02  9.51294E+00
  2.53906E-02  9.50584E+00
  2.92969E-02  9.49809E+00
  3.32031E-02  9.48970E+00
  3.71094E-02  9.48066E+00
  4.10156E-02  9.47099E+00
  4.49219E-02  9.46067E+00
  4.88281E-02  9.44972E+00
  5.27344E-02  9.43812E+00
  5.66406E-02  9.42589E+00
  6.05469E-02  9.41302E+00
  6.44531E-02  9.39951E+00
  6.83594E-02  9.38537E+00
  7.22656E-02  9.37058E+00
  7.61719E-02  9.35516E+00
  8.00781E-02  9.33910E+00
  8.39844E-02  9.32241E+00
  8.78906E-02  9.30507E+00
  9.17969E-02  9.28709E+00
  9.57031E-02  9.26846E+00
  9.96094E-02  9.24920E+00
  1.03516E-01  9.22928E+00
  1.07422E-01  9.20872E+00
  1.11328E-01  9.18750E+00
  1.15234E-01  9.16563E+00
  1.19141E-01  9.14310E+00
  1.23047E-01  9.11990E+00
  1.26953E-01  9.09604E+00
  1.30859E-01  9.07151E+00
  1.34766E-01  9.04630E+00
  1.38672E-01  9.02041E+00
  1.42578E-01  8.99384E+00
  1.46484E-01  8.96657E+00
  1.50391E-01  8.93860E+00
  1.54297E-01  8.90993E+00
  1.58203E-01  8.88055E+00
  1.62109E-01  8.85045E+00
  1.66016E-01  8.81962E+00
  1.69922E-01  8.78806E+00
  1.73828E-01  8.75575E+00
  1.77734E-01  8.72269E+00
  1.81641E-01  8.68887E+00
  1.85547E-01  8.65428E+00
  1.89453E-01  8.61890E+00
  1.93359E-01  8.58272E+00
  1.97266E-01  8.54574E+00
  2.01172E-01  8.50792E+00
  2.05078E-01  8.46928E+00
  2.08984E-01  8.42977E+00
  2.12891E-01  8.38940E+00
  2.16797E-01  8.34815E+00
  2.20703E-01  8.30599E+00
  2.24609E-01  8.26290E+00
  2.28516E-01  8.21887E+00
  2.32422E-01  8.17387E+00
  2.36328E-01  8.12789E+00
  2.40234E-01  8.08090E+00
  2.44141E-01  8.03288E+00
  2.48047E-01  7.98379E+00
  2.51953E-01  7.93360E+00
  2.55859E-01  7.88229E+00
  2.59766E-01  7.82982E+00
  2.63672E-01  7.77616E+00
  2.67578E-01  7.72127E+00
  2.71484E-01  7.66510E+00
  2.75391E-01  7.60761E+00
  2.79297E-01  7.54876E+00
  2.83203E-01  7.48849E+00
  2.87109E-01  7.42676E+00
  2.91016E-01  7.36348E+00
  2.94922E-01  7.29861E+00
  2.98828E-01  7.23207E+00
  3.02734E-01  7.16378E+00
  3.06641E-01  7.09367E+00
  3.10547E-01  7.02163E+00
  3.14453E-01  6.94757E+00
  3.18359E-01  6.87137E+00
  3.22266E-01  6.79290E+00
  3.26172E-01  6.71204E+00
  3.30078E-01  6.62862E+00
  3.33984E-01  6.54246E+00
  3.37891E-01  6.45338E+00
  3.41797E-01  6.36114E+00
  3.45703E-01  6.26537E+00
  3.49609E-01  6.16228E+00
  3.53516E-01  5.95134E+00
  3.57422E-01  1.18918E-02
  3.61328E-01  1.16009E-02
  3.65234E-01  1.12250E-02
  3.69141E-01  1.08804E-02
  3.73047E-01  1.05353E-02
  3.76953E-01  1.02186E-02
  3.80859E-01  9.90138E-03
  3.84766E-01  9.60959E-03
  3.88672E-01  9.31735E-03
  3.92578E-01  9.04807E-03
  3.96484E-01  8.77838E-03
  4.00391E-01  8.52938E-03
  4.04297E-01  8.28002E-03
  4.08203E-01  8.04952E-03
  4.12109E-01  7.81871E-03
  4.16016E-01  7.60515E-03
  4.19922E-01  7.39128E-03
  4.23828E-01  7.19297E-03
  4.27734E-01  6.99441E-03
  4.31641E-01  6.81007E-03
  4.35547E-01  6.62551E-03
  4.39453E-01  6.45391E-03
  4.43359E-01  6.28214E-03
  4.47266E-01  6.12230E-03
  4.51172E-01  5.96228E-03
  4.55078E-01  5.81317E-03
  4.58984E-01  5.66388E-03
  4.62891E-01  5.52458E-03
  4.66797E-01  5.38512E-03
  4.70703E-01  5.25482E-03
  4.74609E-01  5.12434E-03
  4.78516E-01  5.00218E-03
  4.82422E-01  4.87994E-03
  4.86328E-01  4.76540E-03
  4.90234E-01  4.65073E-03
  4.94141E-01  4.54329E-03
  4.98047E-01  4.43575E-03
  5.01953E-01  4.33492E-03
  5.05859E-01  4.23399E-03
  5.09766E-01  4.13922E-03
  5.13672E-01  4.04434E-03
  5.17578E-01  3.95513E-03
  5.21484E-01  3.86581E-03
  5.25391E-01  3.78171E-03
  5.29297E-01  3.69753E-03
  5.33203E-01  3.61822E-03
  5.37109E-01  3.53886E-03
  5.41016E-01  3.46413E-03
  5.44922E-01  3.38937E-03
  5.48828E-01  3.31892E-03
  5.52734E-01  3.24841E-03
  5.56641E-01  3.18186E-03
  5.60547E-01  3.11523E-03
  5.64453E-01  3.05217E-03
  5.68359E-01  2.98906E-03
  5.72266E-01  2.92932E-03
  5.76172E-01  2.86957E-03
  5.80078E-01  2.81301E-03
  5.83984E-01  2.75643E-03
  5.87891E-01  2.70287E-03
  5.91797E-01  2.64926E-03
  5.95703E-01  2.59841E-03
  5.99609E-01  2.54752E-03
  6.03516E-01  2.49921E-03
  6.07422E-01  2.45087E-03
  6.11328E-01  2.40498E-03
  6.15234E-01  2.35905E-03
  6.19141E-01  2.31546E-03
  6.23047E-01  2.27183E-03
  6.26953E-01  2.23040E-03
  6.30859E-01  2.18895E-03
  6.34766E-01  2.14959E-03
  6.38672E-01  2.11021E-03
  6.42578E-01  2.07271E-03
  6.46484E-01  2.03518E-03
  6.50391E-01  1.99934E-03
  6.54297E-01  1.96350E-03
  6.58203E-01  1.92928E-03
  6.62109E-01  1.89507E-03
  6.66016E-01  1.86248E-03
  6.69922E-01  1.82988E-03
  6.73828E-01  1.79885E-03
  6.77734E-01  1.76780E-03
  6.81641E-01  1.73820E-03
  6.85547E-01  1.70858E-03
  6.89453E-01  1.68027E-03
  6.93359E-01  1.65194E-03
  6.97266E-01  1.62479E-03
  7.01172E-01  1.59762E-03
  7.05078E-01  1.57159E-03
  7.08984E-01  1.54557E-03
  7.12891E-01  1.52070E-03
  7.16797E-01  1.49586E-03
  7.20703E-01  1.47218E-03
  7.24609E-01  1.44851E-03
  7.28516E-01  1.42586E-03
  7.32422E-01  1.40317E-03
  7.36328E-01  1.38140E-03
  7.40234E-01  1.35962E-03
  7.44141E-01  1.33871E-03
  7.48047E-01  1.31780E-03
  7.51953E-01  1.29776E-03
  7.55859E-01  1.27773E-03
  7.59766E-01  1.25855E-03
  7.63672E-01  1.23934E-03
  7.67578E-01  1.22085E-03
  7.71484E-01  1.20234E-03
  7.75391E-01  1.18454E-03
  7.79297E-01  1.16676E-03
  7.83203E-01  1.14974E-03
  7.87109E-01  1.13275E-03
  7.91016E-01  1.11643E-03
  7.94922E-01  1.10014E-03
  7.98828E-01  1.08447E-03
  8.02734E-01  1.06873E-03
  8.06641E-01  1.05351E-03
  8.10547E-01  1.03845E-03
  8.14453E-01  1.02361E-03
  8.18359E-01  1.00923E-03
  8.22266E-01  9.94904E-04
  8.26172E-01  9.81153E-04
  8.30078E-01  9.67442E-04
  8.33984E-01  9.54262E-04
  8.37891E-01  9.41062E-04
  8.41797E-01  9.28309E-04
  8.45703E-01  9.15551E-04
  8.49609E-01  9.03253E-04
  8.53516E-01  8.90965E-04
  8.57422E-01  8.79117E-04
  8.61328E-01  8.67263E-04
  8.65234E-01  8.55825E-04
  8.69141E-01  8.44390E-04
  8.73047E-01  8.33389E-04
  8.76953E-01  8.22403E-04
  8.80859E-01  8.11809E-04
  8.84766E-01  8.01199E-04
  8.88672E-01  7.90955E-04
  8.92578E-01  7.80716E-04
  8.96484E-01  7.70865E-04
  9.00391E-01  7.61014E-04
  9.04297E-01  7.51466E-04
  9.08203E-01  7.41901E-04
  9.12109E-01  7.32633E-04
  9.16016E-01  7.23412E-04
  9.19922E-01  7.14568E-04
  9.23828E-01  7.05722E-04
  9.27734E-01  6.97021E-04
  9.31641E-01  6.88534E-04
  9.35547E-01  6.80166E-04
  9.39453E-01  6.72038E-04
  9.43359E-01  6.63963E-04
  9.47266E-01  6.56134E-04
  9.51172E-01  6.48383E-04
  9.55078E-01  6.40720E-04
  9.58984E-01  6.33293E-04
  9.62891E-01  6.25930E-04
  9.66797E-01  6.18852E-04
  9.70703E-01  6.11920E-04
  9.74609E-01  6.05175E-04
  9.78516E-01  5.98581E-04
  9.82422E-01  5.92202E-04
  9.86328E-01  5.85877E-04
  9.90234E-01  5.80188E-04
  9.94141E-01  5.75385E-04
  9.98047E-01  5.73118E-04
  1.00195E+00  5.73118E-04
