 -1.95312E-03  9.51327E+00
  1.95312E-03  9.51420E+00
  5.85938E-03  9.50947E+00
  9.76562E-03  9.50478E+00
  1.36719E-02  9.49957E+00
  1.75781E-02  9.49373E+00
  2.14844E-02  9.48726E+00
  2.53906E-02  9.48014E+00
  2.92969E-02  9.47237E+00
  3.32031E-02  9.46395E+00
  3.71094E-02  9.45489E+00
  4.10156E-02  9.44518E+00
  4.49219E-02  9.43483E+00
  4.88281E-02  9.42384E+00
  5.27344E-02  9.41221E+00
  5.66406E-02  9.39994E+00
  6.05469E-02  9.38703E+00
  6.44531E-02  9.37348E+00
  6.83594E-02  9.35929E+00
  7.22656E-02  9.34446E+00
  7.61719E-02  9.32900E+00
  8.00781E-02  9.31289E+00
  8.39844E-02  9.29615E+00
  8.78906E-02  9.27876E+00
  9.17969E-02  9.26073E+00
  9.57031E-02  9.24205E+00
  9.96094E-02  9.22273E+00
  1.03516E-01  9.20275E+00
  1.07422E-01  9.18212E+00
  1.11328E-01  9.16083E+00
  1.15234E-01  9.13889E+00
  1.19141E-01  9.11628E+00
  1.23047E-01  9.09301E+00
  1.26953E-01  9.06907E+00
  1.30859E-01  9.04445E+00
  1.34766E-01  9.01915E+00
  1.38672E-01  8.99317E+00
  1.42578E-01  8.96650E+00
  1.46484E-01  8.93913E+00
  1.50391E-01  8.91106E+00
  1.54297E-01  8.88228E+00
  1.58203E-01  8.85279E+00
  1.62109E-01  8.82257E+00
  1.66016E-01  8.79163E+00
  1.69922E-01  8.75994E+00
  1.73828E-01  8.72751E+00
  1.77734E-01  8.69431E+00
  1.81641E-01  8.66035E+00
  1.85547E-01  8.62561E+00
  1.89453E-01  8.59008E+00
  1.93359E-01  8.55374E+00
  1.97266E-01  8.51659E+00
  2.01172E-01  8.47861E+00
  2.05078E-01  8.43978E+00
  2.08984E-01  8.40009E+00
  2.12891E-01  8.35954E+00
  2.16797E-01  8.31809E+00
  2.20703E-01  8.27573E+00
  2.24609E-01  8.23244E+00
  2.28516E-01  8.18821E+00
  2.32422E-01  8.14300E+00
  2.36328E-01  8.09679E+00
  2.40234E-01  8.04957E+00
  2.44141E-01  8.00131E+00
  2.48047E-01  7.95197E+00
  2.51953E-01  7.90152E+00
  2.55859E-01  7.84995E+00
  2.59766E-01  7.79720E+00
  2.63672E-01  7.74325E+00
  2.67578E-01  7.68806E+00
  2.71484E-01  7.63158E+00
  2.75391E-01  7.57376E+00
  2.79297E-01  7.51457E+00
  2.83203E-01  7.45395E+00
  2.87109E-01  7.39184E+00
  2.91016E-01  7.32818E+00
  2.94922E-01  7.26291E+00
  2.98828E-01  7.19595E+00
  3.02734E-01  7.12722E+00
  3.06641E-01  7.05664E+00
  3.10547E-01  6.98412E+00
  3.14453E-01  6.90954E+00
  3.18359E-01  6.83280E+00
  3.22266E-01  6.75376E+00
  3.26172E-01  6.67229E+00
  3.30078E-01  6.58823E+00
  3.33984E-01  6.50140E+00
  3.37891E-01  6.41159E+00
  3.41797E-01  6.31859E+00
  3.45703E-01  6.22199E+00
  3.49609E-01  6.11790E+00
  3.53516E-01  5.90482E+00
  3.57422E-01  4.99029E-02
  3.61328E-01  4.86054E-02
  3.65234E-01  4.70528E-02
  3.69141E-01  4.56187E-02
  3.73047E-01  4.41839E-02
  3.76953E-01  4.28571E-02
  3.80859E-01  4.15265E-02
  3.84766E-01  4.02977E-02
  3.88672E-01  3.90821E-02
  3.92578E-01  3.79652E-02
  3.96484E-01  3.68442E-02
  4.00391E-01  3.57985E-02
  4.04297E-01  3.47525E-02
  4.08203E-01  3.37815E-02
  4.12109E-01  3.28173E-02
  4.16016E-01  3.19293E-02
  4.19922E-01  3.10387E-02
  4.23828E-01  3.02029E-02
  4.27734E-01  2.93699E-02
  4.31641E-01  2.85951E-02
  4.35547E-01  2.78230E-02
  4.39453E-01  2.71078E-02
  4.43359E-01  2.63900E-02
  4.47266E-01  2.57147E-02
  4.51172E-01  2.50426E-02
  4.55078E-01  2.44189E-02
  4.58984E-01  2.37971E-02
  4.62891E-01  2.32086E-02
  4.66797E-01  2.26230E-02
  4.70703E-01  2.20778E-02
  4.74609E-01  2.15349E-02
  4.78516E-01  2.10183E-02
  4.82422E-01  2.05041E-02
  4.86328E-01  2.00236E-02
  4.90234E-01  1.95479E-02
  4.94141E-01  1.90953E-02
  4.98047E-01  1.86429E-02
  5.01953E-01  1.82172E-02
  5.05859E-01  1.77970E-02
  5.09766E-01  1.73982E-02
  5.13672E-01  1.69989E-02
  5.17578E-01  1.66224E-02
  5.21484E-01  1.62507E-02
  5.25391E-01  1.58920E-02
  5.29297E-01  1.55461E-02
  5.33203E-01  1.52036E-02
  5.37109E-01  1.48801E-02
  5.41016E-01  1.45567E-02
  5.44922E-01  1.42516E-02
  5.48828E-01  1.39462E-02
  5.52734E-01  1.36572E-02
  5.56641E-01  1.33680E-02
  5.60547E-01  1.30950E-02
  5.64453E-01  1.28228E-02
  5.68359E-01  1.25655E-02
  5.72266E-01  1.23077E-02
  5.76172E-01  1.20628E-02
  5.80078E-01  1.18178E-02
  5.83984E-01  1.15855E-02
  5.87891E-01  1.13535E-02
  5.91797E-01  1.11340E-02
  5.95703E-01  1.09145E-02
  5.99609E-01  1.07064E-02
  6.03516E-01  1.04981E-02
  6.07422E-01  1.03000E-02
  6.11328E-01  1.01018E-02
  6.15234E-01  9.91350E-03
  6.19141E-01  9.72531E-03
  6.23047E-01  9.54667E-03
  6.26953E-01  9.36773E-03
  6.30859E-01  9.19682E-03
  6.34766E-01  9.02588E-03
  6.38672E-01  8.86307E-03
  6.42578E-01  8.70109E-03
  6.46484E-01  8.54766E-03
  6.50391E-01  8.39410E-03
  6.54297E-01  8.24632E-03
  6.58203E-01  8.09849E-03
  6.62109E-01  7.95700E-03
  6.66016E-01  7.81687E-03
  6.69922E-01  7.68340E-03
  6.73828E-01  7.55009E-03
  6.77734E-01  7.42168E-03
  6.81641E-01  7.29349E-03
  6.85547E-01  7.17095E-03
  6.89453E-01  7.04913E-03
  6.93359E-01  6.93214E-03
  6.97266E-01  6.81499E-03
  7.01172E-01  6.70251E-03
  7.05078E-01  6.59103E-03
  7.08984E-01  6.48468E-03
  7.12891E-01  6.37846E-03
  7.16797E-01  6.27582E-03
  7.20703E-01  6.17325E-03
  7.24609E-01  6.07482E-03
  7.28516E-01  5.97707E-03
  7.32422E-01  5.88352E-03
  7.36328E-01  5.79018E-03
  7.40234E-01  5.70014E-03
  7.44141E-01  5.60999E-03
  7.48047E-01  5.52314E-03
  7.51953E-01  5.43708E-03
  7.55859E-01  5.35510E-03
  7.59766E-01  5.27284E-03
  7.63672E-01  5.19190E-03
  7.67578E-01  5.11330E-03
  7.71484E-01  5.03643E-03
  7.75391E-01  4.96219E-03
  7.79297E-01  4.88831E-03
  7.83203E-01  4.81594E-03
  7.87109E-01  4.74405E-03
  7.91016E-01  4.67484E-03
  7.94922E-01  4.60669E-03
  7.98828E-01  4.54037E-03
  8.02734E-01  4.47444E-03
  8.06641E-01  4.41094E-03
  8.10547E-01  4.34758E-03
  8.14453E-01  4.28502E-03
  8.18359E-01  4.22480E-03
  8.22266E-01  4.16548E-03
  8.26172E-01  4.10675E-03
  8.30078E-01  4.04974E-03
  8.33984E-01  3.99415E-03
  8.37891E-01  3.93885E-03
  8.41797E-01  3.88434E-03
  8.45703E-01  3.83162E-03
  8.49609E-01  3.78034E-03
  8.53516E-01  3.72915E-03
  8.57422E-01  3.67874E-03
  8.61328E-01  3.62909E-03
  8.65234E-01  3.58132E-03
  8.69141E-01  3.53419E-03
  8.73047E-01  3.48726E-03
  8.76953E-01  3.44142E-03
  8.80859E-01  3.39676E-03
  8.84766E-01  3.35274E-03
  8.88672E-01  3.30958E-03
  8.92578E-01  3.26734E-03
  8.96484E-01  3.22589E-03
  9.00391E-01  3.18481E-03
  9.04297E-01  3.14413E-03
  9.08203E-01  3.10466E-03
  9.12109E-01  3.06630E-03
  9.16016E-01  3.02836E-03
  9.19922E-01  2.99090E-03
  9.23828E-01  2.95403E-03
  9.27734E-01  2.91807E-03
  9.31641E-01  2.88281E-03
  9.35547E-01  2.84817E-03
  9.39453E-01  2.81370E-03
  9.43359E-01  2.78024E-03
  9.47266E-01  2.74717E-03
  9.51172E-01  2.71499E-03
  9.55078E-01  2.68310E-03
  9.58984E-01  2.65205E-03
  9.62891E-01  2.62134E-03
  9.66797E-01  2.59197E-03
  9.70703E-01  2.56274E-03
  9.74609E-01  2.53398E-03
  9.78516E-01  2.50655E-03
  9.82422E-01  2.47932E-03
  9.86328E-01  2.45356E-03
  9.90234E-01  2.42972E-03
  9.94141E-01  2.40943E-03
  9.98047E-01  2.39995E-03
  1.00195E+00  2.39995E-03
