 -1.95312E-03  9.52796E+00
  1.95312E-03  9.52889E+00
  5.85938E-03  9.52416E+00
  9.76562E-03  9.51948E+00
  1.36719E-02  9.51426E+00
  1.75781E-02  9.50844E+00
  2.14844E-02  9.50197E+00
  2.53906E-02  9.49486E+00
  2.92969E-02  9.48710E+00
  3.32031E-02  9.47869E+00
  3.71094E-02  9.46964E+00
  4.10156E-02  9.45995E+00
  4.49219E-02  9.44962E+00
  4.88281E-02  9.43864E+00
  5.27344E-02  9.42702E+00
  5.66406E-02  9.41477E+00
  6.05469E-02  9.40188E+00
  6.44531E-02  9.38835E+00
  6.83594E-02  9.37419E+00
  7.22656E-02  9.35938E+00
  7.61719E-02  9.34394E+00
  8.00781E-02  9.32786E+00
  8.39844E-02  9.31113E+00
  8.78906E-02  9.29377E+00
  9.17969E-02  9.27577E+00
  9.57031E-02  9.25713E+00
  9.96094E-02  9.23784E+00
  1.03516E-01  9.21790E+00
  1.07422E-01  9.19731E+00
  1.11328E-01  9.17606E+00
  1.15234E-01  9.15416E+00
  1.19141E-01  9.13160E+00
  1.23047E-01  9.10838E+00
  1.26953E-01  9.08448E+00
  1.30859E-01  9.05992E+00
  1.34766E-01  9.03467E+00
  1.38672E-01  9.00875E+00
  1.42578E-01  8.98213E+00
  1.46484E-01  8.95483E+00
  1.50391E-01  8.92682E+00
  1.54297E-01  8.89810E+00
  1.58203E-01  8.86868E+00
  1.62109E-01  8.83853E+00
  1.66016E-01  8.80765E+00
  1.69922E-01  8.77604E+00
  1.73828E-01  8.74369E+00
  1.77734E-01  8.71058E+00
  1.81641E-01  8.67670E+00
  1.85547E-01  8.64205E+00
  1.89453E-01  8.60661E+00
  1.93359E-01  8.57037E+00
  1.97266E-01  8.53332E+00
  2.01172E-01  8.49544E+00
  2.05078E-01  8.45672E+00
  2.08984E-01  8.41714E+00
  2.12891E-01  8.37669E+00
  2.16797E-01  8.33535E+00
  2.20703E-01  8.29310E+00
  2.24609E-01  8.24993E+00
  2.28516E-01  8.20582E+00
  2.32422E-01  8.16073E+00
  2.36328E-01  8.11465E+00
  2.40234E-01  8.06757E+00
  2.44141E-01  8.01944E+00
  2.48047E-01  7.97025E+00
  2.51953E-01  7.91996E+00
  2.55859E-01  7.86854E+00
  2.59766E-01  7.81596E+00
  2.63672E-01  7.76218E+00
  2.67578E-01  7.70716E+00
  2.71484E-01  7.65086E+00
  2.75391E-01  7.59324E+00
  2.79297E-01  7.53425E+00
  2.83203E-01  7.47384E+00
  2.87109E-01  7.41195E+00
  2.91016E-01  7.34852E+00
  2.94922E-01  7.28349E+00
  2.98828E-01  7.21680E+00
  3.02734E-01  7.14834E+00
  3.06641E-01  7.07806E+00
  3.10547E-01  7.00584E+00
  3.14453E-01  6.93159E+00
  3.18359E-01  6.85519E+00
  3.22266E-01  6.77652E+00
  3.26172E-01  6.69544E+00
  3.30078E-01  6.61180E+00
  3.33984E-01  6.52543E+00
  3.37891E-01  6.43612E+00
  3.41797E-01  6.34364E+00
  3.45703E-01  6.24763E+00
  3.49609E-01  6.14424E+00
  3.53516E-01  5.93270E+00
  3.57422E-01  3.48622E-02
  3.61328E-01  3.39820E-02
  3.65234E-01  3.28842E-02
  3.69141E-01  3.18777E-02
  3.73047E-01  3.08694E-02
  3.76953E-01  2.99435E-02
  3.80859E-01  2.90163E-02
  3.84766E-01  2.81633E-02
  3.88672E-01  2.73090E-02
  3.92578E-01  2.65211E-02
  3.96484E-01  2.57321E-02
  4.00391E-01  2.50036E-02
  4.04297E-01  2.42741E-02
  4.08203E-01  2.35995E-02
  4.12109E-01  2.29242E-02
  4.16016E-01  2.22987E-02
  4.19922E-01  2.16723E-02
  4.23828E-01  2.10912E-02
  4.27734E-01  2.05095E-02
  4.31641E-01  1.99695E-02
  4.35547E-01  1.94288E-02
  4.39453E-01  1.89257E-02
  4.43359E-01  1.84221E-02
  4.47266E-01  1.79532E-02
  4.51172E-01  1.74840E-02
  4.55078E-01  1.70470E-02
  4.58984E-01  1.66093E-02
  4.62891E-01  1.62004E-02
  4.66797E-01  1.57911E-02
  4.70703E-01  1.54087E-02
  4.74609E-01  1.50260E-02
  4.78516E-01  1.46683E-02
  4.82422E-01  1.43101E-02
  4.86328E-01  1.39747E-02
  4.90234E-01  1.36390E-02
  4.94141E-01  1.33239E-02
  4.98047E-01  1.30085E-02
  5.01953E-01  1.27124E-02
  5.05859E-01  1.24162E-02
  5.09766E-01  1.21382E-02
  5.13672E-01  1.18600E-02
  5.17578E-01  1.15987E-02
  5.21484E-01  1.13370E-02
  5.25391E-01  1.10904E-02
  5.29297E-01  1.08436E-02
  5.33203E-01  1.06111E-02
  5.37109E-01  1.03783E-02
  5.41016E-01  1.01589E-02
  5.44922E-01  9.93921E-03
  5.48828E-01  9.73166E-03
  5.52734E-01  9.52397E-03
  5.56641E-01  9.32795E-03
  5.60547E-01  9.13199E-03
  5.64453E-01  8.94722E-03
  5.68359E-01  8.76213E-03
  5.72266E-01  8.58700E-03
  5.76172E-01  8.41162E-03
  5.80078E-01  8.24503E-03
  5.83984E-01  8.07830E-03
  5.87891E-01  7.92024E-03
  5.91797E-01  7.76296E-03
  5.95703E-01  7.61413E-03
  5.99609E-01  7.46483E-03
  6.03516E-01  7.32275E-03
  6.07422E-01  7.18220E-03
  6.11328E-01  7.04445E-03
  6.15234E-01  6.91253E-03
  6.19141E-01  6.78107E-03
  6.23047E-01  6.65631E-03
  6.26953E-01  6.53145E-03
  6.30859E-01  6.41262E-03
  6.34766E-01  6.29374E-03
  6.38672E-01  6.18079E-03
  6.42578E-01  6.06780E-03
  6.46484E-01  5.96011E-03
  6.50391E-01  5.85226E-03
  6.54297E-01  5.74931E-03
  6.58203E-01  5.64641E-03
  6.62109E-01  5.54853E-03
  6.66016E-01  5.45084E-03
  6.69922E-01  5.35764E-03
  6.73828E-01  5.26427E-03
  6.77734E-01  5.17488E-03
  6.81641E-01  5.08547E-03
  6.85547E-01  5.00008E-03
  6.89453E-01  4.91491E-03
  6.93359E-01  4.83374E-03
  6.97266E-01  4.75249E-03
  7.01172E-01  4.67455E-03
  7.05078E-01  4.59661E-03
  7.08984E-01  4.52211E-03
  7.12891E-01  4.44781E-03
  7.16797E-01  4.37694E-03
  7.20703E-01  4.30595E-03
  7.24609E-01  4.23759E-03
  7.28516E-01  4.16917E-03
  7.32422E-01  4.10339E-03
  7.36328E-01  4.03798E-03
  7.40234E-01  3.97561E-03
  7.44141E-01  3.91360E-03
  7.48047E-01  3.85366E-03
  7.51953E-01  3.79362E-03
  7.55859E-01  3.73561E-03
  7.59766E-01  3.67784E-03
  7.63672E-01  3.62241E-03
  7.67578E-01  3.56732E-03
  7.71484E-01  3.51437E-03
  7.75391E-01  3.46150E-03
  7.79297E-01  3.41055E-03
  7.83203E-01  3.35974E-03
  7.87109E-01  3.31090E-03
  7.91016E-01  3.26198E-03
  7.94922E-01  3.21483E-03
  7.98828E-01  3.16801E-03
  8.02734E-01  3.12297E-03
  8.06641E-01  3.07784E-03
  8.10547E-01  3.03430E-03
  8.14453E-01  2.99107E-03
  8.18359E-01  2.94904E-03
  8.22266E-01  2.90734E-03
  8.26172E-01  2.86626E-03
  8.30078E-01  2.82694E-03
  8.33984E-01  2.78822E-03
  8.37891E-01  2.74992E-03
  8.41797E-01  2.71172E-03
  8.45703E-01  2.67471E-03
  8.49609E-01  2.63869E-03
  8.53516E-01  2.60352E-03
  8.57422E-01  2.56873E-03
  8.61328E-01  2.53431E-03
  8.65234E-01  2.50054E-03
  8.69141E-01  2.46748E-03
  8.73047E-01  2.43510E-03
  8.76953E-01  2.40319E-03
  8.80859E-01  2.37171E-03
  8.84766E-01  2.34116E-03
  8.88672E-01  2.31149E-03
  8.92578E-01  2.28181E-03
  8.96484E-01  2.25270E-03
  9.00391E-01  2.22391E-03
  9.04297E-01  2.19579E-03
  9.08203E-01  2.16842E-03
  9.12109E-01  2.14156E-03
  9.16016E-01  2.11487E-03
  9.19922E-01  2.08864E-03
  9.23828E-01  2.06291E-03
  9.27734E-01  2.03761E-03
  9.31641E-01  2.01287E-03
  9.35547E-01  1.98864E-03
  9.39453E-01  1.96470E-03
  9.43359E-01  1.94117E-03
  9.47266E-01  1.91810E-03
  9.51172E-01  1.89560E-03
  9.55078E-01  1.87336E-03
  9.58984E-01  1.85187E-03
  9.62891E-01  1.83043E-03
  9.66797E-01  1.80955E-03
  9.70703E-01  1.78888E-03
  9.74609E-01  1.76922E-03
  9.78516E-01  1.74974E-03
  9.82422E-01  1.73074E-03
  9.86328E-01  1.71313E-03
  9.90234E-01  1.69634E-03
  9.94141E-01  1.68216E-03
  9.98047E-01  1.67554E-03
  1.00195E+00  1.67554E-03
