 -1.95312E-03  9.52840E+00
  1.95312E-03  9.52933E+00
  5.85938E-03  9.52460E+00
  9.76562E-03  9.51992E+00
  1.36719E-02  9.51470E+00
  1.75781E-02  9.50887E+00
  2.14844E-02  9.50241E+00
  2.53906E-02  9.49530E+00
  2.92969E-02  9.48754E+00
  3.32031E-02  9.47913E+00
  3.71094E-02  9.47009E+00
  4.10156E-02  9.46040E+00
  4.49219E-02  9.45007E+00
  4.88281E-02  9.43909E+00
  5.27344E-02  9.42748E+00
  5.66406E-02  9.41523E+00
  6.05469E-02  9.40234E+00
  6.44531E-02  9.38881E+00
  6.83594E-02  9.37465E+00
  7.22656E-02  9.35985E+00
  7.61719E-02  9.34441E+00
  8.00781E-02  9.32833E+00
  8.39844E-02  9.31162E+00
  8.78906E-02  9.29427E+00
  9.17969E-02  9.27627E+00
  9.57031E-02  9.25764E+00
  9.96094E-02  9.23835E+00
  1.03516E-01  9.21842E+00
  1.07422E-01  9.19783E+00
  1.11328E-01  9.17659E+00
  1.15234E-01  9.15470E+00
  1.19141E-01  9.13215E+00
  1.23047E-01  9.10893E+00
  1.26953E-01  9.08504E+00
  1.30859E-01  9.06048E+00
  1.34766E-01  9.03524E+00
  1.38672E-01  9.00932E+00
  1.42578E-01  8.98271E+00
  1.46484E-01  8.95541E+00
  1.50391E-01  8.92741E+00
  1.54297E-01  8.89870E+00
  1.58203E-01  8.86928E+00
  1.62109E-01  8.83914E+00
  1.66016E-01  8.80828E+00
  1.69922E-01  8.77667E+00
  1.73828E-01  8.74432E+00
  1.77734E-01  8.71122E+00
  1.81641E-01  8.67735E+00
  1.85547E-01  8.64270E+00
  1.89453E-01  8.60727E+00
  1.93359E-01  8.57104E+00
  1.97266E-01  8.53399E+00
  2.01172E-01  8.49612E+00
  2.05078E-01  8.45741E+00
  2.08984E-01  8.41783E+00
  2.12891E-01  8.37739E+00
  2.16797E-01  8.33606E+00
  2.20703E-01  8.29382E+00
  2.24609E-01  8.25066E+00
  2.28516E-01  8.20655E+00
  2.32422E-01  8.16147E+00
  2.36328E-01  8.11540E+00
  2.40234E-01  8.06832E+00
  2.44141E-01  8.02020E+00
  2.48047E-01  7.97102E+00
  2.51953E-01  7.92074E+00
  2.55859E-01  7.86933E+00
  2.59766E-01  7.81675E+00
  2.63672E-01  7.76298E+00
  2.67578E-01  7.70797E+00
  2.71484E-01  7.65168E+00
  2.75391E-01  7.59407E+00
  2.79297E-01  7.53509E+00
  2.83203E-01  7.47469E+00
  2.87109E-01  7.41280E+00
  2.91016E-01  7.34939E+00
  2.94922E-01  7.28437E+00
  2.98828E-01  7.21768E+00
  3.02734E-01  7.14924E+00
  3.06641E-01  7.07897E+00
  3.10547E-01  7.00676E+00
  3.14453E-01  6.93253E+00
  3.18359E-01  6.85614E+00
  3.22266E-01  6.77749E+00
  3.26172E-01  6.69642E+00
  3.30078E-01  6.61280E+00
  3.33984E-01  6.52644E+00
  3.37891E-01  6.43714E+00
  3.41797E-01  6.34469E+00
  3.45703E-01  6.24870E+00
  3.49609E-01  6.14533E+00
  3.53516E-01  5.93386E+00
  3.57422E-01  3.41747E-02
  3.61328E-01  3.33130E-02
  3.65234E-01  3.22368E-02
  3.69141E-01  3.12498E-02
  3.73047E-01  3.02615E-02
  3.76953E-01  2.93539E-02
  3.80859E-01  2.84451E-02
  3.84766E-01  2.76086E-02
  3.88672E-01  2.67708E-02
  3.92578E-01  2.59982E-02
  3.96484E-01  2.52246E-02
  4.00391E-01  2.45104E-02
  4.04297E-01  2.37952E-02
  4.08203E-01  2.31340E-02
  4.12109E-01  2.24719E-02
  4.16016E-01  2.18584E-02
  4.19922E-01  2.12443E-02
  4.23828E-01  2.06747E-02
  4.27734E-01  2.01045E-02
  4.31641E-01  1.95751E-02
  4.35547E-01  1.90449E-02
  4.39453E-01  1.85517E-02
  4.43359E-01  1.80580E-02
  4.47266E-01  1.75987E-02
  4.51172E-01  1.71389E-02
  4.55078E-01  1.67103E-02
  4.58984E-01  1.62810E-02
  4.62891E-01  1.58802E-02
  4.66797E-01  1.54790E-02
  4.70703E-01  1.51043E-02
  4.74609E-01  1.47294E-02
  4.78516E-01  1.43787E-02
  4.82422E-01  1.40276E-02
  4.86328E-01  1.36986E-02
  4.90234E-01  1.33693E-02
  4.94141E-01  1.30603E-02
  4.98047E-01  1.27511E-02
  5.01953E-01  1.24611E-02
  5.05859E-01  1.21709E-02
  5.09766E-01  1.18986E-02
  5.13672E-01  1.16260E-02
  5.17578E-01  1.13697E-02
  5.21484E-01  1.11130E-02
  5.25391E-01  1.08712E-02
  5.29297E-01  1.06292E-02
  5.33203E-01  1.04012E-02
  5.37109E-01  1.01730E-02
  5.41016E-01  9.95775E-03
  5.44922E-01  9.74226E-03
  5.48828E-01  9.53882E-03
  5.52734E-01  9.33535E-03
  5.56641E-01  9.14365E-03
  5.60547E-01  8.95185E-03
  5.64453E-01  8.77059E-03
  5.68359E-01  8.58906E-03
  5.72266E-01  8.41702E-03
  5.76172E-01  8.24474E-03
  5.80078E-01  8.08126E-03
  5.83984E-01  7.91795E-03
  5.87891E-01  7.76375E-03
  5.91797E-01  7.60999E-03
  5.95703E-01  7.46359E-03
  5.99609E-01  7.31714E-03
  6.03516E-01  7.17818E-03
  6.07422E-01  7.03890E-03
  6.11328E-01  6.90522E-03
  6.15234E-01  6.77541E-03
  6.19141E-01  6.64705E-03
  6.23047E-01  6.52465E-03
  6.26953E-01  6.40218E-03
  6.30859E-01  6.28577E-03
  6.34766E-01  6.16935E-03
  6.38672E-01  6.05865E-03
  6.42578E-01  5.94780E-03
  6.46484E-01  5.84202E-03
  6.50391E-01  5.73620E-03
  6.54297E-01  5.63538E-03
  6.58203E-01  5.53471E-03
  6.62109E-01  5.43903E-03
  6.66016E-01  5.34327E-03
  6.69922E-01  5.25168E-03
  6.73828E-01  5.15998E-03
  6.77734E-01  5.07230E-03
  6.81641E-01  4.98469E-03
  6.85547E-01  4.90124E-03
  6.89453E-01  4.81795E-03
  6.93359E-01  4.73826E-03
  6.97266E-01  4.65843E-03
  7.01172E-01  4.58200E-03
  7.05078E-01  4.50568E-03
  7.08984E-01  4.43289E-03
  7.12891E-01  4.36025E-03
  7.16797E-01  4.29061E-03
  7.20703E-01  4.22080E-03
  7.24609E-01  4.15359E-03
  7.28516E-01  4.08645E-03
  7.32422E-01  4.02220E-03
  7.36328E-01  3.95843E-03
  7.40234E-01  3.89752E-03
  7.44141E-01  3.83650E-03
  7.48047E-01  3.77745E-03
  7.51953E-01  3.71842E-03
  7.55859E-01  3.66156E-03
  7.59766E-01  3.60508E-03
  7.63672E-01  3.55092E-03
  7.67578E-01  3.49698E-03
  7.71484E-01  3.44507E-03
  7.75391E-01  3.39319E-03
  7.79297E-01  3.34327E-03
  7.83203E-01  3.29349E-03
  7.87109E-01  3.24553E-03
  7.91016E-01  3.19753E-03
  7.94922E-01  3.15145E-03
  7.98828E-01  3.10563E-03
  8.02734E-01  3.06138E-03
  8.06641E-01  3.01709E-03
  8.10547E-01  2.97448E-03
  8.14453E-01  2.93202E-03
  8.18359E-01  2.89077E-03
  8.22266E-01  2.84974E-03
  8.26172E-01  2.80984E-03
  8.30078E-01  2.77151E-03
  8.33984E-01  2.73328E-03
  8.37891E-01  2.69547E-03
  8.41797E-01  2.65808E-03
  8.45703E-01  2.62208E-03
  8.49609E-01  2.58687E-03
  8.53516E-01  2.55232E-03
  8.57422E-01  2.51805E-03
  8.61328E-01  2.48428E-03
  8.65234E-01  2.45122E-03
  8.69141E-01  2.41885E-03
  8.73047E-01  2.38709E-03
  8.76953E-01  2.35575E-03
  8.80859E-01  2.32498E-03
  8.84766E-01  2.29519E-03
  8.88672E-01  2.26601E-03
  8.92578E-01  2.23680E-03
  8.96484E-01  2.20825E-03
  9.00391E-01  2.18002E-03
  9.04297E-01  2.15257E-03
  9.08203E-01  2.12576E-03
  9.12109E-01  2.09936E-03
  9.16016E-01  2.07314E-03
  9.19922E-01  2.04744E-03
  9.23828E-01  2.02222E-03
  9.27734E-01  1.99743E-03
  9.31641E-01  1.97321E-03
  9.35547E-01  1.94944E-03
  9.39453E-01  1.92594E-03
  9.43359E-01  1.90288E-03
  9.47266E-01  1.88029E-03
  9.51172E-01  1.85823E-03
  9.55078E-01  1.83644E-03
  9.58984E-01  1.81536E-03
  9.62891E-01  1.79432E-03
  9.66797E-01  1.77385E-03
  9.70703E-01  1.75360E-03
  9.74609E-01  1.73434E-03
  9.78516E-01  1.71521E-03
  9.82422E-01  1.69660E-03
  9.86328E-01  1.67936E-03
  9.90234E-01  1.66288E-03
  9.94141E-01  1.64899E-03
  9.98047E-01  1.64250E-03
  1.00195E+00  1.64250E-03
