 -1.95312E-03  9.53258E+00
  1.95312E-03  9.53351E+00
  5.85938E-03  9.52878E+00
  9.76562E-03  9.52411E+00
  1.36719E-02  9.51890E+00
  1.75781E-02  9.51307E+00
  2.14844E-02  9.50661E+00
  2.53906E-02  9.49950E+00
  2.92969E-02  9.49175E+00
  3.32031E-02  9.48335E+00
  3.71094E-02  9.47431E+00
  4.10156E-02  9.46463E+00
  4.49219E-02  9.45431E+00
  4.88281E-02  9.44334E+00
  5.27344E-02  9.43173E+00
  5.66406E-02  9.41949E+00
  6.05469E-02  9.40661E+00
  6.44531E-02  9.39309E+00
  6.83594E-02  9.37893E+00
  7.22656E-02  9.36414E+00
  7.61719E-02  9.34871E+00
  8.00781E-02  9.33264E+00
  8.39844E-02  9.31593E+00
  8.78906E-02  9.29859E+00
  9.17969E-02  9.28060E+00
  9.57031E-02  9.26197E+00
  9.96094E-02  9.24269E+00
  1.03516E-01  9.22277E+00
  1.07422E-01  9.20219E+00
  1.11328E-01  9.18096E+00
  1.15234E-01  9.15908E+00
  1.19141E-01  9.13653E+00
  1.23047E-01  9.11333E+00
  1.26953E-01  9.08945E+00
  1.30859E-01  9.06490E+00
  1.34766E-01  9.03968E+00
  1.38672E-01  9.01377E+00
  1.42578E-01  8.98718E+00
  1.46484E-01  8.95990E+00
  1.50391E-01  8.93192E+00
  1.54297E-01  8.90323E+00
  1.58203E-01  8.87383E+00
  1.62109E-01  8.84371E+00
  1.66016E-01  8.81287E+00
  1.69922E-01  8.78129E+00
  1.73828E-01  8.74897E+00
  1.77734E-01  8.71590E+00
  1.81641E-01  8.68206E+00
  1.85547E-01  8.64744E+00
  1.89453E-01  8.61204E+00
  1.93359E-01  8.57584E+00
  1.97266E-01  8.53883E+00
  2.01172E-01  8.50100E+00
  2.05078E-01  8.46232E+00
  2.08984E-01  8.42279E+00
  2.12891E-01  8.38239E+00
  2.16797E-01  8.34110E+00
  2.20703E-01  8.29890E+00
  2.24609E-01  8.25578E+00
  2.28516E-01  8.21171E+00
  2.32422E-01  8.16668E+00
  2.36328E-01  8.12066E+00
  2.40234E-01  8.07363E+00
  2.44141E-01  8.02556E+00
  2.48047E-01  7.97643E+00
  2.51953E-01  7.92619E+00
  2.55859E-01  7.87483E+00
  2.59766E-01  7.82232E+00
  2.63672E-01  7.76860E+00
  2.67578E-01  7.71365E+00
  2.71484E-01  7.65743E+00
  2.75391E-01  7.59988E+00
  2.79297E-01  7.54097E+00
  2.83203E-01  7.48064E+00
  2.87109E-01  7.41884E+00
  2.91016E-01  7.35550E+00
  2.94922E-01  7.29056E+00
  2.98828E-01  7.22396E+00
  3.02734E-01  7.15561E+00
  3.06641E-01  7.08543E+00
  3.10547E-01  7.01332E+00
  3.14453E-01  6.93919E+00
  3.18359E-01  6.86292E+00
  3.22266E-01  6.78439E+00
  3.26172E-01  6.70346E+00
  3.30078E-01  6.61997E+00
  3.33984E-01  6.53376E+00
  3.37891E-01  6.44461E+00
  3.41797E-01  6.35231E+00
  3.45703E-01  6.25650E+00
  3.49609E-01  6.15334E+00
  3.53516E-01  5.94231E+00
  3.57422E-01  2.91419E-02
  3.61328E-01  2.84141E-02
  3.65234E-01  2.74952E-02
  3.69141E-01  2.66528E-02
  3.73047E-01  2.58091E-02
  3.76953E-01  2.50340E-02
  3.80859E-01  2.42577E-02
  3.84766E-01  2.35434E-02
  3.88672E-01  2.28280E-02
  3.92578E-01  2.21687E-02
  3.96484E-01  2.15084E-02
  4.00391E-01  2.08989E-02
  4.04297E-01  2.02886E-02
  4.08203E-01  1.97244E-02
  4.12109E-01  1.91595E-02
  4.16016E-01  1.86366E-02
  4.19922E-01  1.81129E-02
  4.23828E-01  1.76269E-02
  4.27734E-01  1.71406E-02
  4.31641E-01  1.66889E-02
  4.35547E-01  1.62369E-02
  4.39453E-01  1.58168E-02
  4.43359E-01  1.53961E-02
  4.47266E-01  1.50044E-02
  4.51172E-01  1.46121E-02
  4.55078E-01  1.42463E-02
  4.58984E-01  1.38801E-02
  4.62891E-01  1.35384E-02
  4.66797E-01  1.31965E-02
  4.70703E-01  1.28772E-02
  4.74609E-01  1.25576E-02
  4.78516E-01  1.22585E-02
  4.82422E-01  1.19591E-02
  4.86328E-01  1.16786E-02
  4.90234E-01  1.13978E-02
  4.94141E-01  1.11344E-02
  4.98047E-01  1.08707E-02
  5.01953E-01  1.06232E-02
  5.05859E-01  1.03754E-02
  5.09766E-01  1.01427E-02
  5.13672E-01  9.90981E-03
  5.17578E-01  9.69113E-03
  5.21484E-01  9.47227E-03
  5.25391E-01  9.26650E-03
  5.29297E-01  9.06039E-03
  5.33203E-01  8.86589E-03
  5.37109E-01  8.67122E-03
  5.41016E-01  8.48745E-03
  5.44922E-01  8.30356E-03
  5.48828E-01  8.13030E-03
  5.52734E-01  7.95706E-03
  5.56641E-01  7.79374E-03
  5.60547E-01  7.63020E-03
  5.64453E-01  7.47538E-03
  5.68359E-01  7.32036E-03
  5.72266E-01  7.17348E-03
  5.76172E-01  7.02656E-03
  5.80078E-01  6.88767E-03
  5.83984E-01  6.74880E-03
  5.87891E-01  6.61741E-03
  5.91797E-01  6.48585E-03
  5.95703E-01  6.36108E-03
  5.99609E-01  6.23625E-03
  6.03516E-01  6.11781E-03
  6.07422E-01  5.99926E-03
  6.11328E-01  5.88664E-03
  6.15234E-01  5.77395E-03
  6.19141E-01  5.66693E-03
  6.23047E-01  5.55984E-03
  6.26953E-01  5.45816E-03
  6.30859E-01  5.35670E-03
  6.34766E-01  5.25998E-03
  6.38672E-01  5.16298E-03
  6.42578E-01  5.07045E-03
  6.46484E-01  4.97893E-03
  6.50391E-01  4.88948E-03
  6.54297E-01  4.80356E-03
  6.58203E-01  4.71797E-03
  6.62109E-01  4.63628E-03
  6.66016E-01  4.55451E-03
  6.69922E-01  4.47647E-03
  6.73828E-01  4.39844E-03
  6.77734E-01  4.32413E-03
  6.81641E-01  4.24986E-03
  6.85547E-01  4.17884E-03
  6.89453E-01  4.10770E-03
  6.93359E-01  4.03951E-03
  6.97266E-01  3.97129E-03
  7.01172E-01  3.90611E-03
  7.05078E-01  3.84113E-03
  7.08984E-01  3.77929E-03
  7.12891E-01  3.71748E-03
  7.16797E-01  3.65804E-03
  7.20703E-01  3.59849E-03
  7.24609E-01  3.54120E-03
  7.28516E-01  3.48399E-03
  7.32422E-01  3.42922E-03
  7.36328E-01  3.37473E-03
  7.40234E-01  3.32262E-03
  7.44141E-01  3.27055E-03
  7.48047E-01  3.22047E-03
  7.51953E-01  3.17037E-03
  7.55859E-01  3.12228E-03
  7.59766E-01  3.07424E-03
  7.63672E-01  3.02812E-03
  7.67578E-01  2.98198E-03
  7.71484E-01  2.93773E-03
  7.75391E-01  2.89351E-03
  7.79297E-01  2.85109E-03
  7.83203E-01  2.80861E-03
  7.87109E-01  2.76772E-03
  7.91016E-01  2.72681E-03
  7.94922E-01  2.68749E-03
  7.98828E-01  2.64817E-03
  8.02734E-01  2.61038E-03
  8.06641E-01  2.57265E-03
  8.10547E-01  2.53659E-03
  8.14453E-01  2.50054E-03
  8.18359E-01  2.46548E-03
  8.22266E-01  2.43038E-03
  8.26172E-01  2.39646E-03
  8.30078E-01  2.36317E-03
  8.33984E-01  2.33124E-03
  8.37891E-01  2.29919E-03
  8.41797E-01  2.26764E-03
  8.45703E-01  2.23656E-03
  8.49609E-01  2.20612E-03
  8.53516E-01  2.17655E-03
  8.57422E-01  2.14730E-03
  8.61328E-01  2.11878E-03
  8.65234E-01  2.09052E-03
  8.69141E-01  2.06303E-03
  8.73047E-01  2.03611E-03
  8.76953E-01  2.00972E-03
  8.80859E-01  1.98354E-03
  8.84766E-01  1.95755E-03
  8.88672E-01  1.93224E-03
  8.92578E-01  1.90767E-03
  8.96484E-01  1.88344E-03
  9.00391E-01  1.85961E-03
  9.04297E-01  1.83626E-03
  9.08203E-01  1.81291E-03
  9.12109E-01  1.79021E-03
  9.16016E-01  1.76796E-03
  9.19922E-01  1.74615E-03
  9.23828E-01  1.72464E-03
  9.27734E-01  1.70363E-03
  9.31641E-01  1.68289E-03
  9.35547E-01  1.66245E-03
  9.39453E-01  1.64244E-03
  9.43359E-01  1.62289E-03
  9.47266E-01  1.60366E-03
  9.51172E-01  1.58481E-03
  9.55078E-01  1.56627E-03
  9.58984E-01  1.54813E-03
  9.62891E-01  1.53006E-03
  9.66797E-01  1.51266E-03
  9.70703E-01  1.49551E-03
  9.74609E-01  1.47906E-03
  9.78516E-01  1.46259E-03
  9.82422E-01  1.44693E-03
  9.86328E-01  1.43226E-03
  9.90234E-01  1.41809E-03
  9.94141E-01  1.40627E-03
  9.98047E-01  1.40074E-03
  1.00195E+00  1.40074E-03
