 -1.95312E-03  9.51611E+00
  1.95312E-03  9.51704E+00
  5.85938E-03  9.51230E+00
  9.76562E-03  9.50762E+00
  1.36719E-02  9.50241E+00
  1.75781E-02  9.49657E+00
  2.14844E-02  9.49010E+00
  2.53906E-02  9.48298E+00
  2.92969E-02  9.47522E+00
  3.32031E-02  9.46680E+00
  3.71094E-02  9.45775E+00
  4.10156E-02  9.44805E+00
  4.49219E-02  9.43771E+00
  4.88281E-02  9.42673E+00
  5.27344E-02  9.41510E+00
  5.66406E-02  9.40283E+00
  6.05469E-02  9.38993E+00
  6.44531E-02  9.37638E+00
  6.83594E-02  9.36220E+00
  7.22656E-02  9.34737E+00
  7.61719E-02  9.33191E+00
  8.00781E-02  9.31581E+00
  8.39844E-02  9.29906E+00
  8.78906E-02  9.28168E+00
  9.17969E-02  9.26365E+00
  9.57031E-02  9.24498E+00
  9.96094E-02  9.22565E+00
  1.03516E-01  9.20568E+00
  1.07422E-01  9.18506E+00
  1.11328E-01  9.16378E+00
  1.15234E-01  9.14185E+00
  1.19141E-01  9.11925E+00
  1.23047E-01  9.09598E+00
  1.26953E-01  9.07205E+00
  1.30859E-01  9.04744E+00
  1.34766E-01  9.02215E+00
  1.38672E-01  8.99618E+00
  1.42578E-01  8.96951E+00
  1.46484E-01  8.94216E+00
  1.50391E-01  8.91410E+00
  1.54297E-01  8.88533E+00
  1.58203E-01  8.85585E+00
  1.62109E-01  8.82564E+00
  1.66016E-01  8.79471E+00
  1.69922E-01  8.76303E+00
  1.73828E-01  8.73061E+00
  1.77734E-01  8.69744E+00
  1.81641E-01  8.66349E+00
  1.85547E-01  8.62877E+00
  1.89453E-01  8.59326E+00
  1.93359E-01  8.55694E+00
  1.97266E-01  8.51981E+00
  2.01172E-01  8.48185E+00
  2.05078E-01  8.44305E+00
  2.08984E-01  8.40339E+00
  2.12891E-01  8.36286E+00
  2.16797E-01  8.32143E+00
  2.20703E-01  8.27910E+00
  2.24609E-01  8.23584E+00
  2.28516E-01  8.19163E+00
  2.32422E-01  8.14645E+00
  2.36328E-01  8.10027E+00
  2.40234E-01  8.05308E+00
  2.44141E-01  8.00484E+00
  2.48047E-01  7.95553E+00
  2.51953E-01  7.90513E+00
  2.55859E-01  7.85358E+00
  2.59766E-01  7.80087E+00
  2.63672E-01  7.74696E+00
  2.67578E-01  7.69180E+00
  2.71484E-01  7.63535E+00
  2.75391E-01  7.57758E+00
  2.79297E-01  7.51843E+00
  2.83203E-01  7.45786E+00
  2.87109E-01  7.39579E+00
  2.91016E-01  7.33218E+00
  2.94922E-01  7.26696E+00
  2.98828E-01  7.20005E+00
  3.02734E-01  7.13138E+00
  3.06641E-01  7.06086E+00
  3.10547E-01  6.98839E+00
  3.14453E-01  6.91388E+00
  3.18359E-01  6.83721E+00
  3.22266E-01  6.75825E+00
  3.26172E-01  6.67686E+00
  3.30078E-01  6.59288E+00
  3.33984E-01  6.50614E+00
  3.37891E-01  6.41644E+00
  3.41797E-01  6.32354E+00
  3.45703E-01  6.22706E+00
  3.49609E-01  6.12311E+00
  3.53516E-01  5.91034E+00
  3.57422E-01  4.70311E-02
  3.61328E-01  4.58087E-02
  3.65234E-01  4.43288E-02
  3.69141E-01  4.29670E-02
  3.73047E-01  4.16062E-02
  3.76953E-01  4.03632E-02
  3.80859E-01  3.91235E-02
  3.84766E-01  3.79763E-02
  3.88672E-01  3.68246E-02
  3.92578E-01  3.57562E-02
  3.96484E-01  3.46912E-02
  4.00391E-01  3.37117E-02
  4.04297E-01  3.27349E-02
  4.08203E-01  3.18271E-02
  4.12109E-01  3.09163E-02
  4.16016E-01  3.00687E-02
  4.19922E-01  2.92247E-02
  4.23828E-01  2.84450E-02
  4.27734E-01  2.76645E-02
  4.31641E-01  2.69357E-02
  4.35547E-01  2.62063E-02
  4.39453E-01  2.55271E-02
  4.43359E-01  2.48507E-02
  4.47266E-01  2.42215E-02
  4.51172E-01  2.35900E-02
  4.55078E-01  2.29983E-02
  4.58984E-01  2.24098E-02
  4.62891E-01  2.18609E-02
  4.66797E-01  2.13099E-02
  4.70703E-01  2.07905E-02
  4.74609E-01  2.02757E-02
  4.78516E-01  1.97957E-02
  4.82422E-01  1.93145E-02
  4.86328E-01  1.88580E-02
  4.90234E-01  1.84048E-02
  4.94141E-01  1.79810E-02
  4.98047E-01  1.75586E-02
  5.01953E-01  1.71573E-02
  5.05859E-01  1.67573E-02
  5.09766E-01  1.63819E-02
  5.13672E-01  1.60081E-02
  5.17578E-01  1.56535E-02
  5.21484E-01  1.53003E-02
  5.25391E-01  1.49681E-02
  5.29297E-01  1.46353E-02
  5.33203E-01  1.43211E-02
  5.37109E-01  1.40100E-02
  5.41016E-01  1.37081E-02
  5.44922E-01  1.34190E-02
  5.48828E-01  1.31317E-02
  5.52734E-01  1.28608E-02
  5.56641E-01  1.25895E-02
  5.60547E-01  1.23326E-02
  5.64453E-01  1.20753E-02
  5.68359E-01  1.18315E-02
  5.72266E-01  1.15879E-02
  5.76172E-01  1.13577E-02
  5.80078E-01  1.11276E-02
  5.83984E-01  1.09098E-02
  5.87891E-01  1.06919E-02
  5.91797E-01  1.04851E-02
  5.95703E-01  1.02780E-02
  5.99609E-01  1.00815E-02
  6.03516E-01  9.88507E-03
  6.07422E-01  9.69874E-03
  6.11328E-01  9.51218E-03
  6.15234E-01  9.33471E-03
  6.19141E-01  9.15701E-03
  6.23047E-01  8.98793E-03
  6.26953E-01  8.81893E-03
  6.30859E-01  8.65891E-03
  6.34766E-01  8.49939E-03
  6.38672E-01  8.34708E-03
  6.42578E-01  8.19437E-03
  6.46484E-01  8.04794E-03
  6.50391E-01  7.90188E-03
  6.54297E-01  7.76303E-03
  6.58203E-01  7.62523E-03
  6.62109E-01  7.49338E-03
  6.66016E-01  7.36125E-03
  6.69922E-01  7.23440E-03
  6.73828E-01  7.10803E-03
  6.77734E-01  6.98751E-03
  6.81641E-01  6.86731E-03
  6.85547E-01  6.75178E-03
  6.89453E-01  6.63632E-03
  6.93359E-01  6.52604E-03
  6.97266E-01  6.41657E-03
  7.01172E-01  6.31190E-03
  7.05078E-01  6.20694E-03
  7.08984E-01  6.10574E-03
  7.12891E-01  6.00483E-03
  7.16797E-01  5.90831E-03
  7.20703E-01  5.81245E-03
  7.24609E-01  5.72056E-03
  7.28516E-01  5.62858E-03
  7.32422E-01  5.53991E-03
  7.36328E-01  5.45131E-03
  7.40234E-01  5.36636E-03
  7.44141E-01  5.28206E-03
  7.48047E-01  5.20126E-03
  7.51953E-01  5.12019E-03
  7.55859E-01  5.04149E-03
  7.59766E-01  4.96357E-03
  7.63672E-01  4.88934E-03
  7.67578E-01  4.81575E-03
  7.71484E-01  4.74363E-03
  7.75391E-01  4.67238E-03
  7.79297E-01  4.60204E-03
  7.83203E-01  4.53418E-03
  7.87109E-01  4.46747E-03
  7.91016E-01  4.40272E-03
  7.94922E-01  4.33813E-03
  7.98828E-01  4.27556E-03
  8.02734E-01  4.21359E-03
  8.06641E-01  4.15307E-03
  8.10547E-01  4.09297E-03
  8.14453E-01  4.03552E-03
  8.18359E-01  3.97856E-03
  8.22266E-01  3.92213E-03
  8.26172E-01  3.86764E-03
  8.30078E-01  3.81414E-03
  8.33984E-01  3.76089E-03
  8.37891E-01  3.70881E-03
  8.41797E-01  3.65854E-03
  8.45703E-01  3.60914E-03
  8.49609E-01  3.55983E-03
  8.53516E-01  3.51122E-03
  8.57422E-01  3.46416E-03
  8.61328E-01  3.41812E-03
  8.65234E-01  3.37301E-03
  8.69141E-01  3.32785E-03
  8.73047E-01  3.28391E-03
  8.76953E-01  3.24121E-03
  8.80859E-01  3.19908E-03
  8.84766E-01  3.15762E-03
  8.88672E-01  3.11715E-03
  8.92578E-01  3.07731E-03
  8.96484E-01  3.03791E-03
  9.00391E-01  2.99899E-03
  9.04297E-01  2.96106E-03
  9.08203E-01  2.92432E-03
  9.12109E-01  2.88803E-03
  9.16016E-01  2.85203E-03
  9.19922E-01  2.81671E-03
  9.23828E-01  2.78213E-03
  9.27734E-01  2.74838E-03
  9.31641E-01  2.71509E-03
  9.35547E-01  2.68227E-03
  9.39453E-01  2.64983E-03
  9.43359E-01  2.61839E-03
  9.47266E-01  2.58723E-03
  9.51172E-01  2.55690E-03
  9.55078E-01  2.52683E-03
  9.58984E-01  2.49759E-03
  9.62891E-01  2.46877E-03
  9.66797E-01  2.44111E-03
  9.70703E-01  2.41342E-03
  9.74609E-01  2.38639E-03
  9.78516E-01  2.36055E-03
  9.82422E-01  2.33485E-03
  9.86328E-01  2.31067E-03
  9.90234E-01  2.28821E-03
  9.94141E-01  2.26910E-03
  9.98047E-01  2.26017E-03
  1.00195E+00  2.26017E-03
