 -1.95312E-03  9.53847E+00
  1.95312E-03  9.53940E+00
  5.85938E-03  9.53467E+00
  9.76562E-03  9.53000E+00
  1.36719E-02  9.52479E+00
  1.75781E-02  9.51897E+00
  2.14844E-02  9.51251E+00
  2.53906E-02  9.50541E+00
  2.92969E-02  9.49766E+00
  3.32031E-02  9.48927E+00
  3.71094E-02  9.48023E+00
  4.10156E-02  9.47056E+00
  4.49219E-02  9.46024E+00
  4.88281E-02  9.44929E+00
  5.27344E-02  9.43769E+00
  5.66406E-02  9.42546E+00
  6.05469E-02  9.41259E+00
  6.44531E-02  9.39908E+00
  6.83594E-02  9.38494E+00
  7.22656E-02  9.37016E+00
  7.61719E-02  9.35474E+00
  8.00781E-02  9.33868E+00
  8.39844E-02  9.32198E+00
  8.78906E-02  9.30464E+00
  9.17969E-02  9.28666E+00
  9.57031E-02  9.26804E+00
  9.96094E-02  9.24877E+00
  1.03516E-01  9.22886E+00
  1.07422E-01  9.20830E+00
  1.11328E-01  9.18708E+00
  1.15234E-01  9.16521E+00
  1.19141E-01  9.14268E+00
  1.23047E-01  9.11948E+00
  1.26953E-01  9.09562E+00
  1.30859E-01  9.07109E+00
  1.34766E-01  9.04588E+00
  1.38672E-01  9.02000E+00
  1.42578E-01  8.99342E+00
  1.46484E-01  8.96616E+00
  1.50391E-01  8.93819E+00
  1.54297E-01  8.90952E+00
  1.58203E-01  8.88014E+00
  1.62109E-01  8.85004E+00
  1.66016E-01  8.81921E+00
  1.69922E-01  8.78765E+00
  1.73828E-01  8.75535E+00
  1.77734E-01  8.72229E+00
  1.81641E-01  8.68847E+00
  1.85547E-01  8.65388E+00
  1.89453E-01  8.61850E+00
  1.93359E-01  8.58232E+00
  1.97266E-01  8.54533E+00
  2.01172E-01  8.50752E+00
  2.05078E-01  8.46888E+00
  2.08984E-01  8.42938E+00
  2.12891E-01  8.38901E+00
  2.16797E-01  8.34775E+00
  2.20703E-01  8.30559E+00
  2.24609E-01  8.26250E+00
  2.28516E-01  8.21847E+00
  2.32422E-01  8.17348E+00
  2.36328E-01  8.12750E+00
  2.40234E-01  8.08051E+00
  2.44141E-01  8.03249E+00
  2.48047E-01  7.98340E+00
  2.51953E-01  7.93321E+00
  2.55859E-01  7.88190E+00
  2.59766E-01  7.82944E+00
  2.63672E-01  7.77578E+00
  2.67578E-01  7.72089E+00
  2.71484E-01  7.66473E+00
  2.75391E-01  7.60724E+00
  2.79297E-01  7.54840E+00
  2.83203E-01  7.48814E+00
  2.87109E-01  7.42640E+00
  2.91016E-01  7.36314E+00
  2.94922E-01  7.29827E+00
  2.98828E-01  7.23174E+00
  3.02734E-01  7.16346E+00
  3.06641E-01  7.09336E+00
  3.10547E-01  7.02134E+00
  3.14453E-01  6.94729E+00
  3.18359E-01  6.87111E+00
  3.22266E-01  6.79267E+00
  3.26172E-01  6.71183E+00
  3.30078E-01  6.62845E+00
  3.33984E-01  6.54234E+00
  3.37891E-01  6.45332E+00
  3.41797E-01  6.36115E+00
  3.45703E-01  6.26545E+00
  3.49609E-01  6.16244E+00
  3.53516E-01  5.95168E+00
  3.57422E-01  1.66867E-02
  3.61328E-01  1.62770E-02
  3.65234E-01  1.57498E-02
  3.69141E-01  1.52664E-02
  3.73047E-01  1.47823E-02
  3.76953E-01  1.43377E-02
  3.80859E-01  1.38926E-02
  3.84766E-01  1.34833E-02
  3.88672E-01  1.30733E-02
  3.92578E-01  1.26956E-02
  3.96484E-01  1.23173E-02
  4.00391E-01  1.19679E-02
  4.04297E-01  1.16180E-02
  4.08203E-01  1.12944E-02
  4.12109E-01  1.09705E-02
  4.16016E-01  1.06706E-02
  4.19922E-01  1.03704E-02
  4.23828E-01  1.00921E-02
  4.27734E-01  9.81348E-03
  4.31641E-01  9.55467E-03
  4.35547E-01  9.29552E-03
  4.39453E-01  9.05442E-03
  4.43359E-01  8.81305E-03
  4.47266E-01  8.58846E-03
  4.51172E-01  8.36363E-03
  4.55078E-01  8.15428E-03
  4.58984E-01  7.94468E-03
  4.62891E-01  7.74909E-03
  4.66797E-01  7.55329E-03
  4.70703E-01  7.37032E-03
  4.74609E-01  7.18714E-03
  4.78516E-01  7.01571E-03
  4.82422E-01  6.84413E-03
  4.86328E-01  6.68350E-03
  4.90234E-01  6.52272E-03
  4.94141E-01  6.37203E-03
  4.98047E-01  6.22120E-03
  5.01953E-01  6.07966E-03
  5.05859E-01  5.93799E-03
  5.09766E-01  5.80492E-03
  5.13672E-01  5.67172E-03
  5.17578E-01  5.54646E-03
  5.21484E-01  5.42111E-03
  5.25391E-01  5.30320E-03
  5.29297E-01  5.18518E-03
  5.33203E-01  5.07411E-03
  5.37109E-01  4.96292E-03
  5.41016E-01  4.85815E-03
  5.44922E-01  4.75328E-03
  5.48828E-01  4.65429E-03
  5.52734E-01  4.55523E-03
  5.56641E-01  4.46165E-03
  5.60547E-01  4.36798E-03
  5.64453E-01  4.27940E-03
  5.68359E-01  4.19074E-03
  5.72266E-01  4.10681E-03
  5.76172E-01  4.02282E-03
  5.80078E-01  3.94335E-03
  5.83984E-01  3.86390E-03
  5.87891E-01  3.78880E-03
  5.91797E-01  3.71364E-03
  5.95703E-01  3.64241E-03
  5.99609E-01  3.57107E-03
  6.03516E-01  3.50325E-03
  6.07422E-01  3.43538E-03
  6.11328E-01  3.37085E-03
  6.15234E-01  3.30632E-03
  6.19141E-01  3.24510E-03
  6.23047E-01  3.18392E-03
  6.26953E-01  3.12595E-03
  6.30859E-01  3.06792E-03
  6.34766E-01  3.01274E-03
  6.38672E-01  2.95748E-03
  6.42578E-01  2.90476E-03
  6.46484E-01  2.85201E-03
  6.50391E-01  2.80174E-03
  6.54297E-01  2.75149E-03
  6.58203E-01  2.70367E-03
  6.62109E-01  2.65581E-03
  6.66016E-01  2.61016E-03
  6.69922E-01  2.56449E-03
  6.73828E-01  2.52090E-03
  6.77734E-01  2.47728E-03
  6.81641E-01  2.43566E-03
  6.85547E-01  2.39401E-03
  6.89453E-01  2.35425E-03
  6.93359E-01  2.31445E-03
  6.97266E-01  2.27642E-03
  7.01172E-01  2.23838E-03
  7.05078E-01  2.20208E-03
  7.08984E-01  2.16578E-03
  7.12891E-01  2.13109E-03
  7.16797E-01  2.09634E-03
  7.20703E-01  2.06305E-03
  7.24609E-01  2.02974E-03
  7.28516E-01  1.99782E-03
  7.32422E-01  1.96587E-03
  7.36328E-01  1.93524E-03
  7.40234E-01  1.90470E-03
  7.44141E-01  1.87550E-03
  7.48047E-01  1.84625E-03
  7.51953E-01  1.81824E-03
  7.55859E-01  1.79048E-03
  7.59766E-01  1.76310E-03
  7.63672E-01  1.73655E-03
  7.67578E-01  1.71004E-03
  7.71484E-01  1.68455E-03
  7.75391E-01  1.65912E-03
  7.79297E-01  1.63478E-03
  7.83203E-01  1.61056E-03
  7.87109E-01  1.58731E-03
  7.91016E-01  1.56402E-03
  7.94922E-01  1.54153E-03
  7.98828E-01  1.51904E-03
  8.02734E-01  1.49740E-03
  8.06641E-01  1.47581E-03
  8.10547E-01  1.45509E-03
  8.14453E-01  1.43437E-03
  8.18359E-01  1.41432E-03
  8.22266E-01  1.39426E-03
  8.26172E-01  1.37490E-03
  8.30078E-01  1.35560E-03
  8.33984E-01  1.33705E-03
  8.37891E-01  1.31858E-03
  8.41797E-01  1.30085E-03
  8.45703E-01  1.28309E-03
  8.49609E-01  1.26584E-03
  8.53516E-01  1.24859E-03
  8.57422E-01  1.23185E-03
  8.61328E-01  1.21519E-03
  8.65234E-01  1.19916E-03
  8.69141E-01  1.18324E-03
  8.73047E-01  1.16786E-03
  8.76953E-01  1.15247E-03
  8.80859E-01  1.13757E-03
  8.84766E-01  1.12275E-03
  8.88672E-01  1.10841E-03
  8.92578E-01  1.09404E-03
  8.96484E-01  1.08011E-03
  9.00391E-01  1.06633E-03
  9.04297E-01  1.05289E-03
  9.08203E-01  1.03974E-03
  9.12109E-01  1.02660E-03
  9.16016E-01  1.01390E-03
  9.19922E-01  1.00142E-03
  9.23828E-01  9.89152E-04
  9.27734E-01  9.76938E-04
  9.31641E-01  9.65045E-04
  9.35547E-01  9.53370E-04
  9.39453E-01  9.41831E-04
  9.43359E-01  9.30589E-04
  9.47266E-01  9.19420E-04
  9.51172E-01  9.08603E-04
  9.55078E-01  8.97959E-04
  9.58984E-01  8.87577E-04
  9.62891E-01  8.77347E-04
  9.66797E-01  8.67278E-04
  9.70703E-01  8.57432E-04
  9.74609E-01  8.47960E-04
  9.78516E-01  8.38688E-04
  9.82422E-01  8.29966E-04
  9.86328E-01  8.21213E-04
  9.90234E-01  8.13056E-04
  9.94141E-01  8.06350E-04
  9.98047E-01  8.03176E-04
  1.00195E+00  8.03176E-04
