 -1.95312E-03  9.52600E+00
  1.95312E-03  9.52693E+00
  5.85938E-03  9.52220E+00
  9.76562E-03  9.51752E+00
  1.36719E-02  9.51231E+00
  1.75781E-02  9.50648E+00
  2.14844E-02  9.50001E+00
  2.53906E-02  9.49290E+00
  2.92969E-02  9.48514E+00
  3.32031E-02  9.47674E+00
  3.71094E-02  9.46769E+00
  4.10156E-02  9.45800E+00
  4.49219E-02  9.44767E+00
  4.88281E-02  9.43669E+00
  5.27344E-02  9.42507E+00
  5.66406E-02  9.41282E+00
  6.05469E-02  9.39993E+00
  6.44531E-02  9.38640E+00
  6.83594E-02  9.37223E+00
  7.22656E-02  9.35742E+00
  7.61719E-02  9.34197E+00
  8.00781E-02  9.32588E+00
  8.39844E-02  9.30915E+00
  8.78906E-02  9.29178E+00
  9.17969E-02  9.27377E+00
  9.57031E-02  9.25512E+00
  9.96094E-02  9.23582E+00
  1.03516E-01  9.21587E+00
  1.07422E-01  9.19526E+00
  1.11328E-01  9.17401E+00
  1.15234E-01  9.15209E+00
  1.19141E-01  9.12952E+00
  1.23047E-01  9.10629E+00
  1.26953E-01  9.08238E+00
  1.30859E-01  9.05780E+00
  1.34766E-01  9.03255E+00
  1.38672E-01  9.00661E+00
  1.42578E-01  8.97998E+00
  1.46484E-01  8.95267E+00
  1.50391E-01  8.92464E+00
  1.54297E-01  8.89592E+00
  1.58203E-01  8.86648E+00
  1.62109E-01  8.83631E+00
  1.66016E-01  8.80542E+00
  1.69922E-01  8.77379E+00
  1.73828E-01  8.74142E+00
  1.77734E-01  8.70829E+00
  1.81641E-01  8.67440E+00
  1.85547E-01  8.63973E+00
  1.89453E-01  8.60427E+00
  1.93359E-01  8.56802E+00
  1.97266E-01  8.53095E+00
  2.01172E-01  8.49305E+00
  2.05078E-01  8.45432E+00
  2.08984E-01  8.41472E+00
  2.12891E-01  8.37425E+00
  2.16797E-01  8.33290E+00
  2.20703E-01  8.29064E+00
  2.24609E-01  8.24745E+00
  2.28516E-01  8.20332E+00
  2.32422E-01  8.15822E+00
  2.36328E-01  8.11212E+00
  2.40234E-01  8.06502E+00
  2.44141E-01  8.01688E+00
  2.48047E-01  7.96767E+00
  2.51953E-01  7.91736E+00
  2.55859E-01  7.86592E+00
  2.59766E-01  7.81332E+00
  2.63672E-01  7.75951E+00
  2.67578E-01  7.70447E+00
  2.71484E-01  7.64815E+00
  2.75391E-01  7.59050E+00
  2.79297E-01  7.53149E+00
  2.83203E-01  7.47104E+00
  2.87109E-01  7.40913E+00
  2.91016E-01  7.34567E+00
  2.94922E-01  7.28061E+00
  2.98828E-01  7.21388E+00
  3.02734E-01  7.14539E+00
  3.06641E-01  7.07506E+00
  3.10547E-01  7.00280E+00
  3.14453E-01  6.92851E+00
  3.18359E-01  6.85207E+00
  3.22266E-01  6.77335E+00
  3.26172E-01  6.69222E+00
  3.30078E-01  6.60853E+00
  3.33984E-01  6.52209E+00
  3.37891E-01  6.43272E+00
  3.41797E-01  6.34017E+00
  3.45703E-01  6.24408E+00
  3.49609E-01  6.14060E+00
  3.53516E-01  5.92885E+00
  3.57422E-01  3.70129E-02
  3.61328E-01  3.60734E-02
  3.65234E-01  3.49069E-02
  3.69141E-01  3.38378E-02
  3.73047E-01  3.27677E-02
  3.76953E-01  3.17854E-02
  3.80859E-01  3.08011E-02
  3.84766E-01  2.98952E-02
  3.88672E-01  2.89881E-02
  3.92578E-01  2.81524E-02
  3.96484E-01  2.73157E-02
  4.00391E-01  2.65431E-02
  4.04297E-01  2.57693E-02
  4.08203E-01  2.50533E-02
  4.12109E-01  2.43365E-02
  4.16016E-01  2.36724E-02
  4.19922E-01  2.30078E-02
  4.23828E-01  2.23916E-02
  4.27734E-01  2.17745E-02
  4.31641E-01  2.12011E-02
  4.35547E-01  2.06270E-02
  4.39453E-01  2.00931E-02
  4.43359E-01  1.95588E-02
  4.47266E-01  1.90614E-02
  4.51172E-01  1.85633E-02
  4.55078E-01  1.80985E-02
  4.58984E-01  1.76332E-02
  4.62891E-01  1.71995E-02
  4.66797E-01  1.67655E-02
  4.70703E-01  1.63600E-02
  4.74609E-01  1.59537E-02
  4.78516E-01  1.55733E-02
  4.82422E-01  1.51928E-02
  4.86328E-01  1.48366E-02
  4.90234E-01  1.44801E-02
  4.94141E-01  1.41459E-02
  4.98047E-01  1.38115E-02
  5.01953E-01  1.34977E-02
  5.05859E-01  1.31835E-02
  5.09766E-01  1.28879E-02
  5.13672E-01  1.25921E-02
  5.17578E-01  1.23140E-02
  5.21484E-01  1.20358E-02
  5.25391E-01  1.17743E-02
  5.29297E-01  1.15127E-02
  5.33203E-01  1.12662E-02
  5.37109E-01  1.10193E-02
  5.41016E-01  1.07864E-02
  5.44922E-01  1.05534E-02
  5.48828E-01  1.03334E-02
  5.52734E-01  1.01132E-02
  5.56641E-01  9.90525E-03
  5.60547E-01  9.69712E-03
  5.64453E-01  9.49999E-03
  5.68359E-01  9.30275E-03
  5.72266E-01  9.11644E-03
  5.76172E-01  8.93063E-03
  5.80078E-01  8.75454E-03
  5.83984E-01  8.57817E-03
  5.87891E-01  8.41128E-03
  5.91797E-01  8.24473E-03
  5.95703E-01  8.08303E-03
  5.99609E-01  7.92738E-03
  6.03516E-01  7.77288E-03
  6.07422E-01  7.62644E-03
  6.11328E-01  7.48009E-03
  6.15234E-01  7.34079E-03
  6.19141E-01  7.20124E-03
  6.23047E-01  7.06821E-03
  6.26953E-01  6.93524E-03
  6.30859E-01  6.80891E-03
  6.34766E-01  6.68280E-03
  6.38672E-01  6.56275E-03
  6.42578E-01  6.44257E-03
  6.46484E-01  6.32810E-03
  6.50391E-01  6.21373E-03
  6.54297E-01  6.10499E-03
  6.58203E-01  5.99609E-03
  6.62109E-01  5.89191E-03
  6.66016E-01  5.78767E-03
  6.69922E-01  5.68818E-03
  6.73828E-01  5.58893E-03
  6.77734E-01  5.49454E-03
  6.81641E-01  5.40015E-03
  6.85547E-01  5.30964E-03
  6.89453E-01  5.21905E-03
  6.93359E-01  5.13226E-03
  6.97266E-01  5.04565E-03
  7.01172E-01  4.96306E-03
  7.05078E-01  4.88067E-03
  7.08984E-01  4.80165E-03
  7.12891E-01  4.72252E-03
  7.16797E-01  4.64665E-03
  7.20703E-01  4.57097E-03
  7.24609E-01  4.49876E-03
  7.28516E-01  4.42681E-03
  7.32422E-01  4.35753E-03
  7.36328E-01  4.28808E-03
  7.40234E-01  4.22104E-03
  7.44141E-01  4.15429E-03
  7.48047E-01  4.09052E-03
  7.51953E-01  4.02735E-03
  7.55859E-01  3.96652E-03
  7.59766E-01  3.90554E-03
  7.63672E-01  3.84649E-03
  7.67578E-01  3.78762E-03
  7.71484E-01  3.73100E-03
  7.75391E-01  3.67478E-03
  7.79297E-01  3.62077E-03
  7.83203E-01  3.56681E-03
  7.87109E-01  3.51479E-03
  7.91016E-01  3.46311E-03
  7.94922E-01  3.41322E-03
  7.98828E-01  3.36323E-03
  8.02734E-01  3.31510E-03
  8.06641E-01  3.26751E-03
  8.10547E-01  3.22114E-03
  8.14453E-01  3.17546E-03
  8.18359E-01  3.13044E-03
  8.22266E-01  3.08707E-03
  8.26172E-01  3.04355E-03
  8.30078E-01  3.00086E-03
  8.33984E-01  2.95911E-03
  8.37891E-01  2.91911E-03
  8.41797E-01  2.87936E-03
  8.45703E-01  2.83986E-03
  8.49609E-01  2.80100E-03
  8.53516E-01  2.76326E-03
  8.57422E-01  2.72656E-03
  8.61328E-01  2.69042E-03
  8.65234E-01  2.65469E-03
  8.69141E-01  2.61948E-03
  8.73047E-01  2.58498E-03
  8.76953E-01  2.55127E-03
  8.80859E-01  2.51799E-03
  8.84766E-01  2.48501E-03
  8.88672E-01  2.45332E-03
  8.92578E-01  2.42213E-03
  8.96484E-01  2.39144E-03
  9.00391E-01  2.36103E-03
  9.04297E-01  2.33103E-03
  9.08203E-01  2.30169E-03
  9.12109E-01  2.27321E-03
  9.16016E-01  2.24510E-03
  9.19922E-01  2.21731E-03
  9.23828E-01  2.19001E-03
  9.27734E-01  2.16313E-03
  9.31641E-01  2.13676E-03
  9.35547E-01  2.11104E-03
  9.39453E-01  2.08571E-03
  9.43359E-01  2.06077E-03
  9.47266E-01  2.03622E-03
  9.51172E-01  2.01234E-03
  9.55078E-01  1.98869E-03
  9.58984E-01  1.96587E-03
  9.62891E-01  1.94320E-03
  9.66797E-01  1.92108E-03
  9.70703E-01  1.89910E-03
  9.74609E-01  1.87817E-03
  9.78516E-01  1.85758E-03
  9.82422E-01  1.83736E-03
  9.86328E-01  1.81861E-03
  9.90234E-01  1.80083E-03
  9.94141E-01  1.78578E-03
  9.98047E-01  1.77875E-03
  1.00195E+00  1.77875E-03
