 -1.95312E-03  9.52528E+00
  1.95312E-03  9.52621E+00
  5.85938E-03  9.52148E+00
  9.76562E-03  9.51680E+00
  1.36719E-02  9.51159E+00
  1.75781E-02  9.50576E+00
  2.14844E-02  9.49929E+00
  2.53906E-02  9.49218E+00
  2.92969E-02  9.48442E+00
  3.32031E-02  9.47601E+00
  3.71094E-02  9.46697E+00
  4.10156E-02  9.45728E+00
  4.49219E-02  9.44694E+00
  4.88281E-02  9.43596E+00
  5.27344E-02  9.42434E+00
  5.66406E-02  9.41209E+00
  6.05469E-02  9.39920E+00
  6.44531E-02  9.38567E+00
  6.83594E-02  9.37150E+00
  7.22656E-02  9.35669E+00
  7.61719E-02  9.34124E+00
  8.00781E-02  9.32515E+00
  8.39844E-02  9.30842E+00
  8.78906E-02  9.29105E+00
  9.17969E-02  9.27303E+00
  9.57031E-02  9.25437E+00
  9.96094E-02  9.23507E+00
  1.03516E-01  9.21511E+00
  1.07422E-01  9.19451E+00
  1.11328E-01  9.17325E+00
  1.15234E-01  9.15134E+00
  1.19141E-01  9.12876E+00
  1.23047E-01  9.10553E+00
  1.26953E-01  9.08162E+00
  1.30859E-01  9.05704E+00
  1.34766E-01  9.03178E+00
  1.38672E-01  9.00584E+00
  1.42578E-01  8.97922E+00
  1.46484E-01  8.95190E+00
  1.50391E-01  8.92388E+00
  1.54297E-01  8.89515E+00
  1.58203E-01  8.86571E+00
  1.62109E-01  8.83554E+00
  1.66016E-01  8.80465E+00
  1.69922E-01  8.77302E+00
  1.73828E-01  8.74065E+00
  1.77734E-01  8.70752E+00
  1.81641E-01  8.67363E+00
  1.85547E-01  8.63896E+00
  1.89453E-01  8.60350E+00
  1.93359E-01  8.56724E+00
  1.97266E-01  8.53017E+00
  2.01172E-01  8.49227E+00
  2.05078E-01  8.45353E+00
  2.08984E-01  8.41393E+00
  2.12891E-01  8.37346E+00
  2.16797E-01  8.33210E+00
  2.20703E-01  8.28983E+00
  2.24609E-01  8.24664E+00
  2.28516E-01  8.20250E+00
  2.32422E-01  8.15738E+00
  2.36328E-01  8.11128E+00
  2.40234E-01  8.06417E+00
  2.44141E-01  8.01602E+00
  2.48047E-01  7.96680E+00
  2.51953E-01  7.91648E+00
  2.55859E-01  7.86503E+00
  2.59766E-01  7.81242E+00
  2.63672E-01  7.75860E+00
  2.67578E-01  7.70355E+00
  2.71484E-01  7.64722E+00
  2.75391E-01  7.58957E+00
  2.79297E-01  7.53054E+00
  2.83203E-01  7.47009E+00
  2.87109E-01  7.40816E+00
  2.91016E-01  7.34468E+00
  2.94922E-01  7.27961E+00
  2.98828E-01  7.21286E+00
  3.02734E-01  7.14436E+00
  3.06641E-01  7.07402E+00
  3.10547E-01  7.00174E+00
  3.14453E-01  6.92743E+00
  3.18359E-01  6.85097E+00
  3.22266E-01  6.77224E+00
  3.26172E-01  6.69109E+00
  3.30078E-01  6.60737E+00
  3.33984E-01  6.52091E+00
  3.37891E-01  6.43151E+00
  3.41797E-01  6.33894E+00
  3.45703E-01  6.24282E+00
  3.49609E-01  6.13930E+00
  3.53516E-01  5.92746E+00
  3.57422E-01  3.77585E-02
  3.61328E-01  3.67991E-02
  3.65234E-01  3.56101E-02
  3.69141E-01  3.45187E-02
  3.73047E-01  3.34261E-02
  3.76953E-01  3.24240E-02
  3.80859E-01  3.14203E-02
  3.84766E-01  3.04965E-02
  3.88672E-01  2.95711E-02
  3.92578E-01  2.87182E-02
  3.96484E-01  2.78644E-02
  4.00391E-01  2.70766E-02
  4.04297E-01  2.62875E-02
  4.08203E-01  2.55576E-02
  4.12109E-01  2.48265E-02
  4.16016E-01  2.41492E-02
  4.19922E-01  2.34711E-02
  4.23828E-01  2.28424E-02
  4.27734E-01  2.22130E-02
  4.31641E-01  2.16284E-02
  4.35547E-01  2.10430E-02
  4.39453E-01  2.04983E-02
  4.43359E-01  1.99529E-02
  4.47266E-01  1.94455E-02
  4.51172E-01  1.89377E-02
  4.55078E-01  1.84639E-02
  4.58984E-01  1.79893E-02
  4.62891E-01  1.75462E-02
  4.66797E-01  1.71029E-02
  4.70703E-01  1.66896E-02
  4.74609E-01  1.62756E-02
  4.78516E-01  1.58876E-02
  4.82422E-01  1.54993E-02
  4.86328E-01  1.51359E-02
  4.90234E-01  1.47721E-02
  4.94141E-01  1.44311E-02
  4.98047E-01  1.40898E-02
  5.01953E-01  1.37698E-02
  5.05859E-01  1.34494E-02
  5.09766E-01  1.31482E-02
  5.13672E-01  1.28466E-02
  5.17578E-01  1.25627E-02
  5.21484E-01  1.22787E-02
  5.25391E-01  1.20117E-02
  5.29297E-01  1.17445E-02
  5.33203E-01  1.14932E-02
  5.37109E-01  1.12415E-02
  5.41016E-01  1.10041E-02
  5.44922E-01  1.07664E-02
  5.48828E-01  1.05420E-02
  5.52734E-01  1.03175E-02
  5.56641E-01  1.01053E-02
  5.60547E-01  9.89299E-03
  5.64453E-01  9.69229E-03
  5.68359E-01  9.49126E-03
  5.72266E-01  9.30066E-03
  5.76172E-01  9.11040E-03
  5.80078E-01  8.93109E-03
  5.83984E-01  8.75150E-03
  5.87891E-01  8.58006E-03
  5.91797E-01  8.41245E-03
  5.95703E-01  8.24648E-03
  5.99609E-01  8.08815E-03
  6.03516E-01  7.93002E-03
  6.07422E-01  7.78015E-03
  6.11328E-01  7.63062E-03
  6.15234E-01  7.48889E-03
  6.19141E-01  7.34689E-03
  6.23047E-01  7.21138E-03
  6.26953E-01  7.07580E-03
  6.30859E-01  6.94666E-03
  6.34766E-01  6.81772E-03
  6.38672E-01  6.69529E-03
  6.42578E-01  6.57283E-03
  6.46484E-01  6.45601E-03
  6.50391E-01  6.33915E-03
  6.54297E-01  6.22802E-03
  6.58203E-01  6.11704E-03
  6.62109E-01  6.01108E-03
  6.66016E-01  5.90492E-03
  6.69922E-01  5.80332E-03
  6.73828E-01  5.70185E-03
  6.77734E-01  5.60521E-03
  6.81641E-01  5.50890E-03
  6.85547E-01  5.41687E-03
  6.89453E-01  5.32466E-03
  6.93359E-01  5.23618E-03
  6.97266E-01  5.14772E-03
  7.01172E-01  5.06319E-03
  7.05078E-01  4.97897E-03
  7.08984E-01  4.89854E-03
  7.12891E-01  4.81798E-03
  7.16797E-01  4.74060E-03
  7.20703E-01  4.66326E-03
  7.24609E-01  4.58929E-03
  7.28516E-01  4.51570E-03
  7.32422E-01  4.44534E-03
  7.36328E-01  4.37479E-03
  7.40234E-01  4.30659E-03
  7.44141E-01  4.23842E-03
  7.48047E-01  4.17295E-03
  7.51953E-01  4.10818E-03
  7.55859E-01  4.04620E-03
  7.59766E-01  3.98429E-03
  7.63672E-01  3.92427E-03
  7.67578E-01  3.86427E-03
  7.71484E-01  3.80640E-03
  7.75391E-01  3.74888E-03
  7.79297E-01  3.69369E-03
  7.83203E-01  3.63871E-03
  7.87109E-01  3.58560E-03
  7.91016E-01  3.53274E-03
  7.94922E-01  3.48201E-03
  7.98828E-01  3.43114E-03
  8.02734E-01  3.38183E-03
  8.06641E-01  3.33330E-03
  8.10547E-01  3.28592E-03
  8.14453E-01  3.23951E-03
  8.18359E-01  3.19337E-03
  8.22266E-01  3.14912E-03
  8.26172E-01  3.10506E-03
  8.30078E-01  3.06159E-03
  8.33984E-01  3.01865E-03
  8.37891E-01  2.97755E-03
  8.41797E-01  2.93727E-03
  8.45703E-01  2.89722E-03
  8.49609E-01  2.85755E-03
  8.53516E-01  2.81882E-03
  8.57422E-01  2.78125E-03
  8.61328E-01  2.74445E-03
  8.65234E-01  2.70814E-03
  8.69141E-01  2.67227E-03
  8.73047E-01  2.63700E-03
  8.76953E-01  2.60259E-03
  8.80859E-01  2.56878E-03
  8.84766E-01  2.53507E-03
  8.88672E-01  2.50256E-03
  8.92578E-01  2.47075E-03
  8.96484E-01  2.43951E-03
  9.00391E-01  2.40860E-03
  9.04297E-01  2.37801E-03
  9.08203E-01  2.34799E-03
  9.12109E-01  2.31886E-03
  9.16016E-01  2.29026E-03
  9.19922E-01  2.26195E-03
  9.23828E-01  2.23411E-03
  9.27734E-01  2.20670E-03
  9.31641E-01  2.17977E-03
  9.35547E-01  2.15350E-03
  9.39453E-01  2.12769E-03
  9.43359E-01  2.10227E-03
  9.47266E-01  2.07721E-03
  9.51172E-01  2.05284E-03
  9.55078E-01  2.02871E-03
  9.58984E-01  2.00542E-03
  9.62891E-01  1.98233E-03
  9.66797E-01  1.95979E-03
  9.70703E-01  1.93735E-03
  9.74609E-01  1.91597E-03
  9.78516E-01  1.89500E-03
  9.82422E-01  1.87436E-03
  9.86328E-01  1.85521E-03
  9.90234E-01  1.83709E-03
  9.94141E-01  1.82173E-03
  9.98047E-01  1.81456E-03
  1.00195E+00  1.81456E-03
