 -1.95312E-03  9.53844E+00
  1.95312E-03  9.53937E+00
  5.85938E-03  9.53464E+00
  9.76562E-03  9.52996E+00
  1.36719E-02  9.52476E+00
  1.75781E-02  9.51893E+00
  2.14844E-02  9.51247E+00
  2.53906E-02  9.50537E+00
  2.92969E-02  9.49762E+00
  3.32031E-02  9.48923E+00
  3.71094E-02  9.48020E+00
  4.10156E-02  9.47052E+00
  4.49219E-02  9.46021E+00
  4.88281E-02  9.44925E+00
  5.27344E-02  9.43765E+00
  5.66406E-02  9.42542E+00
  6.05469E-02  9.41255E+00
  6.44531E-02  9.39904E+00
  6.83594E-02  9.38490E+00
  7.22656E-02  9.37012E+00
  7.61719E-02  9.35470E+00
  8.00781E-02  9.33864E+00
  8.39844E-02  9.32195E+00
  8.78906E-02  9.30461E+00
  9.17969E-02  9.28663E+00
  9.57031E-02  9.26800E+00
  9.96094E-02  9.24874E+00
  1.03516E-01  9.22883E+00
  1.07422E-01  9.20827E+00
  1.11328E-01  9.18705E+00
  1.15234E-01  9.16518E+00
  1.19141E-01  9.14265E+00
  1.23047E-01  9.11945E+00
  1.26953E-01  9.09559E+00
  1.30859E-01  9.07106E+00
  1.34766E-01  9.04585E+00
  1.38672E-01  9.01996E+00
  1.42578E-01  8.99339E+00
  1.46484E-01  8.96612E+00
  1.50391E-01  8.93815E+00
  1.54297E-01  8.90948E+00
  1.58203E-01  8.88010E+00
  1.62109E-01  8.85000E+00
  1.66016E-01  8.81917E+00
  1.69922E-01  8.78761E+00
  1.73828E-01  8.75531E+00
  1.77734E-01  8.72226E+00
  1.81641E-01  8.68844E+00
  1.85547E-01  8.65384E+00
  1.89453E-01  8.61847E+00
  1.93359E-01  8.58229E+00
  1.97266E-01  8.54530E+00
  2.01172E-01  8.50749E+00
  2.05078E-01  8.46885E+00
  2.08984E-01  8.42935E+00
  2.12891E-01  8.38898E+00
  2.16797E-01  8.34772E+00
  2.20703E-01  8.30556E+00
  2.24609E-01  8.26247E+00
  2.28516E-01  8.21844E+00
  2.32422E-01  8.17344E+00
  2.36328E-01  8.12747E+00
  2.40234E-01  8.08048E+00
  2.44141E-01  8.03246E+00
  2.48047E-01  7.98337E+00
  2.51953E-01  7.93318E+00
  2.55859E-01  7.88187E+00
  2.59766E-01  7.82941E+00
  2.63672E-01  7.77575E+00
  2.67578E-01  7.72086E+00
  2.71484E-01  7.66470E+00
  2.75391E-01  7.60722E+00
  2.79297E-01  7.54837E+00
  2.83203E-01  7.48811E+00
  2.87109E-01  7.42637E+00
  2.91016E-01  7.36310E+00
  2.94922E-01  7.29824E+00
  2.98828E-01  7.23171E+00
  3.02734E-01  7.16344E+00
  3.06641E-01  7.09333E+00
  3.10547E-01  7.02131E+00
  3.14453E-01  6.94726E+00
  3.18359E-01  6.87108E+00
  3.22266E-01  6.79264E+00
  3.26172E-01  6.71181E+00
  3.30078E-01  6.62842E+00
  3.33984E-01  6.54232E+00
  3.37891E-01  6.45329E+00
  3.41797E-01  6.36112E+00
  3.45703E-01  6.26543E+00
  3.49609E-01  6.16243E+00
  3.53516E-01  5.95172E+00
  3.57422E-01  1.73651E-02
  3.61328E-01  1.69384E-02
  3.65234E-01  1.63900E-02
  3.69141E-01  1.58871E-02
  3.73047E-01  1.53833E-02
  3.76953E-01  1.49207E-02
  3.80859E-01  1.44573E-02
  3.84766E-01  1.40311E-02
  3.88672E-01  1.36043E-02
  3.92578E-01  1.32112E-02
  3.96484E-01  1.28175E-02
  4.00391E-01  1.24542E-02
  4.04297E-01  1.20903E-02
  4.08203E-01  1.17538E-02
  4.12109E-01  1.14168E-02
  4.16016E-01  1.11046E-02
  4.19922E-01  1.07921E-02
  4.23828E-01  1.05023E-02
  4.27734E-01  1.02122E-02
  4.31641E-01  9.94306E-03
  4.35547E-01  9.67354E-03
  4.39453E-01  9.42288E-03
  4.43359E-01  9.17184E-03
  4.47266E-01  8.93801E-03
  4.51172E-01  8.70390E-03
  4.55078E-01  8.48578E-03
  4.58984E-01  8.26744E-03
  4.62891E-01  8.06386E-03
  4.66797E-01  7.86006E-03
  4.70703E-01  7.66970E-03
  4.74609E-01  7.47915E-03
  4.78516E-01  7.30086E-03
  4.82422E-01  7.12238E-03
  4.86328E-01  6.95516E-03
  4.90234E-01  6.78782E-03
  4.94141E-01  6.63096E-03
  4.98047E-01  6.47396E-03
  5.01953E-01  6.32665E-03
  5.05859E-01  6.17922E-03
  5.09766E-01  6.04076E-03
  5.13672E-01  5.90217E-03
  5.17578E-01  5.77186E-03
  5.21484E-01  5.64141E-03
  5.25391E-01  5.51862E-03
  5.29297E-01  5.39573E-03
  5.33203E-01  5.28004E-03
  5.37109E-01  5.16426E-03
  5.41016E-01  5.05519E-03
  5.44922E-01  4.94603E-03
  5.48828E-01  4.84305E-03
  5.52734E-01  4.73998E-03
  5.56641E-01  4.64264E-03
  5.60547E-01  4.54522E-03
  5.64453E-01  4.45312E-03
  5.68359E-01  4.36096E-03
  5.72266E-01  4.27376E-03
  5.76172E-01  4.18646E-03
  5.80078E-01  4.10372E-03
  5.83984E-01  4.02091E-03
  5.87891E-01  3.94247E-03
  5.91797E-01  3.86404E-03
  5.95703E-01  3.78991E-03
  5.99609E-01  3.71572E-03
  6.03516E-01  3.64537E-03
  6.07422E-01  3.57493E-03
  6.11328E-01  3.50793E-03
  6.15234E-01  3.44086E-03
  6.19141E-01  3.37703E-03
  6.23047E-01  3.31318E-03
  6.26953E-01  3.25255E-03
  6.30859E-01  3.19196E-03
  6.34766E-01  3.13452E-03
  6.38672E-01  3.07706E-03
  6.42578E-01  3.02241E-03
  6.46484E-01  2.96767E-03
  6.50391E-01  2.91540E-03
  6.54297E-01  2.86310E-03
  6.58203E-01  2.81322E-03
  6.62109E-01  2.76336E-03
  6.66016E-01  2.71588E-03
  6.69922E-01  2.66838E-03
  6.73828E-01  2.62305E-03
  6.77734E-01  2.57770E-03
  6.81641E-01  2.53438E-03
  6.85547E-01  2.49104E-03
  6.89453E-01  2.44966E-03
  6.93359E-01  2.40826E-03
  6.97266E-01  2.36870E-03
  7.01172E-01  2.32911E-03
  7.05078E-01  2.29126E-03
  7.08984E-01  2.25340E-03
  7.12891E-01  2.21724E-03
  7.16797E-01  2.18111E-03
  7.20703E-01  2.14655E-03
  7.24609E-01  2.11194E-03
  7.28516E-01  2.07875E-03
  7.32422E-01  2.04559E-03
  7.36328E-01  2.01374E-03
  7.40234E-01  1.98184E-03
  7.44141E-01  1.95130E-03
  7.48047E-01  1.92104E-03
  7.51953E-01  1.89145E-03
  7.55859E-01  1.86289E-03
  7.59766E-01  1.83440E-03
  7.63672E-01  1.80697E-03
  7.67578E-01  1.77949E-03
  7.71484E-01  1.75298E-03
  7.75391E-01  1.72648E-03
  7.79297E-01  1.70100E-03
  7.83203E-01  1.67562E-03
  7.87109E-01  1.65134E-03
  7.91016E-01  1.62716E-03
  7.94922E-01  1.60388E-03
  7.98828E-01  1.58055E-03
  8.02734E-01  1.55803E-03
  8.06641E-01  1.53553E-03
  8.10547E-01  1.51388E-03
  8.14453E-01  1.49233E-03
  8.18359E-01  1.47158E-03
  8.22266E-01  1.45079E-03
  8.26172E-01  1.43067E-03
  8.30078E-01  1.41057E-03
  8.33984E-01  1.39118E-03
  8.37891E-01  1.37188E-03
  8.41797E-01  1.35334E-03
  8.45703E-01  1.33490E-03
  8.49609E-01  1.31709E-03
  8.53516E-01  1.29923E-03
  8.57422E-01  1.28186E-03
  8.61328E-01  1.26451E-03
  8.65234E-01  1.24774E-03
  8.69141E-01  1.23111E-03
  8.73047E-01  1.21509E-03
  8.76953E-01  1.19913E-03
  8.80859E-01  1.18363E-03
  8.84766E-01  1.16817E-03
  8.88672E-01  1.15329E-03
  8.92578E-01  1.13839E-03
  8.96484E-01  1.12387E-03
  9.00391E-01  1.10955E-03
  9.04297E-01  1.09546E-03
  9.08203E-01  1.08185E-03
  9.12109E-01  1.06822E-03
  9.16016E-01  1.05492E-03
  9.19922E-01  1.04192E-03
  9.23828E-01  1.02921E-03
  9.27734E-01  1.01655E-03
  9.31641E-01  1.00413E-03
  9.35547E-01  9.91999E-04
  9.39453E-01  9.79990E-04
  9.43359E-01  9.68305E-04
  9.47266E-01  9.56689E-04
  9.51172E-01  9.45403E-04
  9.55078E-01  9.34322E-04
  9.58984E-01  9.23518E-04
  9.62891E-01  9.12894E-04
  9.66797E-01  9.02431E-04
  9.70703E-01  8.92166E-04
  9.74609E-01  8.82299E-04
  9.78516E-01  8.72630E-04
  9.82422E-01  8.63573E-04
  9.86328E-01  8.54495E-04
  9.90234E-01  8.45990E-04
  9.94141E-01  8.39012E-04
  9.98047E-01  8.35708E-04
  1.00195E+00  8.35708E-04
