 -1.95312E-03  9.53883E+00
  1.95312E-03  9.53976E+00
  5.85938E-03  9.53503E+00
  9.76562E-03  9.53035E+00
  1.36719E-02  9.52514E+00
  1.75781E-02  9.51932E+00
  2.14844E-02  9.51286E+00
  2.53906E-02  9.50575E+00
  2.92969E-02  9.49800E+00
  3.32031E-02  9.48961E+00
  3.71094E-02  9.48058E+00
  4.10156E-02  9.47090E+00
  4.49219E-02  9.46058E+00
  4.88281E-02  9.44963E+00
  5.27344E-02  9.43803E+00
  5.66406E-02  9.42579E+00
  6.05469E-02  9.41292E+00
  6.44531E-02  9.39942E+00
  6.83594E-02  9.38527E+00
  7.22656E-02  9.37049E+00
  7.61719E-02  9.35507E+00
  8.00781E-02  9.33901E+00
  8.39844E-02  9.32231E+00
  8.78906E-02  9.30497E+00
  9.17969E-02  9.28700E+00
  9.57031E-02  9.26837E+00
  9.96094E-02  9.24911E+00
  1.03516E-01  9.22920E+00
  1.07422E-01  9.20864E+00
  1.11328E-01  9.18742E+00
  1.15234E-01  9.16554E+00
  1.19141E-01  9.14301E+00
  1.23047E-01  9.11982E+00
  1.26953E-01  9.09595E+00
  1.30859E-01  9.07142E+00
  1.34766E-01  9.04621E+00
  1.38672E-01  9.02032E+00
  1.42578E-01  8.99375E+00
  1.46484E-01  8.96648E+00
  1.50391E-01  8.93851E+00
  1.54297E-01  8.90984E+00
  1.58203E-01  8.88046E+00
  1.62109E-01  8.85036E+00
  1.66016E-01  8.81953E+00
  1.69922E-01  8.78797E+00
  1.73828E-01  8.75567E+00
  1.77734E-01  8.72261E+00
  1.81641E-01  8.68879E+00
  1.85547E-01  8.65420E+00
  1.89453E-01  8.61882E+00
  1.93359E-01  8.58264E+00
  1.97266E-01  8.54565E+00
  2.01172E-01  8.50784E+00
  2.05078E-01  8.46920E+00
  2.08984E-01  8.42969E+00
  2.12891E-01  8.38933E+00
  2.16797E-01  8.34807E+00
  2.20703E-01  8.30591E+00
  2.24609E-01  8.26282E+00
  2.28516E-01  8.21879E+00
  2.32422E-01  8.17379E+00
  2.36328E-01  8.12781E+00
  2.40234E-01  8.08082E+00
  2.44141E-01  8.03280E+00
  2.48047E-01  7.98372E+00
  2.51953E-01  7.93353E+00
  2.55859E-01  7.88222E+00
  2.59766E-01  7.82976E+00
  2.63672E-01  7.77609E+00
  2.67578E-01  7.72120E+00
  2.71484E-01  7.66503E+00
  2.75391E-01  7.60755E+00
  2.79297E-01  7.54869E+00
  2.83203E-01  7.48842E+00
  2.87109E-01  7.42669E+00
  2.91016E-01  7.36342E+00
  2.94922E-01  7.29855E+00
  2.98828E-01  7.23201E+00
  3.02734E-01  7.16373E+00
  3.06641E-01  7.09362E+00
  3.10547E-01  7.02158E+00
  3.14453E-01  6.94752E+00
  3.18359E-01  6.87133E+00
  3.22266E-01  6.79287E+00
  3.26172E-01  6.71201E+00
  3.30078E-01  6.62861E+00
  3.33984E-01  6.54247E+00
  3.37891E-01  6.45340E+00
  3.41797E-01  6.36118E+00
  3.45703E-01  6.26544E+00
  3.49609E-01  6.16237E+00
  3.53516E-01  5.95149E+00
  3.57422E-01  1.31379E-02
  3.61328E-01  1.28163E-02
  3.65234E-01  1.24011E-02
  3.69141E-01  1.20206E-02
  3.73047E-01  1.16394E-02
  3.76953E-01  1.12893E-02
  3.80859E-01  1.09386E-02
  3.84766E-01  1.06160E-02
  3.88672E-01  1.02929E-02
  3.92578E-01  9.99526E-03
  3.96484E-01  9.69720E-03
  4.00391E-01  9.42222E-03
  4.04297E-01  9.14687E-03
  4.08203E-01  8.89240E-03
  4.12109E-01  8.63754E-03
  4.16016E-01  8.40142E-03
  4.19922E-01  8.16510E-03
  4.23828E-01  7.94597E-03
  4.27734E-01  7.72654E-03
  4.31641E-01  7.52287E-03
  4.35547E-01  7.31895E-03
  4.39453E-01  7.12938E-03
  4.43359E-01  6.93959E-03
  4.47266E-01  6.76290E-03
  4.51172E-01  6.58600E-03
  4.55078E-01  6.42111E-03
  4.58984E-01  6.25605E-03
  4.62891E-01  6.10204E-03
  4.66797E-01  5.94787E-03
  4.70703E-01  5.80385E-03
  4.74609E-01  5.65970E-03
  4.78516E-01  5.52494E-03
  4.82422E-01  5.39004E-03
  4.86328E-01  5.26371E-03
  4.90234E-01  5.13724E-03
  4.94141E-01  5.01867E-03
  4.98047E-01  4.89997E-03
  5.01953E-01  4.78857E-03
  5.05859E-01  4.67705E-03
  5.09766E-01  4.57220E-03
  5.13672E-01  4.46727E-03
  5.17578E-01  4.36860E-03
  5.21484E-01  4.26986E-03
  5.25391E-01  4.17698E-03
  5.29297E-01  4.08406E-03
  5.33203E-01  3.99658E-03
  5.37109E-01  3.90906E-03
  5.41016E-01  3.82653E-03
  5.44922E-01  3.74392E-03
  5.48828E-01  3.66588E-03
  5.52734E-01  3.58777E-03
  5.56641E-01  3.51395E-03
  5.60547E-01  3.44011E-03
  5.64453E-01  3.37042E-03
  5.68359E-01  3.30069E-03
  5.72266E-01  3.23488E-03
  5.76172E-01  3.16901E-03
  5.80078E-01  3.10666E-03
  5.83984E-01  3.04423E-03
  5.87891E-01  2.98502E-03
  5.91797E-01  2.92577E-03
  5.95703E-01  2.86957E-03
  5.99609E-01  2.81334E-03
  6.03516E-01  2.76003E-03
  6.07422E-01  2.70670E-03
  6.11328E-01  2.65610E-03
  6.15234E-01  2.60545E-03
  6.19141E-01  2.55728E-03
  6.23047E-01  2.50910E-03
  6.26953E-01  2.46326E-03
  6.30859E-01  2.41742E-03
  6.34766E-01  2.37381E-03
  6.38672E-01  2.33018E-03
  6.42578E-01  2.28867E-03
  6.46484E-01  2.24714E-03
  6.50391E-01  2.20764E-03
  6.54297E-01  2.16811E-03
  6.58203E-01  2.13052E-03
  6.62109E-01  2.09288E-03
  6.66016E-01  2.05696E-03
  6.69922E-01  2.02102E-03
  6.73828E-01  1.98666E-03
  6.77734E-01  1.95229E-03
  6.81641E-01  1.91944E-03
  6.85547E-01  1.88660E-03
  6.89453E-01  1.85526E-03
  6.93359E-01  1.82393E-03
  6.97266E-01  1.79405E-03
  7.01172E-01  1.76416E-03
  7.05078E-01  1.73562E-03
  7.08984E-01  1.70705E-03
  7.12891E-01  1.67967E-03
  7.16797E-01  1.65226E-03
  7.20703E-01  1.62594E-03
  7.24609E-01  1.59961E-03
  7.28516E-01  1.57438E-03
  7.32422E-01  1.54918E-03
  7.36328E-01  1.52511E-03
  7.40234E-01  1.50109E-03
  7.44141E-01  1.47812E-03
  7.48047E-01  1.45513E-03
  7.51953E-01  1.43307E-03
  7.55859E-01  1.41097E-03
  7.59766E-01  1.38972E-03
  7.63672E-01  1.36846E-03
  7.67578E-01  1.34807E-03
  7.71484E-01  1.32771E-03
  7.75391E-01  1.30817E-03
  7.79297E-01  1.28863E-03
  7.83203E-01  1.26982E-03
  7.87109E-01  1.25096E-03
  7.91016E-01  1.23276E-03
  7.94922E-01  1.21479E-03
  7.98828E-01  1.19717E-03
  8.02734E-01  1.18013E-03
  8.06641E-01  1.16319E-03
  8.10547E-01  1.14687E-03
  8.14453E-01  1.13052E-03
  8.18359E-01  1.11473E-03
  8.22266E-01  1.09892E-03
  8.26172E-01  1.08366E-03
  8.30078E-01  1.06840E-03
  8.33984E-01  1.05371E-03
  8.37891E-01  1.03907E-03
  8.41797E-01  1.02503E-03
  8.45703E-01  1.01101E-03
  8.49609E-01  9.97476E-04
  8.53516E-01  9.83925E-04
  8.57422E-01  9.70837E-04
  8.61328E-01  9.57754E-04
  8.65234E-01  9.45150E-04
  8.69141E-01  9.32542E-04
  8.73047E-01  9.20363E-04
  8.76953E-01  9.08179E-04
  8.80859E-01  8.96443E-04
  8.84766E-01  8.84747E-04
  8.88672E-01  8.73466E-04
  8.92578E-01  8.62167E-04
  8.96484E-01  8.51247E-04
  9.00391E-01  8.40341E-04
  9.04297E-01  8.29845E-04
  9.08203E-01  8.19360E-04
  9.12109E-01  8.09189E-04
  9.16016E-01  7.98983E-04
  9.19922E-01  7.89057E-04
  9.23828E-01  7.79397E-04
  9.27734E-01  7.69813E-04
  9.31641E-01  7.60433E-04
  9.35547E-01  7.51145E-04
  9.39453E-01  7.42147E-04
  9.43359E-01  7.33240E-04
  9.47266E-01  7.24551E-04
  9.51172E-01  7.16064E-04
  9.55078E-01  7.07611E-04
  9.58984E-01  6.99405E-04
  9.62891E-01  6.91269E-04
  9.66797E-01  6.83392E-04
  9.70703E-01  6.75730E-04
  9.74609E-01  6.68289E-04
  9.78516E-01  6.61017E-04
  9.82422E-01  6.54026E-04
  9.86328E-01  6.47046E-04
  9.90234E-01  6.40717E-04
  9.94141E-01  6.35424E-04
  9.98047E-01  6.32921E-04
  1.00195E+00  6.32921E-04
