 -1.95312E-03  9.53928E+00
  1.95312E-03  9.54021E+00
  5.85938E-03  9.53548E+00
  9.76562E-03  9.53081E+00
  1.36719E-02  9.52559E+00
  1.75781E-02  9.51977E+00
  2.14844E-02  9.51331E+00
  2.53906E-02  9.50621E+00
  2.92969E-02  9.49846E+00
  3.32031E-02  9.49006E+00
  3.71094E-02  9.48103E+00
  4.10156E-02  9.47135E+00
  4.49219E-02  9.46103E+00
  4.88281E-02  9.45007E+00
  5.27344E-02  9.43847E+00
  5.66406E-02  9.42624E+00
  6.05469E-02  9.41337E+00
  6.44531E-02  9.39986E+00
  6.83594E-02  9.38572E+00
  7.22656E-02  9.37094E+00
  7.61719E-02  9.35551E+00
  8.00781E-02  9.33945E+00
  8.39844E-02  9.32276E+00
  8.78906E-02  9.30542E+00
  9.17969E-02  9.28744E+00
  9.57031E-02  9.26881E+00
  9.96094E-02  9.24955E+00
  1.03516E-01  9.22964E+00
  1.07422E-01  9.20907E+00
  1.11328E-01  9.18785E+00
  1.15234E-01  9.16598E+00
  1.19141E-01  9.14345E+00
  1.23047E-01  9.12025E+00
  1.26953E-01  9.09639E+00
  1.30859E-01  9.07186E+00
  1.34766E-01  9.04665E+00
  1.38672E-01  9.02076E+00
  1.42578E-01  8.99418E+00
  1.46484E-01  8.96692E+00
  1.50391E-01  8.93895E+00
  1.54297E-01  8.91027E+00
  1.58203E-01  8.88089E+00
  1.62109E-01  8.85078E+00
  1.66016E-01  8.81996E+00
  1.69922E-01  8.78839E+00
  1.73828E-01  8.75609E+00
  1.77734E-01  8.72303E+00
  1.81641E-01  8.68921E+00
  1.85547E-01  8.65461E+00
  1.89453E-01  8.61923E+00
  1.93359E-01  8.58305E+00
  1.97266E-01  8.54605E+00
  2.01172E-01  8.50824E+00
  2.05078E-01  8.46959E+00
  2.08984E-01  8.43009E+00
  2.12891E-01  8.38972E+00
  2.16797E-01  8.34846E+00
  2.20703E-01  8.30630E+00
  2.24609E-01  8.26321E+00
  2.28516E-01  8.21918E+00
  2.32422E-01  8.17418E+00
  2.36328E-01  8.12820E+00
  2.40234E-01  8.08121E+00
  2.44141E-01  8.03318E+00
  2.48047E-01  7.98409E+00
  2.51953E-01  7.93390E+00
  2.55859E-01  7.88258E+00
  2.59766E-01  7.83011E+00
  2.63672E-01  7.77644E+00
  2.67578E-01  7.72154E+00
  2.71484E-01  7.66536E+00
  2.75391E-01  7.60786E+00
  2.79297E-01  7.54900E+00
  2.83203E-01  7.48872E+00
  2.87109E-01  7.42697E+00
  2.91016E-01  7.36368E+00
  2.94922E-01  7.29879E+00
  2.98828E-01  7.23223E+00
  3.02734E-01  7.16391E+00
  3.06641E-01  7.09377E+00
  3.10547E-01  7.02170E+00
  3.14453E-01  6.94761E+00
  3.18359E-01  6.87138E+00
  3.22266E-01  6.79287E+00
  3.26172E-01  6.71196E+00
  3.30078E-01  6.62848E+00
  3.33984E-01  6.54227E+00
  3.37891E-01  6.45312E+00
  3.41797E-01  6.36081E+00
  3.45703E-01  6.26496E+00
  3.49609E-01  6.16177E+00
  3.53516E-01  5.95064E+00
  3.57422E-01  7.98520E-03
  3.61328E-01  7.79058E-03
  3.65234E-01  7.53848E-03
  3.69141E-01  7.30747E-03
  3.73047E-01  7.07605E-03
  3.76953E-01  6.86349E-03
  3.80859E-01  6.65060E-03
  3.84766E-01  6.45465E-03
  3.88672E-01  6.25842E-03
  3.92578E-01  6.07753E-03
  3.96484E-01  5.89640E-03
  4.00391E-01  5.72923E-03
  4.04297E-01  5.56184E-03
  4.08203E-01  5.40721E-03
  4.12109E-01  5.25235E-03
  4.16016E-01  5.10897E-03
  4.19922E-01  4.96541E-03
  4.23828E-01  4.83228E-03
  4.27734E-01  4.69895E-03
  4.31641E-01  4.57505E-03
  4.35547E-01  4.45105E-03
  4.39453E-01  4.33576E-03
  4.43359E-01  4.22039E-03
  4.47266E-01  4.11310E-03
  4.51172E-01  4.00567E-03
  4.55078E-01  3.90565E-03
  4.58984E-01  3.80547E-03
  4.62891E-01  3.71201E-03
  4.66797E-01  3.61843E-03
  4.70703E-01  3.53092E-03
  4.74609E-01  3.44333E-03
  4.78516E-01  3.36136E-03
  4.82422E-01  3.27931E-03
  4.86328E-01  3.20249E-03
  4.90234E-01  3.12559E-03
  4.94141E-01  3.05350E-03
  4.98047E-01  2.98135E-03
  5.01953E-01  2.91365E-03
  5.05859E-01  2.84589E-03
  5.09766E-01  2.78220E-03
  5.13672E-01  2.71845E-03
  5.17578E-01  2.65852E-03
  5.21484E-01  2.59852E-03
  5.25391E-01  2.54210E-03
  5.29297E-01  2.48563E-03
  5.33203E-01  2.43248E-03
  5.37109E-01  2.37929E-03
  5.41016E-01  2.32917E-03
  5.44922E-01  2.27900E-03
  5.48828E-01  2.23162E-03
  5.52734E-01  2.18421E-03
  5.56641E-01  2.13940E-03
  5.60547E-01  2.09454E-03
  5.64453E-01  2.05210E-03
  5.68359E-01  2.00964E-03
  5.72266E-01  1.96947E-03
  5.76172E-01  1.92927E-03
  5.80078E-01  1.89127E-03
  5.83984E-01  1.85326E-03
  5.87891E-01  1.81729E-03
  5.91797E-01  1.78129E-03
  5.95703E-01  1.74718E-03
  5.99609E-01  1.71303E-03
  6.03516E-01  1.68060E-03
  6.07422E-01  1.64814E-03
  6.11328E-01  1.61727E-03
  6.15234E-01  1.58639E-03
  6.19141E-01  1.55703E-03
  6.23047E-01  1.52766E-03
  6.26953E-01  1.49976E-03
  6.30859E-01  1.47186E-03
  6.34766E-01  1.44538E-03
  6.38672E-01  1.41889E-03
  6.42578E-01  1.39373E-03
  6.46484E-01  1.36853E-03
  6.50391E-01  1.34451E-03
  6.54297E-01  1.32048E-03
  6.58203E-01  1.29754E-03
  6.62109E-01  1.27459E-03
  6.66016E-01  1.25270E-03
  6.69922E-01  1.23080E-03
  6.73828E-01  1.20991E-03
  6.77734E-01  1.18902E-03
  6.81641E-01  1.16909E-03
  6.85547E-01  1.14915E-03
  6.89453E-01  1.13008E-03
  6.93359E-01  1.11099E-03
  6.97266E-01  1.09271E-03
  7.01172E-01  1.07442E-03
  7.05078E-01  1.05696E-03
  7.08984E-01  1.03951E-03
  7.12891E-01  1.02287E-03
  7.16797E-01  1.00622E-03
  7.20703E-01  9.90291E-04
  7.24609E-01  9.74344E-04
  7.28516E-01  9.59064E-04
  7.32422E-01  9.43768E-04
  7.36328E-01  9.29087E-04
  7.40234E-01  9.14396E-04
  7.44141E-01  9.00295E-04
  7.48047E-01  8.86190E-04
  7.51953E-01  8.72663E-04
  7.55859E-01  8.59135E-04
  7.59766E-01  8.46184E-04
  7.63672E-01  8.33235E-04
  7.67578E-01  8.20851E-04
  7.71484E-01  8.08458E-04
  7.75391E-01  7.96571E-04
  7.79297E-01  7.84668E-04
  7.83203E-01  7.73223E-04
  7.87109E-01  7.61769E-04
  7.91016E-01  7.50746E-04
  7.94922E-01  7.39719E-04
  7.98828E-01  7.29122E-04
  8.02734E-01  7.18527E-04
  8.06641E-01  7.08347E-04
  8.10547E-01  6.98158E-04
  8.14453E-01  6.88355E-04
  8.18359E-01  6.78550E-04
  8.22266E-01  6.69126E-04
  8.26172E-01  6.59700E-04
  8.30078E-01  6.50635E-04
  8.33984E-01  6.41567E-04
  8.37891E-01  6.32849E-04
  8.41797E-01  6.24118E-04
  8.45703E-01  6.15689E-04
  8.49609E-01  6.07266E-04
  8.53516E-01  5.99184E-04
  8.57422E-01  5.91094E-04
  8.61328E-01  5.83213E-04
  8.65234E-01  5.75496E-04
  8.69141E-01  5.67812E-04
  8.73047E-01  5.60383E-04
  8.76953E-01  5.52952E-04
  8.80859E-01  5.45795E-04
  8.84766E-01  5.38644E-04
  8.88672E-01  5.31765E-04
  8.92578E-01  5.24881E-04
  8.96484E-01  5.18230E-04
  9.00391E-01  5.11571E-04
  9.04297E-01  5.05137E-04
  9.08203E-01  4.98710E-04
  9.12109E-01  4.92531E-04
  9.16016E-01  4.86369E-04
  9.19922E-01  4.80412E-04
  9.23828E-01  4.74443E-04
  9.27734E-01  4.68676E-04
  9.31641E-01  4.62923E-04
  9.35547E-01  4.57356E-04
  9.39453E-01  4.51781E-04
  9.43359E-01  4.46398E-04
  9.47266E-01  4.41063E-04
  9.51172E-01  4.35868E-04
  9.55078E-01  4.30825E-04
  9.58984E-01  4.25794E-04
  9.62891E-01  4.20957E-04
  9.66797E-01  4.16189E-04
  9.70703E-01  4.11457E-04
  9.74609E-01  4.06911E-04
  9.78516E-01  4.02407E-04
  9.82422E-01  3.98058E-04
  9.86328E-01  3.93886E-04
  9.90234E-01  3.90131E-04
  9.94141E-01  3.86855E-04
  9.98047E-01  3.85333E-04
  1.00195E+00  3.85333E-04
