 -1.95312E-03  1.14325E+00
  1.95312E-03  1.14334E+00
  5.85938E-03  1.14291E+00
  9.76562E-03  1.14254E+00
  1.36719E-02  1.14217E+00
  1.75781E-02  1.14178E+00
  2.14844E-02  1.14138E+00
  2.53906E-02  1.14096E+00
  2.92969E-02  1.14052E+00
  3.32031E-02  1.14007E+00
  3.71094E-02  1.13961E+00
  4.10156E-02  1.13913E+00
  4.49219E-02  1.13863E+00
  4.88281E-02  1.13812E+00
  5.27344E-02  1.13760E+00
  5.66406E-02  1.13706E+00
  6.05469E-02  1.13651E+00
  6.44531E-02  1.13594E+00
  6.83594E-02  1.13536E+00
  7.22656E-02  1.13477E+00
  7.61719E-02  1.13417E+00
  8.00781E-02  1.13355E+00
  8.39844E-02  1.13293E+00
  8.78906E-02  1.13229E+00
  9.17969E-02  1.13164E+00
  9.57031E-02  1.13098E+00
  9.96094E-02  1.13030E+00
  1.03516E-01  1.12962E+00
  1.07422E-01  1.12893E+00
  1.11328E-01  1.12822E+00
  1.15234E-01  1.12751E+00
  1.19141E-01  1.12679E+00
  1.23047E-01  1.12606E+00
  1.26953E-01  1.12532E+00
  1.30859E-01  1.12457E+00
  1.34766E-01  1.12381E+00
  1.38672E-01  1.12304E+00
  1.42578E-01  1.12227E+00
  1.46484E-01  1.12149E+00
  1.50391E-01  1.12070E+00
  1.54297E-01  1.11990E+00
  1.58203E-01  1.11910E+00
  1.62109E-01  1.11829E+00
  1.66016E-01  1.11747E+00
  1.69922E-01  1.11665E+00
  1.73828E-01  1.11582E+00
  1.77734E-01  1.11498E+00
  1.81641E-01  1.11414E+00
  1.85547E-01  1.11329E+00
  1.89453E-01  1.11244E+00
  1.93359E-01  1.11158E+00
  1.97266E-01  1.11072E+00
  2.01172E-01  1.10985E+00
  2.05078E-01  1.10898E+00
  2.08984E-01  1.10810E+00
  2.12891E-01  1.10722E+00
  2.16797E-01  1.10633E+00
  2.20703E-01  1.10544E+00
  2.24609E-01  1.10454E+00
  2.28516E-01  1.10364E+00
  2.32422E-01  1.10274E+00
  2.36328E-01  1.10184E+00
  2.40234E-01  1.10093E+00
  2.44141E-01  1.10001E+00
  2.48047E-01  1.09910E+00
  2.51953E-01  1.09818E+00
  2.55859E-01  1.09726E+00
  2.59766E-01  1.09633E+00
  2.63672E-01  1.09540E+00
  2.67578E-01  1.09447E+00
  2.71484E-01  1.09354E+00
  2.75391E-01  1.09261E+00
  2.79297E-01  1.09167E+00
  2.83203E-01  1.09073E+00
  2.87109E-01  1.08979E+00
  2.91016E-01  1.08885E+00
  2.94922E-01  1.08790E+00
  2.98828E-01  1.08696E+00
  3.02734E-01  1.08601E+00
  3.06641E-01  1.08506E+00
  3.10547E-01  1.08411E+00
  3.14453E-01  1.08316E+00
  3.18359E-01  1.08220E+00
  3.22266E-01  1.08125E+00
  3.26172E-01  1.08029E+00
  3.30078E-01  1.07934E+00
  3.33984E-01  1.07838E+00
  3.37891E-01  1.07742E+00
  3.41797E-01  1.07646E+00
  3.45703E-01  1.07550E+00
  3.49609E-01  1.07454E+00
  3.53516E-01  1.07358E+00
  3.57422E-01  1.07262E+00
  3.61328E-01  1.07166E+00
  3.65234E-01  1.07069E+00
  3.69141E-01  1.06973E+00
  3.73047E-01  1.06877E+00
  3.76953E-01  1.06781E+00
  3.80859E-01  1.06684E+00
  3.84766E-01  1.06588E+00
  3.88672E-01  1.06492E+00
  3.92578E-01  1.06395E+00
  3.96484E-01  1.06299E+00
  4.00391E-01  1.06202E+00
  4.04297E-01  1.06106E+00
  4.08203E-01  1.06010E+00
  4.12109E-01  1.05913E+00
  4.16016E-01  1.05817E+00
  4.19922E-01  1.05720E+00
  4.23828E-01  1.05624E+00
  4.27734E-01  1.05528E+00
  4.31641E-01  1.05431E+00
  4.35547E-01  1.05335E+00
  4.39453E-01  1.05239E+00
  4.43359E-01  1.05143E+00
  4.47266E-01  1.05047E+00
  4.51172E-01  1.04951E+00
  4.55078E-01  1.04855E+00
  4.58984E-01  1.04759E+00
  4.62891E-01  1.04663E+00
  4.66797E-01  1.04567E+00
  4.70703E-01  1.04471E+00
  4.74609E-01  1.04376E+00
  4.78516E-01  1.04280E+00
  4.82422E-01  1.04184E+00
  4.86328E-01  1.04088E+00
  4.90234E-01  1.03993E+00
  4.94141E-01  1.03897E+00
  4.98047E-01  1.03802E+00
  5.01953E-01  1.03706E+00
  5.05859E-01  1.03611E+00
  5.09766E-01  1.03515E+00
  5.13672E-01  1.03420E+00
  5.17578E-01  1.03325E+00
  5.21484E-01  1.03230E+00
  5.25391E-01  1.03135E+00
  5.29297E-01  1.03040E+00
  5.33203E-01  1.02945E+00
  5.37109E-01  1.02850E+00
  5.41016E-01  1.02756E+00
  5.44922E-01  1.02661E+00
  5.48828E-01  1.02567E+00
  5.52734E-01  1.02472E+00
  5.56641E-01  1.02378E+00
  5.60547E-01  1.02284E+00
  5.64453E-01  1.02190E+00
  5.68359E-01  1.02096E+00
  5.72266E-01  1.02002E+00
  5.76172E-01  1.01908E+00
  5.80078E-01  1.01815E+00
  5.83984E-01  1.01721E+00
  5.87891E-01  1.01627E+00
  5.91797E-01  1.01534E+00
  5.95703E-01  1.01440E+00
  5.99609E-01  1.01347E+00
  6.03516E-01  1.01254E+00
  6.07422E-01  1.01161E+00
  6.11328E-01  1.01067E+00
  6.15234E-01  1.00974E+00
  6.19141E-01  1.00881E+00
  6.23047E-01  1.00788E+00
  6.26953E-01  1.00695E+00
  6.30859E-01  1.00602E+00
  6.34766E-01  1.00509E+00
  6.38672E-01  1.00417E+00
  6.42578E-01  1.00324E+00
  6.46484E-01  1.00231E+00
  6.50391E-01  1.00139E+00
  6.54297E-01  1.00046E+00
  6.58203E-01  9.99542E-01
  6.62109E-01  9.98620E-01
  6.66016E-01  9.97699E-01
  6.69922E-01  9.96779E-01
  6.73828E-01  9.95861E-01
  6.77734E-01  9.94943E-01
  6.81641E-01  9.94026E-01
  6.85547E-01  9.93111E-01
  6.89453E-01  9.92196E-01
  6.93359E-01  9.91282E-01
  6.97266E-01  9.90370E-01
  7.01172E-01  9.89459E-01
  7.05078E-01  9.88550E-01
  7.08984E-01  9.87642E-01
  7.12891E-01  9.86735E-01
  7.16797E-01  9.85831E-01
  7.20703E-01  9.84927E-01
  7.24609E-01  9.84026E-01
  7.28516E-01  9.83126E-01
  7.32422E-01  9.82228E-01
  7.36328E-01  9.81331E-01
  7.40234E-01  9.80437E-01
  7.44141E-01  9.79545E-01
  7.48047E-01  9.78654E-01
  7.51953E-01  9.77765E-01
  7.55859E-01  9.76878E-01
  7.59766E-01  9.75994E-01
  7.63672E-01  9.75111E-01
  7.67578E-01  9.74231E-01
  7.71484E-01  9.73354E-01
  7.75391E-01  9.72478E-01
  7.79297E-01  9.71605E-01
  7.83203E-01  9.70735E-01
  7.87109E-01  9.69868E-01
  7.91016E-01  9.69004E-01
  7.94922E-01  9.68142E-01
  7.98828E-01  9.67284E-01
  8.02734E-01  9.66429E-01
  8.06641E-01  9.65577E-01
  8.10547E-01  9.64729E-01
  8.14453E-01  9.63884E-01
  8.18359E-01  9.63043E-01
  8.22266E-01  9.62207E-01
  8.26172E-01  9.61374E-01
  8.30078E-01  9.60545E-01
  8.33984E-01  9.59721E-01
  8.37891E-01  9.58902E-01
  8.41797E-01  9.58088E-01
  8.45703E-01  9.57278E-01
  8.49609E-01  9.56474E-01
  8.53516E-01  9.55675E-01
  8.57422E-01  9.54882E-01
  8.61328E-01  9.54096E-01
  8.65234E-01  9.53315E-01
  8.69141E-01  9.52540E-01
  8.73047E-01  9.51773E-01
  8.76953E-01  9.51012E-01
  8.80859E-01  9.50259E-01
  8.84766E-01  9.49514E-01
  8.88672E-01  9.48776E-01
  8.92578E-01  9.48047E-01
  8.96484E-01  9.47326E-01
  9.00391E-01  9.46614E-01
  9.04297E-01  9.45912E-01
  9.08203E-01  9.45219E-01
  9.12109E-01  9.44536E-01
  9.16016E-01  9.43864E-01
  9.19922E-01  9.43203E-01
  9.23828E-01  9.42553E-01
  9.27734E-01  9.41914E-01
  9.31641E-01  9.41288E-01
  9.35547E-01  9.40674E-01
  9.39453E-01  9.40074E-01
  9.43359E-01  9.39487E-01
  9.47266E-01  9.38915E-01
  9.51172E-01  9.38357E-01
  9.55078E-01  9.37814E-01
  9.58984E-01  9.37287E-01
  9.62891E-01  9.36776E-01
  9.66797E-01  9.36283E-01
  9.70703E-01  9.35806E-01
  9.74609E-01  9.35348E-01
  9.78516E-01  9.34909E-01
  9.82422E-01  9.34489E-01
  9.86328E-01  9.34089E-01
  9.90234E-01  9.33709E-01
  9.94141E-01  9.33351E-01
  9.98047E-01  9.32975E-01
  1.00195E+00  9.32998E-01
