 -1.95312E-03  1.40049E+00
  1.95312E-03  1.40059E+00
  5.85938E-03  1.40015E+00
  9.76562E-03  1.39976E+00
  1.36719E-02  1.39934E+00
  1.75781E-02  1.39890E+00
  2.14844E-02  1.39843E+00
  2.53906E-02  1.39794E+00
  2.92969E-02  1.39741E+00
  3.32031E-02  1.39686E+00
  3.71094E-02  1.39627E+00
  4.10156E-02  1.39566E+00
  4.49219E-02  1.39502E+00
  4.88281E-02  1.39435E+00
  5.27344E-02  1.39365E+00
  5.66406E-02  1.39292E+00
  6.05469E-02  1.39216E+00
  6.44531E-02  1.39138E+00
  6.83594E-02  1.39057E+00
  7.22656E-02  1.38973E+00
  7.61719E-02  1.38886E+00
  8.00781E-02  1.38797E+00
  8.39844E-02  1.38705E+00
  8.78906E-02  1.38610E+00
  9.17969E-02  1.38512E+00
  9.57031E-02  1.38412E+00
  9.96094E-02  1.38309E+00
  1.03516E-01  1.38204E+00
  1.07422E-01  1.38095E+00
  1.11328E-01  1.37984E+00
  1.15234E-01  1.37871E+00
  1.19141E-01  1.37755E+00
  1.23047E-01  1.37636E+00
  1.26953E-01  1.37515E+00
  1.30859E-01  1.37391E+00
  1.34766E-01  1.37265E+00
  1.38672E-01  1.37136E+00
  1.42578E-01  1.37004E+00
  1.46484E-01  1.36871E+00
  1.50391E-01  1.36734E+00
  1.54297E-01  1.36595E+00
  1.58203E-01  1.36454E+00
  1.62109E-01  1.36310E+00
  1.66016E-01  1.36163E+00
  1.69922E-01  1.36014E+00
  1.73828E-01  1.35863E+00
  1.77734E-01  1.35709E+00
  1.81641E-01  1.35553E+00
  1.85547E-01  1.35395E+00
  1.89453E-01  1.35234E+00
  1.93359E-01  1.35070E+00
  1.97266E-01  1.34905E+00
  2.01172E-01  1.34737E+00
  2.05078E-01  1.34566E+00
  2.08984E-01  1.34394E+00
  2.12891E-01  1.34219E+00
  2.16797E-01  1.34041E+00
  2.20703E-01  1.33862E+00
  2.24609E-01  1.33679E+00
  2.28516E-01  1.33495E+00
  2.32422E-01  1.33308E+00
  2.36328E-01  1.33119E+00
  2.40234E-01  1.32928E+00
  2.44141E-01  1.32735E+00
  2.48047E-01  1.32539E+00
  2.51953E-01  1.32341E+00
  2.55859E-01  1.32141E+00
  2.59766E-01  1.31938E+00
  2.63672E-01  1.31734E+00
  2.67578E-01  1.31527E+00
  2.71484E-01  1.31318E+00
  2.75391E-01  1.31107E+00
  2.79297E-01  1.30894E+00
  2.83203E-01  1.30678E+00
  2.87109E-01  1.30460E+00
  2.91016E-01  1.30241E+00
  2.94922E-01  1.30019E+00
  2.98828E-01  1.29794E+00
  3.02734E-01  1.29568E+00
  3.06641E-01  1.29340E+00
  3.10547E-01  1.29109E+00
  3.14453E-01  1.28877E+00
  3.18359E-01  1.28642E+00
  3.22266E-01  1.28405E+00
  3.26172E-01  1.28166E+00
  3.30078E-01  1.27926E+00
  3.33984E-01  1.27683E+00
  3.37891E-01  1.27437E+00
  3.41797E-01  1.27190E+00
  3.45703E-01  1.26941E+00
  3.49609E-01  1.26690E+00
  3.53516E-01  1.26437E+00
  3.57422E-01  1.26182E+00
  3.61328E-01  1.25924E+00
  3.65234E-01  1.25665E+00
  3.69141E-01  1.25404E+00
  3.73047E-01  1.25141E+00
  3.76953E-01  1.24876E+00
  3.80859E-01  1.24609E+00
  3.84766E-01  1.24340E+00
  3.88672E-01  1.24069E+00
  3.92578E-01  1.23796E+00
  3.96484E-01  1.23521E+00
  4.00391E-01  1.23244E+00
  4.04297E-01  1.22966E+00
  4.08203E-01  1.22685E+00
  4.12109E-01  1.22403E+00
  4.16016E-01  1.22119E+00
  4.19922E-01  1.21832E+00
  4.23828E-01  1.21544E+00
  4.27734E-01  1.21254E+00
  4.31641E-01  1.20963E+00
  4.35547E-01  1.20669E+00
  4.39453E-01  1.20374E+00
  4.43359E-01  1.20076E+00
  4.47266E-01  1.19777E+00
  4.51172E-01  1.19476E+00
  4.55078E-01  1.19174E+00
  4.58984E-01  1.18869E+00
  4.62891E-01  1.18563E+00
  4.66797E-01  1.18255E+00
  4.70703E-01  1.17946E+00
  4.74609E-01  1.17635E+00
  4.78516E-01  1.17322E+00
  4.82422E-01  1.17007E+00
  4.86328E-01  1.16691E+00
  4.90234E-01  1.16372E+00
  4.94141E-01  1.16053E+00
  4.98047E-01  1.15731E+00
  5.01953E-01  1.15408E+00
  5.05859E-01  1.15084E+00
  5.09766E-01  1.14757E+00
  5.13672E-01  1.14430E+00
  5.17578E-01  1.14100E+00
  5.21484E-01  1.13769E+00
  5.25391E-01  1.13436E+00
  5.29297E-01  1.13102E+00
  5.33203E-01  1.12767E+00
  5.37109E-01  1.12430E+00
  5.41016E-01  1.12091E+00
  5.44922E-01  1.11751E+00
  5.48828E-01  1.11410E+00
  5.52734E-01  1.11067E+00
  5.56641E-01  1.10723E+00
  5.60547E-01  1.10377E+00
  5.64453E-01  1.10030E+00
  5.68359E-01  1.09682E+00
  5.72266E-01  1.09333E+00
  5.76172E-01  1.08982E+00
  5.80078E-01  1.08630E+00
  5.83984E-01  1.08276E+00
  5.87891E-01  1.07922E+00
  5.91797E-01  1.07566E+00
  5.95703E-01  1.07209E+00
  5.99609E-01  1.06851E+00
  6.03516E-01  1.06492E+00
  6.07422E-01  1.06131E+00
  6.11328E-01  1.05770E+00
  6.15234E-01  1.05407E+00
  6.19141E-01  1.05044E+00
  6.23047E-01  1.04679E+00
  6.26953E-01  1.04314E+00
  6.30859E-01  1.03947E+00
  6.34766E-01  1.03580E+00
  6.38672E-01  1.03211E+00
  6.42578E-01  1.02842E+00
  6.46484E-01  1.02472E+00
  6.50391E-01  1.02102E+00
  6.54297E-01  1.01730E+00
  6.58203E-01  1.01358E+00
  6.62109E-01  1.00985E+00
  6.66016E-01  1.00612E+00
  6.69922E-01  1.00238E+00
  6.73828E-01  9.98634E-01
  6.77734E-01  9.94885E-01
  6.81641E-01  9.91132E-01
  6.85547E-01  9.87376E-01
  6.89453E-01  9.83618E-01
  6.93359E-01  9.79857E-01
  6.97266E-01  9.76095E-01
  7.01172E-01  9.72331E-01
  7.05078E-01  9.68566E-01
  7.08984E-01  9.64801E-01
  7.12891E-01  9.61037E-01
  7.16797E-01  9.57274E-01
  7.20703E-01  9.53514E-01
  7.24609E-01  9.49756E-01
  7.28516E-01  9.46002E-01
  7.32422E-01  9.42250E-01
  7.36328E-01  9.38504E-01
  7.40234E-01  9.34763E-01
  7.44141E-01  9.31028E-01
  7.48047E-01  9.27301E-01
  7.51953E-01  9.23582E-01
  7.55859E-01  9.19872E-01
  7.59766E-01  9.16172E-01
  7.63672E-01  9.12483E-01
  7.67578E-01  9.08805E-01
  7.71484E-01  9.05139E-01
  7.75391E-01  9.01486E-01
  7.79297E-01  8.97847E-01
  7.83203E-01  8.94223E-01
  7.87109E-01  8.90615E-01
  7.91016E-01  8.87023E-01
  7.94922E-01  8.83450E-01
  7.98828E-01  8.79896E-01
  8.02734E-01  8.76363E-01
  8.06641E-01  8.72853E-01
  8.10547E-01  8.69364E-01
  8.14453E-01  8.65901E-01
  8.18359E-01  8.62464E-01
  8.22266E-01  8.59055E-01
  8.26172E-01  8.55674E-01
  8.30078E-01  8.52323E-01
  8.33984E-01  8.49004E-01
  8.37891E-01  8.45718E-01
  8.41797E-01  8.42468E-01
  8.45703E-01  8.39255E-01
  8.49609E-01  8.36080E-01
  8.53516E-01  8.32944E-01
  8.57422E-01  8.29850E-01
  8.61328E-01  8.26799E-01
  8.65234E-01  8.23793E-01
  8.69141E-01  8.20835E-01
  8.73047E-01  8.17925E-01
  8.76953E-01  8.15064E-01
  8.80859E-01  8.12255E-01
  8.84766E-01  8.09500E-01
  8.88672E-01  8.06799E-01
  8.92578E-01  8.04154E-01
  8.96484E-01  8.01569E-01
  9.00391E-01  7.99043E-01
  9.04297E-01  7.96580E-01
  9.08203E-01  7.94184E-01
  9.12109E-01  7.91853E-01
  9.16016E-01  7.89593E-01
  9.19922E-01  7.87401E-01
  9.23828E-01  7.85283E-01
  9.27734E-01  7.83240E-01
  9.31641E-01  7.81273E-01
  9.35547E-01  7.79385E-01
  9.39453E-01  7.77576E-01
  9.43359E-01  7.75850E-01
  9.47266E-01  7.74208E-01
  9.51172E-01  7.72651E-01
  9.55078E-01  7.71180E-01
  9.58984E-01  7.69797E-01
  9.62891E-01  7.68503E-01
  9.66797E-01  7.67302E-01
  9.70703E-01  7.66194E-01
  9.74609E-01  7.65182E-01
  9.78516E-01  7.64267E-01
  9.82422E-01  7.63450E-01
  9.86328E-01  7.62732E-01
  9.90234E-01  7.62115E-01
  9.94141E-01  7.61599E-01
  9.98047E-01  7.61171E-01
  1.00195E+00  7.61179E-01
