 -1.95312E-03  1.40084E+00
  1.95312E-03  1.40093E+00
  5.85938E-03  1.40050E+00
  9.76562E-03  1.40010E+00
  1.36719E-02  1.39969E+00
  1.75781E-02  1.39925E+00
  2.14844E-02  1.39878E+00
  2.53906E-02  1.39828E+00
  2.92969E-02  1.39776E+00
  3.32031E-02  1.39720E+00
  3.71094E-02  1.39662E+00
  4.10156E-02  1.39600E+00
  4.49219E-02  1.39536E+00
  4.88281E-02  1.39469E+00
  5.27344E-02  1.39399E+00
  5.66406E-02  1.39326E+00
  6.05469E-02  1.39251E+00
  6.44531E-02  1.39172E+00
  6.83594E-02  1.39091E+00
  7.22656E-02  1.39007E+00
  7.61719E-02  1.38920E+00
  8.00781E-02  1.38831E+00
  8.39844E-02  1.38739E+00
  8.78906E-02  1.38644E+00
  9.17969E-02  1.38546E+00
  9.57031E-02  1.38446E+00
  9.96094E-02  1.38343E+00
  1.03516E-01  1.38237E+00
  1.07422E-01  1.38129E+00
  1.11328E-01  1.38018E+00
  1.15234E-01  1.37905E+00
  1.19141E-01  1.37788E+00
  1.23047E-01  1.37670E+00
  1.26953E-01  1.37548E+00
  1.30859E-01  1.37425E+00
  1.34766E-01  1.37298E+00
  1.38672E-01  1.37169E+00
  1.42578E-01  1.37038E+00
  1.46484E-01  1.36904E+00
  1.50391E-01  1.36767E+00
  1.54297E-01  1.36628E+00
  1.58203E-01  1.36487E+00
  1.62109E-01  1.36343E+00
  1.66016E-01  1.36196E+00
  1.69922E-01  1.36047E+00
  1.73828E-01  1.35896E+00
  1.77734E-01  1.35742E+00
  1.81641E-01  1.35586E+00
  1.85547E-01  1.35428E+00
  1.89453E-01  1.35267E+00
  1.93359E-01  1.35103E+00
  1.97266E-01  1.34937E+00
  2.01172E-01  1.34769E+00
  2.05078E-01  1.34599E+00
  2.08984E-01  1.34426E+00
  2.12891E-01  1.34251E+00
  2.16797E-01  1.34074E+00
  2.20703E-01  1.33894E+00
  2.24609E-01  1.33712E+00
  2.28516E-01  1.33527E+00
  2.32422E-01  1.33341E+00
  2.36328E-01  1.33152E+00
  2.40234E-01  1.32960E+00
  2.44141E-01  1.32767E+00
  2.48047E-01  1.32571E+00
  2.51953E-01  1.32373E+00
  2.55859E-01  1.32173E+00
  2.59766E-01  1.31970E+00
  2.63672E-01  1.31766E+00
  2.67578E-01  1.31559E+00
  2.71484E-01  1.31350E+00
  2.75391E-01  1.31139E+00
  2.79297E-01  1.30925E+00
  2.83203E-01  1.30710E+00
  2.87109E-01  1.30492E+00
  2.91016E-01  1.30272E+00
  2.94922E-01  1.30050E+00
  2.98828E-01  1.29825E+00
  3.02734E-01  1.29599E+00
  3.06641E-01  1.29371E+00
  3.10547E-01  1.29140E+00
  3.14453E-01  1.28907E+00
  3.18359E-01  1.28673E+00
  3.22266E-01  1.28436E+00
  3.26172E-01  1.28197E+00
  3.30078E-01  1.27956E+00
  3.33984E-01  1.27713E+00
  3.37891E-01  1.27468E+00
  3.41797E-01  1.27221E+00
  3.45703E-01  1.26971E+00
  3.49609E-01  1.26720E+00
  3.53516E-01  1.26467E+00
  3.57422E-01  1.26211E+00
  3.61328E-01  1.25954E+00
  3.65234E-01  1.25695E+00
  3.69141E-01  1.25434E+00
  3.73047E-01  1.25170E+00
  3.76953E-01  1.24905E+00
  3.80859E-01  1.24638E+00
  3.84766E-01  1.24369E+00
  3.88672E-01  1.24098E+00
  3.92578E-01  1.23825E+00
  3.96484E-01  1.23550E+00
  4.00391E-01  1.23273E+00
  4.04297E-01  1.22994E+00
  4.08203E-01  1.22713E+00
  4.12109E-01  1.22431E+00
  4.16016E-01  1.22146E+00
  4.19922E-01  1.21860E+00
  4.23828E-01  1.21572E+00
  4.27734E-01  1.21282E+00
  4.31641E-01  1.20990E+00
  4.35547E-01  1.20696E+00
  4.39453E-01  1.20400E+00
  4.43359E-01  1.20103E+00
  4.47266E-01  1.19803E+00
  4.51172E-01  1.19502E+00
  4.55078E-01  1.19199E+00
  4.58984E-01  1.18895E+00
  4.62891E-01  1.18588E+00
  4.66797E-01  1.18280E+00
  4.70703E-01  1.17971E+00
  4.74609E-01  1.17659E+00
  4.78516E-01  1.17346E+00
  4.82422E-01  1.17031E+00
  4.86328E-01  1.16714E+00
  4.90234E-01  1.16396E+00
  4.94141E-01  1.16076E+00
  4.98047E-01  1.15755E+00
  5.01953E-01  1.15431E+00
  5.05859E-01  1.15106E+00
  5.09766E-01  1.14780E+00
  5.13672E-01  1.14452E+00
  5.17578E-01  1.14122E+00
  5.21484E-01  1.13790E+00
  5.25391E-01  1.13458E+00
  5.29297E-01  1.13123E+00
  5.33203E-01  1.12787E+00
  5.37109E-01  1.12450E+00
  5.41016E-01  1.12111E+00
  5.44922E-01  1.11771E+00
  5.48828E-01  1.11429E+00
  5.52734E-01  1.11086E+00
  5.56641E-01  1.10742E+00
  5.60547E-01  1.10396E+00
  5.64453E-01  1.10049E+00
  5.68359E-01  1.09700E+00
  5.72266E-01  1.09350E+00
  5.76172E-01  1.08999E+00
  5.80078E-01  1.08646E+00
  5.83984E-01  1.08293E+00
  5.87891E-01  1.07938E+00
  5.91797E-01  1.07581E+00
  5.95703E-01  1.07224E+00
  5.99609E-01  1.06865E+00
  6.03516E-01  1.06506E+00
  6.07422E-01  1.06145E+00
  6.11328E-01  1.05783E+00
  6.15234E-01  1.05420E+00
  6.19141E-01  1.05056E+00
  6.23047E-01  1.04691E+00
  6.26953E-01  1.04325E+00
  6.30859E-01  1.03957E+00
  6.34766E-01  1.03589E+00
  6.38672E-01  1.03221E+00
  6.42578E-01  1.02851E+00
  6.46484E-01  1.02480E+00
  6.50391E-01  1.02109E+00
  6.54297E-01  1.01737E+00
  6.58203E-01  1.01364E+00
  6.62109E-01  1.00991E+00
  6.66016E-01  1.00617E+00
  6.69922E-01  1.00242E+00
  6.73828E-01  9.98669E-01
  6.77734E-01  9.94912E-01
  6.81641E-01  9.91152E-01
  6.85547E-01  9.87388E-01
  6.89453E-01  9.83621E-01
  6.93359E-01  9.79853E-01
  6.97266E-01  9.76083E-01
  7.01172E-01  9.72311E-01
  7.05078E-01  9.68539E-01
  7.08984E-01  9.64766E-01
  7.12891E-01  9.60994E-01
  7.16797E-01  9.57223E-01
  7.20703E-01  9.53454E-01
  7.24609E-01  9.49688E-01
  7.28516E-01  9.45925E-01
  7.32422E-01  9.42166E-01
  7.36328E-01  9.38412E-01
  7.40234E-01  9.34664E-01
  7.44141E-01  9.30921E-01
  7.48047E-01  9.27186E-01
  7.51953E-01  9.23458E-01
  7.55859E-01  9.19741E-01
  7.59766E-01  9.16032E-01
  7.63672E-01  9.12334E-01
  7.67578E-01  9.08648E-01
  7.71484E-01  9.04975E-01
  7.75391E-01  9.01315E-01
  7.79297E-01  8.97669E-01
  7.83203E-01  8.94037E-01
  7.87109E-01  8.90421E-01
  7.91016E-01  8.86822E-01
  7.94922E-01  8.83241E-01
  7.98828E-01  8.79680E-01
  8.02734E-01  8.76140E-01
  8.06641E-01  8.72622E-01
  8.10547E-01  8.69127E-01
  8.14453E-01  8.65657E-01
  8.18359E-01  8.62213E-01
  8.22266E-01  8.58797E-01
  8.26172E-01  8.55408E-01
  8.30078E-01  8.52051E-01
  8.33984E-01  8.48724E-01
  8.37891E-01  8.45433E-01
  8.41797E-01  8.42175E-01
  8.45703E-01  8.38953E-01
  8.49609E-01  8.35770E-01
  8.53516E-01  8.32627E-01
  8.57422E-01  8.29525E-01
  8.61328E-01  8.26466E-01
  8.65234E-01  8.23453E-01
  8.69141E-01  8.20487E-01
  8.73047E-01  8.17569E-01
  8.76953E-01  8.14702E-01
  8.80859E-01  8.11885E-01
  8.84766E-01  8.09122E-01
  8.88672E-01  8.06414E-01
  8.92578E-01  8.03762E-01
  8.96484E-01  8.01171E-01
  9.00391E-01  7.98639E-01
  9.04297E-01  7.96171E-01
  9.08203E-01  7.93769E-01
  9.12109E-01  7.91433E-01
  9.16016E-01  7.89166E-01
  9.19922E-01  7.86968E-01
  9.23828E-01  7.84845E-01
  9.27734E-01  7.82796E-01
  9.31641E-01  7.80825E-01
  9.35547E-01  7.78932E-01
  9.39453E-01  7.77120E-01
  9.43359E-01  7.75389E-01
  9.47266E-01  7.73741E-01
  9.51172E-01  7.72179E-01
  9.55078E-01  7.70703E-01
  9.58984E-01  7.69317E-01
  9.62891E-01  7.68021E-01
  9.66797E-01  7.66817E-01
  9.70703E-01  7.65707E-01
  9.74609E-01  7.64692E-01
  9.78516E-01  7.63774E-01
  9.82422E-01  7.62953E-01
  9.86328E-01  7.62234E-01
  9.90234E-01  7.61614E-01
  9.94141E-01  7.61096E-01
  9.98047E-01  7.60667E-01
  1.00195E+00  7.60675E-01
