 -1.95312E-03  1.40054E+00
  1.95312E-03  1.40064E+00
  5.85938E-03  1.40020E+00
  9.76562E-03  1.39981E+00
  1.36719E-02  1.39939E+00
  1.75781E-02  1.39895E+00
  2.14844E-02  1.39848E+00
  2.53906E-02  1.39799E+00
  2.92969E-02  1.39746E+00
  3.32031E-02  1.39691E+00
  3.71094E-02  1.39632E+00
  4.10156E-02  1.39571E+00
  4.49219E-02  1.39507E+00
  4.88281E-02  1.39440E+00
  5.27344E-02  1.39370E+00
  5.66406E-02  1.39297E+00
  6.05469E-02  1.39221E+00
  6.44531E-02  1.39143E+00
  6.83594E-02  1.39062E+00
  7.22656E-02  1.38978E+00
  7.61719E-02  1.38891E+00
  8.00781E-02  1.38802E+00
  8.39844E-02  1.38710E+00
  8.78906E-02  1.38615E+00
  9.17969E-02  1.38517E+00
  9.57031E-02  1.38417E+00
  9.96094E-02  1.38314E+00
  1.03516E-01  1.38208E+00
  1.07422E-01  1.38100E+00
  1.11328E-01  1.37989E+00
  1.15234E-01  1.37876E+00
  1.19141E-01  1.37760E+00
  1.23047E-01  1.37641E+00
  1.26953E-01  1.37520E+00
  1.30859E-01  1.37396E+00
  1.34766E-01  1.37270E+00
  1.38672E-01  1.37141E+00
  1.42578E-01  1.37009E+00
  1.46484E-01  1.36875E+00
  1.50391E-01  1.36739E+00
  1.54297E-01  1.36600E+00
  1.58203E-01  1.36458E+00
  1.62109E-01  1.36314E+00
  1.66016E-01  1.36168E+00
  1.69922E-01  1.36019E+00
  1.73828E-01  1.35868E+00
  1.77734E-01  1.35714E+00
  1.81641E-01  1.35558E+00
  1.85547E-01  1.35399E+00
  1.89453E-01  1.35238E+00
  1.93359E-01  1.35075E+00
  1.97266E-01  1.34910E+00
  2.01172E-01  1.34742E+00
  2.05078E-01  1.34571E+00
  2.08984E-01  1.34398E+00
  2.12891E-01  1.34223E+00
  2.16797E-01  1.34046E+00
  2.20703E-01  1.33866E+00
  2.24609E-01  1.33684E+00
  2.28516E-01  1.33500E+00
  2.32422E-01  1.33313E+00
  2.36328E-01  1.33124E+00
  2.40234E-01  1.32933E+00
  2.44141E-01  1.32739E+00
  2.48047E-01  1.32544E+00
  2.51953E-01  1.32346E+00
  2.55859E-01  1.32146E+00
  2.59766E-01  1.31943E+00
  2.63672E-01  1.31739E+00
  2.67578E-01  1.31532E+00
  2.71484E-01  1.31323E+00
  2.75391E-01  1.31112E+00
  2.79297E-01  1.30898E+00
  2.83203E-01  1.30683E+00
  2.87109E-01  1.30465E+00
  2.91016E-01  1.30245E+00
  2.94922E-01  1.30023E+00
  2.98828E-01  1.29799E+00
  3.02734E-01  1.29573E+00
  3.06641E-01  1.29344E+00
  3.10547E-01  1.29114E+00
  3.14453E-01  1.28881E+00
  3.18359E-01  1.28647E+00
  3.22266E-01  1.28410E+00
  3.26172E-01  1.28171E+00
  3.30078E-01  1.27930E+00
  3.33984E-01  1.27687E+00
  3.37891E-01  1.27442E+00
  3.41797E-01  1.27195E+00
  3.45703E-01  1.26946E+00
  3.49609E-01  1.26694E+00
  3.53516E-01  1.26441E+00
  3.57422E-01  1.26186E+00
  3.61328E-01  1.25929E+00
  3.65234E-01  1.25670E+00
  3.69141E-01  1.25409E+00
  3.73047E-01  1.25145E+00
  3.76953E-01  1.24880E+00
  3.80859E-01  1.24613E+00
  3.84766E-01  1.24344E+00
  3.88672E-01  1.24073E+00
  3.92578E-01  1.23800E+00
  3.96484E-01  1.23525E+00
  4.00391E-01  1.23249E+00
  4.04297E-01  1.22970E+00
  4.08203E-01  1.22689E+00
  4.12109E-01  1.22407E+00
  4.16016E-01  1.22123E+00
  4.19922E-01  1.21836E+00
  4.23828E-01  1.21548E+00
  4.27734E-01  1.21259E+00
  4.31641E-01  1.20967E+00
  4.35547E-01  1.20673E+00
  4.39453E-01  1.20378E+00
  4.43359E-01  1.20080E+00
  4.47266E-01  1.19781E+00
  4.51172E-01  1.19480E+00
  4.55078E-01  1.19177E+00
  4.58984E-01  1.18873E+00
  4.62891E-01  1.18567E+00
  4.66797E-01  1.18259E+00
  4.70703E-01  1.17949E+00
  4.74609E-01  1.17638E+00
  4.78516E-01  1.17325E+00
  4.82422E-01  1.17010E+00
  4.86328E-01  1.16694E+00
  4.90234E-01  1.16376E+00
  4.94141E-01  1.16056E+00
  4.98047E-01  1.15735E+00
  5.01953E-01  1.15412E+00
  5.05859E-01  1.15087E+00
  5.09766E-01  1.14761E+00
  5.13672E-01  1.14433E+00
  5.17578E-01  1.14103E+00
  5.21484E-01  1.13772E+00
  5.25391E-01  1.13439E+00
  5.29297E-01  1.13105E+00
  5.33203E-01  1.12770E+00
  5.37109E-01  1.12432E+00
  5.41016E-01  1.12094E+00
  5.44922E-01  1.11754E+00
  5.48828E-01  1.11413E+00
  5.52734E-01  1.11070E+00
  5.56641E-01  1.10726E+00
  5.60547E-01  1.10380E+00
  5.64453E-01  1.10033E+00
  5.68359E-01  1.09685E+00
  5.72266E-01  1.09335E+00
  5.76172E-01  1.08984E+00
  5.80078E-01  1.08632E+00
  5.83984E-01  1.08279E+00
  5.87891E-01  1.07924E+00
  5.91797E-01  1.07568E+00
  5.95703E-01  1.07211E+00
  5.99609E-01  1.06853E+00
  6.03516E-01  1.06494E+00
  6.07422E-01  1.06133E+00
  6.11328E-01  1.05772E+00
  6.15234E-01  1.05409E+00
  6.19141E-01  1.05046E+00
  6.23047E-01  1.04681E+00
  6.26953E-01  1.04315E+00
  6.30859E-01  1.03949E+00
  6.34766E-01  1.03581E+00
  6.38672E-01  1.03213E+00
  6.42578E-01  1.02844E+00
  6.46484E-01  1.02474E+00
  6.50391E-01  1.02103E+00
  6.54297E-01  1.01731E+00
  6.58203E-01  1.01359E+00
  6.62109E-01  1.00986E+00
  6.66016E-01  1.00613E+00
  6.69922E-01  1.00239E+00
  6.73828E-01  9.98639E-01
  6.77734E-01  9.94888E-01
  6.81641E-01  9.91134E-01
  6.85547E-01  9.87377E-01
  6.89453E-01  9.83617E-01
  6.93359E-01  9.79856E-01
  6.97266E-01  9.76092E-01
  7.01172E-01  9.72327E-01
  7.05078E-01  9.68561E-01
  7.08984E-01  9.64796E-01
  7.12891E-01  9.61030E-01
  7.16797E-01  9.57266E-01
  7.20703E-01  9.53505E-01
  7.24609E-01  9.49746E-01
  7.28516E-01  9.45989E-01
  7.32422E-01  9.42237E-01
  7.36328E-01  9.38490E-01
  7.40234E-01  9.34748E-01
  7.44141E-01  9.31011E-01
  7.48047E-01  9.27283E-01
  7.51953E-01  9.23562E-01
  7.55859E-01  9.19851E-01
  7.59766E-01  9.16149E-01
  7.63672E-01  9.12459E-01
  7.67578E-01  9.08781E-01
  7.71484E-01  9.05113E-01
  7.75391E-01  9.01459E-01
  7.79297E-01  8.97819E-01
  7.83203E-01  8.94194E-01
  7.87109E-01  8.90585E-01
  7.91016E-01  8.86992E-01
  7.94922E-01  8.83418E-01
  7.98828E-01  8.79863E-01
  8.02734E-01  8.76329E-01
  8.06641E-01  8.72818E-01
  8.10547E-01  8.69329E-01
  8.14453E-01  8.65866E-01
  8.18359E-01  8.62427E-01
  8.22266E-01  8.59016E-01
  8.26172E-01  8.55635E-01
  8.30078E-01  8.52283E-01
  8.33984E-01  8.48963E-01
  8.37891E-01  8.45676E-01
  8.41797E-01  8.42425E-01
  8.45703E-01  8.39211E-01
  8.49609E-01  8.36035E-01
  8.53516E-01  8.32898E-01
  8.57422E-01  8.29803E-01
  8.61328E-01  8.26751E-01
  8.65234E-01  8.23745E-01
  8.69141E-01  8.20785E-01
  8.73047E-01  8.17874E-01
  8.76953E-01  8.15014E-01
  8.80859E-01  8.12205E-01
  8.84766E-01  8.09449E-01
  8.88672E-01  8.06747E-01
  8.92578E-01  8.04102E-01
  8.96484E-01  8.01515E-01
  9.00391E-01  7.98988E-01
  9.04297E-01  7.96524E-01
  9.08203E-01  7.94127E-01
  9.12109E-01  7.91795E-01
  9.16016E-01  7.89532E-01
  9.19922E-01  7.87340E-01
  9.23828E-01  7.85222E-01
  9.27734E-01  7.83177E-01
  9.31641E-01  7.81210E-01
  9.35547E-01  7.79321E-01
  9.39453E-01  7.77512E-01
  9.43359E-01  7.75787E-01
  9.47266E-01  7.74144E-01
  9.51172E-01  7.72584E-01
  9.55078E-01  7.71112E-01
  9.58984E-01  7.69728E-01
  9.62891E-01  7.68435E-01
  9.66797E-01  7.67233E-01
  9.70703E-01  7.66123E-01
  9.74609E-01  7.65110E-01
  9.78516E-01  7.64193E-01
  9.82422E-01  7.63376E-01
  9.86328E-01  7.62658E-01
  9.90234E-01  7.62039E-01
  9.94141E-01  7.61523E-01
  9.98047E-01  7.61095E-01
  1.00195E+00  7.61103E-01
