 -1.95312E-03  1.37946E+00
  1.95312E-03  1.37960E+00
  5.85938E-03  1.37916E+00
  9.76562E-03  1.37876E+00
  1.36719E-02  1.37835E+00
  1.75781E-02  1.37791E+00
  2.14844E-02  1.37744E+00
  2.53906E-02  1.37695E+00
  2.92969E-02  1.37642E+00
  3.32031E-02  1.37587E+00
  3.71094E-02  1.37529E+00
  4.10156E-02  1.37468E+00
  4.49219E-02  1.37404E+00
  4.88281E-02  1.37337E+00
  5.27344E-02  1.37267E+00
  5.66406E-02  1.37195E+00
  6.05469E-02  1.37120E+00
  6.44531E-02  1.37042E+00
  6.83594E-02  1.36961E+00
  7.22656E-02  1.36878E+00
  7.61719E-02  1.36791E+00
  8.00781E-02  1.36703E+00
  8.39844E-02  1.36611E+00
  8.78906E-02  1.36517E+00
  9.17969E-02  1.36420E+00
  9.57031E-02  1.36320E+00
  9.96094E-02  1.36218E+00
  1.03516E-01  1.36113E+00
  1.07422E-01  1.36006E+00
  1.11328E-01  1.35896E+00
  1.15234E-01  1.35783E+00
  1.19141E-01  1.35668E+00
  1.23047E-01  1.35550E+00
  1.26953E-01  1.35430E+00
  1.30859E-01  1.35308E+00
  1.34766E-01  1.35182E+00
  1.38672E-01  1.35055E+00
  1.42578E-01  1.34925E+00
  1.46484E-01  1.34792E+00
  1.50391E-01  1.34657E+00
  1.54297E-01  1.34519E+00
  1.58203E-01  1.34379E+00
  1.62109E-01  1.34237E+00
  1.66016E-01  1.34092E+00
  1.69922E-01  1.33945E+00
  1.73828E-01  1.33795E+00
  1.77734E-01  1.33643E+00
  1.81641E-01  1.33489E+00
  1.85547E-01  1.33332E+00
  1.89453E-01  1.33173E+00
  1.93359E-01  1.33012E+00
  1.97266E-01  1.32848E+00
  2.01172E-01  1.32682E+00
  2.05078E-01  1.32514E+00
  2.08984E-01  1.32344E+00
  2.12891E-01  1.32171E+00
  2.16797E-01  1.31996E+00
  2.20703E-01  1.31819E+00
  2.24609E-01  1.31639E+00
  2.28516E-01  1.31457E+00
  2.32422E-01  1.31274E+00
  2.36328E-01  1.31088E+00
  2.40234E-01  1.30899E+00
  2.44141E-01  1.30709E+00
  2.48047E-01  1.30517E+00
  2.51953E-01  1.30322E+00
  2.55859E-01  1.30125E+00
  2.59766E-01  1.29926E+00
  2.63672E-01  1.29725E+00
  2.67578E-01  1.29522E+00
  2.71484E-01  1.29317E+00
  2.75391E-01  1.29109E+00
  2.79297E-01  1.28900E+00
  2.83203E-01  1.28688E+00
  2.87109E-01  1.28475E+00
  2.91016E-01  1.28259E+00
  2.94922E-01  1.28041E+00
  2.98828E-01  1.27821E+00
  3.02734E-01  1.27600E+00
  3.06641E-01  1.27376E+00
  3.10547E-01  1.27150E+00
  3.14453E-01  1.26922E+00
  3.18359E-01  1.26693E+00
  3.22266E-01  1.26461E+00
  3.26172E-01  1.26227E+00
  3.30078E-01  1.25992E+00
  3.33984E-01  1.25754E+00
  3.37891E-01  1.25515E+00
  3.41797E-01  1.25274E+00
  3.45703E-01  1.25030E+00
  3.49609E-01  1.24785E+00
  3.53516E-01  1.24538E+00
  3.57422E-01  1.24289E+00
  3.61328E-01  1.24038E+00
  3.65234E-01  1.23786E+00
  3.69141E-01  1.23532E+00
  3.73047E-01  1.23275E+00
  3.76953E-01  1.23018E+00
  3.80859E-01  1.22758E+00
  3.84766E-01  1.22496E+00
  3.88672E-01  1.22233E+00
  3.92578E-01  1.21968E+00
  3.96484E-01  1.21701E+00
  4.00391E-01  1.21432E+00
  4.04297E-01  1.21162E+00
  4.08203E-01  1.20890E+00
  4.12109E-01  1.20616E+00
  4.16016E-01  1.20341E+00
  4.19922E-01  1.20064E+00
  4.23828E-01  1.19785E+00
  4.27734E-01  1.19504E+00
  4.31641E-01  1.19222E+00
  4.35547E-01  1.18939E+00
  4.39453E-01  1.18654E+00
  4.43359E-01  1.18367E+00
  4.47266E-01  1.18078E+00
  4.51172E-01  1.17788E+00
  4.55078E-01  1.17497E+00
  4.58984E-01  1.17203E+00
  4.62891E-01  1.16909E+00
  4.66797E-01  1.16613E+00
  4.70703E-01  1.16315E+00
  4.74609E-01  1.16016E+00
  4.78516E-01  1.15716E+00
  4.82422E-01  1.15414E+00
  4.86328E-01  1.15111E+00
  4.90234E-01  1.14807E+00
  4.94141E-01  1.14501E+00
  4.98047E-01  1.14193E+00
  5.01953E-01  1.13885E+00
  5.05859E-01  1.13575E+00
  5.09766E-01  1.13263E+00
  5.13672E-01  1.12951E+00
  5.17578E-01  1.12637E+00
  5.21484E-01  1.12321E+00
  5.25391E-01  1.12005E+00
  5.29297E-01  1.11687E+00
  5.33203E-01  1.11368E+00
  5.37109E-01  1.11048E+00
  5.41016E-01  1.10726E+00
  5.44922E-01  1.10404E+00
  5.48828E-01  1.10080E+00
  5.52734E-01  1.09756E+00
  5.56641E-01  1.09430E+00
  5.60547E-01  1.09104E+00
  5.64453E-01  1.08776E+00
  5.68359E-01  1.08448E+00
  5.72266E-01  1.08119E+00
  5.76172E-01  1.07788E+00
  5.80078E-01  1.07457E+00
  5.83984E-01  1.07125E+00
  5.87891E-01  1.06792E+00
  5.91797E-01  1.06459E+00
  5.95703E-01  1.06124E+00
  5.99609E-01  1.05789E+00
  6.03516E-01  1.05454E+00
  6.07422E-01  1.05117E+00
  6.11328E-01  1.04780E+00
  6.15234E-01  1.04443E+00
  6.19141E-01  1.04104E+00
  6.23047E-01  1.03766E+00
  6.26953E-01  1.03427E+00
  6.30859E-01  1.03087E+00
  6.34766E-01  1.02747E+00
  6.38672E-01  1.02407E+00
  6.42578E-01  1.02066E+00
  6.46484E-01  1.01725E+00
  6.50391E-01  1.01383E+00
  6.54297E-01  1.01042E+00
  6.58203E-01  1.00700E+00
  6.62109E-01  1.00358E+00
  6.66016E-01  1.00016E+00
  6.69922E-01  9.96743E-01
  6.73828E-01  9.93323E-01
  6.77734E-01  9.89903E-01
  6.81641E-01  9.86485E-01
  6.85547E-01  9.83068E-01
  6.89453E-01  9.79654E-01
  6.93359E-01  9.76243E-01
  6.97266E-01  9.72834E-01
  7.01172E-01  9.69430E-01
  7.05078E-01  9.66031E-01
  7.08984E-01  9.62637E-01
  7.12891E-01  9.59248E-01
  7.16797E-01  9.55864E-01
  7.20703E-01  9.52488E-01
  7.24609E-01  9.49119E-01
  7.28516E-01  9.45757E-01
  7.32422E-01  9.42405E-01
  7.36328E-01  9.39062E-01
  7.40234E-01  9.35730E-01
  7.44141E-01  9.32408E-01
  7.48047E-01  9.29097E-01
  7.51953E-01  9.25799E-01
  7.55859E-01  9.22514E-01
  7.59766E-01  9.19243E-01
  7.63672E-01  9.15986E-01
  7.67578E-01  9.12745E-01
  7.71484E-01  9.09520E-01
  7.75391E-01  9.06312E-01
  7.79297E-01  9.03122E-01
  7.83203E-01  8.99951E-01
  7.87109E-01  8.96799E-01
  7.91016E-01  8.93668E-01
  7.94922E-01  8.90559E-01
  7.98828E-01  8.87472E-01
  8.02734E-01  8.84409E-01
  8.06641E-01  8.81371E-01
  8.10547E-01  8.78359E-01
  8.14453E-01  8.75373E-01
  8.18359E-01  8.72415E-01
  8.22266E-01  8.69486E-01
  8.26172E-01  8.66587E-01
  8.30078E-01  8.63719E-01
  8.33984E-01  8.60883E-01
  8.37891E-01  8.58080E-01
  8.41797E-01  8.55311E-01
  8.45703E-01  8.52578E-01
  8.49609E-01  8.49882E-01
  8.53516E-01  8.47222E-01
  8.57422E-01  8.44600E-01
  8.61328E-01  8.42019E-01
  8.65234E-01  8.39478E-01
  8.69141E-01  8.36979E-01
  8.73047E-01  8.34523E-01
  8.76953E-01  8.32112E-01
  8.80859E-01  8.29746E-01
  8.84766E-01  8.27428E-01
  8.88672E-01  8.25158E-01
  8.92578E-01  8.22938E-01
  8.96484E-01  8.20769E-01
  9.00391E-01  8.18653E-01
  9.04297E-01  8.16590E-01
  9.08203E-01  8.14582E-01
  9.12109E-01  8.12631E-01
  9.16016E-01  8.10737E-01
  9.19922E-01  8.08903E-01
  9.23828E-01  8.07129E-01
  9.27734E-01  8.05417E-01
  9.31641E-01  8.03767E-01
  9.35547E-01  8.02180E-01
  9.39453E-01  8.00659E-01
  9.43359E-01  7.99203E-01
  9.47266E-01  7.97816E-01
  9.51172E-01  7.96498E-01
  9.55078E-01  7.95250E-01
  9.58984E-01  7.94073E-01
  9.62891E-01  7.92969E-01
  9.66797E-01  7.91939E-01
  9.70703E-01  7.90984E-01
  9.74609E-01  7.90106E-01
  9.78516E-01  7.89305E-01
  9.82422E-01  7.88584E-01
  9.86328E-01  7.87943E-01
  9.90234E-01  7.87383E-01
  9.94141E-01  7.86905E-01
  9.98047E-01  7.86494E-01
  1.00195E+00  7.86508E-01
