 -1.95312E-03  1.39388E+00
  1.95312E-03  1.39388E+00
  5.85938E-03  1.39344E+00
  9.76562E-03  1.39304E+00
  1.36719E-02  1.39263E+00
  1.75781E-02  1.39219E+00
  2.14844E-02  1.39172E+00
  2.53906E-02  1.39123E+00
  2.92969E-02  1.39070E+00
  3.32031E-02  1.39015E+00
  3.71094E-02  1.38956E+00
  4.10156E-02  1.38895E+00
  4.49219E-02  1.38831E+00
  4.88281E-02  1.38764E+00
  5.27344E-02  1.38694E+00
  5.66406E-02  1.38621E+00
  6.05469E-02  1.38546E+00
  6.44531E-02  1.38467E+00
  6.83594E-02  1.38386E+00
  7.22656E-02  1.38303E+00
  7.61719E-02  1.38216E+00
  8.00781E-02  1.38127E+00
  8.39844E-02  1.38035E+00
  8.78906E-02  1.37940E+00
  9.17969E-02  1.37843E+00
  9.57031E-02  1.37743E+00
  9.96094E-02  1.37640E+00
  1.03516E-01  1.37535E+00
  1.07422E-01  1.37427E+00
  1.11328E-01  1.37316E+00
  1.15234E-01  1.37203E+00
  1.19141E-01  1.37087E+00
  1.23047E-01  1.36968E+00
  1.26953E-01  1.36847E+00
  1.30859E-01  1.36724E+00
  1.34766E-01  1.36598E+00
  1.38672E-01  1.36469E+00
  1.42578E-01  1.36338E+00
  1.46484E-01  1.36205E+00
  1.50391E-01  1.36069E+00
  1.54297E-01  1.35930E+00
  1.58203E-01  1.35789E+00
  1.62109E-01  1.35646E+00
  1.66016E-01  1.35500E+00
  1.69922E-01  1.35351E+00
  1.73828E-01  1.35200E+00
  1.77734E-01  1.35047E+00
  1.81641E-01  1.34891E+00
  1.85547E-01  1.34733E+00
  1.89453E-01  1.34573E+00
  1.93359E-01  1.34410E+00
  1.97266E-01  1.34245E+00
  2.01172E-01  1.34078E+00
  2.05078E-01  1.33908E+00
  2.08984E-01  1.33736E+00
  2.12891E-01  1.33562E+00
  2.16797E-01  1.33385E+00
  2.20703E-01  1.33206E+00
  2.24609E-01  1.33025E+00
  2.28516E-01  1.32841E+00
  2.32422E-01  1.32656E+00
  2.36328E-01  1.32467E+00
  2.40234E-01  1.32277E+00
  2.44141E-01  1.32085E+00
  2.48047E-01  1.31890E+00
  2.51953E-01  1.31693E+00
  2.55859E-01  1.31493E+00
  2.59766E-01  1.31292E+00
  2.63672E-01  1.31088E+00
  2.67578E-01  1.30883E+00
  2.71484E-01  1.30675E+00
  2.75391E-01  1.30465E+00
  2.79297E-01  1.30253E+00
  2.83203E-01  1.30038E+00
  2.87109E-01  1.29822E+00
  2.91016E-01  1.29603E+00
  2.94922E-01  1.29383E+00
  2.98828E-01  1.29160E+00
  3.02734E-01  1.28935E+00
  3.06641E-01  1.28708E+00
  3.10547E-01  1.28479E+00
  3.14453E-01  1.28248E+00
  3.18359E-01  1.28014E+00
  3.22266E-01  1.27779E+00
  3.26172E-01  1.27542E+00
  3.30078E-01  1.27303E+00
  3.33984E-01  1.27061E+00
  3.37891E-01  1.26818E+00
  3.41797E-01  1.26573E+00
  3.45703E-01  1.26326E+00
  3.49609E-01  1.26076E+00
  3.53516E-01  1.25825E+00
  3.57422E-01  1.25572E+00
  3.61328E-01  1.25317E+00
  3.65234E-01  1.25060E+00
  3.69141E-01  1.24801E+00
  3.73047E-01  1.24540E+00
  3.76953E-01  1.24277E+00
  3.80859E-01  1.24012E+00
  3.84766E-01  1.23745E+00
  3.88672E-01  1.23477E+00
  3.92578E-01  1.23206E+00
  3.96484E-01  1.22934E+00
  4.00391E-01  1.22659E+00
  4.04297E-01  1.22383E+00
  4.08203E-01  1.22105E+00
  4.12109E-01  1.21826E+00
  4.16016E-01  1.21544E+00
  4.19922E-01  1.21261E+00
  4.23828E-01  1.20976E+00
  4.27734E-01  1.20689E+00
  4.31641E-01  1.20400E+00
  4.35547E-01  1.20109E+00
  4.39453E-01  1.19817E+00
  4.43359E-01  1.19523E+00
  4.47266E-01  1.19227E+00
  4.51172E-01  1.18930E+00
  4.55078E-01  1.18630E+00
  4.58984E-01  1.18330E+00
  4.62891E-01  1.18027E+00
  4.66797E-01  1.17723E+00
  4.70703E-01  1.17417E+00
  4.74609E-01  1.17110E+00
  4.78516E-01  1.16801E+00
  4.82422E-01  1.16490E+00
  4.86328E-01  1.16178E+00
  4.90234E-01  1.15864E+00
  4.94141E-01  1.15548E+00
  4.98047E-01  1.15231E+00
  5.01953E-01  1.14912E+00
  5.05859E-01  1.14592E+00
  5.09766E-01  1.14271E+00
  5.13672E-01  1.13948E+00
  5.17578E-01  1.13623E+00
  5.21484E-01  1.13297E+00
  5.25391E-01  1.12969E+00
  5.29297E-01  1.12640E+00
  5.33203E-01  1.12309E+00
  5.37109E-01  1.11978E+00
  5.41016E-01  1.11644E+00
  5.44922E-01  1.11310E+00
  5.48828E-01  1.10974E+00
  5.52734E-01  1.10637E+00
  5.56641E-01  1.10299E+00
  5.60547E-01  1.09959E+00
  5.64453E-01  1.09619E+00
  5.68359E-01  1.09277E+00
  5.72266E-01  1.08934E+00
  5.76172E-01  1.08590E+00
  5.80078E-01  1.08244E+00
  5.83984E-01  1.07898E+00
  5.87891E-01  1.07550E+00
  5.91797E-01  1.07202E+00
  5.95703E-01  1.06852E+00
  5.99609E-01  1.06501E+00
  6.03516E-01  1.06150E+00
  6.07422E-01  1.05797E+00
  6.11328E-01  1.05444E+00
  6.15234E-01  1.05089E+00
  6.19141E-01  1.04734E+00
  6.23047E-01  1.04378E+00
  6.26953E-01  1.04021E+00
  6.30859E-01  1.03663E+00
  6.34766E-01  1.03305E+00
  6.38672E-01  1.02946E+00
  6.42578E-01  1.02586E+00
  6.46484E-01  1.02225E+00
  6.50391E-01  1.01864E+00
  6.54297E-01  1.01503E+00
  6.58203E-01  1.01141E+00
  6.62109E-01  1.00778E+00
  6.66016E-01  1.00415E+00
  6.69922E-01  1.00052E+00
  6.73828E-01  9.96886E-01
  6.77734E-01  9.93246E-01
  6.81641E-01  9.89604E-01
  6.85547E-01  9.85959E-01
  6.89453E-01  9.82313E-01
  6.93359E-01  9.78667E-01
  6.97266E-01  9.75021E-01
  7.01172E-01  9.71376E-01
  7.05078E-01  9.67732E-01
  7.08984E-01  9.64091E-01
  7.12891E-01  9.60453E-01
  7.16797E-01  9.56818E-01
  7.20703E-01  9.53187E-01
  7.24609E-01  9.49561E-01
  7.28516E-01  9.45940E-01
  7.32422E-01  9.42323E-01
  7.36328E-01  9.38714E-01
  7.40234E-01  9.35111E-01
  7.44141E-01  9.31517E-01
  7.48047E-01  9.27931E-01
  7.51953E-01  9.24354E-01
  7.55859E-01  9.20788E-01
  7.59766E-01  9.17233E-01
  7.63672E-01  9.13690E-01
  7.67578E-01  9.10160E-01
  7.71484E-01  9.06644E-01
  7.75391E-01  9.03144E-01
  7.79297E-01  8.99659E-01
  7.83203E-01  8.96190E-01
  7.87109E-01  8.92740E-01
  7.91016E-01  8.89309E-01
  7.94922E-01  8.85898E-01
  7.98828E-01  8.82509E-01
  8.02734E-01  8.79142E-01
  8.06641E-01  8.75798E-01
  8.10547E-01  8.72479E-01
  8.14453E-01  8.69186E-01
  8.18359E-01  8.65919E-01
  8.22266E-01  8.62681E-01
  8.26172E-01  8.59473E-01
  8.30078E-01  8.56297E-01
  8.33984E-01  8.53154E-01
  8.37891E-01  8.50044E-01
  8.41797E-01  8.46970E-01
  8.45703E-01  8.43934E-01
  8.49609E-01  8.40935E-01
  8.53516E-01  8.37975E-01
  8.57422E-01  8.35057E-01
  8.61328E-01  8.32181E-01
  8.65234E-01  8.29349E-01
  8.69141E-01  8.26564E-01
  8.73047E-01  8.23825E-01
  8.76953E-01  8.21134E-01
  8.80859E-01  8.18493E-01
  8.84766E-01  8.15902E-01
  8.88672E-01  8.13365E-01
  8.92578E-01  8.10882E-01
  8.96484E-01  8.08455E-01
  9.00391E-01  8.06086E-01
  9.04297E-01  8.03777E-01
  9.08203E-01  8.01529E-01
  9.12109E-01  7.99344E-01
  9.16016E-01  7.97224E-01
  9.19922E-01  7.95169E-01
  9.23828E-01  7.93183E-01
  9.27734E-01  7.91267E-01
  9.31641E-01  7.89422E-01
  9.35547E-01  7.87650E-01
  9.39453E-01  7.85954E-01
  9.43359E-01  7.84333E-01
  9.47266E-01  7.82790E-01
  9.51172E-01  7.81325E-01
  9.55078E-01  7.79940E-01
  9.58984E-01  7.78636E-01
  9.62891E-01  7.77416E-01
  9.66797E-01  7.76280E-01
  9.70703E-01  7.75231E-01
  9.74609E-01  7.74269E-01
  9.78516E-01  7.73397E-01
  9.82422E-01  7.72614E-01
  9.86328E-01  7.71925E-01
  9.90234E-01  7.71328E-01
  9.94141E-01  7.70825E-01
  9.98047E-01  7.70404E-01
  1.00195E+00  7.70405E-01
