 -1.95312E-03  1.40066E+00
  1.95312E-03  1.40076E+00
  5.85938E-03  1.40032E+00
  9.76562E-03  1.39992E+00
  1.36719E-02  1.39951E+00
  1.75781E-02  1.39907E+00
  2.14844E-02  1.39860E+00
  2.53906E-02  1.39811E+00
  2.92969E-02  1.39758E+00
  3.32031E-02  1.39703E+00
  3.71094E-02  1.39644E+00
  4.10156E-02  1.39583E+00
  4.49219E-02  1.39519E+00
  4.88281E-02  1.39452E+00
  5.27344E-02  1.39382E+00
  5.66406E-02  1.39309E+00
  6.05469E-02  1.39233E+00
  6.44531E-02  1.39155E+00
  6.83594E-02  1.39074E+00
  7.22656E-02  1.38990E+00
  7.61719E-02  1.38903E+00
  8.00781E-02  1.38814E+00
  8.39844E-02  1.38722E+00
  8.78906E-02  1.38627E+00
  9.17969E-02  1.38529E+00
  9.57031E-02  1.38429E+00
  9.96094E-02  1.38326E+00
  1.03516E-01  1.38220E+00
  1.07422E-01  1.38112E+00
  1.11328E-01  1.38001E+00
  1.15234E-01  1.37888E+00
  1.19141E-01  1.37772E+00
  1.23047E-01  1.37653E+00
  1.26953E-01  1.37531E+00
  1.30859E-01  1.37408E+00
  1.34766E-01  1.37281E+00
  1.38672E-01  1.37152E+00
  1.42578E-01  1.37021E+00
  1.46484E-01  1.36887E+00
  1.50391E-01  1.36751E+00
  1.54297E-01  1.36612E+00
  1.58203E-01  1.36470E+00
  1.62109E-01  1.36326E+00
  1.66016E-01  1.36180E+00
  1.69922E-01  1.36031E+00
  1.73828E-01  1.35879E+00
  1.77734E-01  1.35726E+00
  1.81641E-01  1.35570E+00
  1.85547E-01  1.35411E+00
  1.89453E-01  1.35250E+00
  1.93359E-01  1.35087E+00
  1.97266E-01  1.34921E+00
  2.01172E-01  1.34753E+00
  2.05078E-01  1.34583E+00
  2.08984E-01  1.34410E+00
  2.12891E-01  1.34235E+00
  2.16797E-01  1.34058E+00
  2.20703E-01  1.33878E+00
  2.24609E-01  1.33696E+00
  2.28516E-01  1.33511E+00
  2.32422E-01  1.33325E+00
  2.36328E-01  1.33136E+00
  2.40234E-01  1.32944E+00
  2.44141E-01  1.32751E+00
  2.48047E-01  1.32555E+00
  2.51953E-01  1.32357E+00
  2.55859E-01  1.32157E+00
  2.59766E-01  1.31955E+00
  2.63672E-01  1.31750E+00
  2.67578E-01  1.31543E+00
  2.71484E-01  1.31334E+00
  2.75391E-01  1.31123E+00
  2.79297E-01  1.30910E+00
  2.83203E-01  1.30694E+00
  2.87109E-01  1.30476E+00
  2.91016E-01  1.30256E+00
  2.94922E-01  1.30034E+00
  2.98828E-01  1.29810E+00
  3.02734E-01  1.29584E+00
  3.06641E-01  1.29355E+00
  3.10547E-01  1.29125E+00
  3.14453E-01  1.28892E+00
  3.18359E-01  1.28658E+00
  3.22266E-01  1.28421E+00
  3.26172E-01  1.28182E+00
  3.30078E-01  1.27941E+00
  3.33984E-01  1.27698E+00
  3.37891E-01  1.27453E+00
  3.41797E-01  1.27206E+00
  3.45703E-01  1.26956E+00
  3.49609E-01  1.26705E+00
  3.53516E-01  1.26452E+00
  3.57422E-01  1.26197E+00
  3.61328E-01  1.25939E+00
  3.65234E-01  1.25680E+00
  3.69141E-01  1.25419E+00
  3.73047E-01  1.25156E+00
  3.76953E-01  1.24891E+00
  3.80859E-01  1.24624E+00
  3.84766E-01  1.24355E+00
  3.88672E-01  1.24084E+00
  3.92578E-01  1.23811E+00
  3.96484E-01  1.23536E+00
  4.00391E-01  1.23259E+00
  4.04297E-01  1.22980E+00
  4.08203E-01  1.22699E+00
  4.12109E-01  1.22417E+00
  4.16016E-01  1.22133E+00
  4.19922E-01  1.21846E+00
  4.23828E-01  1.21558E+00
  4.27734E-01  1.21268E+00
  4.31641E-01  1.20976E+00
  4.35547E-01  1.20683E+00
  4.39453E-01  1.20387E+00
  4.43359E-01  1.20090E+00
  4.47266E-01  1.19790E+00
  4.51172E-01  1.19489E+00
  4.55078E-01  1.19187E+00
  4.58984E-01  1.18882E+00
  4.62891E-01  1.18576E+00
  4.66797E-01  1.18268E+00
  4.70703E-01  1.17958E+00
  4.74609E-01  1.17647E+00
  4.78516E-01  1.17334E+00
  4.82422E-01  1.17019E+00
  4.86328E-01  1.16702E+00
  4.90234E-01  1.16384E+00
  4.94141E-01  1.16064E+00
  4.98047E-01  1.15743E+00
  5.01953E-01  1.15420E+00
  5.05859E-01  1.15095E+00
  5.09766E-01  1.14769E+00
  5.13672E-01  1.14441E+00
  5.17578E-01  1.14111E+00
  5.21484E-01  1.13780E+00
  5.25391E-01  1.13447E+00
  5.29297E-01  1.13113E+00
  5.33203E-01  1.12777E+00
  5.37109E-01  1.12440E+00
  5.41016E-01  1.12101E+00
  5.44922E-01  1.11761E+00
  5.48828E-01  1.11420E+00
  5.52734E-01  1.11077E+00
  5.56641E-01  1.10732E+00
  5.60547E-01  1.10387E+00
  5.64453E-01  1.10040E+00
  5.68359E-01  1.09691E+00
  5.72266E-01  1.09342E+00
  5.76172E-01  1.08991E+00
  5.80078E-01  1.08638E+00
  5.83984E-01  1.08285E+00
  5.87891E-01  1.07930E+00
  5.91797E-01  1.07574E+00
  5.95703E-01  1.07217E+00
  5.99609E-01  1.06858E+00
  6.03516E-01  1.06499E+00
  6.07422E-01  1.06138E+00
  6.11328E-01  1.05777E+00
  6.15234E-01  1.05414E+00
  6.19141E-01  1.05050E+00
  6.23047E-01  1.04685E+00
  6.26953E-01  1.04319E+00
  6.30859E-01  1.03952E+00
  6.34766E-01  1.03585E+00
  6.38672E-01  1.03216E+00
  6.42578E-01  1.02847E+00
  6.46484E-01  1.02477E+00
  6.50391E-01  1.02106E+00
  6.54297E-01  1.01734E+00
  6.58203E-01  1.01361E+00
  6.62109E-01  1.00988E+00
  6.66016E-01  1.00615E+00
  6.69922E-01  1.00240E+00
  6.73828E-01  9.98652E-01
  6.77734E-01  9.94899E-01
  6.81641E-01  9.91142E-01
  6.85547E-01  9.87382E-01
  6.89453E-01  9.83619E-01
  6.93359E-01  9.79855E-01
  6.97266E-01  9.76088E-01
  7.01172E-01  9.72320E-01
  7.05078E-01  9.68551E-01
  7.08984E-01  9.64783E-01
  7.12891E-01  9.61015E-01
  7.16797E-01  9.57248E-01
  7.20703E-01  9.53483E-01
  7.24609E-01  9.49721E-01
  7.28516E-01  9.45962E-01
  7.32422E-01  9.42208E-01
  7.36328E-01  9.38458E-01
  7.40234E-01  9.34714E-01
  7.44141E-01  9.30976E-01
  7.48047E-01  9.27245E-01
  7.51953E-01  9.23522E-01
  7.55859E-01  9.19808E-01
  7.59766E-01  9.16104E-01
  7.63672E-01  9.12410E-01
  7.67578E-01  9.08729E-01
  7.71484E-01  9.05060E-01
  7.75391E-01  9.01402E-01
  7.79297E-01  8.97759E-01
  7.83203E-01  8.94131E-01
  7.87109E-01  8.90520E-01
  7.91016E-01  8.86925E-01
  7.94922E-01  8.83348E-01
  7.98828E-01  8.79791E-01
  8.02734E-01  8.76255E-01
  8.06641E-01  8.72741E-01
  8.10547E-01  8.69251E-01
  8.14453E-01  8.65784E-01
  8.18359E-01  8.62343E-01
  8.22266E-01  8.58931E-01
  8.26172E-01  8.55546E-01
  8.30078E-01  8.52193E-01
  8.33984E-01  8.48870E-01
  8.37891E-01  8.45581E-01
  8.41797E-01  8.42327E-01
  8.45703E-01  8.39110E-01
  8.49609E-01  8.35931E-01
  8.53516E-01  8.32792E-01
  8.57422E-01  8.29695E-01
  8.61328E-01  8.26640E-01
  8.65234E-01  8.23630E-01
  8.69141E-01  8.20667E-01
  8.73047E-01  8.17753E-01
  8.76953E-01  8.14889E-01
  8.80859E-01  8.12077E-01
  8.84766E-01  8.09317E-01
  8.88672E-01  8.06613E-01
  8.92578E-01  8.03965E-01
  8.96484E-01  8.01377E-01
  9.00391E-01  7.98848E-01
  9.04297E-01  7.96382E-01
  9.08203E-01  7.93981E-01
  9.12109E-01  7.91647E-01
  9.16016E-01  7.89381E-01
  9.19922E-01  7.87186E-01
  9.23828E-01  7.85065E-01
  9.27734E-01  7.83019E-01
  9.31641E-01  7.81051E-01
  9.35547E-01  7.79159E-01
  9.39453E-01  7.77348E-01
  9.43359E-01  7.75621E-01
  9.47266E-01  7.73977E-01
  9.51172E-01  7.72417E-01
  9.55078E-01  7.70945E-01
  9.58984E-01  7.69562E-01
  9.62891E-01  7.68268E-01
  9.66797E-01  7.67065E-01
  9.70703E-01  7.65956E-01
  9.74609E-01  7.64941E-01
  9.78516E-01  7.64023E-01
  9.82422E-01  7.63204E-01
  9.86328E-01  7.62485E-01
  9.90234E-01  7.61866E-01
  9.94141E-01  7.61348E-01
  9.98047E-01  7.60919E-01
  1.00195E+00  7.60927E-01
