 -1.95312E-03  1.37714E+00
  1.95312E-03  1.37729E+00
  5.85938E-03  1.37685E+00
  9.76562E-03  1.37645E+00
  1.36719E-02  1.37604E+00
  1.75781E-02  1.37560E+00
  2.14844E-02  1.37513E+00
  2.53906E-02  1.37464E+00
  2.92969E-02  1.37411E+00
  3.32031E-02  1.37356E+00
  3.71094E-02  1.37298E+00
  4.10156E-02  1.37237E+00
  4.49219E-02  1.37173E+00
  4.88281E-02  1.37106E+00
  5.27344E-02  1.37036E+00
  5.66406E-02  1.36964E+00
  6.05469E-02  1.36889E+00
  6.44531E-02  1.36811E+00
  6.83594E-02  1.36730E+00
  7.22656E-02  1.36647E+00
  7.61719E-02  1.36561E+00
  8.00781E-02  1.36472E+00
  8.39844E-02  1.36380E+00
  8.78906E-02  1.36286E+00
  9.17969E-02  1.36189E+00
  9.57031E-02  1.36090E+00
  9.96094E-02  1.35988E+00
  1.03516E-01  1.35883E+00
  1.07422E-01  1.35776E+00
  1.11328E-01  1.35666E+00
  1.15234E-01  1.35554E+00
  1.19141E-01  1.35439E+00
  1.23047E-01  1.35321E+00
  1.26953E-01  1.35201E+00
  1.30859E-01  1.35078E+00
  1.34766E-01  1.34953E+00
  1.38672E-01  1.34826E+00
  1.42578E-01  1.34696E+00
  1.46484E-01  1.34563E+00
  1.50391E-01  1.34428E+00
  1.54297E-01  1.34291E+00
  1.58203E-01  1.34151E+00
  1.62109E-01  1.34009E+00
  1.66016E-01  1.33864E+00
  1.69922E-01  1.33717E+00
  1.73828E-01  1.33568E+00
  1.77734E-01  1.33416E+00
  1.81641E-01  1.33262E+00
  1.85547E-01  1.33106E+00
  1.89453E-01  1.32947E+00
  1.93359E-01  1.32786E+00
  1.97266E-01  1.32623E+00
  2.01172E-01  1.32457E+00
  2.05078E-01  1.32290E+00
  2.08984E-01  1.32120E+00
  2.12891E-01  1.31947E+00
  2.16797E-01  1.31773E+00
  2.20703E-01  1.31596E+00
  2.24609E-01  1.31417E+00
  2.28516E-01  1.31236E+00
  2.32422E-01  1.31053E+00
  2.36328E-01  1.30867E+00
  2.40234E-01  1.30679E+00
  2.44141E-01  1.30489E+00
  2.48047E-01  1.30297E+00
  2.51953E-01  1.30103E+00
  2.55859E-01  1.29906E+00
  2.59766E-01  1.29708E+00
  2.63672E-01  1.29507E+00
  2.67578E-01  1.29304E+00
  2.71484E-01  1.29099E+00
  2.75391E-01  1.28892E+00
  2.79297E-01  1.28683E+00
  2.83203E-01  1.28472E+00
  2.87109E-01  1.28259E+00
  2.91016E-01  1.28044E+00
  2.94922E-01  1.27827E+00
  2.98828E-01  1.27608E+00
  3.02734E-01  1.27387E+00
  3.06641E-01  1.27164E+00
  3.10547E-01  1.26938E+00
  3.14453E-01  1.26711E+00
  3.18359E-01  1.26482E+00
  3.22266E-01  1.26252E+00
  3.26172E-01  1.26019E+00
  3.30078E-01  1.25784E+00
  3.33984E-01  1.25547E+00
  3.37891E-01  1.25308E+00
  3.41797E-01  1.25068E+00
  3.45703E-01  1.24825E+00
  3.49609E-01  1.24581E+00
  3.53516E-01  1.24335E+00
  3.57422E-01  1.24087E+00
  3.61328E-01  1.23837E+00
  3.65234E-01  1.23585E+00
  3.69141E-01  1.23332E+00
  3.73047E-01  1.23077E+00
  3.76953E-01  1.22820E+00
  3.80859E-01  1.22561E+00
  3.84766E-01  1.22300E+00
  3.88672E-01  1.22038E+00
  3.92578E-01  1.21773E+00
  3.96484E-01  1.21507E+00
  4.00391E-01  1.21240E+00
  4.04297E-01  1.20971E+00
  4.08203E-01  1.20700E+00
  4.12109E-01  1.20427E+00
  4.16016E-01  1.20153E+00
  4.19922E-01  1.19877E+00
  4.23828E-01  1.19599E+00
  4.27734E-01  1.19320E+00
  4.31641E-01  1.19039E+00
  4.35547E-01  1.18756E+00
  4.39453E-01  1.18472E+00
  4.43359E-01  1.18187E+00
  4.47266E-01  1.17899E+00
  4.51172E-01  1.17610E+00
  4.55078E-01  1.17320E+00
  4.58984E-01  1.17028E+00
  4.62891E-01  1.16735E+00
  4.66797E-01  1.16440E+00
  4.70703E-01  1.16144E+00
  4.74609E-01  1.15847E+00
  4.78516E-01  1.15548E+00
  4.82422E-01  1.15248E+00
  4.86328E-01  1.14946E+00
  4.90234E-01  1.14643E+00
  4.94141E-01  1.14338E+00
  4.98047E-01  1.14033E+00
  5.01953E-01  1.13726E+00
  5.05859E-01  1.13417E+00
  5.09766E-01  1.13108E+00
  5.13672E-01  1.12797E+00
  5.17578E-01  1.12485E+00
  5.21484E-01  1.12171E+00
  5.25391E-01  1.11857E+00
  5.29297E-01  1.11541E+00
  5.33203E-01  1.11224E+00
  5.37109E-01  1.10905E+00
  5.41016E-01  1.10586E+00
  5.44922E-01  1.10266E+00
  5.48828E-01  1.09944E+00
  5.52734E-01  1.09622E+00
  5.56641E-01  1.09299E+00
  5.60547E-01  1.08974E+00
  5.64453E-01  1.08649E+00
  5.68359E-01  1.08323E+00
  5.72266E-01  1.07996E+00
  5.76172E-01  1.07668E+00
  5.80078E-01  1.07339E+00
  5.83984E-01  1.07010E+00
  5.87891E-01  1.06680E+00
  5.91797E-01  1.06349E+00
  5.95703E-01  1.06017E+00
  5.99609E-01  1.05684E+00
  6.03516E-01  1.05351E+00
  6.07422E-01  1.05018E+00
  6.11328E-01  1.04683E+00
  6.15234E-01  1.04349E+00
  6.19141E-01  1.04013E+00
  6.23047E-01  1.03677E+00
  6.26953E-01  1.03341E+00
  6.30859E-01  1.03005E+00
  6.34766E-01  1.02667E+00
  6.38672E-01  1.02330E+00
  6.42578E-01  1.01992E+00
  6.46484E-01  1.01654E+00
  6.50391E-01  1.01316E+00
  6.54297E-01  1.00978E+00
  6.58203E-01  1.00640E+00
  6.62109E-01  1.00301E+00
  6.66016E-01  9.99624E-01
  6.69922E-01  9.96239E-01
  6.73828E-01  9.92854E-01
  6.77734E-01  9.89470E-01
  6.81641E-01  9.86088E-01
  6.85547E-01  9.82708E-01
  6.89453E-01  9.79331E-01
  6.93359E-01  9.75958E-01
  6.97266E-01  9.72588E-01
  7.01172E-01  9.69222E-01
  7.05078E-01  9.65862E-01
  7.08984E-01  9.62506E-01
  7.12891E-01  9.59156E-01
  7.16797E-01  9.55812E-01
  7.20703E-01  9.52476E-01
  7.24609E-01  9.49147E-01
  7.28516E-01  9.45826E-01
  7.32422E-01  9.42515E-01
  7.36328E-01  9.39214E-01
  7.40234E-01  9.35923E-01
  7.44141E-01  9.32643E-01
  7.48047E-01  9.29375E-01
  7.51953E-01  9.26120E-01
  7.55859E-01  9.22877E-01
  7.59766E-01  9.19649E-01
  7.63672E-01  9.16436E-01
  7.67578E-01  9.13238E-01
  7.71484E-01  9.10056E-01
  7.75391E-01  9.06892E-01
  7.79297E-01  9.03747E-01
  7.83203E-01  9.00620E-01
  7.87109E-01  8.97514E-01
  7.91016E-01  8.94429E-01
  7.94922E-01  8.91365E-01
  7.98828E-01  8.88325E-01
  8.02734E-01  8.85308E-01
  8.06641E-01  8.82315E-01
  8.10547E-01  8.79349E-01
  8.14453E-01  8.76409E-01
  8.18359E-01  8.73497E-01
  8.22266E-01  8.70613E-01
  8.26172E-01  8.67759E-01
  8.30078E-01  8.64936E-01
  8.33984E-01  8.62145E-01
  8.37891E-01  8.59388E-01
  8.41797E-01  8.56665E-01
  8.45703E-01  8.53976E-01
  8.49609E-01  8.51323E-01
  8.53516E-01  8.48707E-01
  8.57422E-01  8.46128E-01
  8.61328E-01  8.43587E-01
  8.65234E-01  8.41088E-01
  8.69141E-01  8.38628E-01
  8.73047E-01  8.36212E-01
  8.76953E-01  8.33840E-01
  8.80859E-01  8.31512E-01
  8.84766E-01  8.29231E-01
  8.88672E-01  8.26999E-01
  8.92578E-01  8.24815E-01
  8.96484E-01  8.22682E-01
  9.00391E-01  8.20601E-01
  9.04297E-01  8.18573E-01
  9.08203E-01  8.16599E-01
  9.12109E-01  8.14681E-01
  9.16016E-01  8.12820E-01
  9.19922E-01  8.11017E-01
  9.23828E-01  8.09274E-01
  9.27734E-01  8.07591E-01
  9.31641E-01  8.05969E-01
  9.35547E-01  8.04409E-01
  9.39453E-01  8.02912E-01
  9.43359E-01  8.01481E-01
  9.47266E-01  8.00116E-01
  9.51172E-01  7.98819E-01
  9.55078E-01  7.97589E-01
  9.58984E-01  7.96430E-01
  9.62891E-01  7.95343E-01
  9.66797E-01  7.94328E-01
  9.70703E-01  7.93386E-01
  9.74609E-01  7.92521E-01
  9.78516E-01  7.91730E-01
  9.82422E-01  7.91018E-01
  9.86328E-01  7.90384E-01
  9.90234E-01  7.89830E-01
  9.94141E-01  7.89356E-01
  9.98047E-01  7.88947E-01
  1.00195E+00  7.88961E-01
