 -1.95312E-03  1.32877E+00
  1.95312E-03  1.32892E+00
  5.85938E-03  1.32847E+00
  9.76562E-03  1.32808E+00
  1.36719E-02  1.32767E+00
  1.75781E-02  1.32724E+00
  2.14844E-02  1.32678E+00
  2.53906E-02  1.32629E+00
  2.92969E-02  1.32577E+00
  3.32031E-02  1.32523E+00
  3.71094E-02  1.32466E+00
  4.10156E-02  1.32406E+00
  4.49219E-02  1.32343E+00
  4.88281E-02  1.32278E+00
  5.27344E-02  1.32210E+00
  5.66406E-02  1.32139E+00
  6.05469E-02  1.32066E+00
  6.44531E-02  1.31990E+00
  6.83594E-02  1.31911E+00
  7.22656E-02  1.31830E+00
  7.61719E-02  1.31746E+00
  8.00781E-02  1.31660E+00
  8.39844E-02  1.31571E+00
  8.78906E-02  1.31480E+00
  9.17969E-02  1.31386E+00
  9.57031E-02  1.31289E+00
  9.96094E-02  1.31190E+00
  1.03516E-01  1.31089E+00
  1.07422E-01  1.30985E+00
  1.11328E-01  1.30879E+00
  1.15234E-01  1.30770E+00
  1.19141E-01  1.30659E+00
  1.23047E-01  1.30546E+00
  1.26953E-01  1.30430E+00
  1.30859E-01  1.30312E+00
  1.34766E-01  1.30192E+00
  1.38672E-01  1.30069E+00
  1.42578E-01  1.29944E+00
  1.46484E-01  1.29817E+00
  1.50391E-01  1.29687E+00
  1.54297E-01  1.29555E+00
  1.58203E-01  1.29422E+00
  1.62109E-01  1.29285E+00
  1.66016E-01  1.29147E+00
  1.69922E-01  1.29007E+00
  1.73828E-01  1.28864E+00
  1.77734E-01  1.28720E+00
  1.81641E-01  1.28573E+00
  1.85547E-01  1.28424E+00
  1.89453E-01  1.28273E+00
  1.93359E-01  1.28120E+00
  1.97266E-01  1.27965E+00
  2.01172E-01  1.27808E+00
  2.05078E-01  1.27648E+00
  2.08984E-01  1.27487E+00
  2.12891E-01  1.27324E+00
  2.16797E-01  1.27159E+00
  2.20703E-01  1.26992E+00
  2.24609E-01  1.26822E+00
  2.28516E-01  1.26651E+00
  2.32422E-01  1.26478E+00
  2.36328E-01  1.26303E+00
  2.40234E-01  1.26126E+00
  2.44141E-01  1.25947E+00
  2.48047E-01  1.25767E+00
  2.51953E-01  1.25584E+00
  2.55859E-01  1.25400E+00
  2.59766E-01  1.25214E+00
  2.63672E-01  1.25026E+00
  2.67578E-01  1.24836E+00
  2.71484E-01  1.24644E+00
  2.75391E-01  1.24451E+00
  2.79297E-01  1.24256E+00
  2.83203E-01  1.24059E+00
  2.87109E-01  1.23861E+00
  2.91016E-01  1.23660E+00
  2.94922E-01  1.23459E+00
  2.98828E-01  1.23255E+00
  3.02734E-01  1.23050E+00
  3.06641E-01  1.22843E+00
  3.10547E-01  1.22635E+00
  3.14453E-01  1.22425E+00
  3.18359E-01  1.22214E+00
  3.22266E-01  1.22001E+00
  3.26172E-01  1.21786E+00
  3.30078E-01  1.21570E+00
  3.33984E-01  1.21352E+00
  3.37891E-01  1.21133E+00
  3.41797E-01  1.20913E+00
  3.45703E-01  1.20691E+00
  3.49609E-01  1.20467E+00
  3.53516E-01  1.20242E+00
  3.57422E-01  1.20016E+00
  3.61328E-01  1.19788E+00
  3.65234E-01  1.19559E+00
  3.69141E-01  1.19328E+00
  3.73047E-01  1.19096E+00
  3.76953E-01  1.18863E+00
  3.80859E-01  1.18628E+00
  3.84766E-01  1.18392E+00
  3.88672E-01  1.18155E+00
  3.92578E-01  1.17916E+00
  3.96484E-01  1.17676E+00
  4.00391E-01  1.17435E+00
  4.04297E-01  1.17193E+00
  4.08203E-01  1.16949E+00
  4.12109E-01  1.16705E+00
  4.16016E-01  1.16459E+00
  4.19922E-01  1.16212E+00
  4.23828E-01  1.15964E+00
  4.27734E-01  1.15715E+00
  4.31641E-01  1.15465E+00
  4.35547E-01  1.15213E+00
  4.39453E-01  1.14961E+00
  4.43359E-01  1.14708E+00
  4.47266E-01  1.14454E+00
  4.51172E-01  1.14198E+00
  4.55078E-01  1.13942E+00
  4.58984E-01  1.13685E+00
  4.62891E-01  1.13427E+00
  4.66797E-01  1.13168E+00
  4.70703E-01  1.12908E+00
  4.74609E-01  1.12647E+00
  4.78516E-01  1.12385E+00
  4.82422E-01  1.12123E+00
  4.86328E-01  1.11859E+00
  4.90234E-01  1.11595E+00
  4.94141E-01  1.11331E+00
  4.98047E-01  1.11065E+00
  5.01953E-01  1.10799E+00
  5.05859E-01  1.10533E+00
  5.09766E-01  1.10265E+00
  5.13672E-01  1.09997E+00
  5.17578E-01  1.09729E+00
  5.21484E-01  1.09460E+00
  5.25391E-01  1.09190E+00
  5.29297E-01  1.08920E+00
  5.33203E-01  1.08649E+00
  5.37109E-01  1.08378E+00
  5.41016E-01  1.08106E+00
  5.44922E-01  1.07834E+00
  5.48828E-01  1.07561E+00
  5.52734E-01  1.07288E+00
  5.56641E-01  1.07015E+00
  5.60547E-01  1.06741E+00
  5.64453E-01  1.06467E+00
  5.68359E-01  1.06193E+00
  5.72266E-01  1.05918E+00
  5.76172E-01  1.05644E+00
  5.80078E-01  1.05369E+00
  5.83984E-01  1.05093E+00
  5.87891E-01  1.04818E+00
  5.91797E-01  1.04542E+00
  5.95703E-01  1.04267E+00
  5.99609E-01  1.03991E+00
  6.03516E-01  1.03715E+00
  6.07422E-01  1.03439E+00
  6.11328E-01  1.03163E+00
  6.15234E-01  1.02887E+00
  6.19141E-01  1.02611E+00
  6.23047E-01  1.02336E+00
  6.26953E-01  1.02061E+00
  6.30859E-01  1.01786E+00
  6.34766E-01  1.01511E+00
  6.38672E-01  1.01236E+00
  6.42578E-01  1.00962E+00
  6.46484E-01  1.00689E+00
  6.50391E-01  1.00415E+00
  6.54297E-01  1.00142E+00
  6.58203E-01  9.98701E-01
  6.62109E-01  9.95982E-01
  6.66016E-01  9.93269E-01
  6.69922E-01  9.90561E-01
  6.73828E-01  9.87859E-01
  6.77734E-01  9.85163E-01
  6.81641E-01  9.82473E-01
  6.85547E-01  9.79791E-01
  6.89453E-01  9.77115E-01
  6.93359E-01  9.74447E-01
  6.97266E-01  9.71787E-01
  7.01172E-01  9.69136E-01
  7.05078E-01  9.66492E-01
  7.08984E-01  9.63858E-01
  7.12891E-01  9.61234E-01
  7.16797E-01  9.58621E-01
  7.20703E-01  9.56018E-01
  7.24609E-01  9.53427E-01
  7.28516E-01  9.50847E-01
  7.32422E-01  9.48279E-01
  7.36328E-01  9.45724E-01
  7.40234E-01  9.43180E-01
  7.44141E-01  9.40650E-01
  7.48047E-01  9.38133E-01
  7.51953E-01  9.35630E-01
  7.55859E-01  9.33141E-01
  7.59766E-01  9.30668E-01
  7.63672E-01  9.28210E-01
  7.67578E-01  9.25768E-01
  7.71484E-01  9.23342E-01
  7.75391E-01  9.20935E-01
  7.79297E-01  9.18544E-01
  7.83203E-01  9.16172E-01
  7.87109E-01  9.13818E-01
  7.91016E-01  9.11483E-01
  7.94922E-01  9.09168E-01
  7.98828E-01  9.06874E-01
  8.02734E-01  9.04600E-01
  8.06641E-01  9.02348E-01
  8.10547E-01  9.00117E-01
  8.14453E-01  8.97909E-01
  8.18359E-01  8.95724E-01
  8.22266E-01  8.93564E-01
  8.26172E-01  8.91427E-01
  8.30078E-01  8.89314E-01
  8.33984E-01  8.87228E-01
  8.37891E-01  8.85168E-01
  8.41797E-01  8.83134E-01
  8.45703E-01  8.81128E-01
  8.49609E-01  8.79149E-01
  8.53516E-01  8.77200E-01
  8.57422E-01  8.75280E-01
  8.61328E-01  8.73390E-01
  8.65234E-01  8.71531E-01
  8.69141E-01  8.69704E-01
  8.73047E-01  8.67909E-01
  8.76953E-01  8.66146E-01
  8.80859E-01  8.64417E-01
  8.84766E-01  8.62723E-01
  8.88672E-01  8.61062E-01
  8.92578E-01  8.59436E-01
  8.96484E-01  8.57846E-01
  9.00391E-01  8.56293E-01
  9.04297E-01  8.54777E-01
  9.08203E-01  8.53299E-01
  9.12109E-01  8.51860E-01
  9.16016E-01  8.50461E-01
  9.19922E-01  8.49102E-01
  9.23828E-01  8.47785E-01
  9.27734E-01  8.46509E-01
  9.31641E-01  8.45277E-01
  9.35547E-01  8.44089E-01
  9.39453E-01  8.42946E-01
  9.43359E-01  8.41848E-01
  9.47266E-01  8.40797E-01
  9.51172E-01  8.39793E-01
  9.55078E-01  8.38837E-01
  9.58984E-01  8.37931E-01
  9.62891E-01  8.37074E-01
  9.66797E-01  8.36268E-01
  9.70703E-01  8.35514E-01
  9.74609E-01  8.34812E-01
  9.78516E-01  8.34163E-01
  9.82422E-01  8.33568E-01
  9.86328E-01  8.33029E-01
  9.90234E-01  8.32544E-01
  9.94141E-01  8.32117E-01
  9.98047E-01  8.31727E-01
  1.00195E+00  8.31745E-01
