 -1.95312E-03  1.40076E+00
  1.95312E-03  1.40086E+00
  5.85938E-03  1.40042E+00
  9.76562E-03  1.40003E+00
  1.36719E-02  1.39961E+00
  1.75781E-02  1.39917E+00
  2.14844E-02  1.39870E+00
  2.53906E-02  1.39821E+00
  2.92969E-02  1.39768E+00
  3.32031E-02  1.39713E+00
  3.71094E-02  1.39654E+00
  4.10156E-02  1.39593E+00
  4.49219E-02  1.39529E+00
  4.88281E-02  1.39462E+00
  5.27344E-02  1.39392E+00
  5.66406E-02  1.39319E+00
  6.05469E-02  1.39243E+00
  6.44531E-02  1.39165E+00
  6.83594E-02  1.39084E+00
  7.22656E-02  1.39000E+00
  7.61719E-02  1.38913E+00
  8.00781E-02  1.38824E+00
  8.39844E-02  1.38732E+00
  8.78906E-02  1.38637E+00
  9.17969E-02  1.38539E+00
  9.57031E-02  1.38439E+00
  9.96094E-02  1.38336E+00
  1.03516E-01  1.38230E+00
  1.07422E-01  1.38122E+00
  1.11328E-01  1.38011E+00
  1.15234E-01  1.37897E+00
  1.19141E-01  1.37781E+00
  1.23047E-01  1.37663E+00
  1.26953E-01  1.37541E+00
  1.30859E-01  1.37417E+00
  1.34766E-01  1.37291E+00
  1.38672E-01  1.37162E+00
  1.42578E-01  1.37031E+00
  1.46484E-01  1.36897E+00
  1.50391E-01  1.36760E+00
  1.54297E-01  1.36621E+00
  1.58203E-01  1.36480E+00
  1.62109E-01  1.36336E+00
  1.66016E-01  1.36189E+00
  1.69922E-01  1.36041E+00
  1.73828E-01  1.35889E+00
  1.77734E-01  1.35735E+00
  1.81641E-01  1.35579E+00
  1.85547E-01  1.35421E+00
  1.89453E-01  1.35260E+00
  1.93359E-01  1.35096E+00
  1.97266E-01  1.34931E+00
  2.01172E-01  1.34763E+00
  2.05078E-01  1.34592E+00
  2.08984E-01  1.34420E+00
  2.12891E-01  1.34245E+00
  2.16797E-01  1.34067E+00
  2.20703E-01  1.33887E+00
  2.24609E-01  1.33705E+00
  2.28516E-01  1.33521E+00
  2.32422E-01  1.33334E+00
  2.36328E-01  1.33145E+00
  2.40234E-01  1.32954E+00
  2.44141E-01  1.32760E+00
  2.48047E-01  1.32564E+00
  2.51953E-01  1.32366E+00
  2.55859E-01  1.32166E+00
  2.59766E-01  1.31964E+00
  2.63672E-01  1.31759E+00
  2.67578E-01  1.31552E+00
  2.71484E-01  1.31343E+00
  2.75391E-01  1.31132E+00
  2.79297E-01  1.30919E+00
  2.83203E-01  1.30703E+00
  2.87109E-01  1.30485E+00
  2.91016E-01  1.30265E+00
  2.94922E-01  1.30043E+00
  2.98828E-01  1.29819E+00
  3.02734E-01  1.29593E+00
  3.06641E-01  1.29364E+00
  3.10547E-01  1.29134E+00
  3.14453E-01  1.28901E+00
  3.18359E-01  1.28666E+00
  3.22266E-01  1.28429E+00
  3.26172E-01  1.28191E+00
  3.30078E-01  1.27950E+00
  3.33984E-01  1.27706E+00
  3.37891E-01  1.27461E+00
  3.41797E-01  1.27214E+00
  3.45703E-01  1.26965E+00
  3.49609E-01  1.26714E+00
  3.53516E-01  1.26460E+00
  3.57422E-01  1.26205E+00
  3.61328E-01  1.25948E+00
  3.65234E-01  1.25689E+00
  3.69141E-01  1.25428E+00
  3.73047E-01  1.25164E+00
  3.76953E-01  1.24899E+00
  3.80859E-01  1.24632E+00
  3.84766E-01  1.24363E+00
  3.88672E-01  1.24092E+00
  3.92578E-01  1.23819E+00
  3.96484E-01  1.23544E+00
  4.00391E-01  1.23267E+00
  4.04297E-01  1.22988E+00
  4.08203E-01  1.22707E+00
  4.12109E-01  1.22425E+00
  4.16016E-01  1.22140E+00
  4.19922E-01  1.21854E+00
  4.23828E-01  1.21566E+00
  4.27734E-01  1.21276E+00
  4.31641E-01  1.20984E+00
  4.35547E-01  1.20690E+00
  4.39453E-01  1.20395E+00
  4.43359E-01  1.20097E+00
  4.47266E-01  1.19798E+00
  4.51172E-01  1.19497E+00
  4.55078E-01  1.19194E+00
  4.58984E-01  1.18889E+00
  4.62891E-01  1.18583E+00
  4.66797E-01  1.18275E+00
  4.70703E-01  1.17965E+00
  4.74609E-01  1.17654E+00
  4.78516E-01  1.17341E+00
  4.82422E-01  1.17026E+00
  4.86328E-01  1.16709E+00
  4.90234E-01  1.16391E+00
  4.94141E-01  1.16071E+00
  4.98047E-01  1.15750E+00
  5.01953E-01  1.15426E+00
  5.05859E-01  1.15102E+00
  5.09766E-01  1.14775E+00
  5.13672E-01  1.14447E+00
  5.17578E-01  1.14117E+00
  5.21484E-01  1.13786E+00
  5.25391E-01  1.13453E+00
  5.29297E-01  1.13119E+00
  5.33203E-01  1.12783E+00
  5.37109E-01  1.12446E+00
  5.41016E-01  1.12107E+00
  5.44922E-01  1.11767E+00
  5.48828E-01  1.11425E+00
  5.52734E-01  1.11082E+00
  5.56641E-01  1.10738E+00
  5.60547E-01  1.10392E+00
  5.64453E-01  1.10045E+00
  5.68359E-01  1.09696E+00
  5.72266E-01  1.09346E+00
  5.76172E-01  1.08995E+00
  5.80078E-01  1.08643E+00
  5.83984E-01  1.08289E+00
  5.87891E-01  1.07934E+00
  5.91797E-01  1.07578E+00
  5.95703E-01  1.07221E+00
  5.99609E-01  1.06862E+00
  6.03516E-01  1.06503E+00
  6.07422E-01  1.06142E+00
  6.11328E-01  1.05780E+00
  6.15234E-01  1.05417E+00
  6.19141E-01  1.05053E+00
  6.23047E-01  1.04688E+00
  6.26953E-01  1.04322E+00
  6.30859E-01  1.03955E+00
  6.34766E-01  1.03587E+00
  6.38672E-01  1.03219E+00
  6.42578E-01  1.02849E+00
  6.46484E-01  1.02479E+00
  6.50391E-01  1.02108E+00
  6.54297E-01  1.01736E+00
  6.58203E-01  1.01363E+00
  6.62109E-01  1.00990E+00
  6.66016E-01  1.00616E+00
  6.69922E-01  1.00241E+00
  6.73828E-01  9.98663E-01
  6.77734E-01  9.94907E-01
  6.81641E-01  9.91148E-01
  6.85547E-01  9.87386E-01
  6.89453E-01  9.83621E-01
  6.93359E-01  9.79854E-01
  6.97266E-01  9.76086E-01
  7.01172E-01  9.72316E-01
  7.05078E-01  9.68545E-01
  7.08984E-01  9.64774E-01
  7.12891E-01  9.61003E-01
  7.16797E-01  9.57234E-01
  7.20703E-01  9.53467E-01
  7.24609E-01  9.49702E-01
  7.28516E-01  9.45941E-01
  7.32422E-01  9.42184E-01
  7.36328E-01  9.38432E-01
  7.40234E-01  9.34685E-01
  7.44141E-01  9.30944E-01
  7.48047E-01  9.27210E-01
  7.51953E-01  9.23485E-01
  7.55859E-01  9.19768E-01
  7.59766E-01  9.16061E-01
  7.63672E-01  9.12365E-01
  7.67578E-01  9.08680E-01
  7.71484E-01  9.05008E-01
  7.75391E-01  9.01349E-01
  7.79297E-01  8.97705E-01
  7.83203E-01  8.94075E-01
  7.87109E-01  8.90461E-01
  7.91016E-01  8.86863E-01
  7.94922E-01  8.83284E-01
  7.98828E-01  8.79724E-01
  8.02734E-01  8.76186E-01
  8.06641E-01  8.72669E-01
  8.10547E-01  8.69176E-01
  8.14453E-01  8.65708E-01
  8.18359E-01  8.62264E-01
  8.22266E-01  8.58850E-01
  8.26172E-01  8.55464E-01
  8.30078E-01  8.52107E-01
  8.33984E-01  8.48783E-01
  8.37891E-01  8.45492E-01
  8.41797E-01  8.42236E-01
  8.45703E-01  8.39017E-01
  8.49609E-01  8.35836E-01
  8.53516E-01  8.32694E-01
  8.57422E-01  8.29595E-01
  8.61328E-01  8.26538E-01
  8.65234E-01  8.23527E-01
  8.69141E-01  8.20563E-01
  8.73047E-01  8.17647E-01
  8.76953E-01  8.14782E-01
  8.80859E-01  8.11967E-01
  8.84766E-01  8.09206E-01
  8.88672E-01  8.06499E-01
  8.92578E-01  8.03849E-01
  8.96484E-01  8.01259E-01
  9.00391E-01  7.98729E-01
  9.04297E-01  7.96262E-01
  9.08203E-01  7.93860E-01
  9.12109E-01  7.91524E-01
  9.16016E-01  7.89257E-01
  9.19922E-01  7.87061E-01
  9.23828E-01  7.84938E-01
  9.27734E-01  7.82891E-01
  9.31641E-01  7.80920E-01
  9.35547E-01  7.79027E-01
  9.39453E-01  7.77214E-01
  9.43359E-01  7.75485E-01
  9.47266E-01  7.73838E-01
  9.51172E-01  7.72276E-01
  9.55078E-01  7.70802E-01
  9.58984E-01  7.69417E-01
  9.62891E-01  7.68121E-01
  9.66797E-01  7.66918E-01
  9.70703E-01  7.65808E-01
  9.74609E-01  7.64793E-01
  9.78516E-01  7.63873E-01
  9.82422E-01  7.63052E-01
  9.86328E-01  7.62331E-01
  9.90234E-01  7.61711E-01
  9.94141E-01  7.61192E-01
  9.98047E-01  7.60763E-01
  1.00195E+00  7.60771E-01
