 -1.95312E-03  1.40046E+00
  1.95312E-03  1.40056E+00
  5.85938E-03  1.40012E+00
  9.76562E-03  1.39973E+00
  1.36719E-02  1.39931E+00
  1.75781E-02  1.39887E+00
  2.14844E-02  1.39841E+00
  2.53906E-02  1.39791E+00
  2.92969E-02  1.39738E+00
  3.32031E-02  1.39683E+00
  3.71094E-02  1.39624E+00
  4.10156E-02  1.39563E+00
  4.49219E-02  1.39499E+00
  4.88281E-02  1.39432E+00
  5.27344E-02  1.39362E+00
  5.66406E-02  1.39289E+00
  6.05469E-02  1.39213E+00
  6.44531E-02  1.39135E+00
  6.83594E-02  1.39054E+00
  7.22656E-02  1.38970E+00
  7.61719E-02  1.38883E+00
  8.00781E-02  1.38794E+00
  8.39844E-02  1.38702E+00
  8.78906E-02  1.38607E+00
  9.17969E-02  1.38509E+00
  9.57031E-02  1.38409E+00
  9.96094E-02  1.38306E+00
  1.03516E-01  1.38201E+00
  1.07422E-01  1.38092E+00
  1.11328E-01  1.37981E+00
  1.15234E-01  1.37868E+00
  1.19141E-01  1.37752E+00
  1.23047E-01  1.37633E+00
  1.26953E-01  1.37512E+00
  1.30859E-01  1.37388E+00
  1.34766E-01  1.37262E+00
  1.38672E-01  1.37133E+00
  1.42578E-01  1.37001E+00
  1.46484E-01  1.36867E+00
  1.50391E-01  1.36731E+00
  1.54297E-01  1.36592E+00
  1.58203E-01  1.36451E+00
  1.62109E-01  1.36307E+00
  1.66016E-01  1.36160E+00
  1.69922E-01  1.36011E+00
  1.73828E-01  1.35860E+00
  1.77734E-01  1.35706E+00
  1.81641E-01  1.35550E+00
  1.85547E-01  1.35392E+00
  1.89453E-01  1.35231E+00
  1.93359E-01  1.35068E+00
  1.97266E-01  1.34902E+00
  2.01172E-01  1.34734E+00
  2.05078E-01  1.34564E+00
  2.08984E-01  1.34391E+00
  2.12891E-01  1.34216E+00
  2.16797E-01  1.34038E+00
  2.20703E-01  1.33859E+00
  2.24609E-01  1.33677E+00
  2.28516E-01  1.33492E+00
  2.32422E-01  1.33306E+00
  2.36328E-01  1.33117E+00
  2.40234E-01  1.32925E+00
  2.44141E-01  1.32732E+00
  2.48047E-01  1.32536E+00
  2.51953E-01  1.32338E+00
  2.55859E-01  1.32138E+00
  2.59766E-01  1.31936E+00
  2.63672E-01  1.31731E+00
  2.67578E-01  1.31524E+00
  2.71484E-01  1.31315E+00
  2.75391E-01  1.31104E+00
  2.79297E-01  1.30891E+00
  2.83203E-01  1.30675E+00
  2.87109E-01  1.30458E+00
  2.91016E-01  1.30238E+00
  2.94922E-01  1.30016E+00
  2.98828E-01  1.29792E+00
  3.02734E-01  1.29565E+00
  3.06641E-01  1.29337E+00
  3.10547E-01  1.29107E+00
  3.14453E-01  1.28874E+00
  3.18359E-01  1.28639E+00
  3.22266E-01  1.28403E+00
  3.26172E-01  1.28164E+00
  3.30078E-01  1.27923E+00
  3.33984E-01  1.27680E+00
  3.37891E-01  1.27435E+00
  3.41797E-01  1.27188E+00
  3.45703E-01  1.26938E+00
  3.49609E-01  1.26687E+00
  3.53516E-01  1.26434E+00
  3.57422E-01  1.26179E+00
  3.61328E-01  1.25922E+00
  3.65234E-01  1.25663E+00
  3.69141E-01  1.25401E+00
  3.73047E-01  1.25138E+00
  3.76953E-01  1.24873E+00
  3.80859E-01  1.24606E+00
  3.84766E-01  1.24337E+00
  3.88672E-01  1.24066E+00
  3.92578E-01  1.23793E+00
  3.96484E-01  1.23518E+00
  4.00391E-01  1.23242E+00
  4.04297E-01  1.22963E+00
  4.08203E-01  1.22682E+00
  4.12109E-01  1.22400E+00
  4.16016E-01  1.22116E+00
  4.19922E-01  1.21830E+00
  4.23828E-01  1.21542E+00
  4.27734E-01  1.21252E+00
  4.31641E-01  1.20960E+00
  4.35547E-01  1.20666E+00
  4.39453E-01  1.20371E+00
  4.43359E-01  1.20074E+00
  4.47266E-01  1.19775E+00
  4.51172E-01  1.19474E+00
  4.55078E-01  1.19171E+00
  4.58984E-01  1.18867E+00
  4.62891E-01  1.18561E+00
  4.66797E-01  1.18253E+00
  4.70703E-01  1.17943E+00
  4.74609E-01  1.17632E+00
  4.78516E-01  1.17319E+00
  4.82422E-01  1.17005E+00
  4.86328E-01  1.16688E+00
  4.90234E-01  1.16370E+00
  4.94141E-01  1.16051E+00
  4.98047E-01  1.15729E+00
  5.01953E-01  1.15406E+00
  5.05859E-01  1.15082E+00
  5.09766E-01  1.14755E+00
  5.13672E-01  1.14428E+00
  5.17578E-01  1.14098E+00
  5.21484E-01  1.13767E+00
  5.25391E-01  1.13434E+00
  5.29297E-01  1.13100E+00
  5.33203E-01  1.12765E+00
  5.37109E-01  1.12428E+00
  5.41016E-01  1.12089E+00
  5.44922E-01  1.11749E+00
  5.48828E-01  1.11408E+00
  5.52734E-01  1.11065E+00
  5.56641E-01  1.10721E+00
  5.60547E-01  1.10375E+00
  5.64453E-01  1.10029E+00
  5.68359E-01  1.09680E+00
  5.72266E-01  1.09331E+00
  5.76172E-01  1.08980E+00
  5.80078E-01  1.08628E+00
  5.83984E-01  1.08275E+00
  5.87891E-01  1.07920E+00
  5.91797E-01  1.07564E+00
  5.95703E-01  1.07207E+00
  5.99609E-01  1.06849E+00
  6.03516E-01  1.06490E+00
  6.07422E-01  1.06130E+00
  6.11328E-01  1.05768E+00
  6.15234E-01  1.05406E+00
  6.19141E-01  1.05042E+00
  6.23047E-01  1.04678E+00
  6.26953E-01  1.04312E+00
  6.30859E-01  1.03946E+00
  6.34766E-01  1.03579E+00
  6.38672E-01  1.03210E+00
  6.42578E-01  1.02841E+00
  6.46484E-01  1.02472E+00
  6.50391E-01  1.02101E+00
  6.54297E-01  1.01730E+00
  6.58203E-01  1.01358E+00
  6.62109E-01  1.00985E+00
  6.66016E-01  1.00612E+00
  6.69922E-01  1.00238E+00
  6.73828E-01  9.98632E-01
  6.77734E-01  9.94884E-01
  6.81641E-01  9.91132E-01
  6.85547E-01  9.87376E-01
  6.89453E-01  9.83618E-01
  6.93359E-01  9.79859E-01
  6.97266E-01  9.76097E-01
  7.01172E-01  9.72333E-01
  7.05078E-01  9.68569E-01
  7.08984E-01  9.64805E-01
  7.12891E-01  9.61042E-01
  7.16797E-01  9.57279E-01
  7.20703E-01  9.53520E-01
  7.24609E-01  9.49762E-01
  7.28516E-01  9.46008E-01
  7.32422E-01  9.42258E-01
  7.36328E-01  9.38513E-01
  7.40234E-01  9.34773E-01
  7.44141E-01  9.31038E-01
  7.48047E-01  9.27312E-01
  7.51953E-01  9.23593E-01
  7.55859E-01  9.19884E-01
  7.59766E-01  9.16185E-01
  7.63672E-01  9.12496E-01
  7.67578E-01  9.08819E-01
  7.71484E-01  9.05154E-01
  7.75391E-01  9.01501E-01
  7.79297E-01  8.97863E-01
  7.83203E-01  8.94240E-01
  7.87109E-01  8.90633E-01
  7.91016E-01  8.87043E-01
  7.94922E-01  8.83470E-01
  7.98828E-01  8.79917E-01
  8.02734E-01  8.76385E-01
  8.06641E-01  8.72875E-01
  8.10547E-01  8.69389E-01
  8.14453E-01  8.65927E-01
  8.18359E-01  8.62491E-01
  8.22266E-01  8.59082E-01
  8.26172E-01  8.55703E-01
  8.30078E-01  8.52353E-01
  8.33984E-01  8.49036E-01
  8.37891E-01  8.45752E-01
  8.41797E-01  8.42503E-01
  8.45703E-01  8.39291E-01
  8.49609E-01  8.36117E-01
  8.53516E-01  8.32983E-01
  8.57422E-01  8.29890E-01
  8.61328E-01  8.26841E-01
  8.65234E-01  8.23837E-01
  8.69141E-01  8.20879E-01
  8.73047E-01  8.17970E-01
  8.76953E-01  8.15112E-01
  8.80859E-01  8.12304E-01
  8.84766E-01  8.09549E-01
  8.88672E-01  8.06849E-01
  8.92578E-01  8.04205E-01
  8.96484E-01  8.01621E-01
  9.00391E-01  7.99098E-01
  9.04297E-01  7.96638E-01
  9.08203E-01  7.94242E-01
  9.12109E-01  7.91912E-01
  9.16016E-01  7.89652E-01
  9.19922E-01  7.87462E-01
  9.23828E-01  7.85345E-01
  9.27734E-01  7.83302E-01
  9.31641E-01  7.81334E-01
  9.35547E-01  7.79446E-01
  9.39453E-01  7.77638E-01
  9.43359E-01  7.75914E-01
  9.47266E-01  7.74271E-01
  9.51172E-01  7.72714E-01
  9.55078E-01  7.71243E-01
  9.58984E-01  7.69860E-01
  9.62891E-01  7.68566E-01
  9.66797E-01  7.67365E-01
  9.70703E-01  7.66258E-01
  9.74609E-01  7.65245E-01
  9.78516E-01  7.64330E-01
  9.82422E-01  7.63511E-01
  9.86328E-01  7.62792E-01
  9.90234E-01  7.62174E-01
  9.94141E-01  7.61657E-01
  9.98047E-01  7.61229E-01
  1.00195E+00  7.61237E-01
