 -1.95312E-03  1.35748E+00
  1.95312E-03  1.35759E+00
  5.85938E-03  1.35715E+00
  9.76562E-03  1.35676E+00
  1.36719E-02  1.35634E+00
  1.75781E-02  1.35591E+00
  2.14844E-02  1.35544E+00
  2.53906E-02  1.35495E+00
  2.92969E-02  1.35443E+00
  3.32031E-02  1.35388E+00
  3.71094E-02  1.35330E+00
  4.10156E-02  1.35269E+00
  4.49219E-02  1.35206E+00
  4.88281E-02  1.35139E+00
  5.27344E-02  1.35070E+00
  5.66406E-02  1.34998E+00
  6.05469E-02  1.34924E+00
  6.44531E-02  1.34846E+00
  6.83594E-02  1.34766E+00
  7.22656E-02  1.34684E+00
  7.61719E-02  1.34598E+00
  8.00781E-02  1.34510E+00
  8.39844E-02  1.34420E+00
  8.78906E-02  1.34327E+00
  9.17969E-02  1.34231E+00
  9.57031E-02  1.34133E+00
  9.96094E-02  1.34032E+00
  1.03516E-01  1.33928E+00
  1.07422E-01  1.33822E+00
  1.11328E-01  1.33713E+00
  1.15234E-01  1.33602E+00
  1.19141E-01  1.33488E+00
  1.23047E-01  1.33372E+00
  1.26953E-01  1.33254E+00
  1.30859E-01  1.33132E+00
  1.34766E-01  1.33009E+00
  1.38672E-01  1.32883E+00
  1.42578E-01  1.32755E+00
  1.46484E-01  1.32624E+00
  1.50391E-01  1.32491E+00
  1.54297E-01  1.32355E+00
  1.58203E-01  1.32217E+00
  1.62109E-01  1.32077E+00
  1.66016E-01  1.31935E+00
  1.69922E-01  1.31790E+00
  1.73828E-01  1.31643E+00
  1.77734E-01  1.31494E+00
  1.81641E-01  1.31342E+00
  1.85547E-01  1.31188E+00
  1.89453E-01  1.31032E+00
  1.93359E-01  1.30874E+00
  1.97266E-01  1.30713E+00
  2.01172E-01  1.30550E+00
  2.05078E-01  1.30385E+00
  2.08984E-01  1.30218E+00
  2.12891E-01  1.30049E+00
  2.16797E-01  1.29878E+00
  2.20703E-01  1.29704E+00
  2.24609E-01  1.29528E+00
  2.28516E-01  1.29350E+00
  2.32422E-01  1.29171E+00
  2.36328E-01  1.28989E+00
  2.40234E-01  1.28805E+00
  2.44141E-01  1.28618E+00
  2.48047E-01  1.28430E+00
  2.51953E-01  1.28240E+00
  2.55859E-01  1.28048E+00
  2.59766E-01  1.27854E+00
  2.63672E-01  1.27657E+00
  2.67578E-01  1.27459E+00
  2.71484E-01  1.27259E+00
  2.75391E-01  1.27057E+00
  2.79297E-01  1.26853E+00
  2.83203E-01  1.26647E+00
  2.87109E-01  1.26439E+00
  2.91016E-01  1.26229E+00
  2.94922E-01  1.26017E+00
  2.98828E-01  1.25804E+00
  3.02734E-01  1.25588E+00
  3.06641E-01  1.25371E+00
  3.10547E-01  1.25152E+00
  3.14453E-01  1.24931E+00
  3.18359E-01  1.24708E+00
  3.22266E-01  1.24484E+00
  3.26172E-01  1.24258E+00
  3.30078E-01  1.24030E+00
  3.33984E-01  1.23800E+00
  3.37891E-01  1.23568E+00
  3.41797E-01  1.23335E+00
  3.45703E-01  1.23100E+00
  3.49609E-01  1.22863E+00
  3.53516E-01  1.22624E+00
  3.57422E-01  1.22384E+00
  3.61328E-01  1.22142E+00
  3.65234E-01  1.21899E+00
  3.69141E-01  1.21653E+00
  3.73047E-01  1.21407E+00
  3.76953E-01  1.21158E+00
  3.80859E-01  1.20908E+00
  3.84766E-01  1.20656E+00
  3.88672E-01  1.20403E+00
  3.92578E-01  1.20149E+00
  3.96484E-01  1.19892E+00
  4.00391E-01  1.19634E+00
  4.04297E-01  1.19375E+00
  4.08203E-01  1.19114E+00
  4.12109E-01  1.18852E+00
  4.16016E-01  1.18588E+00
  4.19922E-01  1.18323E+00
  4.23828E-01  1.18056E+00
  4.27734E-01  1.17788E+00
  4.31641E-01  1.17519E+00
  4.35547E-01  1.17248E+00
  4.39453E-01  1.16975E+00
  4.43359E-01  1.16702E+00
  4.47266E-01  1.16427E+00
  4.51172E-01  1.16151E+00
  4.55078E-01  1.15873E+00
  4.58984E-01  1.15594E+00
  4.62891E-01  1.15314E+00
  4.66797E-01  1.15033E+00
  4.70703E-01  1.14750E+00
  4.74609E-01  1.14467E+00
  4.78516E-01  1.14182E+00
  4.82422E-01  1.13896E+00
  4.86328E-01  1.13609E+00
  4.90234E-01  1.13321E+00
  4.94141E-01  1.13032E+00
  4.98047E-01  1.12741E+00
  5.01953E-01  1.12450E+00
  5.05859E-01  1.12158E+00
  5.09766E-01  1.11864E+00
  5.13672E-01  1.11570E+00
  5.17578E-01  1.11275E+00
  5.21484E-01  1.10978E+00
  5.25391E-01  1.10681E+00
  5.29297E-01  1.10383E+00
  5.33203E-01  1.10084E+00
  5.37109E-01  1.09784E+00
  5.41016E-01  1.09483E+00
  5.44922E-01  1.09181E+00
  5.48828E-01  1.08879E+00
  5.52734E-01  1.08576E+00
  5.56641E-01  1.08272E+00
  5.60547E-01  1.07967E+00
  5.64453E-01  1.07662E+00
  5.68359E-01  1.07356E+00
  5.72266E-01  1.07049E+00
  5.76172E-01  1.06742E+00
  5.80078E-01  1.06435E+00
  5.83984E-01  1.06127E+00
  5.87891E-01  1.05818E+00
  5.91797E-01  1.05510E+00
  5.95703E-01  1.05201E+00
  5.99609E-01  1.04891E+00
  6.03516E-01  1.04581E+00
  6.07422E-01  1.04271E+00
  6.11328E-01  1.03961E+00
  6.15234E-01  1.03650E+00
  6.19141E-01  1.03339E+00
  6.23047E-01  1.03028E+00
  6.26953E-01  1.02717E+00
  6.30859E-01  1.02406E+00
  6.34766E-01  1.02095E+00
  6.38672E-01  1.01784E+00
  6.42578E-01  1.01472E+00
  6.46484E-01  1.01161E+00
  6.50391E-01  1.00850E+00
  6.54297E-01  1.00539E+00
  6.58203E-01  1.00229E+00
  6.62109E-01  9.99183E-01
  6.66016E-01  9.96082E-01
  6.69922E-01  9.92984E-01
  6.73828E-01  9.89889E-01
  6.77734E-01  9.86799E-01
  6.81641E-01  9.83713E-01
  6.85547E-01  9.80633E-01
  6.89453E-01  9.77557E-01
  6.93359E-01  9.74488E-01
  6.97266E-01  9.71425E-01
  7.01172E-01  9.68368E-01
  7.05078E-01  9.65320E-01
  7.08984E-01  9.62279E-01
  7.12891E-01  9.59247E-01
  7.16797E-01  9.56224E-01
  7.20703E-01  9.53211E-01
  7.24609E-01  9.50209E-01
  7.28516E-01  9.47217E-01
  7.32422E-01  9.44236E-01
  7.36328E-01  9.41267E-01
  7.40234E-01  9.38310E-01
  7.44141E-01  9.35367E-01
  7.48047E-01  9.32437E-01
  7.51953E-01  9.29522E-01
  7.55859E-01  9.26622E-01
  7.59766E-01  9.23737E-01
  7.63672E-01  9.20868E-01
  7.67578E-01  9.18016E-01
  7.71484E-01  9.15182E-01
  7.75391E-01  9.12366E-01
  7.79297E-01  9.09570E-01
  7.83203E-01  9.06793E-01
  7.87109E-01  9.04036E-01
  7.91016E-01  9.01302E-01
  7.94922E-01  8.98588E-01
  7.98828E-01  8.95898E-01
  8.02734E-01  8.93231E-01
  8.06641E-01  8.90587E-01
  8.10547E-01  8.87968E-01
  8.14453E-01  8.85373E-01
  8.18359E-01  8.82804E-01
  8.22266E-01  8.80261E-01
  8.26172E-01  8.77746E-01
  8.30078E-01  8.75258E-01
  8.33984E-01  8.72799E-01
  8.37891E-01  8.70370E-01
  8.41797E-01  8.67972E-01
  8.45703E-01  8.65606E-01
  8.49609E-01  8.63272E-01
  8.53516E-01  8.60972E-01
  8.57422E-01  8.58706E-01
  8.61328E-01  8.56476E-01
  8.65234E-01  8.54282E-01
  8.69141E-01  8.52124E-01
  8.73047E-01  8.50005E-01
  8.76953E-01  8.47925E-01
  8.80859E-01  8.45885E-01
  8.84766E-01  8.43886E-01
  8.88672E-01  8.41930E-01
  8.92578E-01  8.40016E-01
  8.96484E-01  8.38146E-01
  9.00391E-01  8.36321E-01
  9.04297E-01  8.34543E-01
  9.08203E-01  8.32811E-01
  9.12109E-01  8.31128E-01
  9.16016E-01  8.29494E-01
  9.19922E-01  8.27908E-01
  9.23828E-01  8.26373E-01
  9.27734E-01  8.24889E-01
  9.31641E-01  8.23457E-01
  9.35547E-01  8.22079E-01
  9.39453E-01  8.20755E-01
  9.43359E-01  8.19487E-01
  9.47266E-01  8.18276E-01
  9.51172E-01  8.17122E-01
  9.55078E-01  8.16027E-01
  9.58984E-01  8.14992E-01
  9.62891E-01  8.14018E-01
  9.66797E-01  8.13105E-01
  9.70703E-01  8.12256E-01
  9.74609E-01  8.11472E-01
  9.78516E-01  8.10752E-01
  9.82422E-01  8.10099E-01
  9.86328E-01  8.09511E-01
  9.90234E-01  8.08991E-01
  9.94141E-01  8.08540E-01
  9.98047E-01  8.08141E-01
  1.00195E+00  8.08153E-01
