 -1.95312E-03  1.39946E+00
  1.95312E-03  1.39956E+00
  5.85938E-03  1.39912E+00
  9.76562E-03  1.39872E+00
  1.36719E-02  1.39831E+00
  1.75781E-02  1.39787E+00
  2.14844E-02  1.39740E+00
  2.53906E-02  1.39691E+00
  2.92969E-02  1.39638E+00
  3.32031E-02  1.39583E+00
  3.71094E-02  1.39524E+00
  4.10156E-02  1.39463E+00
  4.49219E-02  1.39399E+00
  4.88281E-02  1.39331E+00
  5.27344E-02  1.39262E+00
  5.66406E-02  1.39189E+00
  6.05469E-02  1.39113E+00
  6.44531E-02  1.39035E+00
  6.83594E-02  1.38954E+00
  7.22656E-02  1.38870E+00
  7.61719E-02  1.38783E+00
  8.00781E-02  1.38694E+00
  8.39844E-02  1.38602E+00
  8.78906E-02  1.38507E+00
  9.17969E-02  1.38409E+00
  9.57031E-02  1.38309E+00
  9.96094E-02  1.38206E+00
  1.03516E-01  1.38101E+00
  1.07422E-01  1.37992E+00
  1.11328E-01  1.37881E+00
  1.15234E-01  1.37768E+00
  1.19141E-01  1.37652E+00
  1.23047E-01  1.37533E+00
  1.26953E-01  1.37412E+00
  1.30859E-01  1.37288E+00
  1.34766E-01  1.37162E+00
  1.38672E-01  1.37033E+00
  1.42578E-01  1.36902E+00
  1.46484E-01  1.36768E+00
  1.50391E-01  1.36631E+00
  1.54297E-01  1.36492E+00
  1.58203E-01  1.36351E+00
  1.62109E-01  1.36207E+00
  1.66016E-01  1.36061E+00
  1.69922E-01  1.35912E+00
  1.73828E-01  1.35761E+00
  1.77734E-01  1.35607E+00
  1.81641E-01  1.35451E+00
  1.85547E-01  1.35293E+00
  1.89453E-01  1.35132E+00
  1.93359E-01  1.34969E+00
  1.97266E-01  1.34803E+00
  2.01172E-01  1.34635E+00
  2.05078E-01  1.34465E+00
  2.08984E-01  1.34292E+00
  2.12891E-01  1.34117E+00
  2.16797E-01  1.33940E+00
  2.20703E-01  1.33760E+00
  2.24609E-01  1.33578E+00
  2.28516E-01  1.33394E+00
  2.32422E-01  1.33208E+00
  2.36328E-01  1.33019E+00
  2.40234E-01  1.32828E+00
  2.44141E-01  1.32634E+00
  2.48047E-01  1.32439E+00
  2.51953E-01  1.32241E+00
  2.55859E-01  1.32041E+00
  2.59766E-01  1.31839E+00
  2.63672E-01  1.31634E+00
  2.67578E-01  1.31428E+00
  2.71484E-01  1.31219E+00
  2.75391E-01  1.31008E+00
  2.79297E-01  1.30795E+00
  2.83203E-01  1.30579E+00
  2.87109E-01  1.30362E+00
  2.91016E-01  1.30142E+00
  2.94922E-01  1.29920E+00
  2.98828E-01  1.29696E+00
  3.02734E-01  1.29470E+00
  3.06641E-01  1.29242E+00
  3.10547E-01  1.29012E+00
  3.14453E-01  1.28780E+00
  3.18359E-01  1.28545E+00
  3.22266E-01  1.28309E+00
  3.26172E-01  1.28070E+00
  3.30078E-01  1.27829E+00
  3.33984E-01  1.27587E+00
  3.37891E-01  1.27342E+00
  3.41797E-01  1.27095E+00
  3.45703E-01  1.26846E+00
  3.49609E-01  1.26595E+00
  3.53516E-01  1.26342E+00
  3.57422E-01  1.26088E+00
  3.61328E-01  1.25831E+00
  3.65234E-01  1.25572E+00
  3.69141E-01  1.25311E+00
  3.73047E-01  1.25048E+00
  3.76953E-01  1.24783E+00
  3.80859E-01  1.24517E+00
  3.84766E-01  1.24248E+00
  3.88672E-01  1.23977E+00
  3.92578E-01  1.23705E+00
  3.96484E-01  1.23430E+00
  4.00391E-01  1.23154E+00
  4.04297E-01  1.22876E+00
  4.08203E-01  1.22595E+00
  4.12109E-01  1.22313E+00
  4.16016E-01  1.22030E+00
  4.19922E-01  1.21744E+00
  4.23828E-01  1.21456E+00
  4.27734E-01  1.21167E+00
  4.31641E-01  1.20876E+00
  4.35547E-01  1.20583E+00
  4.39453E-01  1.20288E+00
  4.43359E-01  1.19991E+00
  4.47266E-01  1.19692E+00
  4.51172E-01  1.19392E+00
  4.55078E-01  1.19090E+00
  4.58984E-01  1.18786E+00
  4.62891E-01  1.18481E+00
  4.66797E-01  1.18173E+00
  4.70703E-01  1.17864E+00
  4.74609E-01  1.17554E+00
  4.78516E-01  1.17241E+00
  4.82422E-01  1.16927E+00
  4.86328E-01  1.16612E+00
  4.90234E-01  1.16294E+00
  4.94141E-01  1.15975E+00
  4.98047E-01  1.15655E+00
  5.01953E-01  1.15332E+00
  5.05859E-01  1.15008E+00
  5.09766E-01  1.14683E+00
  5.13672E-01  1.14356E+00
  5.17578E-01  1.14027E+00
  5.21484E-01  1.13697E+00
  5.25391E-01  1.13365E+00
  5.29297E-01  1.13032E+00
  5.33203E-01  1.12697E+00
  5.37109E-01  1.12360E+00
  5.41016E-01  1.12023E+00
  5.44922E-01  1.11684E+00
  5.48828E-01  1.11343E+00
  5.52734E-01  1.11001E+00
  5.56641E-01  1.10658E+00
  5.60547E-01  1.10313E+00
  5.64453E-01  1.09967E+00
  5.68359E-01  1.09620E+00
  5.72266E-01  1.09271E+00
  5.76172E-01  1.08922E+00
  5.80078E-01  1.08571E+00
  5.83984E-01  1.08218E+00
  5.87891E-01  1.07865E+00
  5.91797E-01  1.07510E+00
  5.95703E-01  1.07154E+00
  5.99609E-01  1.06797E+00
  6.03516E-01  1.06439E+00
  6.07422E-01  1.06080E+00
  6.11328E-01  1.05719E+00
  6.15234E-01  1.05358E+00
  6.19141E-01  1.04996E+00
  6.23047E-01  1.04633E+00
  6.26953E-01  1.04269E+00
  6.30859E-01  1.03903E+00
  6.34766E-01  1.03537E+00
  6.38672E-01  1.03171E+00
  6.42578E-01  1.02803E+00
  6.46484E-01  1.02435E+00
  6.50391E-01  1.02065E+00
  6.54297E-01  1.01696E+00
  6.58203E-01  1.01325E+00
  6.62109E-01  1.00954E+00
  6.66016E-01  1.00582E+00
  6.69922E-01  1.00210E+00
  6.73828E-01  9.98376E-01
  6.77734E-01  9.94645E-01
  6.81641E-01  9.90912E-01
  6.85547E-01  9.87176E-01
  6.89453E-01  9.83438E-01
  6.93359E-01  9.79699E-01
  6.97266E-01  9.75958E-01
  7.01172E-01  9.72216E-01
  7.05078E-01  9.68474E-01
  7.08984E-01  9.64732E-01
  7.12891E-01  9.60993E-01
  7.16797E-01  9.57255E-01
  7.20703E-01  9.53519E-01
  7.24609E-01  9.49788E-01
  7.28516E-01  9.46060E-01
  7.32422E-01  9.42336E-01
  7.36328E-01  9.38618E-01
  7.40234E-01  9.34907E-01
  7.44141E-01  9.31202E-01
  7.48047E-01  9.27506E-01
  7.51953E-01  9.23818E-01
  7.55859E-01  9.20140E-01
  7.59766E-01  9.16473E-01
  7.63672E-01  9.12816E-01
  7.67578E-01  9.09171E-01
  7.71484E-01  9.05538E-01
  7.75391E-01  9.01919E-01
  7.79297E-01  8.98315E-01
  7.83203E-01  8.94726E-01
  7.87109E-01  8.91154E-01
  7.91016E-01  8.87600E-01
  7.94922E-01  8.84065E-01
  7.98828E-01  8.80549E-01
  8.02734E-01  8.77056E-01
  8.06641E-01  8.73585E-01
  8.10547E-01  8.70138E-01
  8.14453E-01  8.66717E-01
  8.18359E-01  8.63322E-01
  8.22266E-01  8.59954E-01
  8.26172E-01  8.56615E-01
  8.30078E-01  8.53308E-01
  8.33984E-01  8.50032E-01
  8.37891E-01  8.46790E-01
  8.41797E-01  8.43584E-01
  8.45703E-01  8.40414E-01
  8.49609E-01  8.37283E-01
  8.53516E-01  8.34191E-01
  8.57422E-01  8.31141E-01
  8.61328E-01  8.28133E-01
  8.65234E-01  8.25171E-01
  8.69141E-01  8.22256E-01
  8.73047E-01  8.19389E-01
  8.76953E-01  8.16572E-01
  8.80859E-01  8.13806E-01
  8.84766E-01  8.11092E-01
  8.88672E-01  8.08433E-01
  8.92578E-01  8.05831E-01
  8.96484E-01  8.03287E-01
  9.00391E-01  8.00802E-01
  9.04297E-01  7.98380E-01
  9.08203E-01  7.96021E-01
  9.12109E-01  7.93728E-01
  9.16016E-01  7.91503E-01
  9.19922E-01  7.89347E-01
  9.23828E-01  7.87262E-01
  9.27734E-01  7.85250E-01
  9.31641E-01  7.83314E-01
  9.35547E-01  7.81455E-01
  9.39453E-01  7.79675E-01
  9.43359E-01  7.77976E-01
  9.47266E-01  7.76359E-01
  9.51172E-01  7.74825E-01
  9.55078E-01  7.73376E-01
  9.58984E-01  7.72013E-01
  9.62891E-01  7.70739E-01
  9.66797E-01  7.69555E-01
  9.70703E-01  7.68463E-01
  9.74609E-01  7.67463E-01
  9.78516E-01  7.66558E-01
  9.82422E-01  7.65748E-01
  9.86328E-01  7.65035E-01
  9.90234E-01  7.64421E-01
  9.94141E-01  7.63907E-01
  9.98047E-01  7.63480E-01
  1.00195E+00  7.63488E-01
