 -1.95312E-03  1.38359E+00
  1.95312E-03  1.38362E+00
  5.85938E-03  1.38319E+00
  9.76562E-03  1.38279E+00
  1.36719E-02  1.38238E+00
  1.75781E-02  1.38194E+00
  2.14844E-02  1.38147E+00
  2.53906E-02  1.38097E+00
  2.92969E-02  1.38045E+00
  3.32031E-02  1.37989E+00
  3.71094E-02  1.37931E+00
  4.10156E-02  1.37870E+00
  4.49219E-02  1.37806E+00
  4.88281E-02  1.37739E+00
  5.27344E-02  1.37669E+00
  5.66406E-02  1.37597E+00
  6.05469E-02  1.37521E+00
  6.44531E-02  1.37443E+00
  6.83594E-02  1.37363E+00
  7.22656E-02  1.37279E+00
  7.61719E-02  1.37193E+00
  8.00781E-02  1.37104E+00
  8.39844E-02  1.37012E+00
  8.78906E-02  1.36917E+00
  9.17969E-02  1.36820E+00
  9.57031E-02  1.36721E+00
  9.96094E-02  1.36618E+00
  1.03516E-01  1.36513E+00
  1.07422E-01  1.36406E+00
  1.11328E-01  1.36295E+00
  1.15234E-01  1.36183E+00
  1.19141E-01  1.36067E+00
  1.23047E-01  1.35949E+00
  1.26953E-01  1.35829E+00
  1.30859E-01  1.35706E+00
  1.34766E-01  1.35580E+00
  1.38672E-01  1.35452E+00
  1.42578E-01  1.35322E+00
  1.46484E-01  1.35188E+00
  1.50391E-01  1.35053E+00
  1.54297E-01  1.34915E+00
  1.58203E-01  1.34775E+00
  1.62109E-01  1.34632E+00
  1.66016E-01  1.34487E+00
  1.69922E-01  1.34339E+00
  1.73828E-01  1.34189E+00
  1.77734E-01  1.34037E+00
  1.81641E-01  1.33882E+00
  1.85547E-01  1.33725E+00
  1.89453E-01  1.33566E+00
  1.93359E-01  1.33404E+00
  1.97266E-01  1.33240E+00
  2.01172E-01  1.33074E+00
  2.05078E-01  1.32905E+00
  2.08984E-01  1.32734E+00
  2.12891E-01  1.32561E+00
  2.16797E-01  1.32385E+00
  2.20703E-01  1.32207E+00
  2.24609E-01  1.32027E+00
  2.28516E-01  1.31845E+00
  2.32422E-01  1.31660E+00
  2.36328E-01  1.31473E+00
  2.40234E-01  1.31284E+00
  2.44141E-01  1.31093E+00
  2.48047E-01  1.30900E+00
  2.51953E-01  1.30704E+00
  2.55859E-01  1.30507E+00
  2.59766E-01  1.30307E+00
  2.63672E-01  1.30105E+00
  2.67578E-01  1.29901E+00
  2.71484E-01  1.29695E+00
  2.75391E-01  1.29487E+00
  2.79297E-01  1.29276E+00
  2.83203E-01  1.29064E+00
  2.87109E-01  1.28849E+00
  2.91016E-01  1.28633E+00
  2.94922E-01  1.28414E+00
  2.98828E-01  1.28194E+00
  3.02734E-01  1.27971E+00
  3.06641E-01  1.27746E+00
  3.10547E-01  1.27519E+00
  3.14453E-01  1.27291E+00
  3.18359E-01  1.27060E+00
  3.22266E-01  1.26827E+00
  3.26172E-01  1.26592E+00
  3.30078E-01  1.26356E+00
  3.33984E-01  1.26117E+00
  3.37891E-01  1.25876E+00
  3.41797E-01  1.25634E+00
  3.45703E-01  1.25389E+00
  3.49609E-01  1.25143E+00
  3.53516E-01  1.24895E+00
  3.57422E-01  1.24645E+00
  3.61328E-01  1.24393E+00
  3.65234E-01  1.24139E+00
  3.69141E-01  1.23883E+00
  3.73047E-01  1.23625E+00
  3.76953E-01  1.23366E+00
  3.80859E-01  1.23105E+00
  3.84766E-01  1.22842E+00
  3.88672E-01  1.22577E+00
  3.92578E-01  1.22310E+00
  3.96484E-01  1.22041E+00
  4.00391E-01  1.21771E+00
  4.04297E-01  1.21499E+00
  4.08203E-01  1.21225E+00
  4.12109E-01  1.20950E+00
  4.16016E-01  1.20673E+00
  4.19922E-01  1.20394E+00
  4.23828E-01  1.20113E+00
  4.27734E-01  1.19831E+00
  4.31641E-01  1.19547E+00
  4.35547E-01  1.19261E+00
  4.39453E-01  1.18974E+00
  4.43359E-01  1.18685E+00
  4.47266E-01  1.18395E+00
  4.51172E-01  1.18102E+00
  4.55078E-01  1.17808E+00
  4.58984E-01  1.17513E+00
  4.62891E-01  1.17216E+00
  4.66797E-01  1.16918E+00
  4.70703E-01  1.16618E+00
  4.74609E-01  1.16316E+00
  4.78516E-01  1.16013E+00
  4.82422E-01  1.15709E+00
  4.86328E-01  1.15403E+00
  4.90234E-01  1.15095E+00
  4.94141E-01  1.14787E+00
  4.98047E-01  1.14476E+00
  5.01953E-01  1.14165E+00
  5.05859E-01  1.13852E+00
  5.09766E-01  1.13537E+00
  5.13672E-01  1.13221E+00
  5.17578E-01  1.12904E+00
  5.21484E-01  1.12586E+00
  5.25391E-01  1.12266E+00
  5.29297E-01  1.11945E+00
  5.33203E-01  1.11622E+00
  5.37109E-01  1.11298E+00
  5.41016E-01  1.10974E+00
  5.44922E-01  1.10648E+00
  5.48828E-01  1.10320E+00
  5.52734E-01  1.09992E+00
  5.56641E-01  1.09663E+00
  5.60547E-01  1.09333E+00
  5.64453E-01  1.09001E+00
  5.68359E-01  1.08669E+00
  5.72266E-01  1.08336E+00
  5.76172E-01  1.08001E+00
  5.80078E-01  1.07666E+00
  5.83984E-01  1.07330E+00
  5.87891E-01  1.06993E+00
  5.91797E-01  1.06655E+00
  5.95703E-01  1.06316E+00
  5.99609E-01  1.05977E+00
  6.03516E-01  1.05637E+00
  6.07422E-01  1.05296E+00
  6.11328E-01  1.04954E+00
  6.15234E-01  1.04612E+00
  6.19141E-01  1.04269E+00
  6.23047E-01  1.03926E+00
  6.26953E-01  1.03581E+00
  6.30859E-01  1.03237E+00
  6.34766E-01  1.02892E+00
  6.38672E-01  1.02546E+00
  6.42578E-01  1.02200E+00
  6.46484E-01  1.01854E+00
  6.50391E-01  1.01507E+00
  6.54297E-01  1.01160E+00
  6.58203E-01  1.00812E+00
  6.62109E-01  1.00465E+00
  6.66016E-01  1.00117E+00
  6.69922E-01  9.97691E-01
  6.73828E-01  9.94211E-01
  6.77734E-01  9.90731E-01
  6.81641E-01  9.87250E-01
  6.85547E-01  9.83770E-01
  6.89453E-01  9.80292E-01
  6.93359E-01  9.76816E-01
  6.97266E-01  9.73341E-01
  7.01172E-01  9.69870E-01
  7.05078E-01  9.66403E-01
  7.08984E-01  9.62940E-01
  7.12891E-01  9.59482E-01
  7.16797E-01  9.56029E-01
  7.20703E-01  9.52581E-01
  7.24609E-01  9.49141E-01
  7.28516E-01  9.45707E-01
  7.32422E-01  9.42282E-01
  7.36328E-01  9.38866E-01
  7.40234E-01  9.35459E-01
  7.44141E-01  9.32062E-01
  7.48047E-01  9.28676E-01
  7.51953E-01  9.25301E-01
  7.55859E-01  9.21939E-01
  7.59766E-01  9.18590E-01
  7.63672E-01  9.15255E-01
  7.67578E-01  9.11935E-01
  7.71484E-01  9.08631E-01
  7.75391E-01  9.05343E-01
  7.79297E-01  9.02073E-01
  7.83203E-01  8.98821E-01
  7.87109E-01  8.95589E-01
  7.91016E-01  8.92377E-01
  7.94922E-01  8.89188E-01
  7.98828E-01  8.86020E-01
  8.02734E-01  8.82876E-01
  8.06641E-01  8.79757E-01
  8.10547E-01  8.76663E-01
  8.14453E-01  8.73595E-01
  8.18359E-01  8.70556E-01
  8.22266E-01  8.67545E-01
  8.26172E-01  8.64564E-01
  8.30078E-01  8.61614E-01
  8.33984E-01  8.58697E-01
  8.37891E-01  8.55813E-01
  8.41797E-01  8.52964E-01
  8.45703E-01  8.50152E-01
  8.49609E-01  8.47376E-01
  8.53516E-01  8.44639E-01
  8.57422E-01  8.41941E-01
  8.61328E-01  8.39283E-01
  8.65234E-01  8.36666E-01
  8.69141E-01  8.34092E-01
  8.73047E-01  8.31562E-01
  8.76953E-01  8.29077E-01
  8.80859E-01  8.26639E-01
  8.84766E-01  8.24250E-01
  8.88672E-01  8.21910E-01
  8.92578E-01  8.19621E-01
  8.96484E-01  8.17385E-01
  9.00391E-01  8.15202E-01
  9.04297E-01  8.13075E-01
  9.08203E-01  8.11005E-01
  9.12109E-01  8.08993E-01
  9.16016E-01  8.07041E-01
  9.19922E-01  8.05150E-01
  9.23828E-01  8.03322E-01
  9.27734E-01  8.01558E-01
  9.31641E-01  7.99859E-01
  9.35547E-01  7.98227E-01
  9.39453E-01  7.96661E-01
  9.43359E-01  7.95164E-01
  9.47266E-01  7.93737E-01
  9.51172E-01  7.92381E-01
  9.55078E-01  7.91098E-01
  9.58984E-01  7.89890E-01
  9.62891E-01  7.88756E-01
  9.66797E-01  7.87700E-01
  9.70703E-01  7.86722E-01
  9.74609E-01  7.85822E-01
  9.78516E-01  7.85004E-01
  9.82422E-01  7.84268E-01
  9.86328E-01  7.83614E-01
  9.90234E-01  7.83045E-01
  9.94141E-01  7.82560E-01
  9.98047E-01  7.82147E-01
  1.00195E+00  7.82150E-01
