 -1.95312E-03  1.40029E+00
  1.95312E-03  1.40039E+00
  5.85938E-03  1.39995E+00
  9.76562E-03  1.39955E+00
  1.36719E-02  1.39914E+00
  1.75781E-02  1.39870E+00
  2.14844E-02  1.39823E+00
  2.53906E-02  1.39774E+00
  2.92969E-02  1.39721E+00
  3.32031E-02  1.39666E+00
  3.71094E-02  1.39607E+00
  4.10156E-02  1.39546E+00
  4.49219E-02  1.39482E+00
  4.88281E-02  1.39415E+00
  5.27344E-02  1.39345E+00
  5.66406E-02  1.39272E+00
  6.05469E-02  1.39197E+00
  6.44531E-02  1.39118E+00
  6.83594E-02  1.39037E+00
  7.22656E-02  1.38953E+00
  7.61719E-02  1.38866E+00
  8.00781E-02  1.38777E+00
  8.39844E-02  1.38685E+00
  8.78906E-02  1.38590E+00
  9.17969E-02  1.38492E+00
  9.57031E-02  1.38392E+00
  9.96094E-02  1.38289E+00
  1.03516E-01  1.38184E+00
  1.07422E-01  1.38075E+00
  1.11328E-01  1.37964E+00
  1.15234E-01  1.37851E+00
  1.19141E-01  1.37735E+00
  1.23047E-01  1.37616E+00
  1.26953E-01  1.37495E+00
  1.30859E-01  1.37371E+00
  1.34766E-01  1.37245E+00
  1.38672E-01  1.37116E+00
  1.42578E-01  1.36985E+00
  1.46484E-01  1.36851E+00
  1.50391E-01  1.36714E+00
  1.54297E-01  1.36575E+00
  1.58203E-01  1.36434E+00
  1.62109E-01  1.36290E+00
  1.66016E-01  1.36143E+00
  1.69922E-01  1.35994E+00
  1.73828E-01  1.35843E+00
  1.77734E-01  1.35689E+00
  1.81641E-01  1.35533E+00
  1.85547E-01  1.35375E+00
  1.89453E-01  1.35214E+00
  1.93359E-01  1.35051E+00
  1.97266E-01  1.34885E+00
  2.01172E-01  1.34717E+00
  2.05078E-01  1.34547E+00
  2.08984E-01  1.34374E+00
  2.12891E-01  1.34199E+00
  2.16797E-01  1.34021E+00
  2.20703E-01  1.33842E+00
  2.24609E-01  1.33660E+00
  2.28516E-01  1.33475E+00
  2.32422E-01  1.33289E+00
  2.36328E-01  1.33100E+00
  2.40234E-01  1.32908E+00
  2.44141E-01  1.32715E+00
  2.48047E-01  1.32519E+00
  2.51953E-01  1.32321E+00
  2.55859E-01  1.32121E+00
  2.59766E-01  1.31919E+00
  2.63672E-01  1.31714E+00
  2.67578E-01  1.31508E+00
  2.71484E-01  1.31299E+00
  2.75391E-01  1.31088E+00
  2.79297E-01  1.30874E+00
  2.83203E-01  1.30659E+00
  2.87109E-01  1.30441E+00
  2.91016E-01  1.30221E+00
  2.94922E-01  1.29999E+00
  2.98828E-01  1.29775E+00
  3.02734E-01  1.29549E+00
  3.06641E-01  1.29321E+00
  3.10547E-01  1.29090E+00
  3.14453E-01  1.28858E+00
  3.18359E-01  1.28623E+00
  3.22266E-01  1.28386E+00
  3.26172E-01  1.28148E+00
  3.30078E-01  1.27907E+00
  3.33984E-01  1.27664E+00
  3.37891E-01  1.27419E+00
  3.41797E-01  1.27172E+00
  3.45703E-01  1.26922E+00
  3.49609E-01  1.26671E+00
  3.53516E-01  1.26418E+00
  3.57422E-01  1.26163E+00
  3.61328E-01  1.25906E+00
  3.65234E-01  1.25647E+00
  3.69141E-01  1.25386E+00
  3.73047E-01  1.25123E+00
  3.76953E-01  1.24858E+00
  3.80859E-01  1.24591E+00
  3.84766E-01  1.24322E+00
  3.88672E-01  1.24051E+00
  3.92578E-01  1.23778E+00
  3.96484E-01  1.23503E+00
  4.00391E-01  1.23227E+00
  4.04297E-01  1.22948E+00
  4.08203E-01  1.22667E+00
  4.12109E-01  1.22385E+00
  4.16016E-01  1.22101E+00
  4.19922E-01  1.21815E+00
  4.23828E-01  1.21527E+00
  4.27734E-01  1.21237E+00
  4.31641E-01  1.20945E+00
  4.35547E-01  1.20652E+00
  4.39453E-01  1.20357E+00
  4.43359E-01  1.20059E+00
  4.47266E-01  1.19760E+00
  4.51172E-01  1.19460E+00
  4.55078E-01  1.19157E+00
  4.58984E-01  1.18853E+00
  4.62891E-01  1.18547E+00
  4.66797E-01  1.18239E+00
  4.70703E-01  1.17930E+00
  4.74609E-01  1.17619E+00
  4.78516E-01  1.17306E+00
  4.82422E-01  1.16991E+00
  4.86328E-01  1.16675E+00
  4.90234E-01  1.16357E+00
  4.94141E-01  1.16038E+00
  4.98047E-01  1.15717E+00
  5.01953E-01  1.15394E+00
  5.05859E-01  1.15069E+00
  5.09766E-01  1.14743E+00
  5.13672E-01  1.14415E+00
  5.17578E-01  1.14086E+00
  5.21484E-01  1.13755E+00
  5.25391E-01  1.13423E+00
  5.29297E-01  1.13089E+00
  5.33203E-01  1.12753E+00
  5.37109E-01  1.12416E+00
  5.41016E-01  1.12078E+00
  5.44922E-01  1.11738E+00
  5.48828E-01  1.11397E+00
  5.52734E-01  1.11054E+00
  5.56641E-01  1.10710E+00
  5.60547E-01  1.10365E+00
  5.64453E-01  1.10018E+00
  5.68359E-01  1.09670E+00
  5.72266E-01  1.09321E+00
  5.76172E-01  1.08970E+00
  5.80078E-01  1.08618E+00
  5.83984E-01  1.08265E+00
  5.87891E-01  1.07911E+00
  5.91797E-01  1.07555E+00
  5.95703E-01  1.07199E+00
  5.99609E-01  1.06841E+00
  6.03516E-01  1.06482E+00
  6.07422E-01  1.06122E+00
  6.11328E-01  1.05760E+00
  6.15234E-01  1.05398E+00
  6.19141E-01  1.05035E+00
  6.23047E-01  1.04671E+00
  6.26953E-01  1.04305E+00
  6.30859E-01  1.03939E+00
  6.34766E-01  1.03572E+00
  6.38672E-01  1.03204E+00
  6.42578E-01  1.02836E+00
  6.46484E-01  1.02466E+00
  6.50391E-01  1.02096E+00
  6.54297E-01  1.01725E+00
  6.58203E-01  1.01353E+00
  6.62109E-01  1.00981E+00
  6.66016E-01  1.00608E+00
  6.69922E-01  1.00235E+00
  6.73828E-01  9.98606E-01
  6.77734E-01  9.94862E-01
  6.81641E-01  9.91115E-01
  6.85547E-01  9.87365E-01
  6.89453E-01  9.83614E-01
  6.93359E-01  9.79860E-01
  6.97266E-01  9.76104E-01
  7.01172E-01  9.72347E-01
  7.05078E-01  9.68590E-01
  7.08984E-01  9.64833E-01
  7.12891E-01  9.61076E-01
  7.16797E-01  9.57321E-01
  7.20703E-01  9.53568E-01
  7.24609E-01  9.49817E-01
  7.28516E-01  9.46070E-01
  7.32422E-01  9.42326E-01
  7.36328E-01  9.38587E-01
  7.40234E-01  9.34854E-01
  7.44141E-01  9.31127E-01
  7.48047E-01  9.27407E-01
  7.51953E-01  9.23696E-01
  7.55859E-01  9.19993E-01
  7.59766E-01  9.16300E-01
  7.63672E-01  9.12618E-01
  7.67578E-01  9.08947E-01
  7.71484E-01  9.05289E-01
  7.75391E-01  9.01643E-01
  7.79297E-01  8.98011E-01
  7.83203E-01  8.94394E-01
  7.87109E-01  8.90793E-01
  7.91016E-01  8.87209E-01
  7.94922E-01  8.83643E-01
  7.98828E-01  8.80097E-01
  8.02734E-01  8.76571E-01
  8.06641E-01  8.73068E-01
  8.10547E-01  8.69588E-01
  8.14453E-01  8.66132E-01
  8.18359E-01  8.62702E-01
  8.22266E-01  8.59299E-01
  8.26172E-01  8.55926E-01
  8.30078E-01  8.52583E-01
  8.33984E-01  8.49271E-01
  8.37891E-01  8.45993E-01
  8.41797E-01  8.42749E-01
  8.45703E-01  8.39542E-01
  8.49609E-01  8.36375E-01
  8.53516E-01  8.33246E-01
  8.57422E-01  8.30159E-01
  8.61328E-01  8.27114E-01
  8.65234E-01  8.24115E-01
  8.69141E-01  8.21162E-01
  8.73047E-01  8.18259E-01
  8.76953E-01  8.15408E-01
  8.80859E-01  8.12606E-01
  8.84766E-01  8.09857E-01
  8.88672E-01  8.07164E-01
  8.92578E-01  8.04527E-01
  8.96484E-01  8.01949E-01
  9.00391E-01  7.99431E-01
  9.04297E-01  7.96976E-01
  9.08203E-01  7.94586E-01
  9.12109E-01  7.92262E-01
  9.16016E-01  7.90006E-01
  9.19922E-01  7.87822E-01
  9.23828E-01  7.85710E-01
  9.27734E-01  7.83672E-01
  9.31641E-01  7.81710E-01
  9.35547E-01  7.79826E-01
  9.39453E-01  7.78022E-01
  9.43359E-01  7.76299E-01
  9.47266E-01  7.74659E-01
  9.51172E-01  7.73105E-01
  9.55078E-01  7.71637E-01
  9.58984E-01  7.70256E-01
  9.62891E-01  7.68965E-01
  9.66797E-01  7.67766E-01
  9.70703E-01  7.66660E-01
  9.74609E-01  7.65648E-01
  9.78516E-01  7.64734E-01
  9.82422E-01  7.63917E-01
  9.86328E-01  7.63198E-01
  9.90234E-01  7.62581E-01
  9.94141E-01  7.62065E-01
  9.98047E-01  7.61637E-01
  1.00195E+00  7.61645E-01
