 -1.95312E-03  1.40098E+00
  1.95312E-03  1.40102E+00
  5.85938E-03  1.40058E+00
  9.76562E-03  1.40018E+00
  1.36719E-02  1.39977E+00
  1.75781E-02  1.39933E+00
  2.14844E-02  1.39886E+00
  2.53906E-02  1.39836E+00
  2.92969E-02  1.39784E+00
  3.32031E-02  1.39728E+00
  3.71094E-02  1.39670E+00
  4.10156E-02  1.39609E+00
  4.49219E-02  1.39544E+00
  4.88281E-02  1.39477E+00
  5.27344E-02  1.39407E+00
  5.66406E-02  1.39334E+00
  6.05469E-02  1.39259E+00
  6.44531E-02  1.39181E+00
  6.83594E-02  1.39099E+00
  7.22656E-02  1.39015E+00
  7.61719E-02  1.38929E+00
  8.00781E-02  1.38839E+00
  8.39844E-02  1.38747E+00
  8.78906E-02  1.38652E+00
  9.17969E-02  1.38554E+00
  9.57031E-02  1.38454E+00
  9.96094E-02  1.38351E+00
  1.03516E-01  1.38245E+00
  1.07422E-01  1.38137E+00
  1.11328E-01  1.38026E+00
  1.15234E-01  1.37913E+00
  1.19141E-01  1.37796E+00
  1.23047E-01  1.37678E+00
  1.26953E-01  1.37556E+00
  1.30859E-01  1.37433E+00
  1.34766E-01  1.37306E+00
  1.38672E-01  1.37177E+00
  1.42578E-01  1.37046E+00
  1.46484E-01  1.36912E+00
  1.50391E-01  1.36775E+00
  1.54297E-01  1.36636E+00
  1.58203E-01  1.36495E+00
  1.62109E-01  1.36351E+00
  1.66016E-01  1.36204E+00
  1.69922E-01  1.36056E+00
  1.73828E-01  1.35904E+00
  1.77734E-01  1.35750E+00
  1.81641E-01  1.35594E+00
  1.85547E-01  1.35436E+00
  1.89453E-01  1.35275E+00
  1.93359E-01  1.35111E+00
  1.97266E-01  1.34946E+00
  2.01172E-01  1.34777E+00
  2.05078E-01  1.34607E+00
  2.08984E-01  1.34434E+00
  2.12891E-01  1.34259E+00
  2.16797E-01  1.34082E+00
  2.20703E-01  1.33902E+00
  2.24609E-01  1.33720E+00
  2.28516E-01  1.33535E+00
  2.32422E-01  1.33349E+00
  2.36328E-01  1.33160E+00
  2.40234E-01  1.32968E+00
  2.44141E-01  1.32775E+00
  2.48047E-01  1.32579E+00
  2.51953E-01  1.32381E+00
  2.55859E-01  1.32181E+00
  2.59766E-01  1.31978E+00
  2.63672E-01  1.31774E+00
  2.67578E-01  1.31567E+00
  2.71484E-01  1.31358E+00
  2.75391E-01  1.31147E+00
  2.79297E-01  1.30933E+00
  2.83203E-01  1.30718E+00
  2.87109E-01  1.30500E+00
  2.91016E-01  1.30280E+00
  2.94922E-01  1.30058E+00
  2.98828E-01  1.29833E+00
  3.02734E-01  1.29607E+00
  3.06641E-01  1.29379E+00
  3.10547E-01  1.29148E+00
  3.14453E-01  1.28916E+00
  3.18359E-01  1.28681E+00
  3.22266E-01  1.28444E+00
  3.26172E-01  1.28205E+00
  3.30078E-01  1.27964E+00
  3.33984E-01  1.27721E+00
  3.37891E-01  1.27476E+00
  3.41797E-01  1.27229E+00
  3.45703E-01  1.26979E+00
  3.49609E-01  1.26728E+00
  3.53516E-01  1.26475E+00
  3.57422E-01  1.26219E+00
  3.61328E-01  1.25962E+00
  3.65234E-01  1.25703E+00
  3.69141E-01  1.25441E+00
  3.73047E-01  1.25178E+00
  3.76953E-01  1.24913E+00
  3.80859E-01  1.24646E+00
  3.84766E-01  1.24377E+00
  3.88672E-01  1.24105E+00
  3.92578E-01  1.23832E+00
  3.96484E-01  1.23557E+00
  4.00391E-01  1.23280E+00
  4.04297E-01  1.23001E+00
  4.08203E-01  1.22721E+00
  4.12109E-01  1.22438E+00
  4.16016E-01  1.22154E+00
  4.19922E-01  1.21867E+00
  4.23828E-01  1.21579E+00
  4.27734E-01  1.21289E+00
  4.31641E-01  1.20997E+00
  4.35547E-01  1.20703E+00
  4.39453E-01  1.20407E+00
  4.43359E-01  1.20110E+00
  4.47266E-01  1.19810E+00
  4.51172E-01  1.19509E+00
  4.55078E-01  1.19206E+00
  4.58984E-01  1.18902E+00
  4.62891E-01  1.18595E+00
  4.66797E-01  1.18287E+00
  4.70703E-01  1.17977E+00
  4.74609E-01  1.17666E+00
  4.78516E-01  1.17353E+00
  4.82422E-01  1.17038E+00
  4.86328E-01  1.16721E+00
  4.90234E-01  1.16403E+00
  4.94141E-01  1.16083E+00
  4.98047E-01  1.15761E+00
  5.01953E-01  1.15438E+00
  5.05859E-01  1.15113E+00
  5.09766E-01  1.14786E+00
  5.13672E-01  1.14458E+00
  5.17578E-01  1.14128E+00
  5.21484E-01  1.13796E+00
  5.25391E-01  1.13463E+00
  5.29297E-01  1.13129E+00
  5.33203E-01  1.12793E+00
  5.37109E-01  1.12455E+00
  5.41016E-01  1.12116E+00
  5.44922E-01  1.11776E+00
  5.48828E-01  1.11434E+00
  5.52734E-01  1.11091E+00
  5.56641E-01  1.10746E+00
  5.60547E-01  1.10400E+00
  5.64453E-01  1.10053E+00
  5.68359E-01  1.09705E+00
  5.72266E-01  1.09355E+00
  5.76172E-01  1.09003E+00
  5.80078E-01  1.08651E+00
  5.83984E-01  1.08297E+00
  5.87891E-01  1.07942E+00
  5.91797E-01  1.07585E+00
  5.95703E-01  1.07228E+00
  5.99609E-01  1.06869E+00
  6.03516E-01  1.06509E+00
  6.07422E-01  1.06148E+00
  6.11328E-01  1.05786E+00
  6.15234E-01  1.05423E+00
  6.19141E-01  1.05059E+00
  6.23047E-01  1.04694E+00
  6.26953E-01  1.04327E+00
  6.30859E-01  1.03960E+00
  6.34766E-01  1.03592E+00
  6.38672E-01  1.03223E+00
  6.42578E-01  1.02853E+00
  6.46484E-01  1.02483E+00
  6.50391E-01  1.02111E+00
  6.54297E-01  1.01739E+00
  6.58203E-01  1.01366E+00
  6.62109E-01  1.00992E+00
  6.66016E-01  1.00618E+00
  6.69922E-01  1.00243E+00
  6.73828E-01  9.98676E-01
  6.77734E-01  9.94918E-01
  6.81641E-01  9.91155E-01
  6.85547E-01  9.87390E-01
  6.89453E-01  9.83621E-01
  6.93359E-01  9.79851E-01
  6.97266E-01  9.76079E-01
  7.01172E-01  9.72305E-01
  7.05078E-01  9.68531E-01
  7.08984E-01  9.64756E-01
  7.12891E-01  9.60982E-01
  7.16797E-01  9.57209E-01
  7.20703E-01  9.53438E-01
  7.24609E-01  9.49670E-01
  7.28516E-01  9.45905E-01
  7.32422E-01  9.42143E-01
  7.36328E-01  9.38386E-01
  7.40234E-01  9.34635E-01
  7.44141E-01  9.30891E-01
  7.48047E-01  9.27153E-01
  7.51953E-01  9.23422E-01
  7.55859E-01  9.19701E-01
  7.59766E-01  9.15990E-01
  7.63672E-01  9.12289E-01
  7.67578E-01  9.08600E-01
  7.71484E-01  9.04924E-01
  7.75391E-01  9.01260E-01
  7.79297E-01  8.97611E-01
  7.83203E-01  8.93976E-01
  7.87109E-01  8.90358E-01
  7.91016E-01  8.86756E-01
  7.94922E-01  8.83172E-01
  7.98828E-01  8.79609E-01
  8.02734E-01  8.76066E-01
  8.06641E-01  8.72545E-01
  8.10547E-01  8.69047E-01
  8.14453E-01  8.65573E-01
  8.18359E-01  8.62125E-01
  8.22266E-01  8.58705E-01
  8.26172E-01  8.55314E-01
  8.30078E-01  8.51953E-01
  8.33984E-01  8.48623E-01
  8.37891E-01  8.45327E-01
  8.41797E-01  8.42066E-01
  8.45703E-01  8.38842E-01
  8.49609E-01  8.35656E-01
  8.53516E-01  8.32509E-01
  8.57422E-01  8.29404E-01
  8.61328E-01  8.26343E-01
  8.65234E-01  8.23326E-01
  8.69141E-01  8.20357E-01
  8.73047E-01  8.17436E-01
  8.76953E-01  8.14566E-01
  8.80859E-01  8.11746E-01
  8.84766E-01  8.08980E-01
  8.88672E-01  8.06268E-01
  8.92578E-01  8.03613E-01
  8.96484E-01  8.01019E-01
  9.00391E-01  7.98484E-01
  9.04297E-01  7.96013E-01
  9.08203E-01  7.93607E-01
  9.12109E-01  7.91267E-01
  9.16016E-01  7.88996E-01
  9.19922E-01  7.86797E-01
  9.23828E-01  7.84671E-01
  9.27734E-01  7.82620E-01
  9.31641E-01  7.80646E-01
  9.35547E-01  7.78751E-01
  9.39453E-01  7.76936E-01
  9.43359E-01  7.75205E-01
  9.47266E-01  7.73556E-01
  9.51172E-01  7.71994E-01
  9.55078E-01  7.70518E-01
  9.58984E-01  7.69131E-01
  9.62891E-01  7.67834E-01
  9.66797E-01  7.66630E-01
  9.70703E-01  7.65518E-01
  9.74609E-01  7.64503E-01
  9.78516E-01  7.63585E-01
  9.82422E-01  7.62766E-01
  9.86328E-01  7.62046E-01
  9.90234E-01  7.61425E-01
  9.94141E-01  7.60908E-01
  9.98047E-01  7.60480E-01
  1.00195E+00  7.60483E-01
