 -1.95312E-03  1.40107E+00
  1.95312E-03  1.40111E+00
  5.85938E-03  1.40067E+00
  9.76562E-03  1.40027E+00
  1.36719E-02  1.39986E+00
  1.75781E-02  1.39942E+00
  2.14844E-02  1.39895E+00
  2.53906E-02  1.39845E+00
  2.92969E-02  1.39793E+00
  3.32031E-02  1.39737E+00
  3.71094E-02  1.39679E+00
  4.10156E-02  1.39618E+00
  4.49219E-02  1.39553E+00
  4.88281E-02  1.39486E+00
  5.27344E-02  1.39416E+00
  5.66406E-02  1.39343E+00
  6.05469E-02  1.39268E+00
  6.44531E-02  1.39190E+00
  6.83594E-02  1.39108E+00
  7.22656E-02  1.39024E+00
  7.61719E-02  1.38938E+00
  8.00781E-02  1.38848E+00
  8.39844E-02  1.38756E+00
  8.78906E-02  1.38661E+00
  9.17969E-02  1.38563E+00
  9.57031E-02  1.38463E+00
  9.96094E-02  1.38360E+00
  1.03516E-01  1.38255E+00
  1.07422E-01  1.38146E+00
  1.11328E-01  1.38035E+00
  1.15234E-01  1.37922E+00
  1.19141E-01  1.37806E+00
  1.23047E-01  1.37687E+00
  1.26953E-01  1.37566E+00
  1.30859E-01  1.37442E+00
  1.34766E-01  1.37316E+00
  1.38672E-01  1.37187E+00
  1.42578E-01  1.37055E+00
  1.46484E-01  1.36921E+00
  1.50391E-01  1.36785E+00
  1.54297E-01  1.36646E+00
  1.58203E-01  1.36504E+00
  1.62109E-01  1.36360E+00
  1.66016E-01  1.36214E+00
  1.69922E-01  1.36065E+00
  1.73828E-01  1.35914E+00
  1.77734E-01  1.35760E+00
  1.81641E-01  1.35604E+00
  1.85547E-01  1.35445E+00
  1.89453E-01  1.35284E+00
  1.93359E-01  1.35121E+00
  1.97266E-01  1.34955E+00
  2.01172E-01  1.34787E+00
  2.05078E-01  1.34616E+00
  2.08984E-01  1.34444E+00
  2.12891E-01  1.34269E+00
  2.16797E-01  1.34091E+00
  2.20703E-01  1.33911E+00
  2.24609E-01  1.33729E+00
  2.28516E-01  1.33545E+00
  2.32422E-01  1.33358E+00
  2.36328E-01  1.33169E+00
  2.40234E-01  1.32978E+00
  2.44141E-01  1.32784E+00
  2.48047E-01  1.32588E+00
  2.51953E-01  1.32390E+00
  2.55859E-01  1.32190E+00
  2.59766E-01  1.31987E+00
  2.63672E-01  1.31783E+00
  2.67578E-01  1.31576E+00
  2.71484E-01  1.31367E+00
  2.75391E-01  1.31156E+00
  2.79297E-01  1.30942E+00
  2.83203E-01  1.30726E+00
  2.87109E-01  1.30509E+00
  2.91016E-01  1.30289E+00
  2.94922E-01  1.30067E+00
  2.98828E-01  1.29842E+00
  3.02734E-01  1.29616E+00
  3.06641E-01  1.29388E+00
  3.10547E-01  1.29157E+00
  3.14453E-01  1.28924E+00
  3.18359E-01  1.28689E+00
  3.22266E-01  1.28453E+00
  3.26172E-01  1.28214E+00
  3.30078E-01  1.27973E+00
  3.33984E-01  1.27729E+00
  3.37891E-01  1.27484E+00
  3.41797E-01  1.27237E+00
  3.45703E-01  1.26988E+00
  3.49609E-01  1.26736E+00
  3.53516E-01  1.26483E+00
  3.57422E-01  1.26228E+00
  3.61328E-01  1.25970E+00
  3.65234E-01  1.25711E+00
  3.69141E-01  1.25450E+00
  3.73047E-01  1.25186E+00
  3.76953E-01  1.24921E+00
  3.80859E-01  1.24654E+00
  3.84766E-01  1.24385E+00
  3.88672E-01  1.24113E+00
  3.92578E-01  1.23840E+00
  3.96484E-01  1.23565E+00
  4.00391E-01  1.23288E+00
  4.04297E-01  1.23009E+00
  4.08203E-01  1.22728E+00
  4.12109E-01  1.22446E+00
  4.16016E-01  1.22161E+00
  4.19922E-01  1.21875E+00
  4.23828E-01  1.21587E+00
  4.27734E-01  1.21296E+00
  4.31641E-01  1.21004E+00
  4.35547E-01  1.20711E+00
  4.39453E-01  1.20415E+00
  4.43359E-01  1.20117E+00
  4.47266E-01  1.19818E+00
  4.51172E-01  1.19517E+00
  4.55078E-01  1.19214E+00
  4.58984E-01  1.18909E+00
  4.62891E-01  1.18602E+00
  4.66797E-01  1.18294E+00
  4.70703E-01  1.17984E+00
  4.74609E-01  1.17673E+00
  4.78516E-01  1.17360E+00
  4.82422E-01  1.17044E+00
  4.86328E-01  1.16728E+00
  4.90234E-01  1.16409E+00
  4.94141E-01  1.16089E+00
  4.98047E-01  1.15767E+00
  5.01953E-01  1.15444E+00
  5.05859E-01  1.15119E+00
  5.09766E-01  1.14792E+00
  5.13672E-01  1.14464E+00
  5.17578E-01  1.14134E+00
  5.21484E-01  1.13802E+00
  5.25391E-01  1.13469E+00
  5.29297E-01  1.13135E+00
  5.33203E-01  1.12798E+00
  5.37109E-01  1.12461E+00
  5.41016E-01  1.12122E+00
  5.44922E-01  1.11782E+00
  5.48828E-01  1.11440E+00
  5.52734E-01  1.11096E+00
  5.56641E-01  1.10752E+00
  5.60547E-01  1.10406E+00
  5.64453E-01  1.10058E+00
  5.68359E-01  1.09710E+00
  5.72266E-01  1.09360E+00
  5.76172E-01  1.09008E+00
  5.80078E-01  1.08655E+00
  5.83984E-01  1.08301E+00
  5.87891E-01  1.07946E+00
  5.91797E-01  1.07590E+00
  5.95703E-01  1.07232E+00
  5.99609E-01  1.06873E+00
  6.03516E-01  1.06513E+00
  6.07422E-01  1.06152E+00
  6.11328E-01  1.05790E+00
  6.15234E-01  1.05427E+00
  6.19141E-01  1.05062E+00
  6.23047E-01  1.04697E+00
  6.26953E-01  1.04331E+00
  6.30859E-01  1.03963E+00
  6.34766E-01  1.03595E+00
  6.38672E-01  1.03226E+00
  6.42578E-01  1.02856E+00
  6.46484E-01  1.02485E+00
  6.50391E-01  1.02113E+00
  6.54297E-01  1.01741E+00
  6.58203E-01  1.01368E+00
  6.62109E-01  1.00994E+00
  6.66016E-01  1.00619E+00
  6.69922E-01  1.00244E+00
  6.73828E-01  9.98686E-01
  6.77734E-01  9.94925E-01
  6.81641E-01  9.91161E-01
  6.85547E-01  9.87393E-01
  6.89453E-01  9.83623E-01
  6.93359E-01  9.79850E-01
  6.97266E-01  9.76075E-01
  7.01172E-01  9.72300E-01
  7.05078E-01  9.68523E-01
  7.08984E-01  9.64746E-01
  7.12891E-01  9.60970E-01
  7.16797E-01  9.57194E-01
  7.20703E-01  9.53421E-01
  7.24609E-01  9.49651E-01
  7.28516E-01  9.45883E-01
  7.32422E-01  9.42119E-01
  7.36328E-01  9.38360E-01
  7.40234E-01  9.34606E-01
  7.44141E-01  9.30859E-01
  7.48047E-01  9.27119E-01
  7.51953E-01  9.23386E-01
  7.55859E-01  9.19663E-01
  7.59766E-01  9.15949E-01
  7.63672E-01  9.12246E-01
  7.67578E-01  9.08555E-01
  7.71484E-01  9.04876E-01
  7.75391E-01  9.01210E-01
  7.79297E-01  8.97559E-01
  7.83203E-01  8.93921E-01
  7.87109E-01  8.90300E-01
  7.91016E-01  8.86696E-01
  7.94922E-01  8.83109E-01
  7.98828E-01  8.79543E-01
  8.02734E-01  8.75997E-01
  8.06641E-01  8.72473E-01
  8.10547E-01  8.68973E-01
  8.14453E-01  8.65497E-01
  8.18359E-01  8.62048E-01
  8.22266E-01  8.58626E-01
  8.26172E-01  8.55232E-01
  8.30078E-01  8.51869E-01
  8.33984E-01  8.48538E-01
  8.37891E-01  8.45239E-01
  8.41797E-01  8.41976E-01
  8.45703E-01  8.38749E-01
  8.49609E-01  8.35560E-01
  8.53516E-01  8.32411E-01
  8.57422E-01  8.29304E-01
  8.61328E-01  8.26240E-01
  8.65234E-01  8.23222E-01
  8.69141E-01  8.20250E-01
  8.73047E-01  8.17327E-01
  8.76953E-01  8.14455E-01
  8.80859E-01  8.11633E-01
  8.84766E-01  8.08865E-01
  8.88672E-01  8.06151E-01
  8.92578E-01  8.03494E-01
  8.96484E-01  8.00897E-01
  9.00391E-01  7.98360E-01
  9.04297E-01  7.95887E-01
  9.08203E-01  7.93479E-01
  9.12109E-01  7.91138E-01
  9.16016E-01  7.88866E-01
  9.19922E-01  7.86664E-01
  9.23828E-01  7.84537E-01
  9.27734E-01  7.82484E-01
  9.31641E-01  7.80507E-01
  9.35547E-01  7.78609E-01
  9.39453E-01  7.76793E-01
  9.43359E-01  7.75060E-01
  9.47266E-01  7.73410E-01
  9.51172E-01  7.71847E-01
  9.55078E-01  7.70369E-01
  9.58984E-01  7.68981E-01
  9.62891E-01  7.67682E-01
  9.66797E-01  7.66477E-01
  9.70703E-01  7.65365E-01
  9.74609E-01  7.64350E-01
  9.78516E-01  7.63431E-01
  9.82422E-01  7.62610E-01
  9.86328E-01  7.61890E-01
  9.90234E-01  7.61271E-01
  9.94141E-01  7.60755E-01
  9.98047E-01  7.60328E-01
  1.00195E+00  7.60331E-01
