 -1.95312E-03  1.40104E+00
  1.95312E-03  1.40107E+00
  5.85938E-03  1.40063E+00
  9.76562E-03  1.40024E+00
  1.36719E-02  1.39982E+00
  1.75781E-02  1.39938E+00
  2.14844E-02  1.39891E+00
  2.53906E-02  1.39842E+00
  2.92969E-02  1.39789E+00
  3.32031E-02  1.39734E+00
  3.71094E-02  1.39675E+00
  4.10156E-02  1.39614E+00
  4.49219E-02  1.39550E+00
  4.88281E-02  1.39482E+00
  5.27344E-02  1.39413E+00
  5.66406E-02  1.39340E+00
  6.05469E-02  1.39264E+00
  6.44531E-02  1.39186E+00
  6.83594E-02  1.39105E+00
  7.22656E-02  1.39021E+00
  7.61719E-02  1.38934E+00
  8.00781E-02  1.38844E+00
  8.39844E-02  1.38752E+00
  8.78906E-02  1.38657E+00
  9.17969E-02  1.38560E+00
  9.57031E-02  1.38459E+00
  9.96094E-02  1.38356E+00
  1.03516E-01  1.38251E+00
  1.07422E-01  1.38143E+00
  1.11328E-01  1.38032E+00
  1.15234E-01  1.37918E+00
  1.19141E-01  1.37802E+00
  1.23047E-01  1.37683E+00
  1.26953E-01  1.37562E+00
  1.30859E-01  1.37438E+00
  1.34766E-01  1.37312E+00
  1.38672E-01  1.37183E+00
  1.42578E-01  1.37051E+00
  1.46484E-01  1.36917E+00
  1.50391E-01  1.36781E+00
  1.54297E-01  1.36642E+00
  1.58203E-01  1.36500E+00
  1.62109E-01  1.36356E+00
  1.66016E-01  1.36210E+00
  1.69922E-01  1.36061E+00
  1.73828E-01  1.35910E+00
  1.77734E-01  1.35756E+00
  1.81641E-01  1.35600E+00
  1.85547E-01  1.35441E+00
  1.89453E-01  1.35280E+00
  1.93359E-01  1.35117E+00
  1.97266E-01  1.34951E+00
  2.01172E-01  1.34783E+00
  2.05078E-01  1.34613E+00
  2.08984E-01  1.34440E+00
  2.12891E-01  1.34265E+00
  2.16797E-01  1.34087E+00
  2.20703E-01  1.33907E+00
  2.24609E-01  1.33725E+00
  2.28516E-01  1.33541E+00
  2.32422E-01  1.33354E+00
  2.36328E-01  1.33165E+00
  2.40234E-01  1.32974E+00
  2.44141E-01  1.32780E+00
  2.48047E-01  1.32584E+00
  2.51953E-01  1.32386E+00
  2.55859E-01  1.32186E+00
  2.59766E-01  1.31984E+00
  2.63672E-01  1.31779E+00
  2.67578E-01  1.31572E+00
  2.71484E-01  1.31363E+00
  2.75391E-01  1.31152E+00
  2.79297E-01  1.30938E+00
  2.83203E-01  1.30723E+00
  2.87109E-01  1.30505E+00
  2.91016E-01  1.30285E+00
  2.94922E-01  1.30063E+00
  2.98828E-01  1.29839E+00
  3.02734E-01  1.29612E+00
  3.06641E-01  1.29384E+00
  3.10547E-01  1.29153E+00
  3.14453E-01  1.28921E+00
  3.18359E-01  1.28686E+00
  3.22266E-01  1.28449E+00
  3.26172E-01  1.28210E+00
  3.30078E-01  1.27969E+00
  3.33984E-01  1.27726E+00
  3.37891E-01  1.27480E+00
  3.41797E-01  1.27233E+00
  3.45703E-01  1.26984E+00
  3.49609E-01  1.26733E+00
  3.53516E-01  1.26479E+00
  3.57422E-01  1.26224E+00
  3.61328E-01  1.25967E+00
  3.65234E-01  1.25707E+00
  3.69141E-01  1.25446E+00
  3.73047E-01  1.25183E+00
  3.76953E-01  1.24918E+00
  3.80859E-01  1.24650E+00
  3.84766E-01  1.24381E+00
  3.88672E-01  1.24110E+00
  3.92578E-01  1.23837E+00
  3.96484E-01  1.23562E+00
  4.00391E-01  1.23285E+00
  4.04297E-01  1.23006E+00
  4.08203E-01  1.22725E+00
  4.12109E-01  1.22443E+00
  4.16016E-01  1.22158E+00
  4.19922E-01  1.21872E+00
  4.23828E-01  1.21583E+00
  4.27734E-01  1.21293E+00
  4.31641E-01  1.21001E+00
  4.35547E-01  1.20707E+00
  4.39453E-01  1.20412E+00
  4.43359E-01  1.20114E+00
  4.47266E-01  1.19815E+00
  4.51172E-01  1.19514E+00
  4.55078E-01  1.19211E+00
  4.58984E-01  1.18906E+00
  4.62891E-01  1.18599E+00
  4.66797E-01  1.18291E+00
  4.70703E-01  1.17981E+00
  4.74609E-01  1.17670E+00
  4.78516E-01  1.17357E+00
  4.82422E-01  1.17042E+00
  4.86328E-01  1.16725E+00
  4.90234E-01  1.16406E+00
  4.94141E-01  1.16086E+00
  4.98047E-01  1.15765E+00
  5.01953E-01  1.15441E+00
  5.05859E-01  1.15116E+00
  5.09766E-01  1.14789E+00
  5.13672E-01  1.14461E+00
  5.17578E-01  1.14131E+00
  5.21484E-01  1.13800E+00
  5.25391E-01  1.13467E+00
  5.29297E-01  1.13132E+00
  5.33203E-01  1.12796E+00
  5.37109E-01  1.12459E+00
  5.41016E-01  1.12120E+00
  5.44922E-01  1.11779E+00
  5.48828E-01  1.11437E+00
  5.52734E-01  1.11094E+00
  5.56641E-01  1.10750E+00
  5.60547E-01  1.10404E+00
  5.64453E-01  1.10056E+00
  5.68359E-01  1.09708E+00
  5.72266E-01  1.09358E+00
  5.76172E-01  1.09006E+00
  5.80078E-01  1.08654E+00
  5.83984E-01  1.08300E+00
  5.87891E-01  1.07944E+00
  5.91797E-01  1.07588E+00
  5.95703E-01  1.07230E+00
  5.99609E-01  1.06872E+00
  6.03516E-01  1.06512E+00
  6.07422E-01  1.06151E+00
  6.11328E-01  1.05788E+00
  6.15234E-01  1.05425E+00
  6.19141E-01  1.05061E+00
  6.23047E-01  1.04696E+00
  6.26953E-01  1.04329E+00
  6.30859E-01  1.03962E+00
  6.34766E-01  1.03594E+00
  6.38672E-01  1.03225E+00
  6.42578E-01  1.02855E+00
  6.46484E-01  1.02484E+00
  6.50391E-01  1.02112E+00
  6.54297E-01  1.01740E+00
  6.58203E-01  1.01367E+00
  6.62109E-01  1.00993E+00
  6.66016E-01  1.00619E+00
  6.69922E-01  1.00244E+00
  6.73828E-01  9.98681E-01
  6.77734E-01  9.94922E-01
  6.81641E-01  9.91158E-01
  6.85547E-01  9.87391E-01
  6.89453E-01  9.83622E-01
  6.93359E-01  9.79850E-01
  6.97266E-01  9.76076E-01
  7.01172E-01  9.72301E-01
  7.05078E-01  9.68526E-01
  7.08984E-01  9.64750E-01
  7.12891E-01  9.60974E-01
  7.16797E-01  9.57200E-01
  7.20703E-01  9.53428E-01
  7.24609E-01  9.49658E-01
  7.28516E-01  9.45892E-01
  7.32422E-01  9.42129E-01
  7.36328E-01  9.38371E-01
  7.40234E-01  9.34619E-01
  7.44141E-01  9.30872E-01
  7.48047E-01  9.27132E-01
  7.51953E-01  9.23401E-01
  7.55859E-01  9.19678E-01
  7.59766E-01  9.15965E-01
  7.63672E-01  9.12263E-01
  7.67578E-01  9.08573E-01
  7.71484E-01  9.04896E-01
  7.75391E-01  9.01231E-01
  7.79297E-01  8.97580E-01
  7.83203E-01  8.93944E-01
  7.87109E-01  8.90324E-01
  7.91016E-01  8.86720E-01
  7.94922E-01  8.83134E-01
  7.98828E-01  8.79569E-01
  8.02734E-01  8.76024E-01
  8.06641E-01  8.72501E-01
  8.10547E-01  8.69001E-01
  8.14453E-01  8.65527E-01
  8.18359E-01  8.62078E-01
  8.22266E-01  8.58656E-01
  8.26172E-01  8.55263E-01
  8.30078E-01  8.51901E-01
  8.33984E-01  8.48571E-01
  8.37891E-01  8.45273E-01
  8.41797E-01  8.42011E-01
  8.45703E-01  8.38786E-01
  8.49609E-01  8.35599E-01
  8.53516E-01  8.32450E-01
  8.57422E-01  8.29344E-01
  8.61328E-01  8.26281E-01
  8.65234E-01  8.23263E-01
  8.69141E-01  8.20292E-01
  8.73047E-01  8.17370E-01
  8.76953E-01  8.14498E-01
  8.80859E-01  8.11677E-01
  8.84766E-01  8.08909E-01
  8.88672E-01  8.06197E-01
  8.92578E-01  8.03542E-01
  8.96484E-01  8.00946E-01
  9.00391E-01  7.98411E-01
  9.04297E-01  7.95939E-01
  9.08203E-01  7.93531E-01
  9.12109E-01  7.91191E-01
  9.16016E-01  7.88918E-01
  9.19922E-01  7.86718E-01
  9.23828E-01  7.84591E-01
  9.27734E-01  7.82539E-01
  9.31641E-01  7.80563E-01
  9.35547E-01  7.78667E-01
  9.39453E-01  7.76851E-01
  9.43359E-01  7.75119E-01
  9.47266E-01  7.73469E-01
  9.51172E-01  7.71906E-01
  9.55078E-01  7.70429E-01
  9.58984E-01  7.69041E-01
  9.62891E-01  7.67743E-01
  9.66797E-01  7.66538E-01
  9.70703E-01  7.65426E-01
  9.74609E-01  7.64412E-01
  9.78516E-01  7.63493E-01
  9.82422E-01  7.62672E-01
  9.86328E-01  7.61952E-01
  9.90234E-01  7.61332E-01
  9.94141E-01  7.60814E-01
  9.98047E-01  7.60387E-01
  1.00195E+00  7.60389E-01
