 -1.95312E-03  1.40106E+00
  1.95312E-03  1.40109E+00
  5.85938E-03  1.40066E+00
  9.76562E-03  1.40026E+00
  1.36719E-02  1.39985E+00
  1.75781E-02  1.39941E+00
  2.14844E-02  1.39894E+00
  2.53906E-02  1.39844E+00
  2.92969E-02  1.39792E+00
  3.32031E-02  1.39736E+00
  3.71094E-02  1.39678E+00
  4.10156E-02  1.39616E+00
  4.49219E-02  1.39552E+00
  4.88281E-02  1.39485E+00
  5.27344E-02  1.39415E+00
  5.66406E-02  1.39342E+00
  6.05469E-02  1.39267E+00
  6.44531E-02  1.39188E+00
  6.83594E-02  1.39107E+00
  7.22656E-02  1.39023E+00
  7.61719E-02  1.38937E+00
  8.00781E-02  1.38847E+00
  8.39844E-02  1.38755E+00
  8.78906E-02  1.38660E+00
  9.17969E-02  1.38562E+00
  9.57031E-02  1.38462E+00
  9.96094E-02  1.38359E+00
  1.03516E-01  1.38253E+00
  1.07422E-01  1.38145E+00
  1.11328E-01  1.38034E+00
  1.15234E-01  1.37921E+00
  1.19141E-01  1.37805E+00
  1.23047E-01  1.37686E+00
  1.26953E-01  1.37565E+00
  1.30859E-01  1.37441E+00
  1.34766E-01  1.37314E+00
  1.38672E-01  1.37185E+00
  1.42578E-01  1.37054E+00
  1.46484E-01  1.36920E+00
  1.50391E-01  1.36783E+00
  1.54297E-01  1.36644E+00
  1.58203E-01  1.36503E+00
  1.62109E-01  1.36359E+00
  1.66016E-01  1.36213E+00
  1.69922E-01  1.36064E+00
  1.73828E-01  1.35912E+00
  1.77734E-01  1.35758E+00
  1.81641E-01  1.35602E+00
  1.85547E-01  1.35444E+00
  1.89453E-01  1.35283E+00
  1.93359E-01  1.35119E+00
  1.97266E-01  1.34954E+00
  2.01172E-01  1.34786E+00
  2.05078E-01  1.34615E+00
  2.08984E-01  1.34442E+00
  2.12891E-01  1.34267E+00
  2.16797E-01  1.34090E+00
  2.20703E-01  1.33910E+00
  2.24609E-01  1.33728E+00
  2.28516E-01  1.33543E+00
  2.32422E-01  1.33357E+00
  2.36328E-01  1.33168E+00
  2.40234E-01  1.32976E+00
  2.44141E-01  1.32783E+00
  2.48047E-01  1.32587E+00
  2.51953E-01  1.32389E+00
  2.55859E-01  1.32189E+00
  2.59766E-01  1.31986E+00
  2.63672E-01  1.31781E+00
  2.67578E-01  1.31575E+00
  2.71484E-01  1.31366E+00
  2.75391E-01  1.31154E+00
  2.79297E-01  1.30941E+00
  2.83203E-01  1.30725E+00
  2.87109E-01  1.30507E+00
  2.91016E-01  1.30287E+00
  2.94922E-01  1.30065E+00
  2.98828E-01  1.29841E+00
  3.02734E-01  1.29615E+00
  3.06641E-01  1.29386E+00
  3.10547E-01  1.29156E+00
  3.14453E-01  1.28923E+00
  3.18359E-01  1.28688E+00
  3.22266E-01  1.28451E+00
  3.26172E-01  1.28212E+00
  3.30078E-01  1.27971E+00
  3.33984E-01  1.27728E+00
  3.37891E-01  1.27483E+00
  3.41797E-01  1.27236E+00
  3.45703E-01  1.26987E+00
  3.49609E-01  1.26735E+00
  3.53516E-01  1.26482E+00
  3.57422E-01  1.26227E+00
  3.61328E-01  1.25969E+00
  3.65234E-01  1.25710E+00
  3.69141E-01  1.25449E+00
  3.73047E-01  1.25185E+00
  3.76953E-01  1.24920E+00
  3.80859E-01  1.24653E+00
  3.84766E-01  1.24383E+00
  3.88672E-01  1.24112E+00
  3.92578E-01  1.23839E+00
  3.96484E-01  1.23564E+00
  4.00391E-01  1.23287E+00
  4.04297E-01  1.23008E+00
  4.08203E-01  1.22727E+00
  4.12109E-01  1.22445E+00
  4.16016E-01  1.22160E+00
  4.19922E-01  1.21874E+00
  4.23828E-01  1.21586E+00
  4.27734E-01  1.21295E+00
  4.31641E-01  1.21003E+00
  4.35547E-01  1.20709E+00
  4.39453E-01  1.20414E+00
  4.43359E-01  1.20116E+00
  4.47266E-01  1.19817E+00
  4.51172E-01  1.19516E+00
  4.55078E-01  1.19213E+00
  4.58984E-01  1.18908E+00
  4.62891E-01  1.18601E+00
  4.66797E-01  1.18293E+00
  4.70703E-01  1.17983E+00
  4.74609E-01  1.17672E+00
  4.78516E-01  1.17358E+00
  4.82422E-01  1.17043E+00
  4.86328E-01  1.16727E+00
  4.90234E-01  1.16408E+00
  4.94141E-01  1.16088E+00
  4.98047E-01  1.15766E+00
  5.01953E-01  1.15443E+00
  5.05859E-01  1.15118E+00
  5.09766E-01  1.14791E+00
  5.13672E-01  1.14463E+00
  5.17578E-01  1.14133E+00
  5.21484E-01  1.13802E+00
  5.25391E-01  1.13468E+00
  5.29297E-01  1.13134E+00
  5.33203E-01  1.12798E+00
  5.37109E-01  1.12460E+00
  5.41016E-01  1.12121E+00
  5.44922E-01  1.11781E+00
  5.48828E-01  1.11439E+00
  5.52734E-01  1.11096E+00
  5.56641E-01  1.10751E+00
  5.60547E-01  1.10405E+00
  5.64453E-01  1.10058E+00
  5.68359E-01  1.09709E+00
  5.72266E-01  1.09359E+00
  5.76172E-01  1.09008E+00
  5.80078E-01  1.08655E+00
  5.83984E-01  1.08301E+00
  5.87891E-01  1.07946E+00
  5.91797E-01  1.07589E+00
  5.95703E-01  1.07232E+00
  5.99609E-01  1.06873E+00
  6.03516E-01  1.06513E+00
  6.07422E-01  1.06152E+00
  6.11328E-01  1.05790E+00
  6.15234E-01  1.05426E+00
  6.19141E-01  1.05062E+00
  6.23047E-01  1.04697E+00
  6.26953E-01  1.04330E+00
  6.30859E-01  1.03963E+00
  6.34766E-01  1.03595E+00
  6.38672E-01  1.03225E+00
  6.42578E-01  1.02855E+00
  6.46484E-01  1.02485E+00
  6.50391E-01  1.02113E+00
  6.54297E-01  1.01741E+00
  6.58203E-01  1.01367E+00
  6.62109E-01  1.00994E+00
  6.66016E-01  1.00619E+00
  6.69922E-01  1.00244E+00
  6.73828E-01  9.98685E-01
  6.77734E-01  9.94924E-01
  6.81641E-01  9.91160E-01
  6.85547E-01  9.87392E-01
  6.89453E-01  9.83622E-01
  6.93359E-01  9.79850E-01
  6.97266E-01  9.76076E-01
  7.01172E-01  9.72301E-01
  7.05078E-01  9.68524E-01
  7.08984E-01  9.64747E-01
  7.12891E-01  9.60971E-01
  7.16797E-01  9.57196E-01
  7.20703E-01  9.53423E-01
  7.24609E-01  9.49653E-01
  7.28516E-01  9.45886E-01
  7.32422E-01  9.42122E-01
  7.36328E-01  9.38364E-01
  7.40234E-01  9.34611E-01
  7.44141E-01  9.30863E-01
  7.48047E-01  9.27124E-01
  7.51953E-01  9.23391E-01
  7.55859E-01  9.19668E-01
  7.59766E-01  9.15954E-01
  7.63672E-01  9.12251E-01
  7.67578E-01  9.08561E-01
  7.71484E-01  9.04882E-01
  7.75391E-01  9.01215E-01
  7.79297E-01  8.97563E-01
  7.83203E-01  8.93927E-01
  7.87109E-01  8.90306E-01
  7.91016E-01  8.86701E-01
  7.94922E-01  8.83115E-01
  7.98828E-01  8.79549E-01
  8.02734E-01  8.76004E-01
  8.06641E-01  8.72482E-01
  8.10547E-01  8.68981E-01
  8.14453E-01  8.65505E-01
  8.18359E-01  8.62055E-01
  8.22266E-01  8.58633E-01
  8.26172E-01  8.55240E-01
  8.30078E-01  8.51877E-01
  8.33984E-01  8.48545E-01
  8.37891E-01  8.45247E-01
  8.41797E-01  8.41984E-01
  8.45703E-01  8.38759E-01
  8.49609E-01  8.35572E-01
  8.53516E-01  8.32424E-01
  8.57422E-01  8.29317E-01
  8.61328E-01  8.26253E-01
  8.65234E-01  8.23235E-01
  8.69141E-01  8.20263E-01
  8.73047E-01  8.17340E-01
  8.76953E-01  8.14468E-01
  8.80859E-01  8.11646E-01
  8.84766E-01  8.08878E-01
  8.88672E-01  8.06166E-01
  8.92578E-01  8.03509E-01
  8.96484E-01  8.00912E-01
  9.00391E-01  7.98376E-01
  9.04297E-01  7.95903E-01
  9.08203E-01  7.93495E-01
  9.12109E-01  7.91153E-01
  9.16016E-01  7.88881E-01
  9.19922E-01  7.86679E-01
  9.23828E-01  7.84552E-01
  9.27734E-01  7.82499E-01
  9.31641E-01  7.80523E-01
  9.35547E-01  7.78626E-01
  9.39453E-01  7.76810E-01
  9.43359E-01  7.75077E-01
  9.47266E-01  7.73427E-01
  9.51172E-01  7.71863E-01
  9.55078E-01  7.70386E-01
  9.58984E-01  7.68999E-01
  9.62891E-01  7.67701E-01
  9.66797E-01  7.66496E-01
  9.70703E-01  7.65385E-01
  9.74609E-01  7.64369E-01
  9.78516E-01  7.63450E-01
  9.82422E-01  7.62631E-01
  9.86328E-01  7.61911E-01
  9.90234E-01  7.61291E-01
  9.94141E-01  7.60773E-01
  9.98047E-01  7.60345E-01
  1.00195E+00  7.60348E-01
