 -1.95312E-03  1.40093E+00
  1.95312E-03  1.40097E+00
  5.85938E-03  1.40053E+00
  9.76562E-03  1.40013E+00
  1.36719E-02  1.39972E+00
  1.75781E-02  1.39928E+00
  2.14844E-02  1.39881E+00
  2.53906E-02  1.39831E+00
  2.92969E-02  1.39779E+00
  3.32031E-02  1.39723E+00
  3.71094E-02  1.39665E+00
  4.10156E-02  1.39603E+00
  4.49219E-02  1.39539E+00
  4.88281E-02  1.39472E+00
  5.27344E-02  1.39402E+00
  5.66406E-02  1.39329E+00
  6.05469E-02  1.39254E+00
  6.44531E-02  1.39175E+00
  6.83594E-02  1.39094E+00
  7.22656E-02  1.39010E+00
  7.61719E-02  1.38923E+00
  8.00781E-02  1.38834E+00
  8.39844E-02  1.38742E+00
  8.78906E-02  1.38647E+00
  9.17969E-02  1.38549E+00
  9.57031E-02  1.38449E+00
  9.96094E-02  1.38346E+00
  1.03516E-01  1.38240E+00
  1.07422E-01  1.38132E+00
  1.11328E-01  1.38021E+00
  1.15234E-01  1.37908E+00
  1.19141E-01  1.37791E+00
  1.23047E-01  1.37673E+00
  1.26953E-01  1.37551E+00
  1.30859E-01  1.37428E+00
  1.34766E-01  1.37301E+00
  1.38672E-01  1.37172E+00
  1.42578E-01  1.37041E+00
  1.46484E-01  1.36907E+00
  1.50391E-01  1.36770E+00
  1.54297E-01  1.36631E+00
  1.58203E-01  1.36490E+00
  1.62109E-01  1.36346E+00
  1.66016E-01  1.36199E+00
  1.69922E-01  1.36051E+00
  1.73828E-01  1.35899E+00
  1.77734E-01  1.35745E+00
  1.81641E-01  1.35589E+00
  1.85547E-01  1.35431E+00
  1.89453E-01  1.35270E+00
  1.93359E-01  1.35106E+00
  1.97266E-01  1.34940E+00
  2.01172E-01  1.34772E+00
  2.05078E-01  1.34602E+00
  2.08984E-01  1.34429E+00
  2.12891E-01  1.34254E+00
  2.16797E-01  1.34077E+00
  2.20703E-01  1.33897E+00
  2.24609E-01  1.33715E+00
  2.28516E-01  1.33530E+00
  2.32422E-01  1.33344E+00
  2.36328E-01  1.33155E+00
  2.40234E-01  1.32963E+00
  2.44141E-01  1.32770E+00
  2.48047E-01  1.32574E+00
  2.51953E-01  1.32376E+00
  2.55859E-01  1.32176E+00
  2.59766E-01  1.31973E+00
  2.63672E-01  1.31768E+00
  2.67578E-01  1.31562E+00
  2.71484E-01  1.31353E+00
  2.75391E-01  1.31141E+00
  2.79297E-01  1.30928E+00
  2.83203E-01  1.30712E+00
  2.87109E-01  1.30495E+00
  2.91016E-01  1.30275E+00
  2.94922E-01  1.30053E+00
  2.98828E-01  1.29828E+00
  3.02734E-01  1.29602E+00
  3.06641E-01  1.29374E+00
  3.10547E-01  1.29143E+00
  3.14453E-01  1.28910E+00
  3.18359E-01  1.28676E+00
  3.22266E-01  1.28439E+00
  3.26172E-01  1.28200E+00
  3.30078E-01  1.27959E+00
  3.33984E-01  1.27716E+00
  3.37891E-01  1.27471E+00
  3.41797E-01  1.27223E+00
  3.45703E-01  1.26974E+00
  3.49609E-01  1.26723E+00
  3.53516E-01  1.26469E+00
  3.57422E-01  1.26214E+00
  3.61328E-01  1.25957E+00
  3.65234E-01  1.25698E+00
  3.69141E-01  1.25436E+00
  3.73047E-01  1.25173E+00
  3.76953E-01  1.24908E+00
  3.80859E-01  1.24641E+00
  3.84766E-01  1.24372E+00
  3.88672E-01  1.24101E+00
  3.92578E-01  1.23827E+00
  3.96484E-01  1.23552E+00
  4.00391E-01  1.23275E+00
  4.04297E-01  1.22997E+00
  4.08203E-01  1.22716E+00
  4.12109E-01  1.22433E+00
  4.16016E-01  1.22149E+00
  4.19922E-01  1.21863E+00
  4.23828E-01  1.21574E+00
  4.27734E-01  1.21284E+00
  4.31641E-01  1.20992E+00
  4.35547E-01  1.20698E+00
  4.39453E-01  1.20403E+00
  4.43359E-01  1.20105E+00
  4.47266E-01  1.19806E+00
  4.51172E-01  1.19505E+00
  4.55078E-01  1.19202E+00
  4.58984E-01  1.18897E+00
  4.62891E-01  1.18591E+00
  4.66797E-01  1.18283E+00
  4.70703E-01  1.17973E+00
  4.74609E-01  1.17662E+00
  4.78516E-01  1.17348E+00
  4.82422E-01  1.17033E+00
  4.86328E-01  1.16717E+00
  4.90234E-01  1.16399E+00
  4.94141E-01  1.16079E+00
  4.98047E-01  1.15757E+00
  5.01953E-01  1.15434E+00
  5.05859E-01  1.15109E+00
  5.09766E-01  1.14782E+00
  5.13672E-01  1.14454E+00
  5.17578E-01  1.14124E+00
  5.21484E-01  1.13793E+00
  5.25391E-01  1.13460E+00
  5.29297E-01  1.13125E+00
  5.33203E-01  1.12789E+00
  5.37109E-01  1.12452E+00
  5.41016E-01  1.12113E+00
  5.44922E-01  1.11773E+00
  5.48828E-01  1.11431E+00
  5.52734E-01  1.11088E+00
  5.56641E-01  1.10743E+00
  5.60547E-01  1.10398E+00
  5.64453E-01  1.10050E+00
  5.68359E-01  1.09702E+00
  5.72266E-01  1.09352E+00
  5.76172E-01  1.09000E+00
  5.80078E-01  1.08648E+00
  5.83984E-01  1.08294E+00
  5.87891E-01  1.07939E+00
  5.91797E-01  1.07583E+00
  5.95703E-01  1.07225E+00
  5.99609E-01  1.06867E+00
  6.03516E-01  1.06507E+00
  6.07422E-01  1.06146E+00
  6.11328E-01  1.05784E+00
  6.15234E-01  1.05421E+00
  6.19141E-01  1.05057E+00
  6.23047E-01  1.04692E+00
  6.26953E-01  1.04326E+00
  6.30859E-01  1.03959E+00
  6.34766E-01  1.03591E+00
  6.38672E-01  1.03222E+00
  6.42578E-01  1.02852E+00
  6.46484E-01  1.02481E+00
  6.50391E-01  1.02110E+00
  6.54297E-01  1.01738E+00
  6.58203E-01  1.01365E+00
  6.62109E-01  1.00991E+00
  6.66016E-01  1.00617E+00
  6.69922E-01  1.00242E+00
  6.73828E-01  9.98671E-01
  6.77734E-01  9.94913E-01
  6.81641E-01  9.91152E-01
  6.85547E-01  9.87388E-01
  6.89453E-01  9.83622E-01
  6.93359E-01  9.79853E-01
  6.97266E-01  9.76082E-01
  7.01172E-01  9.72309E-01
  7.05078E-01  9.68536E-01
  7.08984E-01  9.64762E-01
  7.12891E-01  9.60989E-01
  7.16797E-01  9.57218E-01
  7.20703E-01  9.53448E-01
  7.24609E-01  9.49681E-01
  7.28516E-01  9.45917E-01
  7.32422E-01  9.42157E-01
  7.36328E-01  9.38402E-01
  7.40234E-01  9.34653E-01
  7.44141E-01  9.30909E-01
  7.48047E-01  9.27173E-01
  7.51953E-01  9.23444E-01
  7.55859E-01  9.19726E-01
  7.59766E-01  9.16016E-01
  7.63672E-01  9.12316E-01
  7.67578E-01  9.08630E-01
  7.71484E-01  9.04955E-01
  7.75391E-01  9.01293E-01
  7.79297E-01  8.97645E-01
  7.83203E-01  8.94012E-01
  7.87109E-01  8.90395E-01
  7.91016E-01  8.86794E-01
  7.94922E-01  8.83212E-01
  7.98828E-01  8.79650E-01
  8.02734E-01  8.76108E-01
  8.06641E-01  8.72589E-01
  8.10547E-01  8.69092E-01
  8.14453E-01  8.65620E-01
  8.18359E-01  8.62174E-01
  8.22266E-01  8.58756E-01
  8.26172E-01  8.55366E-01
  8.30078E-01  8.52006E-01
  8.33984E-01  8.48679E-01
  8.37891E-01  8.45385E-01
  8.41797E-01  8.42126E-01
  8.45703E-01  8.38904E-01
  8.49609E-01  8.35720E-01
  8.53516E-01  8.32575E-01
  8.57422E-01  8.29472E-01
  8.61328E-01  8.26412E-01
  8.65234E-01  8.23398E-01
  8.69141E-01  8.20431E-01
  8.73047E-01  8.17512E-01
  8.76953E-01  8.14643E-01
  8.80859E-01  8.11825E-01
  8.84766E-01  8.09061E-01
  8.88672E-01  8.06351E-01
  8.92578E-01  8.03699E-01
  8.96484E-01  8.01105E-01
  9.00391E-01  7.98572E-01
  9.04297E-01  7.96103E-01
  9.08203E-01  7.93698E-01
  9.12109E-01  7.91360E-01
  9.16016E-01  7.89091E-01
  9.19922E-01  7.86893E-01
  9.23828E-01  7.84769E-01
  9.27734E-01  7.82720E-01
  9.31641E-01  7.80748E-01
  9.35547E-01  7.78855E-01
  9.39453E-01  7.77042E-01
  9.43359E-01  7.75312E-01
  9.47266E-01  7.73665E-01
  9.51172E-01  7.72104E-01
  9.55078E-01  7.70630E-01
  9.58984E-01  7.69244E-01
  9.62891E-01  7.67949E-01
  9.66797E-01  7.66746E-01
  9.70703E-01  7.65636E-01
  9.74609E-01  7.64623E-01
  9.78516E-01  7.63705E-01
  9.82422E-01  7.62886E-01
  9.86328E-01  7.62166E-01
  9.90234E-01  7.61547E-01
  9.94141E-01  7.61029E-01
  9.98047E-01  7.60601E-01
  1.00195E+00  7.60604E-01
