 -1.95312E-03  1.40117E+00
  1.95312E-03  1.40121E+00
  5.85938E-03  1.40077E+00
  9.76562E-03  1.40037E+00
  1.36719E-02  1.39996E+00
  1.75781E-02  1.39952E+00
  2.14844E-02  1.39905E+00
  2.53906E-02  1.39855E+00
  2.92969E-02  1.39803E+00
  3.32031E-02  1.39747E+00
  3.71094E-02  1.39689E+00
  4.10156E-02  1.39628E+00
  4.49219E-02  1.39563E+00
  4.88281E-02  1.39496E+00
  5.27344E-02  1.39426E+00
  5.66406E-02  1.39354E+00
  6.05469E-02  1.39278E+00
  6.44531E-02  1.39200E+00
  6.83594E-02  1.39118E+00
  7.22656E-02  1.39034E+00
  7.61719E-02  1.38948E+00
  8.00781E-02  1.38858E+00
  8.39844E-02  1.38766E+00
  8.78906E-02  1.38671E+00
  9.17969E-02  1.38574E+00
  9.57031E-02  1.38473E+00
  9.96094E-02  1.38370E+00
  1.03516E-01  1.38265E+00
  1.07422E-01  1.38156E+00
  1.11328E-01  1.38046E+00
  1.15234E-01  1.37932E+00
  1.19141E-01  1.37816E+00
  1.23047E-01  1.37697E+00
  1.26953E-01  1.37576E+00
  1.30859E-01  1.37452E+00
  1.34766E-01  1.37326E+00
  1.38672E-01  1.37197E+00
  1.42578E-01  1.37065E+00
  1.46484E-01  1.36931E+00
  1.50391E-01  1.36795E+00
  1.54297E-01  1.36656E+00
  1.58203E-01  1.36514E+00
  1.62109E-01  1.36370E+00
  1.66016E-01  1.36224E+00
  1.69922E-01  1.36075E+00
  1.73828E-01  1.35924E+00
  1.77734E-01  1.35770E+00
  1.81641E-01  1.35614E+00
  1.85547E-01  1.35455E+00
  1.89453E-01  1.35294E+00
  1.93359E-01  1.35131E+00
  1.97266E-01  1.34965E+00
  2.01172E-01  1.34797E+00
  2.05078E-01  1.34627E+00
  2.08984E-01  1.34454E+00
  2.12891E-01  1.34279E+00
  2.16797E-01  1.34101E+00
  2.20703E-01  1.33921E+00
  2.24609E-01  1.33739E+00
  2.28516E-01  1.33555E+00
  2.32422E-01  1.33368E+00
  2.36328E-01  1.33179E+00
  2.40234E-01  1.32988E+00
  2.44141E-01  1.32794E+00
  2.48047E-01  1.32598E+00
  2.51953E-01  1.32400E+00
  2.55859E-01  1.32200E+00
  2.59766E-01  1.31997E+00
  2.63672E-01  1.31793E+00
  2.67578E-01  1.31586E+00
  2.71484E-01  1.31377E+00
  2.75391E-01  1.31166E+00
  2.79297E-01  1.30952E+00
  2.83203E-01  1.30736E+00
  2.87109E-01  1.30518E+00
  2.91016E-01  1.30299E+00
  2.94922E-01  1.30076E+00
  2.98828E-01  1.29852E+00
  3.02734E-01  1.29626E+00
  3.06641E-01  1.29397E+00
  3.10547E-01  1.29167E+00
  3.14453E-01  1.28934E+00
  3.18359E-01  1.28699E+00
  3.22266E-01  1.28462E+00
  3.26172E-01  1.28223E+00
  3.30078E-01  1.27982E+00
  3.33984E-01  1.27739E+00
  3.37891E-01  1.27494E+00
  3.41797E-01  1.27247E+00
  3.45703E-01  1.26997E+00
  3.49609E-01  1.26746E+00
  3.53516E-01  1.26492E+00
  3.57422E-01  1.26237E+00
  3.61328E-01  1.25980E+00
  3.65234E-01  1.25720E+00
  3.69141E-01  1.25459E+00
  3.73047E-01  1.25196E+00
  3.76953E-01  1.24930E+00
  3.80859E-01  1.24663E+00
  3.84766E-01  1.24394E+00
  3.88672E-01  1.24122E+00
  3.92578E-01  1.23849E+00
  3.96484E-01  1.23574E+00
  4.00391E-01  1.23297E+00
  4.04297E-01  1.23018E+00
  4.08203E-01  1.22737E+00
  4.12109E-01  1.22455E+00
  4.16016E-01  1.22170E+00
  4.19922E-01  1.21884E+00
  4.23828E-01  1.21595E+00
  4.27734E-01  1.21305E+00
  4.31641E-01  1.21013E+00
  4.35547E-01  1.20719E+00
  4.39453E-01  1.20423E+00
  4.43359E-01  1.20126E+00
  4.47266E-01  1.19826E+00
  4.51172E-01  1.19525E+00
  4.55078E-01  1.19222E+00
  4.58984E-01  1.18917E+00
  4.62891E-01  1.18611E+00
  4.66797E-01  1.18302E+00
  4.70703E-01  1.17992E+00
  4.74609E-01  1.17681E+00
  4.78516E-01  1.17367E+00
  4.82422E-01  1.17052E+00
  4.86328E-01  1.16735E+00
  4.90234E-01  1.16417E+00
  4.94141E-01  1.16097E+00
  4.98047E-01  1.15775E+00
  5.01953E-01  1.15451E+00
  5.05859E-01  1.15126E+00
  5.09766E-01  1.14799E+00
  5.13672E-01  1.14471E+00
  5.17578E-01  1.14141E+00
  5.21484E-01  1.13809E+00
  5.25391E-01  1.13476E+00
  5.29297E-01  1.13141E+00
  5.33203E-01  1.12805E+00
  5.37109E-01  1.12467E+00
  5.41016E-01  1.12128E+00
  5.44922E-01  1.11788E+00
  5.48828E-01  1.11446E+00
  5.52734E-01  1.11102E+00
  5.56641E-01  1.10758E+00
  5.60547E-01  1.10412E+00
  5.64453E-01  1.10064E+00
  5.68359E-01  1.09715E+00
  5.72266E-01  1.09365E+00
  5.76172E-01  1.09013E+00
  5.80078E-01  1.08660E+00
  5.83984E-01  1.08306E+00
  5.87891E-01  1.07951E+00
  5.91797E-01  1.07594E+00
  5.95703E-01  1.07236E+00
  5.99609E-01  1.06878E+00
  6.03516E-01  1.06517E+00
  6.07422E-01  1.06156E+00
  6.11328E-01  1.05794E+00
  6.15234E-01  1.05430E+00
  6.19141E-01  1.05066E+00
  6.23047E-01  1.04700E+00
  6.26953E-01  1.04334E+00
  6.30859E-01  1.03966E+00
  6.34766E-01  1.03598E+00
  6.38672E-01  1.03228E+00
  6.42578E-01  1.02858E+00
  6.46484E-01  1.02487E+00
  6.50391E-01  1.02115E+00
  6.54297E-01  1.01743E+00
  6.58203E-01  1.01369E+00
  6.62109E-01  1.00996E+00
  6.66016E-01  1.00621E+00
  6.69922E-01  1.00246E+00
  6.73828E-01  9.98697E-01
  6.77734E-01  9.94934E-01
  6.81641E-01  9.91167E-01
  6.85547E-01  9.87398E-01
  6.89453E-01  9.83625E-01
  6.93359E-01  9.79850E-01
  6.97266E-01  9.76074E-01
  7.01172E-01  9.72295E-01
  7.05078E-01  9.68516E-01
  7.08984E-01  9.64737E-01
  7.12891E-01  9.60957E-01
  7.16797E-01  9.57180E-01
  7.20703E-01  9.53404E-01
  7.24609E-01  9.49631E-01
  7.28516E-01  9.45861E-01
  7.32422E-01  9.42094E-01
  7.36328E-01  9.38333E-01
  7.40234E-01  9.34577E-01
  7.44141E-01  9.30827E-01
  7.48047E-01  9.27084E-01
  7.51953E-01  9.23349E-01
  7.55859E-01  9.19623E-01
  7.59766E-01  9.15907E-01
  7.63672E-01  9.12201E-01
  7.67578E-01  9.08507E-01
  7.71484E-01  9.04826E-01
  7.75391E-01  9.01157E-01
  7.79297E-01  8.97503E-01
  7.83203E-01  8.93863E-01
  7.87109E-01  8.90240E-01
  7.91016E-01  8.86632E-01
  7.94922E-01  8.83044E-01
  7.98828E-01  8.79475E-01
  8.02734E-01  8.75926E-01
  8.06641E-01  8.72400E-01
  8.10547E-01  8.68897E-01
  8.14453E-01  8.65418E-01
  8.18359E-01  8.61964E-01
  8.22266E-01  8.58539E-01
  8.26172E-01  8.55142E-01
  8.30078E-01  8.51775E-01
  8.33984E-01  8.48441E-01
  8.37891E-01  8.45140E-01
  8.41797E-01  8.41873E-01
  8.45703E-01  8.38643E-01
  8.49609E-01  8.35452E-01
  8.53516E-01  8.32301E-01
  8.57422E-01  8.29191E-01
  8.61328E-01  8.26125E-01
  8.65234E-01  8.23103E-01
  8.69141E-01  8.20129E-01
  8.73047E-01  8.17203E-01
  8.76953E-01  8.14327E-01
  8.80859E-01  8.11504E-01
  8.84766E-01  8.08735E-01
  8.88672E-01  8.06020E-01
  8.92578E-01  8.03362E-01
  8.96484E-01  8.00764E-01
  9.00391E-01  7.98226E-01
  9.04297E-01  7.95753E-01
  9.08203E-01  7.93343E-01
  9.12109E-01  7.91000E-01
  9.16016E-01  7.88727E-01
  9.19922E-01  7.86525E-01
  9.23828E-01  7.84394E-01
  9.27734E-01  7.82339E-01
  9.31641E-01  7.80360E-01
  9.35547E-01  7.78461E-01
  9.39453E-01  7.76642E-01
  9.43359E-01  7.74907E-01
  9.47266E-01  7.73254E-01
  9.51172E-01  7.71688E-01
  9.55078E-01  7.70209E-01
  9.58984E-01  7.68819E-01
  9.62891E-01  7.67520E-01
  9.66797E-01  7.66314E-01
  9.70703E-01  7.65201E-01
  9.74609E-01  7.64184E-01
  9.78516E-01  7.63263E-01
  9.82422E-01  7.62443E-01
  9.86328E-01  7.61721E-01
  9.90234E-01  7.61100E-01
  9.94141E-01  7.60582E-01
  9.98047E-01  7.60154E-01
  1.00195E+00  7.60156E-01
