 -1.95312E-03  1.40096E+00
  1.95312E-03  1.40099E+00
  5.85938E-03  1.40055E+00
  9.76562E-03  1.40016E+00
  1.36719E-02  1.39974E+00
  1.75781E-02  1.39930E+00
  2.14844E-02  1.39884E+00
  2.53906E-02  1.39834E+00
  2.92969E-02  1.39781E+00
  3.32031E-02  1.39726E+00
  3.71094E-02  1.39667E+00
  4.10156E-02  1.39606E+00
  4.49219E-02  1.39542E+00
  4.88281E-02  1.39475E+00
  5.27344E-02  1.39405E+00
  5.66406E-02  1.39332E+00
  6.05469E-02  1.39256E+00
  6.44531E-02  1.39178E+00
  6.83594E-02  1.39097E+00
  7.22656E-02  1.39013E+00
  7.61719E-02  1.38926E+00
  8.00781E-02  1.38837E+00
  8.39844E-02  1.38744E+00
  8.78906E-02  1.38649E+00
  9.17969E-02  1.38552E+00
  9.57031E-02  1.38451E+00
  9.96094E-02  1.38348E+00
  1.03516E-01  1.38243E+00
  1.07422E-01  1.38135E+00
  1.11328E-01  1.38024E+00
  1.15234E-01  1.37910E+00
  1.19141E-01  1.37794E+00
  1.23047E-01  1.37675E+00
  1.26953E-01  1.37554E+00
  1.30859E-01  1.37430E+00
  1.34766E-01  1.37304E+00
  1.38672E-01  1.37175E+00
  1.42578E-01  1.37043E+00
  1.46484E-01  1.36909E+00
  1.50391E-01  1.36773E+00
  1.54297E-01  1.36634E+00
  1.58203E-01  1.36492E+00
  1.62109E-01  1.36348E+00
  1.66016E-01  1.36202E+00
  1.69922E-01  1.36053E+00
  1.73828E-01  1.35902E+00
  1.77734E-01  1.35748E+00
  1.81641E-01  1.35592E+00
  1.85547E-01  1.35433E+00
  1.89453E-01  1.35272E+00
  1.93359E-01  1.35109E+00
  1.97266E-01  1.34943E+00
  2.01172E-01  1.34775E+00
  2.05078E-01  1.34605E+00
  2.08984E-01  1.34432E+00
  2.12891E-01  1.34257E+00
  2.16797E-01  1.34079E+00
  2.20703E-01  1.33899E+00
  2.24609E-01  1.33717E+00
  2.28516E-01  1.33533E+00
  2.32422E-01  1.33346E+00
  2.36328E-01  1.33157E+00
  2.40234E-01  1.32966E+00
  2.44141E-01  1.32772E+00
  2.48047E-01  1.32576E+00
  2.51953E-01  1.32378E+00
  2.55859E-01  1.32178E+00
  2.59766E-01  1.31976E+00
  2.63672E-01  1.31771E+00
  2.67578E-01  1.31564E+00
  2.71484E-01  1.31355E+00
  2.75391E-01  1.31144E+00
  2.79297E-01  1.30931E+00
  2.83203E-01  1.30715E+00
  2.87109E-01  1.30497E+00
  2.91016E-01  1.30277E+00
  2.94922E-01  1.30055E+00
  2.98828E-01  1.29831E+00
  3.02734E-01  1.29605E+00
  3.06641E-01  1.29376E+00
  3.10547E-01  1.29146E+00
  3.14453E-01  1.28913E+00
  3.18359E-01  1.28678E+00
  3.22266E-01  1.28441E+00
  3.26172E-01  1.28202E+00
  3.30078E-01  1.27961E+00
  3.33984E-01  1.27718E+00
  3.37891E-01  1.27473E+00
  3.41797E-01  1.27226E+00
  3.45703E-01  1.26977E+00
  3.49609E-01  1.26725E+00
  3.53516E-01  1.26472E+00
  3.57422E-01  1.26217E+00
  3.61328E-01  1.25960E+00
  3.65234E-01  1.25700E+00
  3.69141E-01  1.25439E+00
  3.73047E-01  1.25176E+00
  3.76953E-01  1.24911E+00
  3.80859E-01  1.24643E+00
  3.84766E-01  1.24374E+00
  3.88672E-01  1.24103E+00
  3.92578E-01  1.23830E+00
  3.96484E-01  1.23555E+00
  4.00391E-01  1.23278E+00
  4.04297E-01  1.22999E+00
  4.08203E-01  1.22718E+00
  4.12109E-01  1.22436E+00
  4.16016E-01  1.22151E+00
  4.19922E-01  1.21865E+00
  4.23828E-01  1.21577E+00
  4.27734E-01  1.21287E+00
  4.31641E-01  1.20995E+00
  4.35547E-01  1.20701E+00
  4.39453E-01  1.20405E+00
  4.43359E-01  1.20108E+00
  4.47266E-01  1.19808E+00
  4.51172E-01  1.19507E+00
  4.55078E-01  1.19204E+00
  4.58984E-01  1.18899E+00
  4.62891E-01  1.18593E+00
  4.66797E-01  1.18285E+00
  4.70703E-01  1.17975E+00
  4.74609E-01  1.17664E+00
  4.78516E-01  1.17350E+00
  4.82422E-01  1.17036E+00
  4.86328E-01  1.16719E+00
  4.90234E-01  1.16401E+00
  4.94141E-01  1.16081E+00
  4.98047E-01  1.15759E+00
  5.01953E-01  1.15436E+00
  5.05859E-01  1.15111E+00
  5.09766E-01  1.14784E+00
  5.13672E-01  1.14456E+00
  5.17578E-01  1.14126E+00
  5.21484E-01  1.13795E+00
  5.25391E-01  1.13462E+00
  5.29297E-01  1.13127E+00
  5.33203E-01  1.12791E+00
  5.37109E-01  1.12454E+00
  5.41016E-01  1.12115E+00
  5.44922E-01  1.11774E+00
  5.48828E-01  1.11433E+00
  5.52734E-01  1.11090E+00
  5.56641E-01  1.10745E+00
  5.60547E-01  1.10399E+00
  5.64453E-01  1.10052E+00
  5.68359E-01  1.09703E+00
  5.72266E-01  1.09353E+00
  5.76172E-01  1.09002E+00
  5.80078E-01  1.08649E+00
  5.83984E-01  1.08296E+00
  5.87891E-01  1.07941E+00
  5.91797E-01  1.07584E+00
  5.95703E-01  1.07227E+00
  5.99609E-01  1.06868E+00
  6.03516E-01  1.06508E+00
  6.07422E-01  1.06147E+00
  6.11328E-01  1.05785E+00
  6.15234E-01  1.05422E+00
  6.19141E-01  1.05058E+00
  6.23047E-01  1.04693E+00
  6.26953E-01  1.04327E+00
  6.30859E-01  1.03959E+00
  6.34766E-01  1.03591E+00
  6.38672E-01  1.03222E+00
  6.42578E-01  1.02853E+00
  6.46484E-01  1.02482E+00
  6.50391E-01  1.02111E+00
  6.54297E-01  1.01738E+00
  6.58203E-01  1.01365E+00
  6.62109E-01  1.00992E+00
  6.66016E-01  1.00618E+00
  6.69922E-01  1.00243E+00
  6.73828E-01  9.98674E-01
  6.77734E-01  9.94916E-01
  6.81641E-01  9.91154E-01
  6.85547E-01  9.87388E-01
  6.89453E-01  9.83621E-01
  6.93359E-01  9.79852E-01
  6.97266E-01  9.76081E-01
  7.01172E-01  9.72307E-01
  7.05078E-01  9.68533E-01
  7.08984E-01  9.64759E-01
  7.12891E-01  9.60986E-01
  7.16797E-01  9.57213E-01
  7.20703E-01  9.53443E-01
  7.24609E-01  9.49676E-01
  7.28516E-01  9.45911E-01
  7.32422E-01  9.42150E-01
  7.36328E-01  9.38394E-01
  7.40234E-01  9.34644E-01
  7.44141E-01  9.30900E-01
  7.48047E-01  9.27162E-01
  7.51953E-01  9.23433E-01
  7.55859E-01  9.19713E-01
  7.59766E-01  9.16003E-01
  7.63672E-01  9.12303E-01
  7.67578E-01  9.08615E-01
  7.71484E-01  9.04939E-01
  7.75391E-01  9.01277E-01
  7.79297E-01  8.97629E-01
  7.83203E-01  8.93995E-01
  7.87109E-01  8.90377E-01
  7.91016E-01  8.86776E-01
  7.94922E-01  8.83194E-01
  7.98828E-01  8.79630E-01
  8.02734E-01  8.76088E-01
  8.06641E-01  8.72568E-01
  8.10547E-01  8.69070E-01
  8.14453E-01  8.65598E-01
  8.18359E-01  8.62151E-01
  8.22266E-01  8.58732E-01
  8.26172E-01  8.55341E-01
  8.30078E-01  8.51982E-01
  8.33984E-01  8.48653E-01
  8.37891E-01  8.45358E-01
  8.41797E-01  8.42098E-01
  8.45703E-01  8.38874E-01
  8.49609E-01  8.35689E-01
  8.53516E-01  8.32543E-01
  8.57422E-01  8.29439E-01
  8.61328E-01  8.26378E-01
  8.65234E-01  8.23363E-01
  8.69141E-01  8.20394E-01
  8.73047E-01  8.17474E-01
  8.76953E-01  8.14603E-01
  8.80859E-01  8.11785E-01
  8.84766E-01  8.09020E-01
  8.88672E-01  8.06310E-01
  8.92578E-01  8.03657E-01
  8.96484E-01  8.01063E-01
  9.00391E-01  7.98530E-01
  9.04297E-01  7.96060E-01
  9.08203E-01  7.93656E-01
  9.12109E-01  7.91318E-01
  9.16016E-01  7.89049E-01
  9.19922E-01  7.86851E-01
  9.23828E-01  7.84726E-01
  9.27734E-01  7.82676E-01
  9.31641E-01  7.80701E-01
  9.35547E-01  7.78807E-01
  9.39453E-01  7.76992E-01
  9.43359E-01  7.75261E-01
  9.47266E-01  7.73612E-01
  9.51172E-01  7.72051E-01
  9.55078E-01  7.70576E-01
  9.58984E-01  7.69189E-01
  9.62891E-01  7.67894E-01
  9.66797E-01  7.66690E-01
  9.70703E-01  7.65581E-01
  9.74609E-01  7.64568E-01
  9.78516E-01  7.63649E-01
  9.82422E-01  7.62828E-01
  9.86328E-01  7.62107E-01
  9.90234E-01  7.61488E-01
  9.94141E-01  7.60970E-01
  9.98047E-01  7.60543E-01
  1.00195E+00  7.60545E-01
