 -1.95312E-03  1.40105E+00
  1.95312E-03  1.40108E+00
  5.85938E-03  1.40064E+00
  9.76562E-03  1.40024E+00
  1.36719E-02  1.39983E+00
  1.75781E-02  1.39939E+00
  2.14844E-02  1.39892E+00
  2.53906E-02  1.39843E+00
  2.92969E-02  1.39790E+00
  3.32031E-02  1.39734E+00
  3.71094E-02  1.39676E+00
  4.10156E-02  1.39615E+00
  4.49219E-02  1.39550E+00
  4.88281E-02  1.39483E+00
  5.27344E-02  1.39413E+00
  5.66406E-02  1.39341E+00
  6.05469E-02  1.39265E+00
  6.44531E-02  1.39187E+00
  6.83594E-02  1.39105E+00
  7.22656E-02  1.39022E+00
  7.61719E-02  1.38935E+00
  8.00781E-02  1.38845E+00
  8.39844E-02  1.38753E+00
  8.78906E-02  1.38658E+00
  9.17969E-02  1.38561E+00
  9.57031E-02  1.38460E+00
  9.96094E-02  1.38357E+00
  1.03516E-01  1.38252E+00
  1.07422E-01  1.38143E+00
  1.11328E-01  1.38033E+00
  1.15234E-01  1.37919E+00
  1.19141E-01  1.37803E+00
  1.23047E-01  1.37684E+00
  1.26953E-01  1.37563E+00
  1.30859E-01  1.37439E+00
  1.34766E-01  1.37313E+00
  1.38672E-01  1.37184E+00
  1.42578E-01  1.37052E+00
  1.46484E-01  1.36918E+00
  1.50391E-01  1.36782E+00
  1.54297E-01  1.36643E+00
  1.58203E-01  1.36501E+00
  1.62109E-01  1.36357E+00
  1.66016E-01  1.36211E+00
  1.69922E-01  1.36062E+00
  1.73828E-01  1.35911E+00
  1.77734E-01  1.35757E+00
  1.81641E-01  1.35601E+00
  1.85547E-01  1.35442E+00
  1.89453E-01  1.35281E+00
  1.93359E-01  1.35118E+00
  1.97266E-01  1.34952E+00
  2.01172E-01  1.34784E+00
  2.05078E-01  1.34613E+00
  2.08984E-01  1.34441E+00
  2.12891E-01  1.34266E+00
  2.16797E-01  1.34088E+00
  2.20703E-01  1.33908E+00
  2.24609E-01  1.33726E+00
  2.28516E-01  1.33542E+00
  2.32422E-01  1.33355E+00
  2.36328E-01  1.33166E+00
  2.40234E-01  1.32975E+00
  2.44141E-01  1.32781E+00
  2.48047E-01  1.32585E+00
  2.51953E-01  1.32387E+00
  2.55859E-01  1.32187E+00
  2.59766E-01  1.31984E+00
  2.63672E-01  1.31780E+00
  2.67578E-01  1.31573E+00
  2.71484E-01  1.31364E+00
  2.75391E-01  1.31153E+00
  2.79297E-01  1.30939E+00
  2.83203E-01  1.30724E+00
  2.87109E-01  1.30506E+00
  2.91016E-01  1.30286E+00
  2.94922E-01  1.30064E+00
  2.98828E-01  1.29839E+00
  3.02734E-01  1.29613E+00
  3.06641E-01  1.29385E+00
  3.10547E-01  1.29154E+00
  3.14453E-01  1.28921E+00
  3.18359E-01  1.28686E+00
  3.22266E-01  1.28450E+00
  3.26172E-01  1.28211E+00
  3.30078E-01  1.27970E+00
  3.33984E-01  1.27726E+00
  3.37891E-01  1.27481E+00
  3.41797E-01  1.27234E+00
  3.45703E-01  1.26985E+00
  3.49609E-01  1.26733E+00
  3.53516E-01  1.26480E+00
  3.57422E-01  1.26225E+00
  3.61328E-01  1.25967E+00
  3.65234E-01  1.25708E+00
  3.69141E-01  1.25447E+00
  3.73047E-01  1.25184E+00
  3.76953E-01  1.24918E+00
  3.80859E-01  1.24651E+00
  3.84766E-01  1.24382E+00
  3.88672E-01  1.24111E+00
  3.92578E-01  1.23838E+00
  3.96484E-01  1.23563E+00
  4.00391E-01  1.23286E+00
  4.04297E-01  1.23007E+00
  4.08203E-01  1.22726E+00
  4.12109E-01  1.22443E+00
  4.16016E-01  1.22159E+00
  4.19922E-01  1.21872E+00
  4.23828E-01  1.21584E+00
  4.27734E-01  1.21294E+00
  4.31641E-01  1.21002E+00
  4.35547E-01  1.20708E+00
  4.39453E-01  1.20412E+00
  4.43359E-01  1.20115E+00
  4.47266E-01  1.19815E+00
  4.51172E-01  1.19514E+00
  4.55078E-01  1.19211E+00
  4.58984E-01  1.18907E+00
  4.62891E-01  1.18600E+00
  4.66797E-01  1.18292E+00
  4.70703E-01  1.17982E+00
  4.74609E-01  1.17671E+00
  4.78516E-01  1.17357E+00
  4.82422E-01  1.17042E+00
  4.86328E-01  1.16725E+00
  4.90234E-01  1.16407E+00
  4.94141E-01  1.16087E+00
  4.98047E-01  1.15765E+00
  5.01953E-01  1.15442E+00
  5.05859E-01  1.15117E+00
  5.09766E-01  1.14790E+00
  5.13672E-01  1.14462E+00
  5.17578E-01  1.14132E+00
  5.21484E-01  1.13800E+00
  5.25391E-01  1.13467E+00
  5.29297E-01  1.13133E+00
  5.33203E-01  1.12797E+00
  5.37109E-01  1.12459E+00
  5.41016E-01  1.12120E+00
  5.44922E-01  1.11780E+00
  5.48828E-01  1.11438E+00
  5.52734E-01  1.11095E+00
  5.56641E-01  1.10750E+00
  5.60547E-01  1.10404E+00
  5.64453E-01  1.10057E+00
  5.68359E-01  1.09708E+00
  5.72266E-01  1.09358E+00
  5.76172E-01  1.09007E+00
  5.80078E-01  1.08654E+00
  5.83984E-01  1.08300E+00
  5.87891E-01  1.07945E+00
  5.91797E-01  1.07588E+00
  5.95703E-01  1.07231E+00
  5.99609E-01  1.06872E+00
  6.03516E-01  1.06512E+00
  6.07422E-01  1.06151E+00
  6.11328E-01  1.05789E+00
  6.15234E-01  1.05425E+00
  6.19141E-01  1.05061E+00
  6.23047E-01  1.04696E+00
  6.26953E-01  1.04330E+00
  6.30859E-01  1.03962E+00
  6.34766E-01  1.03594E+00
  6.38672E-01  1.03225E+00
  6.42578E-01  1.02855E+00
  6.46484E-01  1.02484E+00
  6.50391E-01  1.02112E+00
  6.54297E-01  1.01740E+00
  6.58203E-01  1.01367E+00
  6.62109E-01  1.00993E+00
  6.66016E-01  1.00619E+00
  6.69922E-01  1.00244E+00
  6.73828E-01  9.98683E-01
  6.77734E-01  9.94923E-01
  6.81641E-01  9.91159E-01
  6.85547E-01  9.87392E-01
  6.89453E-01  9.83622E-01
  6.93359E-01  9.79851E-01
  6.97266E-01  9.76077E-01
  7.01172E-01  9.72302E-01
  7.05078E-01  9.68526E-01
  7.08984E-01  9.64750E-01
  7.12891E-01  9.60974E-01
  7.16797E-01  9.57199E-01
  7.20703E-01  9.53426E-01
  7.24609E-01  9.49656E-01
  7.28516E-01  9.45890E-01
  7.32422E-01  9.42127E-01
  7.36328E-01  9.38368E-01
  7.40234E-01  9.34616E-01
  7.44141E-01  9.30869E-01
  7.48047E-01  9.27129E-01
  7.51953E-01  9.23398E-01
  7.55859E-01  9.19675E-01
  7.59766E-01  9.15962E-01
  7.63672E-01  9.12260E-01
  7.67578E-01  9.08570E-01
  7.71484E-01  9.04892E-01
  7.75391E-01  9.01227E-01
  7.79297E-01  8.97576E-01
  7.83203E-01  8.93940E-01
  7.87109E-01  8.90320E-01
  7.91016E-01  8.86715E-01
  7.94922E-01  8.83129E-01
  7.98828E-01  8.79563E-01
  8.02734E-01  8.76018E-01
  8.06641E-01  8.72495E-01
  8.10547E-01  8.68996E-01
  8.14453E-01  8.65521E-01
  8.18359E-01  8.62072E-01
  8.22266E-01  8.58651E-01
  8.26172E-01  8.55258E-01
  8.30078E-01  8.51896E-01
  8.33984E-01  8.48565E-01
  8.37891E-01  8.45268E-01
  8.41797E-01  8.42006E-01
  8.45703E-01  8.38780E-01
  8.49609E-01  8.35592E-01
  8.53516E-01  8.32443E-01
  8.57422E-01  8.29337E-01
  8.61328E-01  8.26274E-01
  8.65234E-01  8.23257E-01
  8.69141E-01  8.20286E-01
  8.73047E-01  8.17363E-01
  8.76953E-01  8.14491E-01
  8.80859E-01  8.11671E-01
  8.84766E-01  8.08904E-01
  8.88672E-01  8.06191E-01
  8.92578E-01  8.03536E-01
  8.96484E-01  8.00940E-01
  9.00391E-01  7.98403E-01
  9.04297E-01  7.95931E-01
  9.08203E-01  7.93524E-01
  9.12109E-01  7.91183E-01
  9.16016E-01  7.88912E-01
  9.19922E-01  7.86712E-01
  9.23828E-01  7.84585E-01
  9.27734E-01  7.82533E-01
  9.31641E-01  7.80557E-01
  9.35547E-01  7.78660E-01
  9.39453E-01  7.76845E-01
  9.43359E-01  7.75112E-01
  9.47266E-01  7.73462E-01
  9.51172E-01  7.71897E-01
  9.55078E-01  7.70420E-01
  9.58984E-01  7.69032E-01
  9.62891E-01  7.67735E-01
  9.66797E-01  7.66531E-01
  9.70703E-01  7.65419E-01
  9.74609E-01  7.64403E-01
  9.78516E-01  7.63484E-01
  9.82422E-01  7.62665E-01
  9.86328E-01  7.61944E-01
  9.90234E-01  7.61324E-01
  9.94141E-01  7.60806E-01
  9.98047E-01  7.60379E-01
  1.00195E+00  7.60382E-01
