 -1.95312E-03  1.40113E+00
  1.95312E-03  1.40116E+00
  5.85938E-03  1.40072E+00
  9.76562E-03  1.40033E+00
  1.36719E-02  1.39991E+00
  1.75781E-02  1.39947E+00
  2.14844E-02  1.39900E+00
  2.53906E-02  1.39851E+00
  2.92969E-02  1.39798E+00
  3.32031E-02  1.39743E+00
  3.71094E-02  1.39684E+00
  4.10156E-02  1.39623E+00
  4.49219E-02  1.39558E+00
  4.88281E-02  1.39491E+00
  5.27344E-02  1.39421E+00
  5.66406E-02  1.39349E+00
  6.05469E-02  1.39273E+00
  6.44531E-02  1.39195E+00
  6.83594E-02  1.39114E+00
  7.22656E-02  1.39030E+00
  7.61719E-02  1.38943E+00
  8.00781E-02  1.38853E+00
  8.39844E-02  1.38761E+00
  8.78906E-02  1.38666E+00
  9.17969E-02  1.38569E+00
  9.57031E-02  1.38468E+00
  9.96094E-02  1.38365E+00
  1.03516E-01  1.38260E+00
  1.07422E-01  1.38152E+00
  1.11328E-01  1.38041E+00
  1.15234E-01  1.37927E+00
  1.19141E-01  1.37811E+00
  1.23047E-01  1.37692E+00
  1.26953E-01  1.37571E+00
  1.30859E-01  1.37447E+00
  1.34766E-01  1.37321E+00
  1.38672E-01  1.37192E+00
  1.42578E-01  1.37060E+00
  1.46484E-01  1.36926E+00
  1.50391E-01  1.36790E+00
  1.54297E-01  1.36651E+00
  1.58203E-01  1.36509E+00
  1.62109E-01  1.36365E+00
  1.66016E-01  1.36219E+00
  1.69922E-01  1.36070E+00
  1.73828E-01  1.35919E+00
  1.77734E-01  1.35765E+00
  1.81641E-01  1.35609E+00
  1.85547E-01  1.35450E+00
  1.89453E-01  1.35289E+00
  1.93359E-01  1.35126E+00
  1.97266E-01  1.34960E+00
  2.01172E-01  1.34792E+00
  2.05078E-01  1.34622E+00
  2.08984E-01  1.34449E+00
  2.12891E-01  1.34274E+00
  2.16797E-01  1.34096E+00
  2.20703E-01  1.33916E+00
  2.24609E-01  1.33734E+00
  2.28516E-01  1.33550E+00
  2.32422E-01  1.33363E+00
  2.36328E-01  1.33174E+00
  2.40234E-01  1.32983E+00
  2.44141E-01  1.32789E+00
  2.48047E-01  1.32593E+00
  2.51953E-01  1.32395E+00
  2.55859E-01  1.32195E+00
  2.59766E-01  1.31993E+00
  2.63672E-01  1.31788E+00
  2.67578E-01  1.31581E+00
  2.71484E-01  1.31372E+00
  2.75391E-01  1.31161E+00
  2.79297E-01  1.30947E+00
  2.83203E-01  1.30732E+00
  2.87109E-01  1.30514E+00
  2.91016E-01  1.30294E+00
  2.94922E-01  1.30072E+00
  2.98828E-01  1.29847E+00
  3.02734E-01  1.29621E+00
  3.06641E-01  1.29393E+00
  3.10547E-01  1.29162E+00
  3.14453E-01  1.28929E+00
  3.18359E-01  1.28695E+00
  3.22266E-01  1.28458E+00
  3.26172E-01  1.28219E+00
  3.30078E-01  1.27978E+00
  3.33984E-01  1.27735E+00
  3.37891E-01  1.27489E+00
  3.41797E-01  1.27242E+00
  3.45703E-01  1.26993E+00
  3.49609E-01  1.26741E+00
  3.53516E-01  1.26488E+00
  3.57422E-01  1.26233E+00
  3.61328E-01  1.25975E+00
  3.65234E-01  1.25716E+00
  3.69141E-01  1.25455E+00
  3.73047E-01  1.25191E+00
  3.76953E-01  1.24926E+00
  3.80859E-01  1.24659E+00
  3.84766E-01  1.24389E+00
  3.88672E-01  1.24118E+00
  3.92578E-01  1.23845E+00
  3.96484E-01  1.23570E+00
  4.00391E-01  1.23293E+00
  4.04297E-01  1.23014E+00
  4.08203E-01  1.22733E+00
  4.12109E-01  1.22451E+00
  4.16016E-01  1.22166E+00
  4.19922E-01  1.21880E+00
  4.23828E-01  1.21591E+00
  4.27734E-01  1.21301E+00
  4.31641E-01  1.21009E+00
  4.35547E-01  1.20715E+00
  4.39453E-01  1.20419E+00
  4.43359E-01  1.20122E+00
  4.47266E-01  1.19822E+00
  4.51172E-01  1.19521E+00
  4.55078E-01  1.19218E+00
  4.58984E-01  1.18913E+00
  4.62891E-01  1.18607E+00
  4.66797E-01  1.18299E+00
  4.70703E-01  1.17989E+00
  4.74609E-01  1.17677E+00
  4.78516E-01  1.17364E+00
  4.82422E-01  1.17049E+00
  4.86328E-01  1.16732E+00
  4.90234E-01  1.16413E+00
  4.94141E-01  1.16093E+00
  4.98047E-01  1.15771E+00
  5.01953E-01  1.15448E+00
  5.05859E-01  1.15123E+00
  5.09766E-01  1.14796E+00
  5.13672E-01  1.14468E+00
  5.17578E-01  1.14138E+00
  5.21484E-01  1.13806E+00
  5.25391E-01  1.13473E+00
  5.29297E-01  1.13138E+00
  5.33203E-01  1.12802E+00
  5.37109E-01  1.12465E+00
  5.41016E-01  1.12126E+00
  5.44922E-01  1.11785E+00
  5.48828E-01  1.11443E+00
  5.52734E-01  1.11100E+00
  5.56641E-01  1.10755E+00
  5.60547E-01  1.10409E+00
  5.64453E-01  1.10062E+00
  5.68359E-01  1.09713E+00
  5.72266E-01  1.09363E+00
  5.76172E-01  1.09011E+00
  5.80078E-01  1.08658E+00
  5.83984E-01  1.08304E+00
  5.87891E-01  1.07949E+00
  5.91797E-01  1.07592E+00
  5.95703E-01  1.07235E+00
  5.99609E-01  1.06876E+00
  6.03516E-01  1.06516E+00
  6.07422E-01  1.06154E+00
  6.11328E-01  1.05792E+00
  6.15234E-01  1.05429E+00
  6.19141E-01  1.05064E+00
  6.23047E-01  1.04699E+00
  6.26953E-01  1.04332E+00
  6.30859E-01  1.03965E+00
  6.34766E-01  1.03596E+00
  6.38672E-01  1.03227E+00
  6.42578E-01  1.02857E+00
  6.46484E-01  1.02486E+00
  6.50391E-01  1.02114E+00
  6.54297E-01  1.01742E+00
  6.58203E-01  1.01369E+00
  6.62109E-01  1.00995E+00
  6.66016E-01  1.00620E+00
  6.69922E-01  1.00245E+00
  6.73828E-01  9.98692E-01
  6.77734E-01  9.94930E-01
  6.81641E-01  9.91165E-01
  6.85547E-01  9.87396E-01
  6.89453E-01  9.83625E-01
  6.93359E-01  9.79851E-01
  6.97266E-01  9.76075E-01
  7.01172E-01  9.72298E-01
  7.05078E-01  9.68520E-01
  7.08984E-01  9.64741E-01
  7.12891E-01  9.60963E-01
  7.16797E-01  9.57187E-01
  7.20703E-01  9.53413E-01
  7.24609E-01  9.49641E-01
  7.28516E-01  9.45872E-01
  7.32422E-01  9.42107E-01
  7.36328E-01  9.38346E-01
  7.40234E-01  9.34592E-01
  7.44141E-01  9.30843E-01
  7.48047E-01  9.27101E-01
  7.51953E-01  9.23367E-01
  7.55859E-01  9.19642E-01
  7.59766E-01  9.15927E-01
  7.63672E-01  9.12223E-01
  7.67578E-01  9.08530E-01
  7.71484E-01  9.04850E-01
  7.75391E-01  9.01182E-01
  7.79297E-01  8.97529E-01
  7.83203E-01  8.93891E-01
  7.87109E-01  8.90269E-01
  7.91016E-01  8.86662E-01
  7.94922E-01  8.83074E-01
  7.98828E-01  8.79507E-01
  8.02734E-01  8.75959E-01
  8.06641E-01  8.72434E-01
  8.10547E-01  8.68932E-01
  8.14453E-01  8.65455E-01
  8.18359E-01  8.62004E-01
  8.22266E-01  8.58580E-01
  8.26172E-01  8.55184E-01
  8.30078E-01  8.51819E-01
  8.33984E-01  8.48486E-01
  8.37891E-01  8.45187E-01
  8.41797E-01  8.41922E-01
  8.45703E-01  8.38694E-01
  8.49609E-01  8.35504E-01
  8.53516E-01  8.32353E-01
  8.57422E-01  8.29245E-01
  8.61328E-01  8.26180E-01
  8.65234E-01  8.23161E-01
  8.69141E-01  8.20188E-01
  8.73047E-01  8.17262E-01
  8.76953E-01  8.14388E-01
  8.80859E-01  8.11565E-01
  8.84766E-01  8.08796E-01
  8.88672E-01  8.06082E-01
  8.92578E-01  8.03425E-01
  8.96484E-01  8.00827E-01
  9.00391E-01  7.98290E-01
  9.04297E-01  7.95816E-01
  9.08203E-01  7.93407E-01
  9.12109E-01  7.91065E-01
  9.16016E-01  7.88791E-01
  9.19922E-01  7.86589E-01
  9.23828E-01  7.84460E-01
  9.27734E-01  7.82406E-01
  9.31641E-01  7.80428E-01
  9.35547E-01  7.78530E-01
  9.39453E-01  7.76712E-01
  9.43359E-01  7.74977E-01
  9.47266E-01  7.73325E-01
  9.51172E-01  7.71760E-01
  9.55078E-01  7.70281E-01
  9.58984E-01  7.68892E-01
  9.62891E-01  7.67593E-01
  9.66797E-01  7.66387E-01
  9.70703E-01  7.65275E-01
  9.74609E-01  7.64258E-01
  9.78516E-01  7.63338E-01
  9.82422E-01  7.62517E-01
  9.86328E-01  7.61795E-01
  9.90234E-01  7.61176E-01
  9.94141E-01  7.60659E-01
  9.98047E-01  7.60231E-01
  1.00195E+00  7.60234E-01
