 -1.95312E-03  1.40110E+00
  1.95312E-03  1.40114E+00
  5.85938E-03  1.40070E+00
  9.76562E-03  1.40030E+00
  1.36719E-02  1.39989E+00
  1.75781E-02  1.39945E+00
  2.14844E-02  1.39898E+00
  2.53906E-02  1.39848E+00
  2.92969E-02  1.39796E+00
  3.32031E-02  1.39740E+00
  3.71094E-02  1.39682E+00
  4.10156E-02  1.39620E+00
  4.49219E-02  1.39556E+00
  4.88281E-02  1.39489E+00
  5.27344E-02  1.39419E+00
  5.66406E-02  1.39346E+00
  6.05469E-02  1.39270E+00
  6.44531E-02  1.39192E+00
  6.83594E-02  1.39111E+00
  7.22656E-02  1.39027E+00
  7.61719E-02  1.38940E+00
  8.00781E-02  1.38851E+00
  8.39844E-02  1.38759E+00
  8.78906E-02  1.38664E+00
  9.17969E-02  1.38566E+00
  9.57031E-02  1.38466E+00
  9.96094E-02  1.38363E+00
  1.03516E-01  1.38257E+00
  1.07422E-01  1.38149E+00
  1.11328E-01  1.38038E+00
  1.15234E-01  1.37925E+00
  1.19141E-01  1.37809E+00
  1.23047E-01  1.37690E+00
  1.26953E-01  1.37569E+00
  1.30859E-01  1.37445E+00
  1.34766E-01  1.37318E+00
  1.38672E-01  1.37189E+00
  1.42578E-01  1.37058E+00
  1.46484E-01  1.36924E+00
  1.50391E-01  1.36787E+00
  1.54297E-01  1.36648E+00
  1.58203E-01  1.36507E+00
  1.62109E-01  1.36363E+00
  1.66016E-01  1.36217E+00
  1.69922E-01  1.36068E+00
  1.73828E-01  1.35916E+00
  1.77734E-01  1.35762E+00
  1.81641E-01  1.35606E+00
  1.85547E-01  1.35448E+00
  1.89453E-01  1.35287E+00
  1.93359E-01  1.35123E+00
  1.97266E-01  1.34958E+00
  2.01172E-01  1.34790E+00
  2.05078E-01  1.34619E+00
  2.08984E-01  1.34446E+00
  2.12891E-01  1.34271E+00
  2.16797E-01  1.34094E+00
  2.20703E-01  1.33914E+00
  2.24609E-01  1.33732E+00
  2.28516E-01  1.33547E+00
  2.32422E-01  1.33361E+00
  2.36328E-01  1.33172E+00
  2.40234E-01  1.32980E+00
  2.44141E-01  1.32787E+00
  2.48047E-01  1.32591E+00
  2.51953E-01  1.32393E+00
  2.55859E-01  1.32193E+00
  2.59766E-01  1.31990E+00
  2.63672E-01  1.31785E+00
  2.67578E-01  1.31579E+00
  2.71484E-01  1.31370E+00
  2.75391E-01  1.31158E+00
  2.79297E-01  1.30945E+00
  2.83203E-01  1.30729E+00
  2.87109E-01  1.30511E+00
  2.91016E-01  1.30291E+00
  2.94922E-01  1.30069E+00
  2.98828E-01  1.29845E+00
  3.02734E-01  1.29619E+00
  3.06641E-01  1.29390E+00
  3.10547E-01  1.29160E+00
  3.14453E-01  1.28927E+00
  3.18359E-01  1.28692E+00
  3.22266E-01  1.28455E+00
  3.26172E-01  1.28216E+00
  3.30078E-01  1.27975E+00
  3.33984E-01  1.27732E+00
  3.37891E-01  1.27487E+00
  3.41797E-01  1.27240E+00
  3.45703E-01  1.26990E+00
  3.49609E-01  1.26739E+00
  3.53516E-01  1.26486E+00
  3.57422E-01  1.26230E+00
  3.61328E-01  1.25973E+00
  3.65234E-01  1.25714E+00
  3.69141E-01  1.25452E+00
  3.73047E-01  1.25189E+00
  3.76953E-01  1.24924E+00
  3.80859E-01  1.24656E+00
  3.84766E-01  1.24387E+00
  3.88672E-01  1.24116E+00
  3.92578E-01  1.23843E+00
  3.96484E-01  1.23568E+00
  4.00391E-01  1.23291E+00
  4.04297E-01  1.23012E+00
  4.08203E-01  1.22731E+00
  4.12109E-01  1.22448E+00
  4.16016E-01  1.22164E+00
  4.19922E-01  1.21877E+00
  4.23828E-01  1.21589E+00
  4.27734E-01  1.21299E+00
  4.31641E-01  1.21007E+00
  4.35547E-01  1.20713E+00
  4.39453E-01  1.20417E+00
  4.43359E-01  1.20120E+00
  4.47266E-01  1.19820E+00
  4.51172E-01  1.19519E+00
  4.55078E-01  1.19216E+00
  4.58984E-01  1.18911E+00
  4.62891E-01  1.18605E+00
  4.66797E-01  1.18297E+00
  4.70703E-01  1.17987E+00
  4.74609E-01  1.17675E+00
  4.78516E-01  1.17362E+00
  4.82422E-01  1.17047E+00
  4.86328E-01  1.16730E+00
  4.90234E-01  1.16411E+00
  4.94141E-01  1.16091E+00
  4.98047E-01  1.15769E+00
  5.01953E-01  1.15446E+00
  5.05859E-01  1.15121E+00
  5.09766E-01  1.14794E+00
  5.13672E-01  1.14466E+00
  5.17578E-01  1.14136E+00
  5.21484E-01  1.13804E+00
  5.25391E-01  1.13471E+00
  5.29297E-01  1.13137E+00
  5.33203E-01  1.12801E+00
  5.37109E-01  1.12463E+00
  5.41016E-01  1.12124E+00
  5.44922E-01  1.11783E+00
  5.48828E-01  1.11442E+00
  5.52734E-01  1.11098E+00
  5.56641E-01  1.10754E+00
  5.60547E-01  1.10408E+00
  5.64453E-01  1.10060E+00
  5.68359E-01  1.09711E+00
  5.72266E-01  1.09361E+00
  5.76172E-01  1.09010E+00
  5.80078E-01  1.08657E+00
  5.83984E-01  1.08303E+00
  5.87891E-01  1.07948E+00
  5.91797E-01  1.07591E+00
  5.95703E-01  1.07233E+00
  5.99609E-01  1.06875E+00
  6.03516E-01  1.06515E+00
  6.07422E-01  1.06153E+00
  6.11328E-01  1.05791E+00
  6.15234E-01  1.05428E+00
  6.19141E-01  1.05063E+00
  6.23047E-01  1.04698E+00
  6.26953E-01  1.04331E+00
  6.30859E-01  1.03964E+00
  6.34766E-01  1.03596E+00
  6.38672E-01  1.03226E+00
  6.42578E-01  1.02856E+00
  6.46484E-01  1.02485E+00
  6.50391E-01  1.02114E+00
  6.54297E-01  1.01741E+00
  6.58203E-01  1.01368E+00
  6.62109E-01  1.00994E+00
  6.66016E-01  1.00620E+00
  6.69922E-01  1.00245E+00
  6.73828E-01  9.98690E-01
  6.77734E-01  9.94928E-01
  6.81641E-01  9.91163E-01
  6.85547E-01  9.87395E-01
  6.89453E-01  9.83623E-01
  6.93359E-01  9.79850E-01
  6.97266E-01  9.76075E-01
  7.01172E-01  9.72298E-01
  7.05078E-01  9.68521E-01
  7.08984E-01  9.64744E-01
  7.12891E-01  9.60966E-01
  7.16797E-01  9.57190E-01
  7.20703E-01  9.53416E-01
  7.24609E-01  9.49645E-01
  7.28516E-01  9.45876E-01
  7.32422E-01  9.42111E-01
  7.36328E-01  9.38352E-01
  7.40234E-01  9.34598E-01
  7.44141E-01  9.30850E-01
  7.48047E-01  9.27109E-01
  7.51953E-01  9.23376E-01
  7.55859E-01  9.19653E-01
  7.59766E-01  9.15938E-01
  7.63672E-01  9.12234E-01
  7.67578E-01  9.08542E-01
  7.71484E-01  9.04863E-01
  7.75391E-01  9.01196E-01
  7.79297E-01  8.97543E-01
  7.83203E-01  8.93905E-01
  7.87109E-01  8.90282E-01
  7.91016E-01  8.86677E-01
  7.94922E-01  8.83090E-01
  7.98828E-01  8.79523E-01
  8.02734E-01  8.75976E-01
  8.06641E-01  8.72451E-01
  8.10547E-01  8.68950E-01
  8.14453E-01  8.65473E-01
  8.18359E-01  8.62022E-01
  8.22266E-01  8.58598E-01
  8.26172E-01  8.55204E-01
  8.30078E-01  8.51840E-01
  8.33984E-01  8.48507E-01
  8.37891E-01  8.45209E-01
  8.41797E-01  8.41945E-01
  8.45703E-01  8.38718E-01
  8.49609E-01  8.35530E-01
  8.53516E-01  8.32380E-01
  8.57422E-01  8.29273E-01
  8.61328E-01  8.26209E-01
  8.65234E-01  8.23190E-01
  8.69141E-01  8.20218E-01
  8.73047E-01  8.17294E-01
  8.76953E-01  8.14421E-01
  8.80859E-01  8.11598E-01
  8.84766E-01  8.08829E-01
  8.88672E-01  8.06117E-01
  8.92578E-01  8.03460E-01
  8.96484E-01  8.00862E-01
  9.00391E-01  7.98324E-01
  9.04297E-01  7.95850E-01
  9.08203E-01  7.93442E-01
  9.12109E-01  7.91099E-01
  9.16016E-01  7.88826E-01
  9.19922E-01  7.86625E-01
  9.23828E-01  7.84497E-01
  9.27734E-01  7.82443E-01
  9.31641E-01  7.80466E-01
  9.35547E-01  7.78568E-01
  9.39453E-01  7.76751E-01
  9.43359E-01  7.75018E-01
  9.47266E-01  7.73368E-01
  9.51172E-01  7.71803E-01
  9.55078E-01  7.70326E-01
  9.58984E-01  7.68938E-01
  9.62891E-01  7.67640E-01
  9.66797E-01  7.66435E-01
  9.70703E-01  7.65325E-01
  9.74609E-01  7.64309E-01
  9.78516E-01  7.63390E-01
  9.82422E-01  7.62569E-01
  9.86328E-01  7.61849E-01
  9.90234E-01  7.61229E-01
  9.94141E-01  7.60711E-01
  9.98047E-01  7.60284E-01
  1.00195E+00  7.60286E-01
