 -1.95312E-03  1.40118E+00
  1.95312E-03  1.40121E+00
  5.85938E-03  1.40078E+00
  9.76562E-03  1.40038E+00
  1.36719E-02  1.39997E+00
  1.75781E-02  1.39953E+00
  2.14844E-02  1.39906E+00
  2.53906E-02  1.39856E+00
  2.92969E-02  1.39803E+00
  3.32031E-02  1.39748E+00
  3.71094E-02  1.39689E+00
  4.10156E-02  1.39628E+00
  4.49219E-02  1.39564E+00
  4.88281E-02  1.39497E+00
  5.27344E-02  1.39427E+00
  5.66406E-02  1.39354E+00
  6.05469E-02  1.39278E+00
  6.44531E-02  1.39200E+00
  6.83594E-02  1.39119E+00
  7.22656E-02  1.39035E+00
  7.61719E-02  1.38948E+00
  8.00781E-02  1.38859E+00
  8.39844E-02  1.38767E+00
  8.78906E-02  1.38672E+00
  9.17969E-02  1.38574E+00
  9.57031E-02  1.38474E+00
  9.96094E-02  1.38371E+00
  1.03516E-01  1.38265E+00
  1.07422E-01  1.38157E+00
  1.11328E-01  1.38046E+00
  1.15234E-01  1.37933E+00
  1.19141E-01  1.37816E+00
  1.23047E-01  1.37698E+00
  1.26953E-01  1.37576E+00
  1.30859E-01  1.37453E+00
  1.34766E-01  1.37326E+00
  1.38672E-01  1.37197E+00
  1.42578E-01  1.37066E+00
  1.46484E-01  1.36932E+00
  1.50391E-01  1.36795E+00
  1.54297E-01  1.36656E+00
  1.58203E-01  1.36515E+00
  1.62109E-01  1.36371E+00
  1.66016E-01  1.36224E+00
  1.69922E-01  1.36075E+00
  1.73828E-01  1.35924E+00
  1.77734E-01  1.35770E+00
  1.81641E-01  1.35614E+00
  1.85547E-01  1.35456E+00
  1.89453E-01  1.35295E+00
  1.93359E-01  1.35131E+00
  1.97266E-01  1.34966E+00
  2.01172E-01  1.34797E+00
  2.05078E-01  1.34627E+00
  2.08984E-01  1.34454E+00
  2.12891E-01  1.34279E+00
  2.16797E-01  1.34102E+00
  2.20703E-01  1.33922E+00
  2.24609E-01  1.33740E+00
  2.28516E-01  1.33555E+00
  2.32422E-01  1.33368E+00
  2.36328E-01  1.33179E+00
  2.40234E-01  1.32988E+00
  2.44141E-01  1.32794E+00
  2.48047E-01  1.32599E+00
  2.51953E-01  1.32401E+00
  2.55859E-01  1.32200E+00
  2.59766E-01  1.31998E+00
  2.63672E-01  1.31793E+00
  2.67578E-01  1.31586E+00
  2.71484E-01  1.31377E+00
  2.75391E-01  1.31166E+00
  2.79297E-01  1.30953E+00
  2.83203E-01  1.30737E+00
  2.87109E-01  1.30519E+00
  2.91016E-01  1.30299E+00
  2.94922E-01  1.30077E+00
  2.98828E-01  1.29853E+00
  3.02734E-01  1.29626E+00
  3.06641E-01  1.29398E+00
  3.10547E-01  1.29167E+00
  3.14453E-01  1.28934E+00
  3.18359E-01  1.28700E+00
  3.22266E-01  1.28463E+00
  3.26172E-01  1.28224E+00
  3.30078E-01  1.27983E+00
  3.33984E-01  1.27740E+00
  3.37891E-01  1.27494E+00
  3.41797E-01  1.27247E+00
  3.45703E-01  1.26998E+00
  3.49609E-01  1.26746E+00
  3.53516E-01  1.26493E+00
  3.57422E-01  1.26237E+00
  3.61328E-01  1.25980E+00
  3.65234E-01  1.25721E+00
  3.69141E-01  1.25459E+00
  3.73047E-01  1.25196E+00
  3.76953E-01  1.24931E+00
  3.80859E-01  1.24663E+00
  3.84766E-01  1.24394E+00
  3.88672E-01  1.24123E+00
  3.92578E-01  1.23850E+00
  3.96484E-01  1.23574E+00
  4.00391E-01  1.23298E+00
  4.04297E-01  1.23019E+00
  4.08203E-01  1.22738E+00
  4.12109E-01  1.22455E+00
  4.16016E-01  1.22171E+00
  4.19922E-01  1.21884E+00
  4.23828E-01  1.21596E+00
  4.27734E-01  1.21306E+00
  4.31641E-01  1.21014E+00
  4.35547E-01  1.20720E+00
  4.39453E-01  1.20424E+00
  4.43359E-01  1.20126E+00
  4.47266E-01  1.19827E+00
  4.51172E-01  1.19525E+00
  4.55078E-01  1.19222E+00
  4.58984E-01  1.18917E+00
  4.62891E-01  1.18611E+00
  4.66797E-01  1.18303E+00
  4.70703E-01  1.17993E+00
  4.74609E-01  1.17681E+00
  4.78516E-01  1.17368E+00
  4.82422E-01  1.17053E+00
  4.86328E-01  1.16736E+00
  4.90234E-01  1.16417E+00
  4.94141E-01  1.16097E+00
  4.98047E-01  1.15775E+00
  5.01953E-01  1.15452E+00
  5.05859E-01  1.15126E+00
  5.09766E-01  1.14800E+00
  5.13672E-01  1.14471E+00
  5.17578E-01  1.14141E+00
  5.21484E-01  1.13810E+00
  5.25391E-01  1.13476E+00
  5.29297E-01  1.13142E+00
  5.33203E-01  1.12805E+00
  5.37109E-01  1.12468E+00
  5.41016E-01  1.12129E+00
  5.44922E-01  1.11788E+00
  5.48828E-01  1.11446E+00
  5.52734E-01  1.11103E+00
  5.56641E-01  1.10758E+00
  5.60547E-01  1.10412E+00
  5.64453E-01  1.10064E+00
  5.68359E-01  1.09715E+00
  5.72266E-01  1.09365E+00
  5.76172E-01  1.09014E+00
  5.80078E-01  1.08661E+00
  5.83984E-01  1.08307E+00
  5.87891E-01  1.07951E+00
  5.91797E-01  1.07595E+00
  5.95703E-01  1.07237E+00
  5.99609E-01  1.06878E+00
  6.03516E-01  1.06517E+00
  6.07422E-01  1.06156E+00
  6.11328E-01  1.05794E+00
  6.15234E-01  1.05430E+00
  6.19141E-01  1.05066E+00
  6.23047E-01  1.04700E+00
  6.26953E-01  1.04334E+00
  6.30859E-01  1.03966E+00
  6.34766E-01  1.03598E+00
  6.38672E-01  1.03228E+00
  6.42578E-01  1.02858E+00
  6.46484E-01  1.02487E+00
  6.50391E-01  1.02115E+00
  6.54297E-01  1.01743E+00
  6.58203E-01  1.01370E+00
  6.62109E-01  1.00996E+00
  6.66016E-01  1.00621E+00
  6.69922E-01  1.00246E+00
  6.73828E-01  9.98698E-01
  6.77734E-01  9.94935E-01
  6.81641E-01  9.91168E-01
  6.85547E-01  9.87398E-01
  6.89453E-01  9.83625E-01
  6.93359E-01  9.79851E-01
  6.97266E-01  9.76074E-01
  7.01172E-01  9.72295E-01
  7.05078E-01  9.68515E-01
  7.08984E-01  9.64736E-01
  7.12891E-01  9.60957E-01
  7.16797E-01  9.57179E-01
  7.20703E-01  9.53403E-01
  7.24609E-01  9.49630E-01
  7.28516E-01  9.45859E-01
  7.32422E-01  9.42093E-01
  7.36328E-01  9.38331E-01
  7.40234E-01  9.34576E-01
  7.44141E-01  9.30826E-01
  7.48047E-01  9.27083E-01
  7.51953E-01  9.23348E-01
  7.55859E-01  9.19622E-01
  7.59766E-01  9.15905E-01
  7.63672E-01  9.12199E-01
  7.67578E-01  9.08505E-01
  7.71484E-01  9.04824E-01
  7.75391E-01  9.01155E-01
  7.79297E-01  8.97500E-01
  7.83203E-01  8.93861E-01
  7.87109E-01  8.90237E-01
  7.91016E-01  8.86630E-01
  7.94922E-01  8.83041E-01
  7.98828E-01  8.79471E-01
  8.02734E-01  8.75923E-01
  8.06641E-01  8.72397E-01
  8.10547E-01  8.68893E-01
  8.14453E-01  8.65415E-01
  8.18359E-01  8.61962E-01
  8.22266E-01  8.58536E-01
  8.26172E-01  8.55139E-01
  8.30078E-01  8.51772E-01
  8.33984E-01  8.48438E-01
  8.37891E-01  8.45137E-01
  8.41797E-01  8.41870E-01
  8.45703E-01  8.38640E-01
  8.49609E-01  8.35449E-01
  8.53516E-01  8.32298E-01
  8.57422E-01  8.29188E-01
  8.61328E-01  8.26121E-01
  8.65234E-01  8.23099E-01
  8.69141E-01  8.20125E-01
  8.73047E-01  8.17198E-01
  8.76953E-01  8.14322E-01
  8.80859E-01  8.11499E-01
  8.84766E-01  8.08729E-01
  8.88672E-01  8.06014E-01
  8.92578E-01  8.03356E-01
  8.96484E-01  8.00758E-01
  9.00391E-01  7.98219E-01
  9.04297E-01  7.95746E-01
  9.08203E-01  7.93337E-01
  9.12109E-01  7.90993E-01
  9.16016E-01  7.88720E-01
  9.19922E-01  7.86518E-01
  9.23828E-01  7.84387E-01
  9.27734E-01  7.82332E-01
  9.31641E-01  7.80354E-01
  9.35547E-01  7.78455E-01
  9.39453E-01  7.76635E-01
  9.43359E-01  7.74900E-01
  9.47266E-01  7.73248E-01
  9.51172E-01  7.71682E-01
  9.55078E-01  7.70203E-01
  9.58984E-01  7.68813E-01
  9.62891E-01  7.67514E-01
  9.66797E-01  7.66309E-01
  9.70703E-01  7.65195E-01
  9.74609E-01  7.64179E-01
  9.78516E-01  7.63259E-01
  9.82422E-01  7.62437E-01
  9.86328E-01  7.61715E-01
  9.90234E-01  7.61094E-01
  9.94141E-01  7.60576E-01
  9.98047E-01  7.60148E-01
  1.00195E+00  7.60151E-01
