 -1.95312E-03  1.40092E+00
  1.95312E-03  1.40095E+00
  5.85938E-03  1.40051E+00
  9.76562E-03  1.40012E+00
  1.36719E-02  1.39970E+00
  1.75781E-02  1.39926E+00
  2.14844E-02  1.39879E+00
  2.53906E-02  1.39830E+00
  2.92969E-02  1.39777E+00
  3.32031E-02  1.39722E+00
  3.71094E-02  1.39663E+00
  4.10156E-02  1.39602E+00
  4.49219E-02  1.39538E+00
  4.88281E-02  1.39471E+00
  5.27344E-02  1.39401E+00
  5.66406E-02  1.39328E+00
  6.05469E-02  1.39252E+00
  6.44531E-02  1.39174E+00
  6.83594E-02  1.39093E+00
  7.22656E-02  1.39009E+00
  7.61719E-02  1.38922E+00
  8.00781E-02  1.38833E+00
  8.39844E-02  1.38740E+00
  8.78906E-02  1.38645E+00
  9.17969E-02  1.38548E+00
  9.57031E-02  1.38447E+00
  9.96094E-02  1.38345E+00
  1.03516E-01  1.38239E+00
  1.07422E-01  1.38131E+00
  1.11328E-01  1.38020E+00
  1.15234E-01  1.37906E+00
  1.19141E-01  1.37790E+00
  1.23047E-01  1.37671E+00
  1.26953E-01  1.37550E+00
  1.30859E-01  1.37426E+00
  1.34766E-01  1.37300E+00
  1.38672E-01  1.37171E+00
  1.42578E-01  1.37039E+00
  1.46484E-01  1.36905E+00
  1.50391E-01  1.36769E+00
  1.54297E-01  1.36630E+00
  1.58203E-01  1.36488E+00
  1.62109E-01  1.36345E+00
  1.66016E-01  1.36198E+00
  1.69922E-01  1.36049E+00
  1.73828E-01  1.35898E+00
  1.77734E-01  1.35744E+00
  1.81641E-01  1.35588E+00
  1.85547E-01  1.35429E+00
  1.89453E-01  1.35268E+00
  1.93359E-01  1.35105E+00
  1.97266E-01  1.34939E+00
  2.01172E-01  1.34771E+00
  2.05078E-01  1.34601E+00
  2.08984E-01  1.34428E+00
  2.12891E-01  1.34253E+00
  2.16797E-01  1.34075E+00
  2.20703E-01  1.33895E+00
  2.24609E-01  1.33713E+00
  2.28516E-01  1.33529E+00
  2.32422E-01  1.33342E+00
  2.36328E-01  1.33153E+00
  2.40234E-01  1.32962E+00
  2.44141E-01  1.32768E+00
  2.48047E-01  1.32573E+00
  2.51953E-01  1.32374E+00
  2.55859E-01  1.32174E+00
  2.59766E-01  1.31972E+00
  2.63672E-01  1.31767E+00
  2.67578E-01  1.31560E+00
  2.71484E-01  1.31351E+00
  2.75391E-01  1.31140E+00
  2.79297E-01  1.30927E+00
  2.83203E-01  1.30711E+00
  2.87109E-01  1.30493E+00
  2.91016E-01  1.30273E+00
  2.94922E-01  1.30051E+00
  2.98828E-01  1.29827E+00
  3.02734E-01  1.29601E+00
  3.06641E-01  1.29372E+00
  3.10547E-01  1.29142E+00
  3.14453E-01  1.28909E+00
  3.18359E-01  1.28674E+00
  3.22266E-01  1.28437E+00
  3.26172E-01  1.28199E+00
  3.30078E-01  1.27957E+00
  3.33984E-01  1.27714E+00
  3.37891E-01  1.27469E+00
  3.41797E-01  1.27222E+00
  3.45703E-01  1.26973E+00
  3.49609E-01  1.26721E+00
  3.53516E-01  1.26468E+00
  3.57422E-01  1.26213E+00
  3.61328E-01  1.25956E+00
  3.65234E-01  1.25696E+00
  3.69141E-01  1.25435E+00
  3.73047E-01  1.25172E+00
  3.76953E-01  1.24907E+00
  3.80859E-01  1.24640E+00
  3.84766E-01  1.24370E+00
  3.88672E-01  1.24099E+00
  3.92578E-01  1.23826E+00
  3.96484E-01  1.23551E+00
  4.00391E-01  1.23274E+00
  4.04297E-01  1.22995E+00
  4.08203E-01  1.22715E+00
  4.12109E-01  1.22432E+00
  4.16016E-01  1.22148E+00
  4.19922E-01  1.21861E+00
  4.23828E-01  1.21573E+00
  4.27734E-01  1.21283E+00
  4.31641E-01  1.20991E+00
  4.35547E-01  1.20697E+00
  4.39453E-01  1.20402E+00
  4.43359E-01  1.20104E+00
  4.47266E-01  1.19805E+00
  4.51172E-01  1.19504E+00
  4.55078E-01  1.19201E+00
  4.58984E-01  1.18896E+00
  4.62891E-01  1.18590E+00
  4.66797E-01  1.18282E+00
  4.70703E-01  1.17972E+00
  4.74609E-01  1.17660E+00
  4.78516E-01  1.17347E+00
  4.82422E-01  1.17032E+00
  4.86328E-01  1.16716E+00
  4.90234E-01  1.16397E+00
  4.94141E-01  1.16077E+00
  4.98047E-01  1.15756E+00
  5.01953E-01  1.15432E+00
  5.05859E-01  1.15107E+00
  5.09766E-01  1.14781E+00
  5.13672E-01  1.14453E+00
  5.17578E-01  1.14123E+00
  5.21484E-01  1.13792E+00
  5.25391E-01  1.13459E+00
  5.29297E-01  1.13124E+00
  5.33203E-01  1.12788E+00
  5.37109E-01  1.12451E+00
  5.41016E-01  1.12112E+00
  5.44922E-01  1.11772E+00
  5.48828E-01  1.11430E+00
  5.52734E-01  1.11087E+00
  5.56641E-01  1.10743E+00
  5.60547E-01  1.10397E+00
  5.64453E-01  1.10049E+00
  5.68359E-01  1.09701E+00
  5.72266E-01  1.09351E+00
  5.76172E-01  1.09000E+00
  5.80078E-01  1.08647E+00
  5.83984E-01  1.08293E+00
  5.87891E-01  1.07938E+00
  5.91797E-01  1.07582E+00
  5.95703E-01  1.07225E+00
  5.99609E-01  1.06866E+00
  6.03516E-01  1.06507E+00
  6.07422E-01  1.06146E+00
  6.11328E-01  1.05784E+00
  6.15234E-01  1.05421E+00
  6.19141E-01  1.05056E+00
  6.23047E-01  1.04691E+00
  6.26953E-01  1.04325E+00
  6.30859E-01  1.03958E+00
  6.34766E-01  1.03590E+00
  6.38672E-01  1.03221E+00
  6.42578E-01  1.02851E+00
  6.46484E-01  1.02481E+00
  6.50391E-01  1.02109E+00
  6.54297E-01  1.01737E+00
  6.58203E-01  1.01365E+00
  6.62109E-01  1.00991E+00
  6.66016E-01  1.00617E+00
  6.69922E-01  1.00242E+00
  6.73828E-01  9.98670E-01
  6.77734E-01  9.94912E-01
  6.81641E-01  9.91152E-01
  6.85547E-01  9.87388E-01
  6.89453E-01  9.83621E-01
  6.93359E-01  9.79852E-01
  6.97266E-01  9.76082E-01
  7.01172E-01  9.72310E-01
  7.05078E-01  9.68537E-01
  7.08984E-01  9.64764E-01
  7.12891E-01  9.60991E-01
  7.16797E-01  9.57220E-01
  7.20703E-01  9.53451E-01
  7.24609E-01  9.49685E-01
  7.28516E-01  9.45921E-01
  7.32422E-01  9.42162E-01
  7.36328E-01  9.38407E-01
  7.40234E-01  9.34658E-01
  7.44141E-01  9.30916E-01
  7.48047E-01  9.27180E-01
  7.51953E-01  9.23452E-01
  7.55859E-01  9.19733E-01
  7.59766E-01  9.16024E-01
  7.63672E-01  9.12325E-01
  7.67578E-01  9.08638E-01
  7.71484E-01  9.04964E-01
  7.75391E-01  9.01303E-01
  7.79297E-01  8.97656E-01
  7.83203E-01  8.94023E-01
  7.87109E-01  8.90407E-01
  7.91016E-01  8.86807E-01
  7.94922E-01  8.83225E-01
  7.98828E-01  8.79664E-01
  8.02734E-01  8.76123E-01
  8.06641E-01  8.72604E-01
  8.10547E-01  8.69108E-01
  8.14453E-01  8.65637E-01
  8.18359E-01  8.62192E-01
  8.22266E-01  8.58774E-01
  8.26172E-01  8.55384E-01
  8.30078E-01  8.52025E-01
  8.33984E-01  8.48698E-01
  8.37891E-01  8.45404E-01
  8.41797E-01  8.42145E-01
  8.45703E-01  8.38923E-01
  8.49609E-01  8.35739E-01
  8.53516E-01  8.32594E-01
  8.57422E-01  8.29492E-01
  8.61328E-01  8.26432E-01
  8.65234E-01  8.23418E-01
  8.69141E-01  8.20452E-01
  8.73047E-01  8.17533E-01
  8.76953E-01  8.14664E-01
  8.80859E-01  8.11847E-01
  8.84766E-01  8.09084E-01
  8.88672E-01  8.06375E-01
  8.92578E-01  8.03722E-01
  8.96484E-01  8.01129E-01
  9.00391E-01  7.98597E-01
  9.04297E-01  7.96129E-01
  9.08203E-01  7.93725E-01
  9.12109E-01  7.91387E-01
  9.16016E-01  7.89118E-01
  9.19922E-01  7.86921E-01
  9.23828E-01  7.84797E-01
  9.27734E-01  7.82748E-01
  9.31641E-01  7.80775E-01
  9.35547E-01  7.78881E-01
  9.39453E-01  7.77068E-01
  9.43359E-01  7.75338E-01
  9.47266E-01  7.73691E-01
  9.51172E-01  7.72129E-01
  9.55078E-01  7.70654E-01
  9.58984E-01  7.69269E-01
  9.62891E-01  7.67974E-01
  9.66797E-01  7.66770E-01
  9.70703E-01  7.65661E-01
  9.74609E-01  7.64647E-01
  9.78516E-01  7.63728E-01
  9.82422E-01  7.62907E-01
  9.86328E-01  7.62186E-01
  9.90234E-01  7.61566E-01
  9.94141E-01  7.61049E-01
  9.98047E-01  7.60621E-01
  1.00195E+00  7.60624E-01
