 -1.95312E-03  1.40113E+00
  1.95312E-03  1.40117E+00
  5.85938E-03  1.40073E+00
  9.76562E-03  1.40033E+00
  1.36719E-02  1.39992E+00
  1.75781E-02  1.39948E+00
  2.14844E-02  1.39901E+00
  2.53906E-02  1.39852E+00
  2.92969E-02  1.39799E+00
  3.32031E-02  1.39743E+00
  3.71094E-02  1.39685E+00
  4.10156E-02  1.39624E+00
  4.49219E-02  1.39559E+00
  4.88281E-02  1.39492E+00
  5.27344E-02  1.39422E+00
  5.66406E-02  1.39350E+00
  6.05469E-02  1.39274E+00
  6.44531E-02  1.39196E+00
  6.83594E-02  1.39114E+00
  7.22656E-02  1.39030E+00
  7.61719E-02  1.38944E+00
  8.00781E-02  1.38854E+00
  8.39844E-02  1.38762E+00
  8.78906E-02  1.38667E+00
  9.17969E-02  1.38570E+00
  9.57031E-02  1.38469E+00
  9.96094E-02  1.38366E+00
  1.03516E-01  1.38261E+00
  1.07422E-01  1.38152E+00
  1.11328E-01  1.38042E+00
  1.15234E-01  1.37928E+00
  1.19141E-01  1.37812E+00
  1.23047E-01  1.37693E+00
  1.26953E-01  1.37572E+00
  1.30859E-01  1.37448E+00
  1.34766E-01  1.37322E+00
  1.38672E-01  1.37193E+00
  1.42578E-01  1.37061E+00
  1.46484E-01  1.36927E+00
  1.50391E-01  1.36791E+00
  1.54297E-01  1.36652E+00
  1.58203E-01  1.36510E+00
  1.62109E-01  1.36366E+00
  1.66016E-01  1.36220E+00
  1.69922E-01  1.36071E+00
  1.73828E-01  1.35920E+00
  1.77734E-01  1.35766E+00
  1.81641E-01  1.35610E+00
  1.85547E-01  1.35451E+00
  1.89453E-01  1.35290E+00
  1.93359E-01  1.35127E+00
  1.97266E-01  1.34961E+00
  2.01172E-01  1.34793E+00
  2.05078E-01  1.34623E+00
  2.08984E-01  1.34450E+00
  2.12891E-01  1.34275E+00
  2.16797E-01  1.34097E+00
  2.20703E-01  1.33917E+00
  2.24609E-01  1.33735E+00
  2.28516E-01  1.33551E+00
  2.32422E-01  1.33364E+00
  2.36328E-01  1.33175E+00
  2.40234E-01  1.32984E+00
  2.44141E-01  1.32790E+00
  2.48047E-01  1.32594E+00
  2.51953E-01  1.32396E+00
  2.55859E-01  1.32196E+00
  2.59766E-01  1.31994E+00
  2.63672E-01  1.31789E+00
  2.67578E-01  1.31582E+00
  2.71484E-01  1.31373E+00
  2.75391E-01  1.31162E+00
  2.79297E-01  1.30948E+00
  2.83203E-01  1.30733E+00
  2.87109E-01  1.30515E+00
  2.91016E-01  1.30295E+00
  2.94922E-01  1.30073E+00
  2.98828E-01  1.29848E+00
  3.02734E-01  1.29622E+00
  3.06641E-01  1.29394E+00
  3.10547E-01  1.29163E+00
  3.14453E-01  1.28930E+00
  3.18359E-01  1.28695E+00
  3.22266E-01  1.28459E+00
  3.26172E-01  1.28220E+00
  3.30078E-01  1.27979E+00
  3.33984E-01  1.27735E+00
  3.37891E-01  1.27490E+00
  3.41797E-01  1.27243E+00
  3.45703E-01  1.26993E+00
  3.49609E-01  1.26742E+00
  3.53516E-01  1.26489E+00
  3.57422E-01  1.26233E+00
  3.61328E-01  1.25976E+00
  3.65234E-01  1.25717E+00
  3.69141E-01  1.25455E+00
  3.73047E-01  1.25192E+00
  3.76953E-01  1.24927E+00
  3.80859E-01  1.24659E+00
  3.84766E-01  1.24390E+00
  3.88672E-01  1.24119E+00
  3.92578E-01  1.23846E+00
  3.96484E-01  1.23571E+00
  4.00391E-01  1.23294E+00
  4.04297E-01  1.23015E+00
  4.08203E-01  1.22734E+00
  4.12109E-01  1.22451E+00
  4.16016E-01  1.22167E+00
  4.19922E-01  1.21880E+00
  4.23828E-01  1.21592E+00
  4.27734E-01  1.21302E+00
  4.31641E-01  1.21010E+00
  4.35547E-01  1.20716E+00
  4.39453E-01  1.20420E+00
  4.43359E-01  1.20122E+00
  4.47266E-01  1.19823E+00
  4.51172E-01  1.19522E+00
  4.55078E-01  1.19219E+00
  4.58984E-01  1.18914E+00
  4.62891E-01  1.18607E+00
  4.66797E-01  1.18299E+00
  4.70703E-01  1.17989E+00
  4.74609E-01  1.17678E+00
  4.78516E-01  1.17364E+00
  4.82422E-01  1.17049E+00
  4.86328E-01  1.16732E+00
  4.90234E-01  1.16414E+00
  4.94141E-01  1.16094E+00
  4.98047E-01  1.15772E+00
  5.01953E-01  1.15448E+00
  5.05859E-01  1.15123E+00
  5.09766E-01  1.14797E+00
  5.13672E-01  1.14468E+00
  5.17578E-01  1.14138E+00
  5.21484E-01  1.13807E+00
  5.25391E-01  1.13473E+00
  5.29297E-01  1.13139E+00
  5.33203E-01  1.12803E+00
  5.37109E-01  1.12465E+00
  5.41016E-01  1.12126E+00
  5.44922E-01  1.11786E+00
  5.48828E-01  1.11444E+00
  5.52734E-01  1.11100E+00
  5.56641E-01  1.10756E+00
  5.60547E-01  1.10410E+00
  5.64453E-01  1.10062E+00
  5.68359E-01  1.09713E+00
  5.72266E-01  1.09363E+00
  5.76172E-01  1.09012E+00
  5.80078E-01  1.08659E+00
  5.83984E-01  1.08305E+00
  5.87891E-01  1.07949E+00
  5.91797E-01  1.07593E+00
  5.95703E-01  1.07235E+00
  5.99609E-01  1.06876E+00
  6.03516E-01  1.06516E+00
  6.07422E-01  1.06155E+00
  6.11328E-01  1.05792E+00
  6.15234E-01  1.05429E+00
  6.19141E-01  1.05064E+00
  6.23047E-01  1.04699E+00
  6.26953E-01  1.04333E+00
  6.30859E-01  1.03965E+00
  6.34766E-01  1.03597E+00
  6.38672E-01  1.03227E+00
  6.42578E-01  1.02857E+00
  6.46484E-01  1.02486E+00
  6.50391E-01  1.02115E+00
  6.54297E-01  1.01742E+00
  6.58203E-01  1.01369E+00
  6.62109E-01  1.00995E+00
  6.66016E-01  1.00620E+00
  6.69922E-01  1.00245E+00
  6.73828E-01  9.98693E-01
  6.77734E-01  9.94931E-01
  6.81641E-01  9.91165E-01
  6.85547E-01  9.87396E-01
  6.89453E-01  9.83624E-01
  6.93359E-01  9.79850E-01
  6.97266E-01  9.76075E-01
  7.01172E-01  9.72297E-01
  7.05078E-01  9.68520E-01
  7.08984E-01  9.64741E-01
  7.12891E-01  9.60963E-01
  7.16797E-01  9.57186E-01
  7.20703E-01  9.53411E-01
  7.24609E-01  9.49639E-01
  7.28516E-01  9.45870E-01
  7.32422E-01  9.42105E-01
  7.36328E-01  9.38344E-01
  7.40234E-01  9.34590E-01
  7.44141E-01  9.30841E-01
  7.48047E-01  9.27099E-01
  7.51953E-01  9.23364E-01
  7.55859E-01  9.19640E-01
  7.59766E-01  9.15924E-01
  7.63672E-01  9.12219E-01
  7.67578E-01  9.08526E-01
  7.71484E-01  9.04846E-01
  7.75391E-01  9.01178E-01
  7.79297E-01  8.97525E-01
  7.83203E-01  8.93886E-01
  7.87109E-01  8.90263E-01
  7.91016E-01  8.86657E-01
  7.94922E-01  8.83069E-01
  7.98828E-01  8.79501E-01
  8.02734E-01  8.75953E-01
  8.06641E-01  8.72428E-01
  8.10547E-01  8.68925E-01
  8.14453E-01  8.65448E-01
  8.18359E-01  8.61997E-01
  8.22266E-01  8.58572E-01
  8.26172E-01  8.55177E-01
  8.30078E-01  8.51812E-01
  8.33984E-01  8.48479E-01
  8.37891E-01  8.45179E-01
  8.41797E-01  8.41915E-01
  8.45703E-01  8.38686E-01
  8.49609E-01  8.35496E-01
  8.53516E-01  8.32345E-01
  8.57422E-01  8.29237E-01
  8.61328E-01  8.26172E-01
  8.65234E-01  8.23152E-01
  8.69141E-01  8.20179E-01
  8.73047E-01  8.17254E-01
  8.76953E-01  8.14380E-01
  8.80859E-01  8.11558E-01
  8.84766E-01  8.08789E-01
  8.88672E-01  8.06074E-01
  8.92578E-01  8.03416E-01
  8.96484E-01  8.00818E-01
  9.00391E-01  7.98281E-01
  9.04297E-01  7.95807E-01
  9.08203E-01  7.93398E-01
  9.12109E-01  7.91056E-01
  9.16016E-01  7.88782E-01
  9.19922E-01  7.86579E-01
  9.23828E-01  7.84449E-01
  9.27734E-01  7.82394E-01
  9.31641E-01  7.80416E-01
  9.35547E-01  7.78517E-01
  9.39453E-01  7.76698E-01
  9.43359E-01  7.74962E-01
  9.47266E-01  7.73310E-01
  9.51172E-01  7.71744E-01
  9.55078E-01  7.70266E-01
  9.58984E-01  7.68876E-01
  9.62891E-01  7.67577E-01
  9.66797E-01  7.66370E-01
  9.70703E-01  7.65258E-01
  9.74609E-01  7.64242E-01
  9.78516E-01  7.63322E-01
  9.82422E-01  7.62502E-01
  9.86328E-01  7.61782E-01
  9.90234E-01  7.61162E-01
  9.94141E-01  7.60644E-01
  9.98047E-01  7.60216E-01
  1.00195E+00  7.60219E-01
