 -1.95312E-03  1.40095E+00
  1.95312E-03  1.40098E+00
  5.85938E-03  1.40054E+00
  9.76562E-03  1.40015E+00
  1.36719E-02  1.39973E+00
  1.75781E-02  1.39929E+00
  2.14844E-02  1.39883E+00
  2.53906E-02  1.39833E+00
  2.92969E-02  1.39780E+00
  3.32031E-02  1.39725E+00
  3.71094E-02  1.39666E+00
  4.10156E-02  1.39605E+00
  4.49219E-02  1.39541E+00
  4.88281E-02  1.39474E+00
  5.27344E-02  1.39404E+00
  5.66406E-02  1.39331E+00
  6.05469E-02  1.39255E+00
  6.44531E-02  1.39177E+00
  6.83594E-02  1.39096E+00
  7.22656E-02  1.39012E+00
  7.61719E-02  1.38925E+00
  8.00781E-02  1.38836E+00
  8.39844E-02  1.38743E+00
  8.78906E-02  1.38648E+00
  9.17969E-02  1.38551E+00
  9.57031E-02  1.38450E+00
  9.96094E-02  1.38348E+00
  1.03516E-01  1.38242E+00
  1.07422E-01  1.38134E+00
  1.11328E-01  1.38023E+00
  1.15234E-01  1.37909E+00
  1.19141E-01  1.37793E+00
  1.23047E-01  1.37674E+00
  1.26953E-01  1.37553E+00
  1.30859E-01  1.37429E+00
  1.34766E-01  1.37303E+00
  1.38672E-01  1.37174E+00
  1.42578E-01  1.37042E+00
  1.46484E-01  1.36908E+00
  1.50391E-01  1.36772E+00
  1.54297E-01  1.36633E+00
  1.58203E-01  1.36491E+00
  1.62109E-01  1.36347E+00
  1.66016E-01  1.36201E+00
  1.69922E-01  1.36052E+00
  1.73828E-01  1.35901E+00
  1.77734E-01  1.35747E+00
  1.81641E-01  1.35591E+00
  1.85547E-01  1.35432E+00
  1.89453E-01  1.35271E+00
  1.93359E-01  1.35108E+00
  1.97266E-01  1.34942E+00
  2.01172E-01  1.34774E+00
  2.05078E-01  1.34604E+00
  2.08984E-01  1.34431E+00
  2.12891E-01  1.34256E+00
  2.16797E-01  1.34078E+00
  2.20703E-01  1.33898E+00
  2.24609E-01  1.33716E+00
  2.28516E-01  1.33532E+00
  2.32422E-01  1.33345E+00
  2.36328E-01  1.33156E+00
  2.40234E-01  1.32965E+00
  2.44141E-01  1.32771E+00
  2.48047E-01  1.32575E+00
  2.51953E-01  1.32377E+00
  2.55859E-01  1.32177E+00
  2.59766E-01  1.31975E+00
  2.63672E-01  1.31770E+00
  2.67578E-01  1.31563E+00
  2.71484E-01  1.31354E+00
  2.75391E-01  1.31143E+00
  2.79297E-01  1.30930E+00
  2.83203E-01  1.30714E+00
  2.87109E-01  1.30496E+00
  2.91016E-01  1.30276E+00
  2.94922E-01  1.30054E+00
  2.98828E-01  1.29830E+00
  3.02734E-01  1.29604E+00
  3.06641E-01  1.29375E+00
  3.10547E-01  1.29145E+00
  3.14453E-01  1.28912E+00
  3.18359E-01  1.28677E+00
  3.22266E-01  1.28440E+00
  3.26172E-01  1.28201E+00
  3.30078E-01  1.27960E+00
  3.33984E-01  1.27717E+00
  3.37891E-01  1.27472E+00
  3.41797E-01  1.27225E+00
  3.45703E-01  1.26976E+00
  3.49609E-01  1.26724E+00
  3.53516E-01  1.26471E+00
  3.57422E-01  1.26216E+00
  3.61328E-01  1.25959E+00
  3.65234E-01  1.25699E+00
  3.69141E-01  1.25438E+00
  3.73047E-01  1.25175E+00
  3.76953E-01  1.24910E+00
  3.80859E-01  1.24642E+00
  3.84766E-01  1.24373E+00
  3.88672E-01  1.24102E+00
  3.92578E-01  1.23829E+00
  3.96484E-01  1.23554E+00
  4.00391E-01  1.23277E+00
  4.04297E-01  1.22998E+00
  4.08203E-01  1.22717E+00
  4.12109E-01  1.22435E+00
  4.16016E-01  1.22150E+00
  4.19922E-01  1.21864E+00
  4.23828E-01  1.21576E+00
  4.27734E-01  1.21286E+00
  4.31641E-01  1.20994E+00
  4.35547E-01  1.20700E+00
  4.39453E-01  1.20404E+00
  4.43359E-01  1.20107E+00
  4.47266E-01  1.19807E+00
  4.51172E-01  1.19506E+00
  4.55078E-01  1.19203E+00
  4.58984E-01  1.18899E+00
  4.62891E-01  1.18592E+00
  4.66797E-01  1.18284E+00
  4.70703E-01  1.17974E+00
  4.74609E-01  1.17663E+00
  4.78516E-01  1.17350E+00
  4.82422E-01  1.17035E+00
  4.86328E-01  1.16718E+00
  4.90234E-01  1.16400E+00
  4.94141E-01  1.16080E+00
  4.98047E-01  1.15758E+00
  5.01953E-01  1.15435E+00
  5.05859E-01  1.15110E+00
  5.09766E-01  1.14783E+00
  5.13672E-01  1.14455E+00
  5.17578E-01  1.14125E+00
  5.21484E-01  1.13794E+00
  5.25391E-01  1.13461E+00
  5.29297E-01  1.13126E+00
  5.33203E-01  1.12790E+00
  5.37109E-01  1.12453E+00
  5.41016E-01  1.12114E+00
  5.44922E-01  1.11774E+00
  5.48828E-01  1.11432E+00
  5.52734E-01  1.11089E+00
  5.56641E-01  1.10744E+00
  5.60547E-01  1.10398E+00
  5.64453E-01  1.10051E+00
  5.68359E-01  1.09703E+00
  5.72266E-01  1.09353E+00
  5.76172E-01  1.09001E+00
  5.80078E-01  1.08649E+00
  5.83984E-01  1.08295E+00
  5.87891E-01  1.07940E+00
  5.91797E-01  1.07584E+00
  5.95703E-01  1.07226E+00
  5.99609E-01  1.06868E+00
  6.03516E-01  1.06508E+00
  6.07422E-01  1.06147E+00
  6.11328E-01  1.05785E+00
  6.15234E-01  1.05422E+00
  6.19141E-01  1.05058E+00
  6.23047E-01  1.04692E+00
  6.26953E-01  1.04326E+00
  6.30859E-01  1.03959E+00
  6.34766E-01  1.03591E+00
  6.38672E-01  1.03222E+00
  6.42578E-01  1.02852E+00
  6.46484E-01  1.02482E+00
  6.50391E-01  1.02110E+00
  6.54297E-01  1.01738E+00
  6.58203E-01  1.01365E+00
  6.62109E-01  1.00992E+00
  6.66016E-01  1.00617E+00
  6.69922E-01  1.00243E+00
  6.73828E-01  9.98673E-01
  6.77734E-01  9.94915E-01
  6.81641E-01  9.91153E-01
  6.85547E-01  9.87389E-01
  6.89453E-01  9.83621E-01
  6.93359E-01  9.79852E-01
  6.97266E-01  9.76081E-01
  7.01172E-01  9.72308E-01
  7.05078E-01  9.68535E-01
  7.08984E-01  9.64761E-01
  7.12891E-01  9.60988E-01
  7.16797E-01  9.57216E-01
  7.20703E-01  9.53445E-01
  7.24609E-01  9.49678E-01
  7.28516E-01  9.45914E-01
  7.32422E-01  9.42154E-01
  7.36328E-01  9.38398E-01
  7.40234E-01  9.34648E-01
  7.44141E-01  9.30904E-01
  7.48047E-01  9.27167E-01
  7.51953E-01  9.23439E-01
  7.55859E-01  9.19719E-01
  7.59766E-01  9.16009E-01
  7.63672E-01  9.12309E-01
  7.67578E-01  9.08622E-01
  7.71484E-01  9.04947E-01
  7.75391E-01  9.01285E-01
  7.79297E-01  8.97637E-01
  7.83203E-01  8.94003E-01
  7.87109E-01  8.90386E-01
  7.91016E-01  8.86785E-01
  7.94922E-01  8.83202E-01
  7.98828E-01  8.79640E-01
  8.02734E-01  8.76098E-01
  8.06641E-01  8.72578E-01
  8.10547E-01  8.69081E-01
  8.14453E-01  8.65609E-01
  8.18359E-01  8.62162E-01
  8.22266E-01  8.58742E-01
  8.26172E-01  8.55352E-01
  8.30078E-01  8.51993E-01
  8.33984E-01  8.48665E-01
  8.37891E-01  8.45371E-01
  8.41797E-01  8.42112E-01
  8.45703E-01  8.38889E-01
  8.49609E-01  8.35703E-01
  8.53516E-01  8.32559E-01
  8.57422E-01  8.29455E-01
  8.61328E-01  8.26395E-01
  8.65234E-01  8.23381E-01
  8.69141E-01  8.20413E-01
  8.73047E-01  8.17494E-01
  8.76953E-01  8.14626E-01
  8.80859E-01  8.11809E-01
  8.84766E-01  8.09045E-01
  8.88672E-01  8.06336E-01
  8.92578E-01  8.03683E-01
  8.96484E-01  8.01089E-01
  9.00391E-01  7.98556E-01
  9.04297E-01  7.96086E-01
  9.08203E-01  7.93682E-01
  9.12109E-01  7.91344E-01
  9.16016E-01  7.89074E-01
  9.19922E-01  7.86876E-01
  9.23828E-01  7.84752E-01
  9.27734E-01  7.82703E-01
  9.31641E-01  7.80730E-01
  9.35547E-01  7.78836E-01
  9.39453E-01  7.77023E-01
  9.43359E-01  7.75293E-01
  9.47266E-01  7.73645E-01
  9.51172E-01  7.72084E-01
  9.55078E-01  7.70609E-01
  9.58984E-01  7.69224E-01
  9.62891E-01  7.67928E-01
  9.66797E-01  7.66725E-01
  9.70703E-01  7.65615E-01
  9.74609E-01  7.64602E-01
  9.78516E-01  7.63683E-01
  9.82422E-01  7.62863E-01
  9.86328E-01  7.62142E-01
  9.90234E-01  7.61524E-01
  9.94141E-01  7.61005E-01
  9.98047E-01  7.60577E-01
  1.00195E+00  7.60580E-01
