 -1.95312E-03  1.40123E+00
  1.95312E-03  1.40127E+00
  5.85938E-03  1.40083E+00
  9.76562E-03  1.40043E+00
  1.36719E-02  1.40002E+00
  1.75781E-02  1.39958E+00
  2.14844E-02  1.39911E+00
  2.53906E-02  1.39862E+00
  2.92969E-02  1.39809E+00
  3.32031E-02  1.39754E+00
  3.71094E-02  1.39695E+00
  4.10156E-02  1.39634E+00
  4.49219E-02  1.39570E+00
  4.88281E-02  1.39503E+00
  5.27344E-02  1.39433E+00
  5.66406E-02  1.39360E+00
  6.05469E-02  1.39284E+00
  6.44531E-02  1.39206E+00
  6.83594E-02  1.39125E+00
  7.22656E-02  1.39041E+00
  7.61719E-02  1.38954E+00
  8.00781E-02  1.38865E+00
  8.39844E-02  1.38773E+00
  8.78906E-02  1.38678E+00
  9.17969E-02  1.38580E+00
  9.57031E-02  1.38480E+00
  9.96094E-02  1.38377E+00
  1.03516E-01  1.38271E+00
  1.07422E-01  1.38163E+00
  1.11328E-01  1.38052E+00
  1.15234E-01  1.37939E+00
  1.19141E-01  1.37823E+00
  1.23047E-01  1.37704E+00
  1.26953E-01  1.37583E+00
  1.30859E-01  1.37459E+00
  1.34766E-01  1.37332E+00
  1.38672E-01  1.37203E+00
  1.42578E-01  1.37072E+00
  1.46484E-01  1.36938E+00
  1.50391E-01  1.36801E+00
  1.54297E-01  1.36662E+00
  1.58203E-01  1.36521E+00
  1.62109E-01  1.36377E+00
  1.66016E-01  1.36231E+00
  1.69922E-01  1.36082E+00
  1.73828E-01  1.35930E+00
  1.77734E-01  1.35776E+00
  1.81641E-01  1.35620E+00
  1.85547E-01  1.35462E+00
  1.89453E-01  1.35301E+00
  1.93359E-01  1.35137E+00
  1.97266E-01  1.34972E+00
  2.01172E-01  1.34804E+00
  2.05078E-01  1.34633E+00
  2.08984E-01  1.34460E+00
  2.12891E-01  1.34285E+00
  2.16797E-01  1.34108E+00
  2.20703E-01  1.33928E+00
  2.24609E-01  1.33746E+00
  2.28516E-01  1.33561E+00
  2.32422E-01  1.33375E+00
  2.36328E-01  1.33186E+00
  2.40234E-01  1.32994E+00
  2.44141E-01  1.32801E+00
  2.48047E-01  1.32605E+00
  2.51953E-01  1.32407E+00
  2.55859E-01  1.32206E+00
  2.59766E-01  1.32004E+00
  2.63672E-01  1.31799E+00
  2.67578E-01  1.31592E+00
  2.71484E-01  1.31383E+00
  2.75391E-01  1.31172E+00
  2.79297E-01  1.30958E+00
  2.83203E-01  1.30743E+00
  2.87109E-01  1.30525E+00
  2.91016E-01  1.30305E+00
  2.94922E-01  1.30083E+00
  2.98828E-01  1.29858E+00
  3.02734E-01  1.29632E+00
  3.06641E-01  1.29404E+00
  3.10547E-01  1.29173E+00
  3.14453E-01  1.28940E+00
  3.18359E-01  1.28705E+00
  3.22266E-01  1.28468E+00
  3.26172E-01  1.28229E+00
  3.30078E-01  1.27988E+00
  3.33984E-01  1.27745E+00
  3.37891E-01  1.27500E+00
  3.41797E-01  1.27252E+00
  3.45703E-01  1.27003E+00
  3.49609E-01  1.26752E+00
  3.53516E-01  1.26498E+00
  3.57422E-01  1.26243E+00
  3.61328E-01  1.25986E+00
  3.65234E-01  1.25726E+00
  3.69141E-01  1.25465E+00
  3.73047E-01  1.25201E+00
  3.76953E-01  1.24936E+00
  3.80859E-01  1.24669E+00
  3.84766E-01  1.24399E+00
  3.88672E-01  1.24128E+00
  3.92578E-01  1.23855E+00
  3.96484E-01  1.23580E+00
  4.00391E-01  1.23303E+00
  4.04297E-01  1.23024E+00
  4.08203E-01  1.22743E+00
  4.12109E-01  1.22460E+00
  4.16016E-01  1.22176E+00
  4.19922E-01  1.21889E+00
  4.23828E-01  1.21601E+00
  4.27734E-01  1.21310E+00
  4.31641E-01  1.21018E+00
  4.35547E-01  1.20724E+00
  4.39453E-01  1.20428E+00
  4.43359E-01  1.20131E+00
  4.47266E-01  1.19831E+00
  4.51172E-01  1.19530E+00
  4.55078E-01  1.19227E+00
  4.58984E-01  1.18922E+00
  4.62891E-01  1.18616E+00
  4.66797E-01  1.18307E+00
  4.70703E-01  1.17997E+00
  4.74609E-01  1.17686E+00
  4.78516E-01  1.17372E+00
  4.82422E-01  1.17057E+00
  4.86328E-01  1.16740E+00
  4.90234E-01  1.16422E+00
  4.94141E-01  1.16101E+00
  4.98047E-01  1.15779E+00
  5.01953E-01  1.15456E+00
  5.05859E-01  1.15131E+00
  5.09766E-01  1.14804E+00
  5.13672E-01  1.14475E+00
  5.17578E-01  1.14145E+00
  5.21484E-01  1.13814E+00
  5.25391E-01  1.13480E+00
  5.29297E-01  1.13146E+00
  5.33203E-01  1.12809E+00
  5.37109E-01  1.12472E+00
  5.41016E-01  1.12132E+00
  5.44922E-01  1.11792E+00
  5.48828E-01  1.11450E+00
  5.52734E-01  1.11106E+00
  5.56641E-01  1.10761E+00
  5.60547E-01  1.10415E+00
  5.64453E-01  1.10067E+00
  5.68359E-01  1.09718E+00
  5.72266E-01  1.09368E+00
  5.76172E-01  1.09016E+00
  5.80078E-01  1.08663E+00
  5.83984E-01  1.08309E+00
  5.87891E-01  1.07954E+00
  5.91797E-01  1.07597E+00
  5.95703E-01  1.07239E+00
  5.99609E-01  1.06880E+00
  6.03516E-01  1.06520E+00
  6.07422E-01  1.06158E+00
  6.11328E-01  1.05796E+00
  6.15234E-01  1.05432E+00
  6.19141E-01  1.05068E+00
  6.23047E-01  1.04702E+00
  6.26953E-01  1.04335E+00
  6.30859E-01  1.03968E+00
  6.34766E-01  1.03599E+00
  6.38672E-01  1.03230E+00
  6.42578E-01  1.02859E+00
  6.46484E-01  1.02488E+00
  6.50391E-01  1.02116E+00
  6.54297E-01  1.01744E+00
  6.58203E-01  1.01370E+00
  6.62109E-01  1.00996E+00
  6.66016E-01  1.00622E+00
  6.69922E-01  1.00246E+00
  6.73828E-01  9.98701E-01
  6.77734E-01  9.94937E-01
  6.81641E-01  9.91170E-01
  6.85547E-01  9.87399E-01
  6.89453E-01  9.83625E-01
  6.93359E-01  9.79849E-01
  6.97266E-01  9.76070E-01
  7.01172E-01  9.72291E-01
  7.05078E-01  9.68510E-01
  7.08984E-01  9.64729E-01
  7.12891E-01  9.60949E-01
  7.16797E-01  9.57169E-01
  7.20703E-01  9.53392E-01
  7.24609E-01  9.49617E-01
  7.28516E-01  9.45846E-01
  7.32422E-01  9.42078E-01
  7.36328E-01  9.38315E-01
  7.40234E-01  9.34557E-01
  7.44141E-01  9.30805E-01
  7.48047E-01  9.27060E-01
  7.51953E-01  9.23324E-01
  7.55859E-01  9.19597E-01
  7.59766E-01  9.15879E-01
  7.63672E-01  9.12171E-01
  7.67578E-01  9.08475E-01
  7.71484E-01  9.04792E-01
  7.75391E-01  9.01122E-01
  7.79297E-01  8.97465E-01
  7.83203E-01  8.93823E-01
  7.87109E-01  8.90197E-01
  7.91016E-01  8.86587E-01
  7.94922E-01  8.82996E-01
  7.98828E-01  8.79425E-01
  8.02734E-01  8.75874E-01
  8.06641E-01  8.72345E-01
  8.10547E-01  8.68840E-01
  8.14453E-01  8.65359E-01
  8.18359E-01  8.61905E-01
  8.22266E-01  8.58477E-01
  8.26172E-01  8.55078E-01
  8.30078E-01  8.51711E-01
  8.33984E-01  8.48374E-01
  8.37891E-01  8.45070E-01
  8.41797E-01  8.41801E-01
  8.45703E-01  8.38570E-01
  8.49609E-01  8.35377E-01
  8.53516E-01  8.32223E-01
  8.57422E-01  8.29110E-01
  8.61328E-01  8.26041E-01
  8.65234E-01  8.23017E-01
  8.69141E-01  8.20041E-01
  8.73047E-01  8.17112E-01
  8.76953E-01  8.14234E-01
  8.80859E-01  8.11409E-01
  8.84766E-01  8.08637E-01
  8.88672E-01  8.05921E-01
  8.92578E-01  8.03261E-01
  8.96484E-01  8.00660E-01
  9.00391E-01  7.98120E-01
  9.04297E-01  7.95644E-01
  9.08203E-01  7.93233E-01
  9.12109E-01  7.90889E-01
  9.16016E-01  7.88615E-01
  9.19922E-01  7.86411E-01
  9.23828E-01  7.84279E-01
  9.27734E-01  7.82221E-01
  9.31641E-01  7.80241E-01
  9.35547E-01  7.78339E-01
  9.39453E-01  7.76519E-01
  9.43359E-01  7.74782E-01
  9.47266E-01  7.73128E-01
  9.51172E-01  7.71561E-01
  9.55078E-01  7.70080E-01
  9.58984E-01  7.68688E-01
  9.62891E-01  7.67386E-01
  9.66797E-01  7.66177E-01
  9.70703E-01  7.65062E-01
  9.74609E-01  7.64043E-01
  9.78516E-01  7.63122E-01
  9.82422E-01  7.62300E-01
  9.86328E-01  7.61578E-01
  9.90234E-01  7.60956E-01
  9.94141E-01  7.60439E-01
  9.98047E-01  7.60012E-01
  1.00195E+00  7.60015E-01
