 -1.95312E-03  1.40119E+00
  1.95312E-03  1.40123E+00
  5.85938E-03  1.40079E+00
  9.76562E-03  1.40040E+00
  1.36719E-02  1.39999E+00
  1.75781E-02  1.39955E+00
  2.14844E-02  1.39908E+00
  2.53906E-02  1.39858E+00
  2.92969E-02  1.39806E+00
  3.32031E-02  1.39750E+00
  3.71094E-02  1.39692E+00
  4.10156E-02  1.39630E+00
  4.49219E-02  1.39566E+00
  4.88281E-02  1.39499E+00
  5.27344E-02  1.39429E+00
  5.66406E-02  1.39356E+00
  6.05469E-02  1.39281E+00
  6.44531E-02  1.39202E+00
  6.83594E-02  1.39121E+00
  7.22656E-02  1.39037E+00
  7.61719E-02  1.38950E+00
  8.00781E-02  1.38861E+00
  8.39844E-02  1.38769E+00
  8.78906E-02  1.38674E+00
  9.17969E-02  1.38576E+00
  9.57031E-02  1.38476E+00
  9.96094E-02  1.38373E+00
  1.03516E-01  1.38267E+00
  1.07422E-01  1.38159E+00
  1.11328E-01  1.38048E+00
  1.15234E-01  1.37935E+00
  1.19141E-01  1.37819E+00
  1.23047E-01  1.37700E+00
  1.26953E-01  1.37578E+00
  1.30859E-01  1.37455E+00
  1.34766E-01  1.37328E+00
  1.38672E-01  1.37199E+00
  1.42578E-01  1.37068E+00
  1.46484E-01  1.36934E+00
  1.50391E-01  1.36797E+00
  1.54297E-01  1.36658E+00
  1.58203E-01  1.36517E+00
  1.62109E-01  1.36373E+00
  1.66016E-01  1.36226E+00
  1.69922E-01  1.36078E+00
  1.73828E-01  1.35926E+00
  1.77734E-01  1.35772E+00
  1.81641E-01  1.35616E+00
  1.85547E-01  1.35458E+00
  1.89453E-01  1.35297E+00
  1.93359E-01  1.35133E+00
  1.97266E-01  1.34968E+00
  2.01172E-01  1.34800E+00
  2.05078E-01  1.34629E+00
  2.08984E-01  1.34456E+00
  2.12891E-01  1.34281E+00
  2.16797E-01  1.34104E+00
  2.20703E-01  1.33924E+00
  2.24609E-01  1.33742E+00
  2.28516E-01  1.33557E+00
  2.32422E-01  1.33371E+00
  2.36328E-01  1.33182E+00
  2.40234E-01  1.32990E+00
  2.44141E-01  1.32797E+00
  2.48047E-01  1.32601E+00
  2.51953E-01  1.32403E+00
  2.55859E-01  1.32202E+00
  2.59766E-01  1.32000E+00
  2.63672E-01  1.31795E+00
  2.67578E-01  1.31588E+00
  2.71484E-01  1.31379E+00
  2.75391E-01  1.31168E+00
  2.79297E-01  1.30955E+00
  2.83203E-01  1.30739E+00
  2.87109E-01  1.30521E+00
  2.91016E-01  1.30301E+00
  2.94922E-01  1.30079E+00
  2.98828E-01  1.29855E+00
  3.02734E-01  1.29628E+00
  3.06641E-01  1.29400E+00
  3.10547E-01  1.29169E+00
  3.14453E-01  1.28936E+00
  3.18359E-01  1.28702E+00
  3.22266E-01  1.28465E+00
  3.26172E-01  1.28226E+00
  3.30078E-01  1.27985E+00
  3.33984E-01  1.27741E+00
  3.37891E-01  1.27496E+00
  3.41797E-01  1.27249E+00
  3.45703E-01  1.27000E+00
  3.49609E-01  1.26748E+00
  3.53516E-01  1.26495E+00
  3.57422E-01  1.26239E+00
  3.61328E-01  1.25982E+00
  3.65234E-01  1.25723E+00
  3.69141E-01  1.25461E+00
  3.73047E-01  1.25198E+00
  3.76953E-01  1.24933E+00
  3.80859E-01  1.24665E+00
  3.84766E-01  1.24396E+00
  3.88672E-01  1.24125E+00
  3.92578E-01  1.23852E+00
  3.96484E-01  1.23576E+00
  4.00391E-01  1.23299E+00
  4.04297E-01  1.23020E+00
  4.08203E-01  1.22740E+00
  4.12109E-01  1.22457E+00
  4.16016E-01  1.22172E+00
  4.19922E-01  1.21886E+00
  4.23828E-01  1.21597E+00
  4.27734E-01  1.21307E+00
  4.31641E-01  1.21015E+00
  4.35547E-01  1.20721E+00
  4.39453E-01  1.20425E+00
  4.43359E-01  1.20128E+00
  4.47266E-01  1.19828E+00
  4.51172E-01  1.19527E+00
  4.55078E-01  1.19224E+00
  4.58984E-01  1.18919E+00
  4.62891E-01  1.18612E+00
  4.66797E-01  1.18304E+00
  4.70703E-01  1.17994E+00
  4.74609E-01  1.17683E+00
  4.78516E-01  1.17369E+00
  4.82422E-01  1.17054E+00
  4.86328E-01  1.16737E+00
  4.90234E-01  1.16419E+00
  4.94141E-01  1.16098E+00
  4.98047E-01  1.15777E+00
  5.01953E-01  1.15453E+00
  5.05859E-01  1.15128E+00
  5.09766E-01  1.14801E+00
  5.13672E-01  1.14473E+00
  5.17578E-01  1.14143E+00
  5.21484E-01  1.13811E+00
  5.25391E-01  1.13478E+00
  5.29297E-01  1.13143E+00
  5.33203E-01  1.12807E+00
  5.37109E-01  1.12469E+00
  5.41016E-01  1.12130E+00
  5.44922E-01  1.11789E+00
  5.48828E-01  1.11447E+00
  5.52734E-01  1.11104E+00
  5.56641E-01  1.10759E+00
  5.60547E-01  1.10413E+00
  5.64453E-01  1.10065E+00
  5.68359E-01  1.09716E+00
  5.72266E-01  1.09366E+00
  5.76172E-01  1.09014E+00
  5.80078E-01  1.08662E+00
  5.83984E-01  1.08307E+00
  5.87891E-01  1.07952E+00
  5.91797E-01  1.07595E+00
  5.95703E-01  1.07237E+00
  5.99609E-01  1.06878E+00
  6.03516E-01  1.06518E+00
  6.07422E-01  1.06157E+00
  6.11328E-01  1.05794E+00
  6.15234E-01  1.05431E+00
  6.19141E-01  1.05066E+00
  6.23047E-01  1.04701E+00
  6.26953E-01  1.04334E+00
  6.30859E-01  1.03967E+00
  6.34766E-01  1.03598E+00
  6.38672E-01  1.03229E+00
  6.42578E-01  1.02859E+00
  6.46484E-01  1.02488E+00
  6.50391E-01  1.02116E+00
  6.54297E-01  1.01743E+00
  6.58203E-01  1.01370E+00
  6.62109E-01  1.00996E+00
  6.66016E-01  1.00621E+00
  6.69922E-01  1.00246E+00
  6.73828E-01  9.98699E-01
  6.77734E-01  9.94935E-01
  6.81641E-01  9.91168E-01
  6.85547E-01  9.87398E-01
  6.89453E-01  9.83625E-01
  6.93359E-01  9.79850E-01
  6.97266E-01  9.76072E-01
  7.01172E-01  9.72293E-01
  7.05078E-01  9.68513E-01
  7.08984E-01  9.64733E-01
  7.12891E-01  9.60954E-01
  7.16797E-01  9.57176E-01
  7.20703E-01  9.53400E-01
  7.24609E-01  9.49626E-01
  7.28516E-01  9.45856E-01
  7.32422E-01  9.42089E-01
  7.36328E-01  9.38326E-01
  7.40234E-01  9.34570E-01
  7.44141E-01  9.30819E-01
  7.48047E-01  9.27076E-01
  7.51953E-01  9.23340E-01
  7.55859E-01  9.19613E-01
  7.59766E-01  9.15897E-01
  7.63672E-01  9.12190E-01
  7.67578E-01  9.08495E-01
  7.71484E-01  9.04813E-01
  7.75391E-01  9.01143E-01
  7.79297E-01  8.97488E-01
  7.83203E-01  8.93848E-01
  7.87109E-01  8.90224E-01
  7.91016E-01  8.86616E-01
  7.94922E-01  8.83026E-01
  7.98828E-01  8.79456E-01
  8.02734E-01  8.75906E-01
  8.06641E-01  8.72379E-01
  8.10547E-01  8.68875E-01
  8.14453E-01  8.65395E-01
  8.18359E-01  8.61942E-01
  8.22266E-01  8.58515E-01
  8.26172E-01  8.55118E-01
  8.30078E-01  8.51752E-01
  8.33984E-01  8.48416E-01
  8.37891E-01  8.45114E-01
  8.41797E-01  8.41848E-01
  8.45703E-01  8.38617E-01
  8.49609E-01  8.35425E-01
  8.53516E-01  8.32273E-01
  8.57422E-01  8.29163E-01
  8.61328E-01  8.26095E-01
  8.65234E-01  8.23073E-01
  8.69141E-01  8.20098E-01
  8.73047E-01  8.17170E-01
  8.76953E-01  8.14294E-01
  8.80859E-01  8.11470E-01
  8.84766E-01  8.08700E-01
  8.88672E-01  8.05984E-01
  8.92578E-01  8.03325E-01
  8.96484E-01  8.00726E-01
  9.00391E-01  7.98187E-01
  9.04297E-01  7.95713E-01
  9.08203E-01  7.93303E-01
  9.12109E-01  7.90959E-01
  9.16016E-01  7.88686E-01
  9.19922E-01  7.86483E-01
  9.23828E-01  7.84352E-01
  9.27734E-01  7.82297E-01
  9.31641E-01  7.80318E-01
  9.35547E-01  7.78418E-01
  9.39453E-01  7.76599E-01
  9.43359E-01  7.74862E-01
  9.47266E-01  7.73209E-01
  9.51172E-01  7.71643E-01
  9.55078E-01  7.70163E-01
  9.58984E-01  7.68772E-01
  9.62891E-01  7.67471E-01
  9.66797E-01  7.66264E-01
  9.70703E-01  7.65151E-01
  9.74609E-01  7.64133E-01
  9.78516E-01  7.63212E-01
  9.82422E-01  7.62389E-01
  9.86328E-01  7.61667E-01
  9.90234E-01  7.61047E-01
  9.94141E-01  7.60530E-01
  9.98047E-01  7.60102E-01
  1.00195E+00  7.60105E-01
