 -1.95312E-03  1.40120E+00
  1.95312E-03  1.40124E+00
  5.85938E-03  1.40081E+00
  9.76562E-03  1.40041E+00
  1.36719E-02  1.40000E+00
  1.75781E-02  1.39956E+00
  2.14844E-02  1.39909E+00
  2.53906E-02  1.39859E+00
  2.92969E-02  1.39807E+00
  3.32031E-02  1.39751E+00
  3.71094E-02  1.39693E+00
  4.10156E-02  1.39632E+00
  4.49219E-02  1.39567E+00
  4.88281E-02  1.39500E+00
  5.27344E-02  1.39430E+00
  5.66406E-02  1.39358E+00
  6.05469E-02  1.39282E+00
  6.44531E-02  1.39204E+00
  6.83594E-02  1.39123E+00
  7.22656E-02  1.39039E+00
  7.61719E-02  1.38952E+00
  8.00781E-02  1.38862E+00
  8.39844E-02  1.38770E+00
  8.78906E-02  1.38675E+00
  9.17969E-02  1.38578E+00
  9.57031E-02  1.38477E+00
  9.96094E-02  1.38374E+00
  1.03516E-01  1.38269E+00
  1.07422E-01  1.38161E+00
  1.11328E-01  1.38050E+00
  1.15234E-01  1.37936E+00
  1.19141E-01  1.37820E+00
  1.23047E-01  1.37701E+00
  1.26953E-01  1.37580E+00
  1.30859E-01  1.37456E+00
  1.34766E-01  1.37330E+00
  1.38672E-01  1.37201E+00
  1.42578E-01  1.37069E+00
  1.46484E-01  1.36935E+00
  1.50391E-01  1.36799E+00
  1.54297E-01  1.36660E+00
  1.58203E-01  1.36518E+00
  1.62109E-01  1.36374E+00
  1.66016E-01  1.36228E+00
  1.69922E-01  1.36079E+00
  1.73828E-01  1.35928E+00
  1.77734E-01  1.35774E+00
  1.81641E-01  1.35618E+00
  1.85547E-01  1.35459E+00
  1.89453E-01  1.35298E+00
  1.93359E-01  1.35135E+00
  1.97266E-01  1.34969E+00
  2.01172E-01  1.34801E+00
  2.05078E-01  1.34631E+00
  2.08984E-01  1.34458E+00
  2.12891E-01  1.34283E+00
  2.16797E-01  1.34105E+00
  2.20703E-01  1.33925E+00
  2.24609E-01  1.33743E+00
  2.28516E-01  1.33559E+00
  2.32422E-01  1.33372E+00
  2.36328E-01  1.33183E+00
  2.40234E-01  1.32992E+00
  2.44141E-01  1.32798E+00
  2.48047E-01  1.32602E+00
  2.51953E-01  1.32404E+00
  2.55859E-01  1.32204E+00
  2.59766E-01  1.32001E+00
  2.63672E-01  1.31797E+00
  2.67578E-01  1.31590E+00
  2.71484E-01  1.31381E+00
  2.75391E-01  1.31169E+00
  2.79297E-01  1.30956E+00
  2.83203E-01  1.30740E+00
  2.87109E-01  1.30522E+00
  2.91016E-01  1.30302E+00
  2.94922E-01  1.30080E+00
  2.98828E-01  1.29856E+00
  3.02734E-01  1.29630E+00
  3.06641E-01  1.29401E+00
  3.10547E-01  1.29171E+00
  3.14453E-01  1.28938E+00
  3.18359E-01  1.28703E+00
  3.22266E-01  1.28466E+00
  3.26172E-01  1.28227E+00
  3.30078E-01  1.27986E+00
  3.33984E-01  1.27743E+00
  3.37891E-01  1.27498E+00
  3.41797E-01  1.27250E+00
  3.45703E-01  1.27001E+00
  3.49609E-01  1.26749E+00
  3.53516E-01  1.26496E+00
  3.57422E-01  1.26241E+00
  3.61328E-01  1.25983E+00
  3.65234E-01  1.25724E+00
  3.69141E-01  1.25463E+00
  3.73047E-01  1.25199E+00
  3.76953E-01  1.24934E+00
  3.80859E-01  1.24667E+00
  3.84766E-01  1.24397E+00
  3.88672E-01  1.24126E+00
  3.92578E-01  1.23853E+00
  3.96484E-01  1.23578E+00
  4.00391E-01  1.23301E+00
  4.04297E-01  1.23022E+00
  4.08203E-01  1.22741E+00
  4.12109E-01  1.22458E+00
  4.16016E-01  1.22173E+00
  4.19922E-01  1.21887E+00
  4.23828E-01  1.21599E+00
  4.27734E-01  1.21308E+00
  4.31641E-01  1.21016E+00
  4.35547E-01  1.20722E+00
  4.39453E-01  1.20426E+00
  4.43359E-01  1.20129E+00
  4.47266E-01  1.19829E+00
  4.51172E-01  1.19528E+00
  4.55078E-01  1.19225E+00
  4.58984E-01  1.18920E+00
  4.62891E-01  1.18614E+00
  4.66797E-01  1.18305E+00
  4.70703E-01  1.17995E+00
  4.74609E-01  1.17684E+00
  4.78516E-01  1.17370E+00
  4.82422E-01  1.17055E+00
  4.86328E-01  1.16738E+00
  4.90234E-01  1.16420E+00
  4.94141E-01  1.16099E+00
  4.98047E-01  1.15778E+00
  5.01953E-01  1.15454E+00
  5.05859E-01  1.15129E+00
  5.09766E-01  1.14802E+00
  5.13672E-01  1.14474E+00
  5.17578E-01  1.14143E+00
  5.21484E-01  1.13812E+00
  5.25391E-01  1.13478E+00
  5.29297E-01  1.13144E+00
  5.33203E-01  1.12807E+00
  5.37109E-01  1.12470E+00
  5.41016E-01  1.12131E+00
  5.44922E-01  1.11790E+00
  5.48828E-01  1.11448E+00
  5.52734E-01  1.11105E+00
  5.56641E-01  1.10760E+00
  5.60547E-01  1.10414E+00
  5.64453E-01  1.10066E+00
  5.68359E-01  1.09717E+00
  5.72266E-01  1.09367E+00
  5.76172E-01  1.09015E+00
  5.80078E-01  1.08662E+00
  5.83984E-01  1.08308E+00
  5.87891E-01  1.07952E+00
  5.91797E-01  1.07596E+00
  5.95703E-01  1.07238E+00
  5.99609E-01  1.06879E+00
  6.03516E-01  1.06519E+00
  6.07422E-01  1.06157E+00
  6.11328E-01  1.05795E+00
  6.15234E-01  1.05431E+00
  6.19141E-01  1.05067E+00
  6.23047E-01  1.04701E+00
  6.26953E-01  1.04335E+00
  6.30859E-01  1.03967E+00
  6.34766E-01  1.03599E+00
  6.38672E-01  1.03229E+00
  6.42578E-01  1.02859E+00
  6.46484E-01  1.02488E+00
  6.50391E-01  1.02116E+00
  6.54297E-01  1.01743E+00
  6.58203E-01  1.01370E+00
  6.62109E-01  1.00996E+00
  6.66016E-01  1.00621E+00
  6.69922E-01  1.00246E+00
  6.73828E-01  9.98700E-01
  6.77734E-01  9.94936E-01
  6.81641E-01  9.91169E-01
  6.85547E-01  9.87398E-01
  6.89453E-01  9.83625E-01
  6.93359E-01  9.79850E-01
  6.97266E-01  9.76072E-01
  7.01172E-01  9.72293E-01
  7.05078E-01  9.68513E-01
  7.08984E-01  9.64732E-01
  7.12891E-01  9.60953E-01
  7.16797E-01  9.57174E-01
  7.20703E-01  9.53398E-01
  7.24609E-01  9.49624E-01
  7.28516E-01  9.45853E-01
  7.32422E-01  9.42085E-01
  7.36328E-01  9.38323E-01
  7.40234E-01  9.34565E-01
  7.44141E-01  9.30815E-01
  7.48047E-01  9.27071E-01
  7.51953E-01  9.23335E-01
  7.55859E-01  9.19608E-01
  7.59766E-01  9.15890E-01
  7.63672E-01  9.12184E-01
  7.67578E-01  9.08488E-01
  7.71484E-01  9.04806E-01
  7.75391E-01  9.01136E-01
  7.79297E-01  8.97480E-01
  7.83203E-01  8.93838E-01
  7.87109E-01  8.90213E-01
  7.91016E-01  8.86605E-01
  7.94922E-01  8.83015E-01
  7.98828E-01  8.79445E-01
  8.02734E-01  8.75895E-01
  8.06641E-01  8.72367E-01
  8.10547E-01  8.68863E-01
  8.14453E-01  8.65383E-01
  8.18359E-01  8.61928E-01
  8.22266E-01  8.58501E-01
  8.26172E-01  8.55103E-01
  8.30078E-01  8.51736E-01
  8.33984E-01  8.48400E-01
  8.37891E-01  8.45097E-01
  8.41797E-01  8.41830E-01
  8.45703E-01  8.38599E-01
  8.49609E-01  8.35408E-01
  8.53516E-01  8.32255E-01
  8.57422E-01  8.29144E-01
  8.61328E-01  8.26075E-01
  8.65234E-01  8.23052E-01
  8.69141E-01  8.20077E-01
  8.73047E-01  8.17149E-01
  8.76953E-01  8.14272E-01
  8.80859E-01  8.11447E-01
  8.84766E-01  8.08676E-01
  8.88672E-01  8.05960E-01
  8.92578E-01  8.03300E-01
  8.96484E-01  8.00701E-01
  9.00391E-01  7.98161E-01
  9.04297E-01  7.95687E-01
  9.08203E-01  7.93276E-01
  9.12109E-01  7.90931E-01
  9.16016E-01  7.88657E-01
  9.19922E-01  7.86453E-01
  9.23828E-01  7.84321E-01
  9.27734E-01  7.82265E-01
  9.31641E-01  7.80285E-01
  9.35547E-01  7.78383E-01
  9.39453E-01  7.76564E-01
  9.43359E-01  7.74828E-01
  9.47266E-01  7.73174E-01
  9.51172E-01  7.71607E-01
  9.55078E-01  7.70127E-01
  9.58984E-01  7.68736E-01
  9.62891E-01  7.67435E-01
  9.66797E-01  7.66227E-01
  9.70703E-01  7.65113E-01
  9.74609E-01  7.64096E-01
  9.78516E-01  7.63175E-01
  9.82422E-01  7.62352E-01
  9.86328E-01  7.61630E-01
  9.90234E-01  7.61010E-01
  9.94141E-01  7.60493E-01
  9.98047E-01  7.60065E-01
  1.00195E+00  7.60069E-01
