 -1.95312E-03  1.40125E+00
  1.95312E-03  1.40129E+00
  5.85938E-03  1.40085E+00
  9.76562E-03  1.40045E+00
  1.36719E-02  1.40004E+00
  1.75781E-02  1.39960E+00
  2.14844E-02  1.39913E+00
  2.53906E-02  1.39864E+00
  2.92969E-02  1.39811E+00
  3.32031E-02  1.39756E+00
  3.71094E-02  1.39697E+00
  4.10156E-02  1.39636E+00
  4.49219E-02  1.39572E+00
  4.88281E-02  1.39505E+00
  5.27344E-02  1.39435E+00
  5.66406E-02  1.39362E+00
  6.05469E-02  1.39286E+00
  6.44531E-02  1.39208E+00
  6.83594E-02  1.39127E+00
  7.22656E-02  1.39043E+00
  7.61719E-02  1.38956E+00
  8.00781E-02  1.38867E+00
  8.39844E-02  1.38775E+00
  8.78906E-02  1.38680E+00
  9.17969E-02  1.38582E+00
  9.57031E-02  1.38482E+00
  9.96094E-02  1.38379E+00
  1.03516E-01  1.38274E+00
  1.07422E-01  1.38165E+00
  1.11328E-01  1.38054E+00
  1.15234E-01  1.37941E+00
  1.19141E-01  1.37825E+00
  1.23047E-01  1.37706E+00
  1.26953E-01  1.37585E+00
  1.30859E-01  1.37461E+00
  1.34766E-01  1.37335E+00
  1.38672E-01  1.37206E+00
  1.42578E-01  1.37074E+00
  1.46484E-01  1.36940E+00
  1.50391E-01  1.36804E+00
  1.54297E-01  1.36665E+00
  1.58203E-01  1.36523E+00
  1.62109E-01  1.36379E+00
  1.66016E-01  1.36233E+00
  1.69922E-01  1.36084E+00
  1.73828E-01  1.35933E+00
  1.77734E-01  1.35779E+00
  1.81641E-01  1.35623E+00
  1.85547E-01  1.35464E+00
  1.89453E-01  1.35303E+00
  1.93359E-01  1.35140E+00
  1.97266E-01  1.34974E+00
  2.01172E-01  1.34806E+00
  2.05078E-01  1.34635E+00
  2.08984E-01  1.34463E+00
  2.12891E-01  1.34287E+00
  2.16797E-01  1.34110E+00
  2.20703E-01  1.33930E+00
  2.24609E-01  1.33748E+00
  2.28516E-01  1.33563E+00
  2.32422E-01  1.33377E+00
  2.36328E-01  1.33188E+00
  2.40234E-01  1.32996E+00
  2.44141E-01  1.32803E+00
  2.48047E-01  1.32607E+00
  2.51953E-01  1.32409E+00
  2.55859E-01  1.32208E+00
  2.59766E-01  1.32006E+00
  2.63672E-01  1.31801E+00
  2.67578E-01  1.31594E+00
  2.71484E-01  1.31385E+00
  2.75391E-01  1.31174E+00
  2.79297E-01  1.30960E+00
  2.83203E-01  1.30745E+00
  2.87109E-01  1.30527E+00
  2.91016E-01  1.30307E+00
  2.94922E-01  1.30085E+00
  2.98828E-01  1.29860E+00
  3.02734E-01  1.29634E+00
  3.06641E-01  1.29406E+00
  3.10547E-01  1.29175E+00
  3.14453E-01  1.28942E+00
  3.18359E-01  1.28707E+00
  3.22266E-01  1.28470E+00
  3.26172E-01  1.28231E+00
  3.30078E-01  1.27990E+00
  3.33984E-01  1.27747E+00
  3.37891E-01  1.27502E+00
  3.41797E-01  1.27254E+00
  3.45703E-01  1.27005E+00
  3.49609E-01  1.26754E+00
  3.53516E-01  1.26500E+00
  3.57422E-01  1.26245E+00
  3.61328E-01  1.25987E+00
  3.65234E-01  1.25728E+00
  3.69141E-01  1.25467E+00
  3.73047E-01  1.25203E+00
  3.76953E-01  1.24938E+00
  3.80859E-01  1.24671E+00
  3.84766E-01  1.24401E+00
  3.88672E-01  1.24130E+00
  3.92578E-01  1.23857E+00
  3.96484E-01  1.23582E+00
  4.00391E-01  1.23304E+00
  4.04297E-01  1.23025E+00
  4.08203E-01  1.22745E+00
  4.12109E-01  1.22462E+00
  4.16016E-01  1.22177E+00
  4.19922E-01  1.21891E+00
  4.23828E-01  1.21602E+00
  4.27734E-01  1.21312E+00
  4.31641E-01  1.21020E+00
  4.35547E-01  1.20726E+00
  4.39453E-01  1.20430E+00
  4.43359E-01  1.20132E+00
  4.47266E-01  1.19833E+00
  4.51172E-01  1.19532E+00
  4.55078E-01  1.19228E+00
  4.58984E-01  1.18924E+00
  4.62891E-01  1.18617E+00
  4.66797E-01  1.18309E+00
  4.70703E-01  1.17999E+00
  4.74609E-01  1.17687E+00
  4.78516E-01  1.17374E+00
  4.82422E-01  1.17059E+00
  4.86328E-01  1.16742E+00
  4.90234E-01  1.16423E+00
  4.94141E-01  1.16103E+00
  4.98047E-01  1.15781E+00
  5.01953E-01  1.15457E+00
  5.05859E-01  1.15132E+00
  5.09766E-01  1.14805E+00
  5.13672E-01  1.14477E+00
  5.17578E-01  1.14147E+00
  5.21484E-01  1.13815E+00
  5.25391E-01  1.13482E+00
  5.29297E-01  1.13147E+00
  5.33203E-01  1.12811E+00
  5.37109E-01  1.12473E+00
  5.41016E-01  1.12134E+00
  5.44922E-01  1.11793E+00
  5.48828E-01  1.11451E+00
  5.52734E-01  1.11107E+00
  5.56641E-01  1.10763E+00
  5.60547E-01  1.10416E+00
  5.64453E-01  1.10069E+00
  5.68359E-01  1.09719E+00
  5.72266E-01  1.09369E+00
  5.76172E-01  1.09017E+00
  5.80078E-01  1.08664E+00
  5.83984E-01  1.08310E+00
  5.87891E-01  1.07955E+00
  5.91797E-01  1.07598E+00
  5.95703E-01  1.07240E+00
  5.99609E-01  1.06881E+00
  6.03516E-01  1.06520E+00
  6.07422E-01  1.06159E+00
  6.11328E-01  1.05796E+00
  6.15234E-01  1.05433E+00
  6.19141E-01  1.05068E+00
  6.23047E-01  1.04703E+00
  6.26953E-01  1.04336E+00
  6.30859E-01  1.03968E+00
  6.34766E-01  1.03600E+00
  6.38672E-01  1.03230E+00
  6.42578E-01  1.02860E+00
  6.46484E-01  1.02489E+00
  6.50391E-01  1.02117E+00
  6.54297E-01  1.01744E+00
  6.58203E-01  1.01371E+00
  6.62109E-01  1.00997E+00
  6.66016E-01  1.00622E+00
  6.69922E-01  1.00246E+00
  6.73828E-01  9.98702E-01
  6.77734E-01  9.94938E-01
  6.81641E-01  9.91170E-01
  6.85547E-01  9.87398E-01
  6.89453E-01  9.83624E-01
  6.93359E-01  9.79848E-01
  6.97266E-01  9.76069E-01
  7.01172E-01  9.72290E-01
  7.05078E-01  9.68509E-01
  7.08984E-01  9.64728E-01
  7.12891E-01  9.60947E-01
  7.16797E-01  9.57167E-01
  7.20703E-01  9.53389E-01
  7.24609E-01  9.49614E-01
  7.28516E-01  9.45843E-01
  7.32422E-01  9.42074E-01
  7.36328E-01  9.38310E-01
  7.40234E-01  9.34552E-01
  7.44141E-01  9.30799E-01
  7.48047E-01  9.27054E-01
  7.51953E-01  9.23316E-01
  7.55859E-01  9.19588E-01
  7.59766E-01  9.15869E-01
  7.63672E-01  9.12161E-01
  7.67578E-01  9.08465E-01
  7.71484E-01  9.04781E-01
  7.75391E-01  9.01110E-01
  7.79297E-01  8.97453E-01
  7.83203E-01  8.93810E-01
  7.87109E-01  8.90183E-01
  7.91016E-01  8.86573E-01
  7.94922E-01  8.82981E-01
  7.98828E-01  8.79409E-01
  8.02734E-01  8.75858E-01
  8.06641E-01  8.72328E-01
  8.10547E-01  8.68822E-01
  8.14453E-01  8.65340E-01
  8.18359E-01  8.61884E-01
  8.22266E-01  8.58456E-01
  8.26172E-01  8.55056E-01
  8.30078E-01  8.51687E-01
  8.33984E-01  8.48349E-01
  8.37891E-01  8.45045E-01
  8.41797E-01  8.41777E-01
  8.45703E-01  8.38545E-01
  8.49609E-01  8.35351E-01
  8.53516E-01  8.32197E-01
  8.57422E-01  8.29084E-01
  8.61328E-01  8.26014E-01
  8.65234E-01  8.22990E-01
  8.69141E-01  8.20012E-01
  8.73047E-01  8.17082E-01
  8.76953E-01  8.14204E-01
  8.80859E-01  8.11378E-01
  8.84766E-01  8.08605E-01
  8.88672E-01  8.05887E-01
  8.92578E-01  8.03227E-01
  8.96484E-01  8.00626E-01
  9.00391E-01  7.98085E-01
  9.04297E-01  7.95608E-01
  9.08203E-01  7.93196E-01
  9.12109E-01  7.90851E-01
  9.16016E-01  7.88575E-01
  9.19922E-01  7.86370E-01
  9.23828E-01  7.84236E-01
  9.27734E-01  7.82179E-01
  9.31641E-01  7.80198E-01
  9.35547E-01  7.78297E-01
  9.39453E-01  7.76476E-01
  9.43359E-01  7.74738E-01
  9.47266E-01  7.73083E-01
  9.51172E-01  7.71515E-01
  9.55078E-01  7.70034E-01
  9.58984E-01  7.68642E-01
  9.62891E-01  7.67341E-01
  9.66797E-01  7.66133E-01
  9.70703E-01  7.65019E-01
  9.74609E-01  7.64000E-01
  9.78516E-01  7.63079E-01
  9.82422E-01  7.62257E-01
  9.86328E-01  7.61535E-01
  9.90234E-01  7.60914E-01
  9.94141E-01  7.60395E-01
  9.98047E-01  7.59969E-01
  1.00195E+00  7.59972E-01
