 -1.95312E-03  1.40121E+00
  1.95312E-03  1.40125E+00
  5.85938E-03  1.40081E+00
  9.76562E-03  1.40041E+00
  1.36719E-02  1.40000E+00
  1.75781E-02  1.39956E+00
  2.14844E-02  1.39909E+00
  2.53906E-02  1.39860E+00
  2.92969E-02  1.39807E+00
  3.32031E-02  1.39752E+00
  3.71094E-02  1.39693E+00
  4.10156E-02  1.39632E+00
  4.49219E-02  1.39568E+00
  4.88281E-02  1.39501E+00
  5.27344E-02  1.39431E+00
  5.66406E-02  1.39358E+00
  6.05469E-02  1.39282E+00
  6.44531E-02  1.39204E+00
  6.83594E-02  1.39123E+00
  7.22656E-02  1.39039E+00
  7.61719E-02  1.38952E+00
  8.00781E-02  1.38863E+00
  8.39844E-02  1.38771E+00
  8.78906E-02  1.38676E+00
  9.17969E-02  1.38578E+00
  9.57031E-02  1.38478E+00
  9.96094E-02  1.38375E+00
  1.03516E-01  1.38269E+00
  1.07422E-01  1.38161E+00
  1.11328E-01  1.38050E+00
  1.15234E-01  1.37937E+00
  1.19141E-01  1.37821E+00
  1.23047E-01  1.37702E+00
  1.26953E-01  1.37580E+00
  1.30859E-01  1.37457E+00
  1.34766E-01  1.37330E+00
  1.38672E-01  1.37201E+00
  1.42578E-01  1.37070E+00
  1.46484E-01  1.36936E+00
  1.50391E-01  1.36799E+00
  1.54297E-01  1.36660E+00
  1.58203E-01  1.36519E+00
  1.62109E-01  1.36375E+00
  1.66016E-01  1.36228E+00
  1.69922E-01  1.36080E+00
  1.73828E-01  1.35928E+00
  1.77734E-01  1.35774E+00
  1.81641E-01  1.35618E+00
  1.85547E-01  1.35460E+00
  1.89453E-01  1.35299E+00
  1.93359E-01  1.35135E+00
  1.97266E-01  1.34970E+00
  2.01172E-01  1.34801E+00
  2.05078E-01  1.34631E+00
  2.08984E-01  1.34458E+00
  2.12891E-01  1.34283E+00
  2.16797E-01  1.34106E+00
  2.20703E-01  1.33926E+00
  2.24609E-01  1.33744E+00
  2.28516E-01  1.33559E+00
  2.32422E-01  1.33372E+00
  2.36328E-01  1.33183E+00
  2.40234E-01  1.32992E+00
  2.44141E-01  1.32798E+00
  2.48047E-01  1.32603E+00
  2.51953E-01  1.32404E+00
  2.55859E-01  1.32204E+00
  2.59766E-01  1.32002E+00
  2.63672E-01  1.31797E+00
  2.67578E-01  1.31590E+00
  2.71484E-01  1.31381E+00
  2.75391E-01  1.31170E+00
  2.79297E-01  1.30956E+00
  2.83203E-01  1.30741E+00
  2.87109E-01  1.30523E+00
  2.91016E-01  1.30303E+00
  2.94922E-01  1.30081E+00
  2.98828E-01  1.29856E+00
  3.02734E-01  1.29630E+00
  3.06641E-01  1.29401E+00
  3.10547E-01  1.29171E+00
  3.14453E-01  1.28938E+00
  3.18359E-01  1.28703E+00
  3.22266E-01  1.28466E+00
  3.26172E-01  1.28227E+00
  3.30078E-01  1.27986E+00
  3.33984E-01  1.27743E+00
  3.37891E-01  1.27498E+00
  3.41797E-01  1.27251E+00
  3.45703E-01  1.27001E+00
  3.49609E-01  1.26750E+00
  3.53516E-01  1.26497E+00
  3.57422E-01  1.26241E+00
  3.61328E-01  1.25984E+00
  3.65234E-01  1.25724E+00
  3.69141E-01  1.25463E+00
  3.73047E-01  1.25200E+00
  3.76953E-01  1.24934E+00
  3.80859E-01  1.24667E+00
  3.84766E-01  1.24398E+00
  3.88672E-01  1.24126E+00
  3.92578E-01  1.23853E+00
  3.96484E-01  1.23578E+00
  4.00391E-01  1.23301E+00
  4.04297E-01  1.23022E+00
  4.08203E-01  1.22741E+00
  4.12109E-01  1.22458E+00
  4.16016E-01  1.22174E+00
  4.19922E-01  1.21887E+00
  4.23828E-01  1.21599E+00
  4.27734E-01  1.21309E+00
  4.31641E-01  1.21016E+00
  4.35547E-01  1.20723E+00
  4.39453E-01  1.20427E+00
  4.43359E-01  1.20129E+00
  4.47266E-01  1.19830E+00
  4.51172E-01  1.19528E+00
  4.55078E-01  1.19225E+00
  4.58984E-01  1.18920E+00
  4.62891E-01  1.18614E+00
  4.66797E-01  1.18306E+00
  4.70703E-01  1.17996E+00
  4.74609E-01  1.17684E+00
  4.78516E-01  1.17370E+00
  4.82422E-01  1.17055E+00
  4.86328E-01  1.16739E+00
  4.90234E-01  1.16420E+00
  4.94141E-01  1.16100E+00
  4.98047E-01  1.15778E+00
  5.01953E-01  1.15454E+00
  5.05859E-01  1.15129E+00
  5.09766E-01  1.14802E+00
  5.13672E-01  1.14474E+00
  5.17578E-01  1.14144E+00
  5.21484E-01  1.13812E+00
  5.25391E-01  1.13479E+00
  5.29297E-01  1.13144E+00
  5.33203E-01  1.12808E+00
  5.37109E-01  1.12470E+00
  5.41016E-01  1.12131E+00
  5.44922E-01  1.11790E+00
  5.48828E-01  1.11448E+00
  5.52734E-01  1.11105E+00
  5.56641E-01  1.10760E+00
  5.60547E-01  1.10414E+00
  5.64453E-01  1.10066E+00
  5.68359E-01  1.09717E+00
  5.72266E-01  1.09367E+00
  5.76172E-01  1.09015E+00
  5.80078E-01  1.08662E+00
  5.83984E-01  1.08308E+00
  5.87891E-01  1.07953E+00
  5.91797E-01  1.07596E+00
  5.95703E-01  1.07238E+00
  5.99609E-01  1.06879E+00
  6.03516E-01  1.06519E+00
  6.07422E-01  1.06157E+00
  6.11328E-01  1.05795E+00
  6.15234E-01  1.05431E+00
  6.19141E-01  1.05067E+00
  6.23047E-01  1.04701E+00
  6.26953E-01  1.04335E+00
  6.30859E-01  1.03967E+00
  6.34766E-01  1.03599E+00
  6.38672E-01  1.03229E+00
  6.42578E-01  1.02859E+00
  6.46484E-01  1.02488E+00
  6.50391E-01  1.02116E+00
  6.54297E-01  1.01744E+00
  6.58203E-01  1.01370E+00
  6.62109E-01  1.00996E+00
  6.66016E-01  1.00621E+00
  6.69922E-01  1.00246E+00
  6.73828E-01  9.98700E-01
  6.77734E-01  9.94936E-01
  6.81641E-01  9.91169E-01
  6.85547E-01  9.87398E-01
  6.89453E-01  9.83625E-01
  6.93359E-01  9.79850E-01
  6.97266E-01  9.76072E-01
  7.01172E-01  9.72293E-01
  7.05078E-01  9.68513E-01
  7.08984E-01  9.64732E-01
  7.12891E-01  9.60952E-01
  7.16797E-01  9.57173E-01
  7.20703E-01  9.53396E-01
  7.24609E-01  9.49622E-01
  7.28516E-01  9.45852E-01
  7.32422E-01  9.42084E-01
  7.36328E-01  9.38322E-01
  7.40234E-01  9.34564E-01
  7.44141E-01  9.30813E-01
  7.48047E-01  9.27069E-01
  7.51953E-01  9.23333E-01
  7.55859E-01  9.19606E-01
  7.59766E-01  9.15888E-01
  7.63672E-01  9.12181E-01
  7.67578E-01  9.08486E-01
  7.71484E-01  9.04804E-01
  7.75391E-01  9.01134E-01
  7.79297E-01  8.97478E-01
  7.83203E-01  8.93836E-01
  7.87109E-01  8.90212E-01
  7.91016E-01  8.86604E-01
  7.94922E-01  8.83013E-01
  7.98828E-01  8.79442E-01
  8.02734E-01  8.75892E-01
  8.06641E-01  8.72364E-01
  8.10547E-01  8.68860E-01
  8.14453E-01  8.65379E-01
  8.18359E-01  8.61925E-01
  8.22266E-01  8.58497E-01
  8.26172E-01  8.55099E-01
  8.30078E-01  8.51731E-01
  8.33984E-01  8.48395E-01
  8.37891E-01  8.45093E-01
  8.41797E-01  8.41825E-01
  8.45703E-01  8.38594E-01
  8.49609E-01  8.35401E-01
  8.53516E-01  8.32249E-01
  8.57422E-01  8.29139E-01
  8.61328E-01  8.26070E-01
  8.65234E-01  8.23047E-01
  8.69141E-01  8.20071E-01
  8.73047E-01  8.17143E-01
  8.76953E-01  8.14266E-01
  8.80859E-01  8.11441E-01
  8.84766E-01  8.08670E-01
  8.88672E-01  8.05954E-01
  8.92578E-01  8.03294E-01
  8.96484E-01  8.00695E-01
  9.00391E-01  7.98155E-01
  9.04297E-01  7.95680E-01
  9.08203E-01  7.93269E-01
  9.12109E-01  7.90925E-01
  9.16016E-01  7.88650E-01
  9.19922E-01  7.86446E-01
  9.23828E-01  7.84315E-01
  9.27734E-01  7.82258E-01
  9.31641E-01  7.80278E-01
  9.35547E-01  7.78377E-01
  9.39453E-01  7.76557E-01
  9.43359E-01  7.74821E-01
  9.47266E-01  7.73167E-01
  9.51172E-01  7.71600E-01
  9.55078E-01  7.70119E-01
  9.58984E-01  7.68728E-01
  9.62891E-01  7.67427E-01
  9.66797E-01  7.66218E-01
  9.70703E-01  7.65104E-01
  9.74609E-01  7.64085E-01
  9.78516E-01  7.63164E-01
  9.82422E-01  7.62342E-01
  9.86328E-01  7.61620E-01
  9.90234E-01  7.60999E-01
  9.94141E-01  7.60481E-01
  9.98047E-01  7.60054E-01
  1.00195E+00  7.60057E-01
