 -1.95312E-03  1.40122E+00
  1.95312E-03  1.40126E+00
  5.85938E-03  1.40082E+00
  9.76562E-03  1.40042E+00
  1.36719E-02  1.40001E+00
  1.75781E-02  1.39957E+00
  2.14844E-02  1.39910E+00
  2.53906E-02  1.39861E+00
  2.92969E-02  1.39808E+00
  3.32031E-02  1.39753E+00
  3.71094E-02  1.39694E+00
  4.10156E-02  1.39633E+00
  4.49219E-02  1.39569E+00
  4.88281E-02  1.39502E+00
  5.27344E-02  1.39432E+00
  5.66406E-02  1.39359E+00
  6.05469E-02  1.39283E+00
  6.44531E-02  1.39205E+00
  6.83594E-02  1.39124E+00
  7.22656E-02  1.39040E+00
  7.61719E-02  1.38953E+00
  8.00781E-02  1.38864E+00
  8.39844E-02  1.38772E+00
  8.78906E-02  1.38677E+00
  9.17969E-02  1.38579E+00
  9.57031E-02  1.38479E+00
  9.96094E-02  1.38376E+00
  1.03516E-01  1.38270E+00
  1.07422E-01  1.38162E+00
  1.11328E-01  1.38051E+00
  1.15234E-01  1.37938E+00
  1.19141E-01  1.37822E+00
  1.23047E-01  1.37703E+00
  1.26953E-01  1.37582E+00
  1.30859E-01  1.37458E+00
  1.34766E-01  1.37331E+00
  1.38672E-01  1.37202E+00
  1.42578E-01  1.37071E+00
  1.46484E-01  1.36937E+00
  1.50391E-01  1.36800E+00
  1.54297E-01  1.36661E+00
  1.58203E-01  1.36520E+00
  1.62109E-01  1.36376E+00
  1.66016E-01  1.36229E+00
  1.69922E-01  1.36081E+00
  1.73828E-01  1.35929E+00
  1.77734E-01  1.35775E+00
  1.81641E-01  1.35619E+00
  1.85547E-01  1.35461E+00
  1.89453E-01  1.35300E+00
  1.93359E-01  1.35136E+00
  1.97266E-01  1.34971E+00
  2.01172E-01  1.34803E+00
  2.05078E-01  1.34632E+00
  2.08984E-01  1.34459E+00
  2.12891E-01  1.34284E+00
  2.16797E-01  1.34107E+00
  2.20703E-01  1.33927E+00
  2.24609E-01  1.33745E+00
  2.28516E-01  1.33560E+00
  2.32422E-01  1.33373E+00
  2.36328E-01  1.33184E+00
  2.40234E-01  1.32993E+00
  2.44141E-01  1.32799E+00
  2.48047E-01  1.32604E+00
  2.51953E-01  1.32406E+00
  2.55859E-01  1.32205E+00
  2.59766E-01  1.32003E+00
  2.63672E-01  1.31798E+00
  2.67578E-01  1.31591E+00
  2.71484E-01  1.31382E+00
  2.75391E-01  1.31171E+00
  2.79297E-01  1.30957E+00
  2.83203E-01  1.30742E+00
  2.87109E-01  1.30524E+00
  2.91016E-01  1.30304E+00
  2.94922E-01  1.30082E+00
  2.98828E-01  1.29857E+00
  3.02734E-01  1.29631E+00
  3.06641E-01  1.29402E+00
  3.10547E-01  1.29172E+00
  3.14453E-01  1.28939E+00
  3.18359E-01  1.28704E+00
  3.22266E-01  1.28467E+00
  3.26172E-01  1.28228E+00
  3.30078E-01  1.27987E+00
  3.33984E-01  1.27744E+00
  3.37891E-01  1.27499E+00
  3.41797E-01  1.27251E+00
  3.45703E-01  1.27002E+00
  3.49609E-01  1.26751E+00
  3.53516E-01  1.26497E+00
  3.57422E-01  1.26242E+00
  3.61328E-01  1.25985E+00
  3.65234E-01  1.25725E+00
  3.69141E-01  1.25464E+00
  3.73047E-01  1.25200E+00
  3.76953E-01  1.24935E+00
  3.80859E-01  1.24668E+00
  3.84766E-01  1.24399E+00
  3.88672E-01  1.24127E+00
  3.92578E-01  1.23854E+00
  3.96484E-01  1.23579E+00
  4.00391E-01  1.23302E+00
  4.04297E-01  1.23023E+00
  4.08203E-01  1.22742E+00
  4.12109E-01  1.22459E+00
  4.16016E-01  1.22175E+00
  4.19922E-01  1.21888E+00
  4.23828E-01  1.21600E+00
  4.27734E-01  1.21310E+00
  4.31641E-01  1.21017E+00
  4.35547E-01  1.20723E+00
  4.39453E-01  1.20428E+00
  4.43359E-01  1.20130E+00
  4.47266E-01  1.19830E+00
  4.51172E-01  1.19529E+00
  4.55078E-01  1.19226E+00
  4.58984E-01  1.18921E+00
  4.62891E-01  1.18615E+00
  4.66797E-01  1.18306E+00
  4.70703E-01  1.17996E+00
  4.74609E-01  1.17685E+00
  4.78516E-01  1.17371E+00
  4.82422E-01  1.17056E+00
  4.86328E-01  1.16739E+00
  4.90234E-01  1.16421E+00
  4.94141E-01  1.16101E+00
  4.98047E-01  1.15779E+00
  5.01953E-01  1.15455E+00
  5.05859E-01  1.15130E+00
  5.09766E-01  1.14803E+00
  5.13672E-01  1.14475E+00
  5.17578E-01  1.14144E+00
  5.21484E-01  1.13813E+00
  5.25391E-01  1.13479E+00
  5.29297E-01  1.13145E+00
  5.33203E-01  1.12809E+00
  5.37109E-01  1.12471E+00
  5.41016E-01  1.12132E+00
  5.44922E-01  1.11791E+00
  5.48828E-01  1.11449E+00
  5.52734E-01  1.11106E+00
  5.56641E-01  1.10761E+00
  5.60547E-01  1.10414E+00
  5.64453E-01  1.10067E+00
  5.68359E-01  1.09718E+00
  5.72266E-01  1.09367E+00
  5.76172E-01  1.09016E+00
  5.80078E-01  1.08663E+00
  5.83984E-01  1.08309E+00
  5.87891E-01  1.07953E+00
  5.91797E-01  1.07596E+00
  5.95703E-01  1.07239E+00
  5.99609E-01  1.06879E+00
  6.03516E-01  1.06519E+00
  6.07422E-01  1.06158E+00
  6.11328E-01  1.05795E+00
  6.15234E-01  1.05432E+00
  6.19141E-01  1.05067E+00
  6.23047E-01  1.04702E+00
  6.26953E-01  1.04335E+00
  6.30859E-01  1.03968E+00
  6.34766E-01  1.03599E+00
  6.38672E-01  1.03230E+00
  6.42578E-01  1.02859E+00
  6.46484E-01  1.02488E+00
  6.50391E-01  1.02116E+00
  6.54297E-01  1.01744E+00
  6.58203E-01  1.01370E+00
  6.62109E-01  1.00996E+00
  6.66016E-01  1.00621E+00
  6.69922E-01  1.00246E+00
  6.73828E-01  9.98701E-01
  6.77734E-01  9.94937E-01
  6.81641E-01  9.91169E-01
  6.85547E-01  9.87399E-01
  6.89453E-01  9.83625E-01
  6.93359E-01  9.79850E-01
  6.97266E-01  9.76072E-01
  7.01172E-01  9.72292E-01
  7.05078E-01  9.68512E-01
  7.08984E-01  9.64731E-01
  7.12891E-01  9.60951E-01
  7.16797E-01  9.57172E-01
  7.20703E-01  9.53395E-01
  7.24609E-01  9.49621E-01
  7.28516E-01  9.45850E-01
  7.32422E-01  9.42082E-01
  7.36328E-01  9.38319E-01
  7.40234E-01  9.34561E-01
  7.44141E-01  9.30810E-01
  7.48047E-01  9.27066E-01
  7.51953E-01  9.23329E-01
  7.55859E-01  9.19602E-01
  7.59766E-01  9.15883E-01
  7.63672E-01  9.12176E-01
  7.67578E-01  9.08481E-01
  7.71484E-01  9.04798E-01
  7.75391E-01  9.01127E-01
  7.79297E-01  8.97471E-01
  7.83203E-01  8.93830E-01
  7.87109E-01  8.90204E-01
  7.91016E-01  8.86595E-01
  7.94922E-01  8.83005E-01
  7.98828E-01  8.79434E-01
  8.02734E-01  8.75883E-01
  8.06641E-01  8.72354E-01
  8.10547E-01  8.68849E-01
  8.14453E-01  8.65369E-01
  8.18359E-01  8.61914E-01
  8.22266E-01  8.58487E-01
  8.26172E-01  8.55088E-01
  8.30078E-01  8.51720E-01
  8.33984E-01  8.48383E-01
  8.37891E-01  8.45080E-01
  8.41797E-01  8.41812E-01
  8.45703E-01  8.38581E-01
  8.49609E-01  8.35389E-01
  8.53516E-01  8.32236E-01
  8.57422E-01  8.29124E-01
  8.61328E-01  8.26055E-01
  8.65234E-01  8.23031E-01
  8.69141E-01  8.20055E-01
  8.73047E-01  8.17126E-01
  8.76953E-01  8.14248E-01
  8.80859E-01  8.11424E-01
  8.84766E-01  8.08652E-01
  8.88672E-01  8.05935E-01
  8.92578E-01  8.03275E-01
  8.96484E-01  8.00676E-01
  9.00391E-01  7.98136E-01
  9.04297E-01  7.95661E-01
  9.08203E-01  7.93250E-01
  9.12109E-01  7.90905E-01
  9.16016E-01  7.88629E-01
  9.19922E-01  7.86425E-01
  9.23828E-01  7.84293E-01
  9.27734E-01  7.82236E-01
  9.31641E-01  7.80256E-01
  9.35547E-01  7.78356E-01
  9.39453E-01  7.76535E-01
  9.43359E-01  7.74798E-01
  9.47266E-01  7.73144E-01
  9.51172E-01  7.71576E-01
  9.55078E-01  7.70095E-01
  9.58984E-01  7.68704E-01
  9.62891E-01  7.67403E-01
  9.66797E-01  7.66195E-01
  9.70703E-01  7.65082E-01
  9.74609E-01  7.64065E-01
  9.78516E-01  7.63144E-01
  9.82422E-01  7.62321E-01
  9.86328E-01  7.61601E-01
  9.90234E-01  7.60980E-01
  9.94141E-01  7.60461E-01
  9.98047E-01  7.60033E-01
  1.00195E+00  7.60036E-01
