 -1.95312E-03  1.40135E+00
  1.95312E-03  1.40139E+00
  5.85938E-03  1.40095E+00
  9.76562E-03  1.40056E+00
  1.36719E-02  1.40014E+00
  1.75781E-02  1.39970E+00
  2.14844E-02  1.39924E+00
  2.53906E-02  1.39874E+00
  2.92969E-02  1.39821E+00
  3.32031E-02  1.39766E+00
  3.71094E-02  1.39708E+00
  4.10156E-02  1.39646E+00
  4.49219E-02  1.39582E+00
  4.88281E-02  1.39515E+00
  5.27344E-02  1.39445E+00
  5.66406E-02  1.39372E+00
  6.05469E-02  1.39297E+00
  6.44531E-02  1.39219E+00
  6.83594E-02  1.39137E+00
  7.22656E-02  1.39053E+00
  7.61719E-02  1.38967E+00
  8.00781E-02  1.38877E+00
  8.39844E-02  1.38785E+00
  8.78906E-02  1.38690E+00
  9.17969E-02  1.38593E+00
  9.57031E-02  1.38492E+00
  9.96094E-02  1.38389E+00
  1.03516E-01  1.38284E+00
  1.07422E-01  1.38176E+00
  1.11328E-01  1.38065E+00
  1.15234E-01  1.37951E+00
  1.19141E-01  1.37835E+00
  1.23047E-01  1.37716E+00
  1.26953E-01  1.37595E+00
  1.30859E-01  1.37471E+00
  1.34766E-01  1.37345E+00
  1.38672E-01  1.37216E+00
  1.42578E-01  1.37084E+00
  1.46484E-01  1.36950E+00
  1.50391E-01  1.36814E+00
  1.54297E-01  1.36675E+00
  1.58203E-01  1.36533E+00
  1.62109E-01  1.36389E+00
  1.66016E-01  1.36243E+00
  1.69922E-01  1.36094E+00
  1.73828E-01  1.35943E+00
  1.77734E-01  1.35789E+00
  1.81641E-01  1.35633E+00
  1.85547E-01  1.35474E+00
  1.89453E-01  1.35313E+00
  1.93359E-01  1.35150E+00
  1.97266E-01  1.34984E+00
  2.01172E-01  1.34816E+00
  2.05078E-01  1.34645E+00
  2.08984E-01  1.34473E+00
  2.12891E-01  1.34297E+00
  2.16797E-01  1.34120E+00
  2.20703E-01  1.33940E+00
  2.24609E-01  1.33758E+00
  2.28516E-01  1.33574E+00
  2.32422E-01  1.33387E+00
  2.36328E-01  1.33198E+00
  2.40234E-01  1.33006E+00
  2.44141E-01  1.32813E+00
  2.48047E-01  1.32617E+00
  2.51953E-01  1.32419E+00
  2.55859E-01  1.32219E+00
  2.59766E-01  1.32016E+00
  2.63672E-01  1.31811E+00
  2.67578E-01  1.31604E+00
  2.71484E-01  1.31395E+00
  2.75391E-01  1.31184E+00
  2.79297E-01  1.30970E+00
  2.83203E-01  1.30755E+00
  2.87109E-01  1.30537E+00
  2.91016E-01  1.30317E+00
  2.94922E-01  1.30095E+00
  2.98828E-01  1.29870E+00
  3.02734E-01  1.29644E+00
  3.06641E-01  1.29415E+00
  3.10547E-01  1.29185E+00
  3.14453E-01  1.28952E+00
  3.18359E-01  1.28717E+00
  3.22266E-01  1.28480E+00
  3.26172E-01  1.28241E+00
  3.30078E-01  1.28000E+00
  3.33984E-01  1.27757E+00
  3.37891E-01  1.27511E+00
  3.41797E-01  1.27264E+00
  3.45703E-01  1.27015E+00
  3.49609E-01  1.26763E+00
  3.53516E-01  1.26510E+00
  3.57422E-01  1.26254E+00
  3.61328E-01  1.25997E+00
  3.65234E-01  1.25738E+00
  3.69141E-01  1.25476E+00
  3.73047E-01  1.25213E+00
  3.76953E-01  1.24947E+00
  3.80859E-01  1.24680E+00
  3.84766E-01  1.24410E+00
  3.88672E-01  1.24139E+00
  3.92578E-01  1.23866E+00
  3.96484E-01  1.23591E+00
  4.00391E-01  1.23314E+00
  4.04297E-01  1.23034E+00
  4.08203E-01  1.22754E+00
  4.12109E-01  1.22471E+00
  4.16016E-01  1.22186E+00
  4.19922E-01  1.21900E+00
  4.23828E-01  1.21611E+00
  4.27734E-01  1.21321E+00
  4.31641E-01  1.21029E+00
  4.35547E-01  1.20734E+00
  4.39453E-01  1.20439E+00
  4.43359E-01  1.20141E+00
  4.47266E-01  1.19841E+00
  4.51172E-01  1.19540E+00
  4.55078E-01  1.19237E+00
  4.58984E-01  1.18932E+00
  4.62891E-01  1.18625E+00
  4.66797E-01  1.18317E+00
  4.70703E-01  1.18007E+00
  4.74609E-01  1.17695E+00
  4.78516E-01  1.17381E+00
  4.82422E-01  1.17066E+00
  4.86328E-01  1.16749E+00
  4.90234E-01  1.16430E+00
  4.94141E-01  1.16110E+00
  4.98047E-01  1.15788E+00
  5.01953E-01  1.15464E+00
  5.05859E-01  1.15139E+00
  5.09766E-01  1.14812E+00
  5.13672E-01  1.14484E+00
  5.17578E-01  1.14153E+00
  5.21484E-01  1.13822E+00
  5.25391E-01  1.13488E+00
  5.29297E-01  1.13153E+00
  5.33203E-01  1.12817E+00
  5.37109E-01  1.12479E+00
  5.41016E-01  1.12140E+00
  5.44922E-01  1.11799E+00
  5.48828E-01  1.11457E+00
  5.52734E-01  1.11113E+00
  5.56641E-01  1.10768E+00
  5.60547E-01  1.10422E+00
  5.64453E-01  1.10074E+00
  5.68359E-01  1.09725E+00
  5.72266E-01  1.09374E+00
  5.76172E-01  1.09023E+00
  5.80078E-01  1.08669E+00
  5.83984E-01  1.08315E+00
  5.87891E-01  1.07959E+00
  5.91797E-01  1.07602E+00
  5.95703E-01  1.07244E+00
  5.99609E-01  1.06885E+00
  6.03516E-01  1.06525E+00
  6.07422E-01  1.06163E+00
  6.11328E-01  1.05800E+00
  6.15234E-01  1.05437E+00
  6.19141E-01  1.05072E+00
  6.23047E-01  1.04706E+00
  6.26953E-01  1.04339E+00
  6.30859E-01  1.03971E+00
  6.34766E-01  1.03603E+00
  6.38672E-01  1.03233E+00
  6.42578E-01  1.02862E+00
  6.46484E-01  1.02491E+00
  6.50391E-01  1.02119E+00
  6.54297E-01  1.01746E+00
  6.58203E-01  1.01372E+00
  6.62109E-01  1.00998E+00
  6.66016E-01  1.00623E+00
  6.69922E-01  1.00247E+00
  6.73828E-01  9.98711E-01
  6.77734E-01  9.94945E-01
  6.81641E-01  9.91175E-01
  6.85547E-01  9.87401E-01
  6.89453E-01  9.83625E-01
  6.93359E-01  9.79846E-01
  6.97266E-01  9.76065E-01
  7.01172E-01  9.72283E-01
  7.05078E-01  9.68500E-01
  7.08984E-01  9.64716E-01
  7.12891E-01  9.60934E-01
  7.16797E-01  9.57151E-01
  7.20703E-01  9.53371E-01
  7.24609E-01  9.49594E-01
  7.28516E-01  9.45820E-01
  7.32422E-01  9.42049E-01
  7.36328E-01  9.38283E-01
  7.40234E-01  9.34522E-01
  7.44141E-01  9.30767E-01
  7.48047E-01  9.27019E-01
  7.51953E-01  9.23280E-01
  7.55859E-01  9.19549E-01
  7.59766E-01  9.15828E-01
  7.63672E-01  9.12118E-01
  7.67578E-01  9.08419E-01
  7.71484E-01  9.04732E-01
  7.75391E-01  9.01059E-01
  7.79297E-01  8.97399E-01
  7.83203E-01  8.93755E-01
  7.87109E-01  8.90126E-01
  7.91016E-01  8.86513E-01
  7.94922E-01  8.82919E-01
  7.98828E-01  8.79345E-01
  8.02734E-01  8.75791E-01
  8.06641E-01  8.72259E-01
  8.10547E-01  8.68750E-01
  8.14453E-01  8.65266E-01
  8.18359E-01  8.61808E-01
  8.22266E-01  8.58377E-01
  8.26172E-01  8.54975E-01
  8.30078E-01  8.51604E-01
  8.33984E-01  8.48265E-01
  8.37891E-01  8.44959E-01
  8.41797E-01  8.41687E-01
  8.45703E-01  8.38452E-01
  8.49609E-01  8.35256E-01
  8.53516E-01  8.32099E-01
  8.57422E-01  8.28984E-01
  8.61328E-01  8.25911E-01
  8.65234E-01  8.22884E-01
  8.69141E-01  8.19905E-01
  8.73047E-01  8.16974E-01
  8.76953E-01  8.14094E-01
  8.80859E-01  8.11266E-01
  8.84766E-01  8.08491E-01
  8.88672E-01  8.05772E-01
  8.92578E-01  8.03108E-01
  8.96484E-01  8.00506E-01
  9.00391E-01  7.97964E-01
  9.04297E-01  7.95484E-01
  9.08203E-01  7.93069E-01
  9.12109E-01  7.90722E-01
  9.16016E-01  7.88445E-01
  9.19922E-01  7.86237E-01
  9.23828E-01  7.84102E-01
  9.27734E-01  7.82042E-01
  9.31641E-01  7.80059E-01
  9.35547E-01  7.78155E-01
  9.39453E-01  7.76331E-01
  9.43359E-01  7.74591E-01
  9.47266E-01  7.72935E-01
  9.51172E-01  7.71365E-01
  9.55078E-01  7.69882E-01
  9.58984E-01  7.68489E-01
  9.62891E-01  7.67186E-01
  9.66797E-01  7.65977E-01
  9.70703E-01  7.64862E-01
  9.74609E-01  7.63842E-01
  9.78516E-01  7.62920E-01
  9.82422E-01  7.62096E-01
  9.86328E-01  7.61373E-01
  9.90234E-01  7.60752E-01
  9.94141E-01  7.60234E-01
  9.98047E-01  7.59805E-01
  1.00195E+00  7.59809E-01
