 -1.95312E-03  1.40137E+00
  1.95312E-03  1.40142E+00
  5.85938E-03  1.40098E+00
  9.76562E-03  1.40058E+00
  1.36719E-02  1.40017E+00
  1.75781E-02  1.39973E+00
  2.14844E-02  1.39926E+00
  2.53906E-02  1.39876E+00
  2.92969E-02  1.39824E+00
  3.32031E-02  1.39768E+00
  3.71094E-02  1.39710E+00
  4.10156E-02  1.39649E+00
  4.49219E-02  1.39584E+00
  4.88281E-02  1.39517E+00
  5.27344E-02  1.39447E+00
  5.66406E-02  1.39375E+00
  6.05469E-02  1.39299E+00
  6.44531E-02  1.39221E+00
  6.83594E-02  1.39140E+00
  7.22656E-02  1.39056E+00
  7.61719E-02  1.38969E+00
  8.00781E-02  1.38880E+00
  8.39844E-02  1.38787E+00
  8.78906E-02  1.38693E+00
  9.17969E-02  1.38595E+00
  9.57031E-02  1.38495E+00
  9.96094E-02  1.38392E+00
  1.03516E-01  1.38286E+00
  1.07422E-01  1.38178E+00
  1.11328E-01  1.38067E+00
  1.15234E-01  1.37954E+00
  1.19141E-01  1.37837E+00
  1.23047E-01  1.37719E+00
  1.26953E-01  1.37597E+00
  1.30859E-01  1.37474E+00
  1.34766E-01  1.37347E+00
  1.38672E-01  1.37218E+00
  1.42578E-01  1.37087E+00
  1.46484E-01  1.36953E+00
  1.50391E-01  1.36816E+00
  1.54297E-01  1.36677E+00
  1.58203E-01  1.36536E+00
  1.62109E-01  1.36392E+00
  1.66016E-01  1.36245E+00
  1.69922E-01  1.36096E+00
  1.73828E-01  1.35945E+00
  1.77734E-01  1.35791E+00
  1.81641E-01  1.35635E+00
  1.85547E-01  1.35476E+00
  1.89453E-01  1.35315E+00
  1.93359E-01  1.35152E+00
  1.97266E-01  1.34986E+00
  2.01172E-01  1.34818E+00
  2.05078E-01  1.34648E+00
  2.08984E-01  1.34475E+00
  2.12891E-01  1.34300E+00
  2.16797E-01  1.34122E+00
  2.20703E-01  1.33942E+00
  2.24609E-01  1.33760E+00
  2.28516E-01  1.33576E+00
  2.32422E-01  1.33389E+00
  2.36328E-01  1.33200E+00
  2.40234E-01  1.33009E+00
  2.44141E-01  1.32815E+00
  2.48047E-01  1.32619E+00
  2.51953E-01  1.32421E+00
  2.55859E-01  1.32221E+00
  2.59766E-01  1.32018E+00
  2.63672E-01  1.31814E+00
  2.67578E-01  1.31607E+00
  2.71484E-01  1.31398E+00
  2.75391E-01  1.31186E+00
  2.79297E-01  1.30973E+00
  2.83203E-01  1.30757E+00
  2.87109E-01  1.30539E+00
  2.91016E-01  1.30319E+00
  2.94922E-01  1.30097E+00
  2.98828E-01  1.29873E+00
  3.02734E-01  1.29646E+00
  3.06641E-01  1.29418E+00
  3.10547E-01  1.29187E+00
  3.14453E-01  1.28954E+00
  3.18359E-01  1.28719E+00
  3.22266E-01  1.28482E+00
  3.26172E-01  1.28243E+00
  3.30078E-01  1.28002E+00
  3.33984E-01  1.27759E+00
  3.37891E-01  1.27514E+00
  3.41797E-01  1.27266E+00
  3.45703E-01  1.27017E+00
  3.49609E-01  1.26765E+00
  3.53516E-01  1.26512E+00
  3.57422E-01  1.26257E+00
  3.61328E-01  1.25999E+00
  3.65234E-01  1.25740E+00
  3.69141E-01  1.25478E+00
  3.73047E-01  1.25215E+00
  3.76953E-01  1.24949E+00
  3.80859E-01  1.24682E+00
  3.84766E-01  1.24413E+00
  3.88672E-01  1.24141E+00
  3.92578E-01  1.23868E+00
  3.96484E-01  1.23593E+00
  4.00391E-01  1.23315E+00
  4.04297E-01  1.23036E+00
  4.08203E-01  1.22756E+00
  4.12109E-01  1.22473E+00
  4.16016E-01  1.22188E+00
  4.19922E-01  1.21902E+00
  4.23828E-01  1.21613E+00
  4.27734E-01  1.21323E+00
  4.31641E-01  1.21030E+00
  4.35547E-01  1.20736E+00
  4.39453E-01  1.20440E+00
  4.43359E-01  1.20143E+00
  4.47266E-01  1.19843E+00
  4.51172E-01  1.19542E+00
  4.55078E-01  1.19239E+00
  4.58984E-01  1.18934E+00
  4.62891E-01  1.18627E+00
  4.66797E-01  1.18319E+00
  4.70703E-01  1.18008E+00
  4.74609E-01  1.17697E+00
  4.78516E-01  1.17383E+00
  4.82422E-01  1.17068E+00
  4.86328E-01  1.16751E+00
  4.90234E-01  1.16432E+00
  4.94141E-01  1.16112E+00
  4.98047E-01  1.15790E+00
  5.01953E-01  1.15466E+00
  5.05859E-01  1.15141E+00
  5.09766E-01  1.14814E+00
  5.13672E-01  1.14485E+00
  5.17578E-01  1.14155E+00
  5.21484E-01  1.13823E+00
  5.25391E-01  1.13490E+00
  5.29297E-01  1.13155E+00
  5.33203E-01  1.12818E+00
  5.37109E-01  1.12481E+00
  5.41016E-01  1.12141E+00
  5.44922E-01  1.11801E+00
  5.48828E-01  1.11458E+00
  5.52734E-01  1.11115E+00
  5.56641E-01  1.10770E+00
  5.60547E-01  1.10423E+00
  5.64453E-01  1.10076E+00
  5.68359E-01  1.09726E+00
  5.72266E-01  1.09376E+00
  5.76172E-01  1.09024E+00
  5.80078E-01  1.08671E+00
  5.83984E-01  1.08316E+00
  5.87891E-01  1.07960E+00
  5.91797E-01  1.07604E+00
  5.95703E-01  1.07245E+00
  5.99609E-01  1.06886E+00
  6.03516E-01  1.06525E+00
  6.07422E-01  1.06164E+00
  6.11328E-01  1.05801E+00
  6.15234E-01  1.05437E+00
  6.19141E-01  1.05073E+00
  6.23047E-01  1.04707E+00
  6.26953E-01  1.04340E+00
  6.30859E-01  1.03972E+00
  6.34766E-01  1.03603E+00
  6.38672E-01  1.03234E+00
  6.42578E-01  1.02863E+00
  6.46484E-01  1.02492E+00
  6.50391E-01  1.02119E+00
  6.54297E-01  1.01746E+00
  6.58203E-01  1.01373E+00
  6.62109E-01  1.00998E+00
  6.66016E-01  1.00623E+00
  6.69922E-01  1.00248E+00
  6.73828E-01  9.98713E-01
  6.77734E-01  9.94946E-01
  6.81641E-01  9.91176E-01
  6.85547E-01  9.87402E-01
  6.89453E-01  9.83625E-01
  6.93359E-01  9.79846E-01
  6.97266E-01  9.76064E-01
  7.01172E-01  9.72282E-01
  7.05078E-01  9.68498E-01
  7.08984E-01  9.64714E-01
  7.12891E-01  9.60930E-01
  7.16797E-01  9.57148E-01
  7.20703E-01  9.53367E-01
  7.24609E-01  9.49589E-01
  7.28516E-01  9.45814E-01
  7.32422E-01  9.42043E-01
  7.36328E-01  9.38276E-01
  7.40234E-01  9.34516E-01
  7.44141E-01  9.30761E-01
  7.48047E-01  9.27012E-01
  7.51953E-01  9.23272E-01
  7.55859E-01  9.19540E-01
  7.59766E-01  9.15818E-01
  7.63672E-01  9.12107E-01
  7.67578E-01  9.08408E-01
  7.71484E-01  9.04722E-01
  7.75391E-01  9.01048E-01
  7.79297E-01  8.97387E-01
  7.83203E-01  8.93741E-01
  7.87109E-01  8.90111E-01
  7.91016E-01  8.86498E-01
  7.94922E-01  8.82903E-01
  7.98828E-01  8.79328E-01
  8.02734E-01  8.75774E-01
  8.06641E-01  8.72242E-01
  8.10547E-01  8.68733E-01
  8.14453E-01  8.65248E-01
  8.18359E-01  8.61789E-01
  8.22266E-01  8.58358E-01
  8.26172E-01  8.54955E-01
  8.30078E-01  8.51583E-01
  8.33984E-01  8.48242E-01
  8.37891E-01  8.44935E-01
  8.41797E-01  8.41663E-01
  8.45703E-01  8.38428E-01
  8.49609E-01  8.35231E-01
  8.53516E-01  8.32074E-01
  8.57422E-01  8.28958E-01
  8.61328E-01  8.25886E-01
  8.65234E-01  8.22860E-01
  8.69141E-01  8.19880E-01
  8.73047E-01  8.16949E-01
  8.76953E-01  8.14069E-01
  8.80859E-01  8.11240E-01
  8.84766E-01  8.08465E-01
  8.88672E-01  8.05745E-01
  8.92578E-01  8.03082E-01
  8.96484E-01  8.00479E-01
  9.00391E-01  7.97937E-01
  9.04297E-01  7.95458E-01
  9.08203E-01  7.93042E-01
  9.12109E-01  7.90694E-01
  9.16016E-01  7.88415E-01
  9.19922E-01  7.86206E-01
  9.23828E-01  7.84070E-01
  9.27734E-01  7.82009E-01
  9.31641E-01  7.80026E-01
  9.35547E-01  7.78121E-01
  9.39453E-01  7.76297E-01
  9.43359E-01  7.74557E-01
  9.47266E-01  7.72900E-01
  9.51172E-01  7.71329E-01
  9.55078E-01  7.69845E-01
  9.58984E-01  7.68451E-01
  9.62891E-01  7.67148E-01
  9.66797E-01  7.65939E-01
  9.70703E-01  7.64823E-01
  9.74609E-01  7.63803E-01
  9.78516E-01  7.62880E-01
  9.82422E-01  7.62056E-01
  9.86328E-01  7.61332E-01
  9.90234E-01  7.60710E-01
  9.94141E-01  7.60191E-01
  9.98047E-01  7.59763E-01
  1.00195E+00  7.59767E-01
