 -1.95312E-03  1.40152E+00
  1.95312E-03  1.40156E+00
  5.85938E-03  1.40112E+00
  9.76562E-03  1.40072E+00
  1.36719E-02  1.40031E+00
  1.75781E-02  1.39987E+00
  2.14844E-02  1.39940E+00
  2.53906E-02  1.39890E+00
  2.92969E-02  1.39838E+00
  3.32031E-02  1.39782E+00
  3.71094E-02  1.39724E+00
  4.10156E-02  1.39663E+00
  4.49219E-02  1.39599E+00
  4.88281E-02  1.39531E+00
  5.27344E-02  1.39462E+00
  5.66406E-02  1.39389E+00
  6.05469E-02  1.39313E+00
  6.44531E-02  1.39235E+00
  6.83594E-02  1.39154E+00
  7.22656E-02  1.39070E+00
  7.61719E-02  1.38983E+00
  8.00781E-02  1.38894E+00
  8.39844E-02  1.38801E+00
  8.78906E-02  1.38706E+00
  9.17969E-02  1.38609E+00
  9.57031E-02  1.38508E+00
  9.96094E-02  1.38405E+00
  1.03516E-01  1.38300E+00
  1.07422E-01  1.38192E+00
  1.11328E-01  1.38081E+00
  1.15234E-01  1.37967E+00
  1.19141E-01  1.37851E+00
  1.23047E-01  1.37732E+00
  1.26953E-01  1.37611E+00
  1.30859E-01  1.37487E+00
  1.34766E-01  1.37361E+00
  1.38672E-01  1.37232E+00
  1.42578E-01  1.37100E+00
  1.46484E-01  1.36966E+00
  1.50391E-01  1.36830E+00
  1.54297E-01  1.36691E+00
  1.58203E-01  1.36549E+00
  1.62109E-01  1.36405E+00
  1.66016E-01  1.36259E+00
  1.69922E-01  1.36110E+00
  1.73828E-01  1.35958E+00
  1.77734E-01  1.35805E+00
  1.81641E-01  1.35648E+00
  1.85547E-01  1.35490E+00
  1.89453E-01  1.35329E+00
  1.93359E-01  1.35165E+00
  1.97266E-01  1.35000E+00
  2.01172E-01  1.34832E+00
  2.05078E-01  1.34661E+00
  2.08984E-01  1.34488E+00
  2.12891E-01  1.34313E+00
  2.16797E-01  1.34136E+00
  2.20703E-01  1.33956E+00
  2.24609E-01  1.33774E+00
  2.28516E-01  1.33589E+00
  2.32422E-01  1.33402E+00
  2.36328E-01  1.33213E+00
  2.40234E-01  1.33022E+00
  2.44141E-01  1.32828E+00
  2.48047E-01  1.32632E+00
  2.51953E-01  1.32434E+00
  2.55859E-01  1.32234E+00
  2.59766E-01  1.32032E+00
  2.63672E-01  1.31827E+00
  2.67578E-01  1.31620E+00
  2.71484E-01  1.31411E+00
  2.75391E-01  1.31199E+00
  2.79297E-01  1.30986E+00
  2.83203E-01  1.30770E+00
  2.87109E-01  1.30552E+00
  2.91016E-01  1.30332E+00
  2.94922E-01  1.30110E+00
  2.98828E-01  1.29886E+00
  3.02734E-01  1.29659E+00
  3.06641E-01  1.29431E+00
  3.10547E-01  1.29200E+00
  3.14453E-01  1.28967E+00
  3.18359E-01  1.28732E+00
  3.22266E-01  1.28495E+00
  3.26172E-01  1.28256E+00
  3.30078E-01  1.28015E+00
  3.33984E-01  1.27772E+00
  3.37891E-01  1.27526E+00
  3.41797E-01  1.27279E+00
  3.45703E-01  1.27030E+00
  3.49609E-01  1.26778E+00
  3.53516E-01  1.26525E+00
  3.57422E-01  1.26269E+00
  3.61328E-01  1.26012E+00
  3.65234E-01  1.25752E+00
  3.69141E-01  1.25491E+00
  3.73047E-01  1.25227E+00
  3.76953E-01  1.24961E+00
  3.80859E-01  1.24694E+00
  3.84766E-01  1.24425E+00
  3.88672E-01  1.24153E+00
  3.92578E-01  1.23880E+00
  3.96484E-01  1.23604E+00
  4.00391E-01  1.23327E+00
  4.04297E-01  1.23048E+00
  4.08203E-01  1.22767E+00
  4.12109E-01  1.22484E+00
  4.16016E-01  1.22200E+00
  4.19922E-01  1.21913E+00
  4.23828E-01  1.21624E+00
  4.27734E-01  1.21334E+00
  4.31641E-01  1.21042E+00
  4.35547E-01  1.20747E+00
  4.39453E-01  1.20451E+00
  4.43359E-01  1.20154E+00
  4.47266E-01  1.19854E+00
  4.51172E-01  1.19552E+00
  4.55078E-01  1.19249E+00
  4.58984E-01  1.18944E+00
  4.62891E-01  1.18637E+00
  4.66797E-01  1.18329E+00
  4.70703E-01  1.18018E+00
  4.74609E-01  1.17706E+00
  4.78516E-01  1.17393E+00
  4.82422E-01  1.17077E+00
  4.86328E-01  1.16760E+00
  4.90234E-01  1.16442E+00
  4.94141E-01  1.16121E+00
  4.98047E-01  1.15799E+00
  5.01953E-01  1.15475E+00
  5.05859E-01  1.15150E+00
  5.09766E-01  1.14823E+00
  5.13672E-01  1.14494E+00
  5.17578E-01  1.14164E+00
  5.21484E-01  1.13832E+00
  5.25391E-01  1.13498E+00
  5.29297E-01  1.13163E+00
  5.33203E-01  1.12826E+00
  5.37109E-01  1.12488E+00
  5.41016E-01  1.12149E+00
  5.44922E-01  1.11808E+00
  5.48828E-01  1.11466E+00
  5.52734E-01  1.11122E+00
  5.56641E-01  1.10777E+00
  5.60547E-01  1.10430E+00
  5.64453E-01  1.10082E+00
  5.68359E-01  1.09733E+00
  5.72266E-01  1.09382E+00
  5.76172E-01  1.09030E+00
  5.80078E-01  1.08677E+00
  5.83984E-01  1.08322E+00
  5.87891E-01  1.07966E+00
  5.91797E-01  1.07609E+00
  5.95703E-01  1.07251E+00
  5.99609E-01  1.06891E+00
  6.03516E-01  1.06531E+00
  6.07422E-01  1.06169E+00
  6.11328E-01  1.05806E+00
  6.15234E-01  1.05442E+00
  6.19141E-01  1.05077E+00
  6.23047E-01  1.04711E+00
  6.26953E-01  1.04344E+00
  6.30859E-01  1.03976E+00
  6.34766E-01  1.03607E+00
  6.38672E-01  1.03237E+00
  6.42578E-01  1.02866E+00
  6.46484E-01  1.02495E+00
  6.50391E-01  1.02122E+00
  6.54297E-01  1.01749E+00
  6.58203E-01  1.01375E+00
  6.62109E-01  1.01001E+00
  6.66016E-01  1.00625E+00
  6.69922E-01  1.00249E+00
  6.73828E-01  9.98727E-01
  6.77734E-01  9.94958E-01
  6.81641E-01  9.91185E-01
  6.85547E-01  9.87408E-01
  6.89453E-01  9.83628E-01
  6.93359E-01  9.79846E-01
  6.97266E-01  9.76062E-01
  7.01172E-01  9.72276E-01
  7.05078E-01  9.68489E-01
  7.08984E-01  9.64702E-01
  7.12891E-01  9.60916E-01
  7.16797E-01  9.57130E-01
  7.20703E-01  9.53346E-01
  7.24609E-01  9.49565E-01
  7.28516E-01  9.45788E-01
  7.32422E-01  9.42014E-01
  7.36328E-01  9.38244E-01
  7.40234E-01  9.34479E-01
  7.44141E-01  9.30721E-01
  7.48047E-01  9.26970E-01
  7.51953E-01  9.23226E-01
  7.55859E-01  9.19491E-01
  7.59766E-01  9.15767E-01
  7.63672E-01  9.12052E-01
  7.67578E-01  9.08349E-01
  7.71484E-01  9.04659E-01
  7.75391E-01  9.00981E-01
  7.79297E-01  8.97317E-01
  7.83203E-01  8.93669E-01
  7.87109E-01  8.90036E-01
  7.91016E-01  8.86420E-01
  7.94922E-01  8.82822E-01
  7.98828E-01  8.79244E-01
  8.02734E-01  8.75686E-01
  8.06641E-01  8.72151E-01
  8.10547E-01  8.68639E-01
  8.14453E-01  8.65151E-01
  8.18359E-01  8.61688E-01
  8.22266E-01  8.58253E-01
  8.26172E-01  8.54848E-01
  8.30078E-01  8.51473E-01
  8.33984E-01  8.48129E-01
  8.37891E-01  8.44819E-01
  8.41797E-01  8.41544E-01
  8.45703E-01  8.38306E-01
  8.49609E-01  8.35106E-01
  8.53516E-01  8.31945E-01
  8.57422E-01  8.28827E-01
  8.61328E-01  8.25752E-01
  8.65234E-01  8.22722E-01
  8.69141E-01  8.19739E-01
  8.73047E-01  8.16805E-01
  8.76953E-01  8.13921E-01
  8.80859E-01  8.11091E-01
  8.84766E-01  8.08315E-01
  8.88672E-01  8.05593E-01
  8.92578E-01  8.02928E-01
  8.96484E-01  8.00322E-01
  9.00391E-01  7.97777E-01
  9.04297E-01  7.95295E-01
  9.08203E-01  7.92878E-01
  9.12109E-01  7.90527E-01
  9.16016E-01  7.88246E-01
  9.19922E-01  7.86038E-01
  9.23828E-01  7.83900E-01
  9.27734E-01  7.81838E-01
  9.31641E-01  7.79853E-01
  9.35547E-01  7.77947E-01
  9.39453E-01  7.76123E-01
  9.43359E-01  7.74382E-01
  9.47266E-01  7.72726E-01
  9.51172E-01  7.71155E-01
  9.55078E-01  7.69670E-01
  9.58984E-01  7.68273E-01
  9.62891E-01  7.66967E-01
  9.66797E-01  7.65754E-01
  9.70703E-01  7.64635E-01
  9.74609E-01  7.63614E-01
  9.78516E-01  7.62689E-01
  9.82422E-01  7.61863E-01
  9.86328E-01  7.61138E-01
  9.90234E-01  7.60515E-01
  9.94141E-01  7.59996E-01
  9.98047E-01  7.59566E-01
  1.00195E+00  7.59570E-01
