 -1.95312E-03  1.40139E+00
  1.95312E-03  1.40143E+00
  5.85938E-03  1.40099E+00
  9.76562E-03  1.40059E+00
  1.36719E-02  1.40018E+00
  1.75781E-02  1.39974E+00
  2.14844E-02  1.39927E+00
  2.53906E-02  1.39878E+00
  2.92969E-02  1.39825E+00
  3.32031E-02  1.39769E+00
  3.71094E-02  1.39711E+00
  4.10156E-02  1.39650E+00
  4.49219E-02  1.39586E+00
  4.88281E-02  1.39519E+00
  5.27344E-02  1.39449E+00
  5.66406E-02  1.39376E+00
  6.05469E-02  1.39300E+00
  6.44531E-02  1.39222E+00
  6.83594E-02  1.39141E+00
  7.22656E-02  1.39057E+00
  7.61719E-02  1.38970E+00
  8.00781E-02  1.38881E+00
  8.39844E-02  1.38789E+00
  8.78906E-02  1.38694E+00
  9.17969E-02  1.38596E+00
  9.57031E-02  1.38496E+00
  9.96094E-02  1.38393E+00
  1.03516E-01  1.38287E+00
  1.07422E-01  1.38179E+00
  1.11328E-01  1.38068E+00
  1.15234E-01  1.37955E+00
  1.19141E-01  1.37839E+00
  1.23047E-01  1.37720E+00
  1.26953E-01  1.37598E+00
  1.30859E-01  1.37475E+00
  1.34766E-01  1.37348E+00
  1.38672E-01  1.37219E+00
  1.42578E-01  1.37088E+00
  1.46484E-01  1.36954E+00
  1.50391E-01  1.36817E+00
  1.54297E-01  1.36678E+00
  1.58203E-01  1.36537E+00
  1.62109E-01  1.36393E+00
  1.66016E-01  1.36246E+00
  1.69922E-01  1.36097E+00
  1.73828E-01  1.35946E+00
  1.77734E-01  1.35792E+00
  1.81641E-01  1.35636E+00
  1.85547E-01  1.35477E+00
  1.89453E-01  1.35316E+00
  1.93359E-01  1.35153E+00
  1.97266E-01  1.34987E+00
  2.01172E-01  1.34819E+00
  2.05078E-01  1.34649E+00
  2.08984E-01  1.34476E+00
  2.12891E-01  1.34301E+00
  2.16797E-01  1.34123E+00
  2.20703E-01  1.33944E+00
  2.24609E-01  1.33761E+00
  2.28516E-01  1.33577E+00
  2.32422E-01  1.33390E+00
  2.36328E-01  1.33201E+00
  2.40234E-01  1.33010E+00
  2.44141E-01  1.32816E+00
  2.48047E-01  1.32620E+00
  2.51953E-01  1.32422E+00
  2.55859E-01  1.32222E+00
  2.59766E-01  1.32019E+00
  2.63672E-01  1.31815E+00
  2.67578E-01  1.31608E+00
  2.71484E-01  1.31399E+00
  2.75391E-01  1.31187E+00
  2.79297E-01  1.30974E+00
  2.83203E-01  1.30758E+00
  2.87109E-01  1.30540E+00
  2.91016E-01  1.30320E+00
  2.94922E-01  1.30098E+00
  2.98828E-01  1.29874E+00
  3.02734E-01  1.29647E+00
  3.06641E-01  1.29419E+00
  3.10547E-01  1.29188E+00
  3.14453E-01  1.28955E+00
  3.18359E-01  1.28721E+00
  3.22266E-01  1.28484E+00
  3.26172E-01  1.28244E+00
  3.30078E-01  1.28003E+00
  3.33984E-01  1.27760E+00
  3.37891E-01  1.27515E+00
  3.41797E-01  1.27267E+00
  3.45703E-01  1.27018E+00
  3.49609E-01  1.26766E+00
  3.53516E-01  1.26513E+00
  3.57422E-01  1.26258E+00
  3.61328E-01  1.26000E+00
  3.65234E-01  1.25741E+00
  3.69141E-01  1.25479E+00
  3.73047E-01  1.25216E+00
  3.76953E-01  1.24950E+00
  3.80859E-01  1.24683E+00
  3.84766E-01  1.24413E+00
  3.88672E-01  1.24142E+00
  3.92578E-01  1.23869E+00
  3.96484E-01  1.23594E+00
  4.00391E-01  1.23316E+00
  4.04297E-01  1.23037E+00
  4.08203E-01  1.22756E+00
  4.12109E-01  1.22474E+00
  4.16016E-01  1.22189E+00
  4.19922E-01  1.21902E+00
  4.23828E-01  1.21614E+00
  4.27734E-01  1.21324E+00
  4.31641E-01  1.21031E+00
  4.35547E-01  1.20737E+00
  4.39453E-01  1.20441E+00
  4.43359E-01  1.20144E+00
  4.47266E-01  1.19844E+00
  4.51172E-01  1.19543E+00
  4.55078E-01  1.19239E+00
  4.58984E-01  1.18934E+00
  4.62891E-01  1.18628E+00
  4.66797E-01  1.18319E+00
  4.70703E-01  1.18009E+00
  4.74609E-01  1.17697E+00
  4.78516E-01  1.17384E+00
  4.82422E-01  1.17069E+00
  4.86328E-01  1.16752E+00
  4.90234E-01  1.16433E+00
  4.94141E-01  1.16113E+00
  4.98047E-01  1.15791E+00
  5.01953E-01  1.15467E+00
  5.05859E-01  1.15142E+00
  5.09766E-01  1.14815E+00
  5.13672E-01  1.14486E+00
  5.17578E-01  1.14156E+00
  5.21484E-01  1.13824E+00
  5.25391E-01  1.13490E+00
  5.29297E-01  1.13156E+00
  5.33203E-01  1.12819E+00
  5.37109E-01  1.12481E+00
  5.41016E-01  1.12142E+00
  5.44922E-01  1.11801E+00
  5.48828E-01  1.11459E+00
  5.52734E-01  1.11115E+00
  5.56641E-01  1.10770E+00
  5.60547E-01  1.10424E+00
  5.64453E-01  1.10076E+00
  5.68359E-01  1.09727E+00
  5.72266E-01  1.09376E+00
  5.76172E-01  1.09024E+00
  5.80078E-01  1.08671E+00
  5.83984E-01  1.08317E+00
  5.87891E-01  1.07961E+00
  5.91797E-01  1.07604E+00
  5.95703E-01  1.07246E+00
  5.99609E-01  1.06886E+00
  6.03516E-01  1.06526E+00
  6.07422E-01  1.06164E+00
  6.11328E-01  1.05802E+00
  6.15234E-01  1.05438E+00
  6.19141E-01  1.05073E+00
  6.23047E-01  1.04707E+00
  6.26953E-01  1.04340E+00
  6.30859E-01  1.03972E+00
  6.34766E-01  1.03604E+00
  6.38672E-01  1.03234E+00
  6.42578E-01  1.02863E+00
  6.46484E-01  1.02492E+00
  6.50391E-01  1.02120E+00
  6.54297E-01  1.01747E+00
  6.58203E-01  1.01373E+00
  6.62109E-01  1.00998E+00
  6.66016E-01  1.00623E+00
  6.69922E-01  1.00248E+00
  6.73828E-01  9.98714E-01
  6.77734E-01  9.94947E-01
  6.81641E-01  9.91176E-01
  6.85547E-01  9.87401E-01
  6.89453E-01  9.83624E-01
  6.93359E-01  9.79845E-01
  6.97266E-01  9.76064E-01
  7.01172E-01  9.72281E-01
  7.05078E-01  9.68497E-01
  7.08984E-01  9.64713E-01
  7.12891E-01  9.60929E-01
  7.16797E-01  9.57146E-01
  7.20703E-01  9.53366E-01
  7.24609E-01  9.49588E-01
  7.28516E-01  9.45812E-01
  7.32422E-01  9.42041E-01
  7.36328E-01  9.38274E-01
  7.40234E-01  9.34513E-01
  7.44141E-01  9.30757E-01
  7.48047E-01  9.27009E-01
  7.51953E-01  9.23268E-01
  7.55859E-01  9.19537E-01
  7.59766E-01  9.15815E-01
  7.63672E-01  9.12103E-01
  7.67578E-01  9.08404E-01
  7.71484E-01  9.04716E-01
  7.75391E-01  9.01041E-01
  7.79297E-01  8.97381E-01
  7.83203E-01  8.93736E-01
  7.87109E-01  8.90106E-01
  7.91016E-01  8.86493E-01
  7.94922E-01  8.82898E-01
  7.98828E-01  8.79322E-01
  8.02734E-01  8.75768E-01
  8.06641E-01  8.72235E-01
  8.10547E-01  8.68725E-01
  8.14453E-01  8.65240E-01
  8.18359E-01  8.61781E-01
  8.22266E-01  8.58350E-01
  8.26172E-01  8.54947E-01
  8.30078E-01  8.51574E-01
  8.33984E-01  8.48234E-01
  8.37891E-01  8.44926E-01
  8.41797E-01  8.41654E-01
  8.45703E-01  8.38419E-01
  8.49609E-01  8.35222E-01
  8.53516E-01  8.32065E-01
  8.57422E-01  8.28949E-01
  8.61328E-01  8.25876E-01
  8.65234E-01  8.22849E-01
  8.69141E-01  8.19869E-01
  8.73047E-01  8.16936E-01
  8.76953E-01  8.14054E-01
  8.80859E-01  8.11224E-01
  8.84766E-01  8.08449E-01
  8.88672E-01  8.05730E-01
  8.92578E-01  8.03067E-01
  8.96484E-01  8.00462E-01
  9.00391E-01  7.97919E-01
  9.04297E-01  7.95439E-01
  9.08203E-01  7.93023E-01
  9.12109E-01  7.90673E-01
  9.16016E-01  7.88394E-01
  9.19922E-01  7.86185E-01
  9.23828E-01  7.84049E-01
  9.27734E-01  7.81988E-01
  9.31641E-01  7.80005E-01
  9.35547E-01  7.78100E-01
  9.39453E-01  7.76275E-01
  9.43359E-01  7.74535E-01
  9.47266E-01  7.72877E-01
  9.51172E-01  7.71306E-01
  9.55078E-01  7.69822E-01
  9.58984E-01  7.68428E-01
  9.62891E-01  7.67125E-01
  9.66797E-01  7.65915E-01
  9.70703E-01  7.64798E-01
  9.74609E-01  7.63778E-01
  9.78516E-01  7.62855E-01
  9.82422E-01  7.62031E-01
  9.86328E-01  7.61307E-01
  9.90234E-01  7.60685E-01
  9.94141E-01  7.60166E-01
  9.98047E-01  7.59738E-01
  1.00195E+00  7.59741E-01
