 -1.95312E-03  1.40143E+00
  1.95312E-03  1.40147E+00
  5.85938E-03  1.40104E+00
  9.76562E-03  1.40064E+00
  1.36719E-02  1.40023E+00
  1.75781E-02  1.39979E+00
  2.14844E-02  1.39932E+00
  2.53906E-02  1.39882E+00
  2.92969E-02  1.39830E+00
  3.32031E-02  1.39774E+00
  3.71094E-02  1.39716E+00
  4.10156E-02  1.39655E+00
  4.49219E-02  1.39590E+00
  4.88281E-02  1.39523E+00
  5.27344E-02  1.39453E+00
  5.66406E-02  1.39381E+00
  6.05469E-02  1.39305E+00
  6.44531E-02  1.39227E+00
  6.83594E-02  1.39146E+00
  7.22656E-02  1.39062E+00
  7.61719E-02  1.38975E+00
  8.00781E-02  1.38886E+00
  8.39844E-02  1.38793E+00
  8.78906E-02  1.38698E+00
  9.17969E-02  1.38601E+00
  9.57031E-02  1.38501E+00
  9.96094E-02  1.38398E+00
  1.03516E-01  1.38292E+00
  1.07422E-01  1.38184E+00
  1.11328E-01  1.38073E+00
  1.15234E-01  1.37959E+00
  1.19141E-01  1.37843E+00
  1.23047E-01  1.37725E+00
  1.26953E-01  1.37603E+00
  1.30859E-01  1.37479E+00
  1.34766E-01  1.37353E+00
  1.38672E-01  1.37224E+00
  1.42578E-01  1.37093E+00
  1.46484E-01  1.36959E+00
  1.50391E-01  1.36822E+00
  1.54297E-01  1.36683E+00
  1.58203E-01  1.36541E+00
  1.62109E-01  1.36398E+00
  1.66016E-01  1.36251E+00
  1.69922E-01  1.36102E+00
  1.73828E-01  1.35951E+00
  1.77734E-01  1.35797E+00
  1.81641E-01  1.35641E+00
  1.85547E-01  1.35482E+00
  1.89453E-01  1.35321E+00
  1.93359E-01  1.35158E+00
  1.97266E-01  1.34992E+00
  2.01172E-01  1.34824E+00
  2.05078E-01  1.34653E+00
  2.08984E-01  1.34481E+00
  2.12891E-01  1.34305E+00
  2.16797E-01  1.34128E+00
  2.20703E-01  1.33948E+00
  2.24609E-01  1.33766E+00
  2.28516E-01  1.33581E+00
  2.32422E-01  1.33395E+00
  2.36328E-01  1.33206E+00
  2.40234E-01  1.33014E+00
  2.44141E-01  1.32821E+00
  2.48047E-01  1.32625E+00
  2.51953E-01  1.32427E+00
  2.55859E-01  1.32226E+00
  2.59766E-01  1.32024E+00
  2.63672E-01  1.31819E+00
  2.67578E-01  1.31612E+00
  2.71484E-01  1.31403E+00
  2.75391E-01  1.31192E+00
  2.79297E-01  1.30978E+00
  2.83203E-01  1.30763E+00
  2.87109E-01  1.30545E+00
  2.91016E-01  1.30325E+00
  2.94922E-01  1.30103E+00
  2.98828E-01  1.29878E+00
  3.02734E-01  1.29652E+00
  3.06641E-01  1.29423E+00
  3.10547E-01  1.29193E+00
  3.14453E-01  1.28960E+00
  3.18359E-01  1.28725E+00
  3.22266E-01  1.28488E+00
  3.26172E-01  1.28249E+00
  3.30078E-01  1.28008E+00
  3.33984E-01  1.27764E+00
  3.37891E-01  1.27519E+00
  3.41797E-01  1.27272E+00
  3.45703E-01  1.27022E+00
  3.49609E-01  1.26771E+00
  3.53516E-01  1.26517E+00
  3.57422E-01  1.26262E+00
  3.61328E-01  1.26004E+00
  3.65234E-01  1.25745E+00
  3.69141E-01  1.25483E+00
  3.73047E-01  1.25220E+00
  3.76953E-01  1.24955E+00
  3.80859E-01  1.24687E+00
  3.84766E-01  1.24418E+00
  3.88672E-01  1.24146E+00
  3.92578E-01  1.23873E+00
  3.96484E-01  1.23598E+00
  4.00391E-01  1.23321E+00
  4.04297E-01  1.23042E+00
  4.08203E-01  1.22761E+00
  4.12109E-01  1.22478E+00
  4.16016E-01  1.22193E+00
  4.19922E-01  1.21906E+00
  4.23828E-01  1.21618E+00
  4.27734E-01  1.21328E+00
  4.31641E-01  1.21035E+00
  4.35547E-01  1.20741E+00
  4.39453E-01  1.20445E+00
  4.43359E-01  1.20148E+00
  4.47266E-01  1.19848E+00
  4.51172E-01  1.19546E+00
  4.55078E-01  1.19243E+00
  4.58984E-01  1.18938E+00
  4.62891E-01  1.18632E+00
  4.66797E-01  1.18323E+00
  4.70703E-01  1.18013E+00
  4.74609E-01  1.17701E+00
  4.78516E-01  1.17387E+00
  4.82422E-01  1.17072E+00
  4.86328E-01  1.16755E+00
  4.90234E-01  1.16436E+00
  4.94141E-01  1.16116E+00
  4.98047E-01  1.15794E+00
  5.01953E-01  1.15470E+00
  5.05859E-01  1.15145E+00
  5.09766E-01  1.14818E+00
  5.13672E-01  1.14489E+00
  5.17578E-01  1.14159E+00
  5.21484E-01  1.13827E+00
  5.25391E-01  1.13493E+00
  5.29297E-01  1.13159E+00
  5.33203E-01  1.12822E+00
  5.37109E-01  1.12484E+00
  5.41016E-01  1.12145E+00
  5.44922E-01  1.11804E+00
  5.48828E-01  1.11462E+00
  5.52734E-01  1.11118E+00
  5.56641E-01  1.10773E+00
  5.60547E-01  1.10426E+00
  5.64453E-01  1.10078E+00
  5.68359E-01  1.09729E+00
  5.72266E-01  1.09378E+00
  5.76172E-01  1.09027E+00
  5.80078E-01  1.08673E+00
  5.83984E-01  1.08319E+00
  5.87891E-01  1.07963E+00
  5.91797E-01  1.07606E+00
  5.95703E-01  1.07248E+00
  5.99609E-01  1.06888E+00
  6.03516E-01  1.06528E+00
  6.07422E-01  1.06166E+00
  6.11328E-01  1.05803E+00
  6.15234E-01  1.05439E+00
  6.19141E-01  1.05075E+00
  6.23047E-01  1.04709E+00
  6.26953E-01  1.04342E+00
  6.30859E-01  1.03974E+00
  6.34766E-01  1.03605E+00
  6.38672E-01  1.03235E+00
  6.42578E-01  1.02864E+00
  6.46484E-01  1.02493E+00
  6.50391E-01  1.02121E+00
  6.54297E-01  1.01748E+00
  6.58203E-01  1.01374E+00
  6.62109E-01  1.00999E+00
  6.66016E-01  1.00624E+00
  6.69922E-01  1.00248E+00
  6.73828E-01  9.98718E-01
  6.77734E-01  9.94950E-01
  6.81641E-01  9.91178E-01
  6.85547E-01  9.87403E-01
  6.89453E-01  9.83625E-01
  6.93359E-01  9.79845E-01
  6.97266E-01  9.76062E-01
  7.01172E-01  9.72278E-01
  7.05078E-01  9.68493E-01
  7.08984E-01  9.64708E-01
  7.12891E-01  9.60923E-01
  7.16797E-01  9.57140E-01
  7.20703E-01  9.53358E-01
  7.24609E-01  9.49579E-01
  7.28516E-01  9.45802E-01
  7.32422E-01  9.42030E-01
  7.36328E-01  9.38262E-01
  7.40234E-01  9.34500E-01
  7.44141E-01  9.30743E-01
  7.48047E-01  9.26994E-01
  7.51953E-01  9.23253E-01
  7.55859E-01  9.19521E-01
  7.59766E-01  9.15798E-01
  7.63672E-01  9.12085E-01
  7.67578E-01  9.08384E-01
  7.71484E-01  9.04695E-01
  7.75391E-01  9.01019E-01
  7.79297E-01  8.97358E-01
  7.83203E-01  8.93710E-01
  7.87109E-01  8.90079E-01
  7.91016E-01  8.86464E-01
  7.94922E-01  8.82868E-01
  7.98828E-01  8.79291E-01
  8.02734E-01  8.75736E-01
  8.06641E-01  8.72202E-01
  8.10547E-01  8.68691E-01
  8.14453E-01  8.65205E-01
  8.18359E-01  8.61744E-01
  8.22266E-01  8.58312E-01
  8.26172E-01  8.54908E-01
  8.30078E-01  8.51535E-01
  8.33984E-01  8.48194E-01
  8.37891E-01  8.44886E-01
  8.41797E-01  8.41612E-01
  8.45703E-01  8.38375E-01
  8.49609E-01  8.35177E-01
  8.53516E-01  8.32018E-01
  8.57422E-01  8.28900E-01
  8.61328E-01  8.25827E-01
  8.65234E-01  8.22799E-01
  8.69141E-01  8.19818E-01
  8.73047E-01  8.16885E-01
  8.76953E-01  8.14003E-01
  8.80859E-01  8.11173E-01
  8.84766E-01  8.08397E-01
  8.88672E-01  8.05676E-01
  8.92578E-01  8.03012E-01
  8.96484E-01  8.00407E-01
  9.00391E-01  7.97862E-01
  9.04297E-01  7.95381E-01
  9.08203E-01  7.92964E-01
  9.12109E-01  7.90614E-01
  9.16016E-01  7.88333E-01
  9.19922E-01  7.86124E-01
  9.23828E-01  7.83987E-01
  9.27734E-01  7.81924E-01
  9.31641E-01  7.79939E-01
  9.35547E-01  7.78034E-01
  9.39453E-01  7.76210E-01
  9.43359E-01  7.74469E-01
  9.47266E-01  7.72812E-01
  9.51172E-01  7.71240E-01
  9.55078E-01  7.69756E-01
  9.58984E-01  7.68360E-01
  9.62891E-01  7.67055E-01
  9.66797E-01  7.65843E-01
  9.70703E-01  7.64725E-01
  9.74609E-01  7.63705E-01
  9.78516E-01  7.62781E-01
  9.82422E-01  7.61956E-01
  9.86328E-01  7.61231E-01
  9.90234E-01  7.60609E-01
  9.94141E-01  7.60090E-01
  9.98047E-01  7.59662E-01
  1.00195E+00  7.59665E-01
