 -1.95312E-03  2.57989E+00
  1.95312E-03  2.57989E+00
  5.85938E-03  2.57980E+00
  9.76562E-03  2.57962E+00
  1.36719E-02  2.57935E+00
  1.75781E-02  2.57899E+00
  2.14844E-02  2.57854E+00
  2.53906E-02  2.57800E+00
  2.92969E-02  2.57738E+00
  3.32031E-02  2.57667E+00
  3.71094E-02  2.57587E+00
  4.10156E-02  2.57499E+00
  4.49219E-02  2.57402E+00
  4.88281E-02  2.57297E+00
  5.27344E-02  2.57183E+00
  5.66406E-02  2.57061E+00
  6.05469E-02  2.56931E+00
  6.44531E-02  2.56793E+00
  6.83594E-02  2.56646E+00
  7.22656E-02  2.56491E+00
  7.61719E-02  2.56328E+00
  8.00781E-02  2.56157E+00
  8.39844E-02  2.55978E+00
  8.78906E-02  2.55790E+00
  9.17969E-02  2.55595E+00
  9.57031E-02  2.55392E+00
  9.96094E-02  2.55181E+00
  1.03516E-01  2.54962E+00
  1.07422E-01  2.54736E+00
  1.11328E-01  2.54501E+00
  1.15234E-01  2.54259E+00
  1.19141E-01  2.54009E+00
  1.23047E-01  2.53751E+00
  1.26953E-01  2.53486E+00
  1.30859E-01  2.53213E+00
  1.34766E-01  2.52932E+00
  1.38672E-01  2.52644E+00
  1.42578E-01  2.52348E+00
  1.46484E-01  2.52044E+00
  1.50391E-01  2.51733E+00
  1.54297E-01  2.51415E+00
  1.58203E-01  2.51088E+00
  1.62109E-01  2.50755E+00
  1.66016E-01  2.50414E+00
  1.69922E-01  2.50065E+00
  1.73828E-01  2.49709E+00
  1.77734E-01  2.49346E+00
  1.81641E-01  2.48975E+00
  1.85547E-01  2.48597E+00
  1.89453E-01  2.48211E+00
  1.93359E-01  2.47818E+00
  1.97266E-01  2.47417E+00
  2.01172E-01  2.47009E+00
  2.05078E-01  2.46594E+00
  2.08984E-01  2.46171E+00
  2.12891E-01  2.45741E+00
  2.16797E-01  2.45303E+00
  2.20703E-01  2.44859E+00
  2.24609E-01  2.44406E+00
  2.28516E-01  2.43947E+00
  2.32422E-01  2.43480E+00
  2.36328E-01  2.43006E+00
  2.40234E-01  2.42524E+00
  2.44141E-01  2.42035E+00
  2.48047E-01  2.41538E+00
  2.51953E-01  2.41034E+00
  2.55859E-01  2.40523E+00
  2.59766E-01  2.40004E+00
  2.63672E-01  2.39478E+00
  2.67578E-01  2.38945E+00
  2.71484E-01  2.38404E+00
  2.75391E-01  2.37856E+00
  2.79297E-01  2.37301E+00
  2.83203E-01  2.36738E+00
  2.87109E-01  2.36167E+00
  2.91016E-01  2.35589E+00
  2.94922E-01  2.35004E+00
  2.98828E-01  2.34411E+00
  3.02734E-01  2.33810E+00
  3.06641E-01  2.33202E+00
  3.10547E-01  2.32587E+00
  3.14453E-01  2.31963E+00
  3.18359E-01  2.31333E+00
  3.22266E-01  2.30694E+00
  3.26172E-01  2.30048E+00
  3.30078E-01  2.29394E+00
  3.33984E-01  2.28732E+00
  3.37891E-01  2.28063E+00
  3.41797E-01  2.27386E+00
  3.45703E-01  2.26700E+00
  3.49609E-01  2.26007E+00
  3.53516E-01  2.25306E+00
  3.57422E-01  2.24597E+00
  3.61328E-01  2.23880E+00
  3.65234E-01  2.23155E+00
  3.69141E-01  2.22422E+00
  3.73047E-01  2.21680E+00
  3.76953E-01  2.20931E+00
  3.80859E-01  2.20173E+00
  3.84766E-01  2.19407E+00
  3.88672E-01  2.18633E+00
  3.92578E-01  2.17850E+00
  3.96484E-01  2.17058E+00
  4.00391E-01  2.16258E+00
  4.04297E-01  2.15450E+00
  4.08203E-01  2.14632E+00
  4.12109E-01  2.13806E+00
  4.16016E-01  2.12971E+00
  4.19922E-01  2.12127E+00
  4.23828E-01  2.11274E+00
  4.27734E-01  2.10412E+00
  4.31641E-01  2.09541E+00
  4.35547E-01  2.08660E+00
  4.39453E-01  2.07770E+00
  4.43359E-01  2.06870E+00
  4.47266E-01  2.05961E+00
  4.51172E-01  2.05042E+00
  4.55078E-01  2.04113E+00
  4.58984E-01  2.03175E+00
  4.62891E-01  2.02226E+00
  4.66797E-01  2.01267E+00
  4.70703E-01  2.00297E+00
  4.74609E-01  1.99318E+00
  4.78516E-01  1.98327E+00
  4.82422E-01  1.97326E+00
  4.86328E-01  1.96314E+00
  4.90234E-01  1.95291E+00
  4.94141E-01  1.94256E+00
  4.98047E-01  1.93210E+00
  5.01953E-01  1.92152E+00
  5.05859E-01  1.91082E+00
  5.09766E-01  1.90000E+00
  5.13672E-01  1.88905E+00
  5.17578E-01  1.87798E+00
  5.21484E-01  1.86677E+00
  5.25391E-01  1.85543E+00
  5.29297E-01  1.84396E+00
  5.33203E-01  1.83235E+00
  5.37109E-01  1.82060E+00
  5.41016E-01  1.80870E+00
  5.44922E-01  1.79666E+00
  5.48828E-01  1.78447E+00
  5.52734E-01  1.77212E+00
  5.56641E-01  1.75961E+00
  5.60547E-01  1.74693E+00
  5.64453E-01  1.73409E+00
  5.68359E-01  1.72108E+00
  5.72266E-01  1.70789E+00
  5.76172E-01  1.69452E+00
  5.80078E-01  1.68096E+00
  5.83984E-01  1.66720E+00
  5.87891E-01  1.65325E+00
  5.91797E-01  1.63909E+00
  5.95703E-01  1.62471E+00
  5.99609E-01  1.61011E+00
  6.03516E-01  1.59528E+00
  6.07422E-01  1.58020E+00
  6.11328E-01  1.56488E+00
  6.15234E-01  1.54930E+00
  6.19141E-01  1.53345E+00
  6.23047E-01  1.51731E+00
  6.26953E-01  1.50087E+00
  6.30859E-01  1.48412E+00
  6.34766E-01  1.46705E+00
  6.38672E-01  1.44963E+00
  6.42578E-01  1.43184E+00
  6.46484E-01  1.41367E+00
  6.50391E-01  1.39509E+00
  6.54297E-01  1.37608E+00
  6.58203E-01  1.35660E+00
  6.62109E-01  1.33662E+00
  6.66016E-01  1.31612E+00
  6.69922E-01  1.29505E+00
  6.73828E-01  1.27335E+00
  6.77734E-01  1.25099E+00
  6.81641E-01  1.22790E+00
  6.85547E-01  1.20401E+00
  6.89453E-01  1.17923E+00
  6.93359E-01  1.15346E+00
  6.97266E-01  1.12657E+00
  7.01172E-01  1.09841E+00
  7.05078E-01  1.06877E+00
  7.08984E-01  1.03738E+00
  7.12891E-01  1.00386E+00
  7.16797E-01  9.67685E-01
  7.20703E-01  9.28066E-01
  7.24609E-01  8.83537E-01
  7.28516E-01  8.29604E-01
  7.32422E-01  7.47057E-01
  7.36328E-01  5.25822E-01
  7.40234E-01  3.87205E-03
  7.44141E-01  3.81066E-03
  7.48047E-01  3.75161E-03
  7.51953E-01  3.69377E-03
  7.55859E-01  3.63712E-03
  7.59766E-01  3.58163E-03
  7.63672E-01  3.52728E-03
  7.67578E-01  3.47404E-03
  7.71484E-01  3.42189E-03
  7.75391E-01  3.37080E-03
  7.79297E-01  3.32073E-03
  7.83203E-01  3.27165E-03
  7.87109E-01  3.22354E-03
  7.91016E-01  3.17637E-03
  7.94922E-01  3.13015E-03
  7.98828E-01  3.08481E-03
  8.02734E-01  3.04032E-03
  8.06641E-01  2.99674E-03
  8.10547E-01  2.95396E-03
  8.14453E-01  2.91200E-03
  8.18359E-01  2.87084E-03
  8.22266E-01  2.83044E-03
  8.26172E-01  2.79082E-03
  8.30078E-01  2.75192E-03
  8.33984E-01  2.71375E-03
  8.37891E-01  2.67629E-03
  8.41797E-01  2.63948E-03
  8.45703E-01  2.60341E-03
  8.49609E-01  2.56797E-03
  8.53516E-01  2.53314E-03
  8.57422E-01  2.49898E-03
  8.61328E-01  2.46544E-03
  8.65234E-01  2.43248E-03
  8.69141E-01  2.40009E-03
  8.73047E-01  2.36830E-03
  8.76953E-01  2.33709E-03
  8.80859E-01  2.30641E-03
  8.84766E-01  2.27628E-03
  8.88672E-01  2.24666E-03
  8.92578E-01  2.21756E-03
  8.96484E-01  2.18896E-03
  9.00391E-01  2.16086E-03
  9.04297E-01  2.13325E-03
  9.08203E-01  2.10611E-03
  9.12109E-01  2.07944E-03
  9.16016E-01  2.05323E-03
  9.19922E-01  2.02747E-03
  9.23828E-01  2.00215E-03
  9.27734E-01  1.97727E-03
  9.31641E-01  1.95281E-03
  9.35547E-01  1.92875E-03
  9.39453E-01  1.90509E-03
  9.43359E-01  1.88183E-03
  9.47266E-01  1.85897E-03
  9.51172E-01  1.83649E-03
  9.55078E-01  1.81438E-03
  9.58984E-01  1.79264E-03
  9.62891E-01  1.77127E-03
  9.66797E-01  1.75025E-03
  9.70703E-01  1.72960E-03
  9.74609E-01  1.70927E-03
  9.78516E-01  1.68931E-03
  9.82422E-01  1.66967E-03
  9.86328E-01  1.65038E-03
  9.90234E-01  1.63141E-03
  9.94141E-01  1.61276E-03
  9.98047E-01  1.59445E-03
  1.00195E+00  1.59445E-03
