 -1.95312E-03  2.57994E+00
  1.95312E-03  2.57994E+00
  5.85938E-03  2.57984E+00
  9.76562E-03  2.57966E+00
  1.36719E-02  2.57939E+00
  1.75781E-02  2.57903E+00
  2.14844E-02  2.57858E+00
  2.53906E-02  2.57805E+00
  2.92969E-02  2.57742E+00
  3.32031E-02  2.57671E+00
  3.71094E-02  2.57592E+00
  4.10156E-02  2.57504E+00
  4.49219E-02  2.57407E+00
  4.88281E-02  2.57302E+00
  5.27344E-02  2.57188E+00
  5.66406E-02  2.57066E+00
  6.05469E-02  2.56936E+00
  6.44531E-02  2.56798E+00
  6.83594E-02  2.56651E+00
  7.22656E-02  2.56496E+00
  7.61719E-02  2.56333E+00
  8.00781E-02  2.56162E+00
  8.39844E-02  2.55983E+00
  8.78906E-02  2.55796E+00
  9.17969E-02  2.55600E+00
  9.57031E-02  2.55397E+00
  9.96094E-02  2.55186E+00
  1.03516E-01  2.54968E+00
  1.07422E-01  2.54741E+00
  1.11328E-01  2.54506E+00
  1.15234E-01  2.54264E+00
  1.19141E-01  2.54014E+00
  1.23047E-01  2.53756E+00
  1.26953E-01  2.53491E+00
  1.30859E-01  2.53218E+00
  1.34766E-01  2.52937E+00
  1.38672E-01  2.52649E+00
  1.42578E-01  2.52353E+00
  1.46484E-01  2.52050E+00
  1.50391E-01  2.51739E+00
  1.54297E-01  2.51420E+00
  1.58203E-01  2.51094E+00
  1.62109E-01  2.50760E+00
  1.66016E-01  2.50419E+00
  1.69922E-01  2.50071E+00
  1.73828E-01  2.49715E+00
  1.77734E-01  2.49351E+00
  1.81641E-01  2.48980E+00
  1.85547E-01  2.48602E+00
  1.89453E-01  2.48216E+00
  1.93359E-01  2.47823E+00
  1.97266E-01  2.47422E+00
  2.01172E-01  2.47014E+00
  2.05078E-01  2.46599E+00
  2.08984E-01  2.46176E+00
  2.12891E-01  2.45746E+00
  2.16797E-01  2.45309E+00
  2.20703E-01  2.44864E+00
  2.24609E-01  2.44412E+00
  2.28516E-01  2.43952E+00
  2.32422E-01  2.43485E+00
  2.36328E-01  2.43011E+00
  2.40234E-01  2.42529E+00
  2.44141E-01  2.42040E+00
  2.48047E-01  2.41543E+00
  2.51953E-01  2.41039E+00
  2.55859E-01  2.40528E+00
  2.59766E-01  2.40010E+00
  2.63672E-01  2.39484E+00
  2.67578E-01  2.38950E+00
  2.71484E-01  2.38410E+00
  2.75391E-01  2.37861E+00
  2.79297E-01  2.37306E+00
  2.83203E-01  2.36743E+00
  2.87109E-01  2.36173E+00
  2.91016E-01  2.35595E+00
  2.94922E-01  2.35009E+00
  2.98828E-01  2.34416E+00
  3.02734E-01  2.33816E+00
  3.06641E-01  2.33208E+00
  3.10547E-01  2.32592E+00
  3.14453E-01  2.31969E+00
  3.18359E-01  2.31338E+00
  3.22266E-01  2.30699E+00
  3.26172E-01  2.30053E+00
  3.30078E-01  2.29399E+00
  3.33984E-01  2.28737E+00
  3.37891E-01  2.28068E+00
  3.41797E-01  2.27391E+00
  3.45703E-01  2.26705E+00
  3.49609E-01  2.26012E+00
  3.53516E-01  2.25311E+00
  3.57422E-01  2.24602E+00
  3.61328E-01  2.23885E+00
  3.65234E-01  2.23160E+00
  3.69141E-01  2.22427E+00
  3.73047E-01  2.21685E+00
  3.76953E-01  2.20936E+00
  3.80859E-01  2.20178E+00
  3.84766E-01  2.19412E+00
  3.88672E-01  2.18638E+00
  3.92578E-01  2.17855E+00
  3.96484E-01  2.17063E+00
  4.00391E-01  2.16263E+00
  4.04297E-01  2.15454E+00
  4.08203E-01  2.14637E+00
  4.12109E-01  2.13811E+00
  4.16016E-01  2.12976E+00
  4.19922E-01  2.12132E+00
  4.23828E-01  2.11278E+00
  4.27734E-01  2.10416E+00
  4.31641E-01  2.09545E+00
  4.35547E-01  2.08664E+00
  4.39453E-01  2.07774E+00
  4.43359E-01  2.06874E+00
  4.47266E-01  2.05965E+00
  4.51172E-01  2.05046E+00
  4.55078E-01  2.04117E+00
  4.58984E-01  2.03178E+00
  4.62891E-01  2.02229E+00
  4.66797E-01  2.01270E+00
  4.70703E-01  2.00300E+00
  4.74609E-01  1.99320E+00
  4.78516E-01  1.98329E+00
  4.82422E-01  1.97327E+00
  4.86328E-01  1.96314E+00
  4.90234E-01  1.95290E+00
  4.94141E-01  1.94254E+00
  4.98047E-01  1.93207E+00
  5.01953E-01  1.92148E+00
  5.05859E-01  1.91077E+00
  5.09766E-01  1.89993E+00
  5.13672E-01  1.88897E+00
  5.17578E-01  1.87788E+00
  5.21484E-01  1.86666E+00
  5.25391E-01  1.85531E+00
  5.29297E-01  1.84382E+00
  5.33203E-01  1.83219E+00
  5.37109E-01  1.82042E+00
  5.41016E-01  1.80851E+00
  5.44922E-01  1.79645E+00
  5.48828E-01  1.78424E+00
  5.52734E-01  1.77187E+00
  5.56641E-01  1.75934E+00
  5.60547E-01  1.74665E+00
  5.64453E-01  1.73379E+00
  5.68359E-01  1.72076E+00
  5.72266E-01  1.70755E+00
  5.76172E-01  1.69416E+00
  5.80078E-01  1.68058E+00
  5.83984E-01  1.66682E+00
  5.87891E-01  1.65285E+00
  5.91797E-01  1.63868E+00
  5.95703E-01  1.62429E+00
  5.99609E-01  1.60969E+00
  6.03516E-01  1.59486E+00
  6.07422E-01  1.57979E+00
  6.11328E-01  1.56447E+00
  6.15234E-01  1.54890E+00
  6.19141E-01  1.53306E+00
  6.23047E-01  1.51695E+00
  6.26953E-01  1.50054E+00
  6.30859E-01  1.48382E+00
  6.34766E-01  1.46679E+00
  6.38672E-01  1.44942E+00
  6.42578E-01  1.43169E+00
  6.46484E-01  1.41360E+00
  6.50391E-01  1.39510E+00
  6.54297E-01  1.37619E+00
  6.58203E-01  1.35684E+00
  6.62109E-01  1.33701E+00
  6.66016E-01  1.31668E+00
  6.69922E-01  1.29580E+00
  6.73828E-01  1.27435E+00
  6.77734E-01  1.25227E+00
  6.81641E-01  1.22951E+00
  6.85547E-01  1.20601E+00
  6.89453E-01  1.18170E+00
  6.93359E-01  1.15651E+00
  6.97266E-01  1.13034E+00
  7.01172E-01  1.10309E+00
  7.05078E-01  1.07462E+00
  7.08984E-01  1.04479E+00
  7.12891E-01  1.01341E+00
  7.16797E-01  9.80265E-01
  7.20703E-01  9.45051E-01
  7.24609E-01  9.07138E-01
  7.28516E-01  8.62437E-01
  7.32422E-01  7.75638E-01
  7.36328E-01  2.26113E-01
  7.40234E-01  1.52777E-03
  7.44141E-01  1.50386E-03
  7.48047E-01  1.48048E-03
  7.51953E-01  1.45756E-03
  7.55859E-01  1.43511E-03
  7.59766E-01  1.41313E-03
  7.63672E-01  1.39160E-03
  7.67578E-01  1.37048E-03
  7.71484E-01  1.34982E-03
  7.75391E-01  1.32954E-03
  7.79297E-01  1.30969E-03
  7.83203E-01  1.29021E-03
  7.87109E-01  1.27114E-03
  7.91016E-01  1.25243E-03
  7.94922E-01  1.23409E-03
  7.98828E-01  1.21611E-03
  8.02734E-01  1.19845E-03
  8.06641E-01  1.18116E-03
  8.10547E-01  1.16420E-03
  8.14453E-01  1.14755E-03
  8.18359E-01  1.13121E-03
  8.22266E-01  1.11520E-03
  8.26172E-01  1.09948E-03
  8.30078E-01  1.08406E-03
  8.33984E-01  1.06892E-03
  8.37891E-01  1.05406E-03
  8.41797E-01  1.03948E-03
  8.45703E-01  1.02516E-03
  8.49609E-01  1.01110E-03
  8.53516E-01  9.97314E-04
  8.57422E-01  9.83782E-04
  8.61328E-01  9.70502E-04
  8.65234E-01  9.57444E-04
  8.69141E-01  9.44622E-04
  8.73047E-01  9.32031E-04
  8.76953E-01  9.19664E-04
  8.80859E-01  9.07516E-04
  8.84766E-01  8.95584E-04
  8.88672E-01  8.83867E-04
  8.92578E-01  8.72353E-04
  8.96484E-01  8.61036E-04
  9.00391E-01  8.49919E-04
  9.04297E-01  8.38997E-04
  9.08203E-01  8.28255E-04
  9.12109E-01  8.17706E-04
  9.16016E-01  8.07332E-04
  9.19922E-01  7.97136E-04
  9.23828E-01  7.87113E-04
  9.27734E-01  7.77258E-04
  9.31641E-01  7.67569E-04
  9.35547E-01  7.58043E-04
  9.39453E-01  7.48670E-04
  9.43359E-01  7.39463E-04
  9.47266E-01  7.30401E-04
  9.51172E-01  7.21489E-04
  9.55078E-01  7.12728E-04
  9.58984E-01  7.04105E-04
  9.62891E-01  6.95619E-04
  9.66797E-01  6.87282E-04
  9.70703E-01  6.79075E-04
  9.74609E-01  6.70998E-04
  9.78516E-01  6.63048E-04
  9.82422E-01  6.55230E-04
  9.86328E-01  6.47539E-04
  9.90234E-01  6.39970E-04
  9.94141E-01  6.32518E-04
  9.98047E-01  6.25184E-04
  1.00195E+00  6.25184E-04
