 -1.95312E-03  2.58106E+00
  1.95312E-03  2.58106E+00
  5.85938E-03  2.58097E+00
  9.76562E-03  2.58079E+00
  1.36719E-02  2.58051E+00
  1.75781E-02  2.58015E+00
  2.14844E-02  2.57971E+00
  2.53906E-02  2.57917E+00
  2.92969E-02  2.57855E+00
  3.32031E-02  2.57784E+00
  3.71094E-02  2.57704E+00
  4.10156E-02  2.57616E+00
  4.49219E-02  2.57519E+00
  4.88281E-02  2.57414E+00
  5.27344E-02  2.57300E+00
  5.66406E-02  2.57178E+00
  6.05469E-02  2.57048E+00
  6.44531E-02  2.56910E+00
  6.83594E-02  2.56763E+00
  7.22656E-02  2.56608E+00
  7.61719E-02  2.56445E+00
  8.00781E-02  2.56274E+00
  8.39844E-02  2.56095E+00
  8.78906E-02  2.55907E+00
  9.17969E-02  2.55712E+00
  9.57031E-02  2.55509E+00
  9.96094E-02  2.55298E+00
  1.03516E-01  2.55079E+00
  1.07422E-01  2.54852E+00
  1.11328E-01  2.54618E+00
  1.15234E-01  2.54375E+00
  1.19141E-01  2.54125E+00
  1.23047E-01  2.53867E+00
  1.26953E-01  2.53602E+00
  1.30859E-01  2.53329E+00
  1.34766E-01  2.53048E+00
  1.38672E-01  2.52760E+00
  1.42578E-01  2.52464E+00
  1.46484E-01  2.52160E+00
  1.50391E-01  2.51849E+00
  1.54297E-01  2.51530E+00
  1.58203E-01  2.51204E+00
  1.62109E-01  2.50871E+00
  1.66016E-01  2.50529E+00
  1.69922E-01  2.50181E+00
  1.73828E-01  2.49825E+00
  1.77734E-01  2.49461E+00
  1.81641E-01  2.49090E+00
  1.85547E-01  2.48712E+00
  1.89453E-01  2.48326E+00
  1.93359E-01  2.47933E+00
  1.97266E-01  2.47533E+00
  2.01172E-01  2.47125E+00
  2.05078E-01  2.46710E+00
  2.08984E-01  2.46287E+00
  2.12891E-01  2.45857E+00
  2.16797E-01  2.45419E+00
  2.20703E-01  2.44975E+00
  2.24609E-01  2.44523E+00
  2.28516E-01  2.44063E+00
  2.32422E-01  2.43596E+00
  2.36328E-01  2.43122E+00
  2.40234E-01  2.42640E+00
  2.44141E-01  2.42152E+00
  2.48047E-01  2.41655E+00
  2.51953E-01  2.41152E+00
  2.55859E-01  2.40641E+00
  2.59766E-01  2.40122E+00
  2.63672E-01  2.39597E+00
  2.67578E-01  2.39064E+00
  2.71484E-01  2.38523E+00
  2.75391E-01  2.37975E+00
  2.79297E-01  2.37420E+00
  2.83203E-01  2.36857E+00
  2.87109E-01  2.36287E+00
  2.91016E-01  2.35709E+00
  2.94922E-01  2.35124E+00
  2.98828E-01  2.34531E+00
  3.02734E-01  2.33930E+00
  3.06641E-01  2.33322E+00
  3.10547E-01  2.32707E+00
  3.14453E-01  2.32083E+00
  3.18359E-01  2.31452E+00
  3.22266E-01  2.30814E+00
  3.26172E-01  2.30167E+00
  3.30078E-01  2.29513E+00
  3.33984E-01  2.28851E+00
  3.37891E-01  2.28181E+00
  3.41797E-01  2.27504E+00
  3.45703E-01  2.26818E+00
  3.49609E-01  2.26125E+00
  3.53516E-01  2.25423E+00
  3.57422E-01  2.24714E+00
  3.61328E-01  2.23996E+00
  3.65234E-01  2.23270E+00
  3.69141E-01  2.22537E+00
  3.73047E-01  2.21795E+00
  3.76953E-01  2.21044E+00
  3.80859E-01  2.20286E+00
  3.84766E-01  2.19519E+00
  3.88672E-01  2.18744E+00
  3.92578E-01  2.17960E+00
  3.96484E-01  2.17167E+00
  4.00391E-01  2.16366E+00
  4.04297E-01  2.15556E+00
  4.08203E-01  2.14738E+00
  4.12109E-01  2.13910E+00
  4.16016E-01  2.13074E+00
  4.19922E-01  2.12228E+00
  4.23828E-01  2.11374E+00
  4.27734E-01  2.10510E+00
  4.31641E-01  2.09637E+00
  4.35547E-01  2.08754E+00
  4.39453E-01  2.07862E+00
  4.43359E-01  2.06961E+00
  4.47266E-01  2.06049E+00
  4.51172E-01  2.05128E+00
  4.55078E-01  2.04197E+00
  4.58984E-01  2.03256E+00
  4.62891E-01  2.02305E+00
  4.66797E-01  2.01343E+00
  4.70703E-01  2.00371E+00
  4.74609E-01  1.99388E+00
  4.78516E-01  1.98394E+00
  4.82422E-01  1.97389E+00
  4.86328E-01  1.96374E+00
  4.90234E-01  1.95346E+00
  4.94141E-01  1.94308E+00
  4.98047E-01  1.93258E+00
  5.01953E-01  1.92196E+00
  5.05859E-01  1.91121E+00
  5.09766E-01  1.90035E+00
  5.13672E-01  1.88936E+00
  5.17578E-01  1.87824E+00
  5.21484E-01  1.86699E+00
  5.25391E-01  1.85561E+00
  5.29297E-01  1.84410E+00
  5.33203E-01  1.83244E+00
  5.37109E-01  1.82064E+00
  5.41016E-01  1.80870E+00
  5.44922E-01  1.79661E+00
  5.48828E-01  1.78437E+00
  5.52734E-01  1.77197E+00
  5.56641E-01  1.75941E+00
  5.60547E-01  1.74669E+00
  5.64453E-01  1.73380E+00
  5.68359E-01  1.72073E+00
  5.72266E-01  1.70749E+00
  5.76172E-01  1.69406E+00
  5.80078E-01  1.68044E+00
  5.83984E-01  1.66663E+00
  5.87891E-01  1.65261E+00
  5.91797E-01  1.63839E+00
  5.95703E-01  1.62394E+00
  5.99609E-01  1.60928E+00
  6.03516E-01  1.59438E+00
  6.07422E-01  1.57923E+00
  6.11328E-01  1.56384E+00
  6.15234E-01  1.54818E+00
  6.19141E-01  1.53225E+00
  6.23047E-01  1.51603E+00
  6.26953E-01  1.49951E+00
  6.30859E-01  1.48267E+00
  6.34766E-01  1.46550E+00
  6.38672E-01  1.44797E+00
  6.42578E-01  1.43008E+00
  6.46484E-01  1.41180E+00
  6.50391E-01  1.39310E+00
  6.54297E-01  1.37396E+00
  6.58203E-01  1.35434E+00
  6.62109E-01  1.33422E+00
  6.66016E-01  1.31355E+00
  6.69922E-01  1.29230E+00
  6.73828E-01  1.27041E+00
  6.77734E-01  1.24782E+00
  6.81641E-01  1.22447E+00
  6.85547E-01  1.20028E+00
  6.89453E-01  1.17515E+00
  6.93359E-01  1.14899E+00
  6.97266E-01  1.12165E+00
  7.01172E-01  1.09297E+00
  7.05078E-01  1.06273E+00
  7.08984E-01  1.03067E+00
  7.12891E-01  9.96411E-01
  7.16797E-01  9.59450E-01
  7.20703E-01  9.18916E-01
  7.24609E-01  8.72363E-01
  7.28516E-01  8.06870E-01
  7.32422E-01  6.69742E-01
  7.36328E-01  7.65950E-11
  7.40234E-01  7.53829E-11
  7.44141E-01  7.41958E-11
  7.48047E-01  7.30337E-11
  7.51953E-01  7.18951E-11
  7.55859E-01  7.07809E-11
  7.59766E-01  6.96881E-11
  7.63672E-01  6.86189E-11
  7.67578E-01  6.75711E-11
  7.71484E-01  6.65435E-11
  7.75391E-01  6.55373E-11
  7.79297E-01  6.45516E-11
  7.83203E-01  6.35849E-11
  7.87109E-01  6.26370E-11
  7.91016E-01  6.17075E-11
  7.94922E-01  6.07976E-11
  7.98828E-01  5.99052E-11
  8.02734E-01  5.90301E-11
  8.06641E-01  5.81722E-11
  8.10547E-01  5.73298E-11
  8.14453E-01  5.65037E-11
  8.18359E-01  5.56934E-11
  8.22266E-01  5.48986E-11
  8.26172E-01  5.41190E-11
  8.30078E-01  5.33542E-11
  8.33984E-01  5.26039E-11
  8.37891E-01  5.18677E-11
  8.41797E-01  5.11452E-11
  8.45703E-01  5.04360E-11
  8.49609E-01  4.97397E-11
  8.53516E-01  4.90568E-11
  8.57422E-01  4.83861E-11
  8.61328E-01  4.77273E-11
  8.65234E-01  4.70807E-11
  8.69141E-01  4.64458E-11
  8.73047E-01  4.58218E-11
  8.76953E-01  4.52096E-11
  8.80859E-01  4.46076E-11
  8.84766E-01  4.40169E-11
  8.88672E-01  4.34359E-11
  8.92578E-01  4.28657E-11
  8.96484E-01  4.23049E-11
  9.00391E-01  4.17543E-11
  9.04297E-01  4.12130E-11
  9.08203E-01  4.06806E-11
  9.12109E-01  4.01581E-11
  9.16016E-01  3.96441E-11
  9.19922E-01  3.91384E-11
  9.23828E-01  3.86420E-11
  9.27734E-01  3.81538E-11
  9.31641E-01  3.76735E-11
  9.35547E-01  3.72011E-11
  9.39453E-01  3.67367E-11
  9.43359E-01  3.62803E-11
  9.47266E-01  3.58314E-11
  9.51172E-01  3.53897E-11
  9.55078E-01  3.49552E-11
  9.58984E-01  3.45277E-11
  9.62891E-01  3.41072E-11
  9.66797E-01  3.36935E-11
  9.70703E-01  3.32864E-11
  9.74609E-01  3.28859E-11
  9.78516E-01  3.24918E-11
  9.82422E-01  3.21041E-11
  9.86328E-01  3.17225E-11
  9.90234E-01  3.13470E-11
  9.94141E-01  3.09773E-11
  9.98047E-01  3.06135E-11
  1.00195E+00  3.06135E-11
