 -1.95312E-03  2.58107E+00
  1.95312E-03  2.58107E+00
  5.85938E-03  2.58098E+00
  9.76562E-03  2.58080E+00
  1.36719E-02  2.58053E+00
  1.75781E-02  2.58017E+00
  2.14844E-02  2.57972E+00
  2.53906E-02  2.57918E+00
  2.92969E-02  2.57856E+00
  3.32031E-02  2.57785E+00
  3.71094E-02  2.57705E+00
  4.10156E-02  2.57617E+00
  4.49219E-02  2.57520E+00
  4.88281E-02  2.57415E+00
  5.27344E-02  2.57302E+00
  5.66406E-02  2.57180E+00
  6.05469E-02  2.57049E+00
  6.44531E-02  2.56911E+00
  6.83594E-02  2.56764E+00
  7.22656E-02  2.56609E+00
  7.61719E-02  2.56446E+00
  8.00781E-02  2.56275E+00
  8.39844E-02  2.56096E+00
  8.78906E-02  2.55908E+00
  9.17969E-02  2.55713E+00
  9.57031E-02  2.55510E+00
  9.96094E-02  2.55299E+00
  1.03516E-01  2.55080E+00
  1.07422E-01  2.54853E+00
  1.11328E-01  2.54619E+00
  1.15234E-01  2.54377E+00
  1.19141E-01  2.54126E+00
  1.23047E-01  2.53869E+00
  1.26953E-01  2.53603E+00
  1.30859E-01  2.53330E+00
  1.34766E-01  2.53049E+00
  1.38672E-01  2.52761E+00
  1.42578E-01  2.52465E+00
  1.46484E-01  2.52161E+00
  1.50391E-01  2.51850E+00
  1.54297E-01  2.51532E+00
  1.58203E-01  2.51205E+00
  1.62109E-01  2.50872E+00
  1.66016E-01  2.50530E+00
  1.69922E-01  2.50182E+00
  1.73828E-01  2.49826E+00
  1.77734E-01  2.49462E+00
  1.81641E-01  2.49091E+00
  1.85547E-01  2.48713E+00
  1.89453E-01  2.48327E+00
  1.93359E-01  2.47934E+00
  1.97266E-01  2.47534E+00
  2.01172E-01  2.47126E+00
  2.05078E-01  2.46711E+00
  2.08984E-01  2.46288E+00
  2.12891E-01  2.45858E+00
  2.16797E-01  2.45420E+00
  2.20703E-01  2.44976E+00
  2.24609E-01  2.44524E+00
  2.28516E-01  2.44064E+00
  2.32422E-01  2.43597E+00
  2.36328E-01  2.43123E+00
  2.40234E-01  2.42641E+00
  2.44141E-01  2.42153E+00
  2.48047E-01  2.41656E+00
  2.51953E-01  2.41153E+00
  2.55859E-01  2.40642E+00
  2.59766E-01  2.40124E+00
  2.63672E-01  2.39598E+00
  2.67578E-01  2.39065E+00
  2.71484E-01  2.38524E+00
  2.75391E-01  2.37976E+00
  2.79297E-01  2.37421E+00
  2.83203E-01  2.36858E+00
  2.87109E-01  2.36288E+00
  2.91016E-01  2.35710E+00
  2.94922E-01  2.35124E+00
  2.98828E-01  2.34532E+00
  3.02734E-01  2.33931E+00
  3.06641E-01  2.33323E+00
  3.10547E-01  2.32708E+00
  3.14453E-01  2.32084E+00
  3.18359E-01  2.31453E+00
  3.22266E-01  2.30815E+00
  3.26172E-01  2.30168E+00
  3.30078E-01  2.29514E+00
  3.33984E-01  2.28852E+00
  3.37891E-01  2.28182E+00
  3.41797E-01  2.27504E+00
  3.45703E-01  2.26819E+00
  3.49609E-01  2.26125E+00
  3.53516E-01  2.25424E+00
  3.57422E-01  2.24714E+00
  3.61328E-01  2.23997E+00
  3.65234E-01  2.23271E+00
  3.69141E-01  2.22537E+00
  3.73047E-01  2.21795E+00
  3.76953E-01  2.21045E+00
  3.80859E-01  2.20286E+00
  3.84766E-01  2.19519E+00
  3.88672E-01  2.18744E+00
  3.92578E-01  2.17960E+00
  3.96484E-01  2.17168E+00
  4.00391E-01  2.16367E+00
  4.04297E-01  2.15557E+00
  4.08203E-01  2.14738E+00
  4.12109E-01  2.13911E+00
  4.16016E-01  2.13074E+00
  4.19922E-01  2.12229E+00
  4.23828E-01  2.11374E+00
  4.27734E-01  2.10510E+00
  4.31641E-01  2.09637E+00
  4.35547E-01  2.08755E+00
  4.39453E-01  2.07863E+00
  4.43359E-01  2.06961E+00
  4.47266E-01  2.06050E+00
  4.51172E-01  2.05129E+00
  4.55078E-01  2.04198E+00
  4.58984E-01  2.03256E+00
  4.62891E-01  2.02305E+00
  4.66797E-01  2.01343E+00
  4.70703E-01  2.00371E+00
  4.74609E-01  1.99388E+00
  4.78516E-01  1.98394E+00
  4.82422E-01  1.97389E+00
  4.86328E-01  1.96374E+00
  4.90234E-01  1.95347E+00
  4.94141E-01  1.94308E+00
  4.98047E-01  1.93258E+00
  5.01953E-01  1.92196E+00
  5.05859E-01  1.91121E+00
  5.09766E-01  1.90035E+00
  5.13672E-01  1.88936E+00
  5.17578E-01  1.87824E+00
  5.21484E-01  1.86699E+00
  5.25391E-01  1.85561E+00
  5.29297E-01  1.84409E+00
  5.33203E-01  1.83244E+00
  5.37109E-01  1.82064E+00
  5.41016E-01  1.80870E+00
  5.44922E-01  1.79661E+00
  5.48828E-01  1.78436E+00
  5.52734E-01  1.77196E+00
  5.56641E-01  1.75941E+00
  5.60547E-01  1.74668E+00
  5.64453E-01  1.73379E+00
  5.68359E-01  1.72073E+00
  5.72266E-01  1.70748E+00
  5.76172E-01  1.69405E+00
  5.80078E-01  1.68044E+00
  5.83984E-01  1.66662E+00
  5.87891E-01  1.65260E+00
  5.91797E-01  1.63838E+00
  5.95703E-01  1.62393E+00
  5.99609E-01  1.60927E+00
  6.03516E-01  1.59437E+00
  6.07422E-01  1.57923E+00
  6.11328E-01  1.56383E+00
  6.15234E-01  1.54817E+00
  6.19141E-01  1.53224E+00
  6.23047E-01  1.51602E+00
  6.26953E-01  1.49949E+00
  6.30859E-01  1.48265E+00
  6.34766E-01  1.46548E+00
  6.38672E-01  1.44796E+00
  6.42578E-01  1.43007E+00
  6.46484E-01  1.41179E+00
  6.50391E-01  1.39309E+00
  6.54297E-01  1.37394E+00
  6.58203E-01  1.35432E+00
  6.62109E-01  1.33420E+00
  6.66016E-01  1.31353E+00
  6.69922E-01  1.29228E+00
  6.73828E-01  1.27039E+00
  6.77734E-01  1.24780E+00
  6.81641E-01  1.22445E+00
  6.85547E-01  1.20026E+00
  6.89453E-01  1.17514E+00
  6.93359E-01  1.14898E+00
  6.97266E-01  1.12164E+00
  7.01172E-01  1.09296E+00
  7.05078E-01  1.06272E+00
  7.08984E-01  1.03066E+00
  7.12891E-01  9.96401E-01
  7.16797E-01  9.59439E-01
  7.20703E-01  9.18900E-01
  7.24609E-01  8.72350E-01
  7.28516E-01  8.06854E-01
  7.32422E-01  6.69737E-01
  7.36328E-01  2.34316E-11
  7.40234E-01  2.30606E-11
  7.44141E-01  2.26973E-11
  7.48047E-01  2.23418E-11
  7.51953E-01  2.19938E-11
  7.55859E-01  2.16529E-11
  7.59766E-01  2.13189E-11
  7.63672E-01  2.09918E-11
  7.67578E-01  2.06715E-11
  7.71484E-01  2.03573E-11
  7.75391E-01  2.00499E-11
  7.79297E-01  1.97482E-11
  7.83203E-01  1.94529E-11
  7.87109E-01  1.91631E-11
  7.91016E-01  1.88793E-11
  7.94922E-01  1.86008E-11
  7.98828E-01  1.83280E-11
  8.02734E-01  1.80603E-11
  8.06641E-01  1.77976E-11
  8.10547E-01  1.75404E-11
  8.14453E-01  1.72879E-11
  8.18359E-01  1.70401E-11
  8.22266E-01  1.67970E-11
  8.26172E-01  1.65588E-11
  8.30078E-01  1.63249E-11
  8.33984E-01  1.60953E-11
  8.37891E-01  1.58699E-11
  8.41797E-01  1.56487E-11
  8.45703E-01  1.54316E-11
  8.49609E-01  1.52186E-11
  8.53516E-01  1.50095E-11
  8.57422E-01  1.48042E-11
  8.61328E-01  1.46028E-11
  8.65234E-01  1.44049E-11
  8.69141E-01  1.42104E-11
  8.73047E-01  1.40195E-11
  8.76953E-01  1.38321E-11
  8.80859E-01  1.36479E-11
  8.84766E-01  1.34670E-11
  8.88672E-01  1.32893E-11
  8.92578E-01  1.31147E-11
  8.96484E-01  1.29432E-11
  9.00391E-01  1.27747E-11
  9.04297E-01  1.26091E-11
  9.08203E-01  1.24463E-11
  9.12109E-01  1.22863E-11
  9.16016E-01  1.21290E-11
  9.19922E-01  1.19745E-11
  9.23828E-01  1.18225E-11
  9.27734E-01  1.16731E-11
  9.31641E-01  1.15262E-11
  9.35547E-01  1.13818E-11
  9.39453E-01  1.12397E-11
  9.43359E-01  1.11001E-11
  9.47266E-01  1.09626E-11
  9.51172E-01  1.08276E-11
  9.55078E-01  1.06946E-11
  9.58984E-01  1.05638E-11
  9.62891E-01  1.04353E-11
  9.66797E-01  1.03087E-11
  9.70703E-01  1.01841E-11
  9.74609E-01  1.00616E-11
  9.78516E-01  9.94111E-12
  9.82422E-01  9.82247E-12
  9.86328E-01  9.70567E-12
  9.90234E-01  9.59069E-12
  9.94141E-01  9.47757E-12
  9.98047E-01  9.36628E-12
  1.00195E+00  9.36628E-12
