 -1.95312E-03  2.57958E+00
  1.95312E-03  2.57958E+00
  5.85938E-03  2.57949E+00
  9.76562E-03  2.57931E+00
  1.36719E-02  2.57904E+00
  1.75781E-02  2.57868E+00
  2.14844E-02  2.57823E+00
  2.53906E-02  2.57769E+00
  2.92969E-02  2.57707E+00
  3.32031E-02  2.57636E+00
  3.71094E-02  2.57556E+00
  4.10156E-02  2.57468E+00
  4.49219E-02  2.57371E+00
  4.88281E-02  2.57266E+00
  5.27344E-02  2.57152E+00
  5.66406E-02  2.57030E+00
  6.05469E-02  2.56900E+00
  6.44531E-02  2.56762E+00
  6.83594E-02  2.56615E+00
  7.22656E-02  2.56460E+00
  7.61719E-02  2.56297E+00
  8.00781E-02  2.56126E+00
  8.39844E-02  2.55947E+00
  8.78906E-02  2.55760E+00
  9.17969E-02  2.55565E+00
  9.57031E-02  2.55362E+00
  9.96094E-02  2.55151E+00
  1.03516E-01  2.54932E+00
  1.07422E-01  2.54705E+00
  1.11328E-01  2.54471E+00
  1.15234E-01  2.54228E+00
  1.19141E-01  2.53978E+00
  1.23047E-01  2.53720E+00
  1.26953E-01  2.53455E+00
  1.30859E-01  2.53182E+00
  1.34766E-01  2.52901E+00
  1.38672E-01  2.52613E+00
  1.42578E-01  2.52317E+00
  1.46484E-01  2.52014E+00
  1.50391E-01  2.51703E+00
  1.54297E-01  2.51384E+00
  1.58203E-01  2.51058E+00
  1.62109E-01  2.50724E+00
  1.66016E-01  2.50383E+00
  1.69922E-01  2.50035E+00
  1.73828E-01  2.49679E+00
  1.77734E-01  2.49315E+00
  1.81641E-01  2.48944E+00
  1.85547E-01  2.48566E+00
  1.89453E-01  2.48180E+00
  1.93359E-01  2.47787E+00
  1.97266E-01  2.47386E+00
  2.01172E-01  2.46978E+00
  2.05078E-01  2.46563E+00
  2.08984E-01  2.46140E+00
  2.12891E-01  2.45710E+00
  2.16797E-01  2.45272E+00
  2.20703E-01  2.44828E+00
  2.24609E-01  2.44375E+00
  2.28516E-01  2.43916E+00
  2.32422E-01  2.43449E+00
  2.36328E-01  2.42974E+00
  2.40234E-01  2.42493E+00
  2.44141E-01  2.42004E+00
  2.48047E-01  2.41507E+00
  2.51953E-01  2.41003E+00
  2.55859E-01  2.40492E+00
  2.59766E-01  2.39973E+00
  2.63672E-01  2.39447E+00
  2.67578E-01  2.38914E+00
  2.71484E-01  2.38373E+00
  2.75391E-01  2.37825E+00
  2.79297E-01  2.37269E+00
  2.83203E-01  2.36706E+00
  2.87109E-01  2.36136E+00
  2.91016E-01  2.35558E+00
  2.94922E-01  2.34972E+00
  2.98828E-01  2.34379E+00
  3.02734E-01  2.33779E+00
  3.06641E-01  2.33171E+00
  3.10547E-01  2.32555E+00
  3.14453E-01  2.31932E+00
  3.18359E-01  2.31301E+00
  3.22266E-01  2.30662E+00
  3.26172E-01  2.30016E+00
  3.30078E-01  2.29362E+00
  3.33984E-01  2.28700E+00
  3.37891E-01  2.28031E+00
  3.41797E-01  2.27353E+00
  3.45703E-01  2.26668E+00
  3.49609E-01  2.25975E+00
  3.53516E-01  2.25274E+00
  3.57422E-01  2.24565E+00
  3.61328E-01  2.23848E+00
  3.65234E-01  2.23123E+00
  3.69141E-01  2.22390E+00
  3.73047E-01  2.21648E+00
  3.76953E-01  2.20899E+00
  3.80859E-01  2.20141E+00
  3.84766E-01  2.19375E+00
  3.88672E-01  2.18600E+00
  3.92578E-01  2.17817E+00
  3.96484E-01  2.17026E+00
  4.00391E-01  2.16226E+00
  4.04297E-01  2.15417E+00
  4.08203E-01  2.14600E+00
  4.12109E-01  2.13774E+00
  4.16016E-01  2.12939E+00
  4.19922E-01  2.12095E+00
  4.23828E-01  2.11242E+00
  4.27734E-01  2.10380E+00
  4.31641E-01  2.09509E+00
  4.35547E-01  2.08628E+00
  4.39453E-01  2.07738E+00
  4.43359E-01  2.06838E+00
  4.47266E-01  2.05929E+00
  4.51172E-01  2.05010E+00
  4.55078E-01  2.04082E+00
  4.58984E-01  2.03143E+00
  4.62891E-01  2.02194E+00
  4.66797E-01  2.01235E+00
  4.70703E-01  2.00266E+00
  4.74609E-01  1.99286E+00
  4.78516E-01  1.98296E+00
  4.82422E-01  1.97295E+00
  4.86328E-01  1.96283E+00
  4.90234E-01  1.95260E+00
  4.94141E-01  1.94225E+00
  4.98047E-01  1.93179E+00
  5.01953E-01  1.92122E+00
  5.05859E-01  1.91052E+00
  5.09766E-01  1.89971E+00
  5.13672E-01  1.88877E+00
  5.17578E-01  1.87770E+00
  5.21484E-01  1.86651E+00
  5.25391E-01  1.85519E+00
  5.29297E-01  1.84373E+00
  5.33203E-01  1.83214E+00
  5.37109E-01  1.82041E+00
  5.41016E-01  1.80854E+00
  5.44922E-01  1.79652E+00
  5.48828E-01  1.78436E+00
  5.52734E-01  1.77204E+00
  5.56641E-01  1.75957E+00
  5.60547E-01  1.74694E+00
  5.64453E-01  1.73415E+00
  5.68359E-01  1.72119E+00
  5.72266E-01  1.70805E+00
  5.76172E-01  1.69474E+00
  5.80078E-01  1.68124E+00
  5.83984E-01  1.66756E+00
  5.87891E-01  1.65368E+00
  5.91797E-01  1.63959E+00
  5.95703E-01  1.62530E+00
  5.99609E-01  1.61080E+00
  6.03516E-01  1.59607E+00
  6.07422E-01  1.58111E+00
  6.11328E-01  1.56590E+00
  6.15234E-01  1.55045E+00
  6.19141E-01  1.53473E+00
  6.23047E-01  1.51874E+00
  6.26953E-01  1.50247E+00
  6.30859E-01  1.48590E+00
  6.34766E-01  1.46901E+00
  6.38672E-01  1.45179E+00
  6.42578E-01  1.43423E+00
  6.46484E-01  1.41630E+00
  6.50391E-01  1.39798E+00
  6.54297E-01  1.37924E+00
  6.58203E-01  1.36007E+00
  6.62109E-01  1.34043E+00
  6.66016E-01  1.32029E+00
  6.69922E-01  1.29961E+00
  6.73828E-01  1.27836E+00
  6.77734E-01  1.25648E+00
  6.81641E-01  1.23390E+00
  6.85547E-01  1.21058E+00
  6.89453E-01  1.18643E+00
  6.93359E-01  1.16135E+00
  6.97266E-01  1.13526E+00
  7.01172E-01  1.10801E+00
  7.05078E-01  1.07944E+00
  7.08984E-01  1.04935E+00
  7.12891E-01  1.01747E+00
  7.16797E-01  9.83431E-01
  7.20703E-01  9.46734E-01
  7.24609E-01  9.06535E-01
  7.28516E-01  8.60482E-01
  7.32422E-01  7.96172E-01
  7.36328E-01  6.62477E-01
  7.40234E-01  2.46584E-02
  7.44141E-01  2.39671E-02
  7.48047E-01  2.36014E-02
  7.51953E-01  2.32464E-02
  7.55859E-01  2.29003E-02
  7.59766E-01  2.25617E-02
  7.63672E-01  2.22312E-02
  7.67578E-01  2.19103E-02
  7.71484E-01  2.15971E-02
  7.75391E-01  2.12857E-02
  7.79297E-01  2.09736E-02
  7.83203E-01  2.06648E-02
  7.87109E-01  2.03625E-02
  7.91016E-01  2.00669E-02
  7.94922E-01  1.97781E-02
  7.98828E-01  1.94975E-02
  8.02734E-01  1.92256E-02
  8.06641E-01  1.89590E-02
  8.10547E-01  1.86983E-02
  8.14453E-01  1.84449E-02
  8.18359E-01  1.81979E-02
  8.22266E-01  1.79551E-02
  8.26172E-01  1.77164E-02
  8.30078E-01  1.74820E-02
  8.33984E-01  1.72516E-02
  8.37891E-01  1.70252E-02
  8.41797E-01  1.68027E-02
  8.45703E-01  1.65841E-02
  8.49609E-01  1.63694E-02
  8.53516E-01  1.61567E-02
  8.57422E-01  1.59443E-02
  8.61328E-01  1.57324E-02
  8.65234E-01  1.55270E-02
  8.69141E-01  1.53268E-02
  8.73047E-01  1.51301E-02
  8.76953E-01  1.49369E-02
  8.80859E-01  1.47472E-02
  8.84766E-01  1.45610E-02
  8.88672E-01  1.43779E-02
  8.92578E-01  1.41981E-02
  8.96484E-01  1.40215E-02
  9.00391E-01  1.38479E-02
  9.04297E-01  1.36773E-02
  9.08203E-01  1.35086E-02
  9.12109E-01  1.33413E-02
  9.16016E-01  1.31763E-02
  9.19922E-01  1.30140E-02
  9.23828E-01  1.28550E-02
  9.27734E-01  1.27016E-02
  9.31641E-01  1.25507E-02
  9.35547E-01  1.24024E-02
  9.39453E-01  1.22567E-02
  9.43359E-01  1.21135E-02
  9.47266E-01  1.19726E-02
  9.51172E-01  1.18342E-02
  9.55078E-01  1.16982E-02
  9.58984E-01  1.15645E-02
  9.62891E-01  1.14332E-02
  9.66797E-01  1.13041E-02
  9.70703E-01  1.11773E-02
  9.74609E-01  1.10529E-02
  9.78516E-01  1.09307E-02
  9.82422E-01  1.08110E-02
  9.86328E-01  1.06939E-02
  9.90234E-01  1.05799E-02
  9.94141E-01  1.04707E-02
  9.98047E-01  1.03738E-02
  1.00195E+00  1.03738E-02
