 -1.95312E-03  2.58042E+00
  1.95312E-03  2.58042E+00
  5.85938E-03  2.58033E+00
  9.76562E-03  2.58015E+00
  1.36719E-02  2.57988E+00
  1.75781E-02  2.57952E+00
  2.14844E-02  2.57907E+00
  2.53906E-02  2.57854E+00
  2.92969E-02  2.57791E+00
  3.32031E-02  2.57720E+00
  3.71094E-02  2.57641E+00
  4.10156E-02  2.57553E+00
  4.49219E-02  2.57456E+00
  4.88281E-02  2.57351E+00
  5.27344E-02  2.57238E+00
  5.66406E-02  2.57116E+00
  6.05469E-02  2.56986E+00
  6.44531E-02  2.56847E+00
  6.83594E-02  2.56701E+00
  7.22656E-02  2.56546E+00
  7.61719E-02  2.56383E+00
  8.00781E-02  2.56212E+00
  8.39844E-02  2.56033E+00
  8.78906E-02  2.55846E+00
  9.17969E-02  2.55651E+00
  9.57031E-02  2.55448E+00
  9.96094E-02  2.55237E+00
  1.03516E-01  2.55018E+00
  1.07422E-01  2.54792E+00
  1.11328E-01  2.54557E+00
  1.15234E-01  2.54315E+00
  1.19141E-01  2.54065E+00
  1.23047E-01  2.53808E+00
  1.26953E-01  2.53542E+00
  1.30859E-01  2.53269E+00
  1.34766E-01  2.52989E+00
  1.38672E-01  2.52701E+00
  1.42578E-01  2.52405E+00
  1.46484E-01  2.52101E+00
  1.50391E-01  2.51791E+00
  1.54297E-01  2.51472E+00
  1.58203E-01  2.51146E+00
  1.62109E-01  2.50813E+00
  1.66016E-01  2.50472E+00
  1.69922E-01  2.50123E+00
  1.73828E-01  2.49768E+00
  1.77734E-01  2.49404E+00
  1.81641E-01  2.49034E+00
  1.85547E-01  2.48655E+00
  1.89453E-01  2.48270E+00
  1.93359E-01  2.47877E+00
  1.97266E-01  2.47477E+00
  2.01172E-01  2.47069E+00
  2.05078E-01  2.46654E+00
  2.08984E-01  2.46231E+00
  2.12891E-01  2.45801E+00
  2.16797E-01  2.45364E+00
  2.20703E-01  2.44919E+00
  2.24609E-01  2.44467E+00
  2.28516E-01  2.44008E+00
  2.32422E-01  2.43541E+00
  2.36328E-01  2.43067E+00
  2.40234E-01  2.42585E+00
  2.44141E-01  2.42096E+00
  2.48047E-01  2.41600E+00
  2.51953E-01  2.41097E+00
  2.55859E-01  2.40586E+00
  2.59766E-01  2.40067E+00
  2.63672E-01  2.39542E+00
  2.67578E-01  2.39009E+00
  2.71484E-01  2.38468E+00
  2.75391E-01  2.37921E+00
  2.79297E-01  2.37365E+00
  2.83203E-01  2.36803E+00
  2.87109E-01  2.36233E+00
  2.91016E-01  2.35655E+00
  2.94922E-01  2.35070E+00
  2.98828E-01  2.34477E+00
  3.02734E-01  2.33877E+00
  3.06641E-01  2.33270E+00
  3.10547E-01  2.32654E+00
  3.14453E-01  2.32031E+00
  3.18359E-01  2.31401E+00
  3.22266E-01  2.30763E+00
  3.26172E-01  2.30117E+00
  3.30078E-01  2.29463E+00
  3.33984E-01  2.28802E+00
  3.37891E-01  2.28133E+00
  3.41797E-01  2.27456E+00
  3.45703E-01  2.26771E+00
  3.49609E-01  2.26079E+00
  3.53516E-01  2.25378E+00
  3.57422E-01  2.24670E+00
  3.61328E-01  2.23953E+00
  3.65234E-01  2.23228E+00
  3.69141E-01  2.22496E+00
  3.73047E-01  2.21755E+00
  3.76953E-01  2.21006E+00
  3.80859E-01  2.20248E+00
  3.84766E-01  2.19483E+00
  3.88672E-01  2.18708E+00
  3.92578E-01  2.17926E+00
  3.96484E-01  2.17134E+00
  4.00391E-01  2.16334E+00
  4.04297E-01  2.15526E+00
  4.08203E-01  2.14709E+00
  4.12109E-01  2.13883E+00
  4.16016E-01  2.13048E+00
  4.19922E-01  2.12204E+00
  4.23828E-01  2.11351E+00
  4.27734E-01  2.10489E+00
  4.31641E-01  2.09617E+00
  4.35547E-01  2.08736E+00
  4.39453E-01  2.07846E+00
  4.43359E-01  2.06946E+00
  4.47266E-01  2.06036E+00
  4.51172E-01  2.05117E+00
  4.55078E-01  2.04187E+00
  4.58984E-01  2.03248E+00
  4.62891E-01  2.02298E+00
  4.66797E-01  2.01338E+00
  4.70703E-01  2.00367E+00
  4.74609E-01  1.99386E+00
  4.78516E-01  1.98394E+00
  4.82422E-01  1.97391E+00
  4.86328E-01  1.96377E+00
  4.90234E-01  1.95352E+00
  4.94141E-01  1.94315E+00
  4.98047E-01  1.93266E+00
  5.01953E-01  1.92206E+00
  5.05859E-01  1.91134E+00
  5.09766E-01  1.90049E+00
  5.13672E-01  1.88951E+00
  5.17578E-01  1.87841E+00
  5.21484E-01  1.86718E+00
  5.25391E-01  1.85581E+00
  5.29297E-01  1.84431E+00
  5.33203E-01  1.83266E+00
  5.37109E-01  1.82088E+00
  5.41016E-01  1.80895E+00
  5.44922E-01  1.79687E+00
  5.48828E-01  1.78464E+00
  5.52734E-01  1.77226E+00
  5.56641E-01  1.75971E+00
  5.60547E-01  1.74700E+00
  5.64453E-01  1.73412E+00
  5.68359E-01  1.72107E+00
  5.72266E-01  1.70784E+00
  5.76172E-01  1.69442E+00
  5.80078E-01  1.68082E+00
  5.83984E-01  1.66702E+00
  5.87891E-01  1.65301E+00
  5.91797E-01  1.63880E+00
  5.95703E-01  1.62437E+00
  5.99609E-01  1.60972E+00
  6.03516E-01  1.59483E+00
  6.07422E-01  1.57971E+00
  6.11328E-01  1.56433E+00
  6.15234E-01  1.54868E+00
  6.19141E-01  1.53276E+00
  6.23047E-01  1.51656E+00
  6.26953E-01  1.50005E+00
  6.30859E-01  1.48323E+00
  6.34766E-01  1.46608E+00
  6.38672E-01  1.44858E+00
  6.42578E-01  1.43071E+00
  6.46484E-01  1.41244E+00
  6.50391E-01  1.39376E+00
  6.54297E-01  1.37464E+00
  6.58203E-01  1.35505E+00
  6.62109E-01  1.33496E+00
  6.66016E-01  1.31432E+00
  6.69922E-01  1.29310E+00
  6.73828E-01  1.27124E+00
  6.77734E-01  1.24870E+00
  6.81641E-01  1.22539E+00
  6.85547E-01  1.20125E+00
  6.89453E-01  1.17619E+00
  6.93359E-01  1.15008E+00
  6.97266E-01  1.12281E+00
  7.01172E-01  1.09420E+00
  7.05078E-01  1.06405E+00
  7.08984E-01  1.03209E+00
  7.12891E-01  9.97965E-01
  7.16797E-01  9.61158E-01
  7.20703E-01  9.20839E-01
  7.24609E-01  8.74662E-01
  7.28516E-01  8.10261E-01
  7.32422E-01  6.75501E-01
  7.36328E-01  1.14125E-04
  7.40234E-01  1.12317E-04
  7.44141E-01  1.10547E-04
  7.48047E-01  1.08815E-04
  7.51953E-01  1.07118E-04
  7.55859E-01  1.05457E-04
  7.59766E-01  1.03830E-04
  7.63672E-01  1.02238E-04
  7.67578E-01  1.00678E-04
  7.71484E-01  9.91497E-05
  7.75391E-01  9.76522E-05
  7.79297E-01  9.61852E-05
  7.83203E-01  9.47480E-05
  7.87109E-01  9.33387E-05
  7.91016E-01  9.19566E-05
  7.94922E-01  9.06032E-05
  7.98828E-01  8.92753E-05
  8.02734E-01  8.79731E-05
  8.06641E-01  8.66967E-05
  8.10547E-01  8.54439E-05
  8.14453E-01  8.42162E-05
  8.18359E-01  8.30108E-05
  8.22266E-01  8.18290E-05
  8.26172E-01  8.06693E-05
  8.30078E-01  7.95306E-05
  8.33984E-01  7.84147E-05
  8.37891E-01  7.73186E-05
  8.41797E-01  7.62421E-05
  8.45703E-01  7.51871E-05
  8.49609E-01  7.41507E-05
  8.53516E-01  7.31328E-05
  8.57422E-01  7.21329E-05
  8.61328E-01  7.11526E-05
  8.65234E-01  7.01896E-05
  8.69141E-01  6.92437E-05
  8.73047E-01  6.83145E-05
  8.76953E-01  6.74017E-05
  8.80859E-01  6.65050E-05
  8.84766E-01  6.56241E-05
  8.88672E-01  6.47586E-05
  8.92578E-01  6.39084E-05
  8.96484E-01  6.30731E-05
  9.00391E-01  6.22524E-05
  9.04297E-01  6.14460E-05
  9.08203E-01  6.06548E-05
  9.12109E-01  5.98758E-05
  9.16016E-01  5.91099E-05
  9.19922E-01  5.83574E-05
  9.23828E-01  5.76176E-05
  9.27734E-01  5.68902E-05
  9.31641E-01  5.61748E-05
  9.35547E-01  5.54715E-05
  9.39453E-01  5.47801E-05
  9.43359E-01  5.40999E-05
  9.47266E-01  5.34309E-05
  9.51172E-01  5.27731E-05
  9.55078E-01  5.21256E-05
  9.58984E-01  5.14893E-05
  9.62891E-01  5.08626E-05
  9.66797E-01  5.02468E-05
  9.70703E-01  4.96401E-05
  9.74609E-01  4.90439E-05
  9.78516E-01  4.84565E-05
  9.82422E-01  4.78790E-05
  9.86328E-01  4.73104E-05
  9.90234E-01  4.67504E-05
  9.94141E-01  4.61999E-05
  9.98047E-01  4.56577E-05
  1.00195E+00  4.56577E-05
