 -1.95312E-03  2.58097E+00
  1.95312E-03  2.58097E+00
  5.85938E-03  2.58087E+00
  9.76562E-03  2.58069E+00
  1.36719E-02  2.58042E+00
  1.75781E-02  2.58006E+00
  2.14844E-02  2.57961E+00
  2.53906E-02  2.57908E+00
  2.92969E-02  2.57845E+00
  3.32031E-02  2.57774E+00
  3.71094E-02  2.57695E+00
  4.10156E-02  2.57607E+00
  4.49219E-02  2.57510E+00
  4.88281E-02  2.57405E+00
  5.27344E-02  2.57291E+00
  5.66406E-02  2.57169E+00
  6.05469E-02  2.57039E+00
  6.44531E-02  2.56901E+00
  6.83594E-02  2.56754E+00
  7.22656E-02  2.56599E+00
  7.61719E-02  2.56436E+00
  8.00781E-02  2.56265E+00
  8.39844E-02  2.56086E+00
  8.78906E-02  2.55899E+00
  9.17969E-02  2.55703E+00
  9.57031E-02  2.55500E+00
  9.96094E-02  2.55289E+00
  1.03516E-01  2.55070E+00
  1.07422E-01  2.54844E+00
  1.11328E-01  2.54609E+00
  1.15234E-01  2.54367E+00
  1.19141E-01  2.54117E+00
  1.23047E-01  2.53859E+00
  1.26953E-01  2.53593E+00
  1.30859E-01  2.53320E+00
  1.34766E-01  2.53040E+00
  1.38672E-01  2.52751E+00
  1.42578E-01  2.52455E+00
  1.46484E-01  2.52152E+00
  1.50391E-01  2.51841E+00
  1.54297E-01  2.51522E+00
  1.58203E-01  2.51196E+00
  1.62109E-01  2.50863E+00
  1.66016E-01  2.50521E+00
  1.69922E-01  2.50173E+00
  1.73828E-01  2.49817E+00
  1.77734E-01  2.49454E+00
  1.81641E-01  2.49083E+00
  1.85547E-01  2.48705E+00
  1.89453E-01  2.48319E+00
  1.93359E-01  2.47926E+00
  1.97266E-01  2.47526E+00
  2.01172E-01  2.47118E+00
  2.05078E-01  2.46702E+00
  2.08984E-01  2.46280E+00
  2.12891E-01  2.45850E+00
  2.16797E-01  2.45412E+00
  2.20703E-01  2.44967E+00
  2.24609E-01  2.44515E+00
  2.28516E-01  2.44056E+00
  2.32422E-01  2.43589E+00
  2.36328E-01  2.43114E+00
  2.40234E-01  2.42633E+00
  2.44141E-01  2.42144E+00
  2.48047E-01  2.41648E+00
  2.51953E-01  2.41144E+00
  2.55859E-01  2.40633E+00
  2.59766E-01  2.40115E+00
  2.63672E-01  2.39589E+00
  2.67578E-01  2.39056E+00
  2.71484E-01  2.38516E+00
  2.75391E-01  2.37968E+00
  2.79297E-01  2.37412E+00
  2.83203E-01  2.36850E+00
  2.87109E-01  2.36279E+00
  2.91016E-01  2.35701E+00
  2.94922E-01  2.35116E+00
  2.98828E-01  2.34523E+00
  3.02734E-01  2.33923E+00
  3.06641E-01  2.33315E+00
  3.10547E-01  2.32699E+00
  3.14453E-01  2.32076E+00
  3.18359E-01  2.31445E+00
  3.22266E-01  2.30806E+00
  3.26172E-01  2.30160E+00
  3.30078E-01  2.29506E+00
  3.33984E-01  2.28844E+00
  3.37891E-01  2.28174E+00
  3.41797E-01  2.27497E+00
  3.45703E-01  2.26812E+00
  3.49609E-01  2.26118E+00
  3.53516E-01  2.25417E+00
  3.57422E-01  2.24708E+00
  3.61328E-01  2.23990E+00
  3.65234E-01  2.23265E+00
  3.69141E-01  2.22531E+00
  3.73047E-01  2.21790E+00
  3.76953E-01  2.21039E+00
  3.80859E-01  2.20281E+00
  3.84766E-01  2.19514E+00
  3.88672E-01  2.18739E+00
  3.92578E-01  2.17955E+00
  3.96484E-01  2.17163E+00
  4.00391E-01  2.16362E+00
  4.04297E-01  2.15552E+00
  4.08203E-01  2.14734E+00
  4.12109E-01  2.13906E+00
  4.16016E-01  2.13070E+00
  4.19922E-01  2.12225E+00
  4.23828E-01  2.11370E+00
  4.27734E-01  2.10507E+00
  4.31641E-01  2.09634E+00
  4.35547E-01  2.08751E+00
  4.39453E-01  2.07859E+00
  4.43359E-01  2.06958E+00
  4.47266E-01  2.06047E+00
  4.51172E-01  2.05126E+00
  4.55078E-01  2.04195E+00
  4.58984E-01  2.03254E+00
  4.62891E-01  2.02303E+00
  4.66797E-01  2.01341E+00
  4.70703E-01  2.00369E+00
  4.74609E-01  1.99386E+00
  4.78516E-01  1.98393E+00
  4.82422E-01  1.97388E+00
  4.86328E-01  1.96373E+00
  4.90234E-01  1.95346E+00
  4.94141E-01  1.94308E+00
  4.98047E-01  1.93258E+00
  5.01953E-01  1.92196E+00
  5.05859E-01  1.91122E+00
  5.09766E-01  1.90036E+00
  5.13672E-01  1.88937E+00
  5.17578E-01  1.87825E+00
  5.21484E-01  1.86701E+00
  5.25391E-01  1.85563E+00
  5.29297E-01  1.84411E+00
  5.33203E-01  1.83246E+00
  5.37109E-01  1.82067E+00
  5.41016E-01  1.80873E+00
  5.44922E-01  1.79664E+00
  5.48828E-01  1.78440E+00
  5.52734E-01  1.77200E+00
  5.56641E-01  1.75944E+00
  5.60547E-01  1.74672E+00
  5.64453E-01  1.73383E+00
  5.68359E-01  1.72077E+00
  5.72266E-01  1.70753E+00
  5.76172E-01  1.69410E+00
  5.80078E-01  1.68049E+00
  5.83984E-01  1.66668E+00
  5.87891E-01  1.65267E+00
  5.91797E-01  1.63844E+00
  5.95703E-01  1.62400E+00
  5.99609E-01  1.60934E+00
  6.03516E-01  1.59444E+00
  6.07422E-01  1.57930E+00
  6.11328E-01  1.56391E+00
  6.15234E-01  1.54825E+00
  6.19141E-01  1.53232E+00
  6.23047E-01  1.51611E+00
  6.26953E-01  1.49959E+00
  6.30859E-01  1.48275E+00
  6.34766E-01  1.46558E+00
  6.38672E-01  1.44807E+00
  6.42578E-01  1.43018E+00
  6.46484E-01  1.41190E+00
  6.50391E-01  1.39320E+00
  6.54297E-01  1.37406E+00
  6.58203E-01  1.35445E+00
  6.62109E-01  1.33433E+00
  6.66016E-01  1.31367E+00
  6.69922E-01  1.29243E+00
  6.73828E-01  1.27054E+00
  6.77734E-01  1.24796E+00
  6.81641E-01  1.22462E+00
  6.85547E-01  1.20044E+00
  6.89453E-01  1.17533E+00
  6.93359E-01  1.14918E+00
  6.97266E-01  1.12186E+00
  7.01172E-01  1.09319E+00
  7.05078E-01  1.06297E+00
  7.08984E-01  1.03093E+00
  7.12891E-01  9.96696E-01
  7.16797E-01  9.59757E-01
  7.20703E-01  9.19256E-01
  7.24609E-01  8.72762E-01
  7.28516E-01  8.07456E-01
  7.32422E-01  6.70722E-01
  7.36328E-01  3.59676E-09
  7.40234E-01  3.53971E-09
  7.44141E-01  3.48384E-09
  7.48047E-01  3.42916E-09
  7.51953E-01  3.37563E-09
  7.55859E-01  3.32321E-09
  7.59766E-01  3.27188E-09
  7.63672E-01  3.22160E-09
  7.67578E-01  3.17237E-09
  7.71484E-01  3.12415E-09
  7.75391E-01  3.07691E-09
  7.79297E-01  3.03061E-09
  7.83203E-01  2.98526E-09
  7.87109E-01  2.94082E-09
  7.91016E-01  2.89725E-09
  7.94922E-01  2.85452E-09
  7.98828E-01  2.81265E-09
  8.02734E-01  2.77159E-09
  8.06641E-01  2.73130E-09
  8.10547E-01  2.69183E-09
  8.14453E-01  2.65307E-09
  8.18359E-01  2.61509E-09
  8.22266E-01  2.57780E-09
  8.26172E-01  2.54125E-09
  8.30078E-01  2.50533E-09
  8.33984E-01  2.47014E-09
  8.37891E-01  2.43558E-09
  8.41797E-01  2.40164E-09
  8.45703E-01  2.36837E-09
  8.49609E-01  2.33569E-09
  8.53516E-01  2.30358E-09
  8.57422E-01  2.27210E-09
  8.61328E-01  2.24118E-09
  8.65234E-01  2.21080E-09
  8.69141E-01  2.18096E-09
  8.73047E-01  2.15165E-09
  8.76953E-01  2.12289E-09
  8.80859E-01  2.09464E-09
  8.84766E-01  2.06688E-09
  8.88672E-01  2.03961E-09
  8.92578E-01  2.01281E-09
  8.96484E-01  1.98648E-09
  9.00391E-01  1.96060E-09
  9.04297E-01  1.93517E-09
  9.08203E-01  1.91018E-09
  9.12109E-01  1.88563E-09
  9.16016E-01  1.86150E-09
  9.19922E-01  1.83777E-09
  9.23828E-01  1.81444E-09
  9.27734E-01  1.79151E-09
  9.31641E-01  1.76896E-09
  9.35547E-01  1.74680E-09
  9.39453E-01  1.72500E-09
  9.43359E-01  1.70355E-09
  9.47266E-01  1.68247E-09
  9.51172E-01  1.66173E-09
  9.55078E-01  1.64132E-09
  9.58984E-01  1.62127E-09
  9.62891E-01  1.60152E-09
  9.66797E-01  1.58210E-09
  9.70703E-01  1.56299E-09
  9.74609E-01  1.54419E-09
  9.78516E-01  1.52569E-09
  9.82422E-01  1.50748E-09
  9.86328E-01  1.48955E-09
  9.90234E-01  1.47193E-09
  9.94141E-01  1.45456E-09
  9.98047E-01  1.43747E-09
  1.00195E+00  1.43747E-09
