 -1.95312E-03  2.58092E+00
  1.95312E-03  2.58092E+00
  5.85938E-03  2.58083E+00
  9.76562E-03  2.58065E+00
  1.36719E-02  2.58038E+00
  1.75781E-02  2.58002E+00
  2.14844E-02  2.57957E+00
  2.53906E-02  2.57904E+00
  2.92969E-02  2.57841E+00
  3.32031E-02  2.57770E+00
  3.71094E-02  2.57691E+00
  4.10156E-02  2.57602E+00
  4.49219E-02  2.57506E+00
  4.88281E-02  2.57401E+00
  5.27344E-02  2.57287E+00
  5.66406E-02  2.57165E+00
  6.05469E-02  2.57035E+00
  6.44531E-02  2.56896E+00
  6.83594E-02  2.56750E+00
  7.22656E-02  2.56595E+00
  7.61719E-02  2.56432E+00
  8.00781E-02  2.56261E+00
  8.39844E-02  2.56082E+00
  8.78906E-02  2.55895E+00
  9.17969E-02  2.55700E+00
  9.57031E-02  2.55496E+00
  9.96094E-02  2.55285E+00
  1.03516E-01  2.55066E+00
  1.07422E-01  2.54840E+00
  1.11328E-01  2.54605E+00
  1.15234E-01  2.54363E+00
  1.19141E-01  2.54113E+00
  1.23047E-01  2.53855E+00
  1.26953E-01  2.53590E+00
  1.30859E-01  2.53317E+00
  1.34766E-01  2.53036E+00
  1.38672E-01  2.52748E+00
  1.42578E-01  2.52452E+00
  1.46484E-01  2.52148E+00
  1.50391E-01  2.51837E+00
  1.54297E-01  2.51519E+00
  1.58203E-01  2.51192E+00
  1.62109E-01  2.50859E+00
  1.66016E-01  2.50518E+00
  1.69922E-01  2.50169E+00
  1.73828E-01  2.49813E+00
  1.77734E-01  2.49450E+00
  1.81641E-01  2.49079E+00
  1.85547E-01  2.48701E+00
  1.89453E-01  2.48315E+00
  1.93359E-01  2.47922E+00
  1.97266E-01  2.47522E+00
  2.01172E-01  2.47114E+00
  2.05078E-01  2.46699E+00
  2.08984E-01  2.46276E+00
  2.12891E-01  2.45846E+00
  2.16797E-01  2.45409E+00
  2.20703E-01  2.44964E+00
  2.24609E-01  2.44512E+00
  2.28516E-01  2.44052E+00
  2.32422E-01  2.43585E+00
  2.36328E-01  2.43111E+00
  2.40234E-01  2.42629E+00
  2.44141E-01  2.42140E+00
  2.48047E-01  2.41644E+00
  2.51953E-01  2.41141E+00
  2.55859E-01  2.40630E+00
  2.59766E-01  2.40111E+00
  2.63672E-01  2.39586E+00
  2.67578E-01  2.39053E+00
  2.71484E-01  2.38512E+00
  2.75391E-01  2.37964E+00
  2.79297E-01  2.37409E+00
  2.83203E-01  2.36846E+00
  2.87109E-01  2.36276E+00
  2.91016E-01  2.35698E+00
  2.94922E-01  2.35113E+00
  2.98828E-01  2.34520E+00
  3.02734E-01  2.33919E+00
  3.06641E-01  2.33311E+00
  3.10547E-01  2.32696E+00
  3.14453E-01  2.32073E+00
  3.18359E-01  2.31442E+00
  3.22266E-01  2.30803E+00
  3.26172E-01  2.30157E+00
  3.30078E-01  2.29503E+00
  3.33984E-01  2.28841E+00
  3.37891E-01  2.28172E+00
  3.41797E-01  2.27494E+00
  3.45703E-01  2.26809E+00
  3.49609E-01  2.26116E+00
  3.53516E-01  2.25414E+00
  3.57422E-01  2.24705E+00
  3.61328E-01  2.23988E+00
  3.65234E-01  2.23262E+00
  3.69141E-01  2.22529E+00
  3.73047E-01  2.21787E+00
  3.76953E-01  2.21037E+00
  3.80859E-01  2.20279E+00
  3.84766E-01  2.19512E+00
  3.88672E-01  2.18737E+00
  3.92578E-01  2.17953E+00
  3.96484E-01  2.17161E+00
  4.00391E-01  2.16360E+00
  4.04297E-01  2.15550E+00
  4.08203E-01  2.14732E+00
  4.12109E-01  2.13905E+00
  4.16016E-01  2.13068E+00
  4.19922E-01  2.12223E+00
  4.23828E-01  2.11369E+00
  4.27734E-01  2.10505E+00
  4.31641E-01  2.09632E+00
  4.35547E-01  2.08750E+00
  4.39453E-01  2.07858E+00
  4.43359E-01  2.06957E+00
  4.47266E-01  2.06046E+00
  4.51172E-01  2.05125E+00
  4.55078E-01  2.04194E+00
  4.58984E-01  2.03253E+00
  4.62891E-01  2.02302E+00
  4.66797E-01  2.01341E+00
  4.70703E-01  2.00369E+00
  4.74609E-01  1.99386E+00
  4.78516E-01  1.98393E+00
  4.82422E-01  1.97388E+00
  4.86328E-01  1.96373E+00
  4.90234E-01  1.95346E+00
  4.94141E-01  1.94308E+00
  4.98047E-01  1.93258E+00
  5.01953E-01  1.92196E+00
  5.05859E-01  1.91122E+00
  5.09766E-01  1.90036E+00
  5.13672E-01  1.88937E+00
  5.17578E-01  1.87826E+00
  5.21484E-01  1.86702E+00
  5.25391E-01  1.85564E+00
  5.29297E-01  1.84413E+00
  5.33203E-01  1.83247E+00
  5.37109E-01  1.82068E+00
  5.41016E-01  1.80874E+00
  5.44922E-01  1.79665E+00
  5.48828E-01  1.78441E+00
  5.52734E-01  1.77202E+00
  5.56641E-01  1.75946E+00
  5.60547E-01  1.74674E+00
  5.64453E-01  1.73385E+00
  5.68359E-01  1.72079E+00
  5.72266E-01  1.70755E+00
  5.76172E-01  1.69412E+00
  5.80078E-01  1.68051E+00
  5.83984E-01  1.66670E+00
  5.87891E-01  1.65269E+00
  5.91797E-01  1.63846E+00
  5.95703E-01  1.62403E+00
  5.99609E-01  1.60936E+00
  6.03516E-01  1.59446E+00
  6.07422E-01  1.57932E+00
  6.11328E-01  1.56393E+00
  6.15234E-01  1.54828E+00
  6.19141E-01  1.53235E+00
  6.23047E-01  1.51613E+00
  6.26953E-01  1.49961E+00
  6.30859E-01  1.48278E+00
  6.34766E-01  1.46561E+00
  6.38672E-01  1.44810E+00
  6.42578E-01  1.43021E+00
  6.46484E-01  1.41193E+00
  6.50391E-01  1.39323E+00
  6.54297E-01  1.37409E+00
  6.58203E-01  1.35448E+00
  6.62109E-01  1.33437E+00
  6.66016E-01  1.31371E+00
  6.69922E-01  1.29246E+00
  6.73828E-01  1.27057E+00
  6.77734E-01  1.24799E+00
  6.81641E-01  1.22465E+00
  6.85547E-01  1.20048E+00
  6.89453E-01  1.17536E+00
  6.93359E-01  1.14921E+00
  6.97266E-01  1.12189E+00
  7.01172E-01  1.09322E+00
  7.05078E-01  1.06300E+00
  7.08984E-01  1.03096E+00
  7.12891E-01  9.96731E-01
  7.16797E-01  9.59797E-01
  7.20703E-01  9.19300E-01
  7.24609E-01  8.72820E-01
  7.28516E-01  8.07529E-01
  7.32422E-01  6.70845E-01
  7.36328E-01  1.17557E-08
  7.40234E-01  1.15696E-08
  7.44141E-01  1.13874E-08
  7.48047E-01  1.12090E-08
  7.51953E-01  1.10344E-08
  7.55859E-01  1.08634E-08
  7.59766E-01  1.06959E-08
  7.63672E-01  1.05317E-08
  7.67578E-01  1.03710E-08
  7.71484E-01  1.02134E-08
  7.75391E-01  1.00591E-08
  7.79297E-01  9.90780E-09
  7.83203E-01  9.75962E-09
  7.87109E-01  9.61418E-09
  7.91016E-01  9.47184E-09
  7.94922E-01  9.33213E-09
  7.98828E-01  9.19517E-09
  8.02734E-01  9.06095E-09
  8.06641E-01  8.92921E-09
  8.10547E-01  8.79999E-09
  8.14453E-01  8.67338E-09
  8.18359E-01  8.54912E-09
  8.22266E-01  8.42716E-09
  8.26172E-01  8.30746E-09
  8.30078E-01  8.19011E-09
  8.33984E-01  8.07498E-09
  8.37891E-01  7.96197E-09
  8.41797E-01  7.85104E-09
  8.45703E-01  7.74214E-09
  8.49609E-01  7.63525E-09
  8.53516E-01  7.53033E-09
  8.57422E-01  7.42737E-09
  8.61328E-01  7.32620E-09
  8.65234E-01  7.22688E-09
  8.69141E-01  7.12936E-09
  8.73047E-01  7.03359E-09
  8.76953E-01  6.93954E-09
  8.80859E-01  6.84716E-09
  8.84766E-01  6.75640E-09
  8.88672E-01  6.66722E-09
  8.92578E-01  6.57968E-09
  8.96484E-01  6.49364E-09
  9.00391E-01  6.40906E-09
  9.04297E-01  6.32598E-09
  9.08203E-01  6.24433E-09
  9.12109E-01  6.16402E-09
  9.16016E-01  6.08518E-09
  9.19922E-01  6.00760E-09
  9.23828E-01  5.93139E-09
  9.27734E-01  5.85641E-09
  9.31641E-01  5.78274E-09
  9.35547E-01  5.71022E-09
  9.39453E-01  5.63901E-09
  9.43359E-01  5.56890E-09
  9.47266E-01  5.49998E-09
  9.51172E-01  5.43221E-09
  9.55078E-01  5.36549E-09
  9.58984E-01  5.29990E-09
  9.62891E-01  5.23539E-09
  9.66797E-01  5.17188E-09
  9.70703E-01  5.10937E-09
  9.74609E-01  5.04793E-09
  9.78516E-01  4.98746E-09
  9.82422E-01  4.92794E-09
  9.86328E-01  4.86935E-09
  9.90234E-01  4.81166E-09
  9.94141E-01  4.75489E-09
  9.98047E-01  4.69905E-09
  1.00195E+00  4.69905E-09
