 -1.95312E-03  2.58089E+00
  1.95312E-03  2.58089E+00
  5.85938E-03  2.58080E+00
  9.76562E-03  2.58062E+00
  1.36719E-02  2.58034E+00
  1.75781E-02  2.57998E+00
  2.14844E-02  2.57954E+00
  2.53906E-02  2.57900E+00
  2.92969E-02  2.57838E+00
  3.32031E-02  2.57767E+00
  3.71094E-02  2.57687E+00
  4.10156E-02  2.57599E+00
  4.49219E-02  2.57502E+00
  4.88281E-02  2.57397E+00
  5.27344E-02  2.57283E+00
  5.66406E-02  2.57162E+00
  6.05469E-02  2.57031E+00
  6.44531E-02  2.56893E+00
  6.83594E-02  2.56746E+00
  7.22656E-02  2.56591E+00
  7.61719E-02  2.56428E+00
  8.00781E-02  2.56257E+00
  8.39844E-02  2.56078E+00
  8.78906E-02  2.55891E+00
  9.17969E-02  2.55696E+00
  9.57031E-02  2.55493E+00
  9.96094E-02  2.55281E+00
  1.03516E-01  2.55063E+00
  1.07422E-01  2.54836E+00
  1.11328E-01  2.54601E+00
  1.15234E-01  2.54359E+00
  1.19141E-01  2.54109E+00
  1.23047E-01  2.53851E+00
  1.26953E-01  2.53586E+00
  1.30859E-01  2.53313E+00
  1.34766E-01  2.53032E+00
  1.38672E-01  2.52744E+00
  1.42578E-01  2.52448E+00
  1.46484E-01  2.52144E+00
  1.50391E-01  2.51833E+00
  1.54297E-01  2.51514E+00
  1.58203E-01  2.51188E+00
  1.62109E-01  2.50855E+00
  1.66016E-01  2.50514E+00
  1.69922E-01  2.50165E+00
  1.73828E-01  2.49809E+00
  1.77734E-01  2.49446E+00
  1.81641E-01  2.49075E+00
  1.85547E-01  2.48697E+00
  1.89453E-01  2.48312E+00
  1.93359E-01  2.47919E+00
  1.97266E-01  2.47518E+00
  2.01172E-01  2.47110E+00
  2.05078E-01  2.46695E+00
  2.08984E-01  2.46272E+00
  2.12891E-01  2.45842E+00
  2.16797E-01  2.45405E+00
  2.20703E-01  2.44960E+00
  2.24609E-01  2.44508E+00
  2.28516E-01  2.44049E+00
  2.32422E-01  2.43582E+00
  2.36328E-01  2.43107E+00
  2.40234E-01  2.42626E+00
  2.44141E-01  2.42137E+00
  2.48047E-01  2.41641E+00
  2.51953E-01  2.41137E+00
  2.55859E-01  2.40626E+00
  2.59766E-01  2.40108E+00
  2.63672E-01  2.39582E+00
  2.67578E-01  2.39049E+00
  2.71484E-01  2.38509E+00
  2.75391E-01  2.37961E+00
  2.79297E-01  2.37405E+00
  2.83203E-01  2.36843E+00
  2.87109E-01  2.36272E+00
  2.91016E-01  2.35695E+00
  2.94922E-01  2.35109E+00
  2.98828E-01  2.34517E+00
  3.02734E-01  2.33916E+00
  3.06641E-01  2.33308E+00
  3.10547E-01  2.32693E+00
  3.14453E-01  2.32070E+00
  3.18359E-01  2.31439E+00
  3.22266E-01  2.30800E+00
  3.26172E-01  2.30154E+00
  3.30078E-01  2.29500E+00
  3.33984E-01  2.28838E+00
  3.37891E-01  2.28169E+00
  3.41797E-01  2.27491E+00
  3.45703E-01  2.26806E+00
  3.49609E-01  2.26113E+00
  3.53516E-01  2.25412E+00
  3.57422E-01  2.24702E+00
  3.61328E-01  2.23985E+00
  3.65234E-01  2.23260E+00
  3.69141E-01  2.22526E+00
  3.73047E-01  2.21785E+00
  3.76953E-01  2.21035E+00
  3.80859E-01  2.20277E+00
  3.84766E-01  2.19510E+00
  3.88672E-01  2.18735E+00
  3.92578E-01  2.17951E+00
  3.96484E-01  2.17159E+00
  4.00391E-01  2.16358E+00
  4.04297E-01  2.15548E+00
  4.08203E-01  2.14730E+00
  4.12109E-01  2.13903E+00
  4.16016E-01  2.13067E+00
  4.19922E-01  2.12222E+00
  4.23828E-01  2.11367E+00
  4.27734E-01  2.10504E+00
  4.31641E-01  2.09631E+00
  4.35547E-01  2.08749E+00
  4.39453E-01  2.07857E+00
  4.43359E-01  2.06956E+00
  4.47266E-01  2.06045E+00
  4.51172E-01  2.05124E+00
  4.55078E-01  2.04193E+00
  4.58984E-01  2.03253E+00
  4.62891E-01  2.02302E+00
  4.66797E-01  2.01340E+00
  4.70703E-01  2.00368E+00
  4.74609E-01  1.99386E+00
  4.78516E-01  1.98392E+00
  4.82422E-01  1.97388E+00
  4.86328E-01  1.96373E+00
  4.90234E-01  1.95346E+00
  4.94141E-01  1.94308E+00
  4.98047E-01  1.93258E+00
  5.01953E-01  1.92196E+00
  5.05859E-01  1.91123E+00
  5.09766E-01  1.90037E+00
  5.13672E-01  1.88938E+00
  5.17578E-01  1.87827E+00
  5.21484E-01  1.86702E+00
  5.25391E-01  1.85565E+00
  5.29297E-01  1.84414E+00
  5.33203E-01  1.83249E+00
  5.37109E-01  1.82069E+00
  5.41016E-01  1.80875E+00
  5.44922E-01  1.79667E+00
  5.48828E-01  1.78443E+00
  5.52734E-01  1.77203E+00
  5.56641E-01  1.75948E+00
  5.60547E-01  1.74676E+00
  5.64453E-01  1.73387E+00
  5.68359E-01  1.72081E+00
  5.72266E-01  1.70757E+00
  5.76172E-01  1.69415E+00
  5.80078E-01  1.68053E+00
  5.83984E-01  1.66673E+00
  5.87891E-01  1.65271E+00
  5.91797E-01  1.63849E+00
  5.95703E-01  1.62406E+00
  5.99609E-01  1.60939E+00
  6.03516E-01  1.59450E+00
  6.07422E-01  1.57936E+00
  6.11328E-01  1.56397E+00
  6.15234E-01  1.54832E+00
  6.19141E-01  1.53239E+00
  6.23047E-01  1.51617E+00
  6.26953E-01  1.49966E+00
  6.30859E-01  1.48282E+00
  6.34766E-01  1.46566E+00
  6.38672E-01  1.44814E+00
  6.42578E-01  1.43026E+00
  6.46484E-01  1.41197E+00
  6.50391E-01  1.39328E+00
  6.54297E-01  1.37414E+00
  6.58203E-01  1.35453E+00
  6.62109E-01  1.33441E+00
  6.66016E-01  1.31375E+00
  6.69922E-01  1.29250E+00
  6.73828E-01  1.27062E+00
  6.77734E-01  1.24804E+00
  6.81641E-01  1.22470E+00
  6.85547E-01  1.20052E+00
  6.89453E-01  1.17541E+00
  6.93359E-01  1.14926E+00
  6.97266E-01  1.12194E+00
  7.01172E-01  1.09328E+00
  7.05078E-01  1.06306E+00
  7.08984E-01  1.03102E+00
  7.12891E-01  9.96791E-01
  7.16797E-01  9.59853E-01
  7.20703E-01  9.19356E-01
  7.24609E-01  8.72872E-01
  7.28516E-01  8.07588E-01
  7.32422E-01  6.70945E-01
  7.36328E-01  9.34348E-08
  7.40234E-01  9.19557E-08
  7.44141E-01  9.05075E-08
  7.48047E-01  8.90899E-08
  7.51953E-01  8.77024E-08
  7.55859E-01  8.63429E-08
  7.59766E-01  8.50107E-08
  7.63672E-01  8.37072E-08
  7.67578E-01  8.24291E-08
  7.71484E-01  8.11773E-08
  7.75391E-01  7.99505E-08
  7.79297E-01  7.87482E-08
  7.83203E-01  7.75697E-08
  7.87109E-01  7.64150E-08
  7.91016E-01  7.52818E-08
  7.94922E-01  7.41726E-08
  7.98828E-01  7.30839E-08
  8.02734E-01  7.20160E-08
  8.06641E-01  7.09700E-08
  8.10547E-01  6.99434E-08
  8.14453E-01  6.89359E-08
  8.18359E-01  6.79480E-08
  8.22266E-01  6.69795E-08
  8.26172E-01  6.60289E-08
  8.30078E-01  6.50959E-08
  8.33984E-01  6.41801E-08
  8.37891E-01  6.32813E-08
  8.41797E-01  6.23991E-08
  8.45703E-01  6.15337E-08
  8.49609E-01  6.06845E-08
  8.53516E-01  5.98512E-08
  8.57422E-01  5.90329E-08
  8.61328E-01  5.82289E-08
  8.65234E-01  5.74395E-08
  8.69141E-01  5.66644E-08
  8.73047E-01  5.59032E-08
  8.76953E-01  5.51557E-08
  8.80859E-01  5.44214E-08
  8.84766E-01  5.37000E-08
  8.88672E-01  5.29915E-08
  8.92578E-01  5.22956E-08
  8.96484E-01  5.16116E-08
  9.00391E-01  5.09393E-08
  9.04297E-01  5.02792E-08
  9.08203E-01  4.96301E-08
  9.12109E-01  4.89922E-08
  9.16016E-01  4.83653E-08
  9.19922E-01  4.77487E-08
  9.23828E-01  4.71430E-08
  9.27734E-01  4.65470E-08
  9.31641E-01  4.59614E-08
  9.35547E-01  4.53854E-08
  9.39453E-01  4.48189E-08
  9.43359E-01  4.42621E-08
  9.47266E-01  4.37139E-08
  9.51172E-01  4.31753E-08
  9.55078E-01  4.26454E-08
  9.58984E-01  4.21238E-08
  9.62891E-01  4.16108E-08
  9.66797E-01  4.11064E-08
  9.70703E-01  4.06099E-08
  9.74609E-01  4.01211E-08
  9.78516E-01  3.96401E-08
  9.82422E-01  3.91673E-08
  9.86328E-01  3.87018E-08
  9.90234E-01  3.82436E-08
  9.94141E-01  3.77925E-08
  9.98047E-01  3.73485E-08
  1.00195E+00  3.73485E-08
