 -1.95312E-03  2.58102E+00
  1.95312E-03  2.58102E+00
  5.85938E-03  2.58093E+00
  9.76562E-03  2.58075E+00
  1.36719E-02  2.58048E+00
  1.75781E-02  2.58012E+00
  2.14844E-02  2.57967E+00
  2.53906E-02  2.57914E+00
  2.92969E-02  2.57851E+00
  3.32031E-02  2.57780E+00
  3.71094E-02  2.57701E+00
  4.10156E-02  2.57613E+00
  4.49219E-02  2.57516E+00
  4.88281E-02  2.57411E+00
  5.27344E-02  2.57297E+00
  5.66406E-02  2.57175E+00
  6.05469E-02  2.57045E+00
  6.44531E-02  2.56907E+00
  6.83594E-02  2.56760E+00
  7.22656E-02  2.56605E+00
  7.61719E-02  2.56442E+00
  8.00781E-02  2.56271E+00
  8.39844E-02  2.56092E+00
  8.78906E-02  2.55904E+00
  9.17969E-02  2.55709E+00
  9.57031E-02  2.55506E+00
  9.96094E-02  2.55295E+00
  1.03516E-01  2.55076E+00
  1.07422E-01  2.54849E+00
  1.11328E-01  2.54615E+00
  1.15234E-01  2.54373E+00
  1.19141E-01  2.54123E+00
  1.23047E-01  2.53865E+00
  1.26953E-01  2.53599E+00
  1.30859E-01  2.53326E+00
  1.34766E-01  2.53045E+00
  1.38672E-01  2.52757E+00
  1.42578E-01  2.52461E+00
  1.46484E-01  2.52157E+00
  1.50391E-01  2.51846E+00
  1.54297E-01  2.51528E+00
  1.58203E-01  2.51201E+00
  1.62109E-01  2.50868E+00
  1.66016E-01  2.50526E+00
  1.69922E-01  2.50178E+00
  1.73828E-01  2.49822E+00
  1.77734E-01  2.49458E+00
  1.81641E-01  2.49087E+00
  1.85547E-01  2.48709E+00
  1.89453E-01  2.48323E+00
  1.93359E-01  2.47930E+00
  1.97266E-01  2.47530E+00
  2.01172E-01  2.47122E+00
  2.05078E-01  2.46707E+00
  2.08984E-01  2.46284E+00
  2.12891E-01  2.45854E+00
  2.16797E-01  2.45417E+00
  2.20703E-01  2.44972E+00
  2.24609E-01  2.44520E+00
  2.28516E-01  2.44060E+00
  2.32422E-01  2.43593E+00
  2.36328E-01  2.43119E+00
  2.40234E-01  2.42638E+00
  2.44141E-01  2.42149E+00
  2.48047E-01  2.41653E+00
  2.51953E-01  2.41149E+00
  2.55859E-01  2.40638E+00
  2.59766E-01  2.40120E+00
  2.63672E-01  2.39594E+00
  2.67578E-01  2.39061E+00
  2.71484E-01  2.38520E+00
  2.75391E-01  2.37972E+00
  2.79297E-01  2.37417E+00
  2.83203E-01  2.36854E+00
  2.87109E-01  2.36284E+00
  2.91016E-01  2.35706E+00
  2.94922E-01  2.35121E+00
  2.98828E-01  2.34528E+00
  3.02734E-01  2.33927E+00
  3.06641E-01  2.33319E+00
  3.10547E-01  2.32704E+00
  3.14453E-01  2.32081E+00
  3.18359E-01  2.31450E+00
  3.22266E-01  2.30811E+00
  3.26172E-01  2.30165E+00
  3.30078E-01  2.29510E+00
  3.33984E-01  2.28849E+00
  3.37891E-01  2.28179E+00
  3.41797E-01  2.27501E+00
  3.45703E-01  2.26816E+00
  3.49609E-01  2.26122E+00
  3.53516E-01  2.25421E+00
  3.57422E-01  2.24711E+00
  3.61328E-01  2.23994E+00
  3.65234E-01  2.23268E+00
  3.69141E-01  2.22535E+00
  3.73047E-01  2.21793E+00
  3.76953E-01  2.21043E+00
  3.80859E-01  2.20284E+00
  3.84766E-01  2.19518E+00
  3.88672E-01  2.18742E+00
  3.92578E-01  2.17958E+00
  3.96484E-01  2.17166E+00
  4.00391E-01  2.16365E+00
  4.04297E-01  2.15555E+00
  4.08203E-01  2.14736E+00
  4.12109E-01  2.13909E+00
  4.16016E-01  2.13073E+00
  4.19922E-01  2.12227E+00
  4.23828E-01  2.11373E+00
  4.27734E-01  2.10509E+00
  4.31641E-01  2.09636E+00
  4.35547E-01  2.08753E+00
  4.39453E-01  2.07861E+00
  4.43359E-01  2.06960E+00
  4.47266E-01  2.06049E+00
  4.51172E-01  2.05128E+00
  4.55078E-01  2.04197E+00
  4.58984E-01  2.03255E+00
  4.62891E-01  2.02304E+00
  4.66797E-01  2.01342E+00
  4.70703E-01  2.00370E+00
  4.74609E-01  1.99387E+00
  4.78516E-01  1.98394E+00
  4.82422E-01  1.97389E+00
  4.86328E-01  1.96373E+00
  4.90234E-01  1.95346E+00
  4.94141E-01  1.94308E+00
  4.98047E-01  1.93258E+00
  5.01953E-01  1.92196E+00
  5.05859E-01  1.91122E+00
  5.09766E-01  1.90035E+00
  5.13672E-01  1.88936E+00
  5.17578E-01  1.87825E+00
  5.21484E-01  1.86700E+00
  5.25391E-01  1.85562E+00
  5.29297E-01  1.84410E+00
  5.33203E-01  1.83245E+00
  5.37109E-01  1.82065E+00
  5.41016E-01  1.80871E+00
  5.44922E-01  1.79662E+00
  5.48828E-01  1.78438E+00
  5.52734E-01  1.77198E+00
  5.56641E-01  1.75942E+00
  5.60547E-01  1.74670E+00
  5.64453E-01  1.73381E+00
  5.68359E-01  1.72075E+00
  5.72266E-01  1.70750E+00
  5.76172E-01  1.69408E+00
  5.80078E-01  1.68046E+00
  5.83984E-01  1.66665E+00
  5.87891E-01  1.65263E+00
  5.91797E-01  1.63841E+00
  5.95703E-01  1.62397E+00
  5.99609E-01  1.60930E+00
  6.03516E-01  1.59441E+00
  6.07422E-01  1.57927E+00
  6.11328E-01  1.56387E+00
  6.15234E-01  1.54821E+00
  6.19141E-01  1.53228E+00
  6.23047E-01  1.51606E+00
  6.26953E-01  1.49954E+00
  6.30859E-01  1.48270E+00
  6.34766E-01  1.46553E+00
  6.38672E-01  1.44801E+00
  6.42578E-01  1.43012E+00
  6.46484E-01  1.41184E+00
  6.50391E-01  1.39314E+00
  6.54297E-01  1.37399E+00
  6.58203E-01  1.35438E+00
  6.62109E-01  1.33426E+00
  6.66016E-01  1.31359E+00
  6.69922E-01  1.29234E+00
  6.73828E-01  1.27044E+00
  6.77734E-01  1.24786E+00
  6.81641E-01  1.22451E+00
  6.85547E-01  1.20032E+00
  6.89453E-01  1.17521E+00
  6.93359E-01  1.14905E+00
  6.97266E-01  1.12171E+00
  7.01172E-01  1.09303E+00
  7.05078E-01  1.06279E+00
  7.08984E-01  1.03072E+00
  7.12891E-01  9.96461E-01
  7.16797E-01  9.59488E-01
  7.20703E-01  9.18948E-01
  7.24609E-01  8.72392E-01
  7.28516E-01  8.06917E-01
  7.32422E-01  6.69847E-01
  7.36328E-01  6.08588E-10
  7.40234E-01  5.98958E-10
  7.44141E-01  5.89523E-10
  7.48047E-01  5.80291E-10
  7.51953E-01  5.71246E-10
  7.55859E-01  5.62386E-10
  7.59766E-01  5.53714E-10
  7.63672E-01  5.45209E-10
  7.67578E-01  5.36882E-10
  7.71484E-01  5.28727E-10
  7.75391E-01  5.20729E-10
  7.79297E-01  5.12886E-10
  7.83203E-01  5.05210E-10
  7.87109E-01  4.97685E-10
  7.91016E-01  4.90305E-10
  7.94922E-01  4.83069E-10
  7.98828E-01  4.75973E-10
  8.02734E-01  4.69015E-10
  8.06641E-01  4.62204E-10
  8.10547E-01  4.55511E-10
  8.14453E-01  4.48947E-10
  8.18359E-01  4.42509E-10
  8.22266E-01  4.36194E-10
  8.26172E-01  4.30001E-10
  8.30078E-01  4.23925E-10
  8.33984E-01  4.17963E-10
  8.37891E-01  4.12114E-10
  8.41797E-01  4.06373E-10
  8.45703E-01  4.00737E-10
  8.49609E-01  3.95208E-10
  8.53516E-01  3.89781E-10
  8.57422E-01  3.84451E-10
  8.61328E-01  3.79216E-10
  8.65234E-01  3.74080E-10
  8.69141E-01  3.69033E-10
  8.73047E-01  3.64079E-10
  8.76953E-01  3.59212E-10
  8.80859E-01  3.54431E-10
  8.84766E-01  3.49735E-10
  8.88672E-01  3.45121E-10
  8.92578E-01  3.40588E-10
  8.96484E-01  3.36135E-10
  9.00391E-01  3.31756E-10
  9.04297E-01  3.27458E-10
  9.08203E-01  3.23230E-10
  9.12109E-01  3.19073E-10
  9.16016E-01  3.14992E-10
  9.19922E-01  3.10977E-10
  9.23828E-01  3.07028E-10
  9.27734E-01  3.03148E-10
  9.31641E-01  2.99335E-10
  9.35547E-01  2.95584E-10
  9.39453E-01  2.91894E-10
  9.43359E-01  2.88264E-10
  9.47266E-01  2.84694E-10
  9.51172E-01  2.81186E-10
  9.55078E-01  2.77735E-10
  9.58984E-01  2.74339E-10
  9.62891E-01  2.70999E-10
  9.66797E-01  2.67712E-10
  9.70703E-01  2.64479E-10
  9.74609E-01  2.61297E-10
  9.78516E-01  2.58166E-10
  9.82422E-01  2.55085E-10
  9.86328E-01  2.52052E-10
  9.90234E-01  2.49067E-10
  9.94141E-01  2.46130E-10
  9.98047E-01  2.43237E-10
  1.00195E+00  2.43237E-10
