 -1.95312E-03  2.58087E+00
  1.95312E-03  2.58087E+00
  5.85938E-03  2.58078E+00
  9.76562E-03  2.58060E+00
  1.36719E-02  2.58033E+00
  1.75781E-02  2.57997E+00
  2.14844E-02  2.57952E+00
  2.53906E-02  2.57898E+00
  2.92969E-02  2.57836E+00
  3.32031E-02  2.57765E+00
  3.71094E-02  2.57685E+00
  4.10156E-02  2.57597E+00
  4.49219E-02  2.57501E+00
  4.88281E-02  2.57395E+00
  5.27344E-02  2.57282E+00
  5.66406E-02  2.57160E+00
  6.05469E-02  2.57030E+00
  6.44531E-02  2.56891E+00
  6.83594E-02  2.56745E+00
  7.22656E-02  2.56590E+00
  7.61719E-02  2.56427E+00
  8.00781E-02  2.56256E+00
  8.39844E-02  2.56077E+00
  8.78906E-02  2.55889E+00
  9.17969E-02  2.55694E+00
  9.57031E-02  2.55491E+00
  9.96094E-02  2.55280E+00
  1.03516E-01  2.55061E+00
  1.07422E-01  2.54835E+00
  1.11328E-01  2.54600E+00
  1.15234E-01  2.54358E+00
  1.19141E-01  2.54108E+00
  1.23047E-01  2.53850E+00
  1.26953E-01  2.53584E+00
  1.30859E-01  2.53311E+00
  1.34766E-01  2.53031E+00
  1.38672E-01  2.52742E+00
  1.42578E-01  2.52446E+00
  1.46484E-01  2.52143E+00
  1.50391E-01  2.51832E+00
  1.54297E-01  2.51513E+00
  1.58203E-01  2.51187E+00
  1.62109E-01  2.50854E+00
  1.66016E-01  2.50513E+00
  1.69922E-01  2.50164E+00
  1.73828E-01  2.49808E+00
  1.77734E-01  2.49445E+00
  1.81641E-01  2.49074E+00
  1.85547E-01  2.48696E+00
  1.89453E-01  2.48310E+00
  1.93359E-01  2.47917E+00
  1.97266E-01  2.47517E+00
  2.01172E-01  2.47109E+00
  2.05078E-01  2.46694E+00
  2.08984E-01  2.46271E+00
  2.12891E-01  2.45841E+00
  2.16797E-01  2.45404E+00
  2.20703E-01  2.44959E+00
  2.24609E-01  2.44507E+00
  2.28516E-01  2.44047E+00
  2.32422E-01  2.43580E+00
  2.36328E-01  2.43106E+00
  2.40234E-01  2.42625E+00
  2.44141E-01  2.42136E+00
  2.48047E-01  2.41639E+00
  2.51953E-01  2.41136E+00
  2.55859E-01  2.40625E+00
  2.59766E-01  2.40107E+00
  2.63672E-01  2.39581E+00
  2.67578E-01  2.39048E+00
  2.71484E-01  2.38507E+00
  2.75391E-01  2.37959E+00
  2.79297E-01  2.37404E+00
  2.83203E-01  2.36841E+00
  2.87109E-01  2.36271E+00
  2.91016E-01  2.35693E+00
  2.94922E-01  2.35108E+00
  2.98828E-01  2.34515E+00
  3.02734E-01  2.33915E+00
  3.06641E-01  2.33307E+00
  3.10547E-01  2.32691E+00
  3.14453E-01  2.32068E+00
  3.18359E-01  2.31437E+00
  3.22266E-01  2.30799E+00
  3.26172E-01  2.30153E+00
  3.30078E-01  2.29499E+00
  3.33984E-01  2.28837E+00
  3.37891E-01  2.28168E+00
  3.41797E-01  2.27490E+00
  3.45703E-01  2.26805E+00
  3.49609E-01  2.26112E+00
  3.53516E-01  2.25411E+00
  3.57422E-01  2.24701E+00
  3.61328E-01  2.23984E+00
  3.65234E-01  2.23259E+00
  3.69141E-01  2.22525E+00
  3.73047E-01  2.21784E+00
  3.76953E-01  2.21034E+00
  3.80859E-01  2.20276E+00
  3.84766E-01  2.19509E+00
  3.88672E-01  2.18734E+00
  3.92578E-01  2.17950E+00
  3.96484E-01  2.17158E+00
  4.00391E-01  2.16357E+00
  4.04297E-01  2.15548E+00
  4.08203E-01  2.14729E+00
  4.12109E-01  2.13902E+00
  4.16016E-01  2.13066E+00
  4.19922E-01  2.12221E+00
  4.23828E-01  2.11367E+00
  4.27734E-01  2.10503E+00
  4.31641E-01  2.09630E+00
  4.35547E-01  2.08748E+00
  4.39453E-01  2.07857E+00
  4.43359E-01  2.06955E+00
  4.47266E-01  2.06044E+00
  4.51172E-01  2.05124E+00
  4.55078E-01  2.04193E+00
  4.58984E-01  2.03252E+00
  4.62891E-01  2.02301E+00
  4.66797E-01  2.01340E+00
  4.70703E-01  2.00368E+00
  4.74609E-01  1.99386E+00
  4.78516E-01  1.98392E+00
  4.82422E-01  1.97388E+00
  4.86328E-01  1.96373E+00
  4.90234E-01  1.95346E+00
  4.94141E-01  1.94308E+00
  4.98047E-01  1.93258E+00
  5.01953E-01  1.92197E+00
  5.05859E-01  1.91123E+00
  5.09766E-01  1.90037E+00
  5.13672E-01  1.88938E+00
  5.17578E-01  1.87827E+00
  5.21484E-01  1.86703E+00
  5.25391E-01  1.85565E+00
  5.29297E-01  1.84414E+00
  5.33203E-01  1.83249E+00
  5.37109E-01  1.82070E+00
  5.41016E-01  1.80876E+00
  5.44922E-01  1.79667E+00
  5.48828E-01  1.78444E+00
  5.52734E-01  1.77204E+00
  5.56641E-01  1.75949E+00
  5.60547E-01  1.74677E+00
  5.64453E-01  1.73388E+00
  5.68359E-01  1.72082E+00
  5.72266E-01  1.70758E+00
  5.76172E-01  1.69416E+00
  5.80078E-01  1.68054E+00
  5.83984E-01  1.66673E+00
  5.87891E-01  1.65272E+00
  5.91797E-01  1.63850E+00
  5.95703E-01  1.62406E+00
  5.99609E-01  1.60940E+00
  6.03516E-01  1.59451E+00
  6.07422E-01  1.57937E+00
  6.11328E-01  1.56398E+00
  6.15234E-01  1.54833E+00
  6.19141E-01  1.53240E+00
  6.23047E-01  1.51619E+00
  6.26953E-01  1.49967E+00
  6.30859E-01  1.48284E+00
  6.34766E-01  1.46568E+00
  6.38672E-01  1.44817E+00
  6.42578E-01  1.43028E+00
  6.46484E-01  1.41200E+00
  6.50391E-01  1.39331E+00
  6.54297E-01  1.37417E+00
  6.58203E-01  1.35456E+00
  6.62109E-01  1.33445E+00
  6.66016E-01  1.31379E+00
  6.69922E-01  1.29255E+00
  6.73828E-01  1.27067E+00
  6.77734E-01  1.24809E+00
  6.81641E-01  1.22475E+00
  6.85547E-01  1.20058E+00
  6.89453E-01  1.17547E+00
  6.93359E-01  1.14932E+00
  6.97266E-01  1.12200E+00
  7.01172E-01  1.09334E+00
  7.05078E-01  1.06313E+00
  7.08984E-01  1.03109E+00
  7.12891E-01  9.96865E-01
  7.16797E-01  9.59942E-01
  7.20703E-01  9.19463E-01
  7.24609E-01  8.73011E-01
  7.28516E-01  8.07807E-01
  7.32422E-01  6.71330E-01
  7.36328E-01  1.68951E-07
  7.40234E-01  1.66277E-07
  7.44141E-01  1.63658E-07
  7.48047E-01  1.61097E-07
  7.51953E-01  1.58585E-07
  7.55859E-01  1.56128E-07
  7.59766E-01  1.53719E-07
  7.63672E-01  1.51362E-07
  7.67578E-01  1.49049E-07
  7.71484E-01  1.46786E-07
  7.75391E-01  1.44567E-07
  7.79297E-01  1.42391E-07
  7.83203E-01  1.40261E-07
  7.87109E-01  1.38171E-07
  7.91016E-01  1.36121E-07
  7.94922E-01  1.34115E-07
  7.98828E-01  1.32147E-07
  8.02734E-01  1.30216E-07
  8.06641E-01  1.28322E-07
  8.10547E-01  1.26463E-07
  8.14453E-01  1.24642E-07
  8.18359E-01  1.22857E-07
  8.22266E-01  1.21105E-07
  8.26172E-01  1.19386E-07
  8.30078E-01  1.17699E-07
  8.33984E-01  1.16043E-07
  8.37891E-01  1.14418E-07
  8.41797E-01  1.12823E-07
  8.45703E-01  1.11258E-07
  8.49609E-01  1.09722E-07
  8.53516E-01  1.08215E-07
  8.57422E-01  1.06735E-07
  8.61328E-01  1.05282E-07
  8.65234E-01  1.03855E-07
  8.69141E-01  1.02454E-07
  8.73047E-01  1.01078E-07
  8.76953E-01  9.97272E-08
  8.80859E-01  9.83998E-08
  8.84766E-01  9.70956E-08
  8.88672E-01  9.58153E-08
  8.92578E-01  9.45562E-08
  8.96484E-01  9.33203E-08
  9.00391E-01  9.21047E-08
  9.04297E-01  9.09112E-08
  9.08203E-01  8.97370E-08
  9.12109E-01  8.85843E-08
  9.16016E-01  8.74500E-08
  9.19922E-01  8.63359E-08
  9.23828E-01  8.52404E-08
  9.27734E-01  8.41624E-08
  9.31641E-01  8.31038E-08
  9.35547E-01  8.20625E-08
  9.39453E-01  8.10379E-08
  9.43359E-01  8.00305E-08
  9.47266E-01  7.90404E-08
  9.51172E-01  7.80662E-08
  9.55078E-01  7.71077E-08
  9.58984E-01  7.61644E-08
  9.62891E-01  7.52367E-08
  9.66797E-01  7.43247E-08
  9.70703E-01  7.34272E-08
  9.74609E-01  7.25439E-08
  9.78516E-01  7.16747E-08
  9.82422E-01  7.08192E-08
  9.86328E-01  6.99773E-08
  9.90234E-01  6.91488E-08
  9.94141E-01  6.83332E-08
  9.98047E-01  6.75304E-08
  1.00195E+00  6.75304E-08
