 -1.95312E-03  2.58092E+00
  1.95312E-03  2.58092E+00
  5.85938E-03  2.58083E+00
  9.76562E-03  2.58064E+00
  1.36719E-02  2.58037E+00
  1.75781E-02  2.58001E+00
  2.14844E-02  2.57956E+00
  2.53906E-02  2.57903E+00
  2.92969E-02  2.57840E+00
  3.32031E-02  2.57770E+00
  3.71094E-02  2.57690E+00
  4.10156E-02  2.57602E+00
  4.49219E-02  2.57505E+00
  4.88281E-02  2.57400E+00
  5.27344E-02  2.57286E+00
  5.66406E-02  2.57164E+00
  6.05469E-02  2.57034E+00
  6.44531E-02  2.56896E+00
  6.83594E-02  2.56749E+00
  7.22656E-02  2.56594E+00
  7.61719E-02  2.56431E+00
  8.00781E-02  2.56260E+00
  8.39844E-02  2.56081E+00
  8.78906E-02  2.55894E+00
  9.17969E-02  2.55699E+00
  9.57031E-02  2.55496E+00
  9.96094E-02  2.55285E+00
  1.03516E-01  2.55066E+00
  1.07422E-01  2.54839E+00
  1.11328E-01  2.54605E+00
  1.15234E-01  2.54362E+00
  1.19141E-01  2.54112E+00
  1.23047E-01  2.53855E+00
  1.26953E-01  2.53589E+00
  1.30859E-01  2.53316E+00
  1.34766E-01  2.53035E+00
  1.38672E-01  2.52747E+00
  1.42578E-01  2.52451E+00
  1.46484E-01  2.52148E+00
  1.50391E-01  2.51837E+00
  1.54297E-01  2.51518E+00
  1.58203E-01  2.51192E+00
  1.62109E-01  2.50858E+00
  1.66016E-01  2.50517E+00
  1.69922E-01  2.50169E+00
  1.73828E-01  2.49813E+00
  1.77734E-01  2.49449E+00
  1.81641E-01  2.49078E+00
  1.85547E-01  2.48700E+00
  1.89453E-01  2.48315E+00
  1.93359E-01  2.47922E+00
  1.97266E-01  2.47521E+00
  2.01172E-01  2.47113E+00
  2.05078E-01  2.46698E+00
  2.08984E-01  2.46275E+00
  2.12891E-01  2.45845E+00
  2.16797E-01  2.45408E+00
  2.20703E-01  2.44963E+00
  2.24609E-01  2.44511E+00
  2.28516E-01  2.44051E+00
  2.32422E-01  2.43584E+00
  2.36328E-01  2.43110E+00
  2.40234E-01  2.42629E+00
  2.44141E-01  2.42140E+00
  2.48047E-01  2.41644E+00
  2.51953E-01  2.41140E+00
  2.55859E-01  2.40629E+00
  2.59766E-01  2.40111E+00
  2.63672E-01  2.39585E+00
  2.67578E-01  2.39052E+00
  2.71484E-01  2.38512E+00
  2.75391E-01  2.37964E+00
  2.79297E-01  2.37408E+00
  2.83203E-01  2.36845E+00
  2.87109E-01  2.36275E+00
  2.91016E-01  2.35697E+00
  2.94922E-01  2.35112E+00
  2.98828E-01  2.34519E+00
  3.02734E-01  2.33919E+00
  3.06641E-01  2.33311E+00
  3.10547E-01  2.32695E+00
  3.14453E-01  2.32072E+00
  3.18359E-01  2.31441E+00
  3.22266E-01  2.30803E+00
  3.26172E-01  2.30157E+00
  3.30078E-01  2.29503E+00
  3.33984E-01  2.28841E+00
  3.37891E-01  2.28171E+00
  3.41797E-01  2.27494E+00
  3.45703E-01  2.26808E+00
  3.49609E-01  2.26115E+00
  3.53516E-01  2.25414E+00
  3.57422E-01  2.24705E+00
  3.61328E-01  2.23987E+00
  3.65234E-01  2.23262E+00
  3.69141E-01  2.22528E+00
  3.73047E-01  2.21787E+00
  3.76953E-01  2.21037E+00
  3.80859E-01  2.20278E+00
  3.84766E-01  2.19512E+00
  3.88672E-01  2.18736E+00
  3.92578E-01  2.17953E+00
  3.96484E-01  2.17160E+00
  4.00391E-01  2.16360E+00
  4.04297E-01  2.15550E+00
  4.08203E-01  2.14731E+00
  4.12109E-01  2.13904E+00
  4.16016E-01  2.13068E+00
  4.19922E-01  2.12223E+00
  4.23828E-01  2.11368E+00
  4.27734E-01  2.10505E+00
  4.31641E-01  2.09632E+00
  4.35547E-01  2.08750E+00
  4.39453E-01  2.07858E+00
  4.43359E-01  2.06957E+00
  4.47266E-01  2.06046E+00
  4.51172E-01  2.05125E+00
  4.55078E-01  2.04194E+00
  4.58984E-01  2.03253E+00
  4.62891E-01  2.02302E+00
  4.66797E-01  2.01340E+00
  4.70703E-01  2.00368E+00
  4.74609E-01  1.99386E+00
  4.78516E-01  1.98392E+00
  4.82422E-01  1.97388E+00
  4.86328E-01  1.96373E+00
  4.90234E-01  1.95346E+00
  4.94141E-01  1.94308E+00
  4.98047E-01  1.93258E+00
  5.01953E-01  1.92196E+00
  5.05859E-01  1.91122E+00
  5.09766E-01  1.90036E+00
  5.13672E-01  1.88938E+00
  5.17578E-01  1.87826E+00
  5.21484E-01  1.86702E+00
  5.25391E-01  1.85564E+00
  5.29297E-01  1.84413E+00
  5.33203E-01  1.83248E+00
  5.37109E-01  1.82068E+00
  5.41016E-01  1.80874E+00
  5.44922E-01  1.79665E+00
  5.48828E-01  1.78442E+00
  5.52734E-01  1.77202E+00
  5.56641E-01  1.75946E+00
  5.60547E-01  1.74675E+00
  5.64453E-01  1.73386E+00
  5.68359E-01  1.72080E+00
  5.72266E-01  1.70755E+00
  5.76172E-01  1.69413E+00
  5.80078E-01  1.68051E+00
  5.83984E-01  1.66670E+00
  5.87891E-01  1.65269E+00
  5.91797E-01  1.63847E+00
  5.95703E-01  1.62403E+00
  5.99609E-01  1.60937E+00
  6.03516E-01  1.59447E+00
  6.07422E-01  1.57933E+00
  6.11328E-01  1.56394E+00
  6.15234E-01  1.54828E+00
  6.19141E-01  1.53236E+00
  6.23047E-01  1.51614E+00
  6.26953E-01  1.49962E+00
  6.30859E-01  1.48279E+00
  6.34766E-01  1.46562E+00
  6.38672E-01  1.44810E+00
  6.42578E-01  1.43022E+00
  6.46484E-01  1.41194E+00
  6.50391E-01  1.39324E+00
  6.54297E-01  1.37410E+00
  6.58203E-01  1.35449E+00
  6.62109E-01  1.33437E+00
  6.66016E-01  1.31371E+00
  6.69922E-01  1.29246E+00
  6.73828E-01  1.27058E+00
  6.77734E-01  1.24800E+00
  6.81641E-01  1.22467E+00
  6.85547E-01  1.20049E+00
  6.89453E-01  1.17537E+00
  6.93359E-01  1.14922E+00
  6.97266E-01  1.12190E+00
  7.01172E-01  1.09324E+00
  7.05078E-01  1.06302E+00
  7.08984E-01  1.03098E+00
  7.12891E-01  9.96758E-01
  7.16797E-01  9.59830E-01
  7.20703E-01  9.19340E-01
  7.24609E-01  8.72860E-01
  7.28516E-01  8.07574E-01
  7.32422E-01  6.70916E-01
  7.36328E-01  2.12561E-08
  7.40234E-01  2.09200E-08
  7.44141E-01  2.05906E-08
  7.48047E-01  2.02680E-08
  7.51953E-01  1.99524E-08
  7.55859E-01  1.96429E-08
  7.59766E-01  1.93401E-08
  7.63672E-01  1.90432E-08
  7.67578E-01  1.87526E-08
  7.71484E-01  1.84676E-08
  7.75391E-01  1.81884E-08
  7.79297E-01  1.79149E-08
  7.83203E-01  1.76466E-08
  7.87109E-01  1.73838E-08
  7.91016E-01  1.71262E-08
  7.94922E-01  1.68736E-08
  7.98828E-01  1.66257E-08
  8.02734E-01  1.63828E-08
  8.06641E-01  1.61447E-08
  8.10547E-01  1.59112E-08
  8.14453E-01  1.56820E-08
  8.18359E-01  1.54572E-08
  8.22266E-01  1.52366E-08
  8.26172E-01  1.50203E-08
  8.30078E-01  1.48083E-08
  8.33984E-01  1.45999E-08
  8.37891E-01  1.43955E-08
  8.41797E-01  1.41948E-08
  8.45703E-01  1.39979E-08
  8.49609E-01  1.38047E-08
  8.53516E-01  1.36150E-08
  8.57422E-01  1.34287E-08
  8.61328E-01  1.32459E-08
  8.65234E-01  1.30665E-08
  8.69141E-01  1.28902E-08
  8.73047E-01  1.27171E-08
  8.76953E-01  1.25471E-08
  8.80859E-01  1.23801E-08
  8.84766E-01  1.22160E-08
  8.88672E-01  1.20549E-08
  8.92578E-01  1.18966E-08
  8.96484E-01  1.17410E-08
  9.00391E-01  1.15881E-08
  9.04297E-01  1.14379E-08
  9.08203E-01  1.12903E-08
  9.12109E-01  1.11451E-08
  9.16016E-01  1.10025E-08
  9.19922E-01  1.08623E-08
  9.23828E-01  1.07243E-08
  9.27734E-01  1.05889E-08
  9.31641E-01  1.04556E-08
  9.35547E-01  1.03245E-08
  9.39453E-01  1.01957E-08
  9.43359E-01  1.00690E-08
  9.47266E-01  9.94440E-09
  9.51172E-01  9.82175E-09
  9.55078E-01  9.70117E-09
  9.58984E-01  9.58261E-09
  9.62891E-01  9.46595E-09
  9.66797E-01  9.35114E-09
  9.70703E-01  9.23817E-09
  9.74609E-01  9.12700E-09
  9.78516E-01  9.01759E-09
  9.82422E-01  8.90993E-09
  9.86328E-01  8.80400E-09
  9.90234E-01  8.69977E-09
  9.94141E-01  8.59717E-09
  9.98047E-01  8.49618E-09
  1.00195E+00  8.49618E-09
