 -1.95312E-03  2.58059E+00
  1.95312E-03  2.58059E+00
  5.85938E-03  2.58050E+00
  9.76562E-03  2.58032E+00
  1.36719E-02  2.58005E+00
  1.75781E-02  2.57969E+00
  2.14844E-02  2.57924E+00
  2.53906E-02  2.57870E+00
  2.92969E-02  2.57808E+00
  3.32031E-02  2.57737E+00
  3.71094E-02  2.57657E+00
  4.10156E-02  2.57569E+00
  4.49219E-02  2.57472E+00
  4.88281E-02  2.57367E+00
  5.27344E-02  2.57254E+00
  5.66406E-02  2.57132E+00
  6.05469E-02  2.57002E+00
  6.44531E-02  2.56863E+00
  6.83594E-02  2.56717E+00
  7.22656E-02  2.56562E+00
  7.61719E-02  2.56399E+00
  8.00781E-02  2.56228E+00
  8.39844E-02  2.56049E+00
  8.78906E-02  2.55862E+00
  9.17969E-02  2.55667E+00
  9.57031E-02  2.55464E+00
  9.96094E-02  2.55253E+00
  1.03516E-01  2.55034E+00
  1.07422E-01  2.54808E+00
  1.11328E-01  2.54573E+00
  1.15234E-01  2.54331E+00
  1.19141E-01  2.54081E+00
  1.23047E-01  2.53824E+00
  1.26953E-01  2.53558E+00
  1.30859E-01  2.53285E+00
  1.34766E-01  2.53005E+00
  1.38672E-01  2.52716E+00
  1.42578E-01  2.52421E+00
  1.46484E-01  2.52117E+00
  1.50391E-01  2.51806E+00
  1.54297E-01  2.51488E+00
  1.58203E-01  2.51162E+00
  1.62109E-01  2.50828E+00
  1.66016E-01  2.50487E+00
  1.69922E-01  2.50139E+00
  1.73828E-01  2.49783E+00
  1.77734E-01  2.49419E+00
  1.81641E-01  2.49049E+00
  1.85547E-01  2.48671E+00
  1.89453E-01  2.48285E+00
  1.93359E-01  2.47892E+00
  1.97266E-01  2.47492E+00
  2.01172E-01  2.47084E+00
  2.05078E-01  2.46669E+00
  2.08984E-01  2.46246E+00
  2.12891E-01  2.45816E+00
  2.16797E-01  2.45379E+00
  2.20703E-01  2.44934E+00
  2.24609E-01  2.44482E+00
  2.28516E-01  2.44023E+00
  2.32422E-01  2.43556E+00
  2.36328E-01  2.43082E+00
  2.40234E-01  2.42600E+00
  2.44141E-01  2.42111E+00
  2.48047E-01  2.41615E+00
  2.51953E-01  2.41111E+00
  2.55859E-01  2.40600E+00
  2.59766E-01  2.40082E+00
  2.63672E-01  2.39557E+00
  2.67578E-01  2.39024E+00
  2.71484E-01  2.38483E+00
  2.75391E-01  2.37936E+00
  2.79297E-01  2.37380E+00
  2.83203E-01  2.36818E+00
  2.87109E-01  2.36248E+00
  2.91016E-01  2.35670E+00
  2.94922E-01  2.35085E+00
  2.98828E-01  2.34492E+00
  3.02734E-01  2.33892E+00
  3.06641E-01  2.33284E+00
  3.10547E-01  2.32669E+00
  3.14453E-01  2.32046E+00
  3.18359E-01  2.31416E+00
  3.22266E-01  2.30777E+00
  3.26172E-01  2.30131E+00
  3.30078E-01  2.29478E+00
  3.33984E-01  2.28816E+00
  3.37891E-01  2.28147E+00
  3.41797E-01  2.27470E+00
  3.45703E-01  2.26785E+00
  3.49609E-01  2.26092E+00
  3.53516E-01  2.25391E+00
  3.57422E-01  2.24682E+00
  3.61328E-01  2.23966E+00
  3.65234E-01  2.23241E+00
  3.69141E-01  2.22508E+00
  3.73047E-01  2.21766E+00
  3.76953E-01  2.21017E+00
  3.80859E-01  2.20259E+00
  3.84766E-01  2.19493E+00
  3.88672E-01  2.18719E+00
  3.92578E-01  2.17936E+00
  3.96484E-01  2.17144E+00
  4.00391E-01  2.16344E+00
  4.04297E-01  2.15535E+00
  4.08203E-01  2.14717E+00
  4.12109E-01  2.13891E+00
  4.16016E-01  2.13055E+00
  4.19922E-01  2.12211E+00
  4.23828E-01  2.11357E+00
  4.27734E-01  2.10495E+00
  4.31641E-01  2.09622E+00
  4.35547E-01  2.08741E+00
  4.39453E-01  2.07850E+00
  4.43359E-01  2.06950E+00
  4.47266E-01  2.06039E+00
  4.51172E-01  2.05119E+00
  4.55078E-01  2.04189E+00
  4.58984E-01  2.03249E+00
  4.62891E-01  2.02299E+00
  4.66797E-01  2.01338E+00
  4.70703E-01  2.00367E+00
  4.74609E-01  1.99385E+00
  4.78516E-01  1.98392E+00
  4.82422E-01  1.97389E+00
  4.86328E-01  1.96374E+00
  4.90234E-01  1.95348E+00
  4.94141E-01  1.94311E+00
  4.98047E-01  1.93262E+00
  5.01953E-01  1.92201E+00
  5.05859E-01  1.91128E+00
  5.09766E-01  1.90043E+00
  5.13672E-01  1.88945E+00
  5.17578E-01  1.87834E+00
  5.21484E-01  1.86711E+00
  5.25391E-01  1.85574E+00
  5.29297E-01  1.84423E+00
  5.33203E-01  1.83258E+00
  5.37109E-01  1.82080E+00
  5.41016E-01  1.80887E+00
  5.44922E-01  1.79679E+00
  5.48828E-01  1.78455E+00
  5.52734E-01  1.77217E+00
  5.56641E-01  1.75962E+00
  5.60547E-01  1.74690E+00
  5.64453E-01  1.73402E+00
  5.68359E-01  1.72097E+00
  5.72266E-01  1.70773E+00
  5.76172E-01  1.69432E+00
  5.80078E-01  1.68071E+00
  5.83984E-01  1.66691E+00
  5.87891E-01  1.65290E+00
  5.91797E-01  1.63869E+00
  5.95703E-01  1.62426E+00
  5.99609E-01  1.60960E+00
  6.03516E-01  1.59472E+00
  6.07422E-01  1.57959E+00
  6.11328E-01  1.56420E+00
  6.15234E-01  1.54856E+00
  6.19141E-01  1.53264E+00
  6.23047E-01  1.51644E+00
  6.26953E-01  1.49993E+00
  6.30859E-01  1.48311E+00
  6.34766E-01  1.46596E+00
  6.38672E-01  1.44845E+00
  6.42578E-01  1.43058E+00
  6.46484E-01  1.41231E+00
  6.50391E-01  1.39362E+00
  6.54297E-01  1.37450E+00
  6.58203E-01  1.35490E+00
  6.62109E-01  1.33480E+00
  6.66016E-01  1.31415E+00
  6.69922E-01  1.29292E+00
  6.73828E-01  1.27105E+00
  6.77734E-01  1.24849E+00
  6.81641E-01  1.22518E+00
  6.85547E-01  1.20102E+00
  6.89453E-01  1.17594E+00
  6.93359E-01  1.14981E+00
  6.97266E-01  1.12252E+00
  7.01172E-01  1.09388E+00
  7.05078E-01  1.06370E+00
  7.08984E-01  1.03171E+00
  7.12891E-01  9.97539E-01
  7.16797E-01  9.60684E-01
  7.20703E-01  9.20299E-01
  7.24609E-01  8.74013E-01
  7.28516E-01  8.09286E-01
  7.32422E-01  6.73812E-01
  7.36328E-01  3.06128E-05
  7.40234E-01  3.01276E-05
  7.44141E-01  2.96524E-05
  7.48047E-01  2.91871E-05
  7.51953E-01  2.87314E-05
  7.55859E-01  2.82853E-05
  7.59766E-01  2.78484E-05
  7.63672E-01  2.74206E-05
  7.67578E-01  2.70014E-05
  7.71484E-01  2.65909E-05
  7.75391E-01  2.61888E-05
  7.79297E-01  2.57948E-05
  7.83203E-01  2.54088E-05
  7.87109E-01  2.50303E-05
  7.91016E-01  2.46596E-05
  7.94922E-01  2.42962E-05
  7.98828E-01  2.39398E-05
  8.02734E-01  2.35902E-05
  8.06641E-01  2.32477E-05
  8.10547E-01  2.29117E-05
  8.14453E-01  2.25819E-05
  8.18359E-01  2.22588E-05
  8.22266E-01  2.19414E-05
  8.26172E-01  2.16304E-05
  8.30078E-01  2.13249E-05
  8.33984E-01  2.10254E-05
  8.37891E-01  2.07312E-05
  8.41797E-01  2.04427E-05
  8.45703E-01  2.01595E-05
  8.49609E-01  1.98812E-05
  8.53516E-01  1.96084E-05
  8.57422E-01  1.93404E-05
  8.61328E-01  1.90770E-05
  8.65234E-01  1.88187E-05
  8.69141E-01  1.85650E-05
  8.73047E-01  1.83157E-05
  8.76953E-01  1.80708E-05
  8.80859E-01  1.78301E-05
  8.84766E-01  1.75940E-05
  8.88672E-01  1.73619E-05
  8.92578E-01  1.71340E-05
  8.96484E-01  1.69099E-05
  9.00391E-01  1.66897E-05
  9.04297E-01  1.64733E-05
  9.08203E-01  1.62607E-05
  9.12109E-01  1.60517E-05
  9.16016E-01  1.58462E-05
  9.19922E-01  1.56443E-05
  9.23828E-01  1.54458E-05
  9.27734E-01  1.52507E-05
  9.31641E-01  1.50588E-05
  9.35547E-01  1.48701E-05
  9.39453E-01  1.46845E-05
  9.43359E-01  1.45021E-05
  9.47266E-01  1.43227E-05
  9.51172E-01  1.41461E-05
  9.55078E-01  1.39725E-05
  9.58984E-01  1.38018E-05
  9.62891E-01  1.36337E-05
  9.66797E-01  1.34685E-05
  9.70703E-01  1.33058E-05
  9.74609E-01  1.31458E-05
  9.78516E-01  1.29884E-05
  9.82422E-01  1.28333E-05
  9.86328E-01  1.26809E-05
  9.90234E-01  1.25307E-05
  9.94141E-01  1.23830E-05
  9.98047E-01  1.22376E-05
  1.00195E+00  1.22376E-05
