 -1.95312E-03  2.58091E+00
  1.95312E-03  2.58091E+00
  5.85938E-03  2.58082E+00
  9.76562E-03  2.58064E+00
  1.36719E-02  2.58037E+00
  1.75781E-02  2.58001E+00
  2.14844E-02  2.57956E+00
  2.53906E-02  2.57902E+00
  2.92969E-02  2.57840E+00
  3.32031E-02  2.57769E+00
  3.71094E-02  2.57689E+00
  4.10156E-02  2.57601E+00
  4.49219E-02  2.57504E+00
  4.88281E-02  2.57399E+00
  5.27344E-02  2.57286E+00
  5.66406E-02  2.57164E+00
  6.05469E-02  2.57033E+00
  6.44531E-02  2.56895E+00
  6.83594E-02  2.56748E+00
  7.22656E-02  2.56593E+00
  7.61719E-02  2.56430E+00
  8.00781E-02  2.56259E+00
  8.39844E-02  2.56080E+00
  8.78906E-02  2.55893E+00
  9.17969E-02  2.55698E+00
  9.57031E-02  2.55495E+00
  9.96094E-02  2.55284E+00
  1.03516E-01  2.55065E+00
  1.07422E-01  2.54838E+00
  1.11328E-01  2.54604E+00
  1.15234E-01  2.54361E+00
  1.19141E-01  2.54111E+00
  1.23047E-01  2.53854E+00
  1.26953E-01  2.53588E+00
  1.30859E-01  2.53315E+00
  1.34766E-01  2.53034E+00
  1.38672E-01  2.52746E+00
  1.42578E-01  2.52450E+00
  1.46484E-01  2.52147E+00
  1.50391E-01  2.51836E+00
  1.54297E-01  2.51517E+00
  1.58203E-01  2.51191E+00
  1.62109E-01  2.50857E+00
  1.66016E-01  2.50516E+00
  1.69922E-01  2.50168E+00
  1.73828E-01  2.49812E+00
  1.77734E-01  2.49449E+00
  1.81641E-01  2.49078E+00
  1.85547E-01  2.48700E+00
  1.89453E-01  2.48314E+00
  1.93359E-01  2.47921E+00
  1.97266E-01  2.47520E+00
  2.01172E-01  2.47113E+00
  2.05078E-01  2.46697E+00
  2.08984E-01  2.46275E+00
  2.12891E-01  2.45845E+00
  2.16797E-01  2.45407E+00
  2.20703E-01  2.44962E+00
  2.24609E-01  2.44510E+00
  2.28516E-01  2.44051E+00
  2.32422E-01  2.43584E+00
  2.36328E-01  2.43110E+00
  2.40234E-01  2.42628E+00
  2.44141E-01  2.42139E+00
  2.48047E-01  2.41643E+00
  2.51953E-01  2.41139E+00
  2.55859E-01  2.40628E+00
  2.59766E-01  2.40110E+00
  2.63672E-01  2.39584E+00
  2.67578E-01  2.39051E+00
  2.71484E-01  2.38511E+00
  2.75391E-01  2.37963E+00
  2.79297E-01  2.37408E+00
  2.83203E-01  2.36845E+00
  2.87109E-01  2.36274E+00
  2.91016E-01  2.35697E+00
  2.94922E-01  2.35111E+00
  2.98828E-01  2.34519E+00
  3.02734E-01  2.33918E+00
  3.06641E-01  2.33310E+00
  3.10547E-01  2.32695E+00
  3.14453E-01  2.32072E+00
  3.18359E-01  2.31441E+00
  3.22266E-01  2.30802E+00
  3.26172E-01  2.30156E+00
  3.30078E-01  2.29502E+00
  3.33984E-01  2.28840E+00
  3.37891E-01  2.28171E+00
  3.41797E-01  2.27493E+00
  3.45703E-01  2.26808E+00
  3.49609E-01  2.26115E+00
  3.53516E-01  2.25413E+00
  3.57422E-01  2.24704E+00
  3.61328E-01  2.23987E+00
  3.65234E-01  2.23261E+00
  3.69141E-01  2.22528E+00
  3.73047E-01  2.21786E+00
  3.76953E-01  2.21036E+00
  3.80859E-01  2.20278E+00
  3.84766E-01  2.19511E+00
  3.88672E-01  2.18736E+00
  3.92578E-01  2.17952E+00
  3.96484E-01  2.17160E+00
  4.00391E-01  2.16359E+00
  4.04297E-01  2.15550E+00
  4.08203E-01  2.14731E+00
  4.12109E-01  2.13904E+00
  4.16016E-01  2.13068E+00
  4.19922E-01  2.12223E+00
  4.23828E-01  2.11368E+00
  4.27734E-01  2.10504E+00
  4.31641E-01  2.09632E+00
  4.35547E-01  2.08749E+00
  4.39453E-01  2.07858E+00
  4.43359E-01  2.06956E+00
  4.47266E-01  2.06045E+00
  4.51172E-01  2.05125E+00
  4.55078E-01  2.04194E+00
  4.58984E-01  2.03253E+00
  4.62891E-01  2.02302E+00
  4.66797E-01  2.01340E+00
  4.70703E-01  2.00368E+00
  4.74609E-01  1.99386E+00
  4.78516E-01  1.98392E+00
  4.82422E-01  1.97388E+00
  4.86328E-01  1.96373E+00
  4.90234E-01  1.95346E+00
  4.94141E-01  1.94308E+00
  4.98047E-01  1.93258E+00
  5.01953E-01  1.92196E+00
  5.05859E-01  1.91123E+00
  5.09766E-01  1.90036E+00
  5.13672E-01  1.88938E+00
  5.17578E-01  1.87826E+00
  5.21484E-01  1.86702E+00
  5.25391E-01  1.85564E+00
  5.29297E-01  1.84413E+00
  5.33203E-01  1.83248E+00
  5.37109E-01  1.82068E+00
  5.41016E-01  1.80875E+00
  5.44922E-01  1.79666E+00
  5.48828E-01  1.78442E+00
  5.52734E-01  1.77202E+00
  5.56641E-01  1.75947E+00
  5.60547E-01  1.74675E+00
  5.64453E-01  1.73386E+00
  5.68359E-01  1.72080E+00
  5.72266E-01  1.70756E+00
  5.76172E-01  1.69414E+00
  5.80078E-01  1.68052E+00
  5.83984E-01  1.66671E+00
  5.87891E-01  1.65270E+00
  5.91797E-01  1.63848E+00
  5.95703E-01  1.62404E+00
  5.99609E-01  1.60937E+00
  6.03516E-01  1.59448E+00
  6.07422E-01  1.57934E+00
  6.11328E-01  1.56395E+00
  6.15234E-01  1.54829E+00
  6.19141E-01  1.53236E+00
  6.23047E-01  1.51615E+00
  6.26953E-01  1.49963E+00
  6.30859E-01  1.48279E+00
  6.34766E-01  1.46563E+00
  6.38672E-01  1.44811E+00
  6.42578E-01  1.43023E+00
  6.46484E-01  1.41195E+00
  6.50391E-01  1.39325E+00
  6.54297E-01  1.37412E+00
  6.58203E-01  1.35451E+00
  6.62109E-01  1.33439E+00
  6.66016E-01  1.31373E+00
  6.69922E-01  1.29248E+00
  6.73828E-01  1.27060E+00
  6.77734E-01  1.24802E+00
  6.81641E-01  1.22467E+00
  6.85547E-01  1.20049E+00
  6.89453E-01  1.17538E+00
  6.93359E-01  1.14923E+00
  6.97266E-01  1.12191E+00
  7.01172E-01  1.09325E+00
  7.05078E-01  1.06304E+00
  7.08984E-01  1.03100E+00
  7.12891E-01  9.96773E-01
  7.16797E-01  9.59843E-01
  7.20703E-01  9.19349E-01
  7.24609E-01  8.72865E-01
  7.28516E-01  8.07583E-01
  7.32422E-01  6.70934E-01
  7.36328E-01  3.84359E-08
  7.40234E-01  3.78279E-08
  7.44141E-01  3.72318E-08
  7.48047E-01  3.66489E-08
  7.51953E-01  3.60773E-08
  7.55859E-01  3.55182E-08
  7.59766E-01  3.49702E-08
  7.63672E-01  3.44328E-08
  7.67578E-01  3.39073E-08
  7.71484E-01  3.33920E-08
  7.75391E-01  3.28868E-08
  7.79297E-01  3.23915E-08
  7.83203E-01  3.19068E-08
  7.87109E-01  3.14315E-08
  7.91016E-01  3.09654E-08
  7.94922E-01  3.05084E-08
  7.98828E-01  3.00603E-08
  8.02734E-01  2.96214E-08
  8.06641E-01  2.91904E-08
  8.10547E-01  2.87677E-08
  8.14453E-01  2.83532E-08
  8.18359E-01  2.79467E-08
  8.22266E-01  2.75479E-08
  8.26172E-01  2.71568E-08
  8.30078E-01  2.67731E-08
  8.33984E-01  2.63966E-08
  8.37891E-01  2.60271E-08
  8.41797E-01  2.56645E-08
  8.45703E-01  2.53088E-08
  8.49609E-01  2.49596E-08
  8.53516E-01  2.46167E-08
  8.57422E-01  2.42801E-08
  8.61328E-01  2.39498E-08
  8.65234E-01  2.36252E-08
  8.69141E-01  2.33066E-08
  8.73047E-01  2.29936E-08
  8.76953E-01  2.26862E-08
  8.80859E-01  2.23843E-08
  8.84766E-01  2.20877E-08
  8.88672E-01  2.17963E-08
  8.92578E-01  2.15101E-08
  8.96484E-01  2.12286E-08
  9.00391E-01  2.09524E-08
  9.04297E-01  2.06807E-08
  9.08203E-01  2.04137E-08
  9.12109E-01  2.01514E-08
  9.16016E-01  1.98935E-08
  9.19922E-01  1.96398E-08
  9.23828E-01  1.93906E-08
  9.27734E-01  1.91456E-08
  9.31641E-01  1.89047E-08
  9.35547E-01  1.86677E-08
  9.39453E-01  1.84346E-08
  9.43359E-01  1.82054E-08
  9.47266E-01  1.79801E-08
  9.51172E-01  1.77585E-08
  9.55078E-01  1.75405E-08
  9.58984E-01  1.73261E-08
  9.62891E-01  1.71151E-08
  9.66797E-01  1.69075E-08
  9.70703E-01  1.67033E-08
  9.74609E-01  1.65024E-08
  9.78516E-01  1.63046E-08
  9.82422E-01  1.61100E-08
  9.86328E-01  1.59185E-08
  9.90234E-01  1.57300E-08
  9.94141E-01  1.55445E-08
  9.98047E-01  1.53618E-08
  1.00195E+00  1.53618E-08
