 -1.95312E-03  2.58105E+00
  1.95312E-03  2.58105E+00
  5.85938E-03  2.58096E+00
  9.76562E-03  2.58078E+00
  1.36719E-02  2.58051E+00
  1.75781E-02  2.58015E+00
  2.14844E-02  2.57970E+00
  2.53906E-02  2.57916E+00
  2.92969E-02  2.57854E+00
  3.32031E-02  2.57783E+00
  3.71094E-02  2.57703E+00
  4.10156E-02  2.57615E+00
  4.49219E-02  2.57518E+00
  4.88281E-02  2.57413E+00
  5.27344E-02  2.57299E+00
  5.66406E-02  2.57177E+00
  6.05469E-02  2.57047E+00
  6.44531E-02  2.56909E+00
  6.83594E-02  2.56762E+00
  7.22656E-02  2.56607E+00
  7.61719E-02  2.56444E+00
  8.00781E-02  2.56273E+00
  8.39844E-02  2.56094E+00
  8.78906E-02  2.55906E+00
  9.17969E-02  2.55711E+00
  9.57031E-02  2.55508E+00
  9.96094E-02  2.55297E+00
  1.03516E-01  2.55078E+00
  1.07422E-01  2.54851E+00
  1.11328E-01  2.54617E+00
  1.15234E-01  2.54375E+00
  1.19141E-01  2.54124E+00
  1.23047E-01  2.53867E+00
  1.26953E-01  2.53601E+00
  1.30859E-01  2.53328E+00
  1.34766E-01  2.53047E+00
  1.38672E-01  2.52759E+00
  1.42578E-01  2.52463E+00
  1.46484E-01  2.52159E+00
  1.50391E-01  2.51848E+00
  1.54297E-01  2.51530E+00
  1.58203E-01  2.51203E+00
  1.62109E-01  2.50870E+00
  1.66016E-01  2.50529E+00
  1.69922E-01  2.50180E+00
  1.73828E-01  2.49824E+00
  1.77734E-01  2.49460E+00
  1.81641E-01  2.49089E+00
  1.85547E-01  2.48711E+00
  1.89453E-01  2.48325E+00
  1.93359E-01  2.47932E+00
  1.97266E-01  2.47532E+00
  2.01172E-01  2.47124E+00
  2.05078E-01  2.46709E+00
  2.08984E-01  2.46286E+00
  2.12891E-01  2.45856E+00
  2.16797E-01  2.45419E+00
  2.20703E-01  2.44974E+00
  2.24609E-01  2.44521E+00
  2.28516E-01  2.44062E+00
  2.32422E-01  2.43595E+00
  2.36328E-01  2.43121E+00
  2.40234E-01  2.42639E+00
  2.44141E-01  2.42151E+00
  2.48047E-01  2.41654E+00
  2.51953E-01  2.41151E+00
  2.55859E-01  2.40640E+00
  2.59766E-01  2.40122E+00
  2.63672E-01  2.39596E+00
  2.67578E-01  2.39063E+00
  2.71484E-01  2.38522E+00
  2.75391E-01  2.37974E+00
  2.79297E-01  2.37419E+00
  2.83203E-01  2.36856E+00
  2.87109E-01  2.36286E+00
  2.91016E-01  2.35708E+00
  2.94922E-01  2.35123E+00
  2.98828E-01  2.34530E+00
  3.02734E-01  2.33929E+00
  3.06641E-01  2.33321E+00
  3.10547E-01  2.32706E+00
  3.14453E-01  2.32082E+00
  3.18359E-01  2.31452E+00
  3.22266E-01  2.30813E+00
  3.26172E-01  2.30166E+00
  3.30078E-01  2.29512E+00
  3.33984E-01  2.28850E+00
  3.37891E-01  2.28181E+00
  3.41797E-01  2.27503E+00
  3.45703E-01  2.26817E+00
  3.49609E-01  2.26124E+00
  3.53516E-01  2.25422E+00
  3.57422E-01  2.24713E+00
  3.61328E-01  2.23996E+00
  3.65234E-01  2.23270E+00
  3.69141E-01  2.22536E+00
  3.73047E-01  2.21794E+00
  3.76953E-01  2.21044E+00
  3.80859E-01  2.20285E+00
  3.84766E-01  2.19519E+00
  3.88672E-01  2.18743E+00
  3.92578E-01  2.17959E+00
  3.96484E-01  2.17167E+00
  4.00391E-01  2.16366E+00
  4.04297E-01  2.15556E+00
  4.08203E-01  2.14737E+00
  4.12109E-01  2.13910E+00
  4.16016E-01  2.13073E+00
  4.19922E-01  2.12228E+00
  4.23828E-01  2.11373E+00
  4.27734E-01  2.10510E+00
  4.31641E-01  2.09637E+00
  4.35547E-01  2.08754E+00
  4.39453E-01  2.07862E+00
  4.43359E-01  2.06960E+00
  4.47266E-01  2.06049E+00
  4.51172E-01  2.05128E+00
  4.55078E-01  2.04197E+00
  4.58984E-01  2.03256E+00
  4.62891E-01  2.02305E+00
  4.66797E-01  2.01343E+00
  4.70703E-01  2.00370E+00
  4.74609E-01  1.99387E+00
  4.78516E-01  1.98394E+00
  4.82422E-01  1.97389E+00
  4.86328E-01  1.96374E+00
  4.90234E-01  1.95346E+00
  4.94141E-01  1.94308E+00
  4.98047E-01  1.93258E+00
  5.01953E-01  1.92196E+00
  5.05859E-01  1.91122E+00
  5.09766E-01  1.90035E+00
  5.13672E-01  1.88936E+00
  5.17578E-01  1.87824E+00
  5.21484E-01  1.86699E+00
  5.25391E-01  1.85561E+00
  5.29297E-01  1.84410E+00
  5.33203E-01  1.83244E+00
  5.37109E-01  1.82065E+00
  5.41016E-01  1.80870E+00
  5.44922E-01  1.79661E+00
  5.48828E-01  1.78437E+00
  5.52734E-01  1.77197E+00
  5.56641E-01  1.75942E+00
  5.60547E-01  1.74669E+00
  5.64453E-01  1.73380E+00
  5.68359E-01  1.72074E+00
  5.72266E-01  1.70749E+00
  5.76172E-01  1.69407E+00
  5.80078E-01  1.68045E+00
  5.83984E-01  1.66664E+00
  5.87891E-01  1.65262E+00
  5.91797E-01  1.63840E+00
  5.95703E-01  1.62395E+00
  5.99609E-01  1.60929E+00
  6.03516E-01  1.59439E+00
  6.07422E-01  1.57925E+00
  6.11328E-01  1.56385E+00
  6.15234E-01  1.54820E+00
  6.19141E-01  1.53226E+00
  6.23047E-01  1.51604E+00
  6.26953E-01  1.49952E+00
  6.30859E-01  1.48268E+00
  6.34766E-01  1.46551E+00
  6.38672E-01  1.44799E+00
  6.42578E-01  1.43010E+00
  6.46484E-01  1.41181E+00
  6.50391E-01  1.39311E+00
  6.54297E-01  1.37397E+00
  6.58203E-01  1.35435E+00
  6.62109E-01  1.33423E+00
  6.66016E-01  1.31356E+00
  6.69922E-01  1.29230E+00
  6.73828E-01  1.27041E+00
  6.77734E-01  1.24782E+00
  6.81641E-01  1.22448E+00
  6.85547E-01  1.20029E+00
  6.89453E-01  1.17516E+00
  6.93359E-01  1.14900E+00
  6.97266E-01  1.12166E+00
  7.01172E-01  1.09298E+00
  7.05078E-01  1.06274E+00
  7.08984E-01  1.03068E+00
  7.12891E-01  9.96422E-01
  7.16797E-01  9.59461E-01
  7.20703E-01  9.18925E-01
  7.24609E-01  8.72369E-01
  7.28516E-01  8.06874E-01
  7.32422E-01  6.69742E-01
  7.36328E-01  1.86169E-10
  7.40234E-01  1.83221E-10
  7.44141E-01  1.80336E-10
  7.48047E-01  1.77512E-10
  7.51953E-01  1.74747E-10
  7.55859E-01  1.72037E-10
  7.59766E-01  1.69384E-10
  7.63672E-01  1.66786E-10
  7.67578E-01  1.64239E-10
  7.71484E-01  1.61745E-10
  7.75391E-01  1.59301E-10
  7.79297E-01  1.56905E-10
  7.83203E-01  1.54558E-10
  7.87109E-01  1.52257E-10
  7.91016E-01  1.50000E-10
  7.94922E-01  1.47789E-10
  7.98828E-01  1.45619E-10
  8.02734E-01  1.43494E-10
  8.06641E-01  1.41408E-10
  8.10547E-01  1.39362E-10
  8.14453E-01  1.37356E-10
  8.18359E-01  1.35389E-10
  8.22266E-01  1.33458E-10
  8.26172E-01  1.31563E-10
  8.30078E-01  1.29703E-10
  8.33984E-01  1.27880E-10
  8.37891E-01  1.26091E-10
  8.41797E-01  1.24334E-10
  8.45703E-01  1.22610E-10
  8.49609E-01  1.20917E-10
  8.53516E-01  1.19255E-10
  8.57422E-01  1.17624E-10
  8.61328E-01  1.16023E-10
  8.65234E-01  1.14450E-10
  8.69141E-01  1.12905E-10
  8.73047E-01  1.11388E-10
  8.76953E-01  1.09899E-10
  8.80859E-01  1.08436E-10
  8.84766E-01  1.06999E-10
  8.88672E-01  1.05587E-10
  8.92578E-01  1.04199E-10
  8.96484E-01  1.02837E-10
  9.00391E-01  1.01498E-10
  9.04297E-01  1.00182E-10
  9.08203E-01  9.88887E-11
  9.12109E-01  9.76178E-11
  9.16016E-01  9.63678E-11
  9.19922E-01  9.51404E-11
  9.23828E-01  9.39323E-11
  9.27734E-01  9.27459E-11
  9.31641E-01  9.15781E-11
  9.35547E-01  9.04312E-11
  9.39453E-01  8.93020E-11
  9.43359E-01  8.81927E-11
  9.47266E-01  8.71010E-11
  9.51172E-01  8.60270E-11
  9.55078E-01  8.49715E-11
  9.58984E-01  8.39324E-11
  9.62891E-01  8.29099E-11
  9.66797E-01  8.19050E-11
  9.70703E-01  8.09158E-11
  9.74609E-01  7.99419E-11
  9.78516E-01  7.89837E-11
  9.82422E-01  7.80415E-11
  9.86328E-01  7.71140E-11
  9.90234E-01  7.62009E-11
  9.94141E-01  7.53020E-11
  9.98047E-01  7.44170E-11
  1.00195E+00  7.44170E-11
