 -1.95312E-03  2.58112E+00
  1.95312E-03  2.58112E+00
  5.85938E-03  2.58103E+00
  9.76562E-03  2.58085E+00
  1.36719E-02  2.58057E+00
  1.75781E-02  2.58022E+00
  2.14844E-02  2.57977E+00
  2.53906E-02  2.57923E+00
  2.92969E-02  2.57861E+00
  3.32031E-02  2.57790E+00
  3.71094E-02  2.57710E+00
  4.10156E-02  2.57622E+00
  4.49219E-02  2.57525E+00
  4.88281E-02  2.57420E+00
  5.27344E-02  2.57306E+00
  5.66406E-02  2.57184E+00
  6.05469E-02  2.57054E+00
  6.44531E-02  2.56915E+00
  6.83594E-02  2.56769E+00
  7.22656E-02  2.56614E+00
  7.61719E-02  2.56451E+00
  8.00781E-02  2.56280E+00
  8.39844E-02  2.56100E+00
  8.78906E-02  2.55913E+00
  9.17969E-02  2.55718E+00
  9.57031E-02  2.55515E+00
  9.96094E-02  2.55304E+00
  1.03516E-01  2.55085E+00
  1.07422E-01  2.54858E+00
  1.11328E-01  2.54624E+00
  1.15234E-01  2.54381E+00
  1.19141E-01  2.54131E+00
  1.23047E-01  2.53874E+00
  1.26953E-01  2.53608E+00
  1.30859E-01  2.53335E+00
  1.34766E-01  2.53054E+00
  1.38672E-01  2.52766E+00
  1.42578E-01  2.52470E+00
  1.46484E-01  2.52166E+00
  1.50391E-01  2.51855E+00
  1.54297E-01  2.51536E+00
  1.58203E-01  2.51210E+00
  1.62109E-01  2.50876E+00
  1.66016E-01  2.50535E+00
  1.69922E-01  2.50187E+00
  1.73828E-01  2.49830E+00
  1.77734E-01  2.49467E+00
  1.81641E-01  2.49096E+00
  1.85547E-01  2.48717E+00
  1.89453E-01  2.48332E+00
  1.93359E-01  2.47939E+00
  1.97266E-01  2.47538E+00
  2.01172E-01  2.47130E+00
  2.05078E-01  2.46715E+00
  2.08984E-01  2.46292E+00
  2.12891E-01  2.45862E+00
  2.16797E-01  2.45425E+00
  2.20703E-01  2.44980E+00
  2.24609E-01  2.44528E+00
  2.28516E-01  2.44068E+00
  2.32422E-01  2.43601E+00
  2.36328E-01  2.43127E+00
  2.40234E-01  2.42646E+00
  2.44141E-01  2.42157E+00
  2.48047E-01  2.41661E+00
  2.51953E-01  2.41157E+00
  2.55859E-01  2.40646E+00
  2.59766E-01  2.40128E+00
  2.63672E-01  2.39602E+00
  2.67578E-01  2.39069E+00
  2.71484E-01  2.38529E+00
  2.75391E-01  2.37981E+00
  2.79297E-01  2.37425E+00
  2.83203E-01  2.36862E+00
  2.87109E-01  2.36292E+00
  2.91016E-01  2.35714E+00
  2.94922E-01  2.35129E+00
  2.98828E-01  2.34536E+00
  3.02734E-01  2.33935E+00
  3.06641E-01  2.33327E+00
  3.10547E-01  2.32711E+00
  3.14453E-01  2.32088E+00
  3.18359E-01  2.31457E+00
  3.22266E-01  2.30818E+00
  3.26172E-01  2.30172E+00
  3.30078E-01  2.29518E+00
  3.33984E-01  2.28856E+00
  3.37891E-01  2.28186E+00
  3.41797E-01  2.27508E+00
  3.45703E-01  2.26822E+00
  3.49609E-01  2.26129E+00
  3.53516E-01  2.25427E+00
  3.57422E-01  2.24718E+00
  3.61328E-01  2.24000E+00
  3.65234E-01  2.23274E+00
  3.69141E-01  2.22541E+00
  3.73047E-01  2.21798E+00
  3.76953E-01  2.21048E+00
  3.80859E-01  2.20289E+00
  3.84766E-01  2.19522E+00
  3.88672E-01  2.18747E+00
  3.92578E-01  2.17963E+00
  3.96484E-01  2.17170E+00
  4.00391E-01  2.16369E+00
  4.04297E-01  2.15559E+00
  4.08203E-01  2.14741E+00
  4.12109E-01  2.13913E+00
  4.16016E-01  2.13076E+00
  4.19922E-01  2.12231E+00
  4.23828E-01  2.11376E+00
  4.27734E-01  2.10512E+00
  4.31641E-01  2.09639E+00
  4.35547E-01  2.08757E+00
  4.39453E-01  2.07864E+00
  4.43359E-01  2.06963E+00
  4.47266E-01  2.06051E+00
  4.51172E-01  2.05130E+00
  4.55078E-01  2.04199E+00
  4.58984E-01  2.03258E+00
  4.62891E-01  2.02306E+00
  4.66797E-01  2.01344E+00
  4.70703E-01  2.00372E+00
  4.74609E-01  1.99388E+00
  4.78516E-01  1.98395E+00
  4.82422E-01  1.97390E+00
  4.86328E-01  1.96374E+00
  4.90234E-01  1.95347E+00
  4.94141E-01  1.94308E+00
  4.98047E-01  1.93258E+00
  5.01953E-01  1.92196E+00
  5.05859E-01  1.91121E+00
  5.09766E-01  1.90035E+00
  5.13672E-01  1.88935E+00
  5.17578E-01  1.87823E+00
  5.21484E-01  1.86698E+00
  5.25391E-01  1.85560E+00
  5.29297E-01  1.84408E+00
  5.33203E-01  1.83243E+00
  5.37109E-01  1.82063E+00
  5.41016E-01  1.80868E+00
  5.44922E-01  1.79659E+00
  5.48828E-01  1.78435E+00
  5.52734E-01  1.77195E+00
  5.56641E-01  1.75939E+00
  5.60547E-01  1.74666E+00
  5.64453E-01  1.73377E+00
  5.68359E-01  1.72070E+00
  5.72266E-01  1.70746E+00
  5.76172E-01  1.69403E+00
  5.80078E-01  1.68041E+00
  5.83984E-01  1.66659E+00
  5.87891E-01  1.65257E+00
  5.91797E-01  1.63835E+00
  5.95703E-01  1.62390E+00
  5.99609E-01  1.60923E+00
  6.03516E-01  1.59433E+00
  6.07422E-01  1.57919E+00
  6.11328E-01  1.56379E+00
  6.15234E-01  1.54813E+00
  6.19141E-01  1.53219E+00
  6.23047E-01  1.51597E+00
  6.26953E-01  1.49945E+00
  6.30859E-01  1.48261E+00
  6.34766E-01  1.46544E+00
  6.38672E-01  1.44791E+00
  6.42578E-01  1.43002E+00
  6.46484E-01  1.41174E+00
  6.50391E-01  1.39303E+00
  6.54297E-01  1.37389E+00
  6.58203E-01  1.35427E+00
  6.62109E-01  1.33414E+00
  6.66016E-01  1.31348E+00
  6.69922E-01  1.29222E+00
  6.73828E-01  1.27032E+00
  6.77734E-01  1.24773E+00
  6.81641E-01  1.22438E+00
  6.85547E-01  1.20019E+00
  6.89453E-01  1.17507E+00
  6.93359E-01  1.14890E+00
  6.97266E-01  1.12155E+00
  7.01172E-01  1.09287E+00
  7.05078E-01  1.06263E+00
  7.08984E-01  1.03056E+00
  7.12891E-01  9.96296E-01
  7.16797E-01  9.59326E-01
  7.20703E-01  9.18778E-01
  7.24609E-01  8.72199E-01
  7.28516E-01  8.06629E-01
  7.32422E-01  6.69357E-01
  7.36328E-01  1.39438E-20
  7.40234E-01  1.37229E-20
  7.44141E-01  1.35065E-20
  7.48047E-01  1.32944E-20
  7.51953E-01  1.30869E-20
  7.55859E-01  1.28836E-20
  7.59766E-01  1.26845E-20
  7.63672E-01  1.24895E-20
  7.67578E-01  1.22985E-20
  7.71484E-01  1.21114E-20
  7.75391E-01  1.19281E-20
  7.79297E-01  1.17485E-20
  7.83203E-01  1.15726E-20
  7.87109E-01  1.14002E-20
  7.91016E-01  1.12313E-20
  7.94922E-01  1.10657E-20
  7.98828E-01  1.09033E-20
  8.02734E-01  1.07441E-20
  8.06641E-01  1.05879E-20
  8.10547E-01  1.04349E-20
  8.14453E-01  1.02847E-20
  8.18359E-01  1.01374E-20
  8.22266E-01  9.99290E-21
  8.26172E-01  9.85106E-21
  8.30078E-01  9.71203E-21
  8.33984E-01  9.57545E-21
  8.37891E-01  9.44157E-21
  8.41797E-01  9.31005E-21
  8.45703E-01  9.18102E-21
  8.49609E-01  9.05437E-21
  8.53516E-01  8.92990E-21
  8.57422E-01  8.80789E-21
  8.61328E-01  8.68802E-21
  8.65234E-01  8.57022E-21
  8.69141E-01  8.45463E-21
  8.73047E-01  8.34114E-21
  8.76953E-01  8.22961E-21
  8.80859E-01  8.12002E-21
  8.84766E-01  8.01233E-21
  8.88672E-01  7.90666E-21
  8.92578E-01  7.80282E-21
  8.96484E-01  7.70077E-21
  9.00391E-01  7.60048E-21
  9.04297E-01  7.50192E-21
  9.08203E-01  7.40504E-21
  9.12109E-01  7.30982E-21
  9.16016E-01  7.21623E-21
  9.19922E-01  7.12424E-21
  9.23828E-01  7.03381E-21
  9.27734E-01  6.94491E-21
  9.31641E-01  6.85752E-21
  9.35547E-01  6.77160E-21
  9.39453E-01  6.68709E-21
  9.43359E-01  6.60396E-21
  9.47266E-01  6.52219E-21
  9.51172E-01  6.44182E-21
  9.55078E-01  6.36275E-21
  9.58984E-01  6.28495E-21
  9.62891E-01  6.20841E-21
  9.66797E-01  6.13314E-21
  9.70703E-01  6.05904E-21
  9.74609E-01  5.98617E-21
  9.78516E-01  5.91444E-21
  9.82422E-01  5.84384E-21
  9.86328E-01  5.77439E-21
  9.90234E-01  5.70601E-21
  9.94141E-01  5.63873E-21
  9.98047E-01  5.57248E-21
  1.00195E+00  5.57248E-21
