 -1.95312E-03  1.82568E+00
  1.95312E-03  1.82590E+00
  5.85938E-03  1.82178E+00
  9.76562E-03  1.81840E+00
  1.36719E-02  1.81513E+00
  1.75781E-02  1.81188E+00
  2.14844E-02  1.80863E+00
  2.53906E-02  1.80538E+00
  2.92969E-02  1.80211E+00
  3.32031E-02  1.79883E+00
  3.71094E-02  1.79553E+00
  4.10156E-02  1.79222E+00
  4.49219E-02  1.78889E+00
  4.88281E-02  1.78554E+00
  5.27344E-02  1.78218E+00
  5.66406E-02  1.77879E+00
  6.05469E-02  1.77539E+00
  6.44531E-02  1.77198E+00
  6.83594E-02  1.76854E+00
  7.22656E-02  1.76509E+00
  7.61719E-02  1.76162E+00
  8.00781E-02  1.75813E+00
  8.39844E-02  1.75463E+00
  8.78906E-02  1.75110E+00
  9.17969E-02  1.74756E+00
  9.57031E-02  1.74400E+00
  9.96094E-02  1.74042E+00
  1.03516E-01  1.73683E+00
  1.07422E-01  1.73322E+00
  1.11328E-01  1.72958E+00
  1.15234E-01  1.72594E+00
  1.19141E-01  1.72227E+00
  1.23047E-01  1.71859E+00
  1.26953E-01  1.71488E+00
  1.30859E-01  1.71116E+00
  1.34766E-01  1.70743E+00
  1.38672E-01  1.70367E+00
  1.42578E-01  1.69990E+00
  1.46484E-01  1.69611E+00
  1.50391E-01  1.69230E+00
  1.54297E-01  1.68847E+00
  1.58203E-01  1.68463E+00
  1.62109E-01  1.68076E+00
  1.66016E-01  1.67688E+00
  1.69922E-01  1.67298E+00
  1.73828E-01  1.66906E+00
  1.77734E-01  1.66513E+00
  1.81641E-01  1.66118E+00
  1.85547E-01  1.65721E+00
  1.89453E-01  1.65322E+00
  1.93359E-01  1.64921E+00
  1.97266E-01  1.64518E+00
  2.01172E-01  1.64114E+00
  2.05078E-01  1.63708E+00
  2.08984E-01  1.63300E+00
  2.12891E-01  1.62890E+00
  2.16797E-01  1.62478E+00
  2.20703E-01  1.62065E+00
  2.24609E-01  1.61650E+00
  2.28516E-01  1.61232E+00
  2.32422E-01  1.60814E+00
  2.36328E-01  1.60393E+00
  2.40234E-01  1.59970E+00
  2.44141E-01  1.59546E+00
  2.48047E-01  1.59120E+00
  2.51953E-01  1.58692E+00
  2.55859E-01  1.58262E+00
  2.59766E-01  1.57830E+00
  2.63672E-01  1.57397E+00
  2.67578E-01  1.56962E+00
  2.71484E-01  1.56525E+00
  2.75391E-01  1.56086E+00
  2.79297E-01  1.55645E+00
  2.83203E-01  1.55202E+00
  2.87109E-01  1.54758E+00
  2.91016E-01  1.54311E+00
  2.94922E-01  1.53863E+00
  2.98828E-01  1.53413E+00
  3.02734E-01  1.52962E+00
  3.06641E-01  1.52508E+00
  3.10547E-01  1.52053E+00
  3.14453E-01  1.51596E+00
  3.18359E-01  1.51137E+00
  3.22266E-01  1.50676E+00
  3.26172E-01  1.50214E+00
  3.30078E-01  1.49749E+00
  3.33984E-01  1.49283E+00
  3.37891E-01  1.48814E+00
  3.41797E-01  1.48344E+00
  3.45703E-01  1.47872E+00
  3.49609E-01  1.47398E+00
  3.53516E-01  1.46923E+00
  3.57422E-01  1.46445E+00
  3.61328E-01  1.45966E+00
  3.65234E-01  1.45484E+00
  3.69141E-01  1.45001E+00
  3.73047E-01  1.44516E+00
  3.76953E-01  1.44029E+00
  3.80859E-01  1.43540E+00
  3.84766E-01  1.43050E+00
  3.88672E-01  1.42557E+00
  3.92578E-01  1.42063E+00
  3.96484E-01  1.41566E+00
  4.00391E-01  1.41068E+00
  4.04297E-01  1.40568E+00
  4.08203E-01  1.40066E+00
  4.12109E-01  1.39562E+00
  4.16016E-01  1.39056E+00
  4.19922E-01  1.38549E+00
  4.23828E-01  1.38039E+00
  4.27734E-01  1.37528E+00
  4.31641E-01  1.37014E+00
  4.35547E-01  1.36499E+00
  4.39453E-01  1.35981E+00
  4.43359E-01  1.35462E+00
  4.47266E-01  1.34941E+00
  4.51172E-01  1.34418E+00
  4.55078E-01  1.33893E+00
  4.58984E-01  1.33365E+00
  4.62891E-01  1.32836E+00
  4.66797E-01  1.32305E+00
  4.70703E-01  1.31772E+00
  4.74609E-01  1.31237E+00
  4.78516E-01  1.30700E+00
  4.82422E-01  1.30161E+00
  4.86328E-01  1.29621E+00
  4.90234E-01  1.29078E+00
  4.94141E-01  1.28533E+00
  4.98047E-01  1.27986E+00
  5.01953E-01  1.27438E+00
  5.05859E-01  1.26887E+00
  5.09766E-01  1.26334E+00
  5.13672E-01  1.25779E+00
  5.17578E-01  1.25222E+00
  5.21484E-01  1.24664E+00
  5.25391E-01  1.24103E+00
  5.29297E-01  1.23540E+00
  5.33203E-01  1.22975E+00
  5.37109E-01  1.22409E+00
  5.41016E-01  1.21840E+00
  5.44922E-01  1.21269E+00
  5.48828E-01  1.20696E+00
  5.52734E-01  1.20121E+00
  5.56641E-01  1.19545E+00
  5.60547E-01  1.18966E+00
  5.64453E-01  1.18385E+00
  5.68359E-01  1.17802E+00
  5.72266E-01  1.17217E+00
  5.76172E-01  1.16630E+00
  5.80078E-01  1.16041E+00
  5.83984E-01  1.15449E+00
  5.87891E-01  1.14856E+00
  5.91797E-01  1.14260E+00
  5.95703E-01  1.13663E+00
  5.99609E-01  1.13063E+00
  6.03516E-01  1.12462E+00
  6.07422E-01  1.11858E+00
  6.11328E-01  1.11252E+00
  6.15234E-01  1.10645E+00
  6.19141E-01  1.10035E+00
  6.23047E-01  1.09423E+00
  6.26953E-01  1.08809E+00
  6.30859E-01  1.08193E+00
  6.34766E-01  1.07574E+00
  6.38672E-01  1.06954E+00
  6.42578E-01  1.06332E+00
  6.46484E-01  1.05707E+00
  6.50391E-01  1.05080E+00
  6.54297E-01  1.04452E+00
  6.58203E-01  1.03821E+00
  6.62109E-01  1.03187E+00
  6.66016E-01  1.02552E+00
  6.69922E-01  1.01914E+00
  6.73828E-01  1.01274E+00
  6.77734E-01  1.00632E+00
  6.81641E-01  9.99882E-01
  6.85547E-01  9.93417E-01
  6.89453E-01  9.86930E-01
  6.93359E-01  9.80420E-01
  6.97266E-01  9.73888E-01
  7.01172E-01  9.67333E-01
  7.05078E-01  9.60757E-01
  7.08984E-01  9.54161E-01
  7.12891E-01  9.47542E-01
  7.16797E-01  9.40902E-01
  7.20703E-01  9.34239E-01
  7.24609E-01  9.27557E-01
  7.28516E-01  9.20852E-01
  7.32422E-01  9.14126E-01
  7.36328E-01  9.07381E-01
  7.40234E-01  9.00616E-01
  7.44141E-01  8.93830E-01
  7.48047E-01  8.87025E-01
  7.51953E-01  8.80198E-01
  7.55859E-01  8.73352E-01
  7.59766E-01  8.66490E-01
  7.63672E-01  8.59607E-01
  7.67578E-01  8.52708E-01
  7.71484E-01  8.45791E-01
  7.75391E-01  8.38858E-01
  7.79297E-01  8.31907E-01
  7.83203E-01  8.24939E-01
  7.87109E-01  8.17958E-01
  7.91016E-01  8.10961E-01
  7.94922E-01  8.03948E-01
  7.98828E-01  7.96924E-01
  8.02734E-01  7.89889E-01
  8.06641E-01  7.82843E-01
  8.10547E-01  7.75785E-01
  8.14453E-01  7.68718E-01
  8.18359E-01  7.61641E-01
  8.22266E-01  7.54558E-01
  8.26172E-01  7.47469E-01
  8.30078E-01  7.40374E-01
  8.33984E-01  7.33274E-01
  8.37891E-01  7.26169E-01
  8.41797E-01  7.19061E-01
  8.45703E-01  7.11957E-01
  8.49609E-01  7.04851E-01
  8.53516E-01  6.97749E-01
  8.57422E-01  6.90652E-01
  8.61328E-01  6.83563E-01
  8.65234E-01  6.76487E-01
  8.69141E-01  6.69425E-01
  8.73047E-01  6.62376E-01
  8.76953E-01  6.55347E-01
  8.80859E-01  6.48344E-01
  8.84766E-01  6.41370E-01
  8.88672E-01  6.34431E-01
  8.92578E-01  6.27523E-01
  8.96484E-01  6.20652E-01
  9.00391E-01  6.13826E-01
  9.04297E-01  6.07047E-01
  9.08203E-01  6.00328E-01
  9.12109E-01  5.93668E-01
  9.16016E-01  5.87071E-01
  9.19922E-01  5.80542E-01
  9.23828E-01  5.74093E-01
  9.27734E-01  5.67725E-01
  9.31641E-01  5.61441E-01
  9.35547E-01  5.55249E-01
  9.39453E-01  5.49162E-01
  9.43359E-01  5.43187E-01
  9.47266E-01  5.37336E-01
  9.51172E-01  5.31612E-01
  9.55078E-01  5.26034E-01
  9.58984E-01  5.20602E-01
  9.62891E-01  5.15339E-01
  9.66797E-01  5.10238E-01
  9.70703E-01  5.05317E-01
  9.74609E-01  5.00575E-01
  9.78516E-01  4.96036E-01
  9.82422E-01  4.91704E-01
  9.86328E-01  4.87587E-01
  9.90234E-01  4.83711E-01
  9.94141E-01  4.80078E-01
  9.98047E-01  4.76690E-01
  1.00195E+00  4.76692E-01
