 -1.95312E-03  1.82566E+00
  1.95312E-03  1.82588E+00
  5.85938E-03  1.82176E+00
  9.76562E-03  1.81838E+00
  1.36719E-02  1.81510E+00
  1.75781E-02  1.81186E+00
  2.14844E-02  1.80861E+00
  2.53906E-02  1.80535E+00
  2.92969E-02  1.80209E+00
  3.32031E-02  1.79880E+00
  3.71094E-02  1.79551E+00
  4.10156E-02  1.79219E+00
  4.49219E-02  1.78886E+00
  4.88281E-02  1.78551E+00
  5.27344E-02  1.78215E+00
  5.66406E-02  1.77877E+00
  6.05469E-02  1.77537E+00
  6.44531E-02  1.77195E+00
  6.83594E-02  1.76851E+00
  7.22656E-02  1.76506E+00
  7.61719E-02  1.76159E+00
  8.00781E-02  1.75810E+00
  8.39844E-02  1.75460E+00
  8.78906E-02  1.75108E+00
  9.17969E-02  1.74753E+00
  9.57031E-02  1.74397E+00
  9.96094E-02  1.74040E+00
  1.03516E-01  1.73680E+00
  1.07422E-01  1.73319E+00
  1.11328E-01  1.72956E+00
  1.15234E-01  1.72591E+00
  1.19141E-01  1.72224E+00
  1.23047E-01  1.71856E+00
  1.26953E-01  1.71486E+00
  1.30859E-01  1.71114E+00
  1.34766E-01  1.70740E+00
  1.38672E-01  1.70365E+00
  1.42578E-01  1.69987E+00
  1.46484E-01  1.69608E+00
  1.50391E-01  1.69227E+00
  1.54297E-01  1.68845E+00
  1.58203E-01  1.68460E+00
  1.62109E-01  1.68074E+00
  1.66016E-01  1.67686E+00
  1.69922E-01  1.67296E+00
  1.73828E-01  1.66904E+00
  1.77734E-01  1.66510E+00
  1.81641E-01  1.66115E+00
  1.85547E-01  1.65718E+00
  1.89453E-01  1.65319E+00
  1.93359E-01  1.64918E+00
  1.97266E-01  1.64516E+00
  2.01172E-01  1.64111E+00
  2.05078E-01  1.63705E+00
  2.08984E-01  1.63297E+00
  2.12891E-01  1.62887E+00
  2.16797E-01  1.62476E+00
  2.20703E-01  1.62062E+00
  2.24609E-01  1.61647E+00
  2.28516E-01  1.61230E+00
  2.32422E-01  1.60811E+00
  2.36328E-01  1.60390E+00
  2.40234E-01  1.59968E+00
  2.44141E-01  1.59544E+00
  2.48047E-01  1.59117E+00
  2.51953E-01  1.58689E+00
  2.55859E-01  1.58260E+00
  2.59766E-01  1.57828E+00
  2.63672E-01  1.57395E+00
  2.67578E-01  1.56959E+00
  2.71484E-01  1.56522E+00
  2.75391E-01  1.56083E+00
  2.79297E-01  1.55642E+00
  2.83203E-01  1.55200E+00
  2.87109E-01  1.54755E+00
  2.91016E-01  1.54309E+00
  2.94922E-01  1.53861E+00
  2.98828E-01  1.53411E+00
  3.02734E-01  1.52960E+00
  3.06641E-01  1.52506E+00
  3.10547E-01  1.52051E+00
  3.14453E-01  1.51594E+00
  3.18359E-01  1.51135E+00
  3.22266E-01  1.50674E+00
  3.26172E-01  1.50211E+00
  3.30078E-01  1.49747E+00
  3.33984E-01  1.49280E+00
  3.37891E-01  1.48812E+00
  3.41797E-01  1.48342E+00
  3.45703E-01  1.47870E+00
  3.49609E-01  1.47396E+00
  3.53516E-01  1.46920E+00
  3.57422E-01  1.46443E+00
  3.61328E-01  1.45963E+00
  3.65234E-01  1.45482E+00
  3.69141E-01  1.44999E+00
  3.73047E-01  1.44514E+00
  3.76953E-01  1.44027E+00
  3.80859E-01  1.43538E+00
  3.84766E-01  1.43047E+00
  3.88672E-01  1.42555E+00
  3.92578E-01  1.42060E+00
  3.96484E-01  1.41564E+00
  4.00391E-01  1.41066E+00
  4.04297E-01  1.40566E+00
  4.08203E-01  1.40064E+00
  4.12109E-01  1.39560E+00
  4.16016E-01  1.39054E+00
  4.19922E-01  1.38546E+00
  4.23828E-01  1.38037E+00
  4.27734E-01  1.37525E+00
  4.31641E-01  1.37012E+00
  4.35547E-01  1.36496E+00
  4.39453E-01  1.35979E+00
  4.43359E-01  1.35460E+00
  4.47266E-01  1.34939E+00
  4.51172E-01  1.34415E+00
  4.55078E-01  1.33890E+00
  4.58984E-01  1.33363E+00
  4.62891E-01  1.32834E+00
  4.66797E-01  1.32303E+00
  4.70703E-01  1.31770E+00
  4.74609E-01  1.31235E+00
  4.78516E-01  1.30698E+00
  4.82422E-01  1.30159E+00
  4.86328E-01  1.29618E+00
  4.90234E-01  1.29076E+00
  4.94141E-01  1.28531E+00
  4.98047E-01  1.27984E+00
  5.01953E-01  1.27435E+00
  5.05859E-01  1.26885E+00
  5.09766E-01  1.26332E+00
  5.13672E-01  1.25777E+00
  5.17578E-01  1.25220E+00
  5.21484E-01  1.24662E+00
  5.25391E-01  1.24101E+00
  5.29297E-01  1.23538E+00
  5.33203E-01  1.22974E+00
  5.37109E-01  1.22407E+00
  5.41016E-01  1.21838E+00
  5.44922E-01  1.21267E+00
  5.48828E-01  1.20694E+00
  5.52734E-01  1.20120E+00
  5.56641E-01  1.19543E+00
  5.60547E-01  1.18964E+00
  5.64453E-01  1.18384E+00
  5.68359E-01  1.17801E+00
  5.72266E-01  1.17216E+00
  5.76172E-01  1.16628E+00
  5.80078E-01  1.16039E+00
  5.83984E-01  1.15448E+00
  5.87891E-01  1.14854E+00
  5.91797E-01  1.14259E+00
  5.95703E-01  1.13661E+00
  5.99609E-01  1.13062E+00
  6.03516E-01  1.12460E+00
  6.07422E-01  1.11857E+00
  6.11328E-01  1.11251E+00
  6.15234E-01  1.10644E+00
  6.19141E-01  1.10034E+00
  6.23047E-01  1.09423E+00
  6.26953E-01  1.08809E+00
  6.30859E-01  1.08193E+00
  6.34766E-01  1.07574E+00
  6.38672E-01  1.06954E+00
  6.42578E-01  1.06332E+00
  6.46484E-01  1.05707E+00
  6.50391E-01  1.05081E+00
  6.54297E-01  1.04452E+00
  6.58203E-01  1.03821E+00
  6.62109E-01  1.03188E+00
  6.66016E-01  1.02552E+00
  6.69922E-01  1.01915E+00
  6.73828E-01  1.01275E+00
  6.77734E-01  1.00633E+00
  6.81641E-01  9.99893E-01
  6.85547E-01  9.93429E-01
  6.89453E-01  9.86944E-01
  6.93359E-01  9.80435E-01
  6.97266E-01  9.73904E-01
  7.01172E-01  9.67350E-01
  7.05078E-01  9.60775E-01
  7.08984E-01  9.54179E-01
  7.12891E-01  9.47562E-01
  7.16797E-01  9.40923E-01
  7.20703E-01  9.34262E-01
  7.24609E-01  9.27580E-01
  7.28516E-01  9.20877E-01
  7.32422E-01  9.14153E-01
  7.36328E-01  9.07410E-01
  7.40234E-01  9.00647E-01
  7.44141E-01  8.93864E-01
  7.48047E-01  8.87061E-01
  7.51953E-01  8.80239E-01
  7.55859E-01  8.73397E-01
  7.59766E-01  8.66535E-01
  7.63672E-01  8.59654E-01
  7.67578E-01  8.52756E-01
  7.71484E-01  8.45842E-01
  7.75391E-01  8.38912E-01
  7.79297E-01  8.31965E-01
  7.83203E-01  8.25003E-01
  7.87109E-01  8.18025E-01
  7.91016E-01  8.11032E-01
  7.94922E-01  8.04025E-01
  7.98828E-01  7.97005E-01
  8.02734E-01  7.89971E-01
  8.06641E-01  7.82928E-01
  8.10547E-01  7.75876E-01
  8.14453E-01  7.68809E-01
  8.18359E-01  7.61735E-01
  8.22266E-01  7.54655E-01
  8.26172E-01  7.47568E-01
  8.30078E-01  7.40475E-01
  8.33984E-01  7.33378E-01
  8.37891E-01  7.26277E-01
  8.41797E-01  7.19176E-01
  8.45703E-01  7.12078E-01
  8.49609E-01  7.04978E-01
  8.53516E-01  6.97882E-01
  8.57422E-01  6.90792E-01
  8.61328E-01  6.83710E-01
  8.65234E-01  6.76641E-01
  8.69141E-01  6.69587E-01
  8.73047E-01  6.62549E-01
  8.76953E-01  6.55529E-01
  8.80859E-01  6.48535E-01
  8.84766E-01  6.41569E-01
  8.88672E-01  6.34638E-01
  8.92578E-01  6.27738E-01
  8.96484E-01  6.20873E-01
  9.00391E-01  6.14054E-01
  9.04297E-01  6.07282E-01
  9.08203E-01  6.00566E-01
  9.12109E-01  5.93910E-01
  9.16016E-01  5.87314E-01
  9.19922E-01  5.80787E-01
  9.23828E-01  5.74333E-01
  9.27734E-01  5.67972E-01
  9.31641E-01  5.61696E-01
  9.35547E-01  5.55518E-01
  9.39453E-01  5.49444E-01
  9.43359E-01  5.43486E-01
  9.47266E-01  5.37650E-01
  9.51172E-01  5.31943E-01
  9.55078E-01  5.26375E-01
  9.58984E-01  5.20956E-01
  9.62891E-01  5.15703E-01
  9.66797E-01  5.10614E-01
  9.70703E-01  5.05697E-01
  9.74609E-01  5.00964E-01
  9.78516E-01  4.96426E-01
  9.82422E-01  4.92097E-01
  9.86328E-01  4.87984E-01
  9.90234E-01  4.84111E-01
  9.94141E-01  4.80482E-01
  9.98047E-01  4.77097E-01
  1.00195E+00  4.77099E-01
