 -1.95312E-03  1.61944E+00
  1.95312E-03  1.62045E+00
  5.85938E-03  1.61636E+00
  9.76562E-03  1.61299E+00
  1.36719E-02  1.60973E+00
  1.75781E-02  1.60649E+00
  2.14844E-02  1.60326E+00
  2.53906E-02  1.60003E+00
  2.92969E-02  1.59679E+00
  3.32031E-02  1.59353E+00
  3.71094E-02  1.59027E+00
  4.10156E-02  1.58699E+00
  4.49219E-02  1.58371E+00
  4.88281E-02  1.58041E+00
  5.27344E-02  1.57709E+00
  5.66406E-02  1.57376E+00
  6.05469E-02  1.57043E+00
  6.44531E-02  1.56707E+00
  6.83594E-02  1.56371E+00
  7.22656E-02  1.56033E+00
  7.61719E-02  1.55694E+00
  8.00781E-02  1.55354E+00
  8.39844E-02  1.55012E+00
  8.78906E-02  1.54670E+00
  9.17969E-02  1.54326E+00
  9.57031E-02  1.53980E+00
  9.96094E-02  1.53634E+00
  1.03516E-01  1.53286E+00
  1.07422E-01  1.52938E+00
  1.11328E-01  1.52588E+00
  1.15234E-01  1.52237E+00
  1.19141E-01  1.51884E+00
  1.23047E-01  1.51531E+00
  1.26953E-01  1.51176E+00
  1.30859E-01  1.50821E+00
  1.34766E-01  1.50464E+00
  1.38672E-01  1.50106E+00
  1.42578E-01  1.49747E+00
  1.46484E-01  1.49387E+00
  1.50391E-01  1.49026E+00
  1.54297E-01  1.48664E+00
  1.58203E-01  1.48301E+00
  1.62109E-01  1.47937E+00
  1.66016E-01  1.47572E+00
  1.69922E-01  1.47206E+00
  1.73828E-01  1.46839E+00
  1.77734E-01  1.46471E+00
  1.81641E-01  1.46102E+00
  1.85547E-01  1.45732E+00
  1.89453E-01  1.45362E+00
  1.93359E-01  1.44990E+00
  1.97266E-01  1.44618E+00
  2.01172E-01  1.44245E+00
  2.05078E-01  1.43871E+00
  2.08984E-01  1.43496E+00
  2.12891E-01  1.43120E+00
  2.16797E-01  1.42744E+00
  2.20703E-01  1.42366E+00
  2.24609E-01  1.41988E+00
  2.28516E-01  1.41610E+00
  2.32422E-01  1.41230E+00
  2.36328E-01  1.40850E+00
  2.40234E-01  1.40469E+00
  2.44141E-01  1.40088E+00
  2.48047E-01  1.39706E+00
  2.51953E-01  1.39323E+00
  2.55859E-01  1.38939E+00
  2.59766E-01  1.38555E+00
  2.63672E-01  1.38171E+00
  2.67578E-01  1.37786E+00
  2.71484E-01  1.37400E+00
  2.75391E-01  1.37014E+00
  2.79297E-01  1.36627E+00
  2.83203E-01  1.36240E+00
  2.87109E-01  1.35852E+00
  2.91016E-01  1.35464E+00
  2.94922E-01  1.35076E+00
  2.98828E-01  1.34687E+00
  3.02734E-01  1.34297E+00
  3.06641E-01  1.33908E+00
  3.10547E-01  1.33518E+00
  3.14453E-01  1.33127E+00
  3.18359E-01  1.32736E+00
  3.22266E-01  1.32345E+00
  3.26172E-01  1.31954E+00
  3.30078E-01  1.31562E+00
  3.33984E-01  1.31170E+00
  3.37891E-01  1.30778E+00
  3.41797E-01  1.30386E+00
  3.45703E-01  1.29993E+00
  3.49609E-01  1.29601E+00
  3.53516E-01  1.29208E+00
  3.57422E-01  1.28815E+00
  3.61328E-01  1.28422E+00
  3.65234E-01  1.28029E+00
  3.69141E-01  1.27636E+00
  3.73047E-01  1.27243E+00
  3.76953E-01  1.26850E+00
  3.80859E-01  1.26457E+00
  3.84766E-01  1.26064E+00
  3.88672E-01  1.25671E+00
  3.92578E-01  1.25278E+00
  3.96484E-01  1.24885E+00
  4.00391E-01  1.24492E+00
  4.04297E-01  1.24100E+00
  4.08203E-01  1.23707E+00
  4.12109E-01  1.23315E+00
  4.16016E-01  1.22923E+00
  4.19922E-01  1.22532E+00
  4.23828E-01  1.22140E+00
  4.27734E-01  1.21749E+00
  4.31641E-01  1.21358E+00
  4.35547E-01  1.20967E+00
  4.39453E-01  1.20577E+00
  4.43359E-01  1.20186E+00
  4.47266E-01  1.19796E+00
  4.51172E-01  1.19407E+00
  4.55078E-01  1.19018E+00
  4.58984E-01  1.18629E+00
  4.62891E-01  1.18241E+00
  4.66797E-01  1.17853E+00
  4.70703E-01  1.17466E+00
  4.74609E-01  1.17079E+00
  4.78516E-01  1.16693E+00
  4.82422E-01  1.16307E+00
  4.86328E-01  1.15922E+00
  4.90234E-01  1.15537E+00
  4.94141E-01  1.15153E+00
  4.98047E-01  1.14769E+00
  5.01953E-01  1.14386E+00
  5.05859E-01  1.14003E+00
  5.09766E-01  1.13621E+00
  5.13672E-01  1.13240E+00
  5.17578E-01  1.12860E+00
  5.21484E-01  1.12480E+00
  5.25391E-01  1.12101E+00
  5.29297E-01  1.11722E+00
  5.33203E-01  1.11344E+00
  5.37109E-01  1.10967E+00
  5.41016E-01  1.10591E+00
  5.44922E-01  1.10215E+00
  5.48828E-01  1.09840E+00
  5.52734E-01  1.09466E+00
  5.56641E-01  1.09092E+00
  5.60547E-01  1.08719E+00
  5.64453E-01  1.08347E+00
  5.68359E-01  1.07976E+00
  5.72266E-01  1.07606E+00
  5.76172E-01  1.07236E+00
  5.80078E-01  1.06868E+00
  5.83984E-01  1.06500E+00
  5.87891E-01  1.06133E+00
  5.91797E-01  1.05767E+00
  5.95703E-01  1.05402E+00
  5.99609E-01  1.05038E+00
  6.03516E-01  1.04674E+00
  6.07422E-01  1.04312E+00
  6.11328E-01  1.03950E+00
  6.15234E-01  1.03589E+00
  6.19141E-01  1.03229E+00
  6.23047E-01  1.02870E+00
  6.26953E-01  1.02512E+00
  6.30859E-01  1.02154E+00
  6.34766E-01  1.01797E+00
  6.38672E-01  1.01442E+00
  6.42578E-01  1.01087E+00
  6.46484E-01  1.00732E+00
  6.50391E-01  1.00379E+00
  6.54297E-01  1.00027E+00
  6.58203E-01  9.96749E-01
  6.62109E-01  9.93241E-01
  6.66016E-01  9.89741E-01
  6.69922E-01  9.86249E-01
  6.73828E-01  9.82766E-01
  6.77734E-01  9.79291E-01
  6.81641E-01  9.75824E-01
  6.85547E-01  9.72365E-01
  6.89453E-01  9.68914E-01
  6.93359E-01  9.65471E-01
  6.97266E-01  9.62036E-01
  7.01172E-01  9.58609E-01
  7.05078E-01  9.55189E-01
  7.08984E-01  9.51778E-01
  7.12891E-01  9.48374E-01
  7.16797E-01  9.44977E-01
  7.20703E-01  9.41588E-01
  7.24609E-01  9.38206E-01
  7.28516E-01  9.34830E-01
  7.32422E-01  9.31462E-01
  7.36328E-01  9.28101E-01
  7.40234E-01  9.24746E-01
  7.44141E-01  9.21398E-01
  7.48047E-01  9.18056E-01
  7.51953E-01  9.14721E-01
  7.55859E-01  9.11393E-01
  7.59766E-01  9.08070E-01
  7.63672E-01  9.04753E-01
  7.67578E-01  9.01440E-01
  7.71484E-01  8.98133E-01
  7.75391E-01  8.94830E-01
  7.79297E-01  8.91532E-01
  7.83203E-01  8.88240E-01
  7.87109E-01  8.84952E-01
  7.91016E-01  8.81670E-01
  7.94922E-01  8.78392E-01
  7.98828E-01  8.75118E-01
  8.02734E-01  8.71848E-01
  8.06641E-01  8.68583E-01
  8.10547E-01  8.65323E-01
  8.14453E-01  8.62067E-01
  8.18359E-01  8.58816E-01
  8.22266E-01  8.55569E-01
  8.26172E-01  8.52326E-01
  8.30078E-01  8.49087E-01
  8.33984E-01  8.45851E-01
  8.37891E-01  8.42619E-01
  8.41797E-01  8.39391E-01
  8.45703E-01  8.36167E-01
  8.49609E-01  8.32947E-01
  8.53516E-01  8.29730E-01
  8.57422E-01  8.26515E-01
  8.61328E-01  8.23302E-01
  8.65234E-01  8.20090E-01
  8.69141E-01  8.16881E-01
  8.73047E-01  8.13674E-01
  8.76953E-01  8.10468E-01
  8.80859E-01  8.07263E-01
  8.84766E-01  8.04061E-01
  8.88672E-01  8.00859E-01
  8.92578E-01  7.97659E-01
  8.96484E-01  7.94460E-01
  9.00391E-01  7.91264E-01
  9.04297E-01  7.88069E-01
  9.08203E-01  7.84876E-01
  9.12109E-01  7.81685E-01
  9.16016E-01  7.78497E-01
  9.19922E-01  7.75311E-01
  9.23828E-01  7.72127E-01
  9.27734E-01  7.68947E-01
  9.31641E-01  7.65770E-01
  9.35547E-01  7.62594E-01
  9.39453E-01  7.59417E-01
  9.43359E-01  7.56242E-01
  9.47266E-01  7.53070E-01
  9.51172E-01  7.49898E-01
  9.55078E-01  7.46728E-01
  9.58984E-01  7.43559E-01
  9.62891E-01  7.40393E-01
  9.66797E-01  7.37230E-01
  9.70703E-01  7.34070E-01
  9.74609E-01  7.30913E-01
  9.78516E-01  7.27759E-01
  9.82422E-01  7.24609E-01
  9.86328E-01  7.21464E-01
  9.90234E-01  7.18325E-01
  9.94141E-01  7.15192E-01
  9.98047E-01  7.11996E-01
  1.00195E+00  7.12040E-01
