 -1.95312E-03  1.82409E+00
  1.95312E-03  1.82464E+00
  5.85938E-03  1.82057E+00
  9.76562E-03  1.81718E+00
  1.36719E-02  1.81391E+00
  1.75781E-02  1.81066E+00
  2.14844E-02  1.80742E+00
  2.53906E-02  1.80416E+00
  2.92969E-02  1.80089E+00
  3.32031E-02  1.79761E+00
  3.71094E-02  1.79431E+00
  4.10156E-02  1.79100E+00
  4.49219E-02  1.78767E+00
  4.88281E-02  1.78432E+00
  5.27344E-02  1.78096E+00
  5.66406E-02  1.77757E+00
  6.05469E-02  1.77417E+00
  6.44531E-02  1.77076E+00
  6.83594E-02  1.76732E+00
  7.22656E-02  1.76387E+00
  7.61719E-02  1.76040E+00
  8.00781E-02  1.75691E+00
  8.39844E-02  1.75341E+00
  8.78906E-02  1.74988E+00
  9.17969E-02  1.74634E+00
  9.57031E-02  1.74278E+00
  9.96094E-02  1.73921E+00
  1.03516E-01  1.73561E+00
  1.07422E-01  1.73200E+00
  1.11328E-01  1.72837E+00
  1.15234E-01  1.72472E+00
  1.19141E-01  1.72106E+00
  1.23047E-01  1.71737E+00
  1.26953E-01  1.71367E+00
  1.30859E-01  1.70995E+00
  1.34766E-01  1.70622E+00
  1.38672E-01  1.70246E+00
  1.42578E-01  1.69869E+00
  1.46484E-01  1.69490E+00
  1.50391E-01  1.69109E+00
  1.54297E-01  1.68726E+00
  1.58203E-01  1.68341E+00
  1.62109E-01  1.67955E+00
  1.66016E-01  1.67567E+00
  1.69922E-01  1.67177E+00
  1.73828E-01  1.66785E+00
  1.77734E-01  1.66392E+00
  1.81641E-01  1.65997E+00
  1.85547E-01  1.65599E+00
  1.89453E-01  1.65201E+00
  1.93359E-01  1.64800E+00
  1.97266E-01  1.64397E+00
  2.01172E-01  1.63993E+00
  2.05078E-01  1.63587E+00
  2.08984E-01  1.63179E+00
  2.12891E-01  1.62769E+00
  2.16797E-01  1.62357E+00
  2.20703E-01  1.61944E+00
  2.24609E-01  1.61529E+00
  2.28516E-01  1.61111E+00
  2.32422E-01  1.60693E+00
  2.36328E-01  1.60272E+00
  2.40234E-01  1.59850E+00
  2.44141E-01  1.59425E+00
  2.48047E-01  1.58999E+00
  2.51953E-01  1.58571E+00
  2.55859E-01  1.58142E+00
  2.59766E-01  1.57710E+00
  2.63672E-01  1.57277E+00
  2.67578E-01  1.56842E+00
  2.71484E-01  1.56405E+00
  2.75391E-01  1.55966E+00
  2.79297E-01  1.55525E+00
  2.83203E-01  1.55083E+00
  2.87109E-01  1.54639E+00
  2.91016E-01  1.54192E+00
  2.94922E-01  1.53745E+00
  2.98828E-01  1.53295E+00
  3.02734E-01  1.52843E+00
  3.06641E-01  1.52390E+00
  3.10547E-01  1.51935E+00
  3.14453E-01  1.51478E+00
  3.18359E-01  1.51019E+00
  3.22266E-01  1.50558E+00
  3.26172E-01  1.50096E+00
  3.30078E-01  1.49631E+00
  3.33984E-01  1.49165E+00
  3.37891E-01  1.48697E+00
  3.41797E-01  1.48227E+00
  3.45703E-01  1.47755E+00
  3.49609E-01  1.47281E+00
  3.53516E-01  1.46806E+00
  3.57422E-01  1.46328E+00
  3.61328E-01  1.45849E+00
  3.65234E-01  1.45368E+00
  3.69141E-01  1.44885E+00
  3.73047E-01  1.44401E+00
  3.76953E-01  1.43914E+00
  3.80859E-01  1.43425E+00
  3.84766E-01  1.42935E+00
  3.88672E-01  1.42443E+00
  3.92578E-01  1.41949E+00
  3.96484E-01  1.41453E+00
  4.00391E-01  1.40955E+00
  4.04297E-01  1.40455E+00
  4.08203E-01  1.39954E+00
  4.12109E-01  1.39450E+00
  4.16016E-01  1.38945E+00
  4.19922E-01  1.38437E+00
  4.23828E-01  1.37928E+00
  4.27734E-01  1.37417E+00
  4.31641E-01  1.36904E+00
  4.35547E-01  1.36389E+00
  4.39453E-01  1.35872E+00
  4.43359E-01  1.35353E+00
  4.47266E-01  1.34832E+00
  4.51172E-01  1.34309E+00
  4.55078E-01  1.33784E+00
  4.58984E-01  1.33258E+00
  4.62891E-01  1.32729E+00
  4.66797E-01  1.32198E+00
  4.70703E-01  1.31666E+00
  4.74609E-01  1.31131E+00
  4.78516E-01  1.30594E+00
  4.82422E-01  1.30056E+00
  4.86328E-01  1.29516E+00
  4.90234E-01  1.28973E+00
  4.94141E-01  1.28429E+00
  4.98047E-01  1.27883E+00
  5.01953E-01  1.27335E+00
  5.05859E-01  1.26785E+00
  5.09766E-01  1.26232E+00
  5.13672E-01  1.25678E+00
  5.17578E-01  1.25122E+00
  5.21484E-01  1.24564E+00
  5.25391E-01  1.24004E+00
  5.29297E-01  1.23442E+00
  5.33203E-01  1.22878E+00
  5.37109E-01  1.22312E+00
  5.41016E-01  1.21744E+00
  5.44922E-01  1.21174E+00
  5.48828E-01  1.20602E+00
  5.52734E-01  1.20028E+00
  5.56641E-01  1.19452E+00
  5.60547E-01  1.18874E+00
  5.64453E-01  1.18294E+00
  5.68359E-01  1.17713E+00
  5.72266E-01  1.17129E+00
  5.76172E-01  1.16543E+00
  5.80078E-01  1.15955E+00
  5.83984E-01  1.15365E+00
  5.87891E-01  1.14773E+00
  5.91797E-01  1.14180E+00
  5.95703E-01  1.13584E+00
  5.99609E-01  1.12986E+00
  6.03516E-01  1.12387E+00
  6.07422E-01  1.11786E+00
  6.11328E-01  1.11183E+00
  6.15234E-01  1.10578E+00
  6.19141E-01  1.09971E+00
  6.23047E-01  1.09362E+00
  6.26953E-01  1.08752E+00
  6.30859E-01  1.08139E+00
  6.34766E-01  1.07524E+00
  6.38672E-01  1.06908E+00
  6.42578E-01  1.06289E+00
  6.46484E-01  1.05669E+00
  6.50391E-01  1.05047E+00
  6.54297E-01  1.04424E+00
  6.58203E-01  1.03798E+00
  6.62109E-01  1.03171E+00
  6.66016E-01  1.02541E+00
  6.69922E-01  1.01910E+00
  6.73828E-01  1.01278E+00
  6.77734E-01  1.00643E+00
  6.81641E-01  1.00007E+00
  6.85547E-01  9.93692E-01
  6.89453E-01  9.87291E-01
  6.93359E-01  9.80874E-01
  6.97266E-01  9.74440E-01
  7.01172E-01  9.67990E-01
  7.05078E-01  9.61522E-01
  7.08984E-01  9.55036E-01
  7.12891E-01  9.48534E-01
  7.16797E-01  9.42013E-01
  7.20703E-01  9.35477E-01
  7.24609E-01  9.28926E-01
  7.28516E-01  9.22358E-01
  7.32422E-01  9.15775E-01
  7.36328E-01  9.09177E-01
  7.40234E-01  9.02562E-01
  7.44141E-01  8.95935E-01
  7.48047E-01  8.89293E-01
  7.51953E-01  8.82638E-01
  7.55859E-01  8.75970E-01
  7.59766E-01  8.69287E-01
  7.63672E-01  8.62592E-01
  7.67578E-01  8.55884E-01
  7.71484E-01  8.49166E-01
  7.75391E-01  8.42434E-01
  7.79297E-01  8.35689E-01
  7.83203E-01  8.28933E-01
  7.87109E-01  8.22172E-01
  7.91016E-01  8.15401E-01
  7.94922E-01  8.08623E-01
  7.98828E-01  8.01840E-01
  8.02734E-01  7.95049E-01
  8.06641E-01  7.88255E-01
  8.10547E-01  7.81461E-01
  8.14453E-01  7.74662E-01
  8.18359E-01  7.67863E-01
  8.22266E-01  7.61064E-01
  8.26172E-01  7.54267E-01
  8.30078E-01  7.47471E-01
  8.33984E-01  7.40684E-01
  8.37891E-01  7.33904E-01
  8.41797E-01  7.27132E-01
  8.45703E-01  7.20368E-01
  8.49609E-01  7.13616E-01
  8.53516E-01  7.06879E-01
  8.57422E-01  7.00157E-01
  8.61328E-01  6.93457E-01
  8.65234E-01  6.86776E-01
  8.69141E-01  6.80119E-01
  8.73047E-01  6.73495E-01
  8.76953E-01  6.66898E-01
  8.80859E-01  6.60337E-01
  8.84766E-01  6.53813E-01
  8.88672E-01  6.47326E-01
  8.92578E-01  6.40882E-01
  8.96484E-01  6.34479E-01
  9.00391E-01  6.28126E-01
  9.04297E-01  6.21831E-01
  9.08203E-01  6.15597E-01
  9.12109E-01  6.09427E-01
  9.16016E-01  6.03320E-01
  9.19922E-01  5.97285E-01
  9.23828E-01  5.91328E-01
  9.27734E-01  5.85449E-01
  9.31641E-01  5.79660E-01
  9.35547E-01  5.73962E-01
  9.39453E-01  5.68361E-01
  9.43359E-01  5.62867E-01
  9.47266E-01  5.57479E-01
  9.51172E-01  5.52214E-01
  9.55078E-01  5.47068E-01
  9.58984E-01  5.42055E-01
  9.62891E-01  5.37175E-01
  9.66797E-01  5.32436E-01
  9.70703E-01  5.27849E-01
  9.74609E-01  5.23422E-01
  9.78516E-01  5.19163E-01
  9.82422E-01  5.15080E-01
  9.86328E-01  5.11181E-01
  9.90234E-01  5.07464E-01
  9.94141E-01  5.03936E-01
  9.98047E-01  5.00595E-01
  1.00195E+00  5.00601E-01
