 -1.95312E-03  1.82552E+00
  1.95312E-03  1.82574E+00
  5.85938E-03  1.82162E+00
  9.76562E-03  1.81824E+00
  1.36719E-02  1.81497E+00
  1.75781E-02  1.81172E+00
  2.14844E-02  1.80847E+00
  2.53906E-02  1.80522E+00
  2.92969E-02  1.80195E+00
  3.32031E-02  1.79867E+00
  3.71094E-02  1.79537E+00
  4.10156E-02  1.79206E+00
  4.49219E-02  1.78872E+00
  4.88281E-02  1.78538E+00
  5.27344E-02  1.78201E+00
  5.66406E-02  1.77863E+00
  6.05469E-02  1.77523E+00
  6.44531E-02  1.77181E+00
  6.83594E-02  1.76838E+00
  7.22656E-02  1.76493E+00
  7.61719E-02  1.76146E+00
  8.00781E-02  1.75797E+00
  8.39844E-02  1.75446E+00
  8.78906E-02  1.75094E+00
  9.17969E-02  1.74740E+00
  9.57031E-02  1.74384E+00
  9.96094E-02  1.74026E+00
  1.03516E-01  1.73667E+00
  1.07422E-01  1.73305E+00
  1.11328E-01  1.72942E+00
  1.15234E-01  1.72578E+00
  1.19141E-01  1.72211E+00
  1.23047E-01  1.71842E+00
  1.26953E-01  1.71472E+00
  1.30859E-01  1.71100E+00
  1.34766E-01  1.70727E+00
  1.38672E-01  1.70351E+00
  1.42578E-01  1.69974E+00
  1.46484E-01  1.69595E+00
  1.50391E-01  1.69214E+00
  1.54297E-01  1.68831E+00
  1.58203E-01  1.68446E+00
  1.62109E-01  1.68060E+00
  1.66016E-01  1.67672E+00
  1.69922E-01  1.67282E+00
  1.73828E-01  1.66890E+00
  1.77734E-01  1.66497E+00
  1.81641E-01  1.66101E+00
  1.85547E-01  1.65704E+00
  1.89453E-01  1.65305E+00
  1.93359E-01  1.64905E+00
  1.97266E-01  1.64502E+00
  2.01172E-01  1.64098E+00
  2.05078E-01  1.63692E+00
  2.08984E-01  1.63284E+00
  2.12891E-01  1.62874E+00
  2.16797E-01  1.62462E+00
  2.20703E-01  1.62049E+00
  2.24609E-01  1.61634E+00
  2.28516E-01  1.61216E+00
  2.32422E-01  1.60798E+00
  2.36328E-01  1.60377E+00
  2.40234E-01  1.59954E+00
  2.44141E-01  1.59530E+00
  2.48047E-01  1.59104E+00
  2.51953E-01  1.58676E+00
  2.55859E-01  1.58246E+00
  2.59766E-01  1.57814E+00
  2.63672E-01  1.57381E+00
  2.67578E-01  1.56946E+00
  2.71484E-01  1.56509E+00
  2.75391E-01  1.56070E+00
  2.79297E-01  1.55629E+00
  2.83203E-01  1.55186E+00
  2.87109E-01  1.54742E+00
  2.91016E-01  1.54296E+00
  2.94922E-01  1.53848E+00
  2.98828E-01  1.53398E+00
  3.02734E-01  1.52946E+00
  3.06641E-01  1.52493E+00
  3.10547E-01  1.52038E+00
  3.14453E-01  1.51580E+00
  3.18359E-01  1.51122E+00
  3.22266E-01  1.50661E+00
  3.26172E-01  1.50198E+00
  3.30078E-01  1.49734E+00
  3.33984E-01  1.49267E+00
  3.37891E-01  1.48799E+00
  3.41797E-01  1.48329E+00
  3.45703E-01  1.47857E+00
  3.49609E-01  1.47383E+00
  3.53516E-01  1.46907E+00
  3.57422E-01  1.46430E+00
  3.61328E-01  1.45950E+00
  3.65234E-01  1.45469E+00
  3.69141E-01  1.44986E+00
  3.73047E-01  1.44501E+00
  3.76953E-01  1.44014E+00
  3.80859E-01  1.43525E+00
  3.84766E-01  1.43034E+00
  3.88672E-01  1.42542E+00
  3.92578E-01  1.42048E+00
  3.96484E-01  1.41551E+00
  4.00391E-01  1.41053E+00
  4.04297E-01  1.40553E+00
  4.08203E-01  1.40051E+00
  4.12109E-01  1.39547E+00
  4.16016E-01  1.39042E+00
  4.19922E-01  1.38534E+00
  4.23828E-01  1.38025E+00
  4.27734E-01  1.37513E+00
  4.31641E-01  1.37000E+00
  4.35547E-01  1.36484E+00
  4.39453E-01  1.35967E+00
  4.43359E-01  1.35448E+00
  4.47266E-01  1.34927E+00
  4.51172E-01  1.34404E+00
  4.55078E-01  1.33879E+00
  4.58984E-01  1.33352E+00
  4.62891E-01  1.32823E+00
  4.66797E-01  1.32292E+00
  4.70703E-01  1.31759E+00
  4.74609E-01  1.31224E+00
  4.78516E-01  1.30687E+00
  4.82422E-01  1.30148E+00
  4.86328E-01  1.29607E+00
  4.90234E-01  1.29065E+00
  4.94141E-01  1.28520E+00
  4.98047E-01  1.27973E+00
  5.01953E-01  1.27425E+00
  5.05859E-01  1.26874E+00
  5.09766E-01  1.26321E+00
  5.13672E-01  1.25767E+00
  5.17578E-01  1.25210E+00
  5.21484E-01  1.24651E+00
  5.25391E-01  1.24091E+00
  5.29297E-01  1.23528E+00
  5.33203E-01  1.22963E+00
  5.37109E-01  1.22397E+00
  5.41016E-01  1.21828E+00
  5.44922E-01  1.21258E+00
  5.48828E-01  1.20685E+00
  5.52734E-01  1.20110E+00
  5.56641E-01  1.19534E+00
  5.60547E-01  1.18955E+00
  5.64453E-01  1.18375E+00
  5.68359E-01  1.17792E+00
  5.72266E-01  1.17207E+00
  5.76172E-01  1.16621E+00
  5.80078E-01  1.16032E+00
  5.83984E-01  1.15441E+00
  5.87891E-01  1.14848E+00
  5.91797E-01  1.14253E+00
  5.95703E-01  1.13656E+00
  5.99609E-01  1.13057E+00
  6.03516E-01  1.12456E+00
  6.07422E-01  1.11852E+00
  6.11328E-01  1.11247E+00
  6.15234E-01  1.10640E+00
  6.19141E-01  1.10031E+00
  6.23047E-01  1.09420E+00
  6.26953E-01  1.08806E+00
  6.30859E-01  1.08191E+00
  6.34766E-01  1.07573E+00
  6.38672E-01  1.06954E+00
  6.42578E-01  1.06332E+00
  6.46484E-01  1.05708E+00
  6.50391E-01  1.05082E+00
  6.54297E-01  1.04454E+00
  6.58203E-01  1.03824E+00
  6.62109E-01  1.03191E+00
  6.66016E-01  1.02557E+00
  6.69922E-01  1.01920E+00
  6.73828E-01  1.01281E+00
  6.77734E-01  1.00640E+00
  6.81641E-01  9.99968E-01
  6.85547E-01  9.93514E-01
  6.89453E-01  9.87038E-01
  6.93359E-01  9.80541E-01
  6.97266E-01  9.74020E-01
  7.01172E-01  9.67480E-01
  7.05078E-01  9.60916E-01
  7.08984E-01  9.54333E-01
  7.12891E-01  9.47727E-01
  7.16797E-01  9.41099E-01
  7.20703E-01  9.34452E-01
  7.24609E-01  9.27783E-01
  7.28516E-01  9.21094E-01
  7.32422E-01  9.14386E-01
  7.36328E-01  9.07658E-01
  7.40234E-01  9.00907E-01
  7.44141E-01  8.94139E-01
  7.48047E-01  8.87352E-01
  7.51953E-01  8.80545E-01
  7.55859E-01  8.73717E-01
  7.59766E-01  8.66872E-01
  7.63672E-01  8.60009E-01
  7.67578E-01  8.53129E-01
  7.71484E-01  8.46232E-01
  7.75391E-01  8.39321E-01
  7.79297E-01  8.32392E-01
  7.83203E-01  8.25449E-01
  7.87109E-01  8.18492E-01
  7.91016E-01  8.11518E-01
  7.94922E-01  8.04529E-01
  7.98828E-01  7.97530E-01
  8.02734E-01  7.90519E-01
  8.06641E-01  7.83498E-01
  8.10547E-01  7.76470E-01
  8.14453E-01  7.69430E-01
  8.18359E-01  7.62381E-01
  8.22266E-01  7.55327E-01
  8.26172E-01  7.48264E-01
  8.30078E-01  7.41198E-01
  8.33984E-01  7.34128E-01
  8.37891E-01  7.27051E-01
  8.41797E-01  7.19973E-01
  8.45703E-01  7.12894E-01
  8.49609E-01  7.05814E-01
  8.53516E-01  6.98738E-01
  8.57422E-01  6.91670E-01
  8.61328E-01  6.84611E-01
  8.65234E-01  6.77565E-01
  8.69141E-01  6.70536E-01
  8.73047E-01  6.63525E-01
  8.76953E-01  6.56532E-01
  8.80859E-01  6.49565E-01
  8.84766E-01  6.42629E-01
  8.88672E-01  6.35726E-01
  8.92578E-01  6.28853E-01
  8.96484E-01  6.22018E-01
  9.00391E-01  6.15227E-01
  9.04297E-01  6.08482E-01
  9.08203E-01  6.01797E-01
  9.12109E-01  5.95175E-01
  9.16016E-01  5.88614E-01
  9.19922E-01  5.82117E-01
  9.23828E-01  5.75697E-01
  9.27734E-01  5.69368E-01
  9.31641E-01  5.63135E-01
  9.35547E-01  5.56995E-01
  9.39453E-01  5.50957E-01
  9.43359E-01  5.45036E-01
  9.47266E-01  5.39238E-01
  9.51172E-01  5.33568E-01
  9.55078E-01  5.28035E-01
  9.58984E-01  5.22644E-01
  9.62891E-01  5.17418E-01
  9.66797E-01  5.12362E-01
  9.70703E-01  5.07479E-01
  9.74609E-01  5.02774E-01
  9.78516E-01  4.98270E-01
  9.82422E-01  4.93970E-01
  9.86328E-01  4.89886E-01
  9.90234E-01  4.86028E-01
  9.94141E-01  4.82411E-01
  9.98047E-01  4.79031E-01
  1.00195E+00  4.79033E-01
