 -1.95312E-03  1.82574E+00
  1.95312E-03  1.82596E+00
  5.85938E-03  1.82184E+00
  9.76562E-03  1.81846E+00
  1.36719E-02  1.81519E+00
  1.75781E-02  1.81194E+00
  2.14844E-02  1.80870E+00
  2.53906E-02  1.80544E+00
  2.92969E-02  1.80217E+00
  3.32031E-02  1.79889E+00
  3.71094E-02  1.79559E+00
  4.10156E-02  1.79228E+00
  4.49219E-02  1.78895E+00
  4.88281E-02  1.78560E+00
  5.27344E-02  1.78224E+00
  5.66406E-02  1.77886E+00
  6.05469E-02  1.77546E+00
  6.44531E-02  1.77204E+00
  6.83594E-02  1.76860E+00
  7.22656E-02  1.76515E+00
  7.61719E-02  1.76168E+00
  8.00781E-02  1.75819E+00
  8.39844E-02  1.75469E+00
  8.78906E-02  1.75116E+00
  9.17969E-02  1.74762E+00
  9.57031E-02  1.74406E+00
  9.96094E-02  1.74048E+00
  1.03516E-01  1.73689E+00
  1.07422E-01  1.73328E+00
  1.11328E-01  1.72965E+00
  1.15234E-01  1.72600E+00
  1.19141E-01  1.72233E+00
  1.23047E-01  1.71865E+00
  1.26953E-01  1.71494E+00
  1.30859E-01  1.71122E+00
  1.34766E-01  1.70749E+00
  1.38672E-01  1.70373E+00
  1.42578E-01  1.69996E+00
  1.46484E-01  1.69617E+00
  1.50391E-01  1.69236E+00
  1.54297E-01  1.68853E+00
  1.58203E-01  1.68469E+00
  1.62109E-01  1.68082E+00
  1.66016E-01  1.67694E+00
  1.69922E-01  1.67304E+00
  1.73828E-01  1.66912E+00
  1.77734E-01  1.66519E+00
  1.81641E-01  1.66124E+00
  1.85547E-01  1.65727E+00
  1.89453E-01  1.65328E+00
  1.93359E-01  1.64927E+00
  1.97266E-01  1.64524E+00
  2.01172E-01  1.64120E+00
  2.05078E-01  1.63714E+00
  2.08984E-01  1.63306E+00
  2.12891E-01  1.62896E+00
  2.16797E-01  1.62484E+00
  2.20703E-01  1.62071E+00
  2.24609E-01  1.61656E+00
  2.28516E-01  1.61238E+00
  2.32422E-01  1.60819E+00
  2.36328E-01  1.60399E+00
  2.40234E-01  1.59976E+00
  2.44141E-01  1.59552E+00
  2.48047E-01  1.59126E+00
  2.51953E-01  1.58698E+00
  2.55859E-01  1.58268E+00
  2.59766E-01  1.57836E+00
  2.63672E-01  1.57403E+00
  2.67578E-01  1.56968E+00
  2.71484E-01  1.56530E+00
  2.75391E-01  1.56091E+00
  2.79297E-01  1.55651E+00
  2.83203E-01  1.55208E+00
  2.87109E-01  1.54764E+00
  2.91016E-01  1.54317E+00
  2.94922E-01  1.53869E+00
  2.98828E-01  1.53419E+00
  3.02734E-01  1.52968E+00
  3.06641E-01  1.52514E+00
  3.10547E-01  1.52059E+00
  3.14453E-01  1.51602E+00
  3.18359E-01  1.51143E+00
  3.22266E-01  1.50682E+00
  3.26172E-01  1.50219E+00
  3.30078E-01  1.49755E+00
  3.33984E-01  1.49288E+00
  3.37891E-01  1.48820E+00
  3.41797E-01  1.48350E+00
  3.45703E-01  1.47878E+00
  3.49609E-01  1.47404E+00
  3.53516E-01  1.46928E+00
  3.57422E-01  1.46451E+00
  3.61328E-01  1.45971E+00
  3.65234E-01  1.45490E+00
  3.69141E-01  1.45007E+00
  3.73047E-01  1.44522E+00
  3.76953E-01  1.44035E+00
  3.80859E-01  1.43546E+00
  3.84766E-01  1.43055E+00
  3.88672E-01  1.42563E+00
  3.92578E-01  1.42068E+00
  3.96484E-01  1.41572E+00
  4.00391E-01  1.41074E+00
  4.04297E-01  1.40574E+00
  4.08203E-01  1.40072E+00
  4.12109E-01  1.39568E+00
  4.16016E-01  1.39062E+00
  4.19922E-01  1.38554E+00
  4.23828E-01  1.38045E+00
  4.27734E-01  1.37533E+00
  4.31641E-01  1.37020E+00
  4.35547E-01  1.36504E+00
  4.39453E-01  1.35987E+00
  4.43359E-01  1.35468E+00
  4.47266E-01  1.34946E+00
  4.51172E-01  1.34423E+00
  4.55078E-01  1.33898E+00
  4.58984E-01  1.33371E+00
  4.62891E-01  1.32842E+00
  4.66797E-01  1.32311E+00
  4.70703E-01  1.31777E+00
  4.74609E-01  1.31242E+00
  4.78516E-01  1.30705E+00
  4.82422E-01  1.30166E+00
  4.86328E-01  1.29625E+00
  4.90234E-01  1.29083E+00
  4.94141E-01  1.28538E+00
  4.98047E-01  1.27991E+00
  5.01953E-01  1.27442E+00
  5.05859E-01  1.26891E+00
  5.09766E-01  1.26338E+00
  5.13672E-01  1.25784E+00
  5.17578E-01  1.25227E+00
  5.21484E-01  1.24668E+00
  5.25391E-01  1.24107E+00
  5.29297E-01  1.23544E+00
  5.33203E-01  1.22979E+00
  5.37109E-01  1.22413E+00
  5.41016E-01  1.21844E+00
  5.44922E-01  1.21273E+00
  5.48828E-01  1.20700E+00
  5.52734E-01  1.20125E+00
  5.56641E-01  1.19548E+00
  5.60547E-01  1.18969E+00
  5.64453E-01  1.18389E+00
  5.68359E-01  1.17806E+00
  5.72266E-01  1.17220E+00
  5.76172E-01  1.16633E+00
  5.80078E-01  1.16044E+00
  5.83984E-01  1.15452E+00
  5.87891E-01  1.14858E+00
  5.91797E-01  1.14263E+00
  5.95703E-01  1.13665E+00
  5.99609E-01  1.13065E+00
  6.03516E-01  1.12464E+00
  6.07422E-01  1.11860E+00
  6.11328E-01  1.11254E+00
  6.15234E-01  1.10646E+00
  6.19141E-01  1.10036E+00
  6.23047E-01  1.09424E+00
  6.26953E-01  1.08810E+00
  6.30859E-01  1.08194E+00
  6.34766E-01  1.07575E+00
  6.38672E-01  1.06955E+00
  6.42578E-01  1.06332E+00
  6.46484E-01  1.05707E+00
  6.50391E-01  1.05080E+00
  6.54297E-01  1.04451E+00
  6.58203E-01  1.03820E+00
  6.62109E-01  1.03186E+00
  6.66016E-01  1.02550E+00
  6.69922E-01  1.01912E+00
  6.73828E-01  1.01272E+00
  6.77734E-01  1.00630E+00
  6.81641E-01  9.99855E-01
  6.85547E-01  9.93386E-01
  6.89453E-01  9.86896E-01
  6.93359E-01  9.80383E-01
  6.97266E-01  9.73847E-01
  7.01172E-01  9.67288E-01
  7.05078E-01  9.60707E-01
  7.08984E-01  9.54106E-01
  7.12891E-01  9.47485E-01
  7.16797E-01  9.40840E-01
  7.20703E-01  9.34175E-01
  7.24609E-01  9.27489E-01
  7.28516E-01  9.20783E-01
  7.32422E-01  9.14056E-01
  7.36328E-01  9.07308E-01
  7.40234E-01  9.00540E-01
  7.44141E-01  8.93751E-01
  7.48047E-01  8.86942E-01
  7.51953E-01  8.80114E-01
  7.55859E-01  8.73266E-01
  7.59766E-01  8.66399E-01
  7.63672E-01  8.59513E-01
  7.67578E-01  8.52608E-01
  7.71484E-01  8.45686E-01
  7.75391E-01  8.38748E-01
  7.79297E-01  8.31792E-01
  7.83203E-01  8.24821E-01
  7.87109E-01  8.17836E-01
  7.91016E-01  8.10833E-01
  7.94922E-01  8.03817E-01
  7.98828E-01  7.96787E-01
  8.02734E-01  7.89747E-01
  8.06641E-01  7.82692E-01
  8.10547E-01  7.75627E-01
  8.14453E-01  7.68555E-01
  8.18359E-01  7.61472E-01
  8.22266E-01  7.54382E-01
  8.26172E-01  7.47286E-01
  8.30078E-01  7.40181E-01
  8.33984E-01  7.33071E-01
  8.37891E-01  7.25958E-01
  8.41797E-01  7.18843E-01
  8.45703E-01  7.11731E-01
  8.49609E-01  7.04622E-01
  8.53516E-01  6.97513E-01
  8.57422E-01  6.90413E-01
  8.61328E-01  6.83319E-01
  8.65234E-01  6.76234E-01
  8.69141E-01  6.69163E-01
  8.73047E-01  6.62106E-01
  8.76953E-01  6.55070E-01
  8.80859E-01  6.48058E-01
  8.84766E-01  6.41076E-01
  8.88672E-01  6.34127E-01
  8.92578E-01  6.27210E-01
  8.96484E-01  6.20333E-01
  9.00391E-01  6.13502E-01
  9.04297E-01  6.06716E-01
  9.08203E-01  5.99984E-01
  9.12109E-01  5.93309E-01
  9.16016E-01  5.86693E-01
  9.19922E-01  5.80143E-01
  9.23828E-01  5.73671E-01
  9.27734E-01  5.67291E-01
  9.31641E-01  5.60997E-01
  9.35547E-01  5.54805E-01
  9.39453E-01  5.48715E-01
  9.43359E-01  5.42735E-01
  9.47266E-01  5.36876E-01
  9.51172E-01  5.31146E-01
  9.55078E-01  5.25559E-01
  9.58984E-01  5.20126E-01
  9.62891E-01  5.14855E-01
  9.66797E-01  5.09742E-01
  9.70703E-01  5.04807E-01
  9.74609E-01  5.00063E-01
  9.78516E-01  4.95524E-01
  9.82422E-01  4.91197E-01
  9.86328E-01  4.87085E-01
  9.90234E-01  4.83204E-01
  9.94141E-01  4.79570E-01
  9.98047E-01  4.76182E-01
  1.00195E+00  4.76184E-01
