 -1.95312E-03  1.80822E+00
  1.95312E-03  1.80822E+00
  5.85938E-03  1.80403E+00
  9.76562E-03  1.80066E+00
  1.36719E-02  1.79739E+00
  1.75781E-02  1.79414E+00
  2.14844E-02  1.79089E+00
  2.53906E-02  1.78764E+00
  2.92969E-02  1.78437E+00
  3.32031E-02  1.78109E+00
  3.71094E-02  1.77779E+00
  4.10156E-02  1.77447E+00
  4.49219E-02  1.77114E+00
  4.88281E-02  1.76780E+00
  5.27344E-02  1.76443E+00
  5.66406E-02  1.76105E+00
  6.05469E-02  1.75765E+00
  6.44531E-02  1.75423E+00
  6.83594E-02  1.75080E+00
  7.22656E-02  1.74735E+00
  7.61719E-02  1.74388E+00
  8.00781E-02  1.74039E+00
  8.39844E-02  1.73688E+00
  8.78906E-02  1.73336E+00
  9.17969E-02  1.72982E+00
  9.57031E-02  1.72626E+00
  9.96094E-02  1.72269E+00
  1.03516E-01  1.71909E+00
  1.07422E-01  1.71548E+00
  1.11328E-01  1.71185E+00
  1.15234E-01  1.70821E+00
  1.19141E-01  1.70454E+00
  1.23047E-01  1.70086E+00
  1.26953E-01  1.69716E+00
  1.30859E-01  1.69344E+00
  1.34766E-01  1.68971E+00
  1.38672E-01  1.68595E+00
  1.42578E-01  1.68218E+00
  1.46484E-01  1.67839E+00
  1.50391E-01  1.67459E+00
  1.54297E-01  1.67076E+00
  1.58203E-01  1.66692E+00
  1.62109E-01  1.66306E+00
  1.66016E-01  1.65918E+00
  1.69922E-01  1.65529E+00
  1.73828E-01  1.65138E+00
  1.77734E-01  1.64745E+00
  1.81641E-01  1.64350E+00
  1.85547E-01  1.63953E+00
  1.89453E-01  1.63555E+00
  1.93359E-01  1.63155E+00
  1.97266E-01  1.62753E+00
  2.01172E-01  1.62349E+00
  2.05078E-01  1.61944E+00
  2.08984E-01  1.61537E+00
  2.12891E-01  1.61128E+00
  2.16797E-01  1.60717E+00
  2.20703E-01  1.60304E+00
  2.24609E-01  1.59890E+00
  2.28516E-01  1.59474E+00
  2.32422E-01  1.59056E+00
  2.36328E-01  1.58637E+00
  2.40234E-01  1.58215E+00
  2.44141E-01  1.57792E+00
  2.48047E-01  1.57367E+00
  2.51953E-01  1.56941E+00
  2.55859E-01  1.56512E+00
  2.59766E-01  1.56082E+00
  2.63672E-01  1.55650E+00
  2.67578E-01  1.55216E+00
  2.71484E-01  1.54781E+00
  2.75391E-01  1.54343E+00
  2.79297E-01  1.53904E+00
  2.83203E-01  1.53464E+00
  2.87109E-01  1.53021E+00
  2.91016E-01  1.52577E+00
  2.94922E-01  1.52130E+00
  2.98828E-01  1.51683E+00
  3.02734E-01  1.51233E+00
  3.06641E-01  1.50781E+00
  3.10547E-01  1.50328E+00
  3.14453E-01  1.49873E+00
  3.18359E-01  1.49416E+00
  3.22266E-01  1.48958E+00
  3.26172E-01  1.48497E+00
  3.30078E-01  1.48035E+00
  3.33984E-01  1.47571E+00
  3.37891E-01  1.47106E+00
  3.41797E-01  1.46638E+00
  3.45703E-01  1.46169E+00
  3.49609E-01  1.45698E+00
  3.53516E-01  1.45225E+00
  3.57422E-01  1.44751E+00
  3.61328E-01  1.44274E+00
  3.65234E-01  1.43796E+00
  3.69141E-01  1.43316E+00
  3.73047E-01  1.42835E+00
  3.76953E-01  1.42351E+00
  3.80859E-01  1.41866E+00
  3.84766E-01  1.41379E+00
  3.88672E-01  1.40890E+00
  3.92578E-01  1.40400E+00
  3.96484E-01  1.39907E+00
  4.00391E-01  1.39413E+00
  4.04297E-01  1.38917E+00
  4.08203E-01  1.38419E+00
  4.12109E-01  1.37919E+00
  4.16016E-01  1.37418E+00
  4.19922E-01  1.36915E+00
  4.23828E-01  1.36410E+00
  4.27734E-01  1.35903E+00
  4.31641E-01  1.35394E+00
  4.35547E-01  1.34884E+00
  4.39453E-01  1.34372E+00
  4.43359E-01  1.33858E+00
  4.47266E-01  1.33342E+00
  4.51172E-01  1.32825E+00
  4.55078E-01  1.32305E+00
  4.58984E-01  1.31784E+00
  4.62891E-01  1.31261E+00
  4.66797E-01  1.30737E+00
  4.70703E-01  1.30210E+00
  4.74609E-01  1.29682E+00
  4.78516E-01  1.29152E+00
  4.82422E-01  1.28620E+00
  4.86328E-01  1.28087E+00
  4.90234E-01  1.27551E+00
  4.94141E-01  1.27014E+00
  4.98047E-01  1.26475E+00
  5.01953E-01  1.25935E+00
  5.05859E-01  1.25392E+00
  5.09766E-01  1.24848E+00
  5.13672E-01  1.24302E+00
  5.17578E-01  1.23755E+00
  5.21484E-01  1.23205E+00
  5.25391E-01  1.22654E+00
  5.29297E-01  1.22102E+00
  5.33203E-01  1.21547E+00
  5.37109E-01  1.20991E+00
  5.41016E-01  1.20433E+00
  5.44922E-01  1.19873E+00
  5.48828E-01  1.19312E+00
  5.52734E-01  1.18749E+00
  5.56641E-01  1.18184E+00
  5.60547E-01  1.17618E+00
  5.64453E-01  1.17050E+00
  5.68359E-01  1.16480E+00
  5.72266E-01  1.15908E+00
  5.76172E-01  1.15336E+00
  5.80078E-01  1.14761E+00
  5.83984E-01  1.14185E+00
  5.87891E-01  1.13607E+00
  5.91797E-01  1.13028E+00
  5.95703E-01  1.12446E+00
  5.99609E-01  1.11864E+00
  6.03516E-01  1.11280E+00
  6.07422E-01  1.10694E+00
  6.11328E-01  1.10106E+00
  6.15234E-01  1.09517E+00
  6.19141E-01  1.08927E+00
  6.23047E-01  1.08334E+00
  6.26953E-01  1.07741E+00
  6.30859E-01  1.07146E+00
  6.34766E-01  1.06549E+00
  6.38672E-01  1.05951E+00
  6.42578E-01  1.05351E+00
  6.46484E-01  1.04750E+00
  6.50391E-01  1.04148E+00
  6.54297E-01  1.03544E+00
  6.58203E-01  1.02938E+00
  6.62109E-01  1.02331E+00
  6.66016E-01  1.01723E+00
  6.69922E-01  1.01113E+00
  6.73828E-01  1.00502E+00
  6.77734E-01  9.98904E-01
  6.81641E-01  9.92771E-01
  6.85547E-01  9.86627E-01
  6.89453E-01  9.80473E-01
  6.93359E-01  9.74307E-01
  6.97266E-01  9.68130E-01
  7.01172E-01  9.61942E-01
  7.05078E-01  9.55744E-01
  7.08984E-01  9.49536E-01
  7.12891E-01  9.43320E-01
  7.16797E-01  9.37096E-01
  7.20703E-01  9.30863E-01
  7.24609E-01  9.24622E-01
  7.28516E-01  9.18373E-01
  7.32422E-01  9.12117E-01
  7.36328E-01  9.05857E-01
  7.40234E-01  8.99591E-01
  7.44141E-01  8.93320E-01
  7.48047E-01  8.87044E-01
  7.51953E-01  8.80765E-01
  7.55859E-01  8.74482E-01
  7.59766E-01  8.68195E-01
  7.63672E-01  8.61908E-01
  7.67578E-01  8.55619E-01
  7.71484E-01  8.49330E-01
  7.75391E-01  8.43041E-01
  7.79297E-01  8.36755E-01
  7.83203E-01  8.30470E-01
  7.87109E-01  8.24189E-01
  7.91016E-01  8.17913E-01
  7.94922E-01  8.11642E-01
  7.98828E-01  8.05379E-01
  8.02734E-01  7.99122E-01
  8.06641E-01  7.92875E-01
  8.10547E-01  7.86636E-01
  8.14453E-01  7.80409E-01
  8.18359E-01  7.74195E-01
  8.22266E-01  7.67998E-01
  8.26172E-01  7.61815E-01
  8.30078E-01  7.55649E-01
  8.33984E-01  7.49503E-01
  8.37891E-01  7.43375E-01
  8.41797E-01  7.37269E-01
  8.45703E-01  7.31186E-01
  8.49609E-01  7.25127E-01
  8.53516E-01  7.19093E-01
  8.57422E-01  7.13088E-01
  8.61328E-01  7.07113E-01
  8.65234E-01  7.01168E-01
  8.69141E-01  6.95258E-01
  8.73047E-01  6.89383E-01
  8.76953E-01  6.83547E-01
  8.80859E-01  6.77752E-01
  8.84766E-01  6.71998E-01
  8.88672E-01  6.66290E-01
  8.92578E-01  6.60633E-01
  8.96484E-01  6.55025E-01
  9.00391E-01  6.49471E-01
  9.04297E-01  6.43973E-01
  9.08203E-01  6.38527E-01
  9.12109E-01  6.33137E-01
  9.16016E-01  6.27813E-01
  9.19922E-01  6.22552E-01
  9.23828E-01  6.17359E-01
  9.27734E-01  6.12239E-01
  9.31641E-01  6.07191E-01
  9.35547E-01  6.02224E-01
  9.39453E-01  5.97342E-01
  9.43359E-01  5.92538E-01
  9.47266E-01  5.87820E-01
  9.51172E-01  5.83190E-01
  9.55078E-01  5.78651E-01
  9.58984E-01  5.74207E-01
  9.62891E-01  5.69867E-01
  9.66797E-01  5.65630E-01
  9.70703E-01  5.61498E-01
  9.74609E-01  5.57485E-01
  9.78516E-01  5.53589E-01
  9.82422E-01  5.49817E-01
  9.86328E-01  5.46169E-01
  9.90234E-01  5.42641E-01
  9.94141E-01  5.39243E-01
  9.98047E-01  5.35963E-01
  1.00195E+00  5.35963E-01
