 -1.95312E-03  1.82582E+00
  1.95312E-03  1.82604E+00
  5.85938E-03  1.82192E+00
  9.76562E-03  1.81854E+00
  1.36719E-02  1.81527E+00
  1.75781E-02  1.81202E+00
  2.14844E-02  1.80877E+00
  2.53906E-02  1.80552E+00
  2.92969E-02  1.80225E+00
  3.32031E-02  1.79897E+00
  3.71094E-02  1.79567E+00
  4.10156E-02  1.79236E+00
  4.49219E-02  1.78903E+00
  4.88281E-02  1.78568E+00
  5.27344E-02  1.78231E+00
  5.66406E-02  1.77893E+00
  6.05469E-02  1.77553E+00
  6.44531E-02  1.77211E+00
  6.83594E-02  1.76868E+00
  7.22656E-02  1.76523E+00
  7.61719E-02  1.76176E+00
  8.00781E-02  1.75827E+00
  8.39844E-02  1.75476E+00
  8.78906E-02  1.75124E+00
  9.17969E-02  1.74770E+00
  9.57031E-02  1.74414E+00
  9.96094E-02  1.74056E+00
  1.03516E-01  1.73697E+00
  1.07422E-01  1.73336E+00
  1.11328E-01  1.72973E+00
  1.15234E-01  1.72608E+00
  1.19141E-01  1.72241E+00
  1.23047E-01  1.71873E+00
  1.26953E-01  1.71503E+00
  1.30859E-01  1.71131E+00
  1.34766E-01  1.70757E+00
  1.38672E-01  1.70381E+00
  1.42578E-01  1.70004E+00
  1.46484E-01  1.69625E+00
  1.50391E-01  1.69244E+00
  1.54297E-01  1.68861E+00
  1.58203E-01  1.68477E+00
  1.62109E-01  1.68090E+00
  1.66016E-01  1.67702E+00
  1.69922E-01  1.67312E+00
  1.73828E-01  1.66920E+00
  1.77734E-01  1.66527E+00
  1.81641E-01  1.66132E+00
  1.85547E-01  1.65735E+00
  1.89453E-01  1.65336E+00
  1.93359E-01  1.64935E+00
  1.97266E-01  1.64532E+00
  2.01172E-01  1.64128E+00
  2.05078E-01  1.63722E+00
  2.08984E-01  1.63313E+00
  2.12891E-01  1.62904E+00
  2.16797E-01  1.62492E+00
  2.20703E-01  1.62079E+00
  2.24609E-01  1.61663E+00
  2.28516E-01  1.61246E+00
  2.32422E-01  1.60827E+00
  2.36328E-01  1.60407E+00
  2.40234E-01  1.59984E+00
  2.44141E-01  1.59560E+00
  2.48047E-01  1.59133E+00
  2.51953E-01  1.58705E+00
  2.55859E-01  1.58276E+00
  2.59766E-01  1.57844E+00
  2.63672E-01  1.57410E+00
  2.67578E-01  1.56975E+00
  2.71484E-01  1.56538E+00
  2.75391E-01  1.56099E+00
  2.79297E-01  1.55658E+00
  2.83203E-01  1.55216E+00
  2.87109E-01  1.54771E+00
  2.91016E-01  1.54325E+00
  2.94922E-01  1.53877E+00
  2.98828E-01  1.53427E+00
  3.02734E-01  1.52975E+00
  3.06641E-01  1.52522E+00
  3.10547E-01  1.52066E+00
  3.14453E-01  1.51609E+00
  3.18359E-01  1.51150E+00
  3.22266E-01  1.50690E+00
  3.26172E-01  1.50227E+00
  3.30078E-01  1.49762E+00
  3.33984E-01  1.49296E+00
  3.37891E-01  1.48828E+00
  3.41797E-01  1.48357E+00
  3.45703E-01  1.47885E+00
  3.49609E-01  1.47412E+00
  3.53516E-01  1.46936E+00
  3.57422E-01  1.46458E+00
  3.61328E-01  1.45979E+00
  3.65234E-01  1.45498E+00
  3.69141E-01  1.45014E+00
  3.73047E-01  1.44529E+00
  3.76953E-01  1.44042E+00
  3.80859E-01  1.43553E+00
  3.84766E-01  1.43063E+00
  3.88672E-01  1.42570E+00
  3.92578E-01  1.42076E+00
  3.96484E-01  1.41579E+00
  4.00391E-01  1.41081E+00
  4.04297E-01  1.40581E+00
  4.08203E-01  1.40079E+00
  4.12109E-01  1.39575E+00
  4.16016E-01  1.39069E+00
  4.19922E-01  1.38561E+00
  4.23828E-01  1.38051E+00
  4.27734E-01  1.37540E+00
  4.31641E-01  1.37026E+00
  4.35547E-01  1.36511E+00
  4.39453E-01  1.35993E+00
  4.43359E-01  1.35474E+00
  4.47266E-01  1.34952E+00
  4.51172E-01  1.34429E+00
  4.55078E-01  1.33904E+00
  4.58984E-01  1.33377E+00
  4.62891E-01  1.32848E+00
  4.66797E-01  1.32317E+00
  4.70703E-01  1.31783E+00
  4.74609E-01  1.31248E+00
  4.78516E-01  1.30711E+00
  4.82422E-01  1.30172E+00
  4.86328E-01  1.29631E+00
  4.90234E-01  1.29088E+00
  4.94141E-01  1.28543E+00
  4.98047E-01  1.27996E+00
  5.01953E-01  1.27447E+00
  5.05859E-01  1.26897E+00
  5.09766E-01  1.26344E+00
  5.13672E-01  1.25789E+00
  5.17578E-01  1.25232E+00
  5.21484E-01  1.24673E+00
  5.25391E-01  1.24112E+00
  5.29297E-01  1.23550E+00
  5.33203E-01  1.22985E+00
  5.37109E-01  1.22418E+00
  5.41016E-01  1.21849E+00
  5.44922E-01  1.21278E+00
  5.48828E-01  1.20705E+00
  5.52734E-01  1.20130E+00
  5.56641E-01  1.19553E+00
  5.60547E-01  1.18974E+00
  5.64453E-01  1.18393E+00
  5.68359E-01  1.17809E+00
  5.72266E-01  1.17224E+00
  5.76172E-01  1.16637E+00
  5.80078E-01  1.16047E+00
  5.83984E-01  1.15455E+00
  5.87891E-01  1.14862E+00
  5.91797E-01  1.14266E+00
  5.95703E-01  1.13668E+00
  5.99609E-01  1.13068E+00
  6.03516E-01  1.12466E+00
  6.07422E-01  1.11862E+00
  6.11328E-01  1.11256E+00
  6.15234E-01  1.10648E+00
  6.19141E-01  1.10038E+00
  6.23047E-01  1.09425E+00
  6.26953E-01  1.08811E+00
  6.30859E-01  1.08194E+00
  6.34766E-01  1.07576E+00
  6.38672E-01  1.06955E+00
  6.42578E-01  1.06332E+00
  6.46484E-01  1.05707E+00
  6.50391E-01  1.05079E+00
  6.54297E-01  1.04450E+00
  6.58203E-01  1.03818E+00
  6.62109E-01  1.03184E+00
  6.66016E-01  1.02548E+00
  6.69922E-01  1.01909E+00
  6.73828E-01  1.01269E+00
  6.77734E-01  1.00626E+00
  6.81641E-01  9.99812E-01
  6.85547E-01  9.93340E-01
  6.89453E-01  9.86845E-01
  6.93359E-01  9.80327E-01
  6.97266E-01  9.73785E-01
  7.01172E-01  9.67222E-01
  7.05078E-01  9.60636E-01
  7.08984E-01  9.54030E-01
  7.12891E-01  9.47404E-01
  7.16797E-01  9.40756E-01
  7.20703E-01  9.34087E-01
  7.24609E-01  9.27396E-01
  7.28516E-01  9.20685E-01
  7.32422E-01  9.13953E-01
  7.36328E-01  9.07201E-01
  7.40234E-01  9.00427E-01
  7.44141E-01  8.93633E-01
  7.48047E-01  8.86816E-01
  7.51953E-01  8.79980E-01
  7.55859E-01  8.73123E-01
  7.59766E-01  8.66249E-01
  7.63672E-01  8.59353E-01
  7.67578E-01  8.52441E-01
  7.71484E-01  8.45512E-01
  7.75391E-01  8.38566E-01
  7.79297E-01  8.31602E-01
  7.83203E-01  8.24623E-01
  7.87109E-01  8.17627E-01
  7.91016E-01  8.10616E-01
  7.94922E-01  8.03590E-01
  7.98828E-01  7.96549E-01
  8.02734E-01  7.89496E-01
  8.06641E-01  7.82431E-01
  8.10547E-01  7.75355E-01
  8.14453E-01  7.68272E-01
  8.18359E-01  7.61176E-01
  8.22266E-01  7.54073E-01
  8.26172E-01  7.46963E-01
  8.30078E-01  7.39847E-01
  8.33984E-01  7.32725E-01
  8.37891E-01  7.25601E-01
  8.41797E-01  7.18472E-01
  8.45703E-01  7.11343E-01
  8.49609E-01  7.04213E-01
  8.53516E-01  6.97089E-01
  8.57422E-01  6.89971E-01
  8.61328E-01  6.82856E-01
  8.65234E-01  6.75751E-01
  8.69141E-01  6.68658E-01
  8.73047E-01  6.61576E-01
  8.76953E-01  6.54514E-01
  8.80859E-01  6.47479E-01
  8.84766E-01  6.40476E-01
  8.88672E-01  6.33508E-01
  8.92578E-01  6.26570E-01
  8.96484E-01  6.19670E-01
  9.00391E-01  6.12814E-01
  9.04297E-01  6.06010E-01
  9.08203E-01  5.99259E-01
  9.12109E-01  5.92570E-01
  9.16016E-01  5.85944E-01
  9.19922E-01  5.79381E-01
  9.23828E-01  5.72893E-01
  9.27734E-01  5.66494E-01
  9.31641E-01  5.60183E-01
  9.35547E-01  5.53965E-01
  9.39453E-01  5.47854E-01
  9.43359E-01  5.41858E-01
  9.47266E-01  5.35987E-01
  9.51172E-01  5.30240E-01
  9.55078E-01  5.24639E-01
  9.58984E-01  5.19186E-01
  9.62891E-01  5.13896E-01
  9.66797E-01  5.08766E-01
  9.70703E-01  5.03817E-01
  9.74609E-01  4.99053E-01
  9.78516E-01  4.94497E-01
  9.82422E-01  4.90154E-01
  9.86328E-01  4.86032E-01
  9.90234E-01  4.82140E-01
  9.94141E-01  4.78501E-01
  9.98047E-01  4.75104E-01
  1.00195E+00  4.75106E-01
