 -1.95312E-03  1.81311E+00
  1.95312E-03  1.81365E+00
  5.85938E-03  1.80957E+00
  9.76562E-03  1.80619E+00
  1.36719E-02  1.80291E+00
  1.75781E-02  1.79967E+00
  2.14844E-02  1.79642E+00
  2.53906E-02  1.79316E+00
  2.92969E-02  1.78989E+00
  3.32031E-02  1.78661E+00
  3.71094E-02  1.78331E+00
  4.10156E-02  1.78000E+00
  4.49219E-02  1.77667E+00
  4.88281E-02  1.77332E+00
  5.27344E-02  1.76996E+00
  5.66406E-02  1.76657E+00
  6.05469E-02  1.76317E+00
  6.44531E-02  1.75976E+00
  6.83594E-02  1.75632E+00
  7.22656E-02  1.75287E+00
  7.61719E-02  1.74940E+00
  8.00781E-02  1.74591E+00
  8.39844E-02  1.74241E+00
  8.78906E-02  1.73888E+00
  9.17969E-02  1.73534E+00
  9.57031E-02  1.73178E+00
  9.96094E-02  1.72821E+00
  1.03516E-01  1.72461E+00
  1.07422E-01  1.72100E+00
  1.11328E-01  1.71737E+00
  1.15234E-01  1.71372E+00
  1.19141E-01  1.71006E+00
  1.23047E-01  1.70638E+00
  1.26953E-01  1.70267E+00
  1.30859E-01  1.69896E+00
  1.34766E-01  1.69522E+00
  1.38672E-01  1.69147E+00
  1.42578E-01  1.68769E+00
  1.46484E-01  1.68390E+00
  1.50391E-01  1.68010E+00
  1.54297E-01  1.67627E+00
  1.58203E-01  1.67243E+00
  1.62109E-01  1.66857E+00
  1.66016E-01  1.66469E+00
  1.69922E-01  1.66080E+00
  1.73828E-01  1.65688E+00
  1.77734E-01  1.65295E+00
  1.81641E-01  1.64900E+00
  1.85547E-01  1.64504E+00
  1.89453E-01  1.64105E+00
  1.93359E-01  1.63705E+00
  1.97266E-01  1.63303E+00
  2.01172E-01  1.62899E+00
  2.05078E-01  1.62494E+00
  2.08984E-01  1.62087E+00
  2.12891E-01  1.61678E+00
  2.16797E-01  1.61267E+00
  2.20703E-01  1.60854E+00
  2.24609E-01  1.60440E+00
  2.28516E-01  1.60024E+00
  2.32422E-01  1.59606E+00
  2.36328E-01  1.59186E+00
  2.40234E-01  1.58764E+00
  2.44141E-01  1.58341E+00
  2.48047E-01  1.57916E+00
  2.51953E-01  1.57489E+00
  2.55859E-01  1.57060E+00
  2.59766E-01  1.56630E+00
  2.63672E-01  1.56197E+00
  2.67578E-01  1.55763E+00
  2.71484E-01  1.55327E+00
  2.75391E-01  1.54890E+00
  2.79297E-01  1.54450E+00
  2.83203E-01  1.54009E+00
  2.87109E-01  1.53566E+00
  2.91016E-01  1.53121E+00
  2.94922E-01  1.52675E+00
  2.98828E-01  1.52226E+00
  3.02734E-01  1.51776E+00
  3.06641E-01  1.51324E+00
  3.10547E-01  1.50870E+00
  3.14453E-01  1.50415E+00
  3.18359E-01  1.49957E+00
  3.22266E-01  1.49498E+00
  3.26172E-01  1.49037E+00
  3.30078E-01  1.48575E+00
  3.33984E-01  1.48110E+00
  3.37891E-01  1.47644E+00
  3.41797E-01  1.47176E+00
  3.45703E-01  1.46706E+00
  3.49609E-01  1.46234E+00
  3.53516E-01  1.45761E+00
  3.57422E-01  1.45285E+00
  3.61328E-01  1.44808E+00
  3.65234E-01  1.44329E+00
  3.69141E-01  1.43848E+00
  3.73047E-01  1.43366E+00
  3.76953E-01  1.42881E+00
  3.80859E-01  1.42395E+00
  3.84766E-01  1.41907E+00
  3.88672E-01  1.41417E+00
  3.92578E-01  1.40925E+00
  3.96484E-01  1.40431E+00
  4.00391E-01  1.39936E+00
  4.04297E-01  1.39438E+00
  4.08203E-01  1.38939E+00
  4.12109E-01  1.38438E+00
  4.16016E-01  1.37935E+00
  4.19922E-01  1.37431E+00
  4.23828E-01  1.36924E+00
  4.27734E-01  1.36416E+00
  4.31641E-01  1.35906E+00
  4.35547E-01  1.35394E+00
  4.39453E-01  1.34880E+00
  4.43359E-01  1.34364E+00
  4.47266E-01  1.33847E+00
  4.51172E-01  1.33328E+00
  4.55078E-01  1.32807E+00
  4.58984E-01  1.32284E+00
  4.62891E-01  1.31759E+00
  4.66797E-01  1.31232E+00
  4.70703E-01  1.30703E+00
  4.74609E-01  1.30173E+00
  4.78516E-01  1.29641E+00
  4.82422E-01  1.29107E+00
  4.86328E-01  1.28571E+00
  4.90234E-01  1.28034E+00
  4.94141E-01  1.27494E+00
  4.98047E-01  1.26953E+00
  5.01953E-01  1.26410E+00
  5.05859E-01  1.25865E+00
  5.09766E-01  1.25318E+00
  5.13672E-01  1.24770E+00
  5.17578E-01  1.24220E+00
  5.21484E-01  1.23667E+00
  5.25391E-01  1.23113E+00
  5.29297E-01  1.22558E+00
  5.33203E-01  1.22000E+00
  5.37109E-01  1.21441E+00
  5.41016E-01  1.20880E+00
  5.44922E-01  1.20317E+00
  5.48828E-01  1.19752E+00
  5.52734E-01  1.19185E+00
  5.56641E-01  1.18617E+00
  5.60547E-01  1.18047E+00
  5.64453E-01  1.17475E+00
  5.68359E-01  1.16901E+00
  5.72266E-01  1.16326E+00
  5.76172E-01  1.15749E+00
  5.80078E-01  1.15170E+00
  5.83984E-01  1.14589E+00
  5.87891E-01  1.14006E+00
  5.91797E-01  1.13422E+00
  5.95703E-01  1.12836E+00
  5.99609E-01  1.12248E+00
  6.03516E-01  1.11659E+00
  6.07422E-01  1.11067E+00
  6.11328E-01  1.10474E+00
  6.15234E-01  1.09879E+00
  6.19141E-01  1.09283E+00
  6.23047E-01  1.08685E+00
  6.26953E-01  1.08086E+00
  6.30859E-01  1.07485E+00
  6.34766E-01  1.06882E+00
  6.38672E-01  1.06278E+00
  6.42578E-01  1.05673E+00
  6.46484E-01  1.05066E+00
  6.50391E-01  1.04457E+00
  6.54297E-01  1.03847E+00
  6.58203E-01  1.03235E+00
  6.62109E-01  1.02621E+00
  6.66016E-01  1.02006E+00
  6.69922E-01  1.01389E+00
  6.73828E-01  1.00771E+00
  6.77734E-01  1.00151E+00
  6.81641E-01  9.95301E-01
  6.85547E-01  9.89072E-01
  6.89453E-01  9.82828E-01
  6.93359E-01  9.76571E-01
  6.97266E-01  9.70302E-01
  7.01172E-01  9.64021E-01
  7.05078E-01  9.57728E-01
  7.08984E-01  9.51421E-01
  7.12891E-01  9.45103E-01
  7.16797E-01  9.38773E-01
  7.20703E-01  9.32432E-01
  7.24609E-01  9.26081E-01
  7.28516E-01  9.19722E-01
  7.32422E-01  9.13351E-01
  7.36328E-01  9.06971E-01
  7.40234E-01  9.00583E-01
  7.44141E-01  8.94188E-01
  7.48047E-01  8.87785E-01
  7.51953E-01  8.81376E-01
  7.55859E-01  8.74961E-01
  7.59766E-01  8.68541E-01
  7.63672E-01  8.62115E-01
  7.67578E-01  8.55685E-01
  7.71484E-01  8.49252E-01
  7.75391E-01  8.42817E-01
  7.79297E-01  8.36379E-01
  7.83203E-01  8.29940E-01
  7.87109E-01  8.23504E-01
  7.91016E-01  8.17070E-01
  7.94922E-01  8.10637E-01
  7.98828E-01  8.04206E-01
  8.02734E-01  7.97780E-01
  8.06641E-01  7.91357E-01
  8.10547E-01  7.84943E-01
  8.14453E-01  7.78539E-01
  8.18359E-01  7.72141E-01
  8.22266E-01  7.65755E-01
  8.26172E-01  7.59383E-01
  8.30078E-01  7.53025E-01
  8.33984E-01  7.46680E-01
  8.37891E-01  7.40353E-01
  8.41797E-01  7.34044E-01
  8.45703E-01  7.27755E-01
  8.49609E-01  7.21488E-01
  8.53516E-01  7.15243E-01
  8.57422E-01  7.09024E-01
  8.61328E-01  7.02834E-01
  8.65234E-01  6.96673E-01
  8.69141E-01  6.90543E-01
  8.73047E-01  6.84449E-01
  8.76953E-01  6.78389E-01
  8.80859E-01  6.72371E-01
  8.84766E-01  6.66399E-01
  8.88672E-01  6.60472E-01
  8.92578E-01  6.54594E-01
  8.96484E-01  6.48765E-01
  9.00391E-01  6.42986E-01
  9.04297E-01  6.37262E-01
  9.08203E-01  6.31599E-01
  9.12109E-01  6.25996E-01
  9.16016E-01  6.20460E-01
  9.19922E-01  6.14990E-01
  9.23828E-01  6.09593E-01
  9.27734E-01  6.04275E-01
  9.31641E-01  5.99032E-01
  9.35547E-01  5.93869E-01
  9.39453E-01  5.88792E-01
  9.43359E-01  5.83801E-01
  9.47266E-01  5.78904E-01
  9.51172E-01  5.74109E-01
  9.55078E-01  5.69417E-01
  9.58984E-01  5.64834E-01
  9.62891E-01  5.60361E-01
  9.66797E-01  5.55997E-01
  9.70703E-01  5.51749E-01
  9.74609E-01  5.47627E-01
  9.78516E-01  5.43627E-01
  9.82422E-01  5.39762E-01
  9.86328E-01  5.36038E-01
  9.90234E-01  5.32451E-01
  9.94141E-01  5.29014E-01
  9.98047E-01  5.25712E-01
  1.00195E+00  5.25718E-01
