 -1.95312E-03  1.82397E+00
  1.95312E-03  1.82452E+00
  5.85938E-03  1.82044E+00
  9.76562E-03  1.81706E+00
  1.36719E-02  1.81379E+00
  1.75781E-02  1.81054E+00
  2.14844E-02  1.80729E+00
  2.53906E-02  1.80404E+00
  2.92969E-02  1.80077E+00
  3.32031E-02  1.79749E+00
  3.71094E-02  1.79419E+00
  4.10156E-02  1.79088E+00
  4.49219E-02  1.78754E+00
  4.88281E-02  1.78420E+00
  5.27344E-02  1.78083E+00
  5.66406E-02  1.77745E+00
  6.05469E-02  1.77405E+00
  6.44531E-02  1.77063E+00
  6.83594E-02  1.76720E+00
  7.22656E-02  1.76374E+00
  7.61719E-02  1.76027E+00
  8.00781E-02  1.75679E+00
  8.39844E-02  1.75328E+00
  8.78906E-02  1.74976E+00
  9.17969E-02  1.74621E+00
  9.57031E-02  1.74266E+00
  9.96094E-02  1.73908E+00
  1.03516E-01  1.73548E+00
  1.07422E-01  1.73187E+00
  1.11328E-01  1.72824E+00
  1.15234E-01  1.72459E+00
  1.19141E-01  1.72092E+00
  1.23047E-01  1.71724E+00
  1.26953E-01  1.71354E+00
  1.30859E-01  1.70982E+00
  1.34766E-01  1.70608E+00
  1.38672E-01  1.70233E+00
  1.42578E-01  1.69855E+00
  1.46484E-01  1.69476E+00
  1.50391E-01  1.69095E+00
  1.54297E-01  1.68712E+00
  1.58203E-01  1.68328E+00
  1.62109E-01  1.67941E+00
  1.66016E-01  1.67553E+00
  1.69922E-01  1.67163E+00
  1.73828E-01  1.66771E+00
  1.77734E-01  1.66378E+00
  1.81641E-01  1.65982E+00
  1.85547E-01  1.65585E+00
  1.89453E-01  1.65186E+00
  1.93359E-01  1.64786E+00
  1.97266E-01  1.64383E+00
  2.01172E-01  1.63979E+00
  2.05078E-01  1.63573E+00
  2.08984E-01  1.63165E+00
  2.12891E-01  1.62755E+00
  2.16797E-01  1.62343E+00
  2.20703E-01  1.61930E+00
  2.24609E-01  1.61515E+00
  2.28516E-01  1.61098E+00
  2.32422E-01  1.60679E+00
  2.36328E-01  1.60258E+00
  2.40234E-01  1.59836E+00
  2.44141E-01  1.59412E+00
  2.48047E-01  1.58985E+00
  2.51953E-01  1.58558E+00
  2.55859E-01  1.58128E+00
  2.59766E-01  1.57696E+00
  2.63672E-01  1.57263E+00
  2.67578E-01  1.56828E+00
  2.71484E-01  1.56391E+00
  2.75391E-01  1.55952E+00
  2.79297E-01  1.55512E+00
  2.83203E-01  1.55069E+00
  2.87109E-01  1.54625E+00
  2.91016E-01  1.54179E+00
  2.94922E-01  1.53731E+00
  2.98828E-01  1.53281E+00
  3.02734E-01  1.52829E+00
  3.06641E-01  1.52376E+00
  3.10547E-01  1.51921E+00
  3.14453E-01  1.51464E+00
  3.18359E-01  1.51005E+00
  3.22266E-01  1.50544E+00
  3.26172E-01  1.50082E+00
  3.30078E-01  1.49617E+00
  3.33984E-01  1.49151E+00
  3.37891E-01  1.48683E+00
  3.41797E-01  1.48213E+00
  3.45703E-01  1.47741E+00
  3.49609E-01  1.47268E+00
  3.53516E-01  1.46792E+00
  3.57422E-01  1.46315E+00
  3.61328E-01  1.45836E+00
  3.65234E-01  1.45355E+00
  3.69141E-01  1.44872E+00
  3.73047E-01  1.44387E+00
  3.76953E-01  1.43900E+00
  3.80859E-01  1.43412E+00
  3.84766E-01  1.42921E+00
  3.88672E-01  1.42429E+00
  3.92578E-01  1.41935E+00
  3.96484E-01  1.41439E+00
  4.00391E-01  1.40941E+00
  4.04297E-01  1.40441E+00
  4.08203E-01  1.39939E+00
  4.12109E-01  1.39436E+00
  4.16016E-01  1.38931E+00
  4.19922E-01  1.38423E+00
  4.23828E-01  1.37914E+00
  4.27734E-01  1.37403E+00
  4.31641E-01  1.36890E+00
  4.35547E-01  1.36375E+00
  4.39453E-01  1.35858E+00
  4.43359E-01  1.35339E+00
  4.47266E-01  1.34818E+00
  4.51172E-01  1.34296E+00
  4.55078E-01  1.33771E+00
  4.58984E-01  1.33244E+00
  4.62891E-01  1.32716E+00
  4.66797E-01  1.32185E+00
  4.70703E-01  1.31653E+00
  4.74609E-01  1.31118E+00
  4.78516E-01  1.30582E+00
  4.82422E-01  1.30044E+00
  4.86328E-01  1.29503E+00
  4.90234E-01  1.28961E+00
  4.94141E-01  1.28417E+00
  4.98047E-01  1.27871E+00
  5.01953E-01  1.27323E+00
  5.05859E-01  1.26773E+00
  5.09766E-01  1.26221E+00
  5.13672E-01  1.25667E+00
  5.17578E-01  1.25111E+00
  5.21484E-01  1.24553E+00
  5.25391E-01  1.23993E+00
  5.29297E-01  1.23431E+00
  5.33203E-01  1.22867E+00
  5.37109E-01  1.22301E+00
  5.41016E-01  1.21733E+00
  5.44922E-01  1.21163E+00
  5.48828E-01  1.20591E+00
  5.52734E-01  1.20017E+00
  5.56641E-01  1.19441E+00
  5.60547E-01  1.18864E+00
  5.64453E-01  1.18284E+00
  5.68359E-01  1.17703E+00
  5.72266E-01  1.17119E+00
  5.76172E-01  1.16533E+00
  5.80078E-01  1.15946E+00
  5.83984E-01  1.15356E+00
  5.87891E-01  1.14764E+00
  5.91797E-01  1.14171E+00
  5.95703E-01  1.13575E+00
  5.99609E-01  1.12978E+00
  6.03516E-01  1.12379E+00
  6.07422E-01  1.11777E+00
  6.11328E-01  1.11174E+00
  6.15234E-01  1.10570E+00
  6.19141E-01  1.09963E+00
  6.23047E-01  1.09354E+00
  6.26953E-01  1.08743E+00
  6.30859E-01  1.08131E+00
  6.34766E-01  1.07516E+00
  6.38672E-01  1.06900E+00
  6.42578E-01  1.06282E+00
  6.46484E-01  1.05662E+00
  6.50391E-01  1.05040E+00
  6.54297E-01  1.04416E+00
  6.58203E-01  1.03791E+00
  6.62109E-01  1.03163E+00
  6.66016E-01  1.02534E+00
  6.69922E-01  1.01903E+00
  6.73828E-01  1.01271E+00
  6.77734E-01  1.00637E+00
  6.81641E-01  1.00001E+00
  6.85547E-01  9.93628E-01
  6.89453E-01  9.87232E-01
  6.93359E-01  9.80818E-01
  6.97266E-01  9.74387E-01
  7.01172E-01  9.67939E-01
  7.05078E-01  9.61473E-01
  7.08984E-01  9.54990E-01
  7.12891E-01  9.48490E-01
  7.16797E-01  9.41974E-01
  7.20703E-01  9.35442E-01
  7.24609E-01  9.28895E-01
  7.28516E-01  9.22330E-01
  7.32422E-01  9.15749E-01
  7.36328E-01  9.09153E-01
  7.40234E-01  9.02543E-01
  7.44141E-01  8.95919E-01
  7.48047E-01  8.89281E-01
  7.51953E-01  8.82629E-01
  7.55859E-01  8.75966E-01
  7.59766E-01  8.69290E-01
  7.63672E-01  8.62601E-01
  7.67578E-01  8.55902E-01
  7.71484E-01  8.49191E-01
  7.75391E-01  8.42471E-01
  7.79297E-01  8.35740E-01
  7.83203E-01  8.28999E-01
  7.87109E-01  8.22252E-01
  7.91016E-01  8.15500E-01
  7.94922E-01  8.08740E-01
  7.98828E-01  8.01976E-01
  8.02734E-01  7.95206E-01
  8.06641E-01  7.88431E-01
  8.10547E-01  7.81654E-01
  8.14453E-01  7.74876E-01
  8.18359E-01  7.68100E-01
  8.22266E-01  7.61326E-01
  8.26172E-01  7.54556E-01
  8.30078E-01  7.47789E-01
  8.33984E-01  7.41030E-01
  8.37891E-01  7.34275E-01
  8.41797E-01  7.27530E-01
  8.45703E-01  7.20797E-01
  8.49609E-01  7.14077E-01
  8.53516E-01  7.07371E-01
  8.57422E-01  7.00682E-01
  8.61328E-01  6.94013E-01
  8.65234E-01  6.87367E-01
  8.69141E-01  6.80746E-01
  8.73047E-01  6.74158E-01
  8.76953E-01  6.67599E-01
  8.80859E-01  6.61076E-01
  8.84766E-01  6.54591E-01
  8.88672E-01  6.48144E-01
  8.92578E-01  6.41742E-01
  8.96484E-01  6.35382E-01
  9.00391E-01  6.29070E-01
  9.04297E-01  6.22813E-01
  9.08203E-01  6.16615E-01
  9.12109E-01  6.10482E-01
  9.16016E-01  6.04412E-01
  9.19922E-01  5.98412E-01
  9.23828E-01  5.92492E-01
  9.27734E-01  5.86652E-01
  9.31641E-01  5.80901E-01
  9.35547E-01  5.75242E-01
  9.39453E-01  5.69677E-01
  9.43359E-01  5.64215E-01
  9.47266E-01  5.58862E-01
  9.51172E-01  5.53626E-01
  9.55078E-01  5.48511E-01
  9.58984E-01  5.43525E-01
  9.62891E-01  5.38671E-01
  9.66797E-01  5.33957E-01
  9.70703E-01  5.29391E-01
  9.74609E-01  5.24986E-01
  9.78516E-01  5.20744E-01
  9.82422E-01  5.16674E-01
  9.86328E-01  5.12785E-01
  9.90234E-01  5.09071E-01
  9.94141E-01  5.05552E-01
  9.98047E-01  5.02212E-01
  1.00195E+00  5.02218E-01
