 -1.95312E-03  1.82599E+00
  1.95312E-03  1.82621E+00
  5.85938E-03  1.82208E+00
  9.76562E-03  1.81871E+00
  1.36719E-02  1.81544E+00
  1.75781E-02  1.81219E+00
  2.14844E-02  1.80894E+00
  2.53906E-02  1.80569E+00
  2.92969E-02  1.80242E+00
  3.32031E-02  1.79914E+00
  3.71094E-02  1.79584E+00
  4.10156E-02  1.79252E+00
  4.49219E-02  1.78919E+00
  4.88281E-02  1.78585E+00
  5.27344E-02  1.78248E+00
  5.66406E-02  1.77910E+00
  6.05469E-02  1.77570E+00
  6.44531E-02  1.77228E+00
  6.83594E-02  1.76885E+00
  7.22656E-02  1.76540E+00
  7.61719E-02  1.76193E+00
  8.00781E-02  1.75844E+00
  8.39844E-02  1.75493E+00
  8.78906E-02  1.75141E+00
  9.17969E-02  1.74787E+00
  9.57031E-02  1.74431E+00
  9.96094E-02  1.74073E+00
  1.03516E-01  1.73713E+00
  1.07422E-01  1.73352E+00
  1.11328E-01  1.72989E+00
  1.15234E-01  1.72624E+00
  1.19141E-01  1.72258E+00
  1.23047E-01  1.71889E+00
  1.26953E-01  1.71519E+00
  1.30859E-01  1.71147E+00
  1.34766E-01  1.70773E+00
  1.38672E-01  1.70397E+00
  1.42578E-01  1.70020E+00
  1.46484E-01  1.69641E+00
  1.50391E-01  1.69260E+00
  1.54297E-01  1.68877E+00
  1.58203E-01  1.68493E+00
  1.62109E-01  1.68106E+00
  1.66016E-01  1.67718E+00
  1.69922E-01  1.67328E+00
  1.73828E-01  1.66936E+00
  1.77734E-01  1.66543E+00
  1.81641E-01  1.66147E+00
  1.85547E-01  1.65750E+00
  1.89453E-01  1.65351E+00
  1.93359E-01  1.64950E+00
  1.97266E-01  1.64548E+00
  2.01172E-01  1.64143E+00
  2.05078E-01  1.63737E+00
  2.08984E-01  1.63329E+00
  2.12891E-01  1.62919E+00
  2.16797E-01  1.62508E+00
  2.20703E-01  1.62094E+00
  2.24609E-01  1.61679E+00
  2.28516E-01  1.61262E+00
  2.32422E-01  1.60843E+00
  2.36328E-01  1.60422E+00
  2.40234E-01  1.60000E+00
  2.44141E-01  1.59575E+00
  2.48047E-01  1.59149E+00
  2.51953E-01  1.58721E+00
  2.55859E-01  1.58291E+00
  2.59766E-01  1.57860E+00
  2.63672E-01  1.57426E+00
  2.67578E-01  1.56991E+00
  2.71484E-01  1.56554E+00
  2.75391E-01  1.56115E+00
  2.79297E-01  1.55674E+00
  2.83203E-01  1.55231E+00
  2.87109E-01  1.54787E+00
  2.91016E-01  1.54340E+00
  2.94922E-01  1.53892E+00
  2.98828E-01  1.53442E+00
  3.02734E-01  1.52991E+00
  3.06641E-01  1.52537E+00
  3.10547E-01  1.52082E+00
  3.14453E-01  1.51624E+00
  3.18359E-01  1.51165E+00
  3.22266E-01  1.50705E+00
  3.26172E-01  1.50242E+00
  3.30078E-01  1.49777E+00
  3.33984E-01  1.49311E+00
  3.37891E-01  1.48842E+00
  3.41797E-01  1.48372E+00
  3.45703E-01  1.47900E+00
  3.49609E-01  1.47426E+00
  3.53516E-01  1.46950E+00
  3.57422E-01  1.46473E+00
  3.61328E-01  1.45993E+00
  3.65234E-01  1.45512E+00
  3.69141E-01  1.45029E+00
  3.73047E-01  1.44544E+00
  3.76953E-01  1.44057E+00
  3.80859E-01  1.43568E+00
  3.84766E-01  1.43077E+00
  3.88672E-01  1.42584E+00
  3.92578E-01  1.42090E+00
  3.96484E-01  1.41594E+00
  4.00391E-01  1.41095E+00
  4.04297E-01  1.40595E+00
  4.08203E-01  1.40093E+00
  4.12109E-01  1.39589E+00
  4.16016E-01  1.39083E+00
  4.19922E-01  1.38575E+00
  4.23828E-01  1.38065E+00
  4.27734E-01  1.37554E+00
  4.31641E-01  1.37040E+00
  4.35547E-01  1.36525E+00
  4.39453E-01  1.36007E+00
  4.43359E-01  1.35488E+00
  4.47266E-01  1.34966E+00
  4.51172E-01  1.34443E+00
  4.55078E-01  1.33917E+00
  4.58984E-01  1.33390E+00
  4.62891E-01  1.32861E+00
  4.66797E-01  1.32330E+00
  4.70703E-01  1.31797E+00
  4.74609E-01  1.31261E+00
  4.78516E-01  1.30724E+00
  4.82422E-01  1.30185E+00
  4.86328E-01  1.29644E+00
  4.90234E-01  1.29101E+00
  4.94141E-01  1.28556E+00
  4.98047E-01  1.28009E+00
  5.01953E-01  1.27460E+00
  5.05859E-01  1.26909E+00
  5.09766E-01  1.26356E+00
  5.13672E-01  1.25801E+00
  5.17578E-01  1.25244E+00
  5.21484E-01  1.24685E+00
  5.25391E-01  1.24124E+00
  5.29297E-01  1.23561E+00
  5.33203E-01  1.22996E+00
  5.37109E-01  1.22428E+00
  5.41016E-01  1.21859E+00
  5.44922E-01  1.21288E+00
  5.48828E-01  1.20715E+00
  5.52734E-01  1.20139E+00
  5.56641E-01  1.19562E+00
  5.60547E-01  1.18983E+00
  5.64453E-01  1.18401E+00
  5.68359E-01  1.17818E+00
  5.72266E-01  1.17232E+00
  5.76172E-01  1.16644E+00
  5.80078E-01  1.16054E+00
  5.83984E-01  1.15462E+00
  5.87891E-01  1.14868E+00
  5.91797E-01  1.14272E+00
  5.95703E-01  1.13673E+00
  5.99609E-01  1.13073E+00
  6.03516E-01  1.12471E+00
  6.07422E-01  1.11866E+00
  6.11328E-01  1.11260E+00
  6.15234E-01  1.10651E+00
  6.19141E-01  1.10040E+00
  6.23047E-01  1.09427E+00
  6.26953E-01  1.08812E+00
  6.30859E-01  1.08195E+00
  6.34766E-01  1.07576E+00
  6.38672E-01  1.06955E+00
  6.42578E-01  1.06331E+00
  6.46484E-01  1.05705E+00
  6.50391E-01  1.05077E+00
  6.54297E-01  1.04447E+00
  6.58203E-01  1.03815E+00
  6.62109E-01  1.03180E+00
  6.66016E-01  1.02544E+00
  6.69922E-01  1.01904E+00
  6.73828E-01  1.01263E+00
  6.77734E-01  1.00620E+00
  6.81641E-01  9.99745E-01
  6.85547E-01  9.93268E-01
  6.89453E-01  9.86769E-01
  6.93359E-01  9.80245E-01
  6.97266E-01  9.73700E-01
  7.01172E-01  9.67132E-01
  7.05078E-01  9.60543E-01
  7.08984E-01  9.53932E-01
  7.12891E-01  9.47299E-01
  7.16797E-01  9.40646E-01
  7.20703E-01  9.33972E-01
  7.24609E-01  9.27275E-01
  7.28516E-01  9.20557E-01
  7.32422E-01  9.13818E-01
  7.36328E-01  9.07060E-01
  7.40234E-01  9.00280E-01
  7.44141E-01  8.93480E-01
  7.48047E-01  8.86660E-01
  7.51953E-01  8.79822E-01
  7.55859E-01  8.72962E-01
  7.59766E-01  8.66081E-01
  7.63672E-01  8.59180E-01
  7.67578E-01  8.52261E-01
  7.71484E-01  8.45323E-01
  7.75391E-01  8.38368E-01
  7.79297E-01  8.31395E-01
  7.83203E-01  8.24406E-01
  7.87109E-01  8.17399E-01
  7.91016E-01  8.10378E-01
  7.94922E-01  8.03339E-01
  7.98828E-01  7.96288E-01
  8.02734E-01  7.89224E-01
  8.06641E-01  7.82149E-01
  8.10547E-01  7.75061E-01
  8.14453E-01  7.67965E-01
  8.18359E-01  7.60856E-01
  8.22266E-01  7.53739E-01
  8.26172E-01  7.46615E-01
  8.30078E-01  7.39484E-01
  8.33984E-01  7.32347E-01
  8.37891E-01  7.25207E-01
  8.41797E-01  7.18063E-01
  8.45703E-01  7.10914E-01
  8.49609E-01  7.03768E-01
  8.53516E-01  6.96624E-01
  8.57422E-01  6.89486E-01
  8.61328E-01  6.82351E-01
  8.65234E-01  6.75226E-01
  8.69141E-01  6.68113E-01
  8.73047E-01  6.61013E-01
  8.76953E-01  6.53937E-01
  8.80859E-01  6.46883E-01
  8.84766E-01  6.39856E-01
  8.88672E-01  6.32865E-01
  8.92578E-01  6.25901E-01
  8.96484E-01  6.18973E-01
  9.00391E-01  6.12092E-01
  9.04297E-01  6.05256E-01
  9.08203E-01  5.98480E-01
  9.12109E-01  5.91757E-01
  9.16016E-01  5.85094E-01
  9.19922E-01  5.78501E-01
  9.23828E-01  5.71980E-01
  9.27734E-01  5.65549E-01
  9.31641E-01  5.59199E-01
  9.35547E-01  5.52949E-01
  9.39453E-01  5.46794E-01
  9.43359E-01  5.40761E-01
  9.47266E-01  5.34859E-01
  9.51172E-01  5.29090E-01
  9.55078E-01  5.23474E-01
  9.58984E-01  5.18003E-01
  9.62891E-01  5.12697E-01
  9.66797E-01  5.07559E-01
  9.70703E-01  5.02592E-01
  9.74609E-01  4.97813E-01
  9.78516E-01  4.93249E-01
  9.82422E-01  4.88904E-01
  9.86328E-01  4.84783E-01
  9.90234E-01  4.80897E-01
  9.94141E-01  4.77258E-01
  9.98047E-01  4.73865E-01
  1.00195E+00  4.73867E-01
