 -1.95312E-03  1.81993E+00
  1.95312E-03  1.82047E+00
  5.85938E-03  1.81640E+00
  9.76562E-03  1.81301E+00
  1.36719E-02  1.80974E+00
  1.75781E-02  1.80649E+00
  2.14844E-02  1.80325E+00
  2.53906E-02  1.79999E+00
  2.92969E-02  1.79672E+00
  3.32031E-02  1.79344E+00
  3.71094E-02  1.79014E+00
  4.10156E-02  1.78683E+00
  4.49219E-02  1.78350E+00
  4.88281E-02  1.78015E+00
  5.27344E-02  1.77678E+00
  5.66406E-02  1.77340E+00
  6.05469E-02  1.77000E+00
  6.44531E-02  1.76658E+00
  6.83594E-02  1.76315E+00
  7.22656E-02  1.75969E+00
  7.61719E-02  1.75622E+00
  8.00781E-02  1.75274E+00
  8.39844E-02  1.74923E+00
  8.78906E-02  1.74570E+00
  9.17969E-02  1.74216E+00
  9.57031E-02  1.73860E+00
  9.96094E-02  1.73503E+00
  1.03516E-01  1.73143E+00
  1.07422E-01  1.72782E+00
  1.11328E-01  1.72419E+00
  1.15234E-01  1.72054E+00
  1.19141E-01  1.71687E+00
  1.23047E-01  1.71319E+00
  1.26953E-01  1.70949E+00
  1.30859E-01  1.70577E+00
  1.34766E-01  1.70203E+00
  1.38672E-01  1.69827E+00
  1.42578E-01  1.69450E+00
  1.46484E-01  1.69071E+00
  1.50391E-01  1.68690E+00
  1.54297E-01  1.68307E+00
  1.58203E-01  1.67922E+00
  1.62109E-01  1.67536E+00
  1.66016E-01  1.67148E+00
  1.69922E-01  1.66758E+00
  1.73828E-01  1.66366E+00
  1.77734E-01  1.65973E+00
  1.81641E-01  1.65577E+00
  1.85547E-01  1.65180E+00
  1.89453E-01  1.64781E+00
  1.93359E-01  1.64381E+00
  1.97266E-01  1.63978E+00
  2.01172E-01  1.63574E+00
  2.05078E-01  1.63168E+00
  2.08984E-01  1.62760E+00
  2.12891E-01  1.62350E+00
  2.16797E-01  1.61939E+00
  2.20703E-01  1.61525E+00
  2.24609E-01  1.61110E+00
  2.28516E-01  1.60693E+00
  2.32422E-01  1.60275E+00
  2.36328E-01  1.59854E+00
  2.40234E-01  1.59432E+00
  2.44141E-01  1.59008E+00
  2.48047E-01  1.58582E+00
  2.51953E-01  1.58154E+00
  2.55859E-01  1.57725E+00
  2.59766E-01  1.57294E+00
  2.63672E-01  1.56860E+00
  2.67578E-01  1.56425E+00
  2.71484E-01  1.55989E+00
  2.75391E-01  1.55550E+00
  2.79297E-01  1.55110E+00
  2.83203E-01  1.54668E+00
  2.87109E-01  1.54224E+00
  2.91016E-01  1.53778E+00
  2.94922E-01  1.53331E+00
  2.98828E-01  1.52881E+00
  3.02734E-01  1.52430E+00
  3.06641E-01  1.51977E+00
  3.10547E-01  1.51522E+00
  3.14453E-01  1.51066E+00
  3.18359E-01  1.50607E+00
  3.22266E-01  1.50147E+00
  3.26172E-01  1.49685E+00
  3.30078E-01  1.49221E+00
  3.33984E-01  1.48756E+00
  3.37891E-01  1.48288E+00
  3.41797E-01  1.47819E+00
  3.45703E-01  1.47347E+00
  3.49609E-01  1.46874E+00
  3.53516E-01  1.46399E+00
  3.57422E-01  1.45923E+00
  3.61328E-01  1.45444E+00
  3.65234E-01  1.44964E+00
  3.69141E-01  1.44481E+00
  3.73047E-01  1.43997E+00
  3.76953E-01  1.43511E+00
  3.80859E-01  1.43024E+00
  3.84766E-01  1.42534E+00
  3.88672E-01  1.42043E+00
  3.92578E-01  1.41549E+00
  3.96484E-01  1.41054E+00
  4.00391E-01  1.40557E+00
  4.04297E-01  1.40058E+00
  4.08203E-01  1.39558E+00
  4.12109E-01  1.39055E+00
  4.16016E-01  1.38551E+00
  4.19922E-01  1.38044E+00
  4.23828E-01  1.37536E+00
  4.27734E-01  1.37026E+00
  4.31641E-01  1.36514E+00
  4.35547E-01  1.36000E+00
  4.39453E-01  1.35484E+00
  4.43359E-01  1.34966E+00
  4.47266E-01  1.34446E+00
  4.51172E-01  1.33925E+00
  4.55078E-01  1.33402E+00
  4.58984E-01  1.32876E+00
  4.62891E-01  1.32349E+00
  4.66797E-01  1.31820E+00
  4.70703E-01  1.31289E+00
  4.74609E-01  1.30756E+00
  4.78516E-01  1.30221E+00
  4.82422E-01  1.29684E+00
  4.86328E-01  1.29146E+00
  4.90234E-01  1.28605E+00
  4.94141E-01  1.28062E+00
  4.98047E-01  1.27518E+00
  5.01953E-01  1.26971E+00
  5.05859E-01  1.26423E+00
  5.09766E-01  1.25873E+00
  5.13672E-01  1.25321E+00
  5.17578E-01  1.24767E+00
  5.21484E-01  1.24211E+00
  5.25391E-01  1.23653E+00
  5.29297E-01  1.23093E+00
  5.33203E-01  1.22532E+00
  5.37109E-01  1.21968E+00
  5.41016E-01  1.21403E+00
  5.44922E-01  1.20836E+00
  5.48828E-01  1.20266E+00
  5.52734E-01  1.19695E+00
  5.56641E-01  1.19122E+00
  5.60547E-01  1.18547E+00
  5.64453E-01  1.17970E+00
  5.68359E-01  1.17392E+00
  5.72266E-01  1.16811E+00
  5.76172E-01  1.16228E+00
  5.80078E-01  1.15644E+00
  5.83984E-01  1.15057E+00
  5.87891E-01  1.14469E+00
  5.91797E-01  1.13878E+00
  5.95703E-01  1.13286E+00
  5.99609E-01  1.12692E+00
  6.03516E-01  1.12096E+00
  6.07422E-01  1.11499E+00
  6.11328E-01  1.10900E+00
  6.15234E-01  1.10299E+00
  6.19141E-01  1.09696E+00
  6.23047E-01  1.09091E+00
  6.26953E-01  1.08485E+00
  6.30859E-01  1.07877E+00
  6.34766E-01  1.07267E+00
  6.38672E-01  1.06655E+00
  6.42578E-01  1.06042E+00
  6.46484E-01  1.05427E+00
  6.50391E-01  1.04810E+00
  6.54297E-01  1.04192E+00
  6.58203E-01  1.03572E+00
  6.62109E-01  1.02950E+00
  6.66016E-01  1.02327E+00
  6.69922E-01  1.01702E+00
  6.73828E-01  1.01075E+00
  6.77734E-01  1.00447E+00
  6.81641E-01  9.98168E-01
  6.85547E-01  9.91849E-01
  6.89453E-01  9.85512E-01
  6.93359E-01  9.79160E-01
  6.97266E-01  9.72791E-01
  7.01172E-01  9.66407E-01
  7.05078E-01  9.60009E-01
  7.08984E-01  9.53594E-01
  7.12891E-01  9.47166E-01
  7.16797E-01  9.40724E-01
  7.20703E-01  9.34266E-01
  7.24609E-01  9.27796E-01
  7.28516E-01  9.21311E-01
  7.32422E-01  9.14813E-01
  7.36328E-01  9.08304E-01
  7.40234E-01  9.01782E-01
  7.44141E-01  8.95246E-01
  7.48047E-01  8.88699E-01
  7.51953E-01  8.82141E-01
  7.55859E-01  8.75575E-01
  7.59766E-01  8.68997E-01
  7.63672E-01  8.62411E-01
  7.67578E-01  8.55818E-01
  7.71484E-01  8.49217E-01
  7.75391E-01  8.42609E-01
  7.79297E-01  8.35993E-01
  7.83203E-01  8.29374E-01
  7.87109E-01  8.22749E-01
  7.91016E-01  8.16120E-01
  7.94922E-01  8.09489E-01
  7.98828E-01  8.02858E-01
  8.02734E-01  7.96223E-01
  8.06641E-01  7.89588E-01
  8.10547E-01  7.82957E-01
  8.14453E-01  7.76329E-01
  8.18359E-01  7.69705E-01
  8.22266E-01  7.63089E-01
  8.26172E-01  7.56480E-01
  8.30078E-01  7.49879E-01
  8.33984E-01  7.43288E-01
  8.37891E-01  7.36708E-01
  8.41797E-01  7.30143E-01
  8.45703E-01  7.23595E-01
  8.49609E-01  7.17062E-01
  8.53516E-01  7.10549E-01
  8.57422E-01  7.04057E-01
  8.61328E-01  6.97590E-01
  8.65234E-01  6.91148E-01
  8.69141E-01  6.84740E-01
  8.73047E-01  6.78361E-01
  8.76953E-01  6.72018E-01
  8.80859E-01  6.65710E-01
  8.84766E-01  6.59445E-01
  8.88672E-01  6.53221E-01
  8.92578E-01  6.47040E-01
  8.96484E-01  6.40904E-01
  9.00391E-01  6.34823E-01
  9.04297E-01  6.28797E-01
  9.08203E-01  6.22830E-01
  9.12109E-01  6.16925E-01
  9.16016E-01  6.11090E-01
  9.19922E-01  6.05324E-01
  9.23828E-01  5.99630E-01
  9.27734E-01  5.94010E-01
  9.31641E-01  5.88480E-01
  9.35547E-01  5.83039E-01
  9.39453E-01  5.77693E-01
  9.43359E-01  5.72445E-01
  9.47266E-01  5.67296E-01
  9.51172E-01  5.62257E-01
  9.55078E-01  5.57330E-01
  9.58984E-01  5.52518E-01
  9.62891E-01  5.47837E-01
  9.66797E-01  5.43286E-01
  9.70703E-01  5.38874E-01
  9.74609E-01  5.34606E-01
  9.78516E-01  5.30477E-01
  9.82422E-01  5.26502E-01
  9.86328E-01  5.22682E-01
  9.90234E-01  5.19022E-01
  9.94141E-01  5.15535E-01
  9.98047E-01  5.12214E-01
  1.00195E+00  5.12221E-01
