 -1.95312E-03  1.81881E+00
  1.95312E-03  1.81936E+00
  5.85938E-03  1.81528E+00
  9.76562E-03  1.81190E+00
  1.36719E-02  1.80863E+00
  1.75781E-02  1.80538E+00
  2.14844E-02  1.80213E+00
  2.53906E-02  1.79888E+00
  2.92969E-02  1.79561E+00
  3.32031E-02  1.79233E+00
  3.71094E-02  1.78903E+00
  4.10156E-02  1.78571E+00
  4.49219E-02  1.78238E+00
  4.88281E-02  1.77903E+00
  5.27344E-02  1.77567E+00
  5.66406E-02  1.77229E+00
  6.05469E-02  1.76888E+00
  6.44531E-02  1.76547E+00
  6.83594E-02  1.76203E+00
  7.22656E-02  1.75858E+00
  7.61719E-02  1.75511E+00
  8.00781E-02  1.75162E+00
  8.39844E-02  1.74811E+00
  8.78906E-02  1.74459E+00
  9.17969E-02  1.74105E+00
  9.57031E-02  1.73749E+00
  9.96094E-02  1.73391E+00
  1.03516E-01  1.73031E+00
  1.07422E-01  1.72670E+00
  1.11328E-01  1.72307E+00
  1.15234E-01  1.71942E+00
  1.19141E-01  1.71575E+00
  1.23047E-01  1.71207E+00
  1.26953E-01  1.70837E+00
  1.30859E-01  1.70465E+00
  1.34766E-01  1.70091E+00
  1.38672E-01  1.69715E+00
  1.42578E-01  1.69338E+00
  1.46484E-01  1.68959E+00
  1.50391E-01  1.68578E+00
  1.54297E-01  1.68195E+00
  1.58203E-01  1.67811E+00
  1.62109E-01  1.67424E+00
  1.66016E-01  1.67036E+00
  1.69922E-01  1.66646E+00
  1.73828E-01  1.66255E+00
  1.77734E-01  1.65861E+00
  1.81641E-01  1.65466E+00
  1.85547E-01  1.65069E+00
  1.89453E-01  1.64670E+00
  1.93359E-01  1.64269E+00
  1.97266E-01  1.63867E+00
  2.01172E-01  1.63463E+00
  2.05078E-01  1.63057E+00
  2.08984E-01  1.62649E+00
  2.12891E-01  1.62240E+00
  2.16797E-01  1.61828E+00
  2.20703E-01  1.61415E+00
  2.24609E-01  1.61000E+00
  2.28516E-01  1.60583E+00
  2.32422E-01  1.60165E+00
  2.36328E-01  1.59744E+00
  2.40234E-01  1.59322E+00
  2.44141E-01  1.58898E+00
  2.48047E-01  1.58472E+00
  2.51953E-01  1.58045E+00
  2.55859E-01  1.57615E+00
  2.59766E-01  1.57184E+00
  2.63672E-01  1.56751E+00
  2.67578E-01  1.56316E+00
  2.71484E-01  1.55880E+00
  2.75391E-01  1.55441E+00
  2.79297E-01  1.55001E+00
  2.83203E-01  1.54559E+00
  2.87109E-01  1.54115E+00
  2.91016E-01  1.53670E+00
  2.94922E-01  1.53222E+00
  2.98828E-01  1.52773E+00
  3.02734E-01  1.52322E+00
  3.06641E-01  1.51869E+00
  3.10547E-01  1.51415E+00
  3.14453E-01  1.50958E+00
  3.18359E-01  1.50500E+00
  3.22266E-01  1.50040E+00
  3.26172E-01  1.49578E+00
  3.30078E-01  1.49115E+00
  3.33984E-01  1.48649E+00
  3.37891E-01  1.48182E+00
  3.41797E-01  1.47713E+00
  3.45703E-01  1.47242E+00
  3.49609E-01  1.46769E+00
  3.53516E-01  1.46294E+00
  3.57422E-01  1.45818E+00
  3.61328E-01  1.45339E+00
  3.65234E-01  1.44859E+00
  3.69141E-01  1.44377E+00
  3.73047E-01  1.43893E+00
  3.76953E-01  1.43408E+00
  3.80859E-01  1.42920E+00
  3.84766E-01  1.42431E+00
  3.88672E-01  1.41940E+00
  3.92578E-01  1.41447E+00
  3.96484E-01  1.40952E+00
  4.00391E-01  1.40455E+00
  4.04297E-01  1.39957E+00
  4.08203E-01  1.39456E+00
  4.12109E-01  1.38954E+00
  4.16016E-01  1.38449E+00
  4.19922E-01  1.37943E+00
  4.23828E-01  1.37435E+00
  4.27734E-01  1.36925E+00
  4.31641E-01  1.36414E+00
  4.35547E-01  1.35900E+00
  4.39453E-01  1.35384E+00
  4.43359E-01  1.34867E+00
  4.47266E-01  1.34348E+00
  4.51172E-01  1.33827E+00
  4.55078E-01  1.33304E+00
  4.58984E-01  1.32779E+00
  4.62891E-01  1.32252E+00
  4.66797E-01  1.31723E+00
  4.70703E-01  1.31192E+00
  4.74609E-01  1.30660E+00
  4.78516E-01  1.30125E+00
  4.82422E-01  1.29589E+00
  4.86328E-01  1.29051E+00
  4.90234E-01  1.28511E+00
  4.94141E-01  1.27968E+00
  4.98047E-01  1.27424E+00
  5.01953E-01  1.26879E+00
  5.05859E-01  1.26331E+00
  5.09766E-01  1.25781E+00
  5.13672E-01  1.25230E+00
  5.17578E-01  1.24676E+00
  5.21484E-01  1.24121E+00
  5.25391E-01  1.23564E+00
  5.29297E-01  1.23004E+00
  5.33203E-01  1.22444E+00
  5.37109E-01  1.21881E+00
  5.41016E-01  1.21316E+00
  5.44922E-01  1.20749E+00
  5.48828E-01  1.20181E+00
  5.52734E-01  1.19610E+00
  5.56641E-01  1.19038E+00
  5.60547E-01  1.18464E+00
  5.64453E-01  1.17888E+00
  5.68359E-01  1.17310E+00
  5.72266E-01  1.16730E+00
  5.76172E-01  1.16148E+00
  5.80078E-01  1.15565E+00
  5.83984E-01  1.14979E+00
  5.87891E-01  1.14392E+00
  5.91797E-01  1.13803E+00
  5.95703E-01  1.13211E+00
  5.99609E-01  1.12618E+00
  6.03516E-01  1.12023E+00
  6.07422E-01  1.11427E+00
  6.11328E-01  1.10829E+00
  6.15234E-01  1.10229E+00
  6.19141E-01  1.09627E+00
  6.23047E-01  1.09023E+00
  6.26953E-01  1.08418E+00
  6.30859E-01  1.07811E+00
  6.34766E-01  1.07203E+00
  6.38672E-01  1.06592E+00
  6.42578E-01  1.05980E+00
  6.46484E-01  1.05367E+00
  6.50391E-01  1.04751E+00
  6.54297E-01  1.04134E+00
  6.58203E-01  1.03516E+00
  6.62109E-01  1.02895E+00
  6.66016E-01  1.02273E+00
  6.69922E-01  1.01650E+00
  6.73828E-01  1.01025E+00
  6.77734E-01  1.00398E+00
  6.81641E-01  9.97688E-01
  6.85547E-01  9.91385E-01
  6.89453E-01  9.85067E-01
  6.93359E-01  9.78731E-01
  6.97266E-01  9.72381E-01
  7.01172E-01  9.66014E-01
  7.05078E-01  9.59632E-01
  7.08984E-01  9.53236E-01
  7.12891E-01  9.46827E-01
  7.16797E-01  9.40403E-01
  7.20703E-01  9.33965E-01
  7.24609E-01  9.27514E-01
  7.28516E-01  9.21048E-01
  7.32422E-01  9.14571E-01
  7.36328E-01  9.08083E-01
  7.40234E-01  9.01582E-01
  7.44141E-01  8.95068E-01
  7.48047E-01  8.88545E-01
  7.51953E-01  8.82014E-01
  7.55859E-01  8.75473E-01
  7.59766E-01  8.68921E-01
  7.63672E-01  8.62362E-01
  7.67578E-01  8.55796E-01
  7.71484E-01  8.49222E-01
  7.75391E-01  8.42641E-01
  7.79297E-01  8.36056E-01
  7.83203E-01  8.29466E-01
  7.87109E-01  8.22874E-01
  7.91016E-01  8.16278E-01
  7.94922E-01  8.09681E-01
  7.98828E-01  8.03081E-01
  8.02734E-01  7.96480E-01
  8.06641E-01  7.89879E-01
  8.10547E-01  7.83283E-01
  8.14453E-01  7.76693E-01
  8.18359E-01  7.70108E-01
  8.22266E-01  7.63530E-01
  8.26172E-01  7.56960E-01
  8.30078E-01  7.50400E-01
  8.33984E-01  7.43854E-01
  8.37891E-01  7.37319E-01
  8.41797E-01  7.30797E-01
  8.45703E-01  7.24294E-01
  8.49609E-01  7.17808E-01
  8.53516E-01  7.11342E-01
  8.57422E-01  7.04902E-01
  8.61328E-01  6.98485E-01
  8.65234E-01  6.92096E-01
  8.69141E-01  6.85733E-01
  8.73047E-01  6.79401E-01
  8.76953E-01  6.73106E-01
  8.80859E-01  6.66849E-01
  8.84766E-01  6.60635E-01
  8.88672E-01  6.54461E-01
  8.92578E-01  6.48329E-01
  8.96484E-01  6.42244E-01
  9.00391E-01  6.36215E-01
  9.04297E-01  6.30238E-01
  9.08203E-01  6.24321E-01
  9.12109E-01  6.18467E-01
  9.16016E-01  6.12681E-01
  9.19922E-01  6.06970E-01
  9.23828E-01  6.01328E-01
  9.27734E-01  5.95766E-01
  9.31641E-01  5.90287E-01
  9.35547E-01  5.84896E-01
  9.39453E-01  5.79599E-01
  9.43359E-01  5.74398E-01
  9.47266E-01  5.69297E-01
  9.51172E-01  5.64303E-01
  9.55078E-01  5.59415E-01
  9.58984E-01  5.54641E-01
  9.62891E-01  5.49995E-01
  9.66797E-01  5.45478E-01
  9.70703E-01  5.41095E-01
  9.74609E-01  5.36859E-01
  9.78516E-01  5.32763E-01
  9.82422E-01  5.28815E-01
  9.86328E-01  5.25016E-01
  9.90234E-01  5.21372E-01
  9.94141E-01  5.17896E-01
  9.98047E-01  5.14577E-01
  1.00195E+00  5.14584E-01
