 -1.95312E-03  1.82605E+00
  1.95312E-03  1.82627E+00
  5.85938E-03  1.82215E+00
  9.76562E-03  1.81877E+00
  1.36719E-02  1.81550E+00
  1.75781E-02  1.81225E+00
  2.14844E-02  1.80901E+00
  2.53906E-02  1.80575E+00
  2.92969E-02  1.80248E+00
  3.32031E-02  1.79920E+00
  3.71094E-02  1.79590E+00
  4.10156E-02  1.79259E+00
  4.49219E-02  1.78926E+00
  4.88281E-02  1.78591E+00
  5.27344E-02  1.78255E+00
  5.66406E-02  1.77917E+00
  6.05469E-02  1.77577E+00
  6.44531E-02  1.77235E+00
  6.83594E-02  1.76891E+00
  7.22656E-02  1.76546E+00
  7.61719E-02  1.76199E+00
  8.00781E-02  1.75851E+00
  8.39844E-02  1.75500E+00
  8.78906E-02  1.75148E+00
  9.17969E-02  1.74794E+00
  9.57031E-02  1.74438E+00
  9.96094E-02  1.74080E+00
  1.03516E-01  1.73720E+00
  1.07422E-01  1.73359E+00
  1.11328E-01  1.72996E+00
  1.15234E-01  1.72631E+00
  1.19141E-01  1.72264E+00
  1.23047E-01  1.71896E+00
  1.26953E-01  1.71526E+00
  1.30859E-01  1.71154E+00
  1.34766E-01  1.70780E+00
  1.38672E-01  1.70404E+00
  1.42578E-01  1.70027E+00
  1.46484E-01  1.69648E+00
  1.50391E-01  1.69267E+00
  1.54297E-01  1.68884E+00
  1.58203E-01  1.68499E+00
  1.62109E-01  1.68113E+00
  1.66016E-01  1.67725E+00
  1.69922E-01  1.67335E+00
  1.73828E-01  1.66943E+00
  1.77734E-01  1.66549E+00
  1.81641E-01  1.66154E+00
  1.85547E-01  1.65757E+00
  1.89453E-01  1.65358E+00
  1.93359E-01  1.64957E+00
  1.97266E-01  1.64554E+00
  2.01172E-01  1.64150E+00
  2.05078E-01  1.63744E+00
  2.08984E-01  1.63336E+00
  2.12891E-01  1.62926E+00
  2.16797E-01  1.62514E+00
  2.20703E-01  1.62101E+00
  2.24609E-01  1.61686E+00
  2.28516E-01  1.61269E+00
  2.32422E-01  1.60850E+00
  2.36328E-01  1.60429E+00
  2.40234E-01  1.60006E+00
  2.44141E-01  1.59582E+00
  2.48047E-01  1.59156E+00
  2.51953E-01  1.58728E+00
  2.55859E-01  1.58298E+00
  2.59766E-01  1.57866E+00
  2.63672E-01  1.57433E+00
  2.67578E-01  1.56997E+00
  2.71484E-01  1.56560E+00
  2.75391E-01  1.56121E+00
  2.79297E-01  1.55680E+00
  2.83203E-01  1.55238E+00
  2.87109E-01  1.54793E+00
  2.91016E-01  1.54347E+00
  2.94922E-01  1.53899E+00
  2.98828E-01  1.53449E+00
  3.02734E-01  1.52997E+00
  3.06641E-01  1.52543E+00
  3.10547E-01  1.52088E+00
  3.14453E-01  1.51631E+00
  3.18359E-01  1.51172E+00
  3.22266E-01  1.50711E+00
  3.26172E-01  1.50248E+00
  3.30078E-01  1.49783E+00
  3.33984E-01  1.49317E+00
  3.37891E-01  1.48848E+00
  3.41797E-01  1.48378E+00
  3.45703E-01  1.47906E+00
  3.49609E-01  1.47432E+00
  3.53516E-01  1.46957E+00
  3.57422E-01  1.46479E+00
  3.61328E-01  1.46000E+00
  3.65234E-01  1.45518E+00
  3.69141E-01  1.45035E+00
  3.73047E-01  1.44550E+00
  3.76953E-01  1.44063E+00
  3.80859E-01  1.43574E+00
  3.84766E-01  1.43083E+00
  3.88672E-01  1.42591E+00
  3.92578E-01  1.42096E+00
  3.96484E-01  1.41600E+00
  4.00391E-01  1.41101E+00
  4.04297E-01  1.40601E+00
  4.08203E-01  1.40099E+00
  4.12109E-01  1.39595E+00
  4.16016E-01  1.39089E+00
  4.19922E-01  1.38581E+00
  4.23828E-01  1.38072E+00
  4.27734E-01  1.37560E+00
  4.31641E-01  1.37046E+00
  4.35547E-01  1.36530E+00
  4.39453E-01  1.36013E+00
  4.43359E-01  1.35493E+00
  4.47266E-01  1.34972E+00
  4.51172E-01  1.34448E+00
  4.55078E-01  1.33923E+00
  4.58984E-01  1.33396E+00
  4.62891E-01  1.32866E+00
  4.66797E-01  1.32335E+00
  4.70703E-01  1.31802E+00
  4.74609E-01  1.31267E+00
  4.78516E-01  1.30730E+00
  4.82422E-01  1.30190E+00
  4.86328E-01  1.29649E+00
  4.90234E-01  1.29106E+00
  4.94141E-01  1.28561E+00
  4.98047E-01  1.28014E+00
  5.01953E-01  1.27465E+00
  5.05859E-01  1.26914E+00
  5.09766E-01  1.26361E+00
  5.13672E-01  1.25806E+00
  5.17578E-01  1.25249E+00
  5.21484E-01  1.24689E+00
  5.25391E-01  1.24128E+00
  5.29297E-01  1.23565E+00
  5.33203E-01  1.23000E+00
  5.37109E-01  1.22433E+00
  5.41016E-01  1.21863E+00
  5.44922E-01  1.21292E+00
  5.48828E-01  1.20718E+00
  5.52734E-01  1.20143E+00
  5.56641E-01  1.19566E+00
  5.60547E-01  1.18986E+00
  5.64453E-01  1.18405E+00
  5.68359E-01  1.17821E+00
  5.72266E-01  1.17235E+00
  5.76172E-01  1.16647E+00
  5.80078E-01  1.16057E+00
  5.83984E-01  1.15464E+00
  5.87891E-01  1.14870E+00
  5.91797E-01  1.14274E+00
  5.95703E-01  1.13675E+00
  5.99609E-01  1.13075E+00
  6.03516E-01  1.12472E+00
  6.07422E-01  1.11867E+00
  6.11328E-01  1.11261E+00
  6.15234E-01  1.10652E+00
  6.19141E-01  1.10041E+00
  6.23047E-01  1.09428E+00
  6.26953E-01  1.08813E+00
  6.30859E-01  1.08196E+00
  6.34766E-01  1.07576E+00
  6.38672E-01  1.06954E+00
  6.42578E-01  1.06331E+00
  6.46484E-01  1.05705E+00
  6.50391E-01  1.05077E+00
  6.54297E-01  1.04446E+00
  6.58203E-01  1.03814E+00
  6.62109E-01  1.03179E+00
  6.66016E-01  1.02542E+00
  6.69922E-01  1.01903E+00
  6.73828E-01  1.01261E+00
  6.77734E-01  1.00618E+00
  6.81641E-01  9.99717E-01
  6.85547E-01  9.93236E-01
  6.89453E-01  9.86734E-01
  6.93359E-01  9.80208E-01
  6.97266E-01  9.73658E-01
  7.01172E-01  9.67086E-01
  7.05078E-01  9.60491E-01
  7.08984E-01  9.53876E-01
  7.12891E-01  9.47241E-01
  7.16797E-01  9.40583E-01
  7.20703E-01  9.33904E-01
  7.24609E-01  9.27204E-01
  7.28516E-01  9.20482E-01
  7.32422E-01  9.13739E-01
  7.36328E-01  9.06976E-01
  7.40234E-01  9.00190E-01
  7.44141E-01  8.93385E-01
  7.48047E-01  8.86560E-01
  7.51953E-01  8.79713E-01
  7.55859E-01  8.72846E-01
  7.59766E-01  8.65958E-01
  7.63672E-01  8.59052E-01
  7.67578E-01  8.52127E-01
  7.71484E-01  8.45184E-01
  7.75391E-01  8.38223E-01
  7.79297E-01  8.31244E-01
  7.83203E-01  8.24251E-01
  7.87109E-01  8.17241E-01
  7.91016E-01  8.10215E-01
  7.94922E-01  8.03172E-01
  7.98828E-01  7.96114E-01
  8.02734E-01  7.89045E-01
  8.06641E-01  7.81961E-01
  8.10547E-01  7.74865E-01
  8.14453E-01  7.67761E-01
  8.18359E-01  7.60643E-01
  8.22266E-01  7.53519E-01
  8.26172E-01  7.46386E-01
  8.30078E-01  7.39249E-01
  8.33984E-01  7.32103E-01
  8.37891E-01  7.24954E-01
  8.41797E-01  7.17798E-01
  8.45703E-01  7.10642E-01
  8.49609E-01  7.03487E-01
  8.53516E-01  6.96331E-01
  8.57422E-01  6.89179E-01
  8.61328E-01  6.82038E-01
  8.65234E-01  6.74906E-01
  8.69141E-01  6.67787E-01
  8.73047E-01  6.60683E-01
  8.76953E-01  6.53595E-01
  8.80859E-01  6.46537E-01
  8.84766E-01  6.39503E-01
  8.88672E-01  6.32504E-01
  8.92578E-01  6.25530E-01
  8.96484E-01  6.18590E-01
  9.00391E-01  6.11695E-01
  9.04297E-01  6.04846E-01
  9.08203E-01  5.98055E-01
  9.12109E-01  5.91321E-01
  9.16016E-01  5.84650E-01
  9.19922E-01  5.78050E-01
  9.23828E-01  5.71528E-01
  9.27734E-01  5.65097E-01
  9.31641E-01  5.58745E-01
  9.35547E-01  5.52489E-01
  9.39453E-01  5.46331E-01
  9.43359E-01  5.40296E-01
  9.47266E-01  5.34387E-01
  9.51172E-01  5.28602E-01
  9.55078E-01  5.22957E-01
  9.58984E-01  5.17467E-01
  9.62891E-01  5.12148E-01
  9.66797E-01  5.07000E-01
  9.70703E-01  5.02035E-01
  9.74609E-01  4.97262E-01
  9.78516E-01  4.92697E-01
  9.82422E-01  4.88345E-01
  9.86328E-01  4.84218E-01
  9.90234E-01  4.80326E-01
  9.94141E-01  4.76691E-01
  9.98047E-01  4.73296E-01
  1.00195E+00  4.73298E-01
