 -1.95312E-03  1.82522E+00
  1.95312E-03  1.82544E+00
  5.85938E-03  1.82132E+00
  9.76562E-03  1.81794E+00
  1.36719E-02  1.81467E+00
  1.75781E-02  1.81142E+00
  2.14844E-02  1.80817E+00
  2.53906E-02  1.80492E+00
  2.92969E-02  1.80165E+00
  3.32031E-02  1.79836E+00
  3.71094E-02  1.79507E+00
  4.10156E-02  1.79175E+00
  4.49219E-02  1.78842E+00
  4.88281E-02  1.78507E+00
  5.27344E-02  1.78171E+00
  5.66406E-02  1.77833E+00
  6.05469E-02  1.77493E+00
  6.44531E-02  1.77151E+00
  6.83594E-02  1.76808E+00
  7.22656E-02  1.76463E+00
  7.61719E-02  1.76116E+00
  8.00781E-02  1.75767E+00
  8.39844E-02  1.75416E+00
  8.78906E-02  1.75064E+00
  9.17969E-02  1.74710E+00
  9.57031E-02  1.74354E+00
  9.96094E-02  1.73996E+00
  1.03516E-01  1.73636E+00
  1.07422E-01  1.73275E+00
  1.11328E-01  1.72912E+00
  1.15234E-01  1.72547E+00
  1.19141E-01  1.72181E+00
  1.23047E-01  1.71812E+00
  1.26953E-01  1.71442E+00
  1.30859E-01  1.71070E+00
  1.34766E-01  1.70696E+00
  1.38672E-01  1.70321E+00
  1.42578E-01  1.69943E+00
  1.46484E-01  1.69564E+00
  1.50391E-01  1.69183E+00
  1.54297E-01  1.68800E+00
  1.58203E-01  1.68416E+00
  1.62109E-01  1.68030E+00
  1.66016E-01  1.67642E+00
  1.69922E-01  1.67252E+00
  1.73828E-01  1.66860E+00
  1.77734E-01  1.66466E+00
  1.81641E-01  1.66071E+00
  1.85547E-01  1.65674E+00
  1.89453E-01  1.65275E+00
  1.93359E-01  1.64874E+00
  1.97266E-01  1.64472E+00
  2.01172E-01  1.64067E+00
  2.05078E-01  1.63661E+00
  2.08984E-01  1.63253E+00
  2.12891E-01  1.62843E+00
  2.16797E-01  1.62432E+00
  2.20703E-01  1.62018E+00
  2.24609E-01  1.61603E+00
  2.28516E-01  1.61186E+00
  2.32422E-01  1.60767E+00
  2.36328E-01  1.60347E+00
  2.40234E-01  1.59924E+00
  2.44141E-01  1.59500E+00
  2.48047E-01  1.59074E+00
  2.51953E-01  1.58646E+00
  2.55859E-01  1.58216E+00
  2.59766E-01  1.57785E+00
  2.63672E-01  1.57351E+00
  2.67578E-01  1.56916E+00
  2.71484E-01  1.56479E+00
  2.75391E-01  1.56040E+00
  2.79297E-01  1.55599E+00
  2.83203E-01  1.55157E+00
  2.87109E-01  1.54712E+00
  2.91016E-01  1.54266E+00
  2.94922E-01  1.53818E+00
  2.98828E-01  1.53368E+00
  3.02734E-01  1.52917E+00
  3.06641E-01  1.52463E+00
  3.10547E-01  1.52008E+00
  3.14453E-01  1.51551E+00
  3.18359E-01  1.51092E+00
  3.22266E-01  1.50632E+00
  3.26172E-01  1.50169E+00
  3.30078E-01  1.49704E+00
  3.33984E-01  1.49238E+00
  3.37891E-01  1.48770E+00
  3.41797E-01  1.48300E+00
  3.45703E-01  1.47828E+00
  3.49609E-01  1.47354E+00
  3.53516E-01  1.46878E+00
  3.57422E-01  1.46401E+00
  3.61328E-01  1.45922E+00
  3.65234E-01  1.45440E+00
  3.69141E-01  1.44957E+00
  3.73047E-01  1.44473E+00
  3.76953E-01  1.43986E+00
  3.80859E-01  1.43497E+00
  3.84766E-01  1.43006E+00
  3.88672E-01  1.42514E+00
  3.92578E-01  1.42020E+00
  3.96484E-01  1.41524E+00
  4.00391E-01  1.41026E+00
  4.04297E-01  1.40526E+00
  4.08203E-01  1.40024E+00
  4.12109E-01  1.39520E+00
  4.16016E-01  1.39014E+00
  4.19922E-01  1.38507E+00
  4.23828E-01  1.37997E+00
  4.27734E-01  1.37486E+00
  4.31641E-01  1.36973E+00
  4.35547E-01  1.36458E+00
  4.39453E-01  1.35940E+00
  4.43359E-01  1.35421E+00
  4.47266E-01  1.34900E+00
  4.51172E-01  1.34377E+00
  4.55078E-01  1.33852E+00
  4.58984E-01  1.33325E+00
  4.62891E-01  1.32796E+00
  4.66797E-01  1.32266E+00
  4.70703E-01  1.31733E+00
  4.74609E-01  1.31198E+00
  4.78516E-01  1.30661E+00
  4.82422E-01  1.30123E+00
  4.86328E-01  1.29582E+00
  4.90234E-01  1.29040E+00
  4.94141E-01  1.28495E+00
  4.98047E-01  1.27949E+00
  5.01953E-01  1.27400E+00
  5.05859E-01  1.26850E+00
  5.09766E-01  1.26297E+00
  5.13672E-01  1.25743E+00
  5.17578E-01  1.25186E+00
  5.21484E-01  1.24628E+00
  5.25391E-01  1.24067E+00
  5.29297E-01  1.23505E+00
  5.33203E-01  1.22940E+00
  5.37109E-01  1.22374E+00
  5.41016E-01  1.21805E+00
  5.44922E-01  1.21235E+00
  5.48828E-01  1.20663E+00
  5.52734E-01  1.20088E+00
  5.56641E-01  1.19512E+00
  5.60547E-01  1.18934E+00
  5.64453E-01  1.18353E+00
  5.68359E-01  1.17771E+00
  5.72266E-01  1.17187E+00
  5.76172E-01  1.16600E+00
  5.80078E-01  1.16012E+00
  5.83984E-01  1.15421E+00
  5.87891E-01  1.14829E+00
  5.91797E-01  1.14234E+00
  5.95703E-01  1.13638E+00
  5.99609E-01  1.13040E+00
  6.03516E-01  1.12439E+00
  6.07422E-01  1.11837E+00
  6.11328E-01  1.11233E+00
  6.15234E-01  1.10627E+00
  6.19141E-01  1.10020E+00
  6.23047E-01  1.09410E+00
  6.26953E-01  1.08798E+00
  6.30859E-01  1.08184E+00
  6.34766E-01  1.07568E+00
  6.38672E-01  1.06950E+00
  6.42578E-01  1.06330E+00
  6.46484E-01  1.05708E+00
  6.50391E-01  1.05084E+00
  6.54297E-01  1.04458E+00
  6.58203E-01  1.03830E+00
  6.62109E-01  1.03200E+00
  6.66016E-01  1.02568E+00
  6.69922E-01  1.01933E+00
  6.73828E-01  1.01297E+00
  6.77734E-01  1.00658E+00
  6.81641E-01  1.00018E+00
  6.85547E-01  9.93747E-01
  6.89453E-01  9.87297E-01
  6.93359E-01  9.80827E-01
  6.97266E-01  9.74335E-01
  7.01172E-01  9.67822E-01
  7.05078E-01  9.61289E-01
  7.08984E-01  9.54738E-01
  7.12891E-01  9.48166E-01
  7.16797E-01  9.41573E-01
  7.20703E-01  9.34960E-01
  7.24609E-01  9.28327E-01
  7.28516E-01  9.21673E-01
  7.32422E-01  9.15001E-01
  7.36328E-01  9.08309E-01
  7.40234E-01  9.01597E-01
  7.44141E-01  8.94869E-01
  7.48047E-01  8.88122E-01
  7.51953E-01  8.81357E-01
  7.55859E-01  8.74575E-01
  7.59766E-01  8.67776E-01
  7.63672E-01  8.60960E-01
  7.67578E-01  8.54130E-01
  7.71484E-01  8.47282E-01
  7.75391E-01  8.40417E-01
  7.79297E-01  8.33538E-01
  7.83203E-01  8.26647E-01
  7.87109E-01  8.19740E-01
  7.91016E-01  8.12821E-01
  7.94922E-01  8.05886E-01
  7.98828E-01  7.98941E-01
  8.02734E-01  7.91983E-01
  8.06641E-01  7.85016E-01
  8.10547E-01  7.78042E-01
  8.14453E-01  7.71060E-01
  8.18359E-01  7.64071E-01
  8.22266E-01  7.57078E-01
  8.26172E-01  7.50081E-01
  8.30078E-01  7.43079E-01
  8.33984E-01  7.36076E-01
  8.37891E-01  7.29073E-01
  8.41797E-01  7.22070E-01
  8.45703E-01  7.15072E-01
  8.49609E-01  7.08078E-01
  8.53516E-01  7.01090E-01
  8.57422E-01  6.94114E-01
  8.61328E-01  6.87149E-01
  8.65234E-01  6.80201E-01
  8.69141E-01  6.73266E-01
  8.73047E-01  6.66352E-01
  8.76953E-01  6.59466E-01
  8.80859E-01  6.52603E-01
  8.84766E-01  6.45770E-01
  8.88672E-01  6.38975E-01
  8.92578E-01  6.32213E-01
  8.96484E-01  6.25493E-01
  9.00391E-01  6.18814E-01
  9.04297E-01  6.12185E-01
  9.08203E-01  6.05618E-01
  9.12109E-01  5.99115E-01
  9.16016E-01  5.92678E-01
  9.19922E-01  5.86304E-01
  9.23828E-01  5.80004E-01
  9.27734E-01  5.73791E-01
  9.31641E-01  5.67672E-01
  9.35547E-01  5.61650E-01
  9.39453E-01  5.55725E-01
  9.43359E-01  5.49915E-01
  9.47266E-01  5.44221E-01
  9.51172E-01  5.38658E-01
  9.55078E-01  5.33230E-01
  9.58984E-01  5.27945E-01
  9.62891E-01  5.22816E-01
  9.66797E-01  5.17850E-01
  9.70703E-01  5.13056E-01
  9.74609E-01  5.08427E-01
  9.78516E-01  5.03982E-01
  9.82422E-01  4.99740E-01
  9.86328E-01  4.95702E-01
  9.90234E-01  4.91887E-01
  9.94141E-01  4.88296E-01
  9.98047E-01  4.84920E-01
  1.00195E+00  4.84922E-01
