 -1.95312E-03  2.53101E+00
  1.95312E-03  2.53101E+00
  5.85938E-03  2.53091E+00
  9.76562E-03  2.53073E+00
  1.36719E-02  2.53045E+00
  1.75781E-02  2.53008E+00
  2.14844E-02  2.52961E+00
  2.53906E-02  2.52906E+00
  2.92969E-02  2.52842E+00
  3.32031E-02  2.52769E+00
  3.71094E-02  2.52687E+00
  4.10156E-02  2.52597E+00
  4.49219E-02  2.52497E+00
  4.88281E-02  2.52389E+00
  5.27344E-02  2.52272E+00
  5.66406E-02  2.52147E+00
  6.05469E-02  2.52013E+00
  6.44531E-02  2.51871E+00
  6.83594E-02  2.51720E+00
  7.22656E-02  2.51561E+00
  7.61719E-02  2.51393E+00
  8.00781E-02  2.51217E+00
  8.39844E-02  2.51033E+00
  8.78906E-02  2.50841E+00
  9.17969E-02  2.50640E+00
  9.57031E-02  2.50431E+00
  9.96094E-02  2.50214E+00
  1.03516E-01  2.49989E+00
  1.07422E-01  2.49756E+00
  1.11328E-01  2.49515E+00
  1.15234E-01  2.49266E+00
  1.19141E-01  2.49009E+00
  1.23047E-01  2.48744E+00
  1.26953E-01  2.48471E+00
  1.30859E-01  2.48190E+00
  1.34766E-01  2.47901E+00
  1.38672E-01  2.47605E+00
  1.42578E-01  2.47300E+00
  1.46484E-01  2.46988E+00
  1.50391E-01  2.46668E+00
  1.54297E-01  2.46340E+00
  1.58203E-01  2.46004E+00
  1.62109E-01  2.45661E+00
  1.66016E-01  2.45310E+00
  1.69922E-01  2.44951E+00
  1.73828E-01  2.44585E+00
  1.77734E-01  2.44211E+00
  1.81641E-01  2.43829E+00
  1.85547E-01  2.43439E+00
  1.89453E-01  2.43042E+00
  1.93359E-01  2.42637E+00
  1.97266E-01  2.42225E+00
  2.01172E-01  2.41805E+00
  2.05078E-01  2.41377E+00
  2.08984E-01  2.40942E+00
  2.12891E-01  2.40499E+00
  2.16797E-01  2.40049E+00
  2.20703E-01  2.39591E+00
  2.24609E-01  2.39125E+00
  2.28516E-01  2.38652E+00
  2.32422E-01  2.38171E+00
  2.36328E-01  2.37682E+00
  2.40234E-01  2.37186E+00
  2.44141E-01  2.36682E+00
  2.48047E-01  2.36170E+00
  2.51953E-01  2.35651E+00
  2.55859E-01  2.35124E+00
  2.59766E-01  2.34590E+00
  2.63672E-01  2.34048E+00
  2.67578E-01  2.33498E+00
  2.71484E-01  2.32940E+00
  2.75391E-01  2.32375E+00
  2.79297E-01  2.31802E+00
  2.83203E-01  2.31221E+00
  2.87109E-01  2.30633E+00
  2.91016E-01  2.30036E+00
  2.94922E-01  2.29432E+00
  2.98828E-01  2.28820E+00
  3.02734E-01  2.28200E+00
  3.06641E-01  2.27572E+00
  3.10547E-01  2.26937E+00
  3.14453E-01  2.26293E+00
  3.18359E-01  2.25642E+00
  3.22266E-01  2.24982E+00
  3.26172E-01  2.24315E+00
  3.30078E-01  2.23639E+00
  3.33984E-01  2.22955E+00
  3.37891E-01  2.22263E+00
  3.41797E-01  2.21563E+00
  3.45703E-01  2.20854E+00
  3.49609E-01  2.20138E+00
  3.53516E-01  2.19413E+00
  3.57422E-01  2.18679E+00
  3.61328E-01  2.17937E+00
  3.65234E-01  2.17187E+00
  3.69141E-01  2.16428E+00
  3.73047E-01  2.15661E+00
  3.76953E-01  2.14885E+00
  3.80859E-01  2.14100E+00
  3.84766E-01  2.13306E+00
  3.88672E-01  2.12504E+00
  3.92578E-01  2.11692E+00
  3.96484E-01  2.10872E+00
  4.00391E-01  2.10042E+00
  4.04297E-01  2.09204E+00
  4.08203E-01  2.08356E+00
  4.12109E-01  2.07499E+00
  4.16016E-01  2.06632E+00
  4.19922E-01  2.05756E+00
  4.23828E-01  2.04871E+00
  4.27734E-01  2.03976E+00
  4.31641E-01  2.03071E+00
  4.35547E-01  2.02157E+00
  4.39453E-01  2.01232E+00
  4.43359E-01  2.00298E+00
  4.47266E-01  1.99353E+00
  4.51172E-01  1.98398E+00
  4.55078E-01  1.97432E+00
  4.58984E-01  1.96456E+00
  4.62891E-01  1.95469E+00
  4.66797E-01  1.94471E+00
  4.70703E-01  1.93463E+00
  4.74609E-01  1.92443E+00
  4.78516E-01  1.91412E+00
  4.82422E-01  1.90369E+00
  4.86328E-01  1.89314E+00
  4.90234E-01  1.88248E+00
  4.94141E-01  1.87170E+00
  4.98047E-01  1.86079E+00
  5.01953E-01  1.84976E+00
  5.05859E-01  1.83860E+00
  5.09766E-01  1.82731E+00
  5.13672E-01  1.81589E+00
  5.17578E-01  1.80434E+00
  5.21484E-01  1.79265E+00
  5.25391E-01  1.78082E+00
  5.29297E-01  1.76885E+00
  5.33203E-01  1.75673E+00
  5.37109E-01  1.74447E+00
  5.41016E-01  1.73205E+00
  5.44922E-01  1.71948E+00
  5.48828E-01  1.70674E+00
  5.52734E-01  1.69385E+00
  5.56641E-01  1.68078E+00
  5.60547E-01  1.66755E+00
  5.64453E-01  1.65414E+00
  5.68359E-01  1.64054E+00
  5.72266E-01  1.62677E+00
  5.76172E-01  1.61279E+00
  5.80078E-01  1.59863E+00
  5.83984E-01  1.58425E+00
  5.87891E-01  1.56967E+00
  5.91797E-01  1.55487E+00
  5.95703E-01  1.53984E+00
  5.99609E-01  1.52458E+00
  6.03516E-01  1.50907E+00
  6.07422E-01  1.49332E+00
  6.11328E-01  1.47730E+00
  6.15234E-01  1.46102E+00
  6.19141E-01  1.44444E+00
  6.23047E-01  1.42757E+00
  6.26953E-01  1.41039E+00
  6.30859E-01  1.39289E+00
  6.34766E-01  1.37504E+00
  6.38672E-01  1.35683E+00
  6.42578E-01  1.33824E+00
  6.46484E-01  1.31925E+00
  6.50391E-01  1.29984E+00
  6.54297E-01  1.27997E+00
  6.58203E-01  1.25962E+00
  6.62109E-01  1.23875E+00
  6.66016E-01  1.21733E+00
  6.69922E-01  1.19531E+00
  6.73828E-01  1.17264E+00
  6.77734E-01  1.14927E+00
  6.81641E-01  1.12514E+00
  6.85547E-01  1.10016E+00
  6.89453E-01  1.07425E+00
  6.93359E-01  1.04730E+00
  6.97266E-01  1.01917E+00
  7.01172E-01  9.89705E-01
  7.05078E-01  9.58688E-01
  7.08984E-01  9.25841E-01
  7.12891E-01  8.90764E-01
  7.16797E-01  8.52613E-01
  7.20703E-01  8.07957E-01
  7.24609E-01  7.38782E-01
  7.28516E-01  5.93036E-01
  7.32422E-01  2.67227E-01
  7.36328E-01  2.04401E-01
  7.40234E-01  1.94080E-01
  7.44141E-01  1.91011E-01
  7.48047E-01  1.88468E-01
  7.51953E-01  1.85844E-01
  7.55859E-01  1.83267E-01
  7.59766E-01  1.80756E-01
  7.63672E-01  1.78291E-01
  7.67578E-01  1.75880E-01
  7.71484E-01  1.73520E-01
  7.75391E-01  1.71206E-01
  7.79297E-01  1.68939E-01
  7.83203E-01  1.66720E-01
  7.87109E-01  1.64544E-01
  7.91016E-01  1.62411E-01
  7.94922E-01  1.60320E-01
  7.98828E-01  1.58271E-01
  8.02734E-01  1.56262E-01
  8.06641E-01  1.54292E-01
  8.10547E-01  1.52360E-01
  8.14453E-01  1.50466E-01
  8.18359E-01  1.48607E-01
  8.22266E-01  1.46784E-01
  8.26172E-01  1.44996E-01
  8.30078E-01  1.43242E-01
  8.33984E-01  1.41521E-01
  8.37891E-01  1.39831E-01
  8.41797E-01  1.38173E-01
  8.45703E-01  1.36547E-01
  8.49609E-01  1.34949E-01
  8.53516E-01  1.33382E-01
  8.57422E-01  1.31847E-01
  8.61328E-01  1.30337E-01
  8.65234E-01  1.28856E-01
  8.69141E-01  1.27401E-01
  8.73047E-01  1.25974E-01
  8.76953E-01  1.24574E-01
  8.80859E-01  1.23199E-01
  8.84766E-01  1.21848E-01
  8.88672E-01  1.20524E-01
  8.92578E-01  1.19227E-01
  8.96484E-01  1.17952E-01
  9.00391E-01  1.16700E-01
  9.04297E-01  1.15472E-01
  9.08203E-01  1.14268E-01
  9.12109E-01  1.13086E-01
  9.16016E-01  1.11929E-01
  9.19922E-01  1.10794E-01
  9.23828E-01  1.09681E-01
  9.27734E-01  1.08590E-01
  9.31641E-01  1.07522E-01
  9.35547E-01  1.06476E-01
  9.39453E-01  1.05454E-01
  9.43359E-01  1.04453E-01
  9.47266E-01  1.03475E-01
  9.51172E-01  1.02520E-01
  9.55078E-01  1.01591E-01
  9.58984E-01  1.00685E-01
  9.62891E-01  9.98043E-02
  9.66797E-01  9.89497E-02
  9.70703E-01  9.81232E-02
  9.74609E-01  9.73298E-02
  9.78516E-01  9.65693E-02
  9.82422E-01  9.58493E-02
  9.86328E-01  9.51751E-02
  9.90234E-01  9.45669E-02
  9.94141E-01  9.40425E-02
  9.98047E-01  9.37326E-02
  1.00195E+00  9.37326E-02
