 -1.95312E-03  1.82572E+00
  1.95312E-03  1.82594E+00
  5.85938E-03  1.82182E+00
  9.76562E-03  1.81844E+00
  1.36719E-02  1.81517E+00
  1.75781E-02  1.81192E+00
  2.14844E-02  1.80868E+00
  2.53906E-02  1.80542E+00
  2.92969E-02  1.80215E+00
  3.32031E-02  1.79887E+00
  3.71094E-02  1.79557E+00
  4.10156E-02  1.79226E+00
  4.49219E-02  1.78893E+00
  4.88281E-02  1.78558E+00
  5.27344E-02  1.78221E+00
  5.66406E-02  1.77883E+00
  6.05469E-02  1.77543E+00
  6.44531E-02  1.77202E+00
  6.83594E-02  1.76858E+00
  7.22656E-02  1.76513E+00
  7.61719E-02  1.76166E+00
  8.00781E-02  1.75817E+00
  8.39844E-02  1.75466E+00
  8.78906E-02  1.75114E+00
  9.17969E-02  1.74760E+00
  9.57031E-02  1.74404E+00
  9.96094E-02  1.74046E+00
  1.03516E-01  1.73687E+00
  1.07422E-01  1.73325E+00
  1.11328E-01  1.72962E+00
  1.15234E-01  1.72598E+00
  1.19141E-01  1.72231E+00
  1.23047E-01  1.71862E+00
  1.26953E-01  1.71492E+00
  1.30859E-01  1.71120E+00
  1.34766E-01  1.70747E+00
  1.38672E-01  1.70371E+00
  1.42578E-01  1.69994E+00
  1.46484E-01  1.69615E+00
  1.50391E-01  1.69234E+00
  1.54297E-01  1.68851E+00
  1.58203E-01  1.68466E+00
  1.62109E-01  1.68080E+00
  1.66016E-01  1.67692E+00
  1.69922E-01  1.67302E+00
  1.73828E-01  1.66910E+00
  1.77734E-01  1.66517E+00
  1.81641E-01  1.66121E+00
  1.85547E-01  1.65724E+00
  1.89453E-01  1.65325E+00
  1.93359E-01  1.64925E+00
  1.97266E-01  1.64522E+00
  2.01172E-01  1.64118E+00
  2.05078E-01  1.63711E+00
  2.08984E-01  1.63303E+00
  2.12891E-01  1.62894E+00
  2.16797E-01  1.62482E+00
  2.20703E-01  1.62069E+00
  2.24609E-01  1.61653E+00
  2.28516E-01  1.61236E+00
  2.32422E-01  1.60817E+00
  2.36328E-01  1.60397E+00
  2.40234E-01  1.59974E+00
  2.44141E-01  1.59550E+00
  2.48047E-01  1.59124E+00
  2.51953E-01  1.58696E+00
  2.55859E-01  1.58266E+00
  2.59766E-01  1.57834E+00
  2.63672E-01  1.57401E+00
  2.67578E-01  1.56965E+00
  2.71484E-01  1.56528E+00
  2.75391E-01  1.56089E+00
  2.79297E-01  1.55649E+00
  2.83203E-01  1.55206E+00
  2.87109E-01  1.54762E+00
  2.91016E-01  1.54315E+00
  2.94922E-01  1.53867E+00
  2.98828E-01  1.53417E+00
  3.02734E-01  1.52966E+00
  3.06641E-01  1.52512E+00
  3.10547E-01  1.52057E+00
  3.14453E-01  1.51600E+00
  3.18359E-01  1.51141E+00
  3.22266E-01  1.50680E+00
  3.26172E-01  1.50217E+00
  3.30078E-01  1.49753E+00
  3.33984E-01  1.49286E+00
  3.37891E-01  1.48818E+00
  3.41797E-01  1.48348E+00
  3.45703E-01  1.47876E+00
  3.49609E-01  1.47402E+00
  3.53516E-01  1.46926E+00
  3.57422E-01  1.46449E+00
  3.61328E-01  1.45969E+00
  3.65234E-01  1.45488E+00
  3.69141E-01  1.45005E+00
  3.73047E-01  1.44520E+00
  3.76953E-01  1.44033E+00
  3.80859E-01  1.43544E+00
  3.84766E-01  1.43053E+00
  3.88672E-01  1.42561E+00
  3.92578E-01  1.42066E+00
  3.96484E-01  1.41570E+00
  4.00391E-01  1.41072E+00
  4.04297E-01  1.40572E+00
  4.08203E-01  1.40070E+00
  4.12109E-01  1.39566E+00
  4.16016E-01  1.39060E+00
  4.19922E-01  1.38553E+00
  4.23828E-01  1.38043E+00
  4.27734E-01  1.37531E+00
  4.31641E-01  1.37018E+00
  4.35547E-01  1.36503E+00
  4.39453E-01  1.35985E+00
  4.43359E-01  1.35466E+00
  4.47266E-01  1.34945E+00
  4.51172E-01  1.34421E+00
  4.55078E-01  1.33896E+00
  4.58984E-01  1.33369E+00
  4.62891E-01  1.32840E+00
  4.66797E-01  1.32309E+00
  4.70703E-01  1.31776E+00
  4.74609E-01  1.31241E+00
  4.78516E-01  1.30704E+00
  4.82422E-01  1.30165E+00
  4.86328E-01  1.29624E+00
  4.90234E-01  1.29081E+00
  4.94141E-01  1.28536E+00
  4.98047E-01  1.27989E+00
  5.01953E-01  1.27440E+00
  5.05859E-01  1.26890E+00
  5.09766E-01  1.26337E+00
  5.13672E-01  1.25782E+00
  5.17578E-01  1.25225E+00
  5.21484E-01  1.24666E+00
  5.25391E-01  1.24106E+00
  5.29297E-01  1.23543E+00
  5.33203E-01  1.22978E+00
  5.37109E-01  1.22411E+00
  5.41016E-01  1.21842E+00
  5.44922E-01  1.21271E+00
  5.48828E-01  1.20698E+00
  5.52734E-01  1.20124E+00
  5.56641E-01  1.19547E+00
  5.60547E-01  1.18968E+00
  5.64453E-01  1.18387E+00
  5.68359E-01  1.17804E+00
  5.72266E-01  1.17219E+00
  5.76172E-01  1.16632E+00
  5.80078E-01  1.16042E+00
  5.83984E-01  1.15451E+00
  5.87891E-01  1.14857E+00
  5.91797E-01  1.14262E+00
  5.95703E-01  1.13664E+00
  5.99609E-01  1.13065E+00
  6.03516E-01  1.12463E+00
  6.07422E-01  1.11859E+00
  6.11328E-01  1.11254E+00
  6.15234E-01  1.10646E+00
  6.19141E-01  1.10036E+00
  6.23047E-01  1.09424E+00
  6.26953E-01  1.08810E+00
  6.30859E-01  1.08194E+00
  6.34766E-01  1.07575E+00
  6.38672E-01  1.06955E+00
  6.42578E-01  1.06332E+00
  6.46484E-01  1.05707E+00
  6.50391E-01  1.05080E+00
  6.54297E-01  1.04451E+00
  6.58203E-01  1.03820E+00
  6.62109E-01  1.03187E+00
  6.66016E-01  1.02551E+00
  6.69922E-01  1.01913E+00
  6.73828E-01  1.01273E+00
  6.77734E-01  1.00631E+00
  6.81641E-01  9.99863E-01
  6.85547E-01  9.93397E-01
  6.89453E-01  9.86910E-01
  6.93359E-01  9.80399E-01
  6.97266E-01  9.73865E-01
  7.01172E-01  9.67309E-01
  7.05078E-01  9.60731E-01
  7.08984E-01  9.54133E-01
  7.12891E-01  9.47513E-01
  7.16797E-01  9.40872E-01
  7.20703E-01  9.34209E-01
  7.24609E-01  9.27522E-01
  7.28516E-01  9.20815E-01
  7.32422E-01  9.14087E-01
  7.36328E-01  9.07341E-01
  7.40234E-01  9.00573E-01
  7.44141E-01  8.93786E-01
  7.48047E-01  8.86979E-01
  7.51953E-01  8.80152E-01
  7.55859E-01  8.73307E-01
  7.59766E-01  8.66441E-01
  7.63672E-01  8.59557E-01
  7.67578E-01  8.52654E-01
  7.71484E-01  8.45734E-01
  7.75391E-01  8.38798E-01
  7.79297E-01  8.31845E-01
  7.83203E-01  8.24879E-01
  7.87109E-01  8.17898E-01
  7.91016E-01  8.10900E-01
  7.94922E-01  8.03886E-01
  7.98828E-01  7.96860E-01
  8.02734E-01  7.89821E-01
  8.06641E-01  7.82769E-01
  8.10547E-01  7.75710E-01
  8.14453E-01  7.68642E-01
  8.18359E-01  7.61563E-01
  8.22266E-01  7.54477E-01
  8.26172E-01  7.47384E-01
  8.30078E-01  7.40285E-01
  8.33984E-01  7.33180E-01
  8.37891E-01  7.26072E-01
  8.41797E-01  7.18964E-01
  8.45703E-01  7.11858E-01
  8.49609E-01  7.04752E-01
  8.53516E-01  6.97646E-01
  8.57422E-01  6.90549E-01
  8.61328E-01  6.83454E-01
  8.65234E-01  6.76370E-01
  8.69141E-01  6.69303E-01
  8.73047E-01  6.62251E-01
  8.76953E-01  6.55223E-01
  8.80859E-01  6.48219E-01
  8.84766E-01  6.41238E-01
  8.88672E-01  6.34294E-01
  8.92578E-01  6.27381E-01
  8.96484E-01  6.20501E-01
  9.00391E-01  6.13663E-01
  9.04297E-01  6.06870E-01
  9.08203E-01  6.00133E-01
  9.12109E-01  5.93457E-01
  9.16016E-01  5.86841E-01
  9.19922E-01  5.80295E-01
  9.23828E-01  5.73825E-01
  9.27734E-01  5.67444E-01
  9.31641E-01  5.61151E-01
  9.35547E-01  5.54956E-01
  9.39453E-01  5.48860E-01
  9.43359E-01  5.42887E-01
  9.47266E-01  5.37032E-01
  9.51172E-01  5.31303E-01
  9.55078E-01  5.25726E-01
  9.58984E-01  5.20292E-01
  9.62891E-01  5.15026E-01
  9.66797E-01  5.09924E-01
  9.70703E-01  5.04994E-01
  9.74609E-01  5.00248E-01
  9.78516E-01  4.95700E-01
  9.82422E-01  4.91367E-01
  9.86328E-01  4.87255E-01
  9.90234E-01  4.83375E-01
  9.94141E-01  4.79744E-01
  9.98047E-01  4.76349E-01
  1.00195E+00  4.76351E-01
