 -1.95312E-03  1.82515E+00
  1.95312E-03  1.82537E+00
  5.85938E-03  1.82125E+00
  9.76562E-03  1.81787E+00
  1.36719E-02  1.81460E+00
  1.75781E-02  1.81135E+00
  2.14844E-02  1.80810E+00
  2.53906E-02  1.80484E+00
  2.92969E-02  1.80158E+00
  3.32031E-02  1.79829E+00
  3.71094E-02  1.79500E+00
  4.10156E-02  1.79168E+00
  4.49219E-02  1.78835E+00
  4.88281E-02  1.78500E+00
  5.27344E-02  1.78164E+00
  5.66406E-02  1.77826E+00
  6.05469E-02  1.77486E+00
  6.44531E-02  1.77144E+00
  6.83594E-02  1.76801E+00
  7.22656E-02  1.76456E+00
  7.61719E-02  1.76109E+00
  8.00781E-02  1.75760E+00
  8.39844E-02  1.75409E+00
  8.78906E-02  1.75057E+00
  9.17969E-02  1.74703E+00
  9.57031E-02  1.74347E+00
  9.96094E-02  1.73989E+00
  1.03516E-01  1.73630E+00
  1.07422E-01  1.73268E+00
  1.11328E-01  1.72905E+00
  1.15234E-01  1.72540E+00
  1.19141E-01  1.72174E+00
  1.23047E-01  1.71805E+00
  1.26953E-01  1.71435E+00
  1.30859E-01  1.71063E+00
  1.34766E-01  1.70689E+00
  1.38672E-01  1.70314E+00
  1.42578E-01  1.69936E+00
  1.46484E-01  1.69557E+00
  1.50391E-01  1.69176E+00
  1.54297E-01  1.68793E+00
  1.58203E-01  1.68409E+00
  1.62109E-01  1.68022E+00
  1.66016E-01  1.67634E+00
  1.69922E-01  1.67244E+00
  1.73828E-01  1.66853E+00
  1.77734E-01  1.66459E+00
  1.81641E-01  1.66064E+00
  1.85547E-01  1.65667E+00
  1.89453E-01  1.65268E+00
  1.93359E-01  1.64867E+00
  1.97266E-01  1.64464E+00
  2.01172E-01  1.64060E+00
  2.05078E-01  1.63654E+00
  2.08984E-01  1.63246E+00
  2.12891E-01  1.62836E+00
  2.16797E-01  1.62424E+00
  2.20703E-01  1.62011E+00
  2.24609E-01  1.61596E+00
  2.28516E-01  1.61179E+00
  2.32422E-01  1.60760E+00
  2.36328E-01  1.60339E+00
  2.40234E-01  1.59917E+00
  2.44141E-01  1.59492E+00
  2.48047E-01  1.59066E+00
  2.51953E-01  1.58638E+00
  2.55859E-01  1.58209E+00
  2.59766E-01  1.57777E+00
  2.63672E-01  1.57344E+00
  2.67578E-01  1.56909E+00
  2.71484E-01  1.56472E+00
  2.75391E-01  1.56033E+00
  2.79297E-01  1.55592E+00
  2.83203E-01  1.55150E+00
  2.87109E-01  1.54705E+00
  2.91016E-01  1.54259E+00
  2.94922E-01  1.53811E+00
  2.98828E-01  1.53361E+00
  3.02734E-01  1.52910E+00
  3.06641E-01  1.52456E+00
  3.10547E-01  1.52001E+00
  3.14453E-01  1.51544E+00
  3.18359E-01  1.51085E+00
  3.22266E-01  1.50624E+00
  3.26172E-01  1.50162E+00
  3.30078E-01  1.49697E+00
  3.33984E-01  1.49231E+00
  3.37891E-01  1.48762E+00
  3.41797E-01  1.48292E+00
  3.45703E-01  1.47821E+00
  3.49609E-01  1.47347E+00
  3.53516E-01  1.46871E+00
  3.57422E-01  1.46394E+00
  3.61328E-01  1.45914E+00
  3.65234E-01  1.45433E+00
  3.69141E-01  1.44950E+00
  3.73047E-01  1.44465E+00
  3.76953E-01  1.43979E+00
  3.80859E-01  1.43490E+00
  3.84766E-01  1.42999E+00
  3.88672E-01  1.42507E+00
  3.92578E-01  1.42013E+00
  3.96484E-01  1.41517E+00
  4.00391E-01  1.41019E+00
  4.04297E-01  1.40519E+00
  4.08203E-01  1.40017E+00
  4.12109E-01  1.39513E+00
  4.16016E-01  1.39008E+00
  4.19922E-01  1.38500E+00
  4.23828E-01  1.37991E+00
  4.27734E-01  1.37479E+00
  4.31641E-01  1.36966E+00
  4.35547E-01  1.36451E+00
  4.39453E-01  1.35934E+00
  4.43359E-01  1.35415E+00
  4.47266E-01  1.34893E+00
  4.51172E-01  1.34370E+00
  4.55078E-01  1.33846E+00
  4.58984E-01  1.33319E+00
  4.62891E-01  1.32790E+00
  4.66797E-01  1.32259E+00
  4.70703E-01  1.31726E+00
  4.74609E-01  1.31191E+00
  4.78516E-01  1.30655E+00
  4.82422E-01  1.30116E+00
  4.86328E-01  1.29576E+00
  4.90234E-01  1.29033E+00
  4.94141E-01  1.28488E+00
  4.98047E-01  1.27942E+00
  5.01953E-01  1.27393E+00
  5.05859E-01  1.26843E+00
  5.09766E-01  1.26291E+00
  5.13672E-01  1.25736E+00
  5.17578E-01  1.25180E+00
  5.21484E-01  1.24621E+00
  5.25391E-01  1.24061E+00
  5.29297E-01  1.23498E+00
  5.33203E-01  1.22934E+00
  5.37109E-01  1.22367E+00
  5.41016E-01  1.21799E+00
  5.44922E-01  1.21229E+00
  5.48828E-01  1.20656E+00
  5.52734E-01  1.20082E+00
  5.56641E-01  1.19506E+00
  5.60547E-01  1.18927E+00
  5.64453E-01  1.18347E+00
  5.68359E-01  1.17765E+00
  5.72266E-01  1.17181E+00
  5.76172E-01  1.16595E+00
  5.80078E-01  1.16006E+00
  5.83984E-01  1.15416E+00
  5.87891E-01  1.14824E+00
  5.91797E-01  1.14229E+00
  5.95703E-01  1.13633E+00
  5.99609E-01  1.13035E+00
  6.03516E-01  1.12435E+00
  6.07422E-01  1.11833E+00
  6.11328E-01  1.11229E+00
  6.15234E-01  1.10623E+00
  6.19141E-01  1.10016E+00
  6.23047E-01  1.09406E+00
  6.26953E-01  1.08794E+00
  6.30859E-01  1.08181E+00
  6.34766E-01  1.07565E+00
  6.38672E-01  1.06948E+00
  6.42578E-01  1.06328E+00
  6.46484E-01  1.05707E+00
  6.50391E-01  1.05083E+00
  6.54297E-01  1.04458E+00
  6.58203E-01  1.03830E+00
  6.62109E-01  1.03201E+00
  6.66016E-01  1.02569E+00
  6.69922E-01  1.01936E+00
  6.73828E-01  1.01301E+00
  6.77734E-01  1.00664E+00
  6.81641E-01  1.00024E+00
  6.85547E-01  9.93829E-01
  6.89453E-01  9.87396E-01
  6.93359E-01  9.80942E-01
  6.97266E-01  9.74465E-01
  7.01172E-01  9.67968E-01
  7.05078E-01  9.61451E-01
  7.08984E-01  9.54911E-01
  7.12891E-01  9.48352E-01
  7.16797E-01  9.41773E-01
  7.20703E-01  9.35174E-01
  7.24609E-01  9.28557E-01
  7.28516E-01  9.21920E-01
  7.32422E-01  9.15265E-01
  7.36328E-01  9.08590E-01
  7.40234E-01  9.01897E-01
  7.44141E-01  8.95185E-01
  7.48047E-01  8.88456E-01
  7.51953E-01  8.81709E-01
  7.55859E-01  8.74943E-01
  7.59766E-01  8.68161E-01
  7.63672E-01  8.61362E-01
  7.67578E-01  8.54548E-01
  7.71484E-01  8.47717E-01
  7.75391E-01  8.40872E-01
  7.79297E-01  8.34012E-01
  7.83203E-01  8.27139E-01
  7.87109E-01  8.20255E-01
  7.91016E-01  8.13357E-01
  7.94922E-01  8.06448E-01
  7.98828E-01  7.99527E-01
  8.02734E-01  7.92596E-01
  8.06641E-01  7.85656E-01
  8.10547E-01  7.78711E-01
  8.14453E-01  7.71759E-01
  8.18359E-01  7.64803E-01
  8.22266E-01  7.57844E-01
  8.26172E-01  7.50879E-01
  8.30078E-01  7.43912E-01
  8.33984E-01  7.36947E-01
  8.37891E-01  7.29983E-01
  8.41797E-01  7.23021E-01
  8.45703E-01  7.16065E-01
  8.49609E-01  7.09112E-01
  8.53516E-01  7.02168E-01
  8.57422E-01  6.95235E-01
  8.61328E-01  6.88314E-01
  8.65234E-01  6.81411E-01
  8.69141E-01  6.74525E-01
  8.73047E-01  6.67658E-01
  8.76953E-01  6.60817E-01
  8.80859E-01  6.54003E-01
  8.84766E-01  6.47223E-01
  8.88672E-01  6.40473E-01
  8.92578E-01  6.33761E-01
  8.96484E-01  6.27090E-01
  9.00391E-01  6.20462E-01
  9.04297E-01  6.13885E-01
  9.08203E-01  6.07364E-01
  9.12109E-01  6.00910E-01
  9.16016E-01  5.94519E-01
  9.19922E-01  5.88198E-01
  9.23828E-01  5.81954E-01
  9.27734E-01  5.75788E-01
  9.31641E-01  5.69713E-01
  9.35547E-01  5.63738E-01
  9.39453E-01  5.57857E-01
  9.43359E-01  5.52088E-01
  9.47266E-01  5.46437E-01
  9.51172E-01  5.40915E-01
  9.55078E-01  5.35525E-01
  9.58984E-01  5.30268E-01
  9.62891E-01  5.25166E-01
  9.66797E-01  5.20221E-01
  9.70703E-01  5.15451E-01
  9.74609E-01  5.10853E-01
  9.78516E-01  5.06438E-01
  9.82422E-01  5.02218E-01
  9.86328E-01  4.98196E-01
  9.90234E-01  4.94384E-01
  9.94141E-01  4.90799E-01
  9.98047E-01  4.87430E-01
  1.00195E+00  4.87432E-01
