 -1.95312E-03  1.70729E+00
  1.95312E-03  1.70759E+00
  5.85938E-03  1.70349E+00
  9.76562E-03  1.70011E+00
  1.36719E-02  1.69684E+00
  1.75781E-02  1.69360E+00
  2.14844E-02  1.69036E+00
  2.53906E-02  1.68711E+00
  2.92969E-02  1.68385E+00
  3.32031E-02  1.68058E+00
  3.71094E-02  1.67729E+00
  4.10156E-02  1.67399E+00
  4.49219E-02  1.67067E+00
  4.88281E-02  1.66734E+00
  5.27344E-02  1.66399E+00
  5.66406E-02  1.66062E+00
  6.05469E-02  1.65724E+00
  6.44531E-02  1.65385E+00
  6.83594E-02  1.65044E+00
  7.22656E-02  1.64701E+00
  7.61719E-02  1.64357E+00
  8.00781E-02  1.64011E+00
  8.39844E-02  1.63663E+00
  8.78906E-02  1.63314E+00
  9.17969E-02  1.62963E+00
  9.57031E-02  1.62611E+00
  9.96094E-02  1.62257E+00
  1.03516E-01  1.61901E+00
  1.07422E-01  1.61544E+00
  1.11328E-01  1.61186E+00
  1.15234E-01  1.60826E+00
  1.19141E-01  1.60464E+00
  1.23047E-01  1.60101E+00
  1.26953E-01  1.59736E+00
  1.30859E-01  1.59369E+00
  1.34766E-01  1.59002E+00
  1.38672E-01  1.58632E+00
  1.42578E-01  1.58261E+00
  1.46484E-01  1.57889E+00
  1.50391E-01  1.57515E+00
  1.54297E-01  1.57140E+00
  1.58203E-01  1.56763E+00
  1.62109E-01  1.56384E+00
  1.66016E-01  1.56005E+00
  1.69922E-01  1.55623E+00
  1.73828E-01  1.55240E+00
  1.77734E-01  1.54856E+00
  1.81641E-01  1.54470E+00
  1.85547E-01  1.54083E+00
  1.89453E-01  1.53694E+00
  1.93359E-01  1.53304E+00
  1.97266E-01  1.52913E+00
  2.01172E-01  1.52520E+00
  2.05078E-01  1.52126E+00
  2.08984E-01  1.51730E+00
  2.12891E-01  1.51333E+00
  2.16797E-01  1.50934E+00
  2.20703E-01  1.50535E+00
  2.24609E-01  1.50133E+00
  2.28516E-01  1.49730E+00
  2.32422E-01  1.49326E+00
  2.36328E-01  1.48921E+00
  2.40234E-01  1.48514E+00
  2.44141E-01  1.48106E+00
  2.48047E-01  1.47697E+00
  2.51953E-01  1.47286E+00
  2.55859E-01  1.46874E+00
  2.59766E-01  1.46461E+00
  2.63672E-01  1.46046E+00
  2.67578E-01  1.45630E+00
  2.71484E-01  1.45213E+00
  2.75391E-01  1.44795E+00
  2.79297E-01  1.44375E+00
  2.83203E-01  1.43954E+00
  2.87109E-01  1.43532E+00
  2.91016E-01  1.43108E+00
  2.94922E-01  1.42684E+00
  2.98828E-01  1.42258E+00
  3.02734E-01  1.41831E+00
  3.06641E-01  1.41403E+00
  3.10547E-01  1.40974E+00
  3.14453E-01  1.40544E+00
  3.18359E-01  1.40112E+00
  3.22266E-01  1.39680E+00
  3.26172E-01  1.39246E+00
  3.30078E-01  1.38811E+00
  3.33984E-01  1.38375E+00
  3.37891E-01  1.37938E+00
  3.41797E-01  1.37500E+00
  3.45703E-01  1.37061E+00
  3.49609E-01  1.36620E+00
  3.53516E-01  1.36179E+00
  3.57422E-01  1.35737E+00
  3.61328E-01  1.35293E+00
  3.65234E-01  1.34849E+00
  3.69141E-01  1.34404E+00
  3.73047E-01  1.33957E+00
  3.76953E-01  1.33510E+00
  3.80859E-01  1.33062E+00
  3.84766E-01  1.32613E+00
  3.88672E-01  1.32163E+00
  3.92578E-01  1.31712E+00
  3.96484E-01  1.31260E+00
  4.00391E-01  1.30807E+00
  4.04297E-01  1.30354E+00
  4.08203E-01  1.29900E+00
  4.12109E-01  1.29445E+00
  4.16016E-01  1.28989E+00
  4.19922E-01  1.28532E+00
  4.23828E-01  1.28075E+00
  4.27734E-01  1.27617E+00
  4.31641E-01  1.27158E+00
  4.35547E-01  1.26698E+00
  4.39453E-01  1.26238E+00
  4.43359E-01  1.25777E+00
  4.47266E-01  1.25315E+00
  4.51172E-01  1.24853E+00
  4.55078E-01  1.24390E+00
  4.58984E-01  1.23927E+00
  4.62891E-01  1.23463E+00
  4.66797E-01  1.22998E+00
  4.70703E-01  1.22533E+00
  4.74609E-01  1.22068E+00
  4.78516E-01  1.21602E+00
  4.82422E-01  1.21135E+00
  4.86328E-01  1.20668E+00
  4.90234E-01  1.20200E+00
  4.94141E-01  1.19732E+00
  4.98047E-01  1.19264E+00
  5.01953E-01  1.18796E+00
  5.05859E-01  1.18327E+00
  5.09766E-01  1.17858E+00
  5.13672E-01  1.17388E+00
  5.17578E-01  1.16918E+00
  5.21484E-01  1.16448E+00
  5.25391E-01  1.15978E+00
  5.29297E-01  1.15507E+00
  5.33203E-01  1.15037E+00
  5.37109E-01  1.14566E+00
  5.41016E-01  1.14095E+00
  5.44922E-01  1.13624E+00
  5.48828E-01  1.13153E+00
  5.52734E-01  1.12682E+00
  5.56641E-01  1.12211E+00
  5.60547E-01  1.11740E+00
  5.64453E-01  1.11268E+00
  5.68359E-01  1.10797E+00
  5.72266E-01  1.10326E+00
  5.76172E-01  1.09855E+00
  5.80078E-01  1.09385E+00
  5.83984E-01  1.08914E+00
  5.87891E-01  1.08444E+00
  5.91797E-01  1.07974E+00
  5.95703E-01  1.07505E+00
  5.99609E-01  1.07036E+00
  6.03516E-01  1.06567E+00
  6.07422E-01  1.06098E+00
  6.11328E-01  1.05630E+00
  6.15234E-01  1.05163E+00
  6.19141E-01  1.04696E+00
  6.23047E-01  1.04230E+00
  6.26953E-01  1.03764E+00
  6.30859E-01  1.03298E+00
  6.34766E-01  1.02834E+00
  6.38672E-01  1.02370E+00
  6.42578E-01  1.01906E+00
  6.46484E-01  1.01444E+00
  6.50391E-01  1.00982E+00
  6.54297E-01  1.00520E+00
  6.58203E-01  1.00060E+00
  6.62109E-01  9.95996E-01
  6.66016E-01  9.91402E-01
  6.69922E-01  9.86817E-01
  6.73828E-01  9.82241E-01
  6.77734E-01  9.77672E-01
  6.81641E-01  9.73111E-01
  6.85547E-01  9.68560E-01
  6.89453E-01  9.64017E-01
  6.93359E-01  9.59485E-01
  6.97266E-01  9.54963E-01
  7.01172E-01  9.50451E-01
  7.05078E-01  9.45952E-01
  7.08984E-01  9.41463E-01
  7.12891E-01  9.36985E-01
  7.16797E-01  9.32519E-01
  7.20703E-01  9.28065E-01
  7.24609E-01  9.23623E-01
  7.28516E-01  9.19193E-01
  7.32422E-01  9.14777E-01
  7.36328E-01  9.10372E-01
  7.40234E-01  9.05980E-01
  7.44141E-01  9.01602E-01
  7.48047E-01  8.97238E-01
  7.51953E-01  8.92887E-01
  7.55859E-01  8.88550E-01
  7.59766E-01  8.84228E-01
  7.63672E-01  8.79918E-01
  7.67578E-01  8.75624E-01
  7.71484E-01  8.71344E-01
  7.75391E-01  8.67079E-01
  7.79297E-01  8.62831E-01
  7.83203E-01  8.58597E-01
  7.87109E-01  8.54378E-01
  7.91016E-01  8.50173E-01
  7.94922E-01  8.45984E-01
  7.98828E-01  8.41812E-01
  8.02734E-01  8.37656E-01
  8.06641E-01  8.33515E-01
  8.10547E-01  8.29391E-01
  8.14453E-01  8.25282E-01
  8.18359E-01  8.21190E-01
  8.22266E-01  8.17114E-01
  8.26172E-01  8.13057E-01
  8.30078E-01  8.09016E-01
  8.33984E-01  8.04990E-01
  8.37891E-01  8.00981E-01
  8.41797E-01  7.96989E-01
  8.45703E-01  7.93016E-01
  8.49609E-01  7.89062E-01
  8.53516E-01  7.85123E-01
  8.57422E-01  7.81200E-01
  8.61328E-01  7.77295E-01
  8.65234E-01  7.73409E-01
  8.69141E-01  7.69541E-01
  8.73047E-01  7.65692E-01
  8.76953E-01  7.61859E-01
  8.80859E-01  7.58042E-01
  8.84766E-01  7.54244E-01
  8.88672E-01  7.50466E-01
  8.92578E-01  7.46706E-01
  8.96484E-01  7.42966E-01
  9.00391E-01  7.39245E-01
  9.04297E-01  7.35542E-01
  9.08203E-01  7.31856E-01
  9.12109E-01  7.28191E-01
  9.16016E-01  7.24545E-01
  9.19922E-01  7.20921E-01
  9.23828E-01  7.17317E-01
  9.27734E-01  7.13730E-01
  9.31641E-01  7.10163E-01
  9.35547E-01  7.06614E-01
  9.39453E-01  7.03086E-01
  9.43359E-01  6.99581E-01
  9.47266E-01  6.96099E-01
  9.51172E-01  6.92642E-01
  9.55078E-01  6.89205E-01
  9.58984E-01  6.85791E-01
  9.62891E-01  6.82399E-01
  9.66797E-01  6.79030E-01
  9.70703E-01  6.75685E-01
  9.74609E-01  6.72364E-01
  9.78516E-01  6.69069E-01
  9.82422E-01  6.65797E-01
  9.86328E-01  6.62551E-01
  9.90234E-01  6.59336E-01
  9.94141E-01  6.56149E-01
  9.98047E-01  6.52951E-01
  1.00195E+00  6.52960E-01
