 -1.95312E-03  1.82572E+00
  1.95312E-03  1.82660E+00
  5.85938E-03  1.82252E+00
  9.76562E-03  1.81914E+00
  1.36719E-02  1.81587E+00
  1.75781E-02  1.81262E+00
  2.14844E-02  1.80938E+00
  2.53906E-02  1.80612E+00
  2.92969E-02  1.80285E+00
  3.32031E-02  1.79957E+00
  3.71094E-02  1.79627E+00
  4.10156E-02  1.79296E+00
  4.49219E-02  1.78963E+00
  4.88281E-02  1.78628E+00
  5.27344E-02  1.78291E+00
  5.66406E-02  1.77953E+00
  6.05469E-02  1.77613E+00
  6.44531E-02  1.77271E+00
  6.83594E-02  1.76928E+00
  7.22656E-02  1.76583E+00
  7.61719E-02  1.76236E+00
  8.00781E-02  1.75887E+00
  8.39844E-02  1.75536E+00
  8.78906E-02  1.75184E+00
  9.17969E-02  1.74830E+00
  9.57031E-02  1.74474E+00
  9.96094E-02  1.74116E+00
  1.03516E-01  1.73756E+00
  1.07422E-01  1.73395E+00
  1.11328E-01  1.73032E+00
  1.15234E-01  1.72667E+00
  1.19141E-01  1.72300E+00
  1.23047E-01  1.71932E+00
  1.26953E-01  1.71561E+00
  1.30859E-01  1.71189E+00
  1.34766E-01  1.70815E+00
  1.38672E-01  1.70440E+00
  1.42578E-01  1.70062E+00
  1.46484E-01  1.69683E+00
  1.50391E-01  1.69302E+00
  1.54297E-01  1.68919E+00
  1.58203E-01  1.68534E+00
  1.62109E-01  1.68148E+00
  1.66016E-01  1.67760E+00
  1.69922E-01  1.67370E+00
  1.73828E-01  1.66978E+00
  1.77734E-01  1.66584E+00
  1.81641E-01  1.66189E+00
  1.85547E-01  1.65792E+00
  1.89453E-01  1.65393E+00
  1.93359E-01  1.64992E+00
  1.97266E-01  1.64589E+00
  2.01172E-01  1.64185E+00
  2.05078E-01  1.63778E+00
  2.08984E-01  1.63370E+00
  2.12891E-01  1.62961E+00
  2.16797E-01  1.62549E+00
  2.20703E-01  1.62135E+00
  2.24609E-01  1.61720E+00
  2.28516E-01  1.61303E+00
  2.32422E-01  1.60884E+00
  2.36328E-01  1.60463E+00
  2.40234E-01  1.60041E+00
  2.44141E-01  1.59616E+00
  2.48047E-01  1.59190E+00
  2.51953E-01  1.58762E+00
  2.55859E-01  1.58332E+00
  2.59766E-01  1.57900E+00
  2.63672E-01  1.57467E+00
  2.67578E-01  1.57032E+00
  2.71484E-01  1.56595E+00
  2.75391E-01  1.56156E+00
  2.79297E-01  1.55715E+00
  2.83203E-01  1.55272E+00
  2.87109E-01  1.54827E+00
  2.91016E-01  1.54381E+00
  2.94922E-01  1.53933E+00
  2.98828E-01  1.53483E+00
  3.02734E-01  1.53031E+00
  3.06641E-01  1.52577E+00
  3.10547E-01  1.52122E+00
  3.14453E-01  1.51664E+00
  3.18359E-01  1.51205E+00
  3.22266E-01  1.50744E+00
  3.26172E-01  1.50282E+00
  3.30078E-01  1.49817E+00
  3.33984E-01  1.49350E+00
  3.37891E-01  1.48882E+00
  3.41797E-01  1.48412E+00
  3.45703E-01  1.47939E+00
  3.49609E-01  1.47466E+00
  3.53516E-01  1.46990E+00
  3.57422E-01  1.46512E+00
  3.61328E-01  1.46032E+00
  3.65234E-01  1.45551E+00
  3.69141E-01  1.45068E+00
  3.73047E-01  1.44582E+00
  3.76953E-01  1.44095E+00
  3.80859E-01  1.43606E+00
  3.84766E-01  1.43115E+00
  3.88672E-01  1.42623E+00
  3.92578E-01  1.42128E+00
  3.96484E-01  1.41631E+00
  4.00391E-01  1.41133E+00
  4.04297E-01  1.40633E+00
  4.08203E-01  1.40130E+00
  4.12109E-01  1.39626E+00
  4.16016E-01  1.39120E+00
  4.19922E-01  1.38612E+00
  4.23828E-01  1.38102E+00
  4.27734E-01  1.37590E+00
  4.31641E-01  1.37076E+00
  4.35547E-01  1.36561E+00
  4.39453E-01  1.36043E+00
  4.43359E-01  1.35523E+00
  4.47266E-01  1.35001E+00
  4.51172E-01  1.34478E+00
  4.55078E-01  1.33952E+00
  4.58984E-01  1.33425E+00
  4.62891E-01  1.32895E+00
  4.66797E-01  1.32364E+00
  4.70703E-01  1.31830E+00
  4.74609E-01  1.31295E+00
  4.78516E-01  1.30757E+00
  4.82422E-01  1.30218E+00
  4.86328E-01  1.29676E+00
  4.90234E-01  1.29133E+00
  4.94141E-01  1.28587E+00
  4.98047E-01  1.28040E+00
  5.01953E-01  1.27490E+00
  5.05859E-01  1.26939E+00
  5.09766E-01  1.26385E+00
  5.13672E-01  1.25830E+00
  5.17578E-01  1.25272E+00
  5.21484E-01  1.24712E+00
  5.25391E-01  1.24151E+00
  5.29297E-01  1.23587E+00
  5.33203E-01  1.23022E+00
  5.37109E-01  1.22454E+00
  5.41016E-01  1.21884E+00
  5.44922E-01  1.21312E+00
  5.48828E-01  1.20738E+00
  5.52734E-01  1.20162E+00
  5.56641E-01  1.19584E+00
  5.60547E-01  1.19004E+00
  5.64453E-01  1.18421E+00
  5.68359E-01  1.17837E+00
  5.72266E-01  1.17250E+00
  5.76172E-01  1.16662E+00
  5.80078E-01  1.16071E+00
  5.83984E-01  1.15478E+00
  5.87891E-01  1.14883E+00
  5.91797E-01  1.14286E+00
  5.95703E-01  1.13686E+00
  5.99609E-01  1.13085E+00
  6.03516E-01  1.12482E+00
  6.07422E-01  1.11876E+00
  6.11328E-01  1.11268E+00
  6.15234E-01  1.10659E+00
  6.19141E-01  1.10047E+00
  6.23047E-01  1.09433E+00
  6.26953E-01  1.08817E+00
  6.30859E-01  1.08199E+00
  6.34766E-01  1.07578E+00
  6.38672E-01  1.06955E+00
  6.42578E-01  1.06331E+00
  6.46484E-01  1.05704E+00
  6.50391E-01  1.05074E+00
  6.54297E-01  1.04443E+00
  6.58203E-01  1.03809E+00
  6.62109E-01  1.03174E+00
  6.66016E-01  1.02536E+00
  6.69922E-01  1.01895E+00
  6.73828E-01  1.01253E+00
  6.77734E-01  1.00608E+00
  6.81641E-01  9.99615E-01
  6.85547E-01  9.93125E-01
  6.89453E-01  9.86612E-01
  6.93359E-01  9.80078E-01
  6.97266E-01  9.73520E-01
  7.01172E-01  9.66942E-01
  7.05078E-01  9.60341E-01
  7.08984E-01  9.53719E-01
  7.12891E-01  9.47075E-01
  7.16797E-01  9.40408E-01
  7.20703E-01  9.33721E-01
  7.24609E-01  9.27012E-01
  7.28516E-01  9.20282E-01
  7.32422E-01  9.13532E-01
  7.36328E-01  9.06762E-01
  7.40234E-01  8.99970E-01
  7.44141E-01  8.93156E-01
  7.48047E-01  8.86323E-01
  7.51953E-01  8.79469E-01
  7.55859E-01  8.72597E-01
  7.59766E-01  8.65704E-01
  7.63672E-01  8.58790E-01
  7.67578E-01  8.51858E-01
  7.71484E-01  8.44909E-01
  7.75391E-01  8.37942E-01
  7.79297E-01  8.30956E-01
  7.83203E-01  8.23955E-01
  7.87109E-01  8.16938E-01
  7.91016E-01  8.09905E-01
  7.94922E-01  8.02854E-01
  7.98828E-01  7.95791E-01
  8.02734E-01  7.88713E-01
  8.06641E-01  7.81622E-01
  8.10547E-01  7.74520E-01
  8.14453E-01  7.67408E-01
  8.18359E-01  7.60285E-01
  8.22266E-01  7.53151E-01
  8.26172E-01  7.46010E-01
  8.30078E-01  7.38863E-01
  8.33984E-01  7.31711E-01
  8.37891E-01  7.24554E-01
  8.41797E-01  7.17392E-01
  8.45703E-01  7.10227E-01
  8.49609E-01  7.03063E-01
  8.53516E-01  6.95898E-01
  8.57422E-01  6.88738E-01
  8.61328E-01  6.81588E-01
  8.65234E-01  6.74444E-01
  8.69141E-01  6.67314E-01
  8.73047E-01  6.60197E-01
  8.76953E-01  6.53099E-01
  8.80859E-01  6.46029E-01
  8.84766E-01  6.38986E-01
  8.88672E-01  6.31979E-01
  8.92578E-01  6.24998E-01
  8.96484E-01  6.18051E-01
  9.00391E-01  6.11152E-01
  9.04297E-01  6.04299E-01
  9.08203E-01  5.97500E-01
  9.12109E-01  5.90748E-01
  9.16016E-01  5.84057E-01
  9.19922E-01  5.77439E-01
  9.23828E-01  5.70900E-01
  9.27734E-01  5.64453E-01
  9.31641E-01  5.58088E-01
  9.35547E-01  5.51824E-01
  9.39453E-01  5.45665E-01
  9.43359E-01  5.39632E-01
  9.47266E-01  5.33712E-01
  9.51172E-01  5.27923E-01
  9.55078E-01  5.22277E-01
  9.58984E-01  5.16784E-01
  9.62891E-01  5.11459E-01
  9.66797E-01  5.06303E-01
  9.70703E-01  5.01331E-01
  9.74609E-01  4.96549E-01
  9.78516E-01  4.91967E-01
  9.82422E-01  4.87599E-01
  9.86328E-01  4.83459E-01
  9.90234E-01  4.79558E-01
  9.94141E-01  4.75913E-01
  9.98047E-01  4.72515E-01
  1.00195E+00  4.72523E-01
