 -1.95312E-03  1.82614E+00
  1.95312E-03  1.82702E+00
  5.85938E-03  1.82294E+00
  9.76562E-03  1.81956E+00
  1.36719E-02  1.81629E+00
  1.75781E-02  1.81304E+00
  2.14844E-02  1.80979E+00
  2.53906E-02  1.80654E+00
  2.92969E-02  1.80327E+00
  3.32031E-02  1.79999E+00
  3.71094E-02  1.79669E+00
  4.10156E-02  1.79338E+00
  4.49219E-02  1.79005E+00
  4.88281E-02  1.78670E+00
  5.27344E-02  1.78333E+00
  5.66406E-02  1.77995E+00
  6.05469E-02  1.77655E+00
  6.44531E-02  1.77314E+00
  6.83594E-02  1.76970E+00
  7.22656E-02  1.76625E+00
  7.61719E-02  1.76278E+00
  8.00781E-02  1.75929E+00
  8.39844E-02  1.75578E+00
  8.78906E-02  1.75226E+00
  9.17969E-02  1.74872E+00
  9.57031E-02  1.74516E+00
  9.96094E-02  1.74158E+00
  1.03516E-01  1.73798E+00
  1.07422E-01  1.73437E+00
  1.11328E-01  1.73074E+00
  1.15234E-01  1.72709E+00
  1.19141E-01  1.72342E+00
  1.23047E-01  1.71974E+00
  1.26953E-01  1.71603E+00
  1.30859E-01  1.71231E+00
  1.34766E-01  1.70857E+00
  1.38672E-01  1.70482E+00
  1.42578E-01  1.70104E+00
  1.46484E-01  1.69725E+00
  1.50391E-01  1.69344E+00
  1.54297E-01  1.68961E+00
  1.58203E-01  1.68576E+00
  1.62109E-01  1.68190E+00
  1.66016E-01  1.67802E+00
  1.69922E-01  1.67412E+00
  1.73828E-01  1.67020E+00
  1.77734E-01  1.66626E+00
  1.81641E-01  1.66231E+00
  1.85547E-01  1.65833E+00
  1.89453E-01  1.65434E+00
  1.93359E-01  1.65034E+00
  1.97266E-01  1.64631E+00
  2.01172E-01  1.64227E+00
  2.05078E-01  1.63820E+00
  2.08984E-01  1.63412E+00
  2.12891E-01  1.63002E+00
  2.16797E-01  1.62591E+00
  2.20703E-01  1.62177E+00
  2.24609E-01  1.61762E+00
  2.28516E-01  1.61345E+00
  2.32422E-01  1.60926E+00
  2.36328E-01  1.60505E+00
  2.40234E-01  1.60082E+00
  2.44141E-01  1.59658E+00
  2.48047E-01  1.59232E+00
  2.51953E-01  1.58803E+00
  2.55859E-01  1.58373E+00
  2.59766E-01  1.57942E+00
  2.63672E-01  1.57508E+00
  2.67578E-01  1.57073E+00
  2.71484E-01  1.56636E+00
  2.75391E-01  1.56197E+00
  2.79297E-01  1.55756E+00
  2.83203E-01  1.55313E+00
  2.87109E-01  1.54868E+00
  2.91016E-01  1.54422E+00
  2.94922E-01  1.53974E+00
  2.98828E-01  1.53523E+00
  3.02734E-01  1.53072E+00
  3.06641E-01  1.52618E+00
  3.10547E-01  1.52162E+00
  3.14453E-01  1.51705E+00
  3.18359E-01  1.51246E+00
  3.22266E-01  1.50785E+00
  3.26172E-01  1.50322E+00
  3.30078E-01  1.49857E+00
  3.33984E-01  1.49390E+00
  3.37891E-01  1.48921E+00
  3.41797E-01  1.48451E+00
  3.45703E-01  1.47979E+00
  3.49609E-01  1.47505E+00
  3.53516E-01  1.47029E+00
  3.57422E-01  1.46551E+00
  3.61328E-01  1.46071E+00
  3.65234E-01  1.45590E+00
  3.69141E-01  1.45106E+00
  3.73047E-01  1.44621E+00
  3.76953E-01  1.44133E+00
  3.80859E-01  1.43644E+00
  3.84766E-01  1.43153E+00
  3.88672E-01  1.42660E+00
  3.92578E-01  1.42165E+00
  3.96484E-01  1.41668E+00
  4.00391E-01  1.41169E+00
  4.04297E-01  1.40669E+00
  4.08203E-01  1.40166E+00
  4.12109E-01  1.39662E+00
  4.16016E-01  1.39155E+00
  4.19922E-01  1.38647E+00
  4.23828E-01  1.38137E+00
  4.27734E-01  1.37625E+00
  4.31641E-01  1.37111E+00
  4.35547E-01  1.36594E+00
  4.39453E-01  1.36076E+00
  4.43359E-01  1.35556E+00
  4.47266E-01  1.35034E+00
  4.51172E-01  1.34510E+00
  4.55078E-01  1.33984E+00
  4.58984E-01  1.33456E+00
  4.62891E-01  1.32927E+00
  4.66797E-01  1.32395E+00
  4.70703E-01  1.31861E+00
  4.74609E-01  1.31325E+00
  4.78516E-01  1.30787E+00
  4.82422E-01  1.30247E+00
  4.86328E-01  1.29706E+00
  4.90234E-01  1.29162E+00
  4.94141E-01  1.28616E+00
  4.98047E-01  1.28068E+00
  5.01953E-01  1.27518E+00
  5.05859E-01  1.26966E+00
  5.09766E-01  1.26412E+00
  5.13672E-01  1.25856E+00
  5.17578E-01  1.25298E+00
  5.21484E-01  1.24738E+00
  5.25391E-01  1.24176E+00
  5.29297E-01  1.23612E+00
  5.33203E-01  1.23046E+00
  5.37109E-01  1.22478E+00
  5.41016E-01  1.21907E+00
  5.44922E-01  1.21335E+00
  5.48828E-01  1.20760E+00
  5.52734E-01  1.20184E+00
  5.56641E-01  1.19605E+00
  5.60547E-01  1.19024E+00
  5.64453E-01  1.18441E+00
  5.68359E-01  1.17857E+00
  5.72266E-01  1.17269E+00
  5.76172E-01  1.16680E+00
  5.80078E-01  1.16088E+00
  5.83984E-01  1.15495E+00
  5.87891E-01  1.14899E+00
  5.91797E-01  1.14301E+00
  5.95703E-01  1.13701E+00
  5.99609E-01  1.13099E+00
  6.03516E-01  1.12495E+00
  6.07422E-01  1.11888E+00
  6.11328E-01  1.11280E+00
  6.15234E-01  1.10670E+00
  6.19141E-01  1.10057E+00
  6.23047E-01  1.09442E+00
  6.26953E-01  1.08825E+00
  6.30859E-01  1.08206E+00
  6.34766E-01  1.07584E+00
  6.38672E-01  1.06961E+00
  6.42578E-01  1.06335E+00
  6.46484E-01  1.05707E+00
  6.50391E-01  1.05077E+00
  6.54297E-01  1.04444E+00
  6.58203E-01  1.03810E+00
  6.62109E-01  1.03173E+00
  6.66016E-01  1.02533E+00
  6.69922E-01  1.01892E+00
  6.73828E-01  1.01248E+00
  6.77734E-01  1.00603E+00
  6.81641E-01  9.99548E-01
  6.85547E-01  9.93046E-01
  6.89453E-01  9.86524E-01
  6.93359E-01  9.79978E-01
  6.97266E-01  9.73410E-01
  7.01172E-01  9.66821E-01
  7.05078E-01  9.60209E-01
  7.08984E-01  9.53576E-01
  7.12891E-01  9.46923E-01
  7.16797E-01  9.40247E-01
  7.20703E-01  9.33549E-01
  7.24609E-01  9.26829E-01
  7.28516E-01  9.20087E-01
  7.32422E-01  9.13324E-01
  7.36328E-01  9.06542E-01
  7.40234E-01  8.99737E-01
  7.44141E-01  8.92915E-01
  7.48047E-01  8.86073E-01
  7.51953E-01  8.79211E-01
  7.55859E-01  8.72331E-01
  7.59766E-01  8.65429E-01
  7.63672E-01  8.58508E-01
  7.67578E-01  8.51568E-01
  7.71484E-01  8.44610E-01
  7.75391E-01  8.37635E-01
  7.79297E-01  8.30641E-01
  7.83203E-01  8.23630E-01
  7.87109E-01  8.16604E-01
  7.91016E-01  8.09562E-01
  7.94922E-01  8.02504E-01
  7.98828E-01  7.95430E-01
  8.02734E-01  7.88343E-01
  8.06641E-01  7.81244E-01
  8.10547E-01  7.74136E-01
  8.14453E-01  7.67018E-01
  8.18359E-01  7.59887E-01
  8.22266E-01  7.52748E-01
  8.26172E-01  7.45601E-01
  8.30078E-01  7.38444E-01
  8.33984E-01  7.31280E-01
  8.37891E-01  7.24115E-01
  8.41797E-01  7.16945E-01
  8.45703E-01  7.09773E-01
  8.49609E-01  7.02603E-01
  8.53516E-01  6.95435E-01
  8.57422E-01  6.88271E-01
  8.61328E-01  6.81113E-01
  8.65234E-01  6.73966E-01
  8.69141E-01  6.66833E-01
  8.73047E-01  6.59712E-01
  8.76953E-01  6.52609E-01
  8.80859E-01  6.45533E-01
  8.84766E-01  6.38481E-01
  8.88672E-01  6.31456E-01
  8.92578E-01  6.24457E-01
  8.96484E-01  6.17496E-01
  9.00391E-01  6.10580E-01
  9.04297E-01  6.03713E-01
  9.08203E-01  5.96903E-01
  9.12109E-01  5.90147E-01
  9.16016E-01  5.83447E-01
  9.19922E-01  5.76816E-01
  9.23828E-01  5.70262E-01
  9.27734E-01  5.63798E-01
  9.31641E-01  5.57422E-01
  9.35547E-01  5.51139E-01
  9.39453E-01  5.44958E-01
  9.43359E-01  5.38895E-01
  9.47266E-01  5.32958E-01
  9.51172E-01  5.27146E-01
  9.55078E-01  5.21479E-01
  9.58984E-01  5.15962E-01
  9.62891E-01  5.10603E-01
  9.66797E-01  5.05418E-01
  9.70703E-01  5.00416E-01
  9.74609E-01  4.95609E-01
  9.78516E-01  4.91009E-01
  9.82422E-01  4.86628E-01
  9.86328E-01  4.82482E-01
  9.90234E-01  4.78575E-01
  9.94141E-01  4.74929E-01
  9.98047E-01  4.71532E-01
  1.00195E+00  4.71540E-01
