 -1.95312E-03  1.82622E+00
  1.95312E-03  1.82710E+00
  5.85938E-03  1.82302E+00
  9.76562E-03  1.81964E+00
  1.36719E-02  1.81637E+00
  1.75781E-02  1.81312E+00
  2.14844E-02  1.80987E+00
  2.53906E-02  1.80662E+00
  2.92969E-02  1.80335E+00
  3.32031E-02  1.80007E+00
  3.71094E-02  1.79677E+00
  4.10156E-02  1.79346E+00
  4.49219E-02  1.79013E+00
  4.88281E-02  1.78678E+00
  5.27344E-02  1.78341E+00
  5.66406E-02  1.78003E+00
  6.05469E-02  1.77663E+00
  6.44531E-02  1.77321E+00
  6.83594E-02  1.76978E+00
  7.22656E-02  1.76633E+00
  7.61719E-02  1.76285E+00
  8.00781E-02  1.75937E+00
  8.39844E-02  1.75586E+00
  8.78906E-02  1.75234E+00
  9.17969E-02  1.74880E+00
  9.57031E-02  1.74524E+00
  9.96094E-02  1.74166E+00
  1.03516E-01  1.73806E+00
  1.07422E-01  1.73445E+00
  1.11328E-01  1.73082E+00
  1.15234E-01  1.72717E+00
  1.19141E-01  1.72350E+00
  1.23047E-01  1.71981E+00
  1.26953E-01  1.71611E+00
  1.30859E-01  1.71239E+00
  1.34766E-01  1.70865E+00
  1.38672E-01  1.70489E+00
  1.42578E-01  1.70112E+00
  1.46484E-01  1.69733E+00
  1.50391E-01  1.69351E+00
  1.54297E-01  1.68969E+00
  1.58203E-01  1.68584E+00
  1.62109E-01  1.68198E+00
  1.66016E-01  1.67809E+00
  1.69922E-01  1.67419E+00
  1.73828E-01  1.67027E+00
  1.77734E-01  1.66634E+00
  1.81641E-01  1.66238E+00
  1.85547E-01  1.65841E+00
  1.89453E-01  1.65442E+00
  1.93359E-01  1.65041E+00
  1.97266E-01  1.64639E+00
  2.01172E-01  1.64234E+00
  2.05078E-01  1.63828E+00
  2.08984E-01  1.63420E+00
  2.12891E-01  1.63010E+00
  2.16797E-01  1.62598E+00
  2.20703E-01  1.62185E+00
  2.24609E-01  1.61769E+00
  2.28516E-01  1.61352E+00
  2.32422E-01  1.60933E+00
  2.36328E-01  1.60512E+00
  2.40234E-01  1.60090E+00
  2.44141E-01  1.59665E+00
  2.48047E-01  1.59239E+00
  2.51953E-01  1.58811E+00
  2.55859E-01  1.58381E+00
  2.59766E-01  1.57949E+00
  2.63672E-01  1.57516E+00
  2.67578E-01  1.57081E+00
  2.71484E-01  1.56643E+00
  2.75391E-01  1.56204E+00
  2.79297E-01  1.55763E+00
  2.83203E-01  1.55320E+00
  2.87109E-01  1.54876E+00
  2.91016E-01  1.54429E+00
  2.94922E-01  1.53981E+00
  2.98828E-01  1.53531E+00
  3.02734E-01  1.53079E+00
  3.06641E-01  1.52625E+00
  3.10547E-01  1.52170E+00
  3.14453E-01  1.51712E+00
  3.18359E-01  1.51253E+00
  3.22266E-01  1.50792E+00
  3.26172E-01  1.50329E+00
  3.30078E-01  1.49864E+00
  3.33984E-01  1.49397E+00
  3.37891E-01  1.48929E+00
  3.41797E-01  1.48458E+00
  3.45703E-01  1.47986E+00
  3.49609E-01  1.47512E+00
  3.53516E-01  1.47036E+00
  3.57422E-01  1.46558E+00
  3.61328E-01  1.46078E+00
  3.65234E-01  1.45596E+00
  3.69141E-01  1.45113E+00
  3.73047E-01  1.44627E+00
  3.76953E-01  1.44140E+00
  3.80859E-01  1.43651E+00
  3.84766E-01  1.43160E+00
  3.88672E-01  1.42667E+00
  3.92578E-01  1.42172E+00
  3.96484E-01  1.41675E+00
  4.00391E-01  1.41176E+00
  4.04297E-01  1.40675E+00
  4.08203E-01  1.40173E+00
  4.12109E-01  1.39668E+00
  4.16016E-01  1.39162E+00
  4.19922E-01  1.38653E+00
  4.23828E-01  1.38143E+00
  4.27734E-01  1.37631E+00
  4.31641E-01  1.37117E+00
  4.35547E-01  1.36600E+00
  4.39453E-01  1.36082E+00
  4.43359E-01  1.35562E+00
  4.47266E-01  1.35040E+00
  4.51172E-01  1.34516E+00
  4.55078E-01  1.33990E+00
  4.58984E-01  1.33462E+00
  4.62891E-01  1.32932E+00
  4.66797E-01  1.32401E+00
  4.70703E-01  1.31867E+00
  4.74609E-01  1.31331E+00
  4.78516E-01  1.30793E+00
  4.82422E-01  1.30253E+00
  4.86328E-01  1.29711E+00
  4.90234E-01  1.29167E+00
  4.94141E-01  1.28621E+00
  4.98047E-01  1.28073E+00
  5.01953E-01  1.27523E+00
  5.05859E-01  1.26971E+00
  5.09766E-01  1.26417E+00
  5.13672E-01  1.25861E+00
  5.17578E-01  1.25303E+00
  5.21484E-01  1.24743E+00
  5.25391E-01  1.24181E+00
  5.29297E-01  1.23617E+00
  5.33203E-01  1.23051E+00
  5.37109E-01  1.22482E+00
  5.41016E-01  1.21912E+00
  5.44922E-01  1.21339E+00
  5.48828E-01  1.20764E+00
  5.52734E-01  1.20188E+00
  5.56641E-01  1.19609E+00
  5.60547E-01  1.19028E+00
  5.64453E-01  1.18445E+00
  5.68359E-01  1.17860E+00
  5.72266E-01  1.17273E+00
  5.76172E-01  1.16683E+00
  5.80078E-01  1.16091E+00
  5.83984E-01  1.15498E+00
  5.87891E-01  1.14902E+00
  5.91797E-01  1.14304E+00
  5.95703E-01  1.13704E+00
  5.99609E-01  1.13101E+00
  6.03516E-01  1.12497E+00
  6.07422E-01  1.11891E+00
  6.11328E-01  1.11282E+00
  6.15234E-01  1.10672E+00
  6.19141E-01  1.10059E+00
  6.23047E-01  1.09444E+00
  6.26953E-01  1.08827E+00
  6.30859E-01  1.08207E+00
  6.34766E-01  1.07586E+00
  6.38672E-01  1.06962E+00
  6.42578E-01  1.06336E+00
  6.46484E-01  1.05708E+00
  6.50391E-01  1.05077E+00
  6.54297E-01  1.04445E+00
  6.58203E-01  1.03810E+00
  6.62109E-01  1.03173E+00
  6.66016E-01  1.02534E+00
  6.69922E-01  1.01892E+00
  6.73828E-01  1.01248E+00
  6.77734E-01  1.00602E+00
  6.81641E-01  9.99541E-01
  6.85547E-01  9.93038E-01
  6.89453E-01  9.86514E-01
  6.93359E-01  9.79968E-01
  6.97266E-01  9.73399E-01
  7.01172E-01  9.66808E-01
  7.05078E-01  9.60195E-01
  7.08984E-01  9.53560E-01
  7.12891E-01  9.46903E-01
  7.16797E-01  9.40227E-01
  7.20703E-01  9.33529E-01
  7.24609E-01  9.26810E-01
  7.28516E-01  9.20067E-01
  7.32422E-01  9.13304E-01
  7.36328E-01  9.06521E-01
  7.40234E-01  8.99720E-01
  7.44141E-01  8.92897E-01
  7.48047E-01  8.86053E-01
  7.51953E-01  8.79189E-01
  7.55859E-01  8.72305E-01
  7.59766E-01  8.65401E-01
  7.63672E-01  8.58479E-01
  7.67578E-01  8.51538E-01
  7.71484E-01  8.44578E-01
  7.75391E-01  8.37599E-01
  7.79297E-01  8.30605E-01
  7.83203E-01  8.23592E-01
  7.87109E-01  8.16565E-01
  7.91016E-01  8.09522E-01
  7.94922E-01  8.02461E-01
  7.98828E-01  7.95386E-01
  8.02734E-01  7.88296E-01
  8.06641E-01  7.81194E-01
  8.10547E-01  7.74082E-01
  8.14453E-01  7.66961E-01
  8.18359E-01  7.59828E-01
  8.22266E-01  7.52687E-01
  8.26172E-01  7.45540E-01
  8.30078E-01  7.38383E-01
  8.33984E-01  7.31222E-01
  8.37891E-01  7.24057E-01
  8.41797E-01  7.16886E-01
  8.45703E-01  7.09715E-01
  8.49609E-01  7.02547E-01
  8.53516E-01  6.95380E-01
  8.57422E-01  6.88216E-01
  8.61328E-01  6.81056E-01
  8.65234E-01  6.73908E-01
  8.69141E-01  6.66772E-01
  8.73047E-01  6.59650E-01
  8.76953E-01  6.52547E-01
  8.80859E-01  6.45470E-01
  8.84766E-01  6.38420E-01
  8.88672E-01  6.31398E-01
  8.92578E-01  6.24406E-01
  8.96484E-01  6.17447E-01
  9.00391E-01  6.10531E-01
  9.04297E-01  6.03657E-01
  9.08203E-01  5.96839E-01
  9.12109E-01  5.90073E-01
  9.16016E-01  5.83372E-01
  9.19922E-01  5.76742E-01
  9.23828E-01  5.70187E-01
  9.27734E-01  5.63719E-01
  9.31641E-01  5.57334E-01
  9.35547E-01  5.51047E-01
  9.39453E-01  5.44872E-01
  9.43359E-01  5.38806E-01
  9.47266E-01  5.32860E-01
  9.51172E-01  5.27047E-01
  9.55078E-01  5.21382E-01
  9.58984E-01  5.15873E-01
  9.62891E-01  5.10533E-01
  9.66797E-01  5.05354E-01
  9.70703E-01  5.00360E-01
  9.74609E-01  4.95553E-01
  9.78516E-01  4.90950E-01
  9.82422E-01  4.86566E-01
  9.86328E-01  4.82420E-01
  9.90234E-01  4.78510E-01
  9.94141E-01  4.74850E-01
  9.98047E-01  4.71436E-01
  1.00195E+00  4.71443E-01
