 -1.95312E-03  1.82604E+00
  1.95312E-03  1.82692E+00
  5.85938E-03  1.82284E+00
  9.76562E-03  1.81946E+00
  1.36719E-02  1.81619E+00
  1.75781E-02  1.81294E+00
  2.14844E-02  1.80970E+00
  2.53906E-02  1.80644E+00
  2.92969E-02  1.80317E+00
  3.32031E-02  1.79989E+00
  3.71094E-02  1.79659E+00
  4.10156E-02  1.79328E+00
  4.49219E-02  1.78995E+00
  4.88281E-02  1.78660E+00
  5.27344E-02  1.78324E+00
  5.66406E-02  1.77985E+00
  6.05469E-02  1.77645E+00
  6.44531E-02  1.77304E+00
  6.83594E-02  1.76960E+00
  7.22656E-02  1.76615E+00
  7.61719E-02  1.76268E+00
  8.00781E-02  1.75919E+00
  8.39844E-02  1.75568E+00
  8.78906E-02  1.75216E+00
  9.17969E-02  1.74862E+00
  9.57031E-02  1.74506E+00
  9.96094E-02  1.74148E+00
  1.03516E-01  1.73789E+00
  1.07422E-01  1.73427E+00
  1.11328E-01  1.73064E+00
  1.15234E-01  1.72699E+00
  1.19141E-01  1.72332E+00
  1.23047E-01  1.71964E+00
  1.26953E-01  1.71594E+00
  1.30859E-01  1.71222E+00
  1.34766E-01  1.70848E+00
  1.38672E-01  1.70472E+00
  1.42578E-01  1.70095E+00
  1.46484E-01  1.69715E+00
  1.50391E-01  1.69334E+00
  1.54297E-01  1.68951E+00
  1.58203E-01  1.68567E+00
  1.62109E-01  1.68180E+00
  1.66016E-01  1.67792E+00
  1.69922E-01  1.67402E+00
  1.73828E-01  1.67010E+00
  1.77734E-01  1.66617E+00
  1.81641E-01  1.66221E+00
  1.85547E-01  1.65824E+00
  1.89453E-01  1.65425E+00
  1.93359E-01  1.65024E+00
  1.97266E-01  1.64621E+00
  2.01172E-01  1.64217E+00
  2.05078E-01  1.63811E+00
  2.08984E-01  1.63403E+00
  2.12891E-01  1.62993E+00
  2.16797E-01  1.62581E+00
  2.20703E-01  1.62168E+00
  2.24609E-01  1.61752E+00
  2.28516E-01  1.61335E+00
  2.32422E-01  1.60916E+00
  2.36328E-01  1.60495E+00
  2.40234E-01  1.60073E+00
  2.44141E-01  1.59649E+00
  2.48047E-01  1.59222E+00
  2.51953E-01  1.58794E+00
  2.55859E-01  1.58364E+00
  2.59766E-01  1.57932E+00
  2.63672E-01  1.57499E+00
  2.67578E-01  1.57063E+00
  2.71484E-01  1.56626E+00
  2.75391E-01  1.56187E+00
  2.79297E-01  1.55746E+00
  2.83203E-01  1.55304E+00
  2.87109E-01  1.54859E+00
  2.91016E-01  1.54412E+00
  2.94922E-01  1.53964E+00
  2.98828E-01  1.53514E+00
  3.02734E-01  1.53062E+00
  3.06641E-01  1.52609E+00
  3.10547E-01  1.52153E+00
  3.14453E-01  1.51696E+00
  3.18359E-01  1.51237E+00
  3.22266E-01  1.50776E+00
  3.26172E-01  1.50313E+00
  3.30078E-01  1.49848E+00
  3.33984E-01  1.49381E+00
  3.37891E-01  1.48913E+00
  3.41797E-01  1.48442E+00
  3.45703E-01  1.47970E+00
  3.49609E-01  1.47496E+00
  3.53516E-01  1.47020E+00
  3.57422E-01  1.46542E+00
  3.61328E-01  1.46063E+00
  3.65234E-01  1.45581E+00
  3.69141E-01  1.45097E+00
  3.73047E-01  1.44612E+00
  3.76953E-01  1.44125E+00
  3.80859E-01  1.43636E+00
  3.84766E-01  1.43145E+00
  3.88672E-01  1.42652E+00
  3.92578E-01  1.42157E+00
  3.96484E-01  1.41660E+00
  4.00391E-01  1.41161E+00
  4.04297E-01  1.40661E+00
  4.08203E-01  1.40158E+00
  4.12109E-01  1.39654E+00
  4.16016E-01  1.39147E+00
  4.19922E-01  1.38639E+00
  4.23828E-01  1.38129E+00
  4.27734E-01  1.37617E+00
  4.31641E-01  1.37103E+00
  4.35547E-01  1.36587E+00
  4.39453E-01  1.36069E+00
  4.43359E-01  1.35549E+00
  4.47266E-01  1.35027E+00
  4.51172E-01  1.34503E+00
  4.55078E-01  1.33977E+00
  4.58984E-01  1.33449E+00
  4.62891E-01  1.32919E+00
  4.66797E-01  1.32388E+00
  4.70703E-01  1.31854E+00
  4.74609E-01  1.31318E+00
  4.78516E-01  1.30780E+00
  4.82422E-01  1.30241E+00
  4.86328E-01  1.29699E+00
  4.90234E-01  1.29155E+00
  4.94141E-01  1.28609E+00
  4.98047E-01  1.28061E+00
  5.01953E-01  1.27512E+00
  5.05859E-01  1.26960E+00
  5.09766E-01  1.26406E+00
  5.13672E-01  1.25850E+00
  5.17578E-01  1.25292E+00
  5.21484E-01  1.24732E+00
  5.25391E-01  1.24171E+00
  5.29297E-01  1.23607E+00
  5.33203E-01  1.23040E+00
  5.37109E-01  1.22472E+00
  5.41016E-01  1.21902E+00
  5.44922E-01  1.21330E+00
  5.48828E-01  1.20755E+00
  5.52734E-01  1.20179E+00
  5.56641E-01  1.19600E+00
  5.60547E-01  1.19020E+00
  5.64453E-01  1.18437E+00
  5.68359E-01  1.17852E+00
  5.72266E-01  1.17265E+00
  5.76172E-01  1.16676E+00
  5.80078E-01  1.16085E+00
  5.83984E-01  1.15491E+00
  5.87891E-01  1.14895E+00
  5.91797E-01  1.14297E+00
  5.95703E-01  1.13698E+00
  5.99609E-01  1.13096E+00
  6.03516E-01  1.12492E+00
  6.07422E-01  1.11885E+00
  6.11328E-01  1.11277E+00
  6.15234E-01  1.10667E+00
  6.19141E-01  1.10054E+00
  6.23047E-01  1.09440E+00
  6.26953E-01  1.08823E+00
  6.30859E-01  1.08204E+00
  6.34766E-01  1.07583E+00
  6.38672E-01  1.06959E+00
  6.42578E-01  1.06334E+00
  6.46484E-01  1.05706E+00
  6.50391E-01  1.05076E+00
  6.54297E-01  1.04444E+00
  6.58203E-01  1.03809E+00
  6.62109E-01  1.03172E+00
  6.66016E-01  1.02533E+00
  6.69922E-01  1.01892E+00
  6.73828E-01  1.01249E+00
  6.77734E-01  1.00604E+00
  6.81641E-01  9.99558E-01
  6.85547E-01  9.93059E-01
  6.89453E-01  9.86539E-01
  6.93359E-01  9.79996E-01
  6.97266E-01  9.73430E-01
  7.01172E-01  9.66843E-01
  7.05078E-01  9.60233E-01
  7.08984E-01  9.53602E-01
  7.12891E-01  9.46950E-01
  7.16797E-01  9.40276E-01
  7.20703E-01  9.33583E-01
  7.24609E-01  9.26866E-01
  7.28516E-01  9.20127E-01
  7.32422E-01  9.13368E-01
  7.36328E-01  9.06585E-01
  7.40234E-01  8.99785E-01
  7.44141E-01  8.92962E-01
  7.48047E-01  8.86121E-01
  7.51953E-01  8.79261E-01
  7.55859E-01  8.72381E-01
  7.59766E-01  8.65481E-01
  7.63672E-01  8.58562E-01
  7.67578E-01  8.51624E-01
  7.71484E-01  8.44667E-01
  7.75391E-01  8.37693E-01
  7.79297E-01  8.30702E-01
  7.83203E-01  8.23693E-01
  7.87109E-01  8.16668E-01
  7.91016E-01  8.09628E-01
  7.94922E-01  8.02573E-01
  7.98828E-01  7.95504E-01
  8.02734E-01  7.88418E-01
  8.06641E-01  7.81320E-01
  8.10547E-01  7.74212E-01
  8.14453E-01  7.67092E-01
  8.18359E-01  7.59962E-01
  8.22266E-01  7.52826E-01
  8.26172E-01  7.45681E-01
  8.30078E-01  7.38528E-01
  8.33984E-01  7.31369E-01
  8.37891E-01  7.24205E-01
  8.41797E-01  7.17038E-01
  8.45703E-01  7.09871E-01
  8.49609E-01  7.02703E-01
  8.53516E-01  6.95538E-01
  8.57422E-01  6.88378E-01
  8.61328E-01  6.81223E-01
  8.65234E-01  6.74077E-01
  8.69141E-01  6.66942E-01
  8.73047E-01  6.59821E-01
  8.76953E-01  6.52719E-01
  8.80859E-01  6.45644E-01
  8.84766E-01  6.38596E-01
  8.88672E-01  6.31574E-01
  8.92578E-01  6.24580E-01
  8.96484E-01  6.17620E-01
  9.00391E-01  6.10707E-01
  9.04297E-01  6.03841E-01
  9.08203E-01  5.97030E-01
  9.12109E-01  5.90271E-01
  9.16016E-01  5.83574E-01
  9.19922E-01  5.76948E-01
  9.23828E-01  5.70396E-01
  9.27734E-01  5.63932E-01
  9.31641E-01  5.57555E-01
  9.35547E-01  5.51281E-01
  9.39453E-01  5.45106E-01
  9.43359E-01  5.39046E-01
  9.47266E-01  5.33105E-01
  9.51172E-01  5.27301E-01
  9.55078E-01  5.21647E-01
  9.58984E-01  5.16148E-01
  9.62891E-01  5.10814E-01
  9.66797E-01  5.05649E-01
  9.70703E-01  5.00664E-01
  9.74609E-01  4.95870E-01
  9.78516E-01  4.91279E-01
  9.82422E-01  4.86905E-01
  9.86328E-01  4.82768E-01
  9.90234E-01  4.78867E-01
  9.94141E-01  4.75216E-01
  9.98047E-01  4.71808E-01
  1.00195E+00  4.71816E-01
