 -1.95312E-03  1.82557E+00
  1.95312E-03  1.82646E+00
  5.85938E-03  1.82238E+00
  9.76562E-03  1.81900E+00
  1.36719E-02  1.81572E+00
  1.75781E-02  1.81248E+00
  2.14844E-02  1.80923E+00
  2.53906E-02  1.80597E+00
  2.92969E-02  1.80271E+00
  3.32031E-02  1.79942E+00
  3.71094E-02  1.79612E+00
  4.10156E-02  1.79281E+00
  4.49219E-02  1.78948E+00
  4.88281E-02  1.78613E+00
  5.27344E-02  1.78277E+00
  5.66406E-02  1.77939E+00
  6.05469E-02  1.77599E+00
  6.44531E-02  1.77257E+00
  6.83594E-02  1.76913E+00
  7.22656E-02  1.76568E+00
  7.61719E-02  1.76221E+00
  8.00781E-02  1.75872E+00
  8.39844E-02  1.75522E+00
  8.78906E-02  1.75169E+00
  9.17969E-02  1.74815E+00
  9.57031E-02  1.74459E+00
  9.96094E-02  1.74102E+00
  1.03516E-01  1.73742E+00
  1.07422E-01  1.73381E+00
  1.11328E-01  1.73018E+00
  1.15234E-01  1.72653E+00
  1.19141E-01  1.72286E+00
  1.23047E-01  1.71917E+00
  1.26953E-01  1.71547E+00
  1.30859E-01  1.71175E+00
  1.34766E-01  1.70801E+00
  1.38672E-01  1.70426E+00
  1.42578E-01  1.70048E+00
  1.46484E-01  1.69669E+00
  1.50391E-01  1.69288E+00
  1.54297E-01  1.68905E+00
  1.58203E-01  1.68520E+00
  1.62109E-01  1.68134E+00
  1.66016E-01  1.67746E+00
  1.69922E-01  1.67356E+00
  1.73828E-01  1.66964E+00
  1.77734E-01  1.66570E+00
  1.81641E-01  1.66175E+00
  1.85547E-01  1.65778E+00
  1.89453E-01  1.65379E+00
  1.93359E-01  1.64978E+00
  1.97266E-01  1.64575E+00
  2.01172E-01  1.64171E+00
  2.05078E-01  1.63765E+00
  2.08984E-01  1.63356E+00
  2.12891E-01  1.62947E+00
  2.16797E-01  1.62535E+00
  2.20703E-01  1.62122E+00
  2.24609E-01  1.61706E+00
  2.28516E-01  1.61289E+00
  2.32422E-01  1.60870E+00
  2.36328E-01  1.60450E+00
  2.40234E-01  1.60027E+00
  2.44141E-01  1.59603E+00
  2.48047E-01  1.59176E+00
  2.51953E-01  1.58748E+00
  2.55859E-01  1.58319E+00
  2.59766E-01  1.57887E+00
  2.63672E-01  1.57453E+00
  2.67578E-01  1.57018E+00
  2.71484E-01  1.56581E+00
  2.75391E-01  1.56142E+00
  2.79297E-01  1.55701E+00
  2.83203E-01  1.55258E+00
  2.87109E-01  1.54814E+00
  2.91016E-01  1.54367E+00
  2.94922E-01  1.53919E+00
  2.98828E-01  1.53469E+00
  3.02734E-01  1.53018E+00
  3.06641E-01  1.52564E+00
  3.10547E-01  1.52109E+00
  3.14453E-01  1.51651E+00
  3.18359E-01  1.51192E+00
  3.22266E-01  1.50731E+00
  3.26172E-01  1.50269E+00
  3.30078E-01  1.49804E+00
  3.33984E-01  1.49337E+00
  3.37891E-01  1.48869E+00
  3.41797E-01  1.48399E+00
  3.45703E-01  1.47927E+00
  3.49609E-01  1.47453E+00
  3.53516E-01  1.46977E+00
  3.57422E-01  1.46499E+00
  3.61328E-01  1.46019E+00
  3.65234E-01  1.45538E+00
  3.69141E-01  1.45055E+00
  3.73047E-01  1.44570E+00
  3.76953E-01  1.44083E+00
  3.80859E-01  1.43594E+00
  3.84766E-01  1.43103E+00
  3.88672E-01  1.42610E+00
  3.92578E-01  1.42115E+00
  3.96484E-01  1.41619E+00
  4.00391E-01  1.41120E+00
  4.04297E-01  1.40620E+00
  4.08203E-01  1.40118E+00
  4.12109E-01  1.39614E+00
  4.16016E-01  1.39108E+00
  4.19922E-01  1.38600E+00
  4.23828E-01  1.38090E+00
  4.27734E-01  1.37578E+00
  4.31641E-01  1.37064E+00
  4.35547E-01  1.36549E+00
  4.39453E-01  1.36031E+00
  4.43359E-01  1.35511E+00
  4.47266E-01  1.34990E+00
  4.51172E-01  1.34466E+00
  4.55078E-01  1.33941E+00
  4.58984E-01  1.33413E+00
  4.62891E-01  1.32884E+00
  4.66797E-01  1.32353E+00
  4.70703E-01  1.31819E+00
  4.74609E-01  1.31284E+00
  4.78516E-01  1.30747E+00
  4.82422E-01  1.30208E+00
  4.86328E-01  1.29666E+00
  4.90234E-01  1.29123E+00
  4.94141E-01  1.28578E+00
  4.98047E-01  1.28030E+00
  5.01953E-01  1.27481E+00
  5.05859E-01  1.26930E+00
  5.09766E-01  1.26376E+00
  5.13672E-01  1.25821E+00
  5.17578E-01  1.25264E+00
  5.21484E-01  1.24704E+00
  5.25391E-01  1.24143E+00
  5.29297E-01  1.23579E+00
  5.33203E-01  1.23014E+00
  5.37109E-01  1.22446E+00
  5.41016E-01  1.21876E+00
  5.44922E-01  1.21304E+00
  5.48828E-01  1.20730E+00
  5.52734E-01  1.20155E+00
  5.56641E-01  1.19577E+00
  5.60547E-01  1.18997E+00
  5.64453E-01  1.18415E+00
  5.68359E-01  1.17831E+00
  5.72266E-01  1.17244E+00
  5.76172E-01  1.16656E+00
  5.80078E-01  1.16065E+00
  5.83984E-01  1.15472E+00
  5.87891E-01  1.14878E+00
  5.91797E-01  1.14281E+00
  5.95703E-01  1.13682E+00
  5.99609E-01  1.13081E+00
  6.03516E-01  1.12478E+00
  6.07422E-01  1.11872E+00
  6.11328E-01  1.11265E+00
  6.15234E-01  1.10656E+00
  6.19141E-01  1.10044E+00
  6.23047E-01  1.09431E+00
  6.26953E-01  1.08815E+00
  6.30859E-01  1.08197E+00
  6.34766E-01  1.07577E+00
  6.38672E-01  1.06955E+00
  6.42578E-01  1.06330E+00
  6.46484E-01  1.05704E+00
  6.50391E-01  1.05075E+00
  6.54297E-01  1.04444E+00
  6.58203E-01  1.03811E+00
  6.62109E-01  1.03175E+00
  6.66016E-01  1.02538E+00
  6.69922E-01  1.01898E+00
  6.73828E-01  1.01256E+00
  6.77734E-01  1.00611E+00
  6.81641E-01  9.99646E-01
  6.85547E-01  9.93160E-01
  6.89453E-01  9.86650E-01
  6.93359E-01  9.80118E-01
  6.97266E-01  9.73563E-01
  7.01172E-01  9.66987E-01
  7.05078E-01  9.60388E-01
  7.08984E-01  9.53768E-01
  7.12891E-01  9.47127E-01
  7.16797E-01  9.40466E-01
  7.20703E-01  9.33782E-01
  7.24609E-01  9.27076E-01
  7.28516E-01  9.20348E-01
  7.32422E-01  9.13600E-01
  7.36328E-01  9.06832E-01
  7.40234E-01  9.00042E-01
  7.44141E-01  8.93233E-01
  7.48047E-01  8.86402E-01
  7.51953E-01  8.79551E-01
  7.55859E-01  8.72679E-01
  7.59766E-01  8.65787E-01
  7.63672E-01  8.58877E-01
  7.67578E-01  8.51947E-01
  7.71484E-01  8.44997E-01
  7.75391E-01  8.38031E-01
  7.79297E-01  8.31047E-01
  7.83203E-01  8.24047E-01
  7.87109E-01  8.17030E-01
  7.91016E-01  8.09997E-01
  7.94922E-01  8.02948E-01
  7.98828E-01  7.95887E-01
  8.02734E-01  7.88811E-01
  8.06641E-01  7.81720E-01
  8.10547E-01  7.74618E-01
  8.14453E-01  7.67507E-01
  8.18359E-01  7.60387E-01
  8.22266E-01  7.53257E-01
  8.26172E-01  7.46122E-01
  8.30078E-01  7.38975E-01
  8.33984E-01  7.31823E-01
  8.37891E-01  7.24668E-01
  8.41797E-01  7.17504E-01
  8.45703E-01  7.10338E-01
  8.49609E-01  7.03175E-01
  8.53516E-01  6.96013E-01
  8.57422E-01  6.88860E-01
  8.61328E-01  6.81713E-01
  8.65234E-01  6.74573E-01
  8.69141E-01  6.67448E-01
  8.73047E-01  6.60334E-01
  8.76953E-01  6.53239E-01
  8.80859E-01  6.46172E-01
  8.84766E-01  6.39126E-01
  8.88672E-01  6.32113E-01
  8.92578E-01  6.25127E-01
  8.96484E-01  6.18178E-01
  9.00391E-01  6.11272E-01
  9.04297E-01  6.04414E-01
  9.08203E-01  5.97613E-01
  9.12109E-01  5.90868E-01
  9.16016E-01  5.84182E-01
  9.19922E-01  5.77568E-01
  9.23828E-01  5.71036E-01
  9.27734E-01  5.64587E-01
  9.31641E-01  5.58224E-01
  9.35547E-01  5.51956E-01
  9.39453E-01  5.45791E-01
  9.43359E-01  5.39743E-01
  9.47266E-01  5.33815E-01
  9.51172E-01  5.28017E-01
  9.55078E-01  5.22374E-01
  9.58984E-01  5.16880E-01
  9.62891E-01  5.11554E-01
  9.66797E-01  5.06395E-01
  9.70703E-01  5.01418E-01
  9.74609E-01  4.96627E-01
  9.78516E-01  4.92038E-01
  9.82422E-01  4.87667E-01
  9.86328E-01  4.83524E-01
  9.90234E-01  4.79621E-01
  9.94141E-01  4.75968E-01
  9.98047E-01  4.72568E-01
  1.00195E+00  4.72576E-01
