 -1.95312E-03  1.82593E+00
  1.95312E-03  1.82681E+00
  5.85938E-03  1.82273E+00
  9.76562E-03  1.81935E+00
  1.36719E-02  1.81608E+00
  1.75781E-02  1.81283E+00
  2.14844E-02  1.80959E+00
  2.53906E-02  1.80633E+00
  2.92969E-02  1.80306E+00
  3.32031E-02  1.79978E+00
  3.71094E-02  1.79648E+00
  4.10156E-02  1.79317E+00
  4.49219E-02  1.78984E+00
  4.88281E-02  1.78649E+00
  5.27344E-02  1.78313E+00
  5.66406E-02  1.77974E+00
  6.05469E-02  1.77634E+00
  6.44531E-02  1.77293E+00
  6.83594E-02  1.76949E+00
  7.22656E-02  1.76604E+00
  7.61719E-02  1.76257E+00
  8.00781E-02  1.75908E+00
  8.39844E-02  1.75557E+00
  8.78906E-02  1.75205E+00
  9.17969E-02  1.74851E+00
  9.57031E-02  1.74495E+00
  9.96094E-02  1.74137E+00
  1.03516E-01  1.73778E+00
  1.07422E-01  1.73416E+00
  1.11328E-01  1.73053E+00
  1.15234E-01  1.72688E+00
  1.19141E-01  1.72321E+00
  1.23047E-01  1.71953E+00
  1.26953E-01  1.71583E+00
  1.30859E-01  1.71210E+00
  1.34766E-01  1.70837E+00
  1.38672E-01  1.70461E+00
  1.42578E-01  1.70084E+00
  1.46484E-01  1.69704E+00
  1.50391E-01  1.69323E+00
  1.54297E-01  1.68940E+00
  1.58203E-01  1.68556E+00
  1.62109E-01  1.68169E+00
  1.66016E-01  1.67781E+00
  1.69922E-01  1.67391E+00
  1.73828E-01  1.66999E+00
  1.77734E-01  1.66605E+00
  1.81641E-01  1.66210E+00
  1.85547E-01  1.65813E+00
  1.89453E-01  1.65414E+00
  1.93359E-01  1.65013E+00
  1.97266E-01  1.64610E+00
  2.01172E-01  1.64206E+00
  2.05078E-01  1.63800E+00
  2.08984E-01  1.63392E+00
  2.12891E-01  1.62982E+00
  2.16797E-01  1.62570E+00
  2.20703E-01  1.62157E+00
  2.24609E-01  1.61741E+00
  2.28516E-01  1.61324E+00
  2.32422E-01  1.60905E+00
  2.36328E-01  1.60485E+00
  2.40234E-01  1.60062E+00
  2.44141E-01  1.59638E+00
  2.48047E-01  1.59211E+00
  2.51953E-01  1.58783E+00
  2.55859E-01  1.58353E+00
  2.59766E-01  1.57922E+00
  2.63672E-01  1.57488E+00
  2.67578E-01  1.57053E+00
  2.71484E-01  1.56616E+00
  2.75391E-01  1.56177E+00
  2.79297E-01  1.55736E+00
  2.83203E-01  1.55293E+00
  2.87109E-01  1.54848E+00
  2.91016E-01  1.54402E+00
  2.94922E-01  1.53954E+00
  2.98828E-01  1.53504E+00
  3.02734E-01  1.53052E+00
  3.06641E-01  1.52598E+00
  3.10547E-01  1.52143E+00
  3.14453E-01  1.51685E+00
  3.18359E-01  1.51226E+00
  3.22266E-01  1.50765E+00
  3.26172E-01  1.50302E+00
  3.30078E-01  1.49838E+00
  3.33984E-01  1.49371E+00
  3.37891E-01  1.48902E+00
  3.41797E-01  1.48432E+00
  3.45703E-01  1.47960E+00
  3.49609E-01  1.47486E+00
  3.53516E-01  1.47010E+00
  3.57422E-01  1.46532E+00
  3.61328E-01  1.46052E+00
  3.65234E-01  1.45571E+00
  3.69141E-01  1.45088E+00
  3.73047E-01  1.44602E+00
  3.76953E-01  1.44115E+00
  3.80859E-01  1.43626E+00
  3.84766E-01  1.43135E+00
  3.88672E-01  1.42642E+00
  3.92578E-01  1.42147E+00
  3.96484E-01  1.41651E+00
  4.00391E-01  1.41152E+00
  4.04297E-01  1.40652E+00
  4.08203E-01  1.40149E+00
  4.12109E-01  1.39645E+00
  4.16016E-01  1.39138E+00
  4.19922E-01  1.38630E+00
  4.23828E-01  1.38120E+00
  4.27734E-01  1.37608E+00
  4.31641E-01  1.37094E+00
  4.35547E-01  1.36578E+00
  4.39453E-01  1.36060E+00
  4.43359E-01  1.35540E+00
  4.47266E-01  1.35018E+00
  4.51172E-01  1.34495E+00
  4.55078E-01  1.33969E+00
  4.58984E-01  1.33441E+00
  4.62891E-01  1.32911E+00
  4.66797E-01  1.32380E+00
  4.70703E-01  1.31846E+00
  4.74609E-01  1.31310E+00
  4.78516E-01  1.30773E+00
  4.82422E-01  1.30233E+00
  4.86328E-01  1.29691E+00
  4.90234E-01  1.29148E+00
  4.94141E-01  1.28602E+00
  4.98047E-01  1.28054E+00
  5.01953E-01  1.27504E+00
  5.05859E-01  1.26953E+00
  5.09766E-01  1.26399E+00
  5.13672E-01  1.25843E+00
  5.17578E-01  1.25285E+00
  5.21484E-01  1.24726E+00
  5.25391E-01  1.24164E+00
  5.29297E-01  1.23600E+00
  5.33203E-01  1.23034E+00
  5.37109E-01  1.22466E+00
  5.41016E-01  1.21896E+00
  5.44922E-01  1.21324E+00
  5.48828E-01  1.20750E+00
  5.52734E-01  1.20173E+00
  5.56641E-01  1.19595E+00
  5.60547E-01  1.19015E+00
  5.64453E-01  1.18432E+00
  5.68359E-01  1.17847E+00
  5.72266E-01  1.17260E+00
  5.76172E-01  1.16671E+00
  5.80078E-01  1.16080E+00
  5.83984E-01  1.15486E+00
  5.87891E-01  1.14891E+00
  5.91797E-01  1.14294E+00
  5.95703E-01  1.13694E+00
  5.99609E-01  1.13092E+00
  6.03516E-01  1.12488E+00
  6.07422E-01  1.11882E+00
  6.11328E-01  1.11274E+00
  6.15234E-01  1.10664E+00
  6.19141E-01  1.10052E+00
  6.23047E-01  1.09437E+00
  6.26953E-01  1.08821E+00
  6.30859E-01  1.08202E+00
  6.34766E-01  1.07581E+00
  6.38672E-01  1.06958E+00
  6.42578E-01  1.06332E+00
  6.46484E-01  1.05705E+00
  6.50391E-01  1.05075E+00
  6.54297E-01  1.04443E+00
  6.58203E-01  1.03809E+00
  6.62109E-01  1.03173E+00
  6.66016E-01  1.02534E+00
  6.69922E-01  1.01893E+00
  6.73828E-01  1.01250E+00
  6.77734E-01  1.00605E+00
  6.81641E-01  9.99577E-01
  6.85547E-01  9.93081E-01
  6.89453E-01  9.86565E-01
  6.93359E-01  9.80025E-01
  6.97266E-01  9.73461E-01
  7.01172E-01  9.66877E-01
  7.05078E-01  9.60269E-01
  7.08984E-01  9.53641E-01
  7.12891E-01  9.46991E-01
  7.16797E-01  9.40320E-01
  7.20703E-01  9.33627E-01
  7.24609E-01  9.26912E-01
  7.28516E-01  9.20177E-01
  7.32422E-01  9.13421E-01
  7.36328E-01  9.06644E-01
  7.40234E-01  8.99847E-01
  7.44141E-01  8.93030E-01
  7.48047E-01  8.86192E-01
  7.51953E-01  8.79332E-01
  7.55859E-01  8.72453E-01
  7.59766E-01  8.65556E-01
  7.63672E-01  8.58639E-01
  7.67578E-01  8.51701E-01
  7.71484E-01  8.44746E-01
  7.75391E-01  8.37773E-01
  7.79297E-01  8.30783E-01
  7.83203E-01  8.23778E-01
  7.87109E-01  8.16757E-01
  7.91016E-01  8.09720E-01
  7.94922E-01  8.02664E-01
  7.98828E-01  7.95596E-01
  8.02734E-01  7.88514E-01
  8.06641E-01  7.81418E-01
  8.10547E-01  7.74312E-01
  8.14453E-01  7.67197E-01
  8.18359E-01  7.60070E-01
  8.22266E-01  7.52936E-01
  8.26172E-01  7.45795E-01
  8.30078E-01  7.38642E-01
  8.33984E-01  7.31483E-01
  8.37891E-01  7.24323E-01
  8.41797E-01  7.17158E-01
  8.45703E-01  7.09990E-01
  8.49609E-01  7.02824E-01
  8.53516E-01  6.95661E-01
  8.57422E-01  6.88501E-01
  8.61328E-01  6.81347E-01
  8.65234E-01  6.74202E-01
  8.69141E-01  6.67072E-01
  8.73047E-01  6.59958E-01
  8.76953E-01  6.52864E-01
  8.80859E-01  6.45795E-01
  8.84766E-01  6.38753E-01
  8.88672E-01  6.31740E-01
  8.92578E-01  6.24754E-01
  8.96484E-01  6.17805E-01
  9.00391E-01  6.10900E-01
  9.04297E-01  6.04044E-01
  9.08203E-01  5.97243E-01
  9.12109E-01  5.90490E-01
  9.16016E-01  5.83802E-01
  9.19922E-01  5.77184E-01
  9.23828E-01  5.70637E-01
  9.27734E-01  5.64183E-01
  9.31641E-01  5.57817E-01
  9.35547E-01  5.51545E-01
  9.39453E-01  5.45371E-01
  9.43359E-01  5.39317E-01
  9.47266E-01  5.33384E-01
  9.51172E-01  5.27586E-01
  9.55078E-01  5.21927E-01
  9.58984E-01  5.16432E-01
  9.62891E-01  5.11109E-01
  9.66797E-01  5.05955E-01
  9.70703E-01  5.00983E-01
  9.74609E-01  4.96197E-01
  9.78516E-01  4.91613E-01
  9.82422E-01  4.87245E-01
  9.86328E-01  4.83106E-01
  9.90234E-01  4.79204E-01
  9.94141E-01  4.75545E-01
  9.98047E-01  4.72139E-01
  1.00195E+00  4.72147E-01
