 -1.95312E-03  1.82564E+00
  1.95312E-03  1.82653E+00
  5.85938E-03  1.82245E+00
  9.76562E-03  1.81907E+00
  1.36719E-02  1.81580E+00
  1.75781E-02  1.81255E+00
  2.14844E-02  1.80930E+00
  2.53906E-02  1.80605E+00
  2.92969E-02  1.80278E+00
  3.32031E-02  1.79950E+00
  3.71094E-02  1.79620E+00
  4.10156E-02  1.79288E+00
  4.49219E-02  1.78955E+00
  4.88281E-02  1.78621E+00
  5.27344E-02  1.78284E+00
  5.66406E-02  1.77946E+00
  6.05469E-02  1.77606E+00
  6.44531E-02  1.77264E+00
  6.83594E-02  1.76921E+00
  7.22656E-02  1.76575E+00
  7.61719E-02  1.76228E+00
  8.00781E-02  1.75880E+00
  8.39844E-02  1.75529E+00
  8.78906E-02  1.75177E+00
  9.17969E-02  1.74822E+00
  9.57031E-02  1.74466E+00
  9.96094E-02  1.74109E+00
  1.03516E-01  1.73749E+00
  1.07422E-01  1.73388E+00
  1.11328E-01  1.73024E+00
  1.15234E-01  1.72660E+00
  1.19141E-01  1.72293E+00
  1.23047E-01  1.71924E+00
  1.26953E-01  1.71554E+00
  1.30859E-01  1.71182E+00
  1.34766E-01  1.70808E+00
  1.38672E-01  1.70433E+00
  1.42578E-01  1.70055E+00
  1.46484E-01  1.69676E+00
  1.50391E-01  1.69295E+00
  1.54297E-01  1.68912E+00
  1.58203E-01  1.68527E+00
  1.62109E-01  1.68141E+00
  1.66016E-01  1.67753E+00
  1.69922E-01  1.67363E+00
  1.73828E-01  1.66971E+00
  1.77734E-01  1.66577E+00
  1.81641E-01  1.66182E+00
  1.85547E-01  1.65784E+00
  1.89453E-01  1.65385E+00
  1.93359E-01  1.64985E+00
  1.97266E-01  1.64582E+00
  2.01172E-01  1.64177E+00
  2.05078E-01  1.63771E+00
  2.08984E-01  1.63363E+00
  2.12891E-01  1.62953E+00
  2.16797E-01  1.62542E+00
  2.20703E-01  1.62128E+00
  2.24609E-01  1.61713E+00
  2.28516E-01  1.61296E+00
  2.32422E-01  1.60877E+00
  2.36328E-01  1.60456E+00
  2.40234E-01  1.60034E+00
  2.44141E-01  1.59609E+00
  2.48047E-01  1.59183E+00
  2.51953E-01  1.58755E+00
  2.55859E-01  1.58325E+00
  2.59766E-01  1.57893E+00
  2.63672E-01  1.57460E+00
  2.67578E-01  1.57025E+00
  2.71484E-01  1.56588E+00
  2.75391E-01  1.56148E+00
  2.79297E-01  1.55708E+00
  2.83203E-01  1.55265E+00
  2.87109E-01  1.54820E+00
  2.91016E-01  1.54374E+00
  2.94922E-01  1.53926E+00
  2.98828E-01  1.53476E+00
  3.02734E-01  1.53024E+00
  3.06641E-01  1.52570E+00
  3.10547E-01  1.52115E+00
  3.14453E-01  1.51658E+00
  3.18359E-01  1.51198E+00
  3.22266E-01  1.50738E+00
  3.26172E-01  1.50275E+00
  3.30078E-01  1.49810E+00
  3.33984E-01  1.49344E+00
  3.37891E-01  1.48875E+00
  3.41797E-01  1.48405E+00
  3.45703E-01  1.47933E+00
  3.49609E-01  1.47459E+00
  3.53516E-01  1.46983E+00
  3.57422E-01  1.46505E+00
  3.61328E-01  1.46026E+00
  3.65234E-01  1.45544E+00
  3.69141E-01  1.45061E+00
  3.73047E-01  1.44576E+00
  3.76953E-01  1.44089E+00
  3.80859E-01  1.43600E+00
  3.84766E-01  1.43109E+00
  3.88672E-01  1.42616E+00
  3.92578E-01  1.42121E+00
  3.96484E-01  1.41625E+00
  4.00391E-01  1.41126E+00
  4.04297E-01  1.40626E+00
  4.08203E-01  1.40124E+00
  4.12109E-01  1.39620E+00
  4.16016E-01  1.39114E+00
  4.19922E-01  1.38606E+00
  4.23828E-01  1.38096E+00
  4.27734E-01  1.37584E+00
  4.31641E-01  1.37070E+00
  4.35547E-01  1.36554E+00
  4.39453E-01  1.36037E+00
  4.43359E-01  1.35517E+00
  4.47266E-01  1.34996E+00
  4.51172E-01  1.34472E+00
  4.55078E-01  1.33946E+00
  4.58984E-01  1.33419E+00
  4.62891E-01  1.32890E+00
  4.66797E-01  1.32358E+00
  4.70703E-01  1.31825E+00
  4.74609E-01  1.31289E+00
  4.78516E-01  1.30752E+00
  4.82422E-01  1.30213E+00
  4.86328E-01  1.29671E+00
  4.90234E-01  1.29128E+00
  4.94141E-01  1.28583E+00
  4.98047E-01  1.28035E+00
  5.01953E-01  1.27486E+00
  5.05859E-01  1.26934E+00
  5.09766E-01  1.26381E+00
  5.13672E-01  1.25825E+00
  5.17578E-01  1.25268E+00
  5.21484E-01  1.24708E+00
  5.25391E-01  1.24147E+00
  5.29297E-01  1.23583E+00
  5.33203E-01  1.23017E+00
  5.37109E-01  1.22450E+00
  5.41016E-01  1.21880E+00
  5.44922E-01  1.21308E+00
  5.48828E-01  1.20734E+00
  5.52734E-01  1.20158E+00
  5.56641E-01  1.19580E+00
  5.60547E-01  1.19000E+00
  5.64453E-01  1.18418E+00
  5.68359E-01  1.17834E+00
  5.72266E-01  1.17247E+00
  5.76172E-01  1.16659E+00
  5.80078E-01  1.16068E+00
  5.83984E-01  1.15475E+00
  5.87891E-01  1.14880E+00
  5.91797E-01  1.14283E+00
  5.95703E-01  1.13684E+00
  5.99609E-01  1.13083E+00
  6.03516E-01  1.12480E+00
  6.07422E-01  1.11874E+00
  6.11328E-01  1.11267E+00
  6.15234E-01  1.10657E+00
  6.19141E-01  1.10046E+00
  6.23047E-01  1.09432E+00
  6.26953E-01  1.08816E+00
  6.30859E-01  1.08198E+00
  6.34766E-01  1.07577E+00
  6.38672E-01  1.06955E+00
  6.42578E-01  1.06330E+00
  6.46484E-01  1.05704E+00
  6.50391E-01  1.05075E+00
  6.54297E-01  1.04443E+00
  6.58203E-01  1.03810E+00
  6.62109E-01  1.03174E+00
  6.66016E-01  1.02536E+00
  6.69922E-01  1.01896E+00
  6.73828E-01  1.01254E+00
  6.77734E-01  1.00610E+00
  6.81641E-01  9.99630E-01
  6.85547E-01  9.93142E-01
  6.89453E-01  9.86631E-01
  6.93359E-01  9.80097E-01
  6.97266E-01  9.73541E-01
  7.01172E-01  9.66961E-01
  7.05078E-01  9.60361E-01
  7.08984E-01  9.53740E-01
  7.12891E-01  9.47098E-01
  7.16797E-01  9.40435E-01
  7.20703E-01  9.33750E-01
  7.24609E-01  9.27044E-01
  7.28516E-01  9.20316E-01
  7.32422E-01  9.13566E-01
  7.36328E-01  9.06797E-01
  7.40234E-01  9.00006E-01
  7.44141E-01  8.93193E-01
  7.48047E-01  8.86364E-01
  7.51953E-01  8.79511E-01
  7.55859E-01  8.72640E-01
  7.59766E-01  8.65749E-01
  7.63672E-01  8.58837E-01
  7.67578E-01  8.51907E-01
  7.71484E-01  8.44960E-01
  7.75391E-01  8.37994E-01
  7.79297E-01  8.31010E-01
  7.83203E-01  8.24010E-01
  7.87109E-01  8.16993E-01
  7.91016E-01  8.09958E-01
  7.94922E-01  8.02907E-01
  7.98828E-01  7.95845E-01
  8.02734E-01  7.88769E-01
  8.06641E-01  7.81680E-01
  8.10547E-01  7.74580E-01
  8.14453E-01  7.67469E-01
  8.18359E-01  7.60344E-01
  8.22266E-01  7.53212E-01
  8.26172E-01  7.46071E-01
  8.30078E-01  7.38923E-01
  8.33984E-01  7.31768E-01
  8.37891E-01  7.24609E-01
  8.41797E-01  7.17446E-01
  8.45703E-01  7.10282E-01
  8.49609E-01  7.03119E-01
  8.53516E-01  6.95959E-01
  8.57422E-01  6.88805E-01
  8.61328E-01  6.81658E-01
  8.65234E-01  6.74520E-01
  8.69141E-01  6.67394E-01
  8.73047E-01  6.60281E-01
  8.76953E-01  6.53188E-01
  8.80859E-01  6.46118E-01
  8.84766E-01  6.39075E-01
  8.88672E-01  6.32066E-01
  8.92578E-01  6.25087E-01
  8.96484E-01  6.18141E-01
  9.00391E-01  6.11242E-01
  9.04297E-01  6.04389E-01
  9.08203E-01  5.97588E-01
  9.12109E-01  5.90844E-01
  9.16016E-01  5.84159E-01
  9.19922E-01  5.77545E-01
  9.23828E-01  5.71006E-01
  9.27734E-01  5.64556E-01
  9.31641E-01  5.58190E-01
  9.35547E-01  5.51918E-01
  9.39453E-01  5.45752E-01
  9.43359E-01  5.39700E-01
  9.47266E-01  5.33771E-01
  9.51172E-01  5.27973E-01
  9.55078E-01  5.22323E-01
  9.58984E-01  5.16825E-01
  9.62891E-01  5.11496E-01
  9.66797E-01  5.06337E-01
  9.70703E-01  5.01366E-01
  9.74609E-01  4.96579E-01
  9.78516E-01  4.92000E-01
  9.82422E-01  4.87632E-01
  9.86328E-01  4.83492E-01
  9.90234E-01  4.79596E-01
  9.94141E-01  4.75946E-01
  9.98047E-01  4.72547E-01
  1.00195E+00  4.72555E-01
