 -1.95312E-03  1.82588E+00
  1.95312E-03  1.82677E+00
  5.85938E-03  1.82269E+00
  9.76562E-03  1.81931E+00
  1.36719E-02  1.81604E+00
  1.75781E-02  1.81279E+00
  2.14844E-02  1.80954E+00
  2.53906E-02  1.80629E+00
  2.92969E-02  1.80302E+00
  3.32031E-02  1.79974E+00
  3.71094E-02  1.79644E+00
  4.10156E-02  1.79312E+00
  4.49219E-02  1.78979E+00
  4.88281E-02  1.78645E+00
  5.27344E-02  1.78308E+00
  5.66406E-02  1.77970E+00
  6.05469E-02  1.77630E+00
  6.44531E-02  1.77288E+00
  6.83594E-02  1.76944E+00
  7.22656E-02  1.76599E+00
  7.61719E-02  1.76252E+00
  8.00781E-02  1.75903E+00
  8.39844E-02  1.75553E+00
  8.78906E-02  1.75201E+00
  9.17969E-02  1.74846E+00
  9.57031E-02  1.74490E+00
  9.96094E-02  1.74133E+00
  1.03516E-01  1.73773E+00
  1.07422E-01  1.73412E+00
  1.11328E-01  1.73048E+00
  1.15234E-01  1.72684E+00
  1.19141E-01  1.72317E+00
  1.23047E-01  1.71948E+00
  1.26953E-01  1.71578E+00
  1.30859E-01  1.71206E+00
  1.34766E-01  1.70832E+00
  1.38672E-01  1.70456E+00
  1.42578E-01  1.70079E+00
  1.46484E-01  1.69700E+00
  1.50391E-01  1.69319E+00
  1.54297E-01  1.68936E+00
  1.58203E-01  1.68551E+00
  1.62109E-01  1.68165E+00
  1.66016E-01  1.67776E+00
  1.69922E-01  1.67386E+00
  1.73828E-01  1.66995E+00
  1.77734E-01  1.66601E+00
  1.81641E-01  1.66205E+00
  1.85547E-01  1.65808E+00
  1.89453E-01  1.65409E+00
  1.93359E-01  1.65008E+00
  1.97266E-01  1.64606E+00
  2.01172E-01  1.64201E+00
  2.05078E-01  1.63795E+00
  2.08984E-01  1.63387E+00
  2.12891E-01  1.62977E+00
  2.16797E-01  1.62566E+00
  2.20703E-01  1.62152E+00
  2.24609E-01  1.61737E+00
  2.28516E-01  1.61320E+00
  2.32422E-01  1.60901E+00
  2.36328E-01  1.60480E+00
  2.40234E-01  1.60057E+00
  2.44141E-01  1.59633E+00
  2.48047E-01  1.59207E+00
  2.51953E-01  1.58779E+00
  2.55859E-01  1.58349E+00
  2.59766E-01  1.57917E+00
  2.63672E-01  1.57484E+00
  2.67578E-01  1.57048E+00
  2.71484E-01  1.56611E+00
  2.75391E-01  1.56172E+00
  2.79297E-01  1.55731E+00
  2.83203E-01  1.55288E+00
  2.87109E-01  1.54844E+00
  2.91016E-01  1.54397E+00
  2.94922E-01  1.53949E+00
  2.98828E-01  1.53499E+00
  3.02734E-01  1.53047E+00
  3.06641E-01  1.52594E+00
  3.10547E-01  1.52138E+00
  3.14453E-01  1.51681E+00
  3.18359E-01  1.51222E+00
  3.22266E-01  1.50761E+00
  3.26172E-01  1.50298E+00
  3.30078E-01  1.49833E+00
  3.33984E-01  1.49366E+00
  3.37891E-01  1.48898E+00
  3.41797E-01  1.48428E+00
  3.45703E-01  1.47956E+00
  3.49609E-01  1.47482E+00
  3.53516E-01  1.47006E+00
  3.57422E-01  1.46528E+00
  3.61328E-01  1.46048E+00
  3.65234E-01  1.45567E+00
  3.69141E-01  1.45083E+00
  3.73047E-01  1.44598E+00
  3.76953E-01  1.44111E+00
  3.80859E-01  1.43622E+00
  3.84766E-01  1.43131E+00
  3.88672E-01  1.42638E+00
  3.92578E-01  1.42143E+00
  3.96484E-01  1.41647E+00
  4.00391E-01  1.41148E+00
  4.04297E-01  1.40647E+00
  4.08203E-01  1.40145E+00
  4.12109E-01  1.39641E+00
  4.16016E-01  1.39135E+00
  4.19922E-01  1.38627E+00
  4.23828E-01  1.38117E+00
  4.27734E-01  1.37605E+00
  4.31641E-01  1.37091E+00
  4.35547E-01  1.36575E+00
  4.39453E-01  1.36057E+00
  4.43359E-01  1.35537E+00
  4.47266E-01  1.35015E+00
  4.51172E-01  1.34491E+00
  4.55078E-01  1.33965E+00
  4.58984E-01  1.33438E+00
  4.62891E-01  1.32908E+00
  4.66797E-01  1.32377E+00
  4.70703E-01  1.31843E+00
  4.74609E-01  1.31307E+00
  4.78516E-01  1.30770E+00
  4.82422E-01  1.30230E+00
  4.86328E-01  1.29688E+00
  4.90234E-01  1.29145E+00
  4.94141E-01  1.28599E+00
  4.98047E-01  1.28051E+00
  5.01953E-01  1.27501E+00
  5.05859E-01  1.26950E+00
  5.09766E-01  1.26396E+00
  5.13672E-01  1.25840E+00
  5.17578E-01  1.25283E+00
  5.21484E-01  1.24723E+00
  5.25391E-01  1.24161E+00
  5.29297E-01  1.23597E+00
  5.33203E-01  1.23031E+00
  5.37109E-01  1.22463E+00
  5.41016E-01  1.21893E+00
  5.44922E-01  1.21321E+00
  5.48828E-01  1.20747E+00
  5.52734E-01  1.20171E+00
  5.56641E-01  1.19593E+00
  5.60547E-01  1.19012E+00
  5.64453E-01  1.18430E+00
  5.68359E-01  1.17845E+00
  5.72266E-01  1.17258E+00
  5.76172E-01  1.16669E+00
  5.80078E-01  1.16078E+00
  5.83984E-01  1.15485E+00
  5.87891E-01  1.14889E+00
  5.91797E-01  1.14292E+00
  5.95703E-01  1.13692E+00
  5.99609E-01  1.13091E+00
  6.03516E-01  1.12487E+00
  6.07422E-01  1.11881E+00
  6.11328E-01  1.11273E+00
  6.15234E-01  1.10663E+00
  6.19141E-01  1.10051E+00
  6.23047E-01  1.09436E+00
  6.26953E-01  1.08820E+00
  6.30859E-01  1.08201E+00
  6.34766E-01  1.07580E+00
  6.38672E-01  1.06957E+00
  6.42578E-01  1.06332E+00
  6.46484E-01  1.05705E+00
  6.50391E-01  1.05075E+00
  6.54297E-01  1.04443E+00
  6.58203E-01  1.03809E+00
  6.62109E-01  1.03173E+00
  6.66016E-01  1.02534E+00
  6.69922E-01  1.01894E+00
  6.73828E-01  1.01251E+00
  6.77734E-01  1.00606E+00
  6.81641E-01  9.99584E-01
  6.85547E-01  9.93089E-01
  6.89453E-01  9.86573E-01
  6.93359E-01  9.80036E-01
  6.97266E-01  9.73474E-01
  7.01172E-01  9.66892E-01
  7.05078E-01  9.60286E-01
  7.08984E-01  9.53659E-01
  7.12891E-01  9.47011E-01
  7.16797E-01  9.40342E-01
  7.20703E-01  9.33650E-01
  7.24609E-01  9.26936E-01
  7.28516E-01  9.20199E-01
  7.32422E-01  9.13443E-01
  7.36328E-01  9.06667E-01
  7.40234E-01  8.99870E-01
  7.44141E-01  8.93055E-01
  7.48047E-01  8.86218E-01
  7.51953E-01  8.79360E-01
  7.55859E-01  8.72483E-01
  7.59766E-01  8.65587E-01
  7.63672E-01  8.58671E-01
  7.67578E-01  8.51736E-01
  7.71484E-01  8.44783E-01
  7.75391E-01  8.37811E-01
  7.79297E-01  8.30823E-01
  7.83203E-01  8.23819E-01
  7.87109E-01  8.16798E-01
  7.91016E-01  8.09759E-01
  7.94922E-01  8.02705E-01
  7.98828E-01  7.95636E-01
  8.02734E-01  7.88553E-01
  8.06641E-01  7.81459E-01
  8.10547E-01  7.74352E-01
  8.14453E-01  7.67239E-01
  8.18359E-01  7.60112E-01
  8.22266E-01  7.52976E-01
  8.26172E-01  7.45833E-01
  8.30078E-01  7.38681E-01
  8.33984E-01  7.31523E-01
  8.37891E-01  7.24364E-01
  8.41797E-01  7.17200E-01
  8.45703E-01  7.10033E-01
  8.49609E-01  7.02866E-01
  8.53516E-01  6.95704E-01
  8.57422E-01  6.88546E-01
  8.61328E-01  6.81392E-01
  8.65234E-01  6.74247E-01
  8.69141E-01  6.67117E-01
  8.73047E-01  6.59999E-01
  8.76953E-01  6.52901E-01
  8.80859E-01  6.45826E-01
  8.84766E-01  6.38780E-01
  8.88672E-01  6.31763E-01
  8.92578E-01  6.24774E-01
  8.96484E-01  6.17822E-01
  9.00391E-01  6.10919E-01
  9.04297E-01  6.04062E-01
  9.08203E-01  5.97260E-01
  9.12109E-01  5.90509E-01
  9.16016E-01  5.83826E-01
  9.19922E-01  5.77210E-01
  9.23828E-01  5.70669E-01
  9.27734E-01  5.64216E-01
  9.31641E-01  5.57846E-01
  9.35547E-01  5.51573E-01
  9.39453E-01  5.45406E-01
  9.43359E-01  5.39360E-01
  9.47266E-01  5.33433E-01
  9.51172E-01  5.27632E-01
  9.55078E-01  5.21973E-01
  9.58984E-01  5.16479E-01
  9.62891E-01  5.11149E-01
  9.66797E-01  5.05988E-01
  9.70703E-01  5.01011E-01
  9.74609E-01  4.96225E-01
  9.78516E-01  4.91641E-01
  9.82422E-01  4.87272E-01
  9.86328E-01  4.83133E-01
  9.90234E-01  4.79227E-01
  9.94141E-01  4.75570E-01
  9.98047E-01  4.72166E-01
  1.00195E+00  4.72174E-01
