 -1.95312E-03  1.82548E+00
  1.95312E-03  1.82636E+00
  5.85938E-03  1.82228E+00
  9.76562E-03  1.81890E+00
  1.36719E-02  1.81563E+00
  1.75781E-02  1.81238E+00
  2.14844E-02  1.80913E+00
  2.53906E-02  1.80588E+00
  2.92969E-02  1.80261E+00
  3.32031E-02  1.79933E+00
  3.71094E-02  1.79603E+00
  4.10156E-02  1.79272E+00
  4.49219E-02  1.78939E+00
  4.88281E-02  1.78604E+00
  5.27344E-02  1.78267E+00
  5.66406E-02  1.77929E+00
  6.05469E-02  1.77589E+00
  6.44531E-02  1.77247E+00
  6.83594E-02  1.76904E+00
  7.22656E-02  1.76559E+00
  7.61719E-02  1.76212E+00
  8.00781E-02  1.75863E+00
  8.39844E-02  1.75512E+00
  8.78906E-02  1.75160E+00
  9.17969E-02  1.74806E+00
  9.57031E-02  1.74450E+00
  9.96094E-02  1.74092E+00
  1.03516E-01  1.73733E+00
  1.07422E-01  1.73371E+00
  1.11328E-01  1.73008E+00
  1.15234E-01  1.72643E+00
  1.19141E-01  1.72276E+00
  1.23047E-01  1.71908E+00
  1.26953E-01  1.71538E+00
  1.30859E-01  1.71166E+00
  1.34766E-01  1.70792E+00
  1.38672E-01  1.70416E+00
  1.42578E-01  1.70039E+00
  1.46484E-01  1.69660E+00
  1.50391E-01  1.69279E+00
  1.54297E-01  1.68896E+00
  1.58203E-01  1.68511E+00
  1.62109E-01  1.68125E+00
  1.66016E-01  1.67737E+00
  1.69922E-01  1.67347E+00
  1.73828E-01  1.66955E+00
  1.77734E-01  1.66561E+00
  1.81641E-01  1.66166E+00
  1.85547E-01  1.65768E+00
  1.89453E-01  1.65369E+00
  1.93359E-01  1.64969E+00
  1.97266E-01  1.64566E+00
  2.01172E-01  1.64162E+00
  2.05078E-01  1.63755E+00
  2.08984E-01  1.63347E+00
  2.12891E-01  1.62938E+00
  2.16797E-01  1.62526E+00
  2.20703E-01  1.62113E+00
  2.24609E-01  1.61697E+00
  2.28516E-01  1.61280E+00
  2.32422E-01  1.60861E+00
  2.36328E-01  1.60441E+00
  2.40234E-01  1.60018E+00
  2.44141E-01  1.59594E+00
  2.48047E-01  1.59168E+00
  2.51953E-01  1.58740E+00
  2.55859E-01  1.58310E+00
  2.59766E-01  1.57878E+00
  2.63672E-01  1.57445E+00
  2.67578E-01  1.57009E+00
  2.71484E-01  1.56572E+00
  2.75391E-01  1.56133E+00
  2.79297E-01  1.55692E+00
  2.83203E-01  1.55250E+00
  2.87109E-01  1.54805E+00
  2.91016E-01  1.54359E+00
  2.94922E-01  1.53911E+00
  2.98828E-01  1.53461E+00
  3.02734E-01  1.53009E+00
  3.06641E-01  1.52555E+00
  3.10547E-01  1.52100E+00
  3.14453E-01  1.51642E+00
  3.18359E-01  1.51183E+00
  3.22266E-01  1.50722E+00
  3.26172E-01  1.50260E+00
  3.30078E-01  1.49795E+00
  3.33984E-01  1.49328E+00
  3.37891E-01  1.48860E+00
  3.41797E-01  1.48390E+00
  3.45703E-01  1.47918E+00
  3.49609E-01  1.47444E+00
  3.53516E-01  1.46968E+00
  3.57422E-01  1.46491E+00
  3.61328E-01  1.46011E+00
  3.65234E-01  1.45530E+00
  3.69141E-01  1.45046E+00
  3.73047E-01  1.44561E+00
  3.76953E-01  1.44074E+00
  3.80859E-01  1.43585E+00
  3.84766E-01  1.43094E+00
  3.88672E-01  1.42602E+00
  3.92578E-01  1.42107E+00
  3.96484E-01  1.41611E+00
  4.00391E-01  1.41112E+00
  4.04297E-01  1.40612E+00
  4.08203E-01  1.40110E+00
  4.12109E-01  1.39606E+00
  4.16016E-01  1.39100E+00
  4.19922E-01  1.38592E+00
  4.23828E-01  1.38082E+00
  4.27734E-01  1.37570E+00
  4.31641E-01  1.37057E+00
  4.35547E-01  1.36541E+00
  4.39453E-01  1.36023E+00
  4.43359E-01  1.35504E+00
  4.47266E-01  1.34982E+00
  4.51172E-01  1.34459E+00
  4.55078E-01  1.33933E+00
  4.58984E-01  1.33406E+00
  4.62891E-01  1.32877E+00
  4.66797E-01  1.32345E+00
  4.70703E-01  1.31812E+00
  4.74609E-01  1.31277E+00
  4.78516E-01  1.30739E+00
  4.82422E-01  1.30200E+00
  4.86328E-01  1.29659E+00
  4.90234E-01  1.29116E+00
  4.94141E-01  1.28571E+00
  4.98047E-01  1.28024E+00
  5.01953E-01  1.27474E+00
  5.05859E-01  1.26923E+00
  5.09766E-01  1.26370E+00
  5.13672E-01  1.25815E+00
  5.17578E-01  1.25257E+00
  5.21484E-01  1.24698E+00
  5.25391E-01  1.24137E+00
  5.29297E-01  1.23573E+00
  5.33203E-01  1.23008E+00
  5.37109E-01  1.22440E+00
  5.41016E-01  1.21871E+00
  5.44922E-01  1.21299E+00
  5.48828E-01  1.20725E+00
  5.52734E-01  1.20150E+00
  5.56641E-01  1.19572E+00
  5.60547E-01  1.18992E+00
  5.64453E-01  1.18410E+00
  5.68359E-01  1.17826E+00
  5.72266E-01  1.17240E+00
  5.76172E-01  1.16652E+00
  5.80078E-01  1.16061E+00
  5.83984E-01  1.15469E+00
  5.87891E-01  1.14874E+00
  5.91797E-01  1.14277E+00
  5.95703E-01  1.13679E+00
  5.99609E-01  1.13078E+00
  6.03516E-01  1.12475E+00
  6.07422E-01  1.11870E+00
  6.11328E-01  1.11263E+00
  6.15234E-01  1.10654E+00
  6.19141E-01  1.10043E+00
  6.23047E-01  1.09430E+00
  6.26953E-01  1.08814E+00
  6.30859E-01  1.08196E+00
  6.34766E-01  1.07577E+00
  6.38672E-01  1.06955E+00
  6.42578E-01  1.06331E+00
  6.46484E-01  1.05704E+00
  6.50391E-01  1.05076E+00
  6.54297E-01  1.04445E+00
  6.58203E-01  1.03812E+00
  6.62109E-01  1.03177E+00
  6.66016E-01  1.02539E+00
  6.69922E-01  1.01900E+00
  6.73828E-01  1.01258E+00
  6.77734E-01  1.00614E+00
  6.81641E-01  9.99674E-01
  6.85547E-01  9.93190E-01
  6.89453E-01  9.86682E-01
  6.93359E-01  9.80153E-01
  6.97266E-01  9.73600E-01
  7.01172E-01  9.67026E-01
  7.05078E-01  9.60429E-01
  7.08984E-01  9.53811E-01
  7.12891E-01  9.47172E-01
  7.16797E-01  9.40511E-01
  7.20703E-01  9.33828E-01
  7.24609E-01  9.27125E-01
  7.28516E-01  9.20398E-01
  7.32422E-01  9.13652E-01
  7.36328E-01  9.06886E-01
  7.40234E-01  9.00098E-01
  7.44141E-01  8.93289E-01
  7.48047E-01  8.86461E-01
  7.51953E-01  8.79612E-01
  7.55859E-01  8.72744E-01
  7.59766E-01  8.65855E-01
  7.63672E-01  8.58947E-01
  7.67578E-01  8.52020E-01
  7.71484E-01  8.45074E-01
  7.75391E-01  8.38111E-01
  7.79297E-01  8.31131E-01
  7.83203E-01  8.24133E-01
  7.87109E-01  8.17119E-01
  7.91016E-01  8.10085E-01
  7.94922E-01  8.03034E-01
  7.98828E-01  7.95973E-01
  8.02734E-01  7.88898E-01
  8.06641E-01  7.81809E-01
  8.10547E-01  7.74709E-01
  8.14453E-01  7.67601E-01
  8.18359E-01  7.60482E-01
  8.22266E-01  7.53354E-01
  8.26172E-01  7.46217E-01
  8.30078E-01  7.39073E-01
  8.33984E-01  7.31922E-01
  8.37891E-01  7.24767E-01
  8.41797E-01  7.17605E-01
  8.45703E-01  7.10444E-01
  8.49609E-01  7.03286E-01
  8.53516E-01  6.96129E-01
  8.57422E-01  6.88981E-01
  8.61328E-01  6.81837E-01
  8.65234E-01  6.74701E-01
  8.69141E-01  6.67578E-01
  8.73047E-01  6.60468E-01
  8.76953E-01  6.53377E-01
  8.80859E-01  6.46309E-01
  8.84766E-01  6.39268E-01
  8.88672E-01  6.32262E-01
  8.92578E-01  6.25284E-01
  8.96484E-01  6.18340E-01
  9.00391E-01  6.11438E-01
  9.04297E-01  6.04579E-01
  9.08203E-01  5.97779E-01
  9.12109E-01  5.91035E-01
  9.16016E-01  5.84354E-01
  9.19922E-01  5.77744E-01
  9.23828E-01  5.71212E-01
  9.27734E-01  5.64771E-01
  9.31641E-01  5.58413E-01
  9.35547E-01  5.52153E-01
  9.39453E-01  5.45998E-01
  9.43359E-01  5.39957E-01
  9.47266E-01  5.34038E-01
  9.51172E-01  5.28251E-01
  9.55078E-01  5.22611E-01
  9.58984E-01  5.17124E-01
  9.62891E-01  5.11802E-01
  9.66797E-01  5.06651E-01
  9.70703E-01  5.01685E-01
  9.74609E-01  4.96906E-01
  9.78516E-01  4.92330E-01
  9.82422E-01  4.87967E-01
  9.86328E-01  4.83829E-01
  9.90234E-01  4.79924E-01
  9.94141E-01  4.76279E-01
  9.98047E-01  4.72880E-01
  1.00195E+00  4.72888E-01
