 -1.95312E-03  1.82602E+00
  1.95312E-03  1.82690E+00
  5.85938E-03  1.82282E+00
  9.76562E-03  1.81944E+00
  1.36719E-02  1.81617E+00
  1.75781E-02  1.81292E+00
  2.14844E-02  1.80968E+00
  2.53906E-02  1.80642E+00
  2.92969E-02  1.80315E+00
  3.32031E-02  1.79987E+00
  3.71094E-02  1.79657E+00
  4.10156E-02  1.79326E+00
  4.49219E-02  1.78993E+00
  4.88281E-02  1.78658E+00
  5.27344E-02  1.78321E+00
  5.66406E-02  1.77983E+00
  6.05469E-02  1.77643E+00
  6.44531E-02  1.77301E+00
  6.83594E-02  1.76958E+00
  7.22656E-02  1.76613E+00
  7.61719E-02  1.76266E+00
  8.00781E-02  1.75917E+00
  8.39844E-02  1.75566E+00
  8.78906E-02  1.75214E+00
  9.17969E-02  1.74860E+00
  9.57031E-02  1.74504E+00
  9.96094E-02  1.74146E+00
  1.03516E-01  1.73786E+00
  1.07422E-01  1.73425E+00
  1.11328E-01  1.73062E+00
  1.15234E-01  1.72697E+00
  1.19141E-01  1.72330E+00
  1.23047E-01  1.71962E+00
  1.26953E-01  1.71591E+00
  1.30859E-01  1.71219E+00
  1.34766E-01  1.70846E+00
  1.38672E-01  1.70470E+00
  1.42578E-01  1.70093E+00
  1.46484E-01  1.69713E+00
  1.50391E-01  1.69332E+00
  1.54297E-01  1.68949E+00
  1.58203E-01  1.68565E+00
  1.62109E-01  1.68178E+00
  1.66016E-01  1.67790E+00
  1.69922E-01  1.67400E+00
  1.73828E-01  1.67008E+00
  1.77734E-01  1.66614E+00
  1.81641E-01  1.66219E+00
  1.85547E-01  1.65822E+00
  1.89453E-01  1.65423E+00
  1.93359E-01  1.65022E+00
  1.97266E-01  1.64619E+00
  2.01172E-01  1.64215E+00
  2.05078E-01  1.63809E+00
  2.08984E-01  1.63401E+00
  2.12891E-01  1.62991E+00
  2.16797E-01  1.62579E+00
  2.20703E-01  1.62166E+00
  2.24609E-01  1.61750E+00
  2.28516E-01  1.61333E+00
  2.32422E-01  1.60914E+00
  2.36328E-01  1.60493E+00
  2.40234E-01  1.60071E+00
  2.44141E-01  1.59646E+00
  2.48047E-01  1.59220E+00
  2.51953E-01  1.58792E+00
  2.55859E-01  1.58362E+00
  2.59766E-01  1.57930E+00
  2.63672E-01  1.57497E+00
  2.67578E-01  1.57061E+00
  2.71484E-01  1.56624E+00
  2.75391E-01  1.56185E+00
  2.79297E-01  1.55744E+00
  2.83203E-01  1.55302E+00
  2.87109E-01  1.54857E+00
  2.91016E-01  1.54410E+00
  2.94922E-01  1.53962E+00
  2.98828E-01  1.53512E+00
  3.02734E-01  1.53060E+00
  3.06641E-01  1.52607E+00
  3.10547E-01  1.52151E+00
  3.14453E-01  1.51694E+00
  3.18359E-01  1.51235E+00
  3.22266E-01  1.50774E+00
  3.26172E-01  1.50311E+00
  3.30078E-01  1.49846E+00
  3.33984E-01  1.49379E+00
  3.37891E-01  1.48911E+00
  3.41797E-01  1.48440E+00
  3.45703E-01  1.47968E+00
  3.49609E-01  1.47494E+00
  3.53516E-01  1.47018E+00
  3.57422E-01  1.46540E+00
  3.61328E-01  1.46061E+00
  3.65234E-01  1.45579E+00
  3.69141E-01  1.45096E+00
  3.73047E-01  1.44610E+00
  3.76953E-01  1.44123E+00
  3.80859E-01  1.43634E+00
  3.84766E-01  1.43143E+00
  3.88672E-01  1.42650E+00
  3.92578E-01  1.42155E+00
  3.96484E-01  1.41658E+00
  4.00391E-01  1.41160E+00
  4.04297E-01  1.40659E+00
  4.08203E-01  1.40157E+00
  4.12109E-01  1.39652E+00
  4.16016E-01  1.39146E+00
  4.19922E-01  1.38638E+00
  4.23828E-01  1.38127E+00
  4.27734E-01  1.37615E+00
  4.31641E-01  1.37101E+00
  4.35547E-01  1.36585E+00
  4.39453E-01  1.36067E+00
  4.43359E-01  1.35547E+00
  4.47266E-01  1.35025E+00
  4.51172E-01  1.34501E+00
  4.55078E-01  1.33976E+00
  4.58984E-01  1.33448E+00
  4.62891E-01  1.32918E+00
  4.66797E-01  1.32386E+00
  4.70703E-01  1.31853E+00
  4.74609E-01  1.31317E+00
  4.78516E-01  1.30779E+00
  4.82422E-01  1.30239E+00
  4.86328E-01  1.29697E+00
  4.90234E-01  1.29154E+00
  4.94141E-01  1.28608E+00
  4.98047E-01  1.28060E+00
  5.01953E-01  1.27510E+00
  5.05859E-01  1.26958E+00
  5.09766E-01  1.26405E+00
  5.13672E-01  1.25849E+00
  5.17578E-01  1.25291E+00
  5.21484E-01  1.24731E+00
  5.25391E-01  1.24169E+00
  5.29297E-01  1.23605E+00
  5.33203E-01  1.23039E+00
  5.37109E-01  1.22471E+00
  5.41016E-01  1.21901E+00
  5.44922E-01  1.21328E+00
  5.48828E-01  1.20754E+00
  5.52734E-01  1.20178E+00
  5.56641E-01  1.19599E+00
  5.60547E-01  1.19019E+00
  5.64453E-01  1.18436E+00
  5.68359E-01  1.17851E+00
  5.72266E-01  1.17264E+00
  5.76172E-01  1.16675E+00
  5.80078E-01  1.16083E+00
  5.83984E-01  1.15490E+00
  5.87891E-01  1.14894E+00
  5.91797E-01  1.14297E+00
  5.95703E-01  1.13697E+00
  5.99609E-01  1.13095E+00
  6.03516E-01  1.12491E+00
  6.07422E-01  1.11885E+00
  6.11328E-01  1.11277E+00
  6.15234E-01  1.10666E+00
  6.19141E-01  1.10054E+00
  6.23047E-01  1.09439E+00
  6.26953E-01  1.08822E+00
  6.30859E-01  1.08203E+00
  6.34766E-01  1.07582E+00
  6.38672E-01  1.06959E+00
  6.42578E-01  1.06333E+00
  6.46484E-01  1.05706E+00
  6.50391E-01  1.05076E+00
  6.54297E-01  1.04443E+00
  6.58203E-01  1.03809E+00
  6.62109E-01  1.03173E+00
  6.66016E-01  1.02534E+00
  6.69922E-01  1.01893E+00
  6.73828E-01  1.01249E+00
  6.77734E-01  1.00604E+00
  6.81641E-01  9.99561E-01
  6.85547E-01  9.93062E-01
  6.89453E-01  9.86542E-01
  6.93359E-01  9.80000E-01
  6.97266E-01  9.73435E-01
  7.01172E-01  9.66848E-01
  7.05078E-01  9.60239E-01
  7.08984E-01  9.53609E-01
  7.12891E-01  9.46958E-01
  7.16797E-01  9.40285E-01
  7.20703E-01  9.33592E-01
  7.24609E-01  9.26876E-01
  7.28516E-01  9.20137E-01
  7.32422E-01  9.13378E-01
  7.36328E-01  9.06598E-01
  7.40234E-01  8.99799E-01
  7.44141E-01  8.92979E-01
  7.48047E-01  8.86138E-01
  7.51953E-01  8.79277E-01
  7.55859E-01  8.72397E-01
  7.59766E-01  8.65498E-01
  7.63672E-01  8.58580E-01
  7.67578E-01  8.51642E-01
  7.71484E-01  8.44686E-01
  7.75391E-01  8.37712E-01
  7.79297E-01  8.30721E-01
  7.83203E-01  8.23714E-01
  7.87109E-01  8.16689E-01
  7.91016E-01  8.09648E-01
  7.94922E-01  8.02590E-01
  7.98828E-01  7.95521E-01
  8.02734E-01  7.88438E-01
  8.06641E-01  7.81342E-01
  8.10547E-01  7.74233E-01
  8.14453E-01  7.67115E-01
  8.18359E-01  7.59987E-01
  8.22266E-01  7.52849E-01
  8.26172E-01  7.45702E-01
  8.30078E-01  7.38549E-01
  8.33984E-01  7.31393E-01
  8.37891E-01  7.24233E-01
  8.41797E-01  7.17066E-01
  8.45703E-01  7.09898E-01
  8.49609E-01  7.02733E-01
  8.53516E-01  6.95566E-01
  8.57422E-01  6.88405E-01
  8.61328E-01  6.81251E-01
  8.65234E-01  6.74108E-01
  8.69141E-01  6.66978E-01
  8.73047E-01  6.59859E-01
  8.76953E-01  6.52757E-01
  8.80859E-01  6.45680E-01
  8.84766E-01  6.38628E-01
  8.88672E-01  6.31604E-01
  8.92578E-01  6.24614E-01
  8.96484E-01  6.17658E-01
  9.00391E-01  6.10743E-01
  9.04297E-01  6.03870E-01
  9.08203E-01  5.97059E-01
  9.12109E-01  5.90299E-01
  9.16016E-01  5.83598E-01
  9.19922E-01  5.76968E-01
  9.23828E-01  5.70415E-01
  9.27734E-01  5.63953E-01
  9.31641E-01  5.57578E-01
  9.35547E-01  5.51308E-01
  9.39453E-01  5.45133E-01
  9.43359E-01  5.39073E-01
  9.47266E-01  5.33136E-01
  9.51172E-01  5.27331E-01
  9.55078E-01  5.21668E-01
  9.58984E-01  5.16165E-01
  9.62891E-01  5.10834E-01
  9.66797E-01  5.05667E-01
  9.70703E-01  5.00683E-01
  9.74609E-01  4.95891E-01
  9.78516E-01  4.91303E-01
  9.82422E-01  4.86931E-01
  9.86328E-01  4.82792E-01
  9.90234E-01  4.78888E-01
  9.94141E-01  4.75236E-01
  9.98047E-01  4.71830E-01
  1.00195E+00  4.71838E-01
