 -1.95312E-03  1.82569E+00
  1.95312E-03  1.82657E+00
  5.85938E-03  1.82249E+00
  9.76562E-03  1.81911E+00
  1.36719E-02  1.81584E+00
  1.75781E-02  1.81259E+00
  2.14844E-02  1.80935E+00
  2.53906E-02  1.80609E+00
  2.92969E-02  1.80282E+00
  3.32031E-02  1.79954E+00
  3.71094E-02  1.79624E+00
  4.10156E-02  1.79293E+00
  4.49219E-02  1.78960E+00
  4.88281E-02  1.78625E+00
  5.27344E-02  1.78288E+00
  5.66406E-02  1.77950E+00
  6.05469E-02  1.77610E+00
  6.44531E-02  1.77269E+00
  6.83594E-02  1.76925E+00
  7.22656E-02  1.76580E+00
  7.61719E-02  1.76233E+00
  8.00781E-02  1.75884E+00
  8.39844E-02  1.75533E+00
  8.78906E-02  1.75181E+00
  9.17969E-02  1.74827E+00
  9.57031E-02  1.74471E+00
  9.96094E-02  1.74113E+00
  1.03516E-01  1.73753E+00
  1.07422E-01  1.73392E+00
  1.11328E-01  1.73029E+00
  1.15234E-01  1.72664E+00
  1.19141E-01  1.72297E+00
  1.23047E-01  1.71929E+00
  1.26953E-01  1.71558E+00
  1.30859E-01  1.71186E+00
  1.34766E-01  1.70812E+00
  1.38672E-01  1.70437E+00
  1.42578E-01  1.70059E+00
  1.46484E-01  1.69680E+00
  1.50391E-01  1.69299E+00
  1.54297E-01  1.68916E+00
  1.58203E-01  1.68532E+00
  1.62109E-01  1.68145E+00
  1.66016E-01  1.67757E+00
  1.69922E-01  1.67367E+00
  1.73828E-01  1.66975E+00
  1.77734E-01  1.66581E+00
  1.81641E-01  1.66186E+00
  1.85547E-01  1.65789E+00
  1.89453E-01  1.65390E+00
  1.93359E-01  1.64989E+00
  1.97266E-01  1.64586E+00
  2.01172E-01  1.64182E+00
  2.05078E-01  1.63776E+00
  2.08984E-01  1.63368E+00
  2.12891E-01  1.62958E+00
  2.16797E-01  1.62546E+00
  2.20703E-01  1.62133E+00
  2.24609E-01  1.61717E+00
  2.28516E-01  1.61300E+00
  2.32422E-01  1.60881E+00
  2.36328E-01  1.60460E+00
  2.40234E-01  1.60038E+00
  2.44141E-01  1.59613E+00
  2.48047E-01  1.59187E+00
  2.51953E-01  1.58759E+00
  2.55859E-01  1.58329E+00
  2.59766E-01  1.57898E+00
  2.63672E-01  1.57464E+00
  2.67578E-01  1.57029E+00
  2.71484E-01  1.56592E+00
  2.75391E-01  1.56153E+00
  2.79297E-01  1.55712E+00
  2.83203E-01  1.55269E+00
  2.87109E-01  1.54825E+00
  2.91016E-01  1.54378E+00
  2.94922E-01  1.53930E+00
  2.98828E-01  1.53480E+00
  3.02734E-01  1.53028E+00
  3.06641E-01  1.52574E+00
  3.10547E-01  1.52119E+00
  3.14453E-01  1.51662E+00
  3.18359E-01  1.51203E+00
  3.22266E-01  1.50742E+00
  3.26172E-01  1.50279E+00
  3.30078E-01  1.49814E+00
  3.33984E-01  1.49348E+00
  3.37891E-01  1.48879E+00
  3.41797E-01  1.48409E+00
  3.45703E-01  1.47937E+00
  3.49609E-01  1.47463E+00
  3.53516E-01  1.46987E+00
  3.57422E-01  1.46509E+00
  3.61328E-01  1.46030E+00
  3.65234E-01  1.45548E+00
  3.69141E-01  1.45065E+00
  3.73047E-01  1.44580E+00
  3.76953E-01  1.44092E+00
  3.80859E-01  1.43603E+00
  3.84766E-01  1.43113E+00
  3.88672E-01  1.42620E+00
  3.92578E-01  1.42125E+00
  3.96484E-01  1.41629E+00
  4.00391E-01  1.41130E+00
  4.04297E-01  1.40630E+00
  4.08203E-01  1.40128E+00
  4.12109E-01  1.39623E+00
  4.16016E-01  1.39117E+00
  4.19922E-01  1.38609E+00
  4.23828E-01  1.38099E+00
  4.27734E-01  1.37587E+00
  4.31641E-01  1.37074E+00
  4.35547E-01  1.36558E+00
  4.39453E-01  1.36040E+00
  4.43359E-01  1.35520E+00
  4.47266E-01  1.34999E+00
  4.51172E-01  1.34475E+00
  4.55078E-01  1.33950E+00
  4.58984E-01  1.33422E+00
  4.62891E-01  1.32893E+00
  4.66797E-01  1.32361E+00
  4.70703E-01  1.31828E+00
  4.74609E-01  1.31292E+00
  4.78516E-01  1.30755E+00
  4.82422E-01  1.30216E+00
  4.86328E-01  1.29674E+00
  4.90234E-01  1.29131E+00
  4.94141E-01  1.28585E+00
  4.98047E-01  1.28038E+00
  5.01953E-01  1.27488E+00
  5.05859E-01  1.26937E+00
  5.09766E-01  1.26383E+00
  5.13672E-01  1.25828E+00
  5.17578E-01  1.25270E+00
  5.21484E-01  1.24711E+00
  5.25391E-01  1.24149E+00
  5.29297E-01  1.23585E+00
  5.33203E-01  1.23020E+00
  5.37109E-01  1.22452E+00
  5.41016E-01  1.21882E+00
  5.44922E-01  1.21310E+00
  5.48828E-01  1.20736E+00
  5.52734E-01  1.20160E+00
  5.56641E-01  1.19583E+00
  5.60547E-01  1.19002E+00
  5.64453E-01  1.18420E+00
  5.68359E-01  1.17836E+00
  5.72266E-01  1.17249E+00
  5.76172E-01  1.16660E+00
  5.80078E-01  1.16070E+00
  5.83984E-01  1.15477E+00
  5.87891E-01  1.14882E+00
  5.91797E-01  1.14285E+00
  5.95703E-01  1.13685E+00
  5.99609E-01  1.13084E+00
  6.03516E-01  1.12481E+00
  6.07422E-01  1.11875E+00
  6.11328E-01  1.11268E+00
  6.15234E-01  1.10658E+00
  6.19141E-01  1.10046E+00
  6.23047E-01  1.09433E+00
  6.26953E-01  1.08817E+00
  6.30859E-01  1.08198E+00
  6.34766E-01  1.07578E+00
  6.38672E-01  1.06955E+00
  6.42578E-01  1.06331E+00
  6.46484E-01  1.05704E+00
  6.50391E-01  1.05075E+00
  6.54297E-01  1.04443E+00
  6.58203E-01  1.03810E+00
  6.62109E-01  1.03174E+00
  6.66016E-01  1.02536E+00
  6.69922E-01  1.01896E+00
  6.73828E-01  1.01253E+00
  6.77734E-01  1.00609E+00
  6.81641E-01  9.99620E-01
  6.85547E-01  9.93131E-01
  6.89453E-01  9.86619E-01
  6.93359E-01  9.80087E-01
  6.97266E-01  9.73529E-01
  7.01172E-01  9.66950E-01
  7.05078E-01  9.60348E-01
  7.08984E-01  9.53726E-01
  7.12891E-01  9.47083E-01
  7.16797E-01  9.40419E-01
  7.20703E-01  9.33732E-01
  7.24609E-01  9.27025E-01
  7.28516E-01  9.20294E-01
  7.32422E-01  9.13545E-01
  7.36328E-01  9.06776E-01
  7.40234E-01  8.99984E-01
  7.44141E-01  8.93171E-01
  7.48047E-01  8.86339E-01
  7.51953E-01  8.79487E-01
  7.55859E-01  8.72614E-01
  7.59766E-01  8.65722E-01
  7.63672E-01  8.58810E-01
  7.67578E-01  8.51881E-01
  7.71484E-01  8.44931E-01
  7.75391E-01  8.37963E-01
  7.79297E-01  8.30980E-01
  7.83203E-01  8.23980E-01
  7.87109E-01  8.16965E-01
  7.91016E-01  8.09933E-01
  7.94922E-01  8.02882E-01
  7.98828E-01  7.95821E-01
  8.02734E-01  7.88743E-01
  8.06641E-01  7.81653E-01
  8.10547E-01  7.74553E-01
  8.14453E-01  7.67442E-01
  8.18359E-01  7.60320E-01
  8.22266E-01  7.53188E-01
  8.26172E-01  7.46048E-01
  8.30078E-01  7.38901E-01
  8.33984E-01  7.31749E-01
  8.37891E-01  7.24594E-01
  8.41797E-01  7.17431E-01
  8.45703E-01  7.10268E-01
  8.49609E-01  7.03108E-01
  8.53516E-01  6.95947E-01
  8.57422E-01  6.88791E-01
  8.61328E-01  6.81642E-01
  8.65234E-01  6.74499E-01
  8.69141E-01  6.67367E-01
  8.73047E-01  6.60252E-01
  8.76953E-01  6.53159E-01
  8.80859E-01  6.46089E-01
  8.84766E-01  6.39047E-01
  8.88672E-01  6.32038E-01
  8.92578E-01  6.25057E-01
  8.96484E-01  6.18115E-01
  9.00391E-01  6.11215E-01
  9.04297E-01  6.04360E-01
  9.08203E-01  5.97563E-01
  9.12109E-01  5.90820E-01
  9.16016E-01  5.84140E-01
  9.19922E-01  5.77529E-01
  9.23828E-01  5.70994E-01
  9.27734E-01  5.64544E-01
  9.31641E-01  5.58177E-01
  9.35547E-01  5.51906E-01
  9.39453E-01  5.45735E-01
  9.43359E-01  5.39680E-01
  9.47266E-01  5.33751E-01
  9.51172E-01  5.27956E-01
  9.55078E-01  5.22308E-01
  9.58984E-01  5.16810E-01
  9.62891E-01  5.11482E-01
  9.66797E-01  5.06325E-01
  9.70703E-01  5.01350E-01
  9.74609E-01  4.96565E-01
  9.78516E-01  4.91985E-01
  9.82422E-01  4.87621E-01
  9.86328E-01  4.83482E-01
  9.90234E-01  4.79584E-01
  9.94141E-01  4.75931E-01
  9.98047E-01  4.72530E-01
  1.00195E+00  4.72537E-01
