 -1.95312E-03  1.82620E+00
  1.95312E-03  1.82709E+00
  5.85938E-03  1.82301E+00
  9.76562E-03  1.81963E+00
  1.36719E-02  1.81636E+00
  1.75781E-02  1.81311E+00
  2.14844E-02  1.80986E+00
  2.53906E-02  1.80661E+00
  2.92969E-02  1.80334E+00
  3.32031E-02  1.80006E+00
  3.71094E-02  1.79676E+00
  4.10156E-02  1.79345E+00
  4.49219E-02  1.79011E+00
  4.88281E-02  1.78677E+00
  5.27344E-02  1.78340E+00
  5.66406E-02  1.78002E+00
  6.05469E-02  1.77662E+00
  6.44531E-02  1.77320E+00
  6.83594E-02  1.76977E+00
  7.22656E-02  1.76631E+00
  7.61719E-02  1.76284E+00
  8.00781E-02  1.75936E+00
  8.39844E-02  1.75585E+00
  8.78906E-02  1.75233E+00
  9.17969E-02  1.74878E+00
  9.57031E-02  1.74523E+00
  9.96094E-02  1.74165E+00
  1.03516E-01  1.73805E+00
  1.07422E-01  1.73444E+00
  1.11328E-01  1.73081E+00
  1.15234E-01  1.72716E+00
  1.19141E-01  1.72349E+00
  1.23047E-01  1.71980E+00
  1.26953E-01  1.71610E+00
  1.30859E-01  1.71238E+00
  1.34766E-01  1.70864E+00
  1.38672E-01  1.70488E+00
  1.42578E-01  1.70111E+00
  1.46484E-01  1.69732E+00
  1.50391E-01  1.69351E+00
  1.54297E-01  1.68968E+00
  1.58203E-01  1.68583E+00
  1.62109E-01  1.68196E+00
  1.66016E-01  1.67808E+00
  1.69922E-01  1.67418E+00
  1.73828E-01  1.67026E+00
  1.77734E-01  1.66633E+00
  1.81641E-01  1.66237E+00
  1.85547E-01  1.65840E+00
  1.89453E-01  1.65441E+00
  1.93359E-01  1.65040E+00
  1.97266E-01  1.64638E+00
  2.01172E-01  1.64233E+00
  2.05078E-01  1.63827E+00
  2.08984E-01  1.63419E+00
  2.12891E-01  1.63009E+00
  2.16797E-01  1.62597E+00
  2.20703E-01  1.62184E+00
  2.24609E-01  1.61768E+00
  2.28516E-01  1.61351E+00
  2.32422E-01  1.60932E+00
  2.36328E-01  1.60511E+00
  2.40234E-01  1.60089E+00
  2.44141E-01  1.59664E+00
  2.48047E-01  1.59238E+00
  2.51953E-01  1.58810E+00
  2.55859E-01  1.58380E+00
  2.59766E-01  1.57948E+00
  2.63672E-01  1.57515E+00
  2.67578E-01  1.57080E+00
  2.71484E-01  1.56642E+00
  2.75391E-01  1.56203E+00
  2.79297E-01  1.55762E+00
  2.83203E-01  1.55319E+00
  2.87109E-01  1.54875E+00
  2.91016E-01  1.54428E+00
  2.94922E-01  1.53980E+00
  2.98828E-01  1.53530E+00
  3.02734E-01  1.53078E+00
  3.06641E-01  1.52624E+00
  3.10547E-01  1.52169E+00
  3.14453E-01  1.51711E+00
  3.18359E-01  1.51252E+00
  3.22266E-01  1.50791E+00
  3.26172E-01  1.50328E+00
  3.30078E-01  1.49863E+00
  3.33984E-01  1.49396E+00
  3.37891E-01  1.48928E+00
  3.41797E-01  1.48457E+00
  3.45703E-01  1.47985E+00
  3.49609E-01  1.47511E+00
  3.53516E-01  1.47035E+00
  3.57422E-01  1.46557E+00
  3.61328E-01  1.46077E+00
  3.65234E-01  1.45595E+00
  3.69141E-01  1.45112E+00
  3.73047E-01  1.44626E+00
  3.76953E-01  1.44139E+00
  3.80859E-01  1.43650E+00
  3.84766E-01  1.43159E+00
  3.88672E-01  1.42666E+00
  3.92578E-01  1.42171E+00
  3.96484E-01  1.41674E+00
  4.00391E-01  1.41175E+00
  4.04297E-01  1.40675E+00
  4.08203E-01  1.40172E+00
  4.12109E-01  1.39667E+00
  4.16016E-01  1.39161E+00
  4.19922E-01  1.38653E+00
  4.23828E-01  1.38142E+00
  4.27734E-01  1.37630E+00
  4.31641E-01  1.37116E+00
  4.35547E-01  1.36600E+00
  4.39453E-01  1.36081E+00
  4.43359E-01  1.35561E+00
  4.47266E-01  1.35039E+00
  4.51172E-01  1.34515E+00
  4.55078E-01  1.33989E+00
  4.58984E-01  1.33461E+00
  4.62891E-01  1.32932E+00
  4.66797E-01  1.32400E+00
  4.70703E-01  1.31866E+00
  4.74609E-01  1.31330E+00
  4.78516E-01  1.30792E+00
  4.82422E-01  1.30252E+00
  4.86328E-01  1.29710E+00
  4.90234E-01  1.29166E+00
  4.94141E-01  1.28621E+00
  4.98047E-01  1.28073E+00
  5.01953E-01  1.27523E+00
  5.05859E-01  1.26971E+00
  5.09766E-01  1.26417E+00
  5.13672E-01  1.25861E+00
  5.17578E-01  1.25303E+00
  5.21484E-01  1.24743E+00
  5.25391E-01  1.24180E+00
  5.29297E-01  1.23616E+00
  5.33203E-01  1.23050E+00
  5.37109E-01  1.22482E+00
  5.41016E-01  1.21911E+00
  5.44922E-01  1.21338E+00
  5.48828E-01  1.20764E+00
  5.52734E-01  1.20187E+00
  5.56641E-01  1.19609E+00
  5.60547E-01  1.19028E+00
  5.64453E-01  1.18445E+00
  5.68359E-01  1.17860E+00
  5.72266E-01  1.17272E+00
  5.76172E-01  1.16683E+00
  5.80078E-01  1.16091E+00
  5.83984E-01  1.15497E+00
  5.87891E-01  1.14901E+00
  5.91797E-01  1.14303E+00
  5.95703E-01  1.13703E+00
  5.99609E-01  1.13101E+00
  6.03516E-01  1.12497E+00
  6.07422E-01  1.11890E+00
  6.11328E-01  1.11282E+00
  6.15234E-01  1.10671E+00
  6.19141E-01  1.10058E+00
  6.23047E-01  1.09444E+00
  6.26953E-01  1.08826E+00
  6.30859E-01  1.08207E+00
  6.34766E-01  1.07585E+00
  6.38672E-01  1.06962E+00
  6.42578E-01  1.06336E+00
  6.46484E-01  1.05708E+00
  6.50391E-01  1.05077E+00
  6.54297E-01  1.04445E+00
  6.58203E-01  1.03810E+00
  6.62109E-01  1.03173E+00
  6.66016E-01  1.02533E+00
  6.69922E-01  1.01892E+00
  6.73828E-01  1.01248E+00
  6.77734E-01  1.00602E+00
  6.81641E-01  9.99543E-01
  6.85547E-01  9.93039E-01
  6.89453E-01  9.86515E-01
  6.93359E-01  9.79968E-01
  6.97266E-01  9.73399E-01
  7.01172E-01  9.66808E-01
  7.05078E-01  9.60195E-01
  7.08984E-01  9.53562E-01
  7.12891E-01  9.46909E-01
  7.16797E-01  9.40233E-01
  7.20703E-01  9.33534E-01
  7.24609E-01  9.26814E-01
  7.28516E-01  9.20073E-01
  7.32422E-01  9.13311E-01
  7.36328E-01  9.06526E-01
  7.40234E-01  8.99722E-01
  7.44141E-01  8.92898E-01
  7.48047E-01  8.86054E-01
  7.51953E-01  8.79189E-01
  7.55859E-01  8.72305E-01
  7.59766E-01  8.65402E-01
  7.63672E-01  8.58480E-01
  7.67578E-01  8.51539E-01
  7.71484E-01  8.44581E-01
  7.75391E-01  8.37604E-01
  7.79297E-01  8.30610E-01
  7.83203E-01  8.23599E-01
  7.87109E-01  8.16571E-01
  7.91016E-01  8.09527E-01
  7.94922E-01  8.02467E-01
  7.98828E-01  7.95393E-01
  8.02734E-01  7.88306E-01
  8.06641E-01  7.81203E-01
  8.10547E-01  7.74090E-01
  8.14453E-01  7.66968E-01
  8.18359E-01  7.59835E-01
  8.22266E-01  7.52695E-01
  8.26172E-01  7.45547E-01
  8.30078E-01  7.38391E-01
  8.33984E-01  7.31232E-01
  8.37891E-01  7.24070E-01
  8.41797E-01  7.16900E-01
  8.45703E-01  7.09729E-01
  8.49609E-01  7.02558E-01
  8.53516E-01  6.95388E-01
  8.57422E-01  6.88224E-01
  8.61328E-01  6.81068E-01
  8.65234E-01  6.73920E-01
  8.69141E-01  6.66784E-01
  8.73047E-01  6.59660E-01
  8.76953E-01  6.52557E-01
  8.80859E-01  6.45480E-01
  8.84766E-01  6.38430E-01
  8.88672E-01  6.31407E-01
  8.92578E-01  6.24413E-01
  8.96484E-01  6.17456E-01
  9.00391E-01  6.10541E-01
  9.04297E-01  6.03671E-01
  9.08203E-01  5.96856E-01
  9.12109E-01  5.90088E-01
  9.16016E-01  5.83387E-01
  9.19922E-01  5.76757E-01
  9.23828E-01  5.70202E-01
  9.27734E-01  5.63735E-01
  9.31641E-01  5.57355E-01
  9.35547E-01  5.51078E-01
  9.39453E-01  5.44900E-01
  9.43359E-01  5.38837E-01
  9.47266E-01  5.32893E-01
  9.51172E-01  5.27083E-01
  9.55078E-01  5.21420E-01
  9.58984E-01  5.15913E-01
  9.62891E-01  5.10560E-01
  9.66797E-01  5.05379E-01
  9.70703E-01  5.00378E-01
  9.74609E-01  4.95569E-01
  9.78516E-01  4.90965E-01
  9.82422E-01  4.86580E-01
  9.86328E-01  4.82427E-01
  9.90234E-01  4.78514E-01
  9.94141E-01  4.74855E-01
  9.98047E-01  4.71445E-01
  1.00195E+00  4.71453E-01
