 -1.95312E-03  1.82566E+00
  1.95312E-03  1.82655E+00
  5.85938E-03  1.82247E+00
  9.76562E-03  1.81909E+00
  1.36719E-02  1.81582E+00
  1.75781E-02  1.81257E+00
  2.14844E-02  1.80932E+00
  2.53906E-02  1.80606E+00
  2.92969E-02  1.80280E+00
  3.32031E-02  1.79951E+00
  3.71094E-02  1.79622E+00
  4.10156E-02  1.79290E+00
  4.49219E-02  1.78957E+00
  4.88281E-02  1.78622E+00
  5.27344E-02  1.78286E+00
  5.66406E-02  1.77948E+00
  6.05469E-02  1.77608E+00
  6.44531E-02  1.77266E+00
  6.83594E-02  1.76922E+00
  7.22656E-02  1.76577E+00
  7.61719E-02  1.76230E+00
  8.00781E-02  1.75881E+00
  8.39844E-02  1.75531E+00
  8.78906E-02  1.75178E+00
  9.17969E-02  1.74824E+00
  9.57031E-02  1.74468E+00
  9.96094E-02  1.74110E+00
  1.03516E-01  1.73751E+00
  1.07422E-01  1.73389E+00
  1.11328E-01  1.73026E+00
  1.15234E-01  1.72661E+00
  1.19141E-01  1.72295E+00
  1.23047E-01  1.71926E+00
  1.26953E-01  1.71556E+00
  1.30859E-01  1.71184E+00
  1.34766E-01  1.70810E+00
  1.38672E-01  1.70434E+00
  1.42578E-01  1.70057E+00
  1.46484E-01  1.69677E+00
  1.50391E-01  1.69296E+00
  1.54297E-01  1.68914E+00
  1.58203E-01  1.68529E+00
  1.62109E-01  1.68142E+00
  1.66016E-01  1.67754E+00
  1.69922E-01  1.67364E+00
  1.73828E-01  1.66972E+00
  1.77734E-01  1.66579E+00
  1.81641E-01  1.66183E+00
  1.85547E-01  1.65786E+00
  1.89453E-01  1.65387E+00
  1.93359E-01  1.64986E+00
  1.97266E-01  1.64584E+00
  2.01172E-01  1.64179E+00
  2.05078E-01  1.63773E+00
  2.08984E-01  1.63365E+00
  2.12891E-01  1.62955E+00
  2.16797E-01  1.62543E+00
  2.20703E-01  1.62130E+00
  2.24609E-01  1.61715E+00
  2.28516E-01  1.61298E+00
  2.32422E-01  1.60879E+00
  2.36328E-01  1.60458E+00
  2.40234E-01  1.60035E+00
  2.44141E-01  1.59611E+00
  2.48047E-01  1.59185E+00
  2.51953E-01  1.58757E+00
  2.55859E-01  1.58327E+00
  2.59766E-01  1.57895E+00
  2.63672E-01  1.57462E+00
  2.67578E-01  1.57026E+00
  2.71484E-01  1.56589E+00
  2.75391E-01  1.56150E+00
  2.79297E-01  1.55709E+00
  2.83203E-01  1.55267E+00
  2.87109E-01  1.54822E+00
  2.91016E-01  1.54376E+00
  2.94922E-01  1.53928E+00
  2.98828E-01  1.53477E+00
  3.02734E-01  1.53026E+00
  3.06641E-01  1.52572E+00
  3.10547E-01  1.52117E+00
  3.14453E-01  1.51659E+00
  3.18359E-01  1.51200E+00
  3.22266E-01  1.50739E+00
  3.26172E-01  1.50277E+00
  3.30078E-01  1.49812E+00
  3.33984E-01  1.49345E+00
  3.37891E-01  1.48877E+00
  3.41797E-01  1.48406E+00
  3.45703E-01  1.47934E+00
  3.49609E-01  1.47460E+00
  3.53516E-01  1.46985E+00
  3.57422E-01  1.46507E+00
  3.61328E-01  1.46027E+00
  3.65234E-01  1.45546E+00
  3.69141E-01  1.45063E+00
  3.73047E-01  1.44577E+00
  3.76953E-01  1.44090E+00
  3.80859E-01  1.43601E+00
  3.84766E-01  1.43110E+00
  3.88672E-01  1.42618E+00
  3.92578E-01  1.42123E+00
  3.96484E-01  1.41626E+00
  4.00391E-01  1.41128E+00
  4.04297E-01  1.40627E+00
  4.08203E-01  1.40125E+00
  4.12109E-01  1.39621E+00
  4.16016E-01  1.39115E+00
  4.19922E-01  1.38607E+00
  4.23828E-01  1.38097E+00
  4.27734E-01  1.37585E+00
  4.31641E-01  1.37072E+00
  4.35547E-01  1.36556E+00
  4.39453E-01  1.36038E+00
  4.43359E-01  1.35518E+00
  4.47266E-01  1.34997E+00
  4.51172E-01  1.34473E+00
  4.55078E-01  1.33948E+00
  4.58984E-01  1.33420E+00
  4.62891E-01  1.32891E+00
  4.66797E-01  1.32360E+00
  4.70703E-01  1.31826E+00
  4.74609E-01  1.31291E+00
  4.78516E-01  1.30753E+00
  4.82422E-01  1.30214E+00
  4.86328E-01  1.29673E+00
  4.90234E-01  1.29129E+00
  4.94141E-01  1.28584E+00
  4.98047E-01  1.28036E+00
  5.01953E-01  1.27487E+00
  5.05859E-01  1.26935E+00
  5.09766E-01  1.26382E+00
  5.13672E-01  1.25826E+00
  5.17578E-01  1.25269E+00
  5.21484E-01  1.24709E+00
  5.25391E-01  1.24148E+00
  5.29297E-01  1.23584E+00
  5.33203E-01  1.23018E+00
  5.37109E-01  1.22451E+00
  5.41016E-01  1.21881E+00
  5.44922E-01  1.21309E+00
  5.48828E-01  1.20735E+00
  5.52734E-01  1.20159E+00
  5.56641E-01  1.19581E+00
  5.60547E-01  1.19001E+00
  5.64453E-01  1.18419E+00
  5.68359E-01  1.17834E+00
  5.72266E-01  1.17248E+00
  5.76172E-01  1.16659E+00
  5.80078E-01  1.16069E+00
  5.83984E-01  1.15476E+00
  5.87891E-01  1.14881E+00
  5.91797E-01  1.14284E+00
  5.95703E-01  1.13684E+00
  5.99609E-01  1.13083E+00
  6.03516E-01  1.12480E+00
  6.07422E-01  1.11875E+00
  6.11328E-01  1.11267E+00
  6.15234E-01  1.10658E+00
  6.19141E-01  1.10046E+00
  6.23047E-01  1.09432E+00
  6.26953E-01  1.08816E+00
  6.30859E-01  1.08198E+00
  6.34766E-01  1.07578E+00
  6.38672E-01  1.06955E+00
  6.42578E-01  1.06330E+00
  6.46484E-01  1.05704E+00
  6.50391E-01  1.05074E+00
  6.54297E-01  1.04443E+00
  6.58203E-01  1.03810E+00
  6.62109E-01  1.03174E+00
  6.66016E-01  1.02536E+00
  6.69922E-01  1.01896E+00
  6.73828E-01  1.01254E+00
  6.77734E-01  1.00609E+00
  6.81641E-01  9.99626E-01
  6.85547E-01  9.93137E-01
  6.89453E-01  9.86626E-01
  6.93359E-01  9.80092E-01
  6.97266E-01  9.73535E-01
  7.01172E-01  9.66957E-01
  7.05078E-01  9.60356E-01
  7.08984E-01  9.53735E-01
  7.12891E-01  9.47092E-01
  7.16797E-01  9.40428E-01
  7.20703E-01  9.33743E-01
  7.24609E-01  9.27036E-01
  7.28516E-01  9.20308E-01
  7.32422E-01  9.13559E-01
  7.36328E-01  9.06789E-01
  7.40234E-01  8.99998E-01
  7.44141E-01  8.93186E-01
  7.48047E-01  8.86353E-01
  7.51953E-01  8.79500E-01
  7.55859E-01  8.72628E-01
  7.59766E-01  8.65735E-01
  7.63672E-01  8.58821E-01
  7.67578E-01  8.51891E-01
  7.71484E-01  8.44943E-01
  7.75391E-01  8.37977E-01
  7.79297E-01  8.30995E-01
  7.83203E-01  8.23994E-01
  7.87109E-01  8.16978E-01
  7.91016E-01  8.09947E-01
  7.94922E-01  8.02898E-01
  7.98828E-01  7.95833E-01
  8.02734E-01  7.88755E-01
  8.06641E-01  7.81666E-01
  8.10547E-01  7.74564E-01
  8.14453E-01  7.67452E-01
  8.18359E-01  7.60329E-01
  8.22266E-01  7.53197E-01
  8.26172E-01  7.46061E-01
  8.30078E-01  7.38914E-01
  8.33984E-01  7.31760E-01
  8.37891E-01  7.24604E-01
  8.41797E-01  7.17442E-01
  8.45703E-01  7.10278E-01
  8.49609E-01  7.03115E-01
  8.53516E-01  6.95953E-01
  8.57422E-01  6.88798E-01
  8.61328E-01  6.81649E-01
  8.65234E-01  6.74508E-01
  8.69141E-01  6.67380E-01
  8.73047E-01  6.60267E-01
  8.76953E-01  6.53174E-01
  8.80859E-01  6.46105E-01
  8.84766E-01  6.39060E-01
  8.88672E-01  6.32051E-01
  8.92578E-01  6.25069E-01
  8.96484E-01  6.18128E-01
  9.00391E-01  6.11230E-01
  9.04297E-01  6.04379E-01
  9.08203E-01  5.97579E-01
  9.12109E-01  5.90833E-01
  9.16016E-01  5.84147E-01
  9.19922E-01  5.77535E-01
  9.23828E-01  5.71001E-01
  9.27734E-01  5.64552E-01
  9.31641E-01  5.58185E-01
  9.35547E-01  5.51915E-01
  9.39453E-01  5.45745E-01
  9.43359E-01  5.39691E-01
  9.47266E-01  5.33766E-01
  9.51172E-01  5.27967E-01
  9.55078E-01  5.22317E-01
  9.58984E-01  5.16820E-01
  9.62891E-01  5.11491E-01
  9.66797E-01  5.06330E-01
  9.70703E-01  5.01355E-01
  9.74609E-01  4.96569E-01
  9.78516E-01  4.91990E-01
  9.82422E-01  4.87625E-01
  9.86328E-01  4.83487E-01
  9.90234E-01  4.79589E-01
  9.94141E-01  4.75937E-01
  9.98047E-01  4.72538E-01
  1.00195E+00  4.72546E-01
