 -1.95312E-03  1.82585E+00
  1.95312E-03  1.82673E+00
  5.85938E-03  1.82265E+00
  9.76562E-03  1.81927E+00
  1.36719E-02  1.81600E+00
  1.75781E-02  1.81275E+00
  2.14844E-02  1.80950E+00
  2.53906E-02  1.80625E+00
  2.92969E-02  1.80298E+00
  3.32031E-02  1.79970E+00
  3.71094E-02  1.79640E+00
  4.10156E-02  1.79309E+00
  4.49219E-02  1.78975E+00
  4.88281E-02  1.78641E+00
  5.27344E-02  1.78304E+00
  5.66406E-02  1.77966E+00
  6.05469E-02  1.77626E+00
  6.44531E-02  1.77284E+00
  6.83594E-02  1.76941E+00
  7.22656E-02  1.76595E+00
  7.61719E-02  1.76248E+00
  8.00781E-02  1.75900E+00
  8.39844E-02  1.75549E+00
  8.78906E-02  1.75197E+00
  9.17969E-02  1.74842E+00
  9.57031E-02  1.74486E+00
  9.96094E-02  1.74129E+00
  1.03516E-01  1.73769E+00
  1.07422E-01  1.73408E+00
  1.11328E-01  1.73045E+00
  1.15234E-01  1.72680E+00
  1.19141E-01  1.72313E+00
  1.23047E-01  1.71945E+00
  1.26953E-01  1.71574E+00
  1.30859E-01  1.71202E+00
  1.34766E-01  1.70828E+00
  1.38672E-01  1.70453E+00
  1.42578E-01  1.70075E+00
  1.46484E-01  1.69696E+00
  1.50391E-01  1.69315E+00
  1.54297E-01  1.68932E+00
  1.58203E-01  1.68547E+00
  1.62109E-01  1.68161E+00
  1.66016E-01  1.67773E+00
  1.69922E-01  1.67383E+00
  1.73828E-01  1.66991E+00
  1.77734E-01  1.66597E+00
  1.81641E-01  1.66202E+00
  1.85547E-01  1.65805E+00
  1.89453E-01  1.65406E+00
  1.93359E-01  1.65005E+00
  1.97266E-01  1.64602E+00
  2.01172E-01  1.64198E+00
  2.05078E-01  1.63791E+00
  2.08984E-01  1.63383E+00
  2.12891E-01  1.62974E+00
  2.16797E-01  1.62562E+00
  2.20703E-01  1.62148E+00
  2.24609E-01  1.61733E+00
  2.28516E-01  1.61316E+00
  2.32422E-01  1.60897E+00
  2.36328E-01  1.60476E+00
  2.40234E-01  1.60054E+00
  2.44141E-01  1.59629E+00
  2.48047E-01  1.59203E+00
  2.51953E-01  1.58775E+00
  2.55859E-01  1.58345E+00
  2.59766E-01  1.57913E+00
  2.63672E-01  1.57480E+00
  2.67578E-01  1.57045E+00
  2.71484E-01  1.56607E+00
  2.75391E-01  1.56168E+00
  2.79297E-01  1.55728E+00
  2.83203E-01  1.55285E+00
  2.87109E-01  1.54840E+00
  2.91016E-01  1.54394E+00
  2.94922E-01  1.53946E+00
  2.98828E-01  1.53496E+00
  3.02734E-01  1.53044E+00
  3.06641E-01  1.52590E+00
  3.10547E-01  1.52135E+00
  3.14453E-01  1.51677E+00
  3.18359E-01  1.51218E+00
  3.22266E-01  1.50757E+00
  3.26172E-01  1.50294E+00
  3.30078E-01  1.49830E+00
  3.33984E-01  1.49363E+00
  3.37891E-01  1.48895E+00
  3.41797E-01  1.48424E+00
  3.45703E-01  1.47952E+00
  3.49609E-01  1.47478E+00
  3.53516E-01  1.47002E+00
  3.57422E-01  1.46525E+00
  3.61328E-01  1.46045E+00
  3.65234E-01  1.45563E+00
  3.69141E-01  1.45080E+00
  3.73047E-01  1.44595E+00
  3.76953E-01  1.44108E+00
  3.80859E-01  1.43619E+00
  3.84766E-01  1.43128E+00
  3.88672E-01  1.42635E+00
  3.92578E-01  1.42140E+00
  3.96484E-01  1.41643E+00
  4.00391E-01  1.41145E+00
  4.04297E-01  1.40644E+00
  4.08203E-01  1.40142E+00
  4.12109E-01  1.39638E+00
  4.16016E-01  1.39132E+00
  4.19922E-01  1.38624E+00
  4.23828E-01  1.38114E+00
  4.27734E-01  1.37602E+00
  4.31641E-01  1.37088E+00
  4.35547E-01  1.36572E+00
  4.39453E-01  1.36054E+00
  4.43359E-01  1.35534E+00
  4.47266E-01  1.35012E+00
  4.51172E-01  1.34488E+00
  4.55078E-01  1.33963E+00
  4.58984E-01  1.33435E+00
  4.62891E-01  1.32905E+00
  4.66797E-01  1.32374E+00
  4.70703E-01  1.31840E+00
  4.74609E-01  1.31304E+00
  4.78516E-01  1.30767E+00
  4.82422E-01  1.30227E+00
  4.86328E-01  1.29685E+00
  4.90234E-01  1.29142E+00
  4.94141E-01  1.28596E+00
  4.98047E-01  1.28048E+00
  5.01953E-01  1.27499E+00
  5.05859E-01  1.26947E+00
  5.09766E-01  1.26394E+00
  5.13672E-01  1.25838E+00
  5.17578E-01  1.25280E+00
  5.21484E-01  1.24720E+00
  5.25391E-01  1.24159E+00
  5.29297E-01  1.23595E+00
  5.33203E-01  1.23029E+00
  5.37109E-01  1.22461E+00
  5.41016E-01  1.21891E+00
  5.44922E-01  1.21319E+00
  5.48828E-01  1.20745E+00
  5.52734E-01  1.20169E+00
  5.56641E-01  1.19591E+00
  5.60547E-01  1.19010E+00
  5.64453E-01  1.18428E+00
  5.68359E-01  1.17843E+00
  5.72266E-01  1.17256E+00
  5.76172E-01  1.16667E+00
  5.80078E-01  1.16076E+00
  5.83984E-01  1.15483E+00
  5.87891E-01  1.14888E+00
  5.91797E-01  1.14290E+00
  5.95703E-01  1.13691E+00
  5.99609E-01  1.13089E+00
  6.03516E-01  1.12486E+00
  6.07422E-01  1.11880E+00
  6.11328E-01  1.11272E+00
  6.15234E-01  1.10662E+00
  6.19141E-01  1.10050E+00
  6.23047E-01  1.09435E+00
  6.26953E-01  1.08819E+00
  6.30859E-01  1.08200E+00
  6.34766E-01  1.07579E+00
  6.38672E-01  1.06957E+00
  6.42578E-01  1.06332E+00
  6.46484E-01  1.05704E+00
  6.50391E-01  1.05075E+00
  6.54297E-01  1.04443E+00
  6.58203E-01  1.03809E+00
  6.62109E-01  1.03173E+00
  6.66016E-01  1.02535E+00
  6.69922E-01  1.01894E+00
  6.73828E-01  1.01251E+00
  6.77734E-01  1.00606E+00
  6.81641E-01  9.99592E-01
  6.85547E-01  9.93098E-01
  6.89453E-01  9.86583E-01
  6.93359E-01  9.80045E-01
  6.97266E-01  9.73485E-01
  7.01172E-01  9.66903E-01
  7.05078E-01  9.60299E-01
  7.08984E-01  9.53673E-01
  7.12891E-01  9.47026E-01
  7.16797E-01  9.40357E-01
  7.20703E-01  9.33667E-01
  7.24609E-01  9.26954E-01
  7.28516E-01  9.20218E-01
  7.32422E-01  9.13463E-01
  7.36328E-01  9.06688E-01
  7.40234E-01  8.99892E-01
  7.44141E-01  8.93076E-01
  7.48047E-01  8.86239E-01
  7.51953E-01  8.79383E-01
  7.55859E-01  8.72507E-01
  7.59766E-01  8.65611E-01
  7.63672E-01  8.58695E-01
  7.67578E-01  8.51760E-01
  7.71484E-01  8.44806E-01
  7.75391E-01  8.37836E-01
  7.79297E-01  8.30847E-01
  7.83203E-01  8.23842E-01
  7.87109E-01  8.16820E-01
  7.91016E-01  8.09783E-01
  7.94922E-01  8.02728E-01
  7.98828E-01  7.95660E-01
  8.02734E-01  7.88578E-01
  8.06641E-01  7.81485E-01
  8.10547E-01  7.74380E-01
  8.14453E-01  7.67265E-01
  8.18359E-01  7.60137E-01
  8.22266E-01  7.53001E-01
  8.26172E-01  7.45856E-01
  8.30078E-01  7.38702E-01
  8.33984E-01  7.31543E-01
  8.37891E-01  7.24379E-01
  8.41797E-01  7.17214E-01
  8.45703E-01  7.10047E-01
  8.49609E-01  7.02884E-01
  8.53516E-01  6.95720E-01
  8.57422E-01  6.88562E-01
  8.61328E-01  6.81409E-01
  8.65234E-01  6.74264E-01
  8.69141E-01  6.67135E-01
  8.73047E-01  6.60021E-01
  8.76953E-01  6.52926E-01
  8.80859E-01  6.45853E-01
  8.84766E-01  6.38804E-01
  8.88672E-01  6.31790E-01
  8.92578E-01  6.24807E-01
  8.96484E-01  6.17858E-01
  9.00391E-01  6.10949E-01
  9.04297E-01  6.04089E-01
  9.08203E-01  5.97284E-01
  9.12109E-01  5.90530E-01
  9.16016E-01  5.83842E-01
  9.19922E-01  5.77224E-01
  9.23828E-01  5.70682E-01
  9.27734E-01  5.64225E-01
  9.31641E-01  5.57856E-01
  9.35547E-01  5.51586E-01
  9.39453E-01  5.45421E-01
  9.43359E-01  5.39383E-01
  9.47266E-01  5.33458E-01
  9.51172E-01  5.27664E-01
  9.55078E-01  5.22015E-01
  9.58984E-01  5.16513E-01
  9.62891E-01  5.11180E-01
  9.66797E-01  5.06016E-01
  9.70703E-01  5.01037E-01
  9.74609E-01  4.96248E-01
  9.78516E-01  4.91665E-01
  9.82422E-01  4.87299E-01
  9.86328E-01  4.83161E-01
  9.90234E-01  4.79261E-01
  9.94141E-01  4.75606E-01
  9.98047E-01  4.72204E-01
  1.00195E+00  4.72211E-01
