 -1.95312E-03  1.82599E+00
  1.95312E-03  1.82688E+00
  5.85938E-03  1.82280E+00
  9.76562E-03  1.81942E+00
  1.36719E-02  1.81614E+00
  1.75781E-02  1.81290E+00
  2.14844E-02  1.80965E+00
  2.53906E-02  1.80639E+00
  2.92969E-02  1.80313E+00
  3.32031E-02  1.79984E+00
  3.71094E-02  1.79655E+00
  4.10156E-02  1.79323E+00
  4.49219E-02  1.78990E+00
  4.88281E-02  1.78655E+00
  5.27344E-02  1.78319E+00
  5.66406E-02  1.77981E+00
  6.05469E-02  1.77640E+00
  6.44531E-02  1.77299E+00
  6.83594E-02  1.76955E+00
  7.22656E-02  1.76610E+00
  7.61719E-02  1.76263E+00
  8.00781E-02  1.75914E+00
  8.39844E-02  1.75563E+00
  8.78906E-02  1.75211E+00
  9.17969E-02  1.74857E+00
  9.57031E-02  1.74501E+00
  9.96094E-02  1.74143E+00
  1.03516E-01  1.73784E+00
  1.07422E-01  1.73422E+00
  1.11328E-01  1.73059E+00
  1.15234E-01  1.72694E+00
  1.19141E-01  1.72327E+00
  1.23047E-01  1.71959E+00
  1.26953E-01  1.71589E+00
  1.30859E-01  1.71216E+00
  1.34766E-01  1.70843E+00
  1.38672E-01  1.70467E+00
  1.42578E-01  1.70089E+00
  1.46484E-01  1.69710E+00
  1.50391E-01  1.69329E+00
  1.54297E-01  1.68946E+00
  1.58203E-01  1.68562E+00
  1.62109E-01  1.68175E+00
  1.66016E-01  1.67787E+00
  1.69922E-01  1.67397E+00
  1.73828E-01  1.67005E+00
  1.77734E-01  1.66612E+00
  1.81641E-01  1.66216E+00
  1.85547E-01  1.65819E+00
  1.89453E-01  1.65420E+00
  1.93359E-01  1.65019E+00
  1.97266E-01  1.64617E+00
  2.01172E-01  1.64212E+00
  2.05078E-01  1.63806E+00
  2.08984E-01  1.63398E+00
  2.12891E-01  1.62988E+00
  2.16797E-01  1.62576E+00
  2.20703E-01  1.62163E+00
  2.24609E-01  1.61748E+00
  2.28516E-01  1.61330E+00
  2.32422E-01  1.60911E+00
  2.36328E-01  1.60491E+00
  2.40234E-01  1.60068E+00
  2.44141E-01  1.59644E+00
  2.48047E-01  1.59217E+00
  2.51953E-01  1.58789E+00
  2.55859E-01  1.58359E+00
  2.59766E-01  1.57928E+00
  2.63672E-01  1.57494E+00
  2.67578E-01  1.57059E+00
  2.71484E-01  1.56622E+00
  2.75391E-01  1.56183E+00
  2.79297E-01  1.55742E+00
  2.83203E-01  1.55299E+00
  2.87109E-01  1.54855E+00
  2.91016E-01  1.54408E+00
  2.94922E-01  1.53960E+00
  2.98828E-01  1.53510E+00
  3.02734E-01  1.53058E+00
  3.06641E-01  1.52604E+00
  3.10547E-01  1.52149E+00
  3.14453E-01  1.51691E+00
  3.18359E-01  1.51232E+00
  3.22266E-01  1.50771E+00
  3.26172E-01  1.50308E+00
  3.30078E-01  1.49843E+00
  3.33984E-01  1.49377E+00
  3.37891E-01  1.48908E+00
  3.41797E-01  1.48438E+00
  3.45703E-01  1.47966E+00
  3.49609E-01  1.47492E+00
  3.53516E-01  1.47016E+00
  3.57422E-01  1.46538E+00
  3.61328E-01  1.46058E+00
  3.65234E-01  1.45577E+00
  3.69141E-01  1.45093E+00
  3.73047E-01  1.44608E+00
  3.76953E-01  1.44121E+00
  3.80859E-01  1.43631E+00
  3.84766E-01  1.43140E+00
  3.88672E-01  1.42647E+00
  3.92578E-01  1.42153E+00
  3.96484E-01  1.41656E+00
  4.00391E-01  1.41157E+00
  4.04297E-01  1.40657E+00
  4.08203E-01  1.40154E+00
  4.12109E-01  1.39650E+00
  4.16016E-01  1.39143E+00
  4.19922E-01  1.38635E+00
  4.23828E-01  1.38125E+00
  4.27734E-01  1.37613E+00
  4.31641E-01  1.37099E+00
  4.35547E-01  1.36583E+00
  4.39453E-01  1.36065E+00
  4.43359E-01  1.35545E+00
  4.47266E-01  1.35023E+00
  4.51172E-01  1.34499E+00
  4.55078E-01  1.33973E+00
  4.58984E-01  1.33446E+00
  4.62891E-01  1.32916E+00
  4.66797E-01  1.32384E+00
  4.70703E-01  1.31850E+00
  4.74609E-01  1.31315E+00
  4.78516E-01  1.30777E+00
  4.82422E-01  1.30237E+00
  4.86328E-01  1.29695E+00
  4.90234E-01  1.29152E+00
  4.94141E-01  1.28606E+00
  4.98047E-01  1.28058E+00
  5.01953E-01  1.27508E+00
  5.05859E-01  1.26957E+00
  5.09766E-01  1.26403E+00
  5.13672E-01  1.25847E+00
  5.17578E-01  1.25289E+00
  5.21484E-01  1.24729E+00
  5.25391E-01  1.24168E+00
  5.29297E-01  1.23604E+00
  5.33203E-01  1.23038E+00
  5.37109E-01  1.22469E+00
  5.41016E-01  1.21899E+00
  5.44922E-01  1.21327E+00
  5.48828E-01  1.20753E+00
  5.52734E-01  1.20176E+00
  5.56641E-01  1.19598E+00
  5.60547E-01  1.19017E+00
  5.64453E-01  1.18435E+00
  5.68359E-01  1.17850E+00
  5.72266E-01  1.17263E+00
  5.76172E-01  1.16674E+00
  5.80078E-01  1.16082E+00
  5.83984E-01  1.15489E+00
  5.87891E-01  1.14893E+00
  5.91797E-01  1.14296E+00
  5.95703E-01  1.13696E+00
  5.99609E-01  1.13094E+00
  6.03516E-01  1.12490E+00
  6.07422E-01  1.11884E+00
  6.11328E-01  1.11276E+00
  6.15234E-01  1.10666E+00
  6.19141E-01  1.10053E+00
  6.23047E-01  1.09438E+00
  6.26953E-01  1.08822E+00
  6.30859E-01  1.08203E+00
  6.34766E-01  1.07582E+00
  6.38672E-01  1.06959E+00
  6.42578E-01  1.06333E+00
  6.46484E-01  1.05705E+00
  6.50391E-01  1.05075E+00
  6.54297E-01  1.04443E+00
  6.58203E-01  1.03809E+00
  6.62109E-01  1.03173E+00
  6.66016E-01  1.02534E+00
  6.69922E-01  1.01893E+00
  6.73828E-01  1.01250E+00
  6.77734E-01  1.00604E+00
  6.81641E-01  9.99566E-01
  6.85547E-01  9.93068E-01
  6.89453E-01  9.86548E-01
  6.93359E-01  9.80008E-01
  6.97266E-01  9.73444E-01
  7.01172E-01  9.66858E-01
  7.05078E-01  9.60249E-01
  7.08984E-01  9.53619E-01
  7.12891E-01  9.46968E-01
  7.16797E-01  9.40295E-01
  7.20703E-01  9.33600E-01
  7.24609E-01  9.26884E-01
  7.28516E-01  9.20146E-01
  7.32422E-01  9.13388E-01
  7.36328E-01  9.06611E-01
  7.40234E-01  8.99812E-01
  7.44141E-01  8.92993E-01
  7.48047E-01  8.86153E-01
  7.51953E-01  8.79292E-01
  7.55859E-01  8.72413E-01
  7.59766E-01  8.65514E-01
  7.63672E-01  8.58596E-01
  7.67578E-01  8.51660E-01
  7.71484E-01  8.44703E-01
  7.75391E-01  8.37729E-01
  7.79297E-01  8.30737E-01
  7.83203E-01  8.23730E-01
  7.87109E-01  8.16708E-01
  7.91016E-01  8.09669E-01
  7.94922E-01  8.02611E-01
  7.98828E-01  7.95541E-01
  8.02734E-01  7.88458E-01
  8.06641E-01  7.81361E-01
  8.10547E-01  7.74256E-01
  8.14453E-01  7.67141E-01
  8.18359E-01  7.60011E-01
  8.22266E-01  7.52872E-01
  8.26172E-01  7.45726E-01
  8.30078E-01  7.38573E-01
  8.33984E-01  7.31414E-01
  8.37891E-01  7.24251E-01
  8.41797E-01  7.17086E-01
  8.45703E-01  7.09921E-01
  8.49609E-01  7.02754E-01
  8.53516E-01  6.95590E-01
  8.57422E-01  6.88429E-01
  8.61328E-01  6.81271E-01
  8.65234E-01  6.74123E-01
  8.69141E-01  6.66990E-01
  8.73047E-01  6.59872E-01
  8.76953E-01  6.52775E-01
  8.80859E-01  6.45705E-01
  8.84766E-01  6.38662E-01
  8.88672E-01  6.31643E-01
  8.92578E-01  6.24649E-01
  8.96484E-01  6.17694E-01
  9.00391E-01  6.10785E-01
  9.04297E-01  6.03921E-01
  9.08203E-01  5.97112E-01
  9.12109E-01  5.90355E-01
  9.16016E-01  5.83660E-01
  9.19922E-01  5.77038E-01
  9.23828E-01  5.70488E-01
  9.27734E-01  5.64027E-01
  9.31641E-01  5.57646E-01
  9.35547E-01  5.51363E-01
  9.39453E-01  5.45184E-01
  9.43359E-01  5.39125E-01
  9.47266E-01  5.33191E-01
  9.51172E-01  5.27382E-01
  9.55078E-01  5.21716E-01
  9.58984E-01  5.16212E-01
  9.62891E-01  5.10871E-01
  9.66797E-01  5.05697E-01
  9.70703E-01  5.00710E-01
  9.74609E-01  4.95916E-01
  9.78516E-01  4.91325E-01
  9.82422E-01  4.86956E-01
  9.86328E-01  4.82816E-01
  9.90234E-01  4.78918E-01
  9.94141E-01  4.75268E-01
  9.98047E-01  4.71861E-01
  1.00195E+00  4.71869E-01
