 -1.95312E-03  1.82595E+00
  1.95312E-03  1.82684E+00
  5.85938E-03  1.82276E+00
  9.76562E-03  1.81938E+00
  1.36719E-02  1.81610E+00
  1.75781E-02  1.81286E+00
  2.14844E-02  1.80961E+00
  2.53906E-02  1.80635E+00
  2.92969E-02  1.80309E+00
  3.32031E-02  1.79980E+00
  3.71094E-02  1.79651E+00
  4.10156E-02  1.79319E+00
  4.49219E-02  1.78986E+00
  4.88281E-02  1.78651E+00
  5.27344E-02  1.78315E+00
  5.66406E-02  1.77977E+00
  6.05469E-02  1.77637E+00
  6.44531E-02  1.77295E+00
  6.83594E-02  1.76951E+00
  7.22656E-02  1.76606E+00
  7.61719E-02  1.76259E+00
  8.00781E-02  1.75910E+00
  8.39844E-02  1.75560E+00
  8.78906E-02  1.75207E+00
  9.17969E-02  1.74853E+00
  9.57031E-02  1.74497E+00
  9.96094E-02  1.74139E+00
  1.03516E-01  1.73780E+00
  1.07422E-01  1.73418E+00
  1.11328E-01  1.73055E+00
  1.15234E-01  1.72690E+00
  1.19141E-01  1.72324E+00
  1.23047E-01  1.71955E+00
  1.26953E-01  1.71585E+00
  1.30859E-01  1.71213E+00
  1.34766E-01  1.70839E+00
  1.38672E-01  1.70463E+00
  1.42578E-01  1.70086E+00
  1.46484E-01  1.69706E+00
  1.50391E-01  1.69325E+00
  1.54297E-01  1.68942E+00
  1.58203E-01  1.68558E+00
  1.62109E-01  1.68171E+00
  1.66016E-01  1.67783E+00
  1.69922E-01  1.67393E+00
  1.73828E-01  1.67001E+00
  1.77734E-01  1.66608E+00
  1.81641E-01  1.66212E+00
  1.85547E-01  1.65815E+00
  1.89453E-01  1.65416E+00
  1.93359E-01  1.65015E+00
  1.97266E-01  1.64613E+00
  2.01172E-01  1.64208E+00
  2.05078E-01  1.63802E+00
  2.08984E-01  1.63394E+00
  2.12891E-01  1.62984E+00
  2.16797E-01  1.62572E+00
  2.20703E-01  1.62159E+00
  2.24609E-01  1.61744E+00
  2.28516E-01  1.61326E+00
  2.32422E-01  1.60908E+00
  2.36328E-01  1.60487E+00
  2.40234E-01  1.60064E+00
  2.44141E-01  1.59640E+00
  2.48047E-01  1.59214E+00
  2.51953E-01  1.58786E+00
  2.55859E-01  1.58356E+00
  2.59766E-01  1.57924E+00
  2.63672E-01  1.57490E+00
  2.67578E-01  1.57055E+00
  2.71484E-01  1.56618E+00
  2.75391E-01  1.56179E+00
  2.79297E-01  1.55738E+00
  2.83203E-01  1.55295E+00
  2.87109E-01  1.54851E+00
  2.91016E-01  1.54404E+00
  2.94922E-01  1.53956E+00
  2.98828E-01  1.53506E+00
  3.02734E-01  1.53054E+00
  3.06641E-01  1.52600E+00
  3.10547E-01  1.52145E+00
  3.14453E-01  1.51687E+00
  3.18359E-01  1.51228E+00
  3.22266E-01  1.50767E+00
  3.26172E-01  1.50304E+00
  3.30078E-01  1.49840E+00
  3.33984E-01  1.49373E+00
  3.37891E-01  1.48905E+00
  3.41797E-01  1.48434E+00
  3.45703E-01  1.47962E+00
  3.49609E-01  1.47488E+00
  3.53516E-01  1.47012E+00
  3.57422E-01  1.46534E+00
  3.61328E-01  1.46055E+00
  3.65234E-01  1.45573E+00
  3.69141E-01  1.45090E+00
  3.73047E-01  1.44604E+00
  3.76953E-01  1.44117E+00
  3.80859E-01  1.43628E+00
  3.84766E-01  1.43137E+00
  3.88672E-01  1.42644E+00
  3.92578E-01  1.42149E+00
  3.96484E-01  1.41653E+00
  4.00391E-01  1.41154E+00
  4.04297E-01  1.40653E+00
  4.08203E-01  1.40151E+00
  4.12109E-01  1.39647E+00
  4.16016E-01  1.39140E+00
  4.19922E-01  1.38632E+00
  4.23828E-01  1.38122E+00
  4.27734E-01  1.37610E+00
  4.31641E-01  1.37096E+00
  4.35547E-01  1.36580E+00
  4.39453E-01  1.36062E+00
  4.43359E-01  1.35542E+00
  4.47266E-01  1.35020E+00
  4.51172E-01  1.34496E+00
  4.55078E-01  1.33970E+00
  4.58984E-01  1.33443E+00
  4.62891E-01  1.32913E+00
  4.66797E-01  1.32381E+00
  4.70703E-01  1.31848E+00
  4.74609E-01  1.31312E+00
  4.78516E-01  1.30774E+00
  4.82422E-01  1.30234E+00
  4.86328E-01  1.29693E+00
  4.90234E-01  1.29149E+00
  4.94141E-01  1.28603E+00
  4.98047E-01  1.28055E+00
  5.01953E-01  1.27506E+00
  5.05859E-01  1.26954E+00
  5.09766E-01  1.26400E+00
  5.13672E-01  1.25845E+00
  5.17578E-01  1.25287E+00
  5.21484E-01  1.24727E+00
  5.25391E-01  1.24165E+00
  5.29297E-01  1.23601E+00
  5.33203E-01  1.23035E+00
  5.37109E-01  1.22467E+00
  5.41016E-01  1.21897E+00
  5.44922E-01  1.21325E+00
  5.48828E-01  1.20751E+00
  5.52734E-01  1.20174E+00
  5.56641E-01  1.19596E+00
  5.60547E-01  1.19015E+00
  5.64453E-01  1.18433E+00
  5.68359E-01  1.17848E+00
  5.72266E-01  1.17261E+00
  5.76172E-01  1.16672E+00
  5.80078E-01  1.16081E+00
  5.83984E-01  1.15487E+00
  5.87891E-01  1.14892E+00
  5.91797E-01  1.14294E+00
  5.95703E-01  1.13695E+00
  5.99609E-01  1.13093E+00
  6.03516E-01  1.12489E+00
  6.07422E-01  1.11883E+00
  6.11328E-01  1.11275E+00
  6.15234E-01  1.10665E+00
  6.19141E-01  1.10052E+00
  6.23047E-01  1.09438E+00
  6.26953E-01  1.08821E+00
  6.30859E-01  1.08202E+00
  6.34766E-01  1.07581E+00
  6.38672E-01  1.06958E+00
  6.42578E-01  1.06333E+00
  6.46484E-01  1.05705E+00
  6.50391E-01  1.05075E+00
  6.54297E-01  1.04443E+00
  6.58203E-01  1.03809E+00
  6.62109E-01  1.03173E+00
  6.66016E-01  1.02534E+00
  6.69922E-01  1.01893E+00
  6.73828E-01  1.01250E+00
  6.77734E-01  1.00605E+00
  6.81641E-01  9.99573E-01
  6.85547E-01  9.93076E-01
  6.89453E-01  9.86559E-01
  6.93359E-01  9.80018E-01
  6.97266E-01  9.73455E-01
  7.01172E-01  9.66870E-01
  7.05078E-01  9.60264E-01
  7.08984E-01  9.53635E-01
  7.12891E-01  9.46985E-01
  7.16797E-01  9.40314E-01
  7.20703E-01  9.33620E-01
  7.24609E-01  9.26906E-01
  7.28516E-01  9.20169E-01
  7.32422E-01  9.13412E-01
  7.36328E-01  9.06634E-01
  7.40234E-01  8.99836E-01
  7.44141E-01  8.93018E-01
  7.48047E-01  8.86180E-01
  7.51953E-01  8.79320E-01
  7.55859E-01  8.72441E-01
  7.59766E-01  8.65541E-01
  7.63672E-01  8.58624E-01
  7.67578E-01  8.51686E-01
  7.71484E-01  8.44732E-01
  7.75391E-01  8.37759E-01
  7.79297E-01  8.30771E-01
  7.83203E-01  8.23765E-01
  7.87109E-01  8.16742E-01
  7.91016E-01  8.09702E-01
  7.94922E-01  8.02647E-01
  7.98828E-01  7.95579E-01
  8.02734E-01  7.88495E-01
  8.06641E-01  7.81399E-01
  8.10547E-01  7.74290E-01
  8.14453E-01  7.67174E-01
  8.18359E-01  7.60047E-01
  8.22266E-01  7.52908E-01
  8.26172E-01  7.45765E-01
  8.30078E-01  7.38614E-01
  8.33984E-01  7.31458E-01
  8.37891E-01  7.24296E-01
  8.41797E-01  7.17131E-01
  8.45703E-01  7.09965E-01
  8.49609E-01  7.02803E-01
  8.53516E-01  6.95640E-01
  8.57422E-01  6.88485E-01
  8.61328E-01  6.81332E-01
  8.65234E-01  6.74187E-01
  8.69141E-01  6.67056E-01
  8.73047E-01  6.59938E-01
  8.76953E-01  6.52840E-01
  8.80859E-01  6.45767E-01
  8.84766E-01  6.38719E-01
  8.88672E-01  6.31702E-01
  8.92578E-01  6.24716E-01
  8.96484E-01  6.17766E-01
  9.00391E-01  6.10859E-01
  9.04297E-01  6.03993E-01
  9.08203E-01  5.97187E-01
  9.12109E-01  5.90436E-01
  9.16016E-01  5.83743E-01
  9.19922E-01  5.77120E-01
  9.23828E-01  5.70572E-01
  9.27734E-01  5.64116E-01
  9.31641E-01  5.57748E-01
  9.35547E-01  5.51482E-01
  9.39453E-01  5.45315E-01
  9.43359E-01  5.39267E-01
  9.47266E-01  5.33334E-01
  9.51172E-01  5.27534E-01
  9.55078E-01  5.21888E-01
  9.58984E-01  5.16396E-01
  9.62891E-01  5.11079E-01
  9.66797E-01  5.05926E-01
  9.70703E-01  5.00954E-01
  9.74609E-01  4.96179E-01
  9.78516E-01  4.91603E-01
  9.82422E-01  4.87238E-01
  9.86328E-01  4.83100E-01
  9.90234E-01  4.79194E-01
  9.94141E-01  4.75535E-01
  9.98047E-01  4.72131E-01
  1.00195E+00  4.72139E-01
