 -1.95312E-03  1.82544E+00
  1.95312E-03  1.82632E+00
  5.85938E-03  1.82224E+00
  9.76562E-03  1.81886E+00
  1.36719E-02  1.81559E+00
  1.75781E-02  1.81234E+00
  2.14844E-02  1.80909E+00
  2.53906E-02  1.80584E+00
  2.92969E-02  1.80257E+00
  3.32031E-02  1.79929E+00
  3.71094E-02  1.79599E+00
  4.10156E-02  1.79268E+00
  4.49219E-02  1.78935E+00
  4.88281E-02  1.78600E+00
  5.27344E-02  1.78264E+00
  5.66406E-02  1.77925E+00
  6.05469E-02  1.77585E+00
  6.44531E-02  1.77244E+00
  6.83594E-02  1.76900E+00
  7.22656E-02  1.76555E+00
  7.61719E-02  1.76208E+00
  8.00781E-02  1.75859E+00
  8.39844E-02  1.75509E+00
  8.78906E-02  1.75156E+00
  9.17969E-02  1.74802E+00
  9.57031E-02  1.74446E+00
  9.96094E-02  1.74088E+00
  1.03516E-01  1.73729E+00
  1.07422E-01  1.73367E+00
  1.11328E-01  1.73004E+00
  1.15234E-01  1.72639E+00
  1.19141E-01  1.72273E+00
  1.23047E-01  1.71904E+00
  1.26953E-01  1.71534E+00
  1.30859E-01  1.71162E+00
  1.34766E-01  1.70788E+00
  1.38672E-01  1.70413E+00
  1.42578E-01  1.70035E+00
  1.46484E-01  1.69656E+00
  1.50391E-01  1.69275E+00
  1.54297E-01  1.68892E+00
  1.58203E-01  1.68508E+00
  1.62109E-01  1.68121E+00
  1.66016E-01  1.67733E+00
  1.69922E-01  1.67343E+00
  1.73828E-01  1.66951E+00
  1.77734E-01  1.66557E+00
  1.81641E-01  1.66162E+00
  1.85547E-01  1.65765E+00
  1.89453E-01  1.65366E+00
  1.93359E-01  1.64965E+00
  1.97266E-01  1.64562E+00
  2.01172E-01  1.64158E+00
  2.05078E-01  1.63752E+00
  2.08984E-01  1.63344E+00
  2.12891E-01  1.62934E+00
  2.16797E-01  1.62522E+00
  2.20703E-01  1.62109E+00
  2.24609E-01  1.61694E+00
  2.28516E-01  1.61277E+00
  2.32422E-01  1.60858E+00
  2.36328E-01  1.60437E+00
  2.40234E-01  1.60014E+00
  2.44141E-01  1.59590E+00
  2.48047E-01  1.59164E+00
  2.51953E-01  1.58736E+00
  2.55859E-01  1.58306E+00
  2.59766E-01  1.57874E+00
  2.63672E-01  1.57441E+00
  2.67578E-01  1.57006E+00
  2.71484E-01  1.56568E+00
  2.75391E-01  1.56129E+00
  2.79297E-01  1.55689E+00
  2.83203E-01  1.55246E+00
  2.87109E-01  1.54801E+00
  2.91016E-01  1.54355E+00
  2.94922E-01  1.53907E+00
  2.98828E-01  1.53457E+00
  3.02734E-01  1.53005E+00
  3.06641E-01  1.52551E+00
  3.10547E-01  1.52096E+00
  3.14453E-01  1.51639E+00
  3.18359E-01  1.51180E+00
  3.22266E-01  1.50719E+00
  3.26172E-01  1.50256E+00
  3.30078E-01  1.49791E+00
  3.33984E-01  1.49325E+00
  3.37891E-01  1.48856E+00
  3.41797E-01  1.48386E+00
  3.45703E-01  1.47914E+00
  3.49609E-01  1.47440E+00
  3.53516E-01  1.46965E+00
  3.57422E-01  1.46487E+00
  3.61328E-01  1.46008E+00
  3.65234E-01  1.45526E+00
  3.69141E-01  1.45043E+00
  3.73047E-01  1.44558E+00
  3.76953E-01  1.44071E+00
  3.80859E-01  1.43582E+00
  3.84766E-01  1.43091E+00
  3.88672E-01  1.42598E+00
  3.92578E-01  1.42104E+00
  3.96484E-01  1.41607E+00
  4.00391E-01  1.41109E+00
  4.04297E-01  1.40609E+00
  4.08203E-01  1.40107E+00
  4.12109E-01  1.39603E+00
  4.16016E-01  1.39097E+00
  4.19922E-01  1.38589E+00
  4.23828E-01  1.38079E+00
  4.27734E-01  1.37567E+00
  4.31641E-01  1.37054E+00
  4.35547E-01  1.36538E+00
  4.39453E-01  1.36020E+00
  4.43359E-01  1.35501E+00
  4.47266E-01  1.34979E+00
  4.51172E-01  1.34456E+00
  4.55078E-01  1.33930E+00
  4.58984E-01  1.33403E+00
  4.62891E-01  1.32874E+00
  4.66797E-01  1.32342E+00
  4.70703E-01  1.31809E+00
  4.74609E-01  1.31274E+00
  4.78516E-01  1.30736E+00
  4.82422E-01  1.30197E+00
  4.86328E-01  1.29656E+00
  4.90234E-01  1.29113E+00
  4.94141E-01  1.28568E+00
  4.98047E-01  1.28020E+00
  5.01953E-01  1.27471E+00
  5.05859E-01  1.26920E+00
  5.09766E-01  1.26367E+00
  5.13672E-01  1.25812E+00
  5.17578E-01  1.25254E+00
  5.21484E-01  1.24695E+00
  5.25391E-01  1.24134E+00
  5.29297E-01  1.23571E+00
  5.33203E-01  1.23005E+00
  5.37109E-01  1.22438E+00
  5.41016E-01  1.21868E+00
  5.44922E-01  1.21297E+00
  5.48828E-01  1.20723E+00
  5.52734E-01  1.20147E+00
  5.56641E-01  1.19570E+00
  5.60547E-01  1.18990E+00
  5.64453E-01  1.18408E+00
  5.68359E-01  1.17824E+00
  5.72266E-01  1.17238E+00
  5.76172E-01  1.16650E+00
  5.80078E-01  1.16060E+00
  5.83984E-01  1.15467E+00
  5.87891E-01  1.14873E+00
  5.91797E-01  1.14276E+00
  5.95703E-01  1.13678E+00
  5.99609E-01  1.13077E+00
  6.03516E-01  1.12474E+00
  6.07422E-01  1.11869E+00
  6.11328E-01  1.11262E+00
  6.15234E-01  1.10653E+00
  6.19141E-01  1.10042E+00
  6.23047E-01  1.09429E+00
  6.26953E-01  1.08814E+00
  6.30859E-01  1.08196E+00
  6.34766E-01  1.07576E+00
  6.38672E-01  1.06954E+00
  6.42578E-01  1.06331E+00
  6.46484E-01  1.05704E+00
  6.50391E-01  1.05076E+00
  6.54297E-01  1.04445E+00
  6.58203E-01  1.03812E+00
  6.62109E-01  1.03177E+00
  6.66016E-01  1.02540E+00
  6.69922E-01  1.01900E+00
  6.73828E-01  1.01259E+00
  6.77734E-01  1.00615E+00
  6.81641E-01  9.99686E-01
  6.85547E-01  9.93202E-01
  6.89453E-01  9.86698E-01
  6.93359E-01  9.80169E-01
  6.97266E-01  9.73617E-01
  7.01172E-01  9.67043E-01
  7.05078E-01  9.60445E-01
  7.08984E-01  9.53828E-01
  7.12891E-01  9.47190E-01
  7.16797E-01  9.40533E-01
  7.20703E-01  9.33852E-01
  7.24609E-01  9.27149E-01
  7.28516E-01  9.20425E-01
  7.32422E-01  9.13680E-01
  7.36328E-01  9.06917E-01
  7.40234E-01  9.00130E-01
  7.44141E-01  8.93322E-01
  7.48047E-01  8.86494E-01
  7.51953E-01  8.79644E-01
  7.55859E-01  8.72774E-01
  7.59766E-01  8.65887E-01
  7.63672E-01  8.58979E-01
  7.67578E-01  8.52051E-01
  7.71484E-01  8.45104E-01
  7.75391E-01  8.38140E-01
  7.79297E-01  8.31157E-01
  7.83203E-01  8.24158E-01
  7.87109E-01  8.17144E-01
  7.91016E-01  8.10113E-01
  7.94922E-01  8.03066E-01
  7.98828E-01  7.96006E-01
  8.02734E-01  7.88932E-01
  8.06641E-01  7.81846E-01
  8.10547E-01  7.74748E-01
  8.14453E-01  7.67641E-01
  8.18359E-01  7.60523E-01
  8.22266E-01  7.53396E-01
  8.26172E-01  7.46259E-01
  8.30078E-01  7.39117E-01
  8.33984E-01  7.31966E-01
  8.37891E-01  7.24810E-01
  8.41797E-01  7.17649E-01
  8.45703E-01  7.10489E-01
  8.49609E-01  7.03331E-01
  8.53516E-01  6.96176E-01
  8.57422E-01  6.89026E-01
  8.61328E-01  6.81883E-01
  8.65234E-01  6.74747E-01
  8.69141E-01  6.67622E-01
  8.73047E-01  6.60511E-01
  8.76953E-01  6.53418E-01
  8.80859E-01  6.46351E-01
  8.84766E-01  6.39309E-01
  8.88672E-01  6.32302E-01
  8.92578E-01  6.25320E-01
  8.96484E-01  6.18372E-01
  9.00391E-01  6.11472E-01
  9.04297E-01  6.04620E-01
  9.08203E-01  5.97819E-01
  9.12109E-01  5.91075E-01
  9.16016E-01  5.84395E-01
  9.19922E-01  5.77793E-01
  9.23828E-01  5.71261E-01
  9.27734E-01  5.64816E-01
  9.31641E-01  5.58455E-01
  9.35547E-01  5.52191E-01
  9.39453E-01  5.46029E-01
  9.43359E-01  5.39989E-01
  9.47266E-01  5.34072E-01
  9.51172E-01  5.28286E-01
  9.55078E-01  5.22645E-01
  9.58984E-01  5.17155E-01
  9.62891E-01  5.11834E-01
  9.66797E-01  5.06679E-01
  9.70703E-01  5.01709E-01
  9.74609E-01  4.96927E-01
  9.78516E-01  4.92349E-01
  9.82422E-01  4.87983E-01
  9.86328E-01  4.83845E-01
  9.90234E-01  4.79945E-01
  9.94141E-01  4.76298E-01
  9.98047E-01  4.72898E-01
  1.00195E+00  4.72906E-01
