 -1.95312E-03  1.82600E+00
  1.95312E-03  1.82689E+00
  5.85938E-03  1.82281E+00
  9.76562E-03  1.81943E+00
  1.36719E-02  1.81616E+00
  1.75781E-02  1.81291E+00
  2.14844E-02  1.80966E+00
  2.53906E-02  1.80641E+00
  2.92969E-02  1.80314E+00
  3.32031E-02  1.79986E+00
  3.71094E-02  1.79656E+00
  4.10156E-02  1.79324E+00
  4.49219E-02  1.78991E+00
  4.88281E-02  1.78656E+00
  5.27344E-02  1.78320E+00
  5.66406E-02  1.77982E+00
  6.05469E-02  1.77642E+00
  6.44531E-02  1.77300E+00
  6.83594E-02  1.76956E+00
  7.22656E-02  1.76611E+00
  7.61719E-02  1.76264E+00
  8.00781E-02  1.75915E+00
  8.39844E-02  1.75565E+00
  8.78906E-02  1.75212E+00
  9.17969E-02  1.74858E+00
  9.57031E-02  1.74502E+00
  9.96094E-02  1.74144E+00
  1.03516E-01  1.73785E+00
  1.07422E-01  1.73423E+00
  1.11328E-01  1.73060E+00
  1.15234E-01  1.72695E+00
  1.19141E-01  1.72329E+00
  1.23047E-01  1.71960E+00
  1.26953E-01  1.71590E+00
  1.30859E-01  1.71218E+00
  1.34766E-01  1.70844E+00
  1.38672E-01  1.70468E+00
  1.42578E-01  1.70091E+00
  1.46484E-01  1.69711E+00
  1.50391E-01  1.69330E+00
  1.54297E-01  1.68948E+00
  1.58203E-01  1.68563E+00
  1.62109E-01  1.68176E+00
  1.66016E-01  1.67788E+00
  1.69922E-01  1.67398E+00
  1.73828E-01  1.67006E+00
  1.77734E-01  1.66613E+00
  1.81641E-01  1.66217E+00
  1.85547E-01  1.65820E+00
  1.89453E-01  1.65421E+00
  1.93359E-01  1.65020E+00
  1.97266E-01  1.64618E+00
  2.01172E-01  1.64213E+00
  2.05078E-01  1.63807E+00
  2.08984E-01  1.63399E+00
  2.12891E-01  1.62989E+00
  2.16797E-01  1.62577E+00
  2.20703E-01  1.62164E+00
  2.24609E-01  1.61749E+00
  2.28516E-01  1.61332E+00
  2.32422E-01  1.60913E+00
  2.36328E-01  1.60492E+00
  2.40234E-01  1.60069E+00
  2.44141E-01  1.59645E+00
  2.48047E-01  1.59219E+00
  2.51953E-01  1.58791E+00
  2.55859E-01  1.58361E+00
  2.59766E-01  1.57929E+00
  2.63672E-01  1.57495E+00
  2.67578E-01  1.57060E+00
  2.71484E-01  1.56623E+00
  2.75391E-01  1.56184E+00
  2.79297E-01  1.55743E+00
  2.83203E-01  1.55300E+00
  2.87109E-01  1.54856E+00
  2.91016E-01  1.54409E+00
  2.94922E-01  1.53961E+00
  2.98828E-01  1.53511E+00
  3.02734E-01  1.53059E+00
  3.06641E-01  1.52605E+00
  3.10547E-01  1.52150E+00
  3.14453E-01  1.51692E+00
  3.18359E-01  1.51233E+00
  3.22266E-01  1.50772E+00
  3.26172E-01  1.50309E+00
  3.30078E-01  1.49845E+00
  3.33984E-01  1.49378E+00
  3.37891E-01  1.48909E+00
  3.41797E-01  1.48439E+00
  3.45703E-01  1.47967E+00
  3.49609E-01  1.47493E+00
  3.53516E-01  1.47017E+00
  3.57422E-01  1.46539E+00
  3.61328E-01  1.46059E+00
  3.65234E-01  1.45578E+00
  3.69141E-01  1.45094E+00
  3.73047E-01  1.44609E+00
  3.76953E-01  1.44122E+00
  3.80859E-01  1.43632E+00
  3.84766E-01  1.43141E+00
  3.88672E-01  1.42648E+00
  3.92578E-01  1.42154E+00
  3.96484E-01  1.41657E+00
  4.00391E-01  1.41158E+00
  4.04297E-01  1.40658E+00
  4.08203E-01  1.40155E+00
  4.12109E-01  1.39651E+00
  4.16016E-01  1.39145E+00
  4.19922E-01  1.38636E+00
  4.23828E-01  1.38126E+00
  4.27734E-01  1.37614E+00
  4.31641E-01  1.37100E+00
  4.35547E-01  1.36584E+00
  4.39453E-01  1.36066E+00
  4.43359E-01  1.35546E+00
  4.47266E-01  1.35024E+00
  4.51172E-01  1.34500E+00
  4.55078E-01  1.33974E+00
  4.58984E-01  1.33447E+00
  4.62891E-01  1.32917E+00
  4.66797E-01  1.32385E+00
  4.70703E-01  1.31851E+00
  4.74609E-01  1.31316E+00
  4.78516E-01  1.30778E+00
  4.82422E-01  1.30238E+00
  4.86328E-01  1.29696E+00
  4.90234E-01  1.29153E+00
  4.94141E-01  1.28607E+00
  4.98047E-01  1.28059E+00
  5.01953E-01  1.27509E+00
  5.05859E-01  1.26957E+00
  5.09766E-01  1.26404E+00
  5.13672E-01  1.25848E+00
  5.17578E-01  1.25290E+00
  5.21484E-01  1.24730E+00
  5.25391E-01  1.24168E+00
  5.29297E-01  1.23604E+00
  5.33203E-01  1.23038E+00
  5.37109E-01  1.22470E+00
  5.41016E-01  1.21900E+00
  5.44922E-01  1.21328E+00
  5.48828E-01  1.20753E+00
  5.52734E-01  1.20177E+00
  5.56641E-01  1.19598E+00
  5.60547E-01  1.19018E+00
  5.64453E-01  1.18435E+00
  5.68359E-01  1.17850E+00
  5.72266E-01  1.17263E+00
  5.76172E-01  1.16674E+00
  5.80078E-01  1.16083E+00
  5.83984E-01  1.15489E+00
  5.87891E-01  1.14894E+00
  5.91797E-01  1.14296E+00
  5.95703E-01  1.13697E+00
  5.99609E-01  1.13095E+00
  6.03516E-01  1.12491E+00
  6.07422E-01  1.11885E+00
  6.11328E-01  1.11276E+00
  6.15234E-01  1.10666E+00
  6.19141E-01  1.10053E+00
  6.23047E-01  1.09439E+00
  6.26953E-01  1.08822E+00
  6.30859E-01  1.08203E+00
  6.34766E-01  1.07582E+00
  6.38672E-01  1.06959E+00
  6.42578E-01  1.06333E+00
  6.46484E-01  1.05706E+00
  6.50391E-01  1.05075E+00
  6.54297E-01  1.04443E+00
  6.58203E-01  1.03809E+00
  6.62109E-01  1.03173E+00
  6.66016E-01  1.02534E+00
  6.69922E-01  1.01893E+00
  6.73828E-01  1.01249E+00
  6.77734E-01  1.00604E+00
  6.81641E-01  9.99564E-01
  6.85547E-01  9.93065E-01
  6.89453E-01  9.86546E-01
  6.93359E-01  9.80003E-01
  6.97266E-01  9.73438E-01
  7.01172E-01  9.66852E-01
  7.05078E-01  9.60243E-01
  7.08984E-01  9.53613E-01
  7.12891E-01  9.46962E-01
  7.16797E-01  9.40289E-01
  7.20703E-01  9.33594E-01
  7.24609E-01  9.26878E-01
  7.28516E-01  9.20140E-01
  7.32422E-01  9.13382E-01
  7.36328E-01  9.06604E-01
  7.40234E-01  8.99804E-01
  7.44141E-01  8.92984E-01
  7.48047E-01  8.86144E-01
  7.51953E-01  8.79284E-01
  7.55859E-01  8.72405E-01
  7.59766E-01  8.65505E-01
  7.63672E-01  8.58586E-01
  7.67578E-01  8.51649E-01
  7.71484E-01  8.44694E-01
  7.75391E-01  8.37721E-01
  7.79297E-01  8.30731E-01
  7.83203E-01  8.23722E-01
  7.87109E-01  8.16699E-01
  7.91016E-01  8.09658E-01
  7.94922E-01  8.02602E-01
  7.98828E-01  7.95532E-01
  8.02734E-01  7.88447E-01
  8.06641E-01  7.81351E-01
  8.10547E-01  7.74244E-01
  8.14453E-01  7.67125E-01
  8.18359E-01  7.59997E-01
  8.22266E-01  7.52860E-01
  8.26172E-01  7.45717E-01
  8.30078E-01  7.38566E-01
  8.33984E-01  7.31409E-01
  8.37891E-01  7.24245E-01
  8.41797E-01  7.17078E-01
  8.45703E-01  7.09909E-01
  8.49609E-01  7.02744E-01
  8.53516E-01  6.95580E-01
  8.57422E-01  6.88422E-01
  8.61328E-01  6.81267E-01
  8.65234E-01  6.74120E-01
  8.69141E-01  6.66986E-01
  8.73047E-01  6.59866E-01
  8.76953E-01  6.52767E-01
  8.80859E-01  6.45693E-01
  8.84766E-01  6.38645E-01
  8.88672E-01  6.31629E-01
  8.92578E-01  6.24638E-01
  8.96484E-01  6.17684E-01
  9.00391E-01  6.10775E-01
  9.04297E-01  6.03912E-01
  9.08203E-01  5.97104E-01
  9.12109E-01  5.90344E-01
  9.16016E-01  5.83645E-01
  9.19922E-01  5.77019E-01
  9.23828E-01  5.70467E-01
  9.27734E-01  5.64008E-01
  9.31641E-01  5.57633E-01
  9.35547E-01  5.51350E-01
  9.39453E-01  5.45169E-01
  9.43359E-01  5.39107E-01
  9.47266E-01  5.33166E-01
  9.51172E-01  5.27360E-01
  9.55078E-01  5.21697E-01
  9.58984E-01  5.16189E-01
  9.62891E-01  5.10851E-01
  9.66797E-01  5.05679E-01
  9.70703E-01  5.00695E-01
  9.74609E-01  4.95901E-01
  9.78516E-01  4.91312E-01
  9.82422E-01  4.86943E-01
  9.86328E-01  4.82802E-01
  9.90234E-01  4.78897E-01
  9.94141E-01  4.75248E-01
  9.98047E-01  4.71843E-01
  1.00195E+00  4.71851E-01
