 -1.95312E-03  1.82674E+00
  1.95312E-03  1.82762E+00
  5.85938E-03  1.82354E+00
  9.76562E-03  1.82016E+00
  1.36719E-02  1.81689E+00
  1.75781E-02  1.81364E+00
  2.14844E-02  1.81040E+00
  2.53906E-02  1.80714E+00
  2.92969E-02  1.80387E+00
  3.32031E-02  1.80059E+00
  3.71094E-02  1.79729E+00
  4.10156E-02  1.79398E+00
  4.49219E-02  1.79065E+00
  4.88281E-02  1.78730E+00
  5.27344E-02  1.78393E+00
  5.66406E-02  1.78055E+00
  6.05469E-02  1.77715E+00
  6.44531E-02  1.77373E+00
  6.83594E-02  1.77030E+00
  7.22656E-02  1.76685E+00
  7.61719E-02  1.76337E+00
  8.00781E-02  1.75989E+00
  8.39844E-02  1.75638E+00
  8.78906E-02  1.75286E+00
  9.17969E-02  1.74931E+00
  9.57031E-02  1.74575E+00
  9.96094E-02  1.74217E+00
  1.03516E-01  1.73858E+00
  1.07422E-01  1.73496E+00
  1.11328E-01  1.73133E+00
  1.15234E-01  1.72768E+00
  1.19141E-01  1.72401E+00
  1.23047E-01  1.72033E+00
  1.26953E-01  1.71663E+00
  1.30859E-01  1.71291E+00
  1.34766E-01  1.70917E+00
  1.38672E-01  1.70541E+00
  1.42578E-01  1.70164E+00
  1.46484E-01  1.69784E+00
  1.50391E-01  1.69403E+00
  1.54297E-01  1.69020E+00
  1.58203E-01  1.68636E+00
  1.62109E-01  1.68249E+00
  1.66016E-01  1.67861E+00
  1.69922E-01  1.67471E+00
  1.73828E-01  1.67079E+00
  1.77734E-01  1.66685E+00
  1.81641E-01  1.66290E+00
  1.85547E-01  1.65892E+00
  1.89453E-01  1.65493E+00
  1.93359E-01  1.65092E+00
  1.97266E-01  1.64690E+00
  2.01172E-01  1.64285E+00
  2.05078E-01  1.63879E+00
  2.08984E-01  1.63470E+00
  2.12891E-01  1.63060E+00
  2.16797E-01  1.62649E+00
  2.20703E-01  1.62235E+00
  2.24609E-01  1.61820E+00
  2.28516E-01  1.61403E+00
  2.32422E-01  1.60983E+00
  2.36328E-01  1.60563E+00
  2.40234E-01  1.60140E+00
  2.44141E-01  1.59715E+00
  2.48047E-01  1.59289E+00
  2.51953E-01  1.58861E+00
  2.55859E-01  1.58431E+00
  2.59766E-01  1.57999E+00
  2.63672E-01  1.57566E+00
  2.67578E-01  1.57130E+00
  2.71484E-01  1.56693E+00
  2.75391E-01  1.56254E+00
  2.79297E-01  1.55813E+00
  2.83203E-01  1.55370E+00
  2.87109E-01  1.54925E+00
  2.91016E-01  1.54478E+00
  2.94922E-01  1.54030E+00
  2.98828E-01  1.53580E+00
  3.02734E-01  1.53128E+00
  3.06641E-01  1.52674E+00
  3.10547E-01  1.52218E+00
  3.14453E-01  1.51760E+00
  3.18359E-01  1.51301E+00
  3.22266E-01  1.50840E+00
  3.26172E-01  1.50377E+00
  3.30078E-01  1.49912E+00
  3.33984E-01  1.49445E+00
  3.37891E-01  1.48976E+00
  3.41797E-01  1.48505E+00
  3.45703E-01  1.48033E+00
  3.49609E-01  1.47558E+00
  3.53516E-01  1.47082E+00
  3.57422E-01  1.46604E+00
  3.61328E-01  1.46124E+00
  3.65234E-01  1.45642E+00
  3.69141E-01  1.45158E+00
  3.73047E-01  1.44672E+00
  3.76953E-01  1.44185E+00
  3.80859E-01  1.43695E+00
  3.84766E-01  1.43204E+00
  3.88672E-01  1.42710E+00
  3.92578E-01  1.42215E+00
  3.96484E-01  1.41718E+00
  4.00391E-01  1.41219E+00
  4.04297E-01  1.40718E+00
  4.08203E-01  1.40215E+00
  4.12109E-01  1.39710E+00
  4.16016E-01  1.39203E+00
  4.19922E-01  1.38695E+00
  4.23828E-01  1.38184E+00
  4.27734E-01  1.37672E+00
  4.31641E-01  1.37157E+00
  4.35547E-01  1.36640E+00
  4.39453E-01  1.36122E+00
  4.43359E-01  1.35601E+00
  4.47266E-01  1.35079E+00
  4.51172E-01  1.34554E+00
  4.55078E-01  1.34028E+00
  4.58984E-01  1.33500E+00
  4.62891E-01  1.32969E+00
  4.66797E-01  1.32437E+00
  4.70703E-01  1.31903E+00
  4.74609E-01  1.31366E+00
  4.78516E-01  1.30828E+00
  4.82422E-01  1.30287E+00
  4.86328E-01  1.29745E+00
  4.90234E-01  1.29200E+00
  4.94141E-01  1.28654E+00
  4.98047E-01  1.28106E+00
  5.01953E-01  1.27555E+00
  5.05859E-01  1.27003E+00
  5.09766E-01  1.26448E+00
  5.13672E-01  1.25892E+00
  5.17578E-01  1.25333E+00
  5.21484E-01  1.24772E+00
  5.25391E-01  1.24209E+00
  5.29297E-01  1.23644E+00
  5.33203E-01  1.23078E+00
  5.37109E-01  1.22509E+00
  5.41016E-01  1.21937E+00
  5.44922E-01  1.21364E+00
  5.48828E-01  1.20789E+00
  5.52734E-01  1.20212E+00
  5.56641E-01  1.19632E+00
  5.60547E-01  1.19051E+00
  5.64453E-01  1.18467E+00
  5.68359E-01  1.17881E+00
  5.72266E-01  1.17293E+00
  5.76172E-01  1.16703E+00
  5.80078E-01  1.16111E+00
  5.83984E-01  1.15516E+00
  5.87891E-01  1.14920E+00
  5.91797E-01  1.14321E+00
  5.95703E-01  1.13721E+00
  5.99609E-01  1.13118E+00
  6.03516E-01  1.12513E+00
  6.07422E-01  1.11906E+00
  6.11328E-01  1.11296E+00
  6.15234E-01  1.10685E+00
  6.19141E-01  1.10071E+00
  6.23047E-01  1.09456E+00
  6.26953E-01  1.08838E+00
  6.30859E-01  1.08218E+00
  6.34766E-01  1.07595E+00
  6.38672E-01  1.06971E+00
  6.42578E-01  1.06344E+00
  6.46484E-01  1.05715E+00
  6.50391E-01  1.05084E+00
  6.54297E-01  1.04450E+00
  6.58203E-01  1.03815E+00
  6.62109E-01  1.03177E+00
  6.66016E-01  1.02536E+00
  6.69922E-01  1.01894E+00
  6.73828E-01  1.01249E+00
  6.77734E-01  1.00602E+00
  6.81641E-01  9.99535E-01
  6.85547E-01  9.93021E-01
  6.89453E-01  9.86489E-01
  6.93359E-01  9.79934E-01
  6.97266E-01  9.73355E-01
  7.01172E-01  9.66755E-01
  7.05078E-01  9.60133E-01
  7.08984E-01  9.53490E-01
  7.12891E-01  9.46826E-01
  7.16797E-01  9.40141E-01
  7.20703E-01  9.33433E-01
  7.24609E-01  9.26703E-01
  7.28516E-01  9.19950E-01
  7.32422E-01  9.13179E-01
  7.36328E-01  9.06387E-01
  7.40234E-01  8.99574E-01
  7.44141E-01  8.92742E-01
  7.48047E-01  8.85889E-01
  7.51953E-01  8.79016E-01
  7.55859E-01  8.72123E-01
  7.59766E-01  8.65211E-01
  7.63672E-01  8.58279E-01
  7.67578E-01  8.51329E-01
  7.71484E-01  8.44360E-01
  7.75391E-01  8.37372E-01
  7.79297E-01  8.30368E-01
  7.83203E-01  8.23346E-01
  7.87109E-01  8.16307E-01
  7.91016E-01  8.09252E-01
  7.94922E-01  8.02181E-01
  7.98828E-01  7.95099E-01
  8.02734E-01  7.88001E-01
  8.06641E-01  7.80889E-01
  8.10547E-01  7.73764E-01
  8.14453E-01  7.66632E-01
  8.18359E-01  7.59489E-01
  8.22266E-01  7.52336E-01
  8.26172E-01  7.45175E-01
  8.30078E-01  7.38008E-01
  8.33984E-01  7.30832E-01
  8.37891E-01  7.23652E-01
  8.41797E-01  7.16466E-01
  8.45703E-01  7.09282E-01
  8.49609E-01  7.02098E-01
  8.53516E-01  6.94918E-01
  8.57422E-01  6.87741E-01
  8.61328E-01  6.80567E-01
  8.65234E-01  6.73404E-01
  8.69141E-01  6.66254E-01
  8.73047E-01  6.59120E-01
  8.76953E-01  6.52004E-01
  8.80859E-01  6.44912E-01
  8.84766E-01  6.37848E-01
  8.88672E-01  6.30812E-01
  8.92578E-01  6.23803E-01
  8.96484E-01  6.16826E-01
  9.00391E-01  6.09890E-01
  9.04297E-01  6.03001E-01
  9.08203E-01  5.96168E-01
  9.12109E-01  5.89387E-01
  9.16016E-01  5.82666E-01
  9.19922E-01  5.76016E-01
  9.23828E-01  5.69443E-01
  9.27734E-01  5.62962E-01
  9.31641E-01  5.56561E-01
  9.35547E-01  5.50258E-01
  9.39453E-01  5.44066E-01
  9.43359E-01  5.37989E-01
  9.47266E-01  5.32028E-01
  9.51172E-01  5.26197E-01
  9.55078E-01  5.20515E-01
  9.58984E-01  5.14987E-01
  9.62891E-01  5.09627E-01
  9.66797E-01  5.04436E-01
  9.70703E-01  4.99427E-01
  9.74609E-01  4.94620E-01
  9.78516E-01  4.90023E-01
  9.82422E-01  4.85653E-01
  9.86328E-01  4.81511E-01
  9.90234E-01  4.77605E-01
  9.94141E-01  4.73946E-01
  9.98047E-01  4.70534E-01
  1.00195E+00  4.70542E-01
