 -1.95312E-03  1.82651E+00
  1.95312E-03  1.82739E+00
  5.85938E-03  1.82331E+00
  9.76562E-03  1.81993E+00
  1.36719E-02  1.81666E+00
  1.75781E-02  1.81341E+00
  2.14844E-02  1.81016E+00
  2.53906E-02  1.80691E+00
  2.92969E-02  1.80364E+00
  3.32031E-02  1.80036E+00
  3.71094E-02  1.79706E+00
  4.10156E-02  1.79375E+00
  4.49219E-02  1.79042E+00
  4.88281E-02  1.78707E+00
  5.27344E-02  1.78370E+00
  5.66406E-02  1.78032E+00
  6.05469E-02  1.77692E+00
  6.44531E-02  1.77351E+00
  6.83594E-02  1.77007E+00
  7.22656E-02  1.76662E+00
  7.61719E-02  1.76315E+00
  8.00781E-02  1.75966E+00
  8.39844E-02  1.75615E+00
  8.78906E-02  1.75263E+00
  9.17969E-02  1.74909E+00
  9.57031E-02  1.74553E+00
  9.96094E-02  1.74195E+00
  1.03516E-01  1.73835E+00
  1.07422E-01  1.73474E+00
  1.11328E-01  1.73111E+00
  1.15234E-01  1.72746E+00
  1.19141E-01  1.72379E+00
  1.23047E-01  1.72010E+00
  1.26953E-01  1.71640E+00
  1.30859E-01  1.71268E+00
  1.34766E-01  1.70894E+00
  1.38672E-01  1.70518E+00
  1.42578E-01  1.70141E+00
  1.46484E-01  1.69762E+00
  1.50391E-01  1.69381E+00
  1.54297E-01  1.68998E+00
  1.58203E-01  1.68613E+00
  1.62109E-01  1.68227E+00
  1.66016E-01  1.67839E+00
  1.69922E-01  1.67448E+00
  1.73828E-01  1.67057E+00
  1.77734E-01  1.66663E+00
  1.81641E-01  1.66267E+00
  1.85547E-01  1.65870E+00
  1.89453E-01  1.65471E+00
  1.93359E-01  1.65070E+00
  1.97266E-01  1.64668E+00
  2.01172E-01  1.64263E+00
  2.05078E-01  1.63857E+00
  2.08984E-01  1.63449E+00
  2.12891E-01  1.63039E+00
  2.16797E-01  1.62627E+00
  2.20703E-01  1.62214E+00
  2.24609E-01  1.61798E+00
  2.28516E-01  1.61381E+00
  2.32422E-01  1.60962E+00
  2.36328E-01  1.60541E+00
  2.40234E-01  1.60119E+00
  2.44141E-01  1.59694E+00
  2.48047E-01  1.59268E+00
  2.51953E-01  1.58839E+00
  2.55859E-01  1.58409E+00
  2.59766E-01  1.57978E+00
  2.63672E-01  1.57544E+00
  2.67578E-01  1.57109E+00
  2.71484E-01  1.56671E+00
  2.75391E-01  1.56232E+00
  2.79297E-01  1.55791E+00
  2.83203E-01  1.55348E+00
  2.87109E-01  1.54904E+00
  2.91016E-01  1.54457E+00
  2.94922E-01  1.54009E+00
  2.98828E-01  1.53559E+00
  3.02734E-01  1.53107E+00
  3.06641E-01  1.52653E+00
  3.10547E-01  1.52197E+00
  3.14453E-01  1.51740E+00
  3.18359E-01  1.51280E+00
  3.22266E-01  1.50819E+00
  3.26172E-01  1.50356E+00
  3.30078E-01  1.49891E+00
  3.33984E-01  1.49424E+00
  3.37891E-01  1.48955E+00
  3.41797E-01  1.48485E+00
  3.45703E-01  1.48013E+00
  3.49609E-01  1.47538E+00
  3.53516E-01  1.47062E+00
  3.57422E-01  1.46584E+00
  3.61328E-01  1.46104E+00
  3.65234E-01  1.45622E+00
  3.69141E-01  1.45138E+00
  3.73047E-01  1.44653E+00
  3.76953E-01  1.44165E+00
  3.80859E-01  1.43676E+00
  3.84766E-01  1.43185E+00
  3.88672E-01  1.42692E+00
  3.92578E-01  1.42196E+00
  3.96484E-01  1.41699E+00
  4.00391E-01  1.41200E+00
  4.04297E-01  1.40699E+00
  4.08203E-01  1.40197E+00
  4.12109E-01  1.39692E+00
  4.16016E-01  1.39185E+00
  4.19922E-01  1.38677E+00
  4.23828E-01  1.38166E+00
  4.27734E-01  1.37654E+00
  4.31641E-01  1.37139E+00
  4.35547E-01  1.36623E+00
  4.39453E-01  1.36104E+00
  4.43359E-01  1.35584E+00
  4.47266E-01  1.35062E+00
  4.51172E-01  1.34537E+00
  4.55078E-01  1.34011E+00
  4.58984E-01  1.33483E+00
  4.62891E-01  1.32953E+00
  4.66797E-01  1.32421E+00
  4.70703E-01  1.31887E+00
  4.74609E-01  1.31350E+00
  4.78516E-01  1.30812E+00
  4.82422E-01  1.30272E+00
  4.86328E-01  1.29730E+00
  4.90234E-01  1.29186E+00
  4.94141E-01  1.28640E+00
  4.98047E-01  1.28091E+00
  5.01953E-01  1.27541E+00
  5.05859E-01  1.26989E+00
  5.09766E-01  1.26435E+00
  5.13672E-01  1.25879E+00
  5.17578E-01  1.25320E+00
  5.21484E-01  1.24760E+00
  5.25391E-01  1.24197E+00
  5.29297E-01  1.23633E+00
  5.33203E-01  1.23066E+00
  5.37109E-01  1.22497E+00
  5.41016E-01  1.21926E+00
  5.44922E-01  1.21354E+00
  5.48828E-01  1.20779E+00
  5.52734E-01  1.20202E+00
  5.56641E-01  1.19623E+00
  5.60547E-01  1.19041E+00
  5.64453E-01  1.18458E+00
  5.68359E-01  1.17873E+00
  5.72266E-01  1.17285E+00
  5.76172E-01  1.16695E+00
  5.80078E-01  1.16103E+00
  5.83984E-01  1.15509E+00
  5.87891E-01  1.14912E+00
  5.91797E-01  1.14314E+00
  5.95703E-01  1.13714E+00
  5.99609E-01  1.13111E+00
  6.03516E-01  1.12506E+00
  6.07422E-01  1.11899E+00
  6.11328E-01  1.11290E+00
  6.15234E-01  1.10679E+00
  6.19141E-01  1.10066E+00
  6.23047E-01  1.09450E+00
  6.26953E-01  1.08833E+00
  6.30859E-01  1.08213E+00
  6.34766E-01  1.07591E+00
  6.38672E-01  1.06967E+00
  6.42578E-01  1.06340E+00
  6.46484E-01  1.05712E+00
  6.50391E-01  1.05081E+00
  6.54297E-01  1.04448E+00
  6.58203E-01  1.03812E+00
  6.62109E-01  1.03175E+00
  6.66016E-01  1.02535E+00
  6.69922E-01  1.01893E+00
  6.73828E-01  1.01248E+00
  6.77734E-01  1.00602E+00
  6.81641E-01  9.99533E-01
  6.85547E-01  9.93025E-01
  6.89453E-01  9.86496E-01
  6.93359E-01  9.79944E-01
  6.97266E-01  9.73369E-01
  7.01172E-01  9.66773E-01
  7.05078E-01  9.60155E-01
  7.08984E-01  9.53516E-01
  7.12891E-01  9.46855E-01
  7.16797E-01  9.40173E-01
  7.20703E-01  9.33469E-01
  7.24609E-01  9.26743E-01
  7.28516E-01  9.19996E-01
  7.32422E-01  9.13228E-01
  7.36328E-01  9.06439E-01
  7.40234E-01  8.99631E-01
  7.44141E-01  8.92802E-01
  7.48047E-01  8.85954E-01
  7.51953E-01  8.79086E-01
  7.55859E-01  8.72198E-01
  7.59766E-01  8.65289E-01
  7.63672E-01  8.58361E-01
  7.67578E-01  8.51418E-01
  7.71484E-01  8.44454E-01
  7.75391E-01  8.37471E-01
  7.79297E-01  8.30468E-01
  7.83203E-01  8.23450E-01
  7.87109E-01  8.16418E-01
  7.91016E-01  8.09367E-01
  7.94922E-01  8.02301E-01
  7.98828E-01  7.95221E-01
  8.02734E-01  7.88129E-01
  8.06641E-01  7.81024E-01
  8.10547E-01  7.73908E-01
  8.14453E-01  7.66783E-01
  8.18359E-01  7.59644E-01
  8.22266E-01  7.52497E-01
  8.26172E-01  7.45341E-01
  8.30078E-01  7.38176E-01
  8.33984E-01  7.31006E-01
  8.37891E-01  7.23836E-01
  8.41797E-01  7.16662E-01
  8.45703E-01  7.09483E-01
  8.49609E-01  7.02308E-01
  8.53516E-01  6.95135E-01
  8.57422E-01  6.87968E-01
  8.61328E-01  6.80805E-01
  8.65234E-01  6.73650E-01
  8.69141E-01  6.66508E-01
  8.73047E-01  6.59380E-01
  8.76953E-01  6.52273E-01
  8.80859E-01  6.45195E-01
  8.84766E-01  6.38142E-01
  8.88672E-01  6.31113E-01
  8.92578E-01  6.24113E-01
  8.96484E-01  6.17146E-01
  9.00391E-01  6.10223E-01
  9.04297E-01  6.03347E-01
  9.08203E-01  5.96529E-01
  9.12109E-01  5.89763E-01
  9.16016E-01  5.83060E-01
  9.19922E-01  5.76422E-01
  9.23828E-01  5.69860E-01
  9.27734E-01  5.63387E-01
  9.31641E-01  5.57001E-01
  9.35547E-01  5.50717E-01
  9.39453E-01  5.44536E-01
  9.43359E-01  5.38476E-01
  9.47266E-01  5.32530E-01
  9.51172E-01  5.26713E-01
  9.55078E-01  5.21043E-01
  9.58984E-01  5.15532E-01
  9.62891E-01  5.10183E-01
  9.66797E-01  5.05000E-01
  9.70703E-01  5.00000E-01
  9.74609E-01  4.95189E-01
  9.78516E-01  4.90585E-01
  9.82422E-01  4.86197E-01
  9.86328E-01  4.82043E-01
  9.90234E-01  4.78127E-01
  9.94141E-01  4.74469E-01
  9.98047E-01  4.71060E-01
  1.00195E+00  4.71067E-01
