 -1.95312E-03  1.82668E+00
  1.95312E-03  1.82757E+00
  5.85938E-03  1.82349E+00
  9.76562E-03  1.82011E+00
  1.36719E-02  1.81684E+00
  1.75781E-02  1.81359E+00
  2.14844E-02  1.81034E+00
  2.53906E-02  1.80708E+00
  2.92969E-02  1.80382E+00
  3.32031E-02  1.80054E+00
  3.71094E-02  1.79724E+00
  4.10156E-02  1.79392E+00
  4.49219E-02  1.79059E+00
  4.88281E-02  1.78724E+00
  5.27344E-02  1.78388E+00
  5.66406E-02  1.78050E+00
  6.05469E-02  1.77710E+00
  6.44531E-02  1.77368E+00
  6.83594E-02  1.77024E+00
  7.22656E-02  1.76679E+00
  7.61719E-02  1.76332E+00
  8.00781E-02  1.75983E+00
  8.39844E-02  1.75633E+00
  8.78906E-02  1.75280E+00
  9.17969E-02  1.74926E+00
  9.57031E-02  1.74570E+00
  9.96094E-02  1.74212E+00
  1.03516E-01  1.73853E+00
  1.07422E-01  1.73491E+00
  1.11328E-01  1.73128E+00
  1.15234E-01  1.72763E+00
  1.19141E-01  1.72396E+00
  1.23047E-01  1.72028E+00
  1.26953E-01  1.71657E+00
  1.30859E-01  1.71285E+00
  1.34766E-01  1.70911E+00
  1.38672E-01  1.70536E+00
  1.42578E-01  1.70158E+00
  1.46484E-01  1.69779E+00
  1.50391E-01  1.69398E+00
  1.54297E-01  1.69015E+00
  1.58203E-01  1.68631E+00
  1.62109E-01  1.68244E+00
  1.66016E-01  1.67856E+00
  1.69922E-01  1.67466E+00
  1.73828E-01  1.67074E+00
  1.77734E-01  1.66680E+00
  1.81641E-01  1.66285E+00
  1.85547E-01  1.65887E+00
  1.89453E-01  1.65488E+00
  1.93359E-01  1.65087E+00
  1.97266E-01  1.64684E+00
  2.01172E-01  1.64280E+00
  2.05078E-01  1.63874E+00
  2.08984E-01  1.63465E+00
  2.12891E-01  1.63055E+00
  2.16797E-01  1.62644E+00
  2.20703E-01  1.62230E+00
  2.24609E-01  1.61815E+00
  2.28516E-01  1.61397E+00
  2.32422E-01  1.60978E+00
  2.36328E-01  1.60558E+00
  2.40234E-01  1.60135E+00
  2.44141E-01  1.59710E+00
  2.48047E-01  1.59284E+00
  2.51953E-01  1.58856E+00
  2.55859E-01  1.58426E+00
  2.59766E-01  1.57994E+00
  2.63672E-01  1.57560E+00
  2.67578E-01  1.57125E+00
  2.71484E-01  1.56688E+00
  2.75391E-01  1.56248E+00
  2.79297E-01  1.55807E+00
  2.83203E-01  1.55365E+00
  2.87109E-01  1.54920E+00
  2.91016E-01  1.54473E+00
  2.94922E-01  1.54025E+00
  2.98828E-01  1.53575E+00
  3.02734E-01  1.53122E+00
  3.06641E-01  1.52669E+00
  3.10547E-01  1.52213E+00
  3.14453E-01  1.51755E+00
  3.18359E-01  1.51296E+00
  3.22266E-01  1.50835E+00
  3.26172E-01  1.50372E+00
  3.30078E-01  1.49906E+00
  3.33984E-01  1.49440E+00
  3.37891E-01  1.48971E+00
  3.41797E-01  1.48500E+00
  3.45703E-01  1.48028E+00
  3.49609E-01  1.47553E+00
  3.53516E-01  1.47077E+00
  3.57422E-01  1.46599E+00
  3.61328E-01  1.46119E+00
  3.65234E-01  1.45637E+00
  3.69141E-01  1.45153E+00
  3.73047E-01  1.44668E+00
  3.76953E-01  1.44180E+00
  3.80859E-01  1.43691E+00
  3.84766E-01  1.43199E+00
  3.88672E-01  1.42706E+00
  3.92578E-01  1.42211E+00
  3.96484E-01  1.41714E+00
  4.00391E-01  1.41215E+00
  4.04297E-01  1.40714E+00
  4.08203E-01  1.40211E+00
  4.12109E-01  1.39706E+00
  4.16016E-01  1.39199E+00
  4.19922E-01  1.38690E+00
  4.23828E-01  1.38180E+00
  4.27734E-01  1.37667E+00
  4.31641E-01  1.37153E+00
  4.35547E-01  1.36636E+00
  4.39453E-01  1.36118E+00
  4.43359E-01  1.35597E+00
  4.47266E-01  1.35075E+00
  4.51172E-01  1.34550E+00
  4.55078E-01  1.34024E+00
  4.58984E-01  1.33496E+00
  4.62891E-01  1.32966E+00
  4.66797E-01  1.32433E+00
  4.70703E-01  1.31899E+00
  4.74609E-01  1.31362E+00
  4.78516E-01  1.30824E+00
  4.82422E-01  1.30284E+00
  4.86328E-01  1.29741E+00
  4.90234E-01  1.29197E+00
  4.94141E-01  1.28650E+00
  4.98047E-01  1.28102E+00
  5.01953E-01  1.27552E+00
  5.05859E-01  1.26999E+00
  5.09766E-01  1.26445E+00
  5.13672E-01  1.25888E+00
  5.17578E-01  1.25329E+00
  5.21484E-01  1.24769E+00
  5.25391E-01  1.24206E+00
  5.29297E-01  1.23641E+00
  5.33203E-01  1.23075E+00
  5.37109E-01  1.22506E+00
  5.41016E-01  1.21934E+00
  5.44922E-01  1.21361E+00
  5.48828E-01  1.20786E+00
  5.52734E-01  1.20209E+00
  5.56641E-01  1.19630E+00
  5.60547E-01  1.19048E+00
  5.64453E-01  1.18465E+00
  5.68359E-01  1.17879E+00
  5.72266E-01  1.17291E+00
  5.76172E-01  1.16701E+00
  5.80078E-01  1.16109E+00
  5.83984E-01  1.15514E+00
  5.87891E-01  1.14918E+00
  5.91797E-01  1.14320E+00
  5.95703E-01  1.13719E+00
  5.99609E-01  1.13116E+00
  6.03516E-01  1.12511E+00
  6.07422E-01  1.11904E+00
  6.11328E-01  1.11295E+00
  6.15234E-01  1.10684E+00
  6.19141E-01  1.10070E+00
  6.23047E-01  1.09454E+00
  6.26953E-01  1.08836E+00
  6.30859E-01  1.08217E+00
  6.34766E-01  1.07594E+00
  6.38672E-01  1.06970E+00
  6.42578E-01  1.06343E+00
  6.46484E-01  1.05714E+00
  6.50391E-01  1.05083E+00
  6.54297E-01  1.04450E+00
  6.58203E-01  1.03814E+00
  6.62109E-01  1.03176E+00
  6.66016E-01  1.02536E+00
  6.69922E-01  1.01894E+00
  6.73828E-01  1.01249E+00
  6.77734E-01  1.00602E+00
  6.81641E-01  9.99533E-01
  6.85547E-01  9.93022E-01
  6.89453E-01  9.86490E-01
  6.93359E-01  9.79936E-01
  6.97266E-01  9.73358E-01
  7.01172E-01  9.66760E-01
  7.05078E-01  9.60139E-01
  7.08984E-01  9.53496E-01
  7.12891E-01  9.46833E-01
  7.16797E-01  9.40148E-01
  7.20703E-01  9.33441E-01
  7.24609E-01  9.26712E-01
  7.28516E-01  9.19960E-01
  7.32422E-01  9.13190E-01
  7.36328E-01  9.06399E-01
  7.40234E-01  8.99587E-01
  7.44141E-01  8.92756E-01
  7.48047E-01  8.85906E-01
  7.51953E-01  8.79033E-01
  7.55859E-01  8.72142E-01
  7.59766E-01  8.65231E-01
  7.63672E-01  8.58301E-01
  7.67578E-01  8.51352E-01
  7.71484E-01  8.44385E-01
  7.75391E-01  8.37399E-01
  7.79297E-01  8.30395E-01
  7.83203E-01  8.23375E-01
  7.87109E-01  8.16341E-01
  7.91016E-01  8.09288E-01
  7.94922E-01  8.02217E-01
  7.98828E-01  7.95132E-01
  8.02734E-01  7.88034E-01
  8.06641E-01  7.80922E-01
  8.10547E-01  7.73800E-01
  8.14453E-01  7.66669E-01
  8.18359E-01  7.59530E-01
  8.22266E-01  7.52379E-01
  8.26172E-01  7.45222E-01
  8.30078E-01  7.38056E-01
  8.33984E-01  7.30882E-01
  8.37891E-01  7.23704E-01
  8.41797E-01  7.16520E-01
  8.45703E-01  7.09337E-01
  8.49609E-01  7.02157E-01
  8.53516E-01  6.94978E-01
  8.57422E-01  6.87805E-01
  8.61328E-01  6.80633E-01
  8.65234E-01  6.73473E-01
  8.69141E-01  6.66326E-01
  8.73047E-01  6.59193E-01
  8.76953E-01  6.52077E-01
  8.80859E-01  6.44986E-01
  8.84766E-01  6.37924E-01
  8.88672E-01  6.30892E-01
  8.92578E-01  6.23884E-01
  8.96484E-01  6.16916E-01
  9.00391E-01  6.09988E-01
  9.04297E-01  6.03103E-01
  9.08203E-01  5.96275E-01
  9.12109E-01  5.89500E-01
  9.16016E-01  5.82787E-01
  9.19922E-01  5.76141E-01
  9.23828E-01  5.69571E-01
  9.27734E-01  5.63091E-01
  9.31641E-01  5.56702E-01
  9.35547E-01  5.50407E-01
  9.39453E-01  5.44216E-01
  9.43359E-01  5.38147E-01
  9.47266E-01  5.32191E-01
  9.51172E-01  5.26369E-01
  9.55078E-01  5.20690E-01
  9.58984E-01  5.15164E-01
  9.62891E-01  5.09797E-01
  9.66797E-01  5.04605E-01
  9.70703E-01  4.99600E-01
  9.74609E-01  4.94798E-01
  9.78516E-01  4.90200E-01
  9.82422E-01  4.85820E-01
  9.86328E-01  4.81673E-01
  9.90234E-01  4.77766E-01
  9.94141E-01  4.74115E-01
  9.98047E-01  4.70715E-01
  1.00195E+00  4.70722E-01
