 -1.95312E-03  1.82677E+00
  1.95312E-03  1.82766E+00
  5.85938E-03  1.82358E+00
  9.76562E-03  1.82020E+00
  1.36719E-02  1.81692E+00
  1.75781E-02  1.81368E+00
  2.14844E-02  1.81043E+00
  2.53906E-02  1.80717E+00
  2.92969E-02  1.80391E+00
  3.32031E-02  1.80062E+00
  3.71094E-02  1.79733E+00
  4.10156E-02  1.79401E+00
  4.49219E-02  1.79068E+00
  4.88281E-02  1.78733E+00
  5.27344E-02  1.78397E+00
  5.66406E-02  1.78059E+00
  6.05469E-02  1.77719E+00
  6.44531E-02  1.77377E+00
  6.83594E-02  1.77033E+00
  7.22656E-02  1.76688E+00
  7.61719E-02  1.76341E+00
  8.00781E-02  1.75992E+00
  8.39844E-02  1.75642E+00
  8.78906E-02  1.75289E+00
  9.17969E-02  1.74935E+00
  9.57031E-02  1.74579E+00
  9.96094E-02  1.74221E+00
  1.03516E-01  1.73861E+00
  1.07422E-01  1.73500E+00
  1.11328E-01  1.73137E+00
  1.15234E-01  1.72772E+00
  1.19141E-01  1.72405E+00
  1.23047E-01  1.72037E+00
  1.26953E-01  1.71666E+00
  1.30859E-01  1.71294E+00
  1.34766E-01  1.70920E+00
  1.38672E-01  1.70545E+00
  1.42578E-01  1.70167E+00
  1.46484E-01  1.69788E+00
  1.50391E-01  1.69407E+00
  1.54297E-01  1.69024E+00
  1.58203E-01  1.68639E+00
  1.62109E-01  1.68253E+00
  1.66016E-01  1.67864E+00
  1.69922E-01  1.67474E+00
  1.73828E-01  1.67082E+00
  1.77734E-01  1.66689E+00
  1.81641E-01  1.66293E+00
  1.85547E-01  1.65896E+00
  1.89453E-01  1.65497E+00
  1.93359E-01  1.65096E+00
  1.97266E-01  1.64693E+00
  2.01172E-01  1.64288E+00
  2.05078E-01  1.63882E+00
  2.08984E-01  1.63474E+00
  2.12891E-01  1.63064E+00
  2.16797E-01  1.62652E+00
  2.20703E-01  1.62238E+00
  2.24609E-01  1.61823E+00
  2.28516E-01  1.61406E+00
  2.32422E-01  1.60987E+00
  2.36328E-01  1.60566E+00
  2.40234E-01  1.60143E+00
  2.44141E-01  1.59719E+00
  2.48047E-01  1.59292E+00
  2.51953E-01  1.58864E+00
  2.55859E-01  1.58434E+00
  2.59766E-01  1.58002E+00
  2.63672E-01  1.57569E+00
  2.67578E-01  1.57133E+00
  2.71484E-01  1.56696E+00
  2.75391E-01  1.56257E+00
  2.79297E-01  1.55816E+00
  2.83203E-01  1.55373E+00
  2.87109E-01  1.54928E+00
  2.91016E-01  1.54481E+00
  2.94922E-01  1.54033E+00
  2.98828E-01  1.53583E+00
  3.02734E-01  1.53131E+00
  3.06641E-01  1.52677E+00
  3.10547E-01  1.52221E+00
  3.14453E-01  1.51763E+00
  3.18359E-01  1.51304E+00
  3.22266E-01  1.50843E+00
  3.26172E-01  1.50380E+00
  3.30078E-01  1.49914E+00
  3.33984E-01  1.49447E+00
  3.37891E-01  1.48979E+00
  3.41797E-01  1.48508E+00
  3.45703E-01  1.48036E+00
  3.49609E-01  1.47561E+00
  3.53516E-01  1.47085E+00
  3.57422E-01  1.46607E+00
  3.61328E-01  1.46127E+00
  3.65234E-01  1.45645E+00
  3.69141E-01  1.45161E+00
  3.73047E-01  1.44675E+00
  3.76953E-01  1.44188E+00
  3.80859E-01  1.43698E+00
  3.84766E-01  1.43207E+00
  3.88672E-01  1.42713E+00
  3.92578E-01  1.42218E+00
  3.96484E-01  1.41721E+00
  4.00391E-01  1.41222E+00
  4.04297E-01  1.40721E+00
  4.08203E-01  1.40218E+00
  4.12109E-01  1.39713E+00
  4.16016E-01  1.39206E+00
  4.19922E-01  1.38697E+00
  4.23828E-01  1.38187E+00
  4.27734E-01  1.37674E+00
  4.31641E-01  1.37159E+00
  4.35547E-01  1.36643E+00
  4.39453E-01  1.36124E+00
  4.43359E-01  1.35604E+00
  4.47266E-01  1.35081E+00
  4.51172E-01  1.34557E+00
  4.55078E-01  1.34030E+00
  4.58984E-01  1.33502E+00
  4.62891E-01  1.32972E+00
  4.66797E-01  1.32439E+00
  4.70703E-01  1.31905E+00
  4.74609E-01  1.31368E+00
  4.78516E-01  1.30830E+00
  4.82422E-01  1.30290E+00
  4.86328E-01  1.29747E+00
  4.90234E-01  1.29203E+00
  4.94141E-01  1.28656E+00
  4.98047E-01  1.28108E+00
  5.01953E-01  1.27557E+00
  5.05859E-01  1.27005E+00
  5.09766E-01  1.26450E+00
  5.13672E-01  1.25893E+00
  5.17578E-01  1.25335E+00
  5.21484E-01  1.24774E+00
  5.25391E-01  1.24211E+00
  5.29297E-01  1.23646E+00
  5.33203E-01  1.23079E+00
  5.37109E-01  1.22510E+00
  5.41016E-01  1.21939E+00
  5.44922E-01  1.21366E+00
  5.48828E-01  1.20791E+00
  5.52734E-01  1.20213E+00
  5.56641E-01  1.19634E+00
  5.60547E-01  1.19052E+00
  5.64453E-01  1.18469E+00
  5.68359E-01  1.17883E+00
  5.72266E-01  1.17295E+00
  5.76172E-01  1.16705E+00
  5.80078E-01  1.16112E+00
  5.83984E-01  1.15518E+00
  5.87891E-01  1.14921E+00
  5.91797E-01  1.14322E+00
  5.95703E-01  1.13722E+00
  5.99609E-01  1.13119E+00
  6.03516E-01  1.12514E+00
  6.07422E-01  1.11907E+00
  6.11328E-01  1.11297E+00
  6.15234E-01  1.10686E+00
  6.19141E-01  1.10072E+00
  6.23047E-01  1.09456E+00
  6.26953E-01  1.08839E+00
  6.30859E-01  1.08218E+00
  6.34766E-01  1.07596E+00
  6.38672E-01  1.06972E+00
  6.42578E-01  1.06345E+00
  6.46484E-01  1.05716E+00
  6.50391E-01  1.05084E+00
  6.54297E-01  1.04451E+00
  6.58203E-01  1.03815E+00
  6.62109E-01  1.03177E+00
  6.66016E-01  1.02537E+00
  6.69922E-01  1.01894E+00
  6.73828E-01  1.01250E+00
  6.77734E-01  1.00603E+00
  6.81641E-01  9.99535E-01
  6.85547E-01  9.93023E-01
  6.89453E-01  9.86491E-01
  6.93359E-01  9.79935E-01
  6.97266E-01  9.73355E-01
  7.01172E-01  9.66754E-01
  7.05078E-01  9.60130E-01
  7.08984E-01  9.53487E-01
  7.12891E-01  9.46821E-01
  7.16797E-01  9.40135E-01
  7.20703E-01  9.33428E-01
  7.24609E-01  9.26697E-01
  7.28516E-01  9.19944E-01
  7.32422E-01  9.13172E-01
  7.36328E-01  9.06379E-01
  7.40234E-01  8.99566E-01
  7.44141E-01  8.92732E-01
  7.48047E-01  8.85879E-01
  7.51953E-01  8.79004E-01
  7.55859E-01  8.72110E-01
  7.59766E-01  8.65197E-01
  7.63672E-01  8.58265E-01
  7.67578E-01  8.51315E-01
  7.71484E-01  8.44345E-01
  7.75391E-01  8.37357E-01
  7.79297E-01  8.30352E-01
  7.83203E-01  8.23329E-01
  7.87109E-01  8.16290E-01
  7.91016E-01  8.09233E-01
  7.94922E-01  8.02161E-01
  7.98828E-01  7.95076E-01
  8.02734E-01  7.87977E-01
  8.06641E-01  7.80866E-01
  8.10547E-01  7.73742E-01
  8.14453E-01  7.66609E-01
  8.18359E-01  7.59466E-01
  8.22266E-01  7.52314E-01
  8.26172E-01  7.45156E-01
  8.30078E-01  7.37986E-01
  8.33984E-01  7.30809E-01
  8.37891E-01  7.23631E-01
  8.41797E-01  7.16450E-01
  8.45703E-01  7.09267E-01
  8.49609E-01  7.02084E-01
  8.53516E-01  6.94902E-01
  8.57422E-01  6.87721E-01
  8.61328E-01  6.80548E-01
  8.65234E-01  6.73383E-01
  8.69141E-01  6.66230E-01
  8.73047E-01  6.59089E-01
  8.76953E-01  6.51969E-01
  8.80859E-01  6.44874E-01
  8.84766E-01  6.37803E-01
  8.88672E-01  6.30759E-01
  8.92578E-01  6.23746E-01
  8.96484E-01  6.16770E-01
  9.00391E-01  6.09842E-01
  9.04297E-01  6.02957E-01
  9.08203E-01  5.96126E-01
  9.12109E-01  5.89345E-01
  9.16016E-01  5.82623E-01
  9.19922E-01  5.75974E-01
  9.23828E-01  5.69398E-01
  9.27734E-01  5.62914E-01
  9.31641E-01  5.56518E-01
  9.35547E-01  5.50222E-01
  9.39453E-01  5.44036E-01
  9.43359E-01  5.37966E-01
  9.47266E-01  5.32007E-01
  9.51172E-01  5.26175E-01
  9.55078E-01  5.20491E-01
  9.58984E-01  5.14962E-01
  9.62891E-01  5.09599E-01
  9.66797E-01  5.04404E-01
  9.70703E-01  4.99394E-01
  9.74609E-01  4.94588E-01
  9.78516E-01  4.89990E-01
  9.82422E-01  4.85619E-01
  9.86328E-01  4.81475E-01
  9.90234E-01  4.77566E-01
  9.94141E-01  4.73909E-01
  9.98047E-01  4.70494E-01
  1.00195E+00  4.70502E-01
