 -1.95312E-03  1.82648E+00
  1.95312E-03  1.82737E+00
  5.85938E-03  1.82329E+00
  9.76562E-03  1.81991E+00
  1.36719E-02  1.81664E+00
  1.75781E-02  1.81339E+00
  2.14844E-02  1.81014E+00
  2.53906E-02  1.80689E+00
  2.92969E-02  1.80362E+00
  3.32031E-02  1.80034E+00
  3.71094E-02  1.79704E+00
  4.10156E-02  1.79372E+00
  4.49219E-02  1.79039E+00
  4.88281E-02  1.78705E+00
  5.27344E-02  1.78368E+00
  5.66406E-02  1.78030E+00
  6.05469E-02  1.77690E+00
  6.44531E-02  1.77348E+00
  6.83594E-02  1.77005E+00
  7.22656E-02  1.76659E+00
  7.61719E-02  1.76312E+00
  8.00781E-02  1.75963E+00
  8.39844E-02  1.75613E+00
  8.78906E-02  1.75260E+00
  9.17969E-02  1.74906E+00
  9.57031E-02  1.74550E+00
  9.96094E-02  1.74192E+00
  1.03516E-01  1.73833E+00
  1.07422E-01  1.73471E+00
  1.11328E-01  1.73108E+00
  1.15234E-01  1.72743E+00
  1.19141E-01  1.72376E+00
  1.23047E-01  1.72008E+00
  1.26953E-01  1.71638E+00
  1.30859E-01  1.71266E+00
  1.34766E-01  1.70892E+00
  1.38672E-01  1.70516E+00
  1.42578E-01  1.70139E+00
  1.46484E-01  1.69759E+00
  1.50391E-01  1.69378E+00
  1.54297E-01  1.68995E+00
  1.58203E-01  1.68611E+00
  1.62109E-01  1.68224E+00
  1.66016E-01  1.67836E+00
  1.69922E-01  1.67446E+00
  1.73828E-01  1.67054E+00
  1.77734E-01  1.66661E+00
  1.81641E-01  1.66265E+00
  1.85547E-01  1.65868E+00
  1.89453E-01  1.65469E+00
  1.93359E-01  1.65068E+00
  1.97266E-01  1.64665E+00
  2.01172E-01  1.64261E+00
  2.05078E-01  1.63854E+00
  2.08984E-01  1.63446E+00
  2.12891E-01  1.63036E+00
  2.16797E-01  1.62625E+00
  2.20703E-01  1.62211E+00
  2.24609E-01  1.61796E+00
  2.28516E-01  1.61379E+00
  2.32422E-01  1.60960E+00
  2.36328E-01  1.60539E+00
  2.40234E-01  1.60116E+00
  2.44141E-01  1.59692E+00
  2.48047E-01  1.59265E+00
  2.51953E-01  1.58837E+00
  2.55859E-01  1.58407E+00
  2.59766E-01  1.57976E+00
  2.63672E-01  1.57542E+00
  2.67578E-01  1.57106E+00
  2.71484E-01  1.56669E+00
  2.75391E-01  1.56230E+00
  2.79297E-01  1.55789E+00
  2.83203E-01  1.55346E+00
  2.87109E-01  1.54902E+00
  2.91016E-01  1.54455E+00
  2.94922E-01  1.54007E+00
  2.98828E-01  1.53556E+00
  3.02734E-01  1.53104E+00
  3.06641E-01  1.52651E+00
  3.10547E-01  1.52195E+00
  3.14453E-01  1.51737E+00
  3.18359E-01  1.51278E+00
  3.22266E-01  1.50817E+00
  3.26172E-01  1.50354E+00
  3.30078E-01  1.49889E+00
  3.33984E-01  1.49422E+00
  3.37891E-01  1.48953E+00
  3.41797E-01  1.48483E+00
  3.45703E-01  1.48010E+00
  3.49609E-01  1.47536E+00
  3.53516E-01  1.47060E+00
  3.57422E-01  1.46582E+00
  3.61328E-01  1.46102E+00
  3.65234E-01  1.45620E+00
  3.69141E-01  1.45137E+00
  3.73047E-01  1.44651E+00
  3.76953E-01  1.44163E+00
  3.80859E-01  1.43674E+00
  3.84766E-01  1.43183E+00
  3.88672E-01  1.42690E+00
  3.92578E-01  1.42194E+00
  3.96484E-01  1.41697E+00
  4.00391E-01  1.41198E+00
  4.04297E-01  1.40698E+00
  4.08203E-01  1.40195E+00
  4.12109E-01  1.39690E+00
  4.16016E-01  1.39183E+00
  4.19922E-01  1.38675E+00
  4.23828E-01  1.38164E+00
  4.27734E-01  1.37652E+00
  4.31641E-01  1.37138E+00
  4.35547E-01  1.36621E+00
  4.39453E-01  1.36103E+00
  4.43359E-01  1.35582E+00
  4.47266E-01  1.35060E+00
  4.51172E-01  1.34536E+00
  4.55078E-01  1.34009E+00
  4.58984E-01  1.33481E+00
  4.62891E-01  1.32951E+00
  4.66797E-01  1.32419E+00
  4.70703E-01  1.31885E+00
  4.74609E-01  1.31349E+00
  4.78516E-01  1.30811E+00
  4.82422E-01  1.30271E+00
  4.86328E-01  1.29729E+00
  4.90234E-01  1.29185E+00
  4.94141E-01  1.28638E+00
  4.98047E-01  1.28090E+00
  5.01953E-01  1.27540E+00
  5.05859E-01  1.26988E+00
  5.09766E-01  1.26434E+00
  5.13672E-01  1.25877E+00
  5.17578E-01  1.25319E+00
  5.21484E-01  1.24758E+00
  5.25391E-01  1.24196E+00
  5.29297E-01  1.23632E+00
  5.33203E-01  1.23065E+00
  5.37109E-01  1.22496E+00
  5.41016E-01  1.21926E+00
  5.44922E-01  1.21353E+00
  5.48828E-01  1.20778E+00
  5.52734E-01  1.20201E+00
  5.56641E-01  1.19622E+00
  5.60547E-01  1.19041E+00
  5.64453E-01  1.18457E+00
  5.68359E-01  1.17872E+00
  5.72266E-01  1.17284E+00
  5.76172E-01  1.16694E+00
  5.80078E-01  1.16102E+00
  5.83984E-01  1.15508E+00
  5.87891E-01  1.14912E+00
  5.91797E-01  1.14313E+00
  5.95703E-01  1.13713E+00
  5.99609E-01  1.13110E+00
  6.03516E-01  1.12506E+00
  6.07422E-01  1.11899E+00
  6.11328E-01  1.11290E+00
  6.15234E-01  1.10679E+00
  6.19141E-01  1.10065E+00
  6.23047E-01  1.09450E+00
  6.26953E-01  1.08832E+00
  6.30859E-01  1.08212E+00
  6.34766E-01  1.07590E+00
  6.38672E-01  1.06966E+00
  6.42578E-01  1.06340E+00
  6.46484E-01  1.05711E+00
  6.50391E-01  1.05080E+00
  6.54297E-01  1.04447E+00
  6.58203E-01  1.03812E+00
  6.62109E-01  1.03174E+00
  6.66016E-01  1.02535E+00
  6.69922E-01  1.01893E+00
  6.73828E-01  1.01248E+00
  6.77734E-01  1.00602E+00
  6.81641E-01  9.99532E-01
  6.85547E-01  9.93024E-01
  6.89453E-01  9.86496E-01
  6.93359E-01  9.79945E-01
  6.97266E-01  9.73370E-01
  7.01172E-01  9.66775E-01
  7.05078E-01  9.60157E-01
  7.08984E-01  9.53519E-01
  7.12891E-01  9.46859E-01
  7.16797E-01  9.40178E-01
  7.20703E-01  9.33474E-01
  7.24609E-01  9.26749E-01
  7.28516E-01  9.20002E-01
  7.32422E-01  9.13234E-01
  7.36328E-01  9.06446E-01
  7.40234E-01  8.99638E-01
  7.44141E-01  8.92810E-01
  7.48047E-01  8.85961E-01
  7.51953E-01  8.79092E-01
  7.55859E-01  8.72204E-01
  7.59766E-01  8.65297E-01
  7.63672E-01  8.58370E-01
  7.67578E-01  8.51423E-01
  7.71484E-01  8.44459E-01
  7.75391E-01  8.37477E-01
  7.79297E-01  8.30479E-01
  7.83203E-01  8.23463E-01
  7.87109E-01  8.16432E-01
  7.91016E-01  8.09382E-01
  7.94922E-01  8.02316E-01
  7.98828E-01  7.95237E-01
  8.02734E-01  7.88145E-01
  8.06641E-01  7.81039E-01
  8.10547E-01  7.73922E-01
  8.14453E-01  7.66795E-01
  8.18359E-01  7.59657E-01
  8.22266E-01  7.52513E-01
  8.26172E-01  7.45362E-01
  8.30078E-01  7.38200E-01
  8.33984E-01  7.31031E-01
  8.37891E-01  7.23859E-01
  8.41797E-01  7.16684E-01
  8.45703E-01  7.09508E-01
  8.49609E-01  7.02331E-01
  8.53516E-01  6.95155E-01
  8.57422E-01  6.87985E-01
  8.61328E-01  6.80820E-01
  8.65234E-01  6.73665E-01
  8.69141E-01  6.66523E-01
  8.73047E-01  6.59396E-01
  8.76953E-01  6.52290E-01
  8.80859E-01  6.45209E-01
  8.84766E-01  6.38152E-01
  8.88672E-01  6.31121E-01
  8.92578E-01  6.24119E-01
  8.96484E-01  6.17152E-01
  9.00391E-01  6.10230E-01
  9.04297E-01  6.03353E-01
  9.08203E-01  5.96536E-01
  9.12109E-01  5.89774E-01
  9.16016E-01  5.83072E-01
  9.19922E-01  5.76435E-01
  9.23828E-01  5.69874E-01
  9.27734E-01  5.63401E-01
  9.31641E-01  5.57015E-01
  9.35547E-01  5.50734E-01
  9.39453E-01  5.44552E-01
  9.43359E-01  5.38491E-01
  9.47266E-01  5.32543E-01
  9.51172E-01  5.26725E-01
  9.55078E-01  5.21058E-01
  9.58984E-01  5.15544E-01
  9.62891E-01  5.10198E-01
  9.66797E-01  5.05014E-01
  9.70703E-01  5.00017E-01
  9.74609E-01  4.95207E-01
  9.78516E-01  4.90603E-01
  9.82422E-01  4.86220E-01
  9.86328E-01  4.82071E-01
  9.90234E-01  4.78159E-01
  9.94141E-01  4.74505E-01
  9.98047E-01  4.71102E-01
  1.00195E+00  4.71109E-01
