 -1.95312E-03  1.82639E+00
  1.95312E-03  1.82728E+00
  5.85938E-03  1.82320E+00
  9.76562E-03  1.81982E+00
  1.36719E-02  1.81655E+00
  1.75781E-02  1.81330E+00
  2.14844E-02  1.81005E+00
  2.53906E-02  1.80680E+00
  2.92969E-02  1.80353E+00
  3.32031E-02  1.80025E+00
  3.71094E-02  1.79695E+00
  4.10156E-02  1.79364E+00
  4.49219E-02  1.79030E+00
  4.88281E-02  1.78696E+00
  5.27344E-02  1.78359E+00
  5.66406E-02  1.78021E+00
  6.05469E-02  1.77681E+00
  6.44531E-02  1.77339E+00
  6.83594E-02  1.76996E+00
  7.22656E-02  1.76650E+00
  7.61719E-02  1.76303E+00
  8.00781E-02  1.75954E+00
  8.39844E-02  1.75604E+00
  8.78906E-02  1.75251E+00
  9.17969E-02  1.74897E+00
  9.57031E-02  1.74541E+00
  9.96094E-02  1.74183E+00
  1.03516E-01  1.73824E+00
  1.07422E-01  1.73463E+00
  1.11328E-01  1.73099E+00
  1.15234E-01  1.72734E+00
  1.19141E-01  1.72368E+00
  1.23047E-01  1.71999E+00
  1.26953E-01  1.71629E+00
  1.30859E-01  1.71257E+00
  1.34766E-01  1.70883E+00
  1.38672E-01  1.70507E+00
  1.42578E-01  1.70130E+00
  1.46484E-01  1.69750E+00
  1.50391E-01  1.69369E+00
  1.54297E-01  1.68987E+00
  1.58203E-01  1.68602E+00
  1.62109E-01  1.68215E+00
  1.66016E-01  1.67827E+00
  1.69922E-01  1.67437E+00
  1.73828E-01  1.67045E+00
  1.77734E-01  1.66652E+00
  1.81641E-01  1.66256E+00
  1.85547E-01  1.65859E+00
  1.89453E-01  1.65460E+00
  1.93359E-01  1.65059E+00
  1.97266E-01  1.64656E+00
  2.01172E-01  1.64252E+00
  2.05078E-01  1.63846E+00
  2.08984E-01  1.63437E+00
  2.12891E-01  1.63027E+00
  2.16797E-01  1.62616E+00
  2.20703E-01  1.62202E+00
  2.24609E-01  1.61787E+00
  2.28516E-01  1.61370E+00
  2.32422E-01  1.60951E+00
  2.36328E-01  1.60530E+00
  2.40234E-01  1.60107E+00
  2.44141E-01  1.59683E+00
  2.48047E-01  1.59256E+00
  2.51953E-01  1.58828E+00
  2.55859E-01  1.58398E+00
  2.59766E-01  1.57967E+00
  2.63672E-01  1.57533E+00
  2.67578E-01  1.57098E+00
  2.71484E-01  1.56660E+00
  2.75391E-01  1.56221E+00
  2.79297E-01  1.55780E+00
  2.83203E-01  1.55338E+00
  2.87109E-01  1.54893E+00
  2.91016E-01  1.54446E+00
  2.94922E-01  1.53998E+00
  2.98828E-01  1.53548E+00
  3.02734E-01  1.53096E+00
  3.06641E-01  1.52642E+00
  3.10547E-01  1.52187E+00
  3.14453E-01  1.51729E+00
  3.18359E-01  1.51270E+00
  3.22266E-01  1.50809E+00
  3.26172E-01  1.50346E+00
  3.30078E-01  1.49881E+00
  3.33984E-01  1.49414E+00
  3.37891E-01  1.48945E+00
  3.41797E-01  1.48475E+00
  3.45703E-01  1.48002E+00
  3.49609E-01  1.47528E+00
  3.53516E-01  1.47052E+00
  3.57422E-01  1.46574E+00
  3.61328E-01  1.46094E+00
  3.65234E-01  1.45613E+00
  3.69141E-01  1.45129E+00
  3.73047E-01  1.44643E+00
  3.76953E-01  1.44156E+00
  3.80859E-01  1.43667E+00
  3.84766E-01  1.43175E+00
  3.88672E-01  1.42682E+00
  3.92578E-01  1.42187E+00
  3.96484E-01  1.41690E+00
  4.00391E-01  1.41191E+00
  4.04297E-01  1.40690E+00
  4.08203E-01  1.40188E+00
  4.12109E-01  1.39683E+00
  4.16016E-01  1.39176E+00
  4.19922E-01  1.38668E+00
  4.23828E-01  1.38158E+00
  4.27734E-01  1.37645E+00
  4.31641E-01  1.37131E+00
  4.35547E-01  1.36615E+00
  4.39453E-01  1.36096E+00
  4.43359E-01  1.35576E+00
  4.47266E-01  1.35054E+00
  4.51172E-01  1.34529E+00
  4.55078E-01  1.34003E+00
  4.58984E-01  1.33475E+00
  4.62891E-01  1.32945E+00
  4.66797E-01  1.32413E+00
  4.70703E-01  1.31879E+00
  4.74609E-01  1.31343E+00
  4.78516E-01  1.30805E+00
  4.82422E-01  1.30265E+00
  4.86328E-01  1.29723E+00
  4.90234E-01  1.29179E+00
  4.94141E-01  1.28633E+00
  4.98047E-01  1.28085E+00
  5.01953E-01  1.27535E+00
  5.05859E-01  1.26982E+00
  5.09766E-01  1.26428E+00
  5.13672E-01  1.25872E+00
  5.17578E-01  1.25314E+00
  5.21484E-01  1.24754E+00
  5.25391E-01  1.24192E+00
  5.29297E-01  1.23627E+00
  5.33203E-01  1.23061E+00
  5.37109E-01  1.22492E+00
  5.41016E-01  1.21922E+00
  5.44922E-01  1.21349E+00
  5.48828E-01  1.20774E+00
  5.52734E-01  1.20197E+00
  5.56641E-01  1.19618E+00
  5.60547E-01  1.19037E+00
  5.64453E-01  1.18454E+00
  5.68359E-01  1.17868E+00
  5.72266E-01  1.17281E+00
  5.76172E-01  1.16691E+00
  5.80078E-01  1.16099E+00
  5.83984E-01  1.15505E+00
  5.87891E-01  1.14909E+00
  5.91797E-01  1.14311E+00
  5.95703E-01  1.13710E+00
  5.99609E-01  1.13108E+00
  6.03516E-01  1.12503E+00
  6.07422E-01  1.11896E+00
  6.11328E-01  1.11287E+00
  6.15234E-01  1.10676E+00
  6.19141E-01  1.10063E+00
  6.23047E-01  1.09448E+00
  6.26953E-01  1.08830E+00
  6.30859E-01  1.08211E+00
  6.34766E-01  1.07589E+00
  6.38672E-01  1.06965E+00
  6.42578E-01  1.06339E+00
  6.46484E-01  1.05710E+00
  6.50391E-01  1.05079E+00
  6.54297E-01  1.04446E+00
  6.58203E-01  1.03811E+00
  6.62109E-01  1.03174E+00
  6.66016E-01  1.02534E+00
  6.69922E-01  1.01892E+00
  6.73828E-01  1.01248E+00
  6.77734E-01  1.00602E+00
  6.81641E-01  9.99536E-01
  6.85547E-01  9.93030E-01
  6.89453E-01  9.86502E-01
  6.93359E-01  9.79952E-01
  6.97266E-01  9.73380E-01
  7.01172E-01  9.66785E-01
  7.05078E-01  9.60168E-01
  7.08984E-01  9.53531E-01
  7.12891E-01  9.46873E-01
  7.16797E-01  9.40193E-01
  7.20703E-01  9.33491E-01
  7.24609E-01  9.26768E-01
  7.28516E-01  9.20022E-01
  7.32422E-01  9.13255E-01
  7.36328E-01  9.06469E-01
  7.40234E-01  8.99663E-01
  7.44141E-01  8.92836E-01
  7.48047E-01  8.85989E-01
  7.51953E-01  8.79122E-01
  7.55859E-01  8.72235E-01
  7.59766E-01  8.65330E-01
  7.63672E-01  8.58405E-01
  7.67578E-01  8.51460E-01
  7.71484E-01  8.44498E-01
  7.75391E-01  8.37516E-01
  7.79297E-01  8.30517E-01
  7.83203E-01  8.23502E-01
  7.87109E-01  8.16471E-01
  7.91016E-01  8.09425E-01
  7.94922E-01  8.02363E-01
  7.98828E-01  7.95286E-01
  8.02734E-01  7.88197E-01
  8.06641E-01  7.81095E-01
  8.10547E-01  7.73981E-01
  8.14453E-01  7.66858E-01
  8.18359E-01  7.59724E-01
  8.22266E-01  7.52584E-01
  8.26172E-01  7.45435E-01
  8.30078E-01  7.38276E-01
  8.33984E-01  7.31111E-01
  8.37891E-01  7.23941E-01
  8.41797E-01  7.16766E-01
  8.45703E-01  7.09590E-01
  8.49609E-01  7.02418E-01
  8.53516E-01  6.95248E-01
  8.57422E-01  6.88085E-01
  8.61328E-01  6.80924E-01
  8.65234E-01  6.73772E-01
  8.69141E-01  6.66631E-01
  8.73047E-01  6.59503E-01
  8.76953E-01  6.52393E-01
  8.80859E-01  6.45310E-01
  8.84766E-01  6.38255E-01
  8.88672E-01  6.31227E-01
  8.92578E-01  6.24229E-01
  8.96484E-01  6.17268E-01
  9.00391E-01  6.10351E-01
  9.04297E-01  6.03482E-01
  9.08203E-01  5.96670E-01
  9.12109E-01  5.89915E-01
  9.16016E-01  5.83217E-01
  9.19922E-01  5.76587E-01
  9.23828E-01  5.70031E-01
  9.27734E-01  5.63562E-01
  9.31641E-01  5.57180E-01
  9.35547E-01  5.50901E-01
  9.39453E-01  5.44720E-01
  9.43359E-01  5.38658E-01
  9.47266E-01  5.32708E-01
  9.51172E-01  5.26897E-01
  9.55078E-01  5.21231E-01
  9.58984E-01  5.15718E-01
  9.62891E-01  5.10359E-01
  9.66797E-01  5.05175E-01
  9.70703E-01  5.00177E-01
  9.74609E-01  4.95375E-01
  9.78516E-01  4.90785E-01
  9.82422E-01  4.86417E-01
  9.86328E-01  4.82278E-01
  9.90234E-01  4.78372E-01
  9.94141E-01  4.74717E-01
  9.98047E-01  4.71313E-01
  1.00195E+00  4.71321E-01
