 -1.95312E-03  1.82654E+00
  1.95312E-03  1.82742E+00
  5.85938E-03  1.82334E+00
  9.76562E-03  1.81996E+00
  1.36719E-02  1.81669E+00
  1.75781E-02  1.81344E+00
  2.14844E-02  1.81019E+00
  2.53906E-02  1.80694E+00
  2.92969E-02  1.80367E+00
  3.32031E-02  1.80039E+00
  3.71094E-02  1.79709E+00
  4.10156E-02  1.79378E+00
  4.49219E-02  1.79045E+00
  4.88281E-02  1.78710E+00
  5.27344E-02  1.78373E+00
  5.66406E-02  1.78035E+00
  6.05469E-02  1.77695E+00
  6.44531E-02  1.77353E+00
  6.83594E-02  1.77010E+00
  7.22656E-02  1.76665E+00
  7.61719E-02  1.76318E+00
  8.00781E-02  1.75969E+00
  8.39844E-02  1.75618E+00
  8.78906E-02  1.75266E+00
  9.17969E-02  1.74912E+00
  9.57031E-02  1.74556E+00
  9.96094E-02  1.74198E+00
  1.03516E-01  1.73838E+00
  1.07422E-01  1.73477E+00
  1.11328E-01  1.73114E+00
  1.15234E-01  1.72749E+00
  1.19141E-01  1.72382E+00
  1.23047E-01  1.72013E+00
  1.26953E-01  1.71643E+00
  1.30859E-01  1.71271E+00
  1.34766E-01  1.70897E+00
  1.38672E-01  1.70522E+00
  1.42578E-01  1.70144E+00
  1.46484E-01  1.69765E+00
  1.50391E-01  1.69384E+00
  1.54297E-01  1.69001E+00
  1.58203E-01  1.68616E+00
  1.62109E-01  1.68230E+00
  1.66016E-01  1.67841E+00
  1.69922E-01  1.67451E+00
  1.73828E-01  1.67060E+00
  1.77734E-01  1.66666E+00
  1.81641E-01  1.66270E+00
  1.85547E-01  1.65873E+00
  1.89453E-01  1.65474E+00
  1.93359E-01  1.65073E+00
  1.97266E-01  1.64671E+00
  2.01172E-01  1.64266E+00
  2.05078E-01  1.63860E+00
  2.08984E-01  1.63452E+00
  2.12891E-01  1.63042E+00
  2.16797E-01  1.62630E+00
  2.20703E-01  1.62216E+00
  2.24609E-01  1.61801E+00
  2.28516E-01  1.61384E+00
  2.32422E-01  1.60965E+00
  2.36328E-01  1.60544E+00
  2.40234E-01  1.60121E+00
  2.44141E-01  1.59697E+00
  2.48047E-01  1.59270E+00
  2.51953E-01  1.58842E+00
  2.55859E-01  1.58412E+00
  2.59766E-01  1.57980E+00
  2.63672E-01  1.57547E+00
  2.67578E-01  1.57111E+00
  2.71484E-01  1.56674E+00
  2.75391E-01  1.56235E+00
  2.79297E-01  1.55794E+00
  2.83203E-01  1.55351E+00
  2.87109E-01  1.54906E+00
  2.91016E-01  1.54460E+00
  2.94922E-01  1.54011E+00
  2.98828E-01  1.53561E+00
  3.02734E-01  1.53109E+00
  3.06641E-01  1.52655E+00
  3.10547E-01  1.52200E+00
  3.14453E-01  1.51742E+00
  3.18359E-01  1.51283E+00
  3.22266E-01  1.50822E+00
  3.26172E-01  1.50359E+00
  3.30078E-01  1.49894E+00
  3.33984E-01  1.49427E+00
  3.37891E-01  1.48958E+00
  3.41797E-01  1.48487E+00
  3.45703E-01  1.48015E+00
  3.49609E-01  1.47541E+00
  3.53516E-01  1.47065E+00
  3.57422E-01  1.46586E+00
  3.61328E-01  1.46107E+00
  3.65234E-01  1.45625E+00
  3.69141E-01  1.45141E+00
  3.73047E-01  1.44655E+00
  3.76953E-01  1.44168E+00
  3.80859E-01  1.43678E+00
  3.84766E-01  1.43187E+00
  3.88672E-01  1.42694E+00
  3.92578E-01  1.42199E+00
  3.96484E-01  1.41702E+00
  4.00391E-01  1.41203E+00
  4.04297E-01  1.40702E+00
  4.08203E-01  1.40199E+00
  4.12109E-01  1.39694E+00
  4.16016E-01  1.39188E+00
  4.19922E-01  1.38679E+00
  4.23828E-01  1.38168E+00
  4.27734E-01  1.37656E+00
  4.31641E-01  1.37142E+00
  4.35547E-01  1.36625E+00
  4.39453E-01  1.36107E+00
  4.43359E-01  1.35586E+00
  4.47266E-01  1.35064E+00
  4.51172E-01  1.34540E+00
  4.55078E-01  1.34013E+00
  4.58984E-01  1.33485E+00
  4.62891E-01  1.32955E+00
  4.66797E-01  1.32423E+00
  4.70703E-01  1.31889E+00
  4.74609E-01  1.31352E+00
  4.78516E-01  1.30814E+00
  4.82422E-01  1.30274E+00
  4.86328E-01  1.29732E+00
  4.90234E-01  1.29188E+00
  4.94141E-01  1.28641E+00
  4.98047E-01  1.28093E+00
  5.01953E-01  1.27543E+00
  5.05859E-01  1.26991E+00
  5.09766E-01  1.26436E+00
  5.13672E-01  1.25880E+00
  5.17578E-01  1.25321E+00
  5.21484E-01  1.24761E+00
  5.25391E-01  1.24199E+00
  5.29297E-01  1.23634E+00
  5.33203E-01  1.23068E+00
  5.37109E-01  1.22499E+00
  5.41016E-01  1.21928E+00
  5.44922E-01  1.21355E+00
  5.48828E-01  1.20780E+00
  5.52734E-01  1.20203E+00
  5.56641E-01  1.19624E+00
  5.60547E-01  1.19043E+00
  5.64453E-01  1.18459E+00
  5.68359E-01  1.17874E+00
  5.72266E-01  1.17286E+00
  5.76172E-01  1.16696E+00
  5.80078E-01  1.16104E+00
  5.83984E-01  1.15509E+00
  5.87891E-01  1.14913E+00
  5.91797E-01  1.14315E+00
  5.95703E-01  1.13714E+00
  5.99609E-01  1.13112E+00
  6.03516E-01  1.12507E+00
  6.07422E-01  1.11900E+00
  6.11328E-01  1.11291E+00
  6.15234E-01  1.10680E+00
  6.19141E-01  1.10067E+00
  6.23047E-01  1.09451E+00
  6.26953E-01  1.08833E+00
  6.30859E-01  1.08214E+00
  6.34766E-01  1.07591E+00
  6.38672E-01  1.06967E+00
  6.42578E-01  1.06341E+00
  6.46484E-01  1.05712E+00
  6.50391E-01  1.05081E+00
  6.54297E-01  1.04448E+00
  6.58203E-01  1.03812E+00
  6.62109E-01  1.03175E+00
  6.66016E-01  1.02535E+00
  6.69922E-01  1.01893E+00
  6.73828E-01  1.01248E+00
  6.77734E-01  1.00602E+00
  6.81641E-01  9.99532E-01
  6.85547E-01  9.93022E-01
  6.89453E-01  9.86493E-01
  6.93359E-01  9.79941E-01
  6.97266E-01  9.73366E-01
  7.01172E-01  9.66769E-01
  7.05078E-01  9.60151E-01
  7.08984E-01  9.53512E-01
  7.12891E-01  9.46850E-01
  7.16797E-01  9.40169E-01
  7.20703E-01  9.33465E-01
  7.24609E-01  9.26739E-01
  7.28516E-01  9.19991E-01
  7.32422E-01  9.13222E-01
  7.36328E-01  9.06432E-01
  7.40234E-01  8.99624E-01
  7.44141E-01  8.92795E-01
  7.48047E-01  8.85946E-01
  7.51953E-01  8.79078E-01
  7.55859E-01  8.72189E-01
  7.59766E-01  8.65280E-01
  7.63672E-01  8.58353E-01
  7.67578E-01  8.51407E-01
  7.71484E-01  8.44441E-01
  7.75391E-01  8.37457E-01
  7.79297E-01  8.30454E-01
  7.83203E-01  8.23437E-01
  7.87109E-01  8.16404E-01
  7.91016E-01  8.09355E-01
  7.94922E-01  8.02289E-01
  7.98828E-01  7.95213E-01
  8.02734E-01  7.88119E-01
  8.06641E-01  7.81013E-01
  8.10547E-01  7.73895E-01
  8.14453E-01  7.66766E-01
  8.18359E-01  7.59624E-01
  8.22266E-01  7.52476E-01
  8.26172E-01  7.45321E-01
  8.30078E-01  7.38159E-01
  8.33984E-01  7.30991E-01
  8.37891E-01  7.23819E-01
  8.41797E-01  7.16642E-01
  8.45703E-01  7.09467E-01
  8.49609E-01  7.02293E-01
  8.53516E-01  6.95119E-01
  8.57422E-01  6.87950E-01
  8.61328E-01  6.80788E-01
  8.65234E-01  6.73632E-01
  8.69141E-01  6.66493E-01
  8.73047E-01  6.59365E-01
  8.76953E-01  6.52255E-01
  8.80859E-01  6.45171E-01
  8.84766E-01  6.38117E-01
  8.88672E-01  6.31094E-01
  8.92578E-01  6.24094E-01
  8.96484E-01  6.17136E-01
  9.00391E-01  6.10215E-01
  9.04297E-01  6.03341E-01
  9.08203E-01  5.96521E-01
  9.12109E-01  5.89751E-01
  9.16016E-01  5.83047E-01
  9.19922E-01  5.76408E-01
  9.23828E-01  5.69846E-01
  9.27734E-01  5.63377E-01
  9.31641E-01  5.56988E-01
  9.35547E-01  5.50703E-01
  9.39453E-01  5.44520E-01
  9.43359E-01  5.38455E-01
  9.47266E-01  5.32507E-01
  9.51172E-01  5.26685E-01
  9.55078E-01  5.21013E-01
  9.58984E-01  5.15493E-01
  9.62891E-01  5.10134E-01
  9.66797E-01  5.04939E-01
  9.70703E-01  4.99936E-01
  9.74609E-01  4.95137E-01
  9.78516E-01  4.90540E-01
  9.82422E-01  4.86161E-01
  9.86328E-01  4.82013E-01
  9.90234E-01  4.78103E-01
  9.94141E-01  4.74448E-01
  9.98047E-01  4.71037E-01
  1.00195E+00  4.71045E-01
