 -1.95312E-03  1.82680E+00
  1.95312E-03  1.82769E+00
  5.85938E-03  1.82361E+00
  9.76562E-03  1.82023E+00
  1.36719E-02  1.81696E+00
  1.75781E-02  1.81371E+00
  2.14844E-02  1.81046E+00
  2.53906E-02  1.80721E+00
  2.92969E-02  1.80394E+00
  3.32031E-02  1.80066E+00
  3.71094E-02  1.79736E+00
  4.10156E-02  1.79405E+00
  4.49219E-02  1.79072E+00
  4.88281E-02  1.78737E+00
  5.27344E-02  1.78400E+00
  5.66406E-02  1.78062E+00
  6.05469E-02  1.77722E+00
  6.44531E-02  1.77380E+00
  6.83594E-02  1.77037E+00
  7.22656E-02  1.76692E+00
  7.61719E-02  1.76345E+00
  8.00781E-02  1.75996E+00
  8.39844E-02  1.75645E+00
  8.78906E-02  1.75293E+00
  9.17969E-02  1.74938E+00
  9.57031E-02  1.74582E+00
  9.96094E-02  1.74225E+00
  1.03516E-01  1.73865E+00
  1.07422E-01  1.73504E+00
  1.11328E-01  1.73140E+00
  1.15234E-01  1.72775E+00
  1.19141E-01  1.72409E+00
  1.23047E-01  1.72040E+00
  1.26953E-01  1.71670E+00
  1.30859E-01  1.71298E+00
  1.34766E-01  1.70924E+00
  1.38672E-01  1.70548E+00
  1.42578E-01  1.70171E+00
  1.46484E-01  1.69791E+00
  1.50391E-01  1.69410E+00
  1.54297E-01  1.69027E+00
  1.58203E-01  1.68643E+00
  1.62109E-01  1.68256E+00
  1.66016E-01  1.67868E+00
  1.69922E-01  1.67478E+00
  1.73828E-01  1.67086E+00
  1.77734E-01  1.66692E+00
  1.81641E-01  1.66297E+00
  1.85547E-01  1.65899E+00
  1.89453E-01  1.65500E+00
  1.93359E-01  1.65099E+00
  1.97266E-01  1.64696E+00
  2.01172E-01  1.64292E+00
  2.05078E-01  1.63885E+00
  2.08984E-01  1.63477E+00
  2.12891E-01  1.63067E+00
  2.16797E-01  1.62655E+00
  2.20703E-01  1.62242E+00
  2.24609E-01  1.61826E+00
  2.28516E-01  1.61409E+00
  2.32422E-01  1.60990E+00
  2.36328E-01  1.60569E+00
  2.40234E-01  1.60147E+00
  2.44141E-01  1.59722E+00
  2.48047E-01  1.59296E+00
  2.51953E-01  1.58867E+00
  2.55859E-01  1.58437E+00
  2.59766E-01  1.58006E+00
  2.63672E-01  1.57572E+00
  2.67578E-01  1.57136E+00
  2.71484E-01  1.56699E+00
  2.75391E-01  1.56260E+00
  2.79297E-01  1.55819E+00
  2.83203E-01  1.55376E+00
  2.87109E-01  1.54931E+00
  2.91016E-01  1.54485E+00
  2.94922E-01  1.54036E+00
  2.98828E-01  1.53586E+00
  3.02734E-01  1.53134E+00
  3.06641E-01  1.52680E+00
  3.10547E-01  1.52224E+00
  3.14453E-01  1.51767E+00
  3.18359E-01  1.51307E+00
  3.22266E-01  1.50846E+00
  3.26172E-01  1.50383E+00
  3.30078E-01  1.49918E+00
  3.33984E-01  1.49451E+00
  3.37891E-01  1.48982E+00
  3.41797E-01  1.48511E+00
  3.45703E-01  1.48039E+00
  3.49609E-01  1.47564E+00
  3.53516E-01  1.47088E+00
  3.57422E-01  1.46610E+00
  3.61328E-01  1.46130E+00
  3.65234E-01  1.45648E+00
  3.69141E-01  1.45164E+00
  3.73047E-01  1.44678E+00
  3.76953E-01  1.44191E+00
  3.80859E-01  1.43701E+00
  3.84766E-01  1.43209E+00
  3.88672E-01  1.42716E+00
  3.92578E-01  1.42221E+00
  3.96484E-01  1.41724E+00
  4.00391E-01  1.41225E+00
  4.04297E-01  1.40724E+00
  4.08203E-01  1.40221E+00
  4.12109E-01  1.39716E+00
  4.16016E-01  1.39209E+00
  4.19922E-01  1.38700E+00
  4.23828E-01  1.38189E+00
  4.27734E-01  1.37677E+00
  4.31641E-01  1.37162E+00
  4.35547E-01  1.36645E+00
  4.39453E-01  1.36127E+00
  4.43359E-01  1.35606E+00
  4.47266E-01  1.35084E+00
  4.51172E-01  1.34559E+00
  4.55078E-01  1.34033E+00
  4.58984E-01  1.33504E+00
  4.62891E-01  1.32974E+00
  4.66797E-01  1.32442E+00
  4.70703E-01  1.31907E+00
  4.74609E-01  1.31371E+00
  4.78516E-01  1.30832E+00
  4.82422E-01  1.30292E+00
  4.86328E-01  1.29750E+00
  4.90234E-01  1.29205E+00
  4.94141E-01  1.28659E+00
  4.98047E-01  1.28110E+00
  5.01953E-01  1.27559E+00
  5.05859E-01  1.27007E+00
  5.09766E-01  1.26452E+00
  5.13672E-01  1.25896E+00
  5.17578E-01  1.25337E+00
  5.21484E-01  1.24776E+00
  5.25391E-01  1.24213E+00
  5.29297E-01  1.23649E+00
  5.33203E-01  1.23082E+00
  5.37109E-01  1.22512E+00
  5.41016E-01  1.21941E+00
  5.44922E-01  1.21368E+00
  5.48828E-01  1.20793E+00
  5.52734E-01  1.20215E+00
  5.56641E-01  1.19636E+00
  5.60547E-01  1.19054E+00
  5.64453E-01  1.18470E+00
  5.68359E-01  1.17884E+00
  5.72266E-01  1.17296E+00
  5.76172E-01  1.16706E+00
  5.80078E-01  1.16114E+00
  5.83984E-01  1.15519E+00
  5.87891E-01  1.14922E+00
  5.91797E-01  1.14324E+00
  5.95703E-01  1.13723E+00
  5.99609E-01  1.13120E+00
  6.03516E-01  1.12515E+00
  6.07422E-01  1.11908E+00
  6.11328E-01  1.11299E+00
  6.15234E-01  1.10687E+00
  6.19141E-01  1.10073E+00
  6.23047E-01  1.09458E+00
  6.26953E-01  1.08839E+00
  6.30859E-01  1.08219E+00
  6.34766E-01  1.07597E+00
  6.38672E-01  1.06972E+00
  6.42578E-01  1.06346E+00
  6.46484E-01  1.05717E+00
  6.50391E-01  1.05085E+00
  6.54297E-01  1.04452E+00
  6.58203E-01  1.03816E+00
  6.62109E-01  1.03178E+00
  6.66016E-01  1.02537E+00
  6.69922E-01  1.01895E+00
  6.73828E-01  1.01250E+00
  6.77734E-01  1.00603E+00
  6.81641E-01  9.99538E-01
  6.85547E-01  9.93025E-01
  6.89453E-01  9.86491E-01
  6.93359E-01  9.79933E-01
  6.97266E-01  9.73354E-01
  7.01172E-01  9.66753E-01
  7.05078E-01  9.60129E-01
  7.08984E-01  9.53484E-01
  7.12891E-01  9.46817E-01
  7.16797E-01  9.40130E-01
  7.20703E-01  9.33421E-01
  7.24609E-01  9.26692E-01
  7.28516E-01  9.19939E-01
  7.32422E-01  9.13166E-01
  7.36328E-01  9.06372E-01
  7.40234E-01  8.99558E-01
  7.44141E-01  8.92722E-01
  7.48047E-01  8.85867E-01
  7.51953E-01  8.78993E-01
  7.55859E-01  8.72099E-01
  7.59766E-01  8.65185E-01
  7.63672E-01  8.58251E-01
  7.67578E-01  8.51299E-01
  7.71484E-01  8.44329E-01
  7.75391E-01  8.37341E-01
  7.79297E-01  8.30336E-01
  7.83203E-01  8.23313E-01
  7.87109E-01  8.16273E-01
  7.91016E-01  8.09216E-01
  7.94922E-01  8.02144E-01
  7.98828E-01  7.95059E-01
  8.02734E-01  7.87960E-01
  8.06641E-01  7.80849E-01
  8.10547E-01  7.73726E-01
  8.14453E-01  7.66592E-01
  8.18359E-01  7.59446E-01
  8.22266E-01  7.52291E-01
  8.26172E-01  7.45130E-01
  8.30078E-01  7.37960E-01
  8.33984E-01  7.30785E-01
  8.37891E-01  7.23605E-01
  8.41797E-01  7.16418E-01
  8.45703E-01  7.09231E-01
  8.49609E-01  7.02047E-01
  8.53516E-01  6.94863E-01
  8.57422E-01  6.87684E-01
  8.61328E-01  6.80508E-01
  8.65234E-01  6.73339E-01
  8.69141E-01  6.66185E-01
  8.73047E-01  6.59047E-01
  8.76953E-01  6.51928E-01
  8.80859E-01  6.44831E-01
  8.84766E-01  6.37763E-01
  8.88672E-01  6.30724E-01
  8.92578E-01  6.23713E-01
  8.96484E-01  6.16739E-01
  9.00391E-01  6.09809E-01
  9.04297E-01  6.02927E-01
  9.08203E-01  5.96098E-01
  9.12109E-01  5.89318E-01
  9.16016E-01  5.82605E-01
  9.19922E-01  5.75956E-01
  9.23828E-01  5.69382E-01
  9.27734E-01  5.62895E-01
  9.31641E-01  5.56498E-01
  9.35547E-01  5.50193E-01
  9.39453E-01  5.43995E-01
  9.43359E-01  5.37922E-01
  9.47266E-01  5.31961E-01
  9.51172E-01  5.26134E-01
  9.55078E-01  5.20454E-01
  9.58984E-01  5.14927E-01
  9.62891E-01  5.09562E-01
  9.66797E-01  5.04366E-01
  9.70703E-01  4.99350E-01
  9.74609E-01  4.94532E-01
  9.78516E-01  4.89921E-01
  9.82422E-01  4.85534E-01
  9.86328E-01  4.81390E-01
  9.90234E-01  4.77490E-01
  9.94141E-01  4.73827E-01
  9.98047E-01  4.70420E-01
  1.00195E+00  4.70428E-01
