 -1.95312E-03  1.82644E+00
  1.95312E-03  1.82733E+00
  5.85938E-03  1.82325E+00
  9.76562E-03  1.81987E+00
  1.36719E-02  1.81660E+00
  1.75781E-02  1.81335E+00
  2.14844E-02  1.81010E+00
  2.53906E-02  1.80685E+00
  2.92969E-02  1.80358E+00
  3.32031E-02  1.80030E+00
  3.71094E-02  1.79700E+00
  4.10156E-02  1.79368E+00
  4.49219E-02  1.79035E+00
  4.88281E-02  1.78701E+00
  5.27344E-02  1.78364E+00
  5.66406E-02  1.78026E+00
  6.05469E-02  1.77686E+00
  6.44531E-02  1.77344E+00
  6.83594E-02  1.77000E+00
  7.22656E-02  1.76655E+00
  7.61719E-02  1.76308E+00
  8.00781E-02  1.75959E+00
  8.39844E-02  1.75609E+00
  8.78906E-02  1.75256E+00
  9.17969E-02  1.74902E+00
  9.57031E-02  1.74546E+00
  9.96094E-02  1.74188E+00
  1.03516E-01  1.73829E+00
  1.07422E-01  1.73467E+00
  1.11328E-01  1.73104E+00
  1.15234E-01  1.72739E+00
  1.19141E-01  1.72372E+00
  1.23047E-01  1.72004E+00
  1.26953E-01  1.71634E+00
  1.30859E-01  1.71261E+00
  1.34766E-01  1.70888E+00
  1.38672E-01  1.70512E+00
  1.42578E-01  1.70135E+00
  1.46484E-01  1.69755E+00
  1.50391E-01  1.69374E+00
  1.54297E-01  1.68991E+00
  1.58203E-01  1.68607E+00
  1.62109E-01  1.68220E+00
  1.66016E-01  1.67832E+00
  1.69922E-01  1.67442E+00
  1.73828E-01  1.67050E+00
  1.77734E-01  1.66656E+00
  1.81641E-01  1.66261E+00
  1.85547E-01  1.65864E+00
  1.89453E-01  1.65465E+00
  1.93359E-01  1.65064E+00
  1.97266E-01  1.64661E+00
  2.01172E-01  1.64257E+00
  2.05078E-01  1.63850E+00
  2.08984E-01  1.63442E+00
  2.12891E-01  1.63032E+00
  2.16797E-01  1.62621E+00
  2.20703E-01  1.62207E+00
  2.24609E-01  1.61792E+00
  2.28516E-01  1.61375E+00
  2.32422E-01  1.60956E+00
  2.36328E-01  1.60535E+00
  2.40234E-01  1.60112E+00
  2.44141E-01  1.59688E+00
  2.48047E-01  1.59261E+00
  2.51953E-01  1.58833E+00
  2.55859E-01  1.58403E+00
  2.59766E-01  1.57971E+00
  2.63672E-01  1.57538E+00
  2.67578E-01  1.57102E+00
  2.71484E-01  1.56665E+00
  2.75391E-01  1.56226E+00
  2.79297E-01  1.55785E+00
  2.83203E-01  1.55342E+00
  2.87109E-01  1.54898E+00
  2.91016E-01  1.54451E+00
  2.94922E-01  1.54003E+00
  2.98828E-01  1.53553E+00
  3.02734E-01  1.53101E+00
  3.06641E-01  1.52647E+00
  3.10547E-01  1.52191E+00
  3.14453E-01  1.51734E+00
  3.18359E-01  1.51274E+00
  3.22266E-01  1.50813E+00
  3.26172E-01  1.50350E+00
  3.30078E-01  1.49885E+00
  3.33984E-01  1.49418E+00
  3.37891E-01  1.48950E+00
  3.41797E-01  1.48479E+00
  3.45703E-01  1.48007E+00
  3.49609E-01  1.47533E+00
  3.53516E-01  1.47056E+00
  3.57422E-01  1.46579E+00
  3.61328E-01  1.46099E+00
  3.65234E-01  1.45617E+00
  3.69141E-01  1.45133E+00
  3.73047E-01  1.44648E+00
  3.76953E-01  1.44160E+00
  3.80859E-01  1.43671E+00
  3.84766E-01  1.43179E+00
  3.88672E-01  1.42686E+00
  3.92578E-01  1.42191E+00
  3.96484E-01  1.41694E+00
  4.00391E-01  1.41195E+00
  4.04297E-01  1.40694E+00
  4.08203E-01  1.40192E+00
  4.12109E-01  1.39687E+00
  4.16016E-01  1.39180E+00
  4.19922E-01  1.38672E+00
  4.23828E-01  1.38161E+00
  4.27734E-01  1.37649E+00
  4.31641E-01  1.37135E+00
  4.35547E-01  1.36618E+00
  4.39453E-01  1.36100E+00
  4.43359E-01  1.35579E+00
  4.47266E-01  1.35057E+00
  4.51172E-01  1.34533E+00
  4.55078E-01  1.34007E+00
  4.58984E-01  1.33479E+00
  4.62891E-01  1.32949E+00
  4.66797E-01  1.32417E+00
  4.70703E-01  1.31883E+00
  4.74609E-01  1.31347E+00
  4.78516E-01  1.30808E+00
  4.82422E-01  1.30268E+00
  4.86328E-01  1.29726E+00
  4.90234E-01  1.29182E+00
  4.94141E-01  1.28636E+00
  4.98047E-01  1.28088E+00
  5.01953E-01  1.27538E+00
  5.05859E-01  1.26986E+00
  5.09766E-01  1.26431E+00
  5.13672E-01  1.25875E+00
  5.17578E-01  1.25317E+00
  5.21484E-01  1.24756E+00
  5.25391E-01  1.24194E+00
  5.29297E-01  1.23630E+00
  5.33203E-01  1.23063E+00
  5.37109E-01  1.22495E+00
  5.41016E-01  1.21924E+00
  5.44922E-01  1.21351E+00
  5.48828E-01  1.20776E+00
  5.52734E-01  1.20199E+00
  5.56641E-01  1.19620E+00
  5.60547E-01  1.19039E+00
  5.64453E-01  1.18456E+00
  5.68359E-01  1.17870E+00
  5.72266E-01  1.17283E+00
  5.76172E-01  1.16693E+00
  5.80078E-01  1.16101E+00
  5.83984E-01  1.15507E+00
  5.87891E-01  1.14910E+00
  5.91797E-01  1.14312E+00
  5.95703E-01  1.13712E+00
  5.99609E-01  1.13109E+00
  6.03516E-01  1.12505E+00
  6.07422E-01  1.11898E+00
  6.11328E-01  1.11289E+00
  6.15234E-01  1.10678E+00
  6.19141E-01  1.10064E+00
  6.23047E-01  1.09449E+00
  6.26953E-01  1.08831E+00
  6.30859E-01  1.08212E+00
  6.34766E-01  1.07590E+00
  6.38672E-01  1.06966E+00
  6.42578E-01  1.06339E+00
  6.46484E-01  1.05711E+00
  6.50391E-01  1.05080E+00
  6.54297E-01  1.04447E+00
  6.58203E-01  1.03812E+00
  6.62109E-01  1.03174E+00
  6.66016E-01  1.02534E+00
  6.69922E-01  1.01892E+00
  6.73828E-01  1.01248E+00
  6.77734E-01  1.00602E+00
  6.81641E-01  9.99535E-01
  6.85547E-01  9.93028E-01
  6.89453E-01  9.86499E-01
  6.93359E-01  9.79948E-01
  6.97266E-01  9.73375E-01
  7.01172E-01  9.66779E-01
  7.05078E-01  9.60162E-01
  7.08984E-01  9.53523E-01
  7.12891E-01  9.46864E-01
  7.16797E-01  9.40183E-01
  7.20703E-01  9.33481E-01
  7.24609E-01  9.26756E-01
  7.28516E-01  9.20010E-01
  7.32422E-01  9.13243E-01
  7.36328E-01  9.06458E-01
  7.40234E-01  8.99651E-01
  7.44141E-01  8.92824E-01
  7.48047E-01  8.85977E-01
  7.51953E-01  8.79110E-01
  7.55859E-01  8.72222E-01
  7.59766E-01  8.65315E-01
  7.63672E-01  8.58389E-01
  7.67578E-01  8.51445E-01
  7.71484E-01  8.44482E-01
  7.75391E-01  8.37500E-01
  7.79297E-01  8.30500E-01
  7.83203E-01  8.23484E-01
  7.87109E-01  8.16452E-01
  7.91016E-01  8.09404E-01
  7.94922E-01  8.02340E-01
  7.98828E-01  7.95262E-01
  8.02734E-01  7.88170E-01
  8.06641E-01  7.81066E-01
  8.10547E-01  7.73952E-01
  8.14453E-01  7.66828E-01
  8.18359E-01  7.59692E-01
  8.22266E-01  7.52548E-01
  8.26172E-01  7.45399E-01
  8.30078E-01  7.38238E-01
  8.33984E-01  7.31071E-01
  8.37891E-01  7.23901E-01
  8.41797E-01  7.16725E-01
  8.45703E-01  7.09548E-01
  8.49609E-01  7.02370E-01
  8.53516E-01  6.95197E-01
  8.57422E-01  6.88031E-01
  8.61328E-01  6.80868E-01
  8.65234E-01  6.73716E-01
  8.69141E-01  6.66577E-01
  8.73047E-01  6.59452E-01
  8.76953E-01  6.52347E-01
  8.80859E-01  6.45271E-01
  8.84766E-01  6.38218E-01
  8.88672E-01  6.31196E-01
  8.92578E-01  6.24202E-01
  8.96484E-01  6.17242E-01
  9.00391E-01  6.10324E-01
  9.04297E-01  6.03448E-01
  9.08203E-01  5.96624E-01
  9.12109E-01  5.89848E-01
  9.16016E-01  5.83137E-01
  9.19922E-01  5.76499E-01
  9.23828E-01  5.69937E-01
  9.27734E-01  5.63466E-01
  9.31641E-01  5.57083E-01
  9.35547E-01  5.50796E-01
  9.39453E-01  5.44611E-01
  9.43359E-01  5.38547E-01
  9.47266E-01  5.32601E-01
  9.51172E-01  5.26783E-01
  9.55078E-01  5.21117E-01
  9.58984E-01  5.15605E-01
  9.62891E-01  5.10256E-01
  9.66797E-01  5.05077E-01
  9.70703E-01  5.00078E-01
  9.74609E-01  4.95268E-01
  9.78516E-01  4.90660E-01
  9.82422E-01  4.86275E-01
  9.86328E-01  4.82121E-01
  9.90234E-01  4.78208E-01
  9.94141E-01  4.74553E-01
  9.98047E-01  4.71152E-01
  1.00195E+00  4.71159E-01
