 -1.95312E-03  1.82630E+00
  1.95312E-03  1.82719E+00
  5.85938E-03  1.82311E+00
  9.76562E-03  1.81973E+00
  1.36719E-02  1.81645E+00
  1.75781E-02  1.81321E+00
  2.14844E-02  1.80996E+00
  2.53906E-02  1.80670E+00
  2.92969E-02  1.80344E+00
  3.32031E-02  1.80015E+00
  3.71094E-02  1.79686E+00
  4.10156E-02  1.79354E+00
  4.49219E-02  1.79021E+00
  4.88281E-02  1.78686E+00
  5.27344E-02  1.78350E+00
  5.66406E-02  1.78012E+00
  6.05469E-02  1.77672E+00
  6.44531E-02  1.77330E+00
  6.83594E-02  1.76986E+00
  7.22656E-02  1.76641E+00
  7.61719E-02  1.76294E+00
  8.00781E-02  1.75945E+00
  8.39844E-02  1.75595E+00
  8.78906E-02  1.75242E+00
  9.17969E-02  1.74888E+00
  9.57031E-02  1.74532E+00
  9.96094E-02  1.74174E+00
  1.03516E-01  1.73815E+00
  1.07422E-01  1.73454E+00
  1.11328E-01  1.73090E+00
  1.15234E-01  1.72725E+00
  1.19141E-01  1.72359E+00
  1.23047E-01  1.71990E+00
  1.26953E-01  1.71620E+00
  1.30859E-01  1.71248E+00
  1.34766E-01  1.70874E+00
  1.38672E-01  1.70498E+00
  1.42578E-01  1.70121E+00
  1.46484E-01  1.69741E+00
  1.50391E-01  1.69360E+00
  1.54297E-01  1.68977E+00
  1.58203E-01  1.68593E+00
  1.62109E-01  1.68206E+00
  1.66016E-01  1.67818E+00
  1.69922E-01  1.67428E+00
  1.73828E-01  1.67036E+00
  1.77734E-01  1.66643E+00
  1.81641E-01  1.66247E+00
  1.85547E-01  1.65850E+00
  1.89453E-01  1.65451E+00
  1.93359E-01  1.65050E+00
  1.97266E-01  1.64647E+00
  2.01172E-01  1.64243E+00
  2.05078E-01  1.63837E+00
  2.08984E-01  1.63428E+00
  2.12891E-01  1.63018E+00
  2.16797E-01  1.62607E+00
  2.20703E-01  1.62193E+00
  2.24609E-01  1.61778E+00
  2.28516E-01  1.61361E+00
  2.32422E-01  1.60942E+00
  2.36328E-01  1.60521E+00
  2.40234E-01  1.60098E+00
  2.44141E-01  1.59674E+00
  2.48047E-01  1.59248E+00
  2.51953E-01  1.58819E+00
  2.55859E-01  1.58390E+00
  2.59766E-01  1.57958E+00
  2.63672E-01  1.57524E+00
  2.67578E-01  1.57089E+00
  2.71484E-01  1.56652E+00
  2.75391E-01  1.56212E+00
  2.79297E-01  1.55772E+00
  2.83203E-01  1.55329E+00
  2.87109E-01  1.54884E+00
  2.91016E-01  1.54438E+00
  2.94922E-01  1.53989E+00
  2.98828E-01  1.53539E+00
  3.02734E-01  1.53087E+00
  3.06641E-01  1.52634E+00
  3.10547E-01  1.52178E+00
  3.14453E-01  1.51720E+00
  3.18359E-01  1.51261E+00
  3.22266E-01  1.50800E+00
  3.26172E-01  1.50337E+00
  3.30078E-01  1.49872E+00
  3.33984E-01  1.49405E+00
  3.37891E-01  1.48937E+00
  3.41797E-01  1.48466E+00
  3.45703E-01  1.47994E+00
  3.49609E-01  1.47520E+00
  3.53516E-01  1.47044E+00
  3.57422E-01  1.46566E+00
  3.61328E-01  1.46086E+00
  3.65234E-01  1.45604E+00
  3.69141E-01  1.45121E+00
  3.73047E-01  1.44635E+00
  3.76953E-01  1.44148E+00
  3.80859E-01  1.43658E+00
  3.84766E-01  1.43167E+00
  3.88672E-01  1.42674E+00
  3.92578E-01  1.42179E+00
  3.96484E-01  1.41682E+00
  4.00391E-01  1.41183E+00
  4.04297E-01  1.40683E+00
  4.08203E-01  1.40180E+00
  4.12109E-01  1.39675E+00
  4.16016E-01  1.39169E+00
  4.19922E-01  1.38660E+00
  4.23828E-01  1.38150E+00
  4.27734E-01  1.37638E+00
  4.31641E-01  1.37123E+00
  4.35547E-01  1.36607E+00
  4.39453E-01  1.36089E+00
  4.43359E-01  1.35569E+00
  4.47266E-01  1.35046E+00
  4.51172E-01  1.34522E+00
  4.55078E-01  1.33996E+00
  4.58984E-01  1.33468E+00
  4.62891E-01  1.32938E+00
  4.66797E-01  1.32407E+00
  4.70703E-01  1.31873E+00
  4.74609E-01  1.31337E+00
  4.78516E-01  1.30799E+00
  4.82422E-01  1.30259E+00
  4.86328E-01  1.29717E+00
  4.90234E-01  1.29173E+00
  4.94141E-01  1.28627E+00
  4.98047E-01  1.28079E+00
  5.01953E-01  1.27529E+00
  5.05859E-01  1.26977E+00
  5.09766E-01  1.26423E+00
  5.13672E-01  1.25867E+00
  5.17578E-01  1.25309E+00
  5.21484E-01  1.24749E+00
  5.25391E-01  1.24186E+00
  5.29297E-01  1.23622E+00
  5.33203E-01  1.23056E+00
  5.37109E-01  1.22487E+00
  5.41016E-01  1.21917E+00
  5.44922E-01  1.21344E+00
  5.48828E-01  1.20769E+00
  5.52734E-01  1.20192E+00
  5.56641E-01  1.19613E+00
  5.60547E-01  1.19032E+00
  5.64453E-01  1.18449E+00
  5.68359E-01  1.17864E+00
  5.72266E-01  1.17276E+00
  5.76172E-01  1.16687E+00
  5.80078E-01  1.16095E+00
  5.83984E-01  1.15501E+00
  5.87891E-01  1.14905E+00
  5.91797E-01  1.14307E+00
  5.95703E-01  1.13707E+00
  5.99609E-01  1.13104E+00
  6.03516E-01  1.12500E+00
  6.07422E-01  1.11893E+00
  6.11328E-01  1.11285E+00
  6.15234E-01  1.10674E+00
  6.19141E-01  1.10061E+00
  6.23047E-01  1.09446E+00
  6.26953E-01  1.08828E+00
  6.30859E-01  1.08209E+00
  6.34766E-01  1.07587E+00
  6.38672E-01  1.06963E+00
  6.42578E-01  1.06337E+00
  6.46484E-01  1.05709E+00
  6.50391E-01  1.05078E+00
  6.54297E-01  1.04445E+00
  6.58203E-01  1.03811E+00
  6.62109E-01  1.03173E+00
  6.66016E-01  1.02534E+00
  6.69922E-01  1.01892E+00
  6.73828E-01  1.01248E+00
  6.77734E-01  1.00602E+00
  6.81641E-01  9.99537E-01
  6.85547E-01  9.93032E-01
  6.89453E-01  9.86506E-01
  6.93359E-01  9.79959E-01
  6.97266E-01  9.73388E-01
  7.01172E-01  9.66795E-01
  7.05078E-01  9.60180E-01
  7.08984E-01  9.53545E-01
  7.12891E-01  9.46888E-01
  7.16797E-01  9.40210E-01
  7.20703E-01  9.33509E-01
  7.24609E-01  9.26787E-01
  7.28516E-01  9.20045E-01
  7.32422E-01  9.13282E-01
  7.36328E-01  9.06497E-01
  7.40234E-01  8.99692E-01
  7.44141E-01  8.92867E-01
  7.48047E-01  8.86023E-01
  7.51953E-01  8.79158E-01
  7.55859E-01  8.72272E-01
  7.59766E-01  8.65367E-01
  7.63672E-01  8.58442E-01
  7.67578E-01  8.51500E-01
  7.71484E-01  8.44539E-01
  7.75391E-01  8.37560E-01
  7.79297E-01  8.30563E-01
  7.83203E-01  8.23550E-01
  7.87109E-01  8.16522E-01
  7.91016E-01  8.09477E-01
  7.94922E-01  8.02414E-01
  7.98828E-01  7.95340E-01
  8.02734E-01  7.88249E-01
  8.06641E-01  7.81146E-01
  8.10547E-01  7.74034E-01
  8.14453E-01  7.66912E-01
  8.18359E-01  7.59778E-01
  8.22266E-01  7.52635E-01
  8.26172E-01  7.45486E-01
  8.30078E-01  7.38328E-01
  8.33984E-01  7.31165E-01
  8.37891E-01  7.23997E-01
  8.41797E-01  7.16824E-01
  8.45703E-01  7.09652E-01
  8.49609E-01  7.02482E-01
  8.53516E-01  6.95311E-01
  8.57422E-01  6.88146E-01
  8.61328E-01  6.80986E-01
  8.65234E-01  6.73836E-01
  8.69141E-01  6.66697E-01
  8.73047E-01  6.59571E-01
  8.76953E-01  6.52464E-01
  8.80859E-01  6.45384E-01
  8.84766E-01  6.38331E-01
  8.88672E-01  6.31305E-01
  8.92578E-01  6.24312E-01
  8.96484E-01  6.17354E-01
  9.00391E-01  6.10437E-01
  9.04297E-01  6.03568E-01
  9.08203E-01  5.96752E-01
  9.12109E-01  5.89985E-01
  9.16016E-01  5.83281E-01
  9.19922E-01  5.76649E-01
  9.23828E-01  5.70093E-01
  9.27734E-01  5.63627E-01
  9.31641E-01  5.57250E-01
  9.35547E-01  5.50968E-01
  9.39453E-01  5.44789E-01
  9.43359E-01  5.38731E-01
  9.47266E-01  5.32790E-01
  9.51172E-01  5.26980E-01
  9.55078E-01  5.21322E-01
  9.58984E-01  5.15818E-01
  9.62891E-01  5.10478E-01
  9.66797E-01  5.05302E-01
  9.70703E-01  5.00306E-01
  9.74609E-01  4.95506E-01
  9.78516E-01  4.90908E-01
  9.82422E-01  4.86528E-01
  9.86328E-01  4.82378E-01
  9.90234E-01  4.78465E-01
  9.94141E-01  4.74807E-01
  9.98047E-01  4.71393E-01
  1.00195E+00  4.71401E-01
