 -1.95312E-03  1.82647E+00
  1.95312E-03  1.82735E+00
  5.85938E-03  1.82327E+00
  9.76562E-03  1.81989E+00
  1.36719E-02  1.81662E+00
  1.75781E-02  1.81337E+00
  2.14844E-02  1.81013E+00
  2.53906E-02  1.80687E+00
  2.92969E-02  1.80360E+00
  3.32031E-02  1.80032E+00
  3.71094E-02  1.79702E+00
  4.10156E-02  1.79371E+00
  4.49219E-02  1.79038E+00
  4.88281E-02  1.78703E+00
  5.27344E-02  1.78367E+00
  5.66406E-02  1.78028E+00
  6.05469E-02  1.77688E+00
  6.44531E-02  1.77347E+00
  6.83594E-02  1.77003E+00
  7.22656E-02  1.76658E+00
  7.61719E-02  1.76311E+00
  8.00781E-02  1.75962E+00
  8.39844E-02  1.75611E+00
  8.78906E-02  1.75259E+00
  9.17969E-02  1.74905E+00
  9.57031E-02  1.74549E+00
  9.96094E-02  1.74191E+00
  1.03516E-01  1.73831E+00
  1.07422E-01  1.73470E+00
  1.11328E-01  1.73107E+00
  1.15234E-01  1.72742E+00
  1.19141E-01  1.72375E+00
  1.23047E-01  1.72007E+00
  1.26953E-01  1.71636E+00
  1.30859E-01  1.71264E+00
  1.34766E-01  1.70890E+00
  1.38672E-01  1.70515E+00
  1.42578E-01  1.70137E+00
  1.46484E-01  1.69758E+00
  1.50391E-01  1.69377E+00
  1.54297E-01  1.68994E+00
  1.58203E-01  1.68610E+00
  1.62109E-01  1.68223E+00
  1.66016E-01  1.67835E+00
  1.69922E-01  1.67445E+00
  1.73828E-01  1.67053E+00
  1.77734E-01  1.66659E+00
  1.81641E-01  1.66264E+00
  1.85547E-01  1.65867E+00
  1.89453E-01  1.65467E+00
  1.93359E-01  1.65067E+00
  1.97266E-01  1.64664E+00
  2.01172E-01  1.64259E+00
  2.05078E-01  1.63853E+00
  2.08984E-01  1.63445E+00
  2.12891E-01  1.63035E+00
  2.16797E-01  1.62623E+00
  2.20703E-01  1.62210E+00
  2.24609E-01  1.61795E+00
  2.28516E-01  1.61377E+00
  2.32422E-01  1.60958E+00
  2.36328E-01  1.60537E+00
  2.40234E-01  1.60115E+00
  2.44141E-01  1.59690E+00
  2.48047E-01  1.59264E+00
  2.51953E-01  1.58836E+00
  2.55859E-01  1.58406E+00
  2.59766E-01  1.57974E+00
  2.63672E-01  1.57541E+00
  2.67578E-01  1.57105E+00
  2.71484E-01  1.56668E+00
  2.75391E-01  1.56229E+00
  2.79297E-01  1.55788E+00
  2.83203E-01  1.55345E+00
  2.87109E-01  1.54900E+00
  2.91016E-01  1.54454E+00
  2.94922E-01  1.54005E+00
  2.98828E-01  1.53555E+00
  3.02734E-01  1.53103E+00
  3.06641E-01  1.52649E+00
  3.10547E-01  1.52194E+00
  3.14453E-01  1.51736E+00
  3.18359E-01  1.51277E+00
  3.22266E-01  1.50816E+00
  3.26172E-01  1.50353E+00
  3.30078E-01  1.49888E+00
  3.33984E-01  1.49421E+00
  3.37891E-01  1.48952E+00
  3.41797E-01  1.48482E+00
  3.45703E-01  1.48009E+00
  3.49609E-01  1.47535E+00
  3.53516E-01  1.47059E+00
  3.57422E-01  1.46581E+00
  3.61328E-01  1.46101E+00
  3.65234E-01  1.45619E+00
  3.69141E-01  1.45135E+00
  3.73047E-01  1.44650E+00
  3.76953E-01  1.44162E+00
  3.80859E-01  1.43673E+00
  3.84766E-01  1.43182E+00
  3.88672E-01  1.42688E+00
  3.92578E-01  1.42193E+00
  3.96484E-01  1.41696E+00
  4.00391E-01  1.41197E+00
  4.04297E-01  1.40696E+00
  4.08203E-01  1.40194E+00
  4.12109E-01  1.39689E+00
  4.16016E-01  1.39182E+00
  4.19922E-01  1.38674E+00
  4.23828E-01  1.38163E+00
  4.27734E-01  1.37651E+00
  4.31641E-01  1.37136E+00
  4.35547E-01  1.36620E+00
  4.39453E-01  1.36102E+00
  4.43359E-01  1.35581E+00
  4.47266E-01  1.35059E+00
  4.51172E-01  1.34535E+00
  4.55078E-01  1.34009E+00
  4.58984E-01  1.33481E+00
  4.62891E-01  1.32950E+00
  4.66797E-01  1.32418E+00
  4.70703E-01  1.31884E+00
  4.74609E-01  1.31348E+00
  4.78516E-01  1.30810E+00
  4.82422E-01  1.30270E+00
  4.86328E-01  1.29728E+00
  4.90234E-01  1.29184E+00
  4.94141E-01  1.28638E+00
  4.98047E-01  1.28089E+00
  5.01953E-01  1.27539E+00
  5.05859E-01  1.26987E+00
  5.09766E-01  1.26433E+00
  5.13672E-01  1.25876E+00
  5.17578E-01  1.25318E+00
  5.21484E-01  1.24758E+00
  5.25391E-01  1.24195E+00
  5.29297E-01  1.23631E+00
  5.33203E-01  1.23064E+00
  5.37109E-01  1.22496E+00
  5.41016E-01  1.21925E+00
  5.44922E-01  1.21352E+00
  5.48828E-01  1.20777E+00
  5.52734E-01  1.20200E+00
  5.56641E-01  1.19621E+00
  5.60547E-01  1.19040E+00
  5.64453E-01  1.18457E+00
  5.68359E-01  1.17871E+00
  5.72266E-01  1.17284E+00
  5.76172E-01  1.16694E+00
  5.80078E-01  1.16102E+00
  5.83984E-01  1.15507E+00
  5.87891E-01  1.14911E+00
  5.91797E-01  1.14313E+00
  5.95703E-01  1.13712E+00
  5.99609E-01  1.13110E+00
  6.03516E-01  1.12505E+00
  6.07422E-01  1.11898E+00
  6.11328E-01  1.11289E+00
  6.15234E-01  1.10678E+00
  6.19141E-01  1.10065E+00
  6.23047E-01  1.09450E+00
  6.26953E-01  1.08832E+00
  6.30859E-01  1.08212E+00
  6.34766E-01  1.07590E+00
  6.38672E-01  1.06966E+00
  6.42578E-01  1.06340E+00
  6.46484E-01  1.05711E+00
  6.50391E-01  1.05080E+00
  6.54297E-01  1.04447E+00
  6.58203E-01  1.03812E+00
  6.62109E-01  1.03174E+00
  6.66016E-01  1.02534E+00
  6.69922E-01  1.01892E+00
  6.73828E-01  1.01248E+00
  6.77734E-01  1.00602E+00
  6.81641E-01  9.99533E-01
  6.85547E-01  9.93025E-01
  6.89453E-01  9.86497E-01
  6.93359E-01  9.79946E-01
  6.97266E-01  9.73372E-01
  7.01172E-01  9.66776E-01
  7.05078E-01  9.60158E-01
  7.08984E-01  9.53518E-01
  7.12891E-01  9.46859E-01
  7.16797E-01  9.40178E-01
  7.20703E-01  9.33475E-01
  7.24609E-01  9.26751E-01
  7.28516E-01  9.20004E-01
  7.32422E-01  9.13239E-01
  7.36328E-01  9.06451E-01
  7.40234E-01  8.99643E-01
  7.44141E-01  8.92815E-01
  7.48047E-01  8.85967E-01
  7.51953E-01  8.79098E-01
  7.55859E-01  8.72211E-01
  7.59766E-01  8.65304E-01
  7.63672E-01  8.58378E-01
  7.67578E-01  8.51432E-01
  7.71484E-01  8.44466E-01
  7.75391E-01  8.37483E-01
  7.79297E-01  8.30482E-01
  7.83203E-01  8.23465E-01
  7.87109E-01  8.16434E-01
  7.91016E-01  8.09385E-01
  7.94922E-01  8.02319E-01
  7.98828E-01  7.95239E-01
  8.02734E-01  7.88148E-01
  8.06641E-01  7.81044E-01
  8.10547E-01  7.73929E-01
  8.14453E-01  7.66805E-01
  8.18359E-01  7.59669E-01
  8.22266E-01  7.52524E-01
  8.26172E-01  7.45369E-01
  8.30078E-01  7.38204E-01
  8.33984E-01  7.31035E-01
  8.37891E-01  7.23864E-01
  8.41797E-01  7.16688E-01
  8.45703E-01  7.09511E-01
  8.49609E-01  7.02339E-01
  8.53516E-01  6.95166E-01
  8.57422E-01  6.87995E-01
  8.61328E-01  6.80829E-01
  8.65234E-01  6.73674E-01
  8.69141E-01  6.66534E-01
  8.73047E-01  6.59410E-01
  8.76953E-01  6.52301E-01
  8.80859E-01  6.45216E-01
  8.84766E-01  6.38157E-01
  8.88672E-01  6.31125E-01
  8.92578E-01  6.24122E-01
  8.96484E-01  6.17155E-01
  9.00391E-01  6.10234E-01
  9.04297E-01  6.03360E-01
  9.08203E-01  5.96542E-01
  9.12109E-01  5.89778E-01
  9.16016E-01  5.83076E-01
  9.19922E-01  5.76444E-01
  9.23828E-01  5.69885E-01
  9.27734E-01  5.63416E-01
  9.31641E-01  5.57029E-01
  9.35547E-01  5.50745E-01
  9.39453E-01  5.44563E-01
  9.43359E-01  5.38498E-01
  9.47266E-01  5.32550E-01
  9.51172E-01  5.26734E-01
  9.55078E-01  5.21066E-01
  9.58984E-01  5.15554E-01
  9.62891E-01  5.10205E-01
  9.66797E-01  5.05023E-01
  9.70703E-01  5.00023E-01
  9.74609E-01  4.95216E-01
  9.78516E-01  4.90613E-01
  9.82422E-01  4.86230E-01
  9.86328E-01  4.82080E-01
  9.90234E-01  4.78171E-01
  9.94141E-01  4.74515E-01
  9.98047E-01  4.71115E-01
  1.00195E+00  4.71123E-01
