 -1.95312E-03  1.82635E+00
  1.95312E-03  1.82724E+00
  5.85938E-03  1.82316E+00
  9.76562E-03  1.81978E+00
  1.36719E-02  1.81651E+00
  1.75781E-02  1.81326E+00
  2.14844E-02  1.81001E+00
  2.53906E-02  1.80676E+00
  2.92969E-02  1.80349E+00
  3.32031E-02  1.80020E+00
  3.71094E-02  1.79691E+00
  4.10156E-02  1.79359E+00
  4.49219E-02  1.79026E+00
  4.88281E-02  1.78692E+00
  5.27344E-02  1.78355E+00
  5.66406E-02  1.78017E+00
  6.05469E-02  1.77677E+00
  6.44531E-02  1.77335E+00
  6.83594E-02  1.76992E+00
  7.22656E-02  1.76646E+00
  7.61719E-02  1.76299E+00
  8.00781E-02  1.75950E+00
  8.39844E-02  1.75600E+00
  8.78906E-02  1.75248E+00
  9.17969E-02  1.74893E+00
  9.57031E-02  1.74537E+00
  9.96094E-02  1.74180E+00
  1.03516E-01  1.73820E+00
  1.07422E-01  1.73459E+00
  1.11328E-01  1.73095E+00
  1.15234E-01  1.72731E+00
  1.19141E-01  1.72364E+00
  1.23047E-01  1.71995E+00
  1.26953E-01  1.71625E+00
  1.30859E-01  1.71253E+00
  1.34766E-01  1.70879E+00
  1.38672E-01  1.70503E+00
  1.42578E-01  1.70126E+00
  1.46484E-01  1.69747E+00
  1.50391E-01  1.69366E+00
  1.54297E-01  1.68983E+00
  1.58203E-01  1.68598E+00
  1.62109E-01  1.68211E+00
  1.66016E-01  1.67823E+00
  1.69922E-01  1.67433E+00
  1.73828E-01  1.67041E+00
  1.77734E-01  1.66648E+00
  1.81641E-01  1.66252E+00
  1.85547E-01  1.65855E+00
  1.89453E-01  1.65456E+00
  1.93359E-01  1.65055E+00
  1.97266E-01  1.64652E+00
  2.01172E-01  1.64248E+00
  2.05078E-01  1.63842E+00
  2.08984E-01  1.63433E+00
  2.12891E-01  1.63024E+00
  2.16797E-01  1.62612E+00
  2.20703E-01  1.62198E+00
  2.24609E-01  1.61783E+00
  2.28516E-01  1.61366E+00
  2.32422E-01  1.60947E+00
  2.36328E-01  1.60526E+00
  2.40234E-01  1.60103E+00
  2.44141E-01  1.59679E+00
  2.48047E-01  1.59253E+00
  2.51953E-01  1.58824E+00
  2.55859E-01  1.58394E+00
  2.59766E-01  1.57963E+00
  2.63672E-01  1.57529E+00
  2.67578E-01  1.57094E+00
  2.71484E-01  1.56657E+00
  2.75391E-01  1.56217E+00
  2.79297E-01  1.55776E+00
  2.83203E-01  1.55334E+00
  2.87109E-01  1.54889E+00
  2.91016E-01  1.54443E+00
  2.94922E-01  1.53994E+00
  2.98828E-01  1.53544E+00
  3.02734E-01  1.53092E+00
  3.06641E-01  1.52638E+00
  3.10547E-01  1.52183E+00
  3.14453E-01  1.51725E+00
  3.18359E-01  1.51266E+00
  3.22266E-01  1.50805E+00
  3.26172E-01  1.50342E+00
  3.30078E-01  1.49877E+00
  3.33984E-01  1.49410E+00
  3.37891E-01  1.48941E+00
  3.41797E-01  1.48471E+00
  3.45703E-01  1.47999E+00
  3.49609E-01  1.47524E+00
  3.53516E-01  1.47048E+00
  3.57422E-01  1.46570E+00
  3.61328E-01  1.46091E+00
  3.65234E-01  1.45609E+00
  3.69141E-01  1.45125E+00
  3.73047E-01  1.44640E+00
  3.76953E-01  1.44152E+00
  3.80859E-01  1.43663E+00
  3.84766E-01  1.43172E+00
  3.88672E-01  1.42679E+00
  3.92578E-01  1.42184E+00
  3.96484E-01  1.41687E+00
  4.00391E-01  1.41188E+00
  4.04297E-01  1.40687E+00
  4.08203E-01  1.40184E+00
  4.12109E-01  1.39680E+00
  4.16016E-01  1.39173E+00
  4.19922E-01  1.38665E+00
  4.23828E-01  1.38154E+00
  4.27734E-01  1.37642E+00
  4.31641E-01  1.37127E+00
  4.35547E-01  1.36611E+00
  4.39453E-01  1.36093E+00
  4.43359E-01  1.35573E+00
  4.47266E-01  1.35050E+00
  4.51172E-01  1.34526E+00
  4.55078E-01  1.34000E+00
  4.58984E-01  1.33472E+00
  4.62891E-01  1.32942E+00
  4.66797E-01  1.32410E+00
  4.70703E-01  1.31876E+00
  4.74609E-01  1.31340E+00
  4.78516E-01  1.30802E+00
  4.82422E-01  1.30262E+00
  4.86328E-01  1.29720E+00
  4.90234E-01  1.29176E+00
  4.94141E-01  1.28630E+00
  4.98047E-01  1.28082E+00
  5.01953E-01  1.27532E+00
  5.05859E-01  1.26980E+00
  5.09766E-01  1.26426E+00
  5.13672E-01  1.25870E+00
  5.17578E-01  1.25312E+00
  5.21484E-01  1.24751E+00
  5.25391E-01  1.24189E+00
  5.29297E-01  1.23625E+00
  5.33203E-01  1.23059E+00
  5.37109E-01  1.22490E+00
  5.41016E-01  1.21919E+00
  5.44922E-01  1.21347E+00
  5.48828E-01  1.20772E+00
  5.52734E-01  1.20195E+00
  5.56641E-01  1.19616E+00
  5.60547E-01  1.19035E+00
  5.64453E-01  1.18452E+00
  5.68359E-01  1.17867E+00
  5.72266E-01  1.17279E+00
  5.76172E-01  1.16689E+00
  5.80078E-01  1.16097E+00
  5.83984E-01  1.15503E+00
  5.87891E-01  1.14907E+00
  5.91797E-01  1.14309E+00
  5.95703E-01  1.13709E+00
  5.99609E-01  1.13106E+00
  6.03516E-01  1.12502E+00
  6.07422E-01  1.11895E+00
  6.11328E-01  1.11286E+00
  6.15234E-01  1.10675E+00
  6.19141E-01  1.10062E+00
  6.23047E-01  1.09447E+00
  6.26953E-01  1.08829E+00
  6.30859E-01  1.08210E+00
  6.34766E-01  1.07588E+00
  6.38672E-01  1.06964E+00
  6.42578E-01  1.06338E+00
  6.46484E-01  1.05710E+00
  6.50391E-01  1.05079E+00
  6.54297E-01  1.04446E+00
  6.58203E-01  1.03811E+00
  6.62109E-01  1.03174E+00
  6.66016E-01  1.02534E+00
  6.69922E-01  1.01892E+00
  6.73828E-01  1.01248E+00
  6.77734E-01  1.00602E+00
  6.81641E-01  9.99536E-01
  6.85547E-01  9.93030E-01
  6.89453E-01  9.86503E-01
  6.93359E-01  9.79956E-01
  6.97266E-01  9.73384E-01
  7.01172E-01  9.66791E-01
  7.05078E-01  9.60174E-01
  7.08984E-01  9.53538E-01
  7.12891E-01  9.46881E-01
  7.16797E-01  9.40201E-01
  7.20703E-01  9.33499E-01
  7.24609E-01  9.26776E-01
  7.28516E-01  9.20033E-01
  7.32422E-01  9.13269E-01
  7.36328E-01  9.06483E-01
  7.40234E-01  8.99679E-01
  7.44141E-01  8.92853E-01
  7.48047E-01  8.86006E-01
  7.51953E-01  8.79140E-01
  7.55859E-01  8.72253E-01
  7.59766E-01  8.65347E-01
  7.63672E-01  8.58422E-01
  7.67578E-01  8.51478E-01
  7.71484E-01  8.44517E-01
  7.75391E-01  8.37537E-01
  7.79297E-01  8.30541E-01
  7.83203E-01  8.23527E-01
  7.87109E-01  8.16497E-01
  7.91016E-01  8.09449E-01
  7.94922E-01  8.02387E-01
  7.98828E-01  7.95310E-01
  8.02734E-01  7.88222E-01
  8.06641E-01  7.81119E-01
  8.10547E-01  7.74007E-01
  8.14453E-01  7.66885E-01
  8.18359E-01  7.59751E-01
  8.22266E-01  7.52610E-01
  8.26172E-01  7.45462E-01
  8.30078E-01  7.38306E-01
  8.33984E-01  7.31141E-01
  8.37891E-01  7.23971E-01
  8.41797E-01  7.16798E-01
  8.45703E-01  7.09622E-01
  8.49609E-01  7.02449E-01
  8.53516E-01  6.95277E-01
  8.57422E-01  6.88107E-01
  8.61328E-01  6.80944E-01
  8.65234E-01  6.73794E-01
  8.69141E-01  6.66656E-01
  8.73047E-01  6.59532E-01
  8.76953E-01  6.52428E-01
  8.80859E-01  6.45352E-01
  8.84766E-01  6.38297E-01
  8.88672E-01  6.31272E-01
  8.92578E-01  6.24272E-01
  8.96484E-01  6.17307E-01
  9.00391E-01  6.10389E-01
  9.04297E-01  6.03519E-01
  9.08203E-01  5.96707E-01
  9.12109E-01  5.89948E-01
  9.16016E-01  5.83249E-01
  9.19922E-01  5.76617E-01
  9.23828E-01  5.70058E-01
  9.27734E-01  5.63588E-01
  9.31641E-01  5.57205E-01
  9.35547E-01  5.50924E-01
  9.39453E-01  5.44747E-01
  9.43359E-01  5.38688E-01
  9.47266E-01  5.32744E-01
  9.51172E-01  5.26929E-01
  9.55078E-01  5.21263E-01
  9.58984E-01  5.15748E-01
  9.62891E-01  5.10392E-01
  9.66797E-01  5.05206E-01
  9.70703E-01  5.00212E-01
  9.74609E-01  4.95417E-01
  9.78516E-01  4.90838E-01
  9.82422E-01  4.86470E-01
  9.86328E-01  4.82333E-01
  9.90234E-01  4.78429E-01
  9.94141E-01  4.74780E-01
  9.98047E-01  4.71375E-01
  1.00195E+00  4.71383E-01
