 -1.95312E-03  1.82680E+00
  1.95312E-03  1.82769E+00
  5.85938E-03  1.82361E+00
  9.76562E-03  1.82023E+00
  1.36719E-02  1.81696E+00
  1.75781E-02  1.81371E+00
  2.14844E-02  1.81046E+00
  2.53906E-02  1.80721E+00
  2.92969E-02  1.80394E+00
  3.32031E-02  1.80066E+00
  3.71094E-02  1.79736E+00
  4.10156E-02  1.79404E+00
  4.49219E-02  1.79071E+00
  4.88281E-02  1.78737E+00
  5.27344E-02  1.78400E+00
  5.66406E-02  1.78062E+00
  6.05469E-02  1.77722E+00
  6.44531E-02  1.77380E+00
  6.83594E-02  1.77037E+00
  7.22656E-02  1.76691E+00
  7.61719E-02  1.76344E+00
  8.00781E-02  1.75995E+00
  8.39844E-02  1.75645E+00
  8.78906E-02  1.75292E+00
  9.17969E-02  1.74938E+00
  9.57031E-02  1.74582E+00
  9.96094E-02  1.74224E+00
  1.03516E-01  1.73865E+00
  1.07422E-01  1.73503E+00
  1.11328E-01  1.73140E+00
  1.15234E-01  1.72775E+00
  1.19141E-01  1.72408E+00
  1.23047E-01  1.72040E+00
  1.26953E-01  1.71669E+00
  1.30859E-01  1.71297E+00
  1.34766E-01  1.70924E+00
  1.38672E-01  1.70548E+00
  1.42578E-01  1.70170E+00
  1.46484E-01  1.69791E+00
  1.50391E-01  1.69410E+00
  1.54297E-01  1.69027E+00
  1.58203E-01  1.68642E+00
  1.62109E-01  1.68256E+00
  1.66016E-01  1.67868E+00
  1.69922E-01  1.67478E+00
  1.73828E-01  1.67086E+00
  1.77734E-01  1.66692E+00
  1.81641E-01  1.66296E+00
  1.85547E-01  1.65899E+00
  1.89453E-01  1.65500E+00
  1.93359E-01  1.65099E+00
  1.97266E-01  1.64696E+00
  2.01172E-01  1.64292E+00
  2.05078E-01  1.63885E+00
  2.08984E-01  1.63477E+00
  2.12891E-01  1.63067E+00
  2.16797E-01  1.62655E+00
  2.20703E-01  1.62242E+00
  2.24609E-01  1.61826E+00
  2.28516E-01  1.61409E+00
  2.32422E-01  1.60990E+00
  2.36328E-01  1.60569E+00
  2.40234E-01  1.60146E+00
  2.44141E-01  1.59722E+00
  2.48047E-01  1.59295E+00
  2.51953E-01  1.58867E+00
  2.55859E-01  1.58437E+00
  2.59766E-01  1.58005E+00
  2.63672E-01  1.57572E+00
  2.67578E-01  1.57136E+00
  2.71484E-01  1.56699E+00
  2.75391E-01  1.56260E+00
  2.79297E-01  1.55819E+00
  2.83203E-01  1.55376E+00
  2.87109E-01  1.54931E+00
  2.91016E-01  1.54485E+00
  2.94922E-01  1.54036E+00
  2.98828E-01  1.53586E+00
  3.02734E-01  1.53134E+00
  3.06641E-01  1.52680E+00
  3.10547E-01  1.52224E+00
  3.14453E-01  1.51766E+00
  3.18359E-01  1.51307E+00
  3.22266E-01  1.50846E+00
  3.26172E-01  1.50383E+00
  3.30078E-01  1.49918E+00
  3.33984E-01  1.49451E+00
  3.37891E-01  1.48982E+00
  3.41797E-01  1.48511E+00
  3.45703E-01  1.48038E+00
  3.49609E-01  1.47564E+00
  3.53516E-01  1.47088E+00
  3.57422E-01  1.46610E+00
  3.61328E-01  1.46130E+00
  3.65234E-01  1.45648E+00
  3.69141E-01  1.45164E+00
  3.73047E-01  1.44678E+00
  3.76953E-01  1.44190E+00
  3.80859E-01  1.43701E+00
  3.84766E-01  1.43209E+00
  3.88672E-01  1.42716E+00
  3.92578E-01  1.42221E+00
  3.96484E-01  1.41724E+00
  4.00391E-01  1.41224E+00
  4.04297E-01  1.40723E+00
  4.08203E-01  1.40220E+00
  4.12109E-01  1.39715E+00
  4.16016E-01  1.39209E+00
  4.19922E-01  1.38700E+00
  4.23828E-01  1.38189E+00
  4.27734E-01  1.37677E+00
  4.31641E-01  1.37162E+00
  4.35547E-01  1.36645E+00
  4.39453E-01  1.36127E+00
  4.43359E-01  1.35606E+00
  4.47266E-01  1.35084E+00
  4.51172E-01  1.34559E+00
  4.55078E-01  1.34033E+00
  4.58984E-01  1.33504E+00
  4.62891E-01  1.32974E+00
  4.66797E-01  1.32442E+00
  4.70703E-01  1.31907E+00
  4.74609E-01  1.31371E+00
  4.78516E-01  1.30832E+00
  4.82422E-01  1.30292E+00
  4.86328E-01  1.29749E+00
  4.90234E-01  1.29205E+00
  4.94141E-01  1.28659E+00
  4.98047E-01  1.28110E+00
  5.01953E-01  1.27559E+00
  5.05859E-01  1.27007E+00
  5.09766E-01  1.26452E+00
  5.13672E-01  1.25896E+00
  5.17578E-01  1.25337E+00
  5.21484E-01  1.24776E+00
  5.25391E-01  1.24213E+00
  5.29297E-01  1.23648E+00
  5.33203E-01  1.23081E+00
  5.37109E-01  1.22512E+00
  5.41016E-01  1.21941E+00
  5.44922E-01  1.21368E+00
  5.48828E-01  1.20792E+00
  5.52734E-01  1.20215E+00
  5.56641E-01  1.19636E+00
  5.60547E-01  1.19054E+00
  5.64453E-01  1.18470E+00
  5.68359E-01  1.17884E+00
  5.72266E-01  1.17296E+00
  5.76172E-01  1.16706E+00
  5.80078E-01  1.16114E+00
  5.83984E-01  1.15519E+00
  5.87891E-01  1.14922E+00
  5.91797E-01  1.14324E+00
  5.95703E-01  1.13723E+00
  5.99609E-01  1.13120E+00
  6.03516E-01  1.12515E+00
  6.07422E-01  1.11908E+00
  6.11328E-01  1.11298E+00
  6.15234E-01  1.10687E+00
  6.19141E-01  1.10073E+00
  6.23047E-01  1.09457E+00
  6.26953E-01  1.08839E+00
  6.30859E-01  1.08219E+00
  6.34766E-01  1.07597E+00
  6.38672E-01  1.06972E+00
  6.42578E-01  1.06346E+00
  6.46484E-01  1.05716E+00
  6.50391E-01  1.05085E+00
  6.54297E-01  1.04451E+00
  6.58203E-01  1.03816E+00
  6.62109E-01  1.03178E+00
  6.66016E-01  1.02537E+00
  6.69922E-01  1.01895E+00
  6.73828E-01  1.01250E+00
  6.77734E-01  1.00603E+00
  6.81641E-01  9.99538E-01
  6.85547E-01  9.93025E-01
  6.89453E-01  9.86490E-01
  6.93359E-01  9.79933E-01
  6.97266E-01  9.73354E-01
  7.01172E-01  9.66753E-01
  7.05078E-01  9.60129E-01
  7.08984E-01  9.53485E-01
  7.12891E-01  9.46818E-01
  7.16797E-01  9.40131E-01
  7.20703E-01  9.33422E-01
  7.24609E-01  9.26692E-01
  7.28516E-01  9.19939E-01
  7.32422E-01  9.13166E-01
  7.36328E-01  9.06372E-01
  7.40234E-01  8.99558E-01
  7.44141E-01  8.92723E-01
  7.48047E-01  8.85868E-01
  7.51953E-01  8.78994E-01
  7.55859E-01  8.72099E-01
  7.59766E-01  8.65185E-01
  7.63672E-01  8.58252E-01
  7.67578E-01  8.51301E-01
  7.71484E-01  8.44331E-01
  7.75391E-01  8.37342E-01
  7.79297E-01  8.30337E-01
  7.83203E-01  8.23313E-01
  7.87109E-01  8.16274E-01
  7.91016E-01  8.09217E-01
  7.94922E-01  8.02145E-01
  7.98828E-01  7.95061E-01
  8.02734E-01  7.87962E-01
  8.06641E-01  7.80850E-01
  8.10547E-01  7.73728E-01
  8.14453E-01  7.66595E-01
  8.18359E-01  7.59449E-01
  8.22266E-01  7.52294E-01
  8.26172E-01  7.45134E-01
  8.30078E-01  7.37962E-01
  8.33984E-01  7.30787E-01
  8.37891E-01  7.23607E-01
  8.41797E-01  7.16421E-01
  8.45703E-01  7.09233E-01
  8.49609E-01  7.02047E-01
  8.53516E-01  6.94865E-01
  8.57422E-01  6.87686E-01
  8.61328E-01  6.80508E-01
  8.65234E-01  6.73341E-01
  8.69141E-01  6.66188E-01
  8.73047E-01  6.59050E-01
  8.76953E-01  6.51928E-01
  8.80859E-01  6.44831E-01
  8.84766E-01  6.37764E-01
  8.88672E-01  6.30725E-01
  8.92578E-01  6.23714E-01
  8.96484E-01  6.16742E-01
  9.00391E-01  6.09811E-01
  9.04297E-01  6.02930E-01
  9.08203E-01  5.96099E-01
  9.12109E-01  5.89320E-01
  9.16016E-01  5.82606E-01
  9.19922E-01  5.75958E-01
  9.23828E-01  5.69383E-01
  9.27734E-01  5.62897E-01
  9.31641E-01  5.56498E-01
  9.35547E-01  5.50196E-01
  9.39453E-01  5.43999E-01
  9.43359E-01  5.37928E-01
  9.47266E-01  5.31968E-01
  9.51172E-01  5.26141E-01
  9.55078E-01  5.20463E-01
  9.58984E-01  5.14935E-01
  9.62891E-01  5.09572E-01
  9.66797E-01  5.04372E-01
  9.70703E-01  4.99357E-01
  9.74609E-01  4.94539E-01
  9.78516E-01  4.89932E-01
  9.82422E-01  4.85547E-01
  9.86328E-01  4.81401E-01
  9.90234E-01  4.77492E-01
  9.94141E-01  4.73828E-01
  9.98047E-01  4.70423E-01
  1.00195E+00  4.70431E-01
