 -1.95312E-03  1.82634E+00
  1.95312E-03  1.82723E+00
  5.85938E-03  1.82315E+00
  9.76562E-03  1.81977E+00
  1.36719E-02  1.81650E+00
  1.75781E-02  1.81325E+00
  2.14844E-02  1.81000E+00
  2.53906E-02  1.80675E+00
  2.92969E-02  1.80348E+00
  3.32031E-02  1.80020E+00
  3.71094E-02  1.79690E+00
  4.10156E-02  1.79359E+00
  4.49219E-02  1.79025E+00
  4.88281E-02  1.78691E+00
  5.27344E-02  1.78354E+00
  5.66406E-02  1.78016E+00
  6.05469E-02  1.77676E+00
  6.44531E-02  1.77334E+00
  6.83594E-02  1.76991E+00
  7.22656E-02  1.76645E+00
  7.61719E-02  1.76298E+00
  8.00781E-02  1.75949E+00
  8.39844E-02  1.75599E+00
  8.78906E-02  1.75247E+00
  9.17969E-02  1.74892E+00
  9.57031E-02  1.74536E+00
  9.96094E-02  1.74179E+00
  1.03516E-01  1.73819E+00
  1.07422E-01  1.73458E+00
  1.11328E-01  1.73095E+00
  1.15234E-01  1.72730E+00
  1.19141E-01  1.72363E+00
  1.23047E-01  1.71994E+00
  1.26953E-01  1.71624E+00
  1.30859E-01  1.71252E+00
  1.34766E-01  1.70878E+00
  1.38672E-01  1.70502E+00
  1.42578E-01  1.70125E+00
  1.46484E-01  1.69746E+00
  1.50391E-01  1.69364E+00
  1.54297E-01  1.68982E+00
  1.58203E-01  1.68597E+00
  1.62109E-01  1.68210E+00
  1.66016E-01  1.67822E+00
  1.69922E-01  1.67432E+00
  1.73828E-01  1.67040E+00
  1.77734E-01  1.66647E+00
  1.81641E-01  1.66251E+00
  1.85547E-01  1.65854E+00
  1.89453E-01  1.65455E+00
  1.93359E-01  1.65054E+00
  1.97266E-01  1.64652E+00
  2.01172E-01  1.64247E+00
  2.05078E-01  1.63841E+00
  2.08984E-01  1.63433E+00
  2.12891E-01  1.63023E+00
  2.16797E-01  1.62611E+00
  2.20703E-01  1.62197E+00
  2.24609E-01  1.61782E+00
  2.28516E-01  1.61365E+00
  2.32422E-01  1.60946E+00
  2.36328E-01  1.60525E+00
  2.40234E-01  1.60102E+00
  2.44141E-01  1.59678E+00
  2.48047E-01  1.59252E+00
  2.51953E-01  1.58823E+00
  2.55859E-01  1.58394E+00
  2.59766E-01  1.57962E+00
  2.63672E-01  1.57528E+00
  2.67578E-01  1.57093E+00
  2.71484E-01  1.56656E+00
  2.75391E-01  1.56216E+00
  2.79297E-01  1.55776E+00
  2.83203E-01  1.55333E+00
  2.87109E-01  1.54888E+00
  2.91016E-01  1.54442E+00
  2.94922E-01  1.53993E+00
  2.98828E-01  1.53543E+00
  3.02734E-01  1.53091E+00
  3.06641E-01  1.52637E+00
  3.10547E-01  1.52182E+00
  3.14453E-01  1.51724E+00
  3.18359E-01  1.51265E+00
  3.22266E-01  1.50804E+00
  3.26172E-01  1.50341E+00
  3.30078E-01  1.49876E+00
  3.33984E-01  1.49409E+00
  3.37891E-01  1.48941E+00
  3.41797E-01  1.48470E+00
  3.45703E-01  1.47998E+00
  3.49609E-01  1.47524E+00
  3.53516E-01  1.47048E+00
  3.57422E-01  1.46570E+00
  3.61328E-01  1.46090E+00
  3.65234E-01  1.45608E+00
  3.69141E-01  1.45124E+00
  3.73047E-01  1.44639E+00
  3.76953E-01  1.44151E+00
  3.80859E-01  1.43662E+00
  3.84766E-01  1.43171E+00
  3.88672E-01  1.42678E+00
  3.92578E-01  1.42183E+00
  3.96484E-01  1.41686E+00
  4.00391E-01  1.41187E+00
  4.04297E-01  1.40686E+00
  4.08203E-01  1.40183E+00
  4.12109E-01  1.39679E+00
  4.16016E-01  1.39172E+00
  4.19922E-01  1.38664E+00
  4.23828E-01  1.38153E+00
  4.27734E-01  1.37641E+00
  4.31641E-01  1.37127E+00
  4.35547E-01  1.36610E+00
  4.39453E-01  1.36092E+00
  4.43359E-01  1.35572E+00
  4.47266E-01  1.35050E+00
  4.51172E-01  1.34526E+00
  4.55078E-01  1.33999E+00
  4.58984E-01  1.33471E+00
  4.62891E-01  1.32941E+00
  4.66797E-01  1.32410E+00
  4.70703E-01  1.31876E+00
  4.74609E-01  1.31340E+00
  4.78516E-01  1.30802E+00
  4.82422E-01  1.30262E+00
  4.86328E-01  1.29720E+00
  4.90234E-01  1.29176E+00
  4.94141E-01  1.28630E+00
  4.98047E-01  1.28082E+00
  5.01953E-01  1.27532E+00
  5.05859E-01  1.26980E+00
  5.09766E-01  1.26426E+00
  5.13672E-01  1.25869E+00
  5.17578E-01  1.25311E+00
  5.21484E-01  1.24751E+00
  5.25391E-01  1.24189E+00
  5.29297E-01  1.23624E+00
  5.33203E-01  1.23058E+00
  5.37109E-01  1.22489E+00
  5.41016E-01  1.21919E+00
  5.44922E-01  1.21346E+00
  5.48828E-01  1.20771E+00
  5.52734E-01  1.20194E+00
  5.56641E-01  1.19616E+00
  5.60547E-01  1.19034E+00
  5.64453E-01  1.18451E+00
  5.68359E-01  1.17866E+00
  5.72266E-01  1.17278E+00
  5.76172E-01  1.16689E+00
  5.80078E-01  1.16097E+00
  5.83984E-01  1.15503E+00
  5.87891E-01  1.14907E+00
  5.91797E-01  1.14309E+00
  5.95703E-01  1.13708E+00
  5.99609E-01  1.13106E+00
  6.03516E-01  1.12501E+00
  6.07422E-01  1.11895E+00
  6.11328E-01  1.11286E+00
  6.15234E-01  1.10675E+00
  6.19141E-01  1.10062E+00
  6.23047E-01  1.09447E+00
  6.26953E-01  1.08829E+00
  6.30859E-01  1.08210E+00
  6.34766E-01  1.07588E+00
  6.38672E-01  1.06964E+00
  6.42578E-01  1.06338E+00
  6.46484E-01  1.05709E+00
  6.50391E-01  1.05079E+00
  6.54297E-01  1.04446E+00
  6.58203E-01  1.03811E+00
  6.62109E-01  1.03173E+00
  6.66016E-01  1.02534E+00
  6.69922E-01  1.01892E+00
  6.73828E-01  1.01248E+00
  6.77734E-01  1.00602E+00
  6.81641E-01  9.99537E-01
  6.85547E-01  9.93032E-01
  6.89453E-01  9.86506E-01
  6.93359E-01  9.79956E-01
  6.97266E-01  9.73384E-01
  7.01172E-01  9.66790E-01
  7.05078E-01  9.60175E-01
  7.08984E-01  9.53539E-01
  7.12891E-01  9.46881E-01
  7.16797E-01  9.40201E-01
  7.20703E-01  9.33501E-01
  7.24609E-01  9.26778E-01
  7.28516E-01  9.20032E-01
  7.32422E-01  9.13267E-01
  7.36328E-01  9.06483E-01
  7.40234E-01  8.99678E-01
  7.44141E-01  8.92853E-01
  7.48047E-01  8.86007E-01
  7.51953E-01  8.79141E-01
  7.55859E-01  8.72256E-01
  7.59766E-01  8.65353E-01
  7.63672E-01  8.58429E-01
  7.67578E-01  8.51486E-01
  7.71484E-01  8.44525E-01
  7.75391E-01  8.37545E-01
  7.79297E-01  8.30548E-01
  7.83203E-01  8.23535E-01
  7.87109E-01  8.16506E-01
  7.91016E-01  8.09460E-01
  7.94922E-01  8.02395E-01
  7.98828E-01  7.95319E-01
  8.02734E-01  7.88230E-01
  8.06641E-01  7.81127E-01
  8.10547E-01  7.74013E-01
  8.14453E-01  7.66894E-01
  8.18359E-01  7.59762E-01
  8.22266E-01  7.52621E-01
  8.26172E-01  7.45470E-01
  8.30078E-01  7.38311E-01
  8.33984E-01  7.31147E-01
  8.37891E-01  7.23978E-01
  8.41797E-01  7.16803E-01
  8.45703E-01  7.09627E-01
  8.49609E-01  7.02456E-01
  8.53516E-01  6.95288E-01
  8.57422E-01  6.88122E-01
  8.61328E-01  6.80965E-01
  8.65234E-01  6.73814E-01
  8.69141E-01  6.66677E-01
  8.73047E-01  6.59555E-01
  8.76953E-01  6.52455E-01
  8.80859E-01  6.45377E-01
  8.84766E-01  6.38325E-01
  8.88672E-01  6.31298E-01
  8.92578E-01  6.24302E-01
  8.96484E-01  6.17341E-01
  9.00391E-01  6.10421E-01
  9.04297E-01  6.03546E-01
  9.08203E-01  5.96722E-01
  9.12109E-01  5.89955E-01
  9.16016E-01  5.83253E-01
  9.19922E-01  5.76619E-01
  9.23828E-01  5.70060E-01
  9.27734E-01  5.63591E-01
  9.31641E-01  5.57209E-01
  9.35547E-01  5.50930E-01
  9.39453E-01  5.44751E-01
  9.43359E-01  5.38693E-01
  9.47266E-01  5.32749E-01
  9.51172E-01  5.26932E-01
  9.55078E-01  5.21267E-01
  9.58984E-01  5.15752E-01
  9.62891E-01  5.10397E-01
  9.66797E-01  5.05217E-01
  9.70703E-01  5.00223E-01
  9.74609E-01  4.95425E-01
  9.78516E-01  4.90844E-01
  9.82422E-01  4.86479E-01
  9.86328E-01  4.82340E-01
  9.90234E-01  4.78436E-01
  9.94141E-01  4.74781E-01
  9.98047E-01  4.71378E-01
  1.00195E+00  4.71385E-01
