 -1.95312E-03  1.82663E+00
  1.95312E-03  1.82752E+00
  5.85938E-03  1.82344E+00
  9.76562E-03  1.82006E+00
  1.36719E-02  1.81678E+00
  1.75781E-02  1.81354E+00
  2.14844E-02  1.81029E+00
  2.53906E-02  1.80703E+00
  2.92969E-02  1.80377E+00
  3.32031E-02  1.80048E+00
  3.71094E-02  1.79719E+00
  4.10156E-02  1.79387E+00
  4.49219E-02  1.79054E+00
  4.88281E-02  1.78719E+00
  5.27344E-02  1.78383E+00
  5.66406E-02  1.78045E+00
  6.05469E-02  1.77705E+00
  6.44531E-02  1.77363E+00
  6.83594E-02  1.77019E+00
  7.22656E-02  1.76674E+00
  7.61719E-02  1.76327E+00
  8.00781E-02  1.75978E+00
  8.39844E-02  1.75628E+00
  8.78906E-02  1.75275E+00
  9.17969E-02  1.74921E+00
  9.57031E-02  1.74565E+00
  9.96094E-02  1.74207E+00
  1.03516E-01  1.73848E+00
  1.07422E-01  1.73486E+00
  1.11328E-01  1.73123E+00
  1.15234E-01  1.72758E+00
  1.19141E-01  1.72391E+00
  1.23047E-01  1.72023E+00
  1.26953E-01  1.71653E+00
  1.30859E-01  1.71281E+00
  1.34766E-01  1.70907E+00
  1.38672E-01  1.70531E+00
  1.42578E-01  1.70154E+00
  1.46484E-01  1.69774E+00
  1.50391E-01  1.69393E+00
  1.54297E-01  1.69010E+00
  1.58203E-01  1.68626E+00
  1.62109E-01  1.68239E+00
  1.66016E-01  1.67851E+00
  1.69922E-01  1.67461E+00
  1.73828E-01  1.67069E+00
  1.77734E-01  1.66675E+00
  1.81641E-01  1.66280E+00
  1.85547E-01  1.65883E+00
  1.89453E-01  1.65484E+00
  1.93359E-01  1.65083E+00
  1.97266E-01  1.64680E+00
  2.01172E-01  1.64275E+00
  2.05078E-01  1.63869E+00
  2.08984E-01  1.63461E+00
  2.12891E-01  1.63051E+00
  2.16797E-01  1.62639E+00
  2.20703E-01  1.62226E+00
  2.24609E-01  1.61810E+00
  2.28516E-01  1.61393E+00
  2.32422E-01  1.60974E+00
  2.36328E-01  1.60553E+00
  2.40234E-01  1.60130E+00
  2.44141E-01  1.59706E+00
  2.48047E-01  1.59280E+00
  2.51953E-01  1.58851E+00
  2.55859E-01  1.58421E+00
  2.59766E-01  1.57989E+00
  2.63672E-01  1.57556E+00
  2.67578E-01  1.57120E+00
  2.71484E-01  1.56683E+00
  2.75391E-01  1.56244E+00
  2.79297E-01  1.55803E+00
  2.83203E-01  1.55360E+00
  2.87109E-01  1.54915E+00
  2.91016E-01  1.54469E+00
  2.94922E-01  1.54020E+00
  2.98828E-01  1.53570E+00
  3.02734E-01  1.53118E+00
  3.06641E-01  1.52664E+00
  3.10547E-01  1.52208E+00
  3.14453E-01  1.51751E+00
  3.18359E-01  1.51292E+00
  3.22266E-01  1.50830E+00
  3.26172E-01  1.50367E+00
  3.30078E-01  1.49902E+00
  3.33984E-01  1.49435E+00
  3.37891E-01  1.48966E+00
  3.41797E-01  1.48496E+00
  3.45703E-01  1.48023E+00
  3.49609E-01  1.47549E+00
  3.53516E-01  1.47073E+00
  3.57422E-01  1.46595E+00
  3.61328E-01  1.46115E+00
  3.65234E-01  1.45633E+00
  3.69141E-01  1.45149E+00
  3.73047E-01  1.44663E+00
  3.76953E-01  1.44176E+00
  3.80859E-01  1.43686E+00
  3.84766E-01  1.43195E+00
  3.88672E-01  1.42702E+00
  3.92578E-01  1.42206E+00
  3.96484E-01  1.41709E+00
  4.00391E-01  1.41210E+00
  4.04297E-01  1.40709E+00
  4.08203E-01  1.40206E+00
  4.12109E-01  1.39702E+00
  4.16016E-01  1.39195E+00
  4.19922E-01  1.38686E+00
  4.23828E-01  1.38176E+00
  4.27734E-01  1.37663E+00
  4.31641E-01  1.37149E+00
  4.35547E-01  1.36632E+00
  4.39453E-01  1.36114E+00
  4.43359E-01  1.35593E+00
  4.47266E-01  1.35071E+00
  4.51172E-01  1.34547E+00
  4.55078E-01  1.34020E+00
  4.58984E-01  1.33492E+00
  4.62891E-01  1.32962E+00
  4.66797E-01  1.32430E+00
  4.70703E-01  1.31895E+00
  4.74609E-01  1.31359E+00
  4.78516E-01  1.30821E+00
  4.82422E-01  1.30280E+00
  4.86328E-01  1.29738E+00
  4.90234E-01  1.29194E+00
  4.94141E-01  1.28647E+00
  4.98047E-01  1.28099E+00
  5.01953E-01  1.27549E+00
  5.05859E-01  1.26996E+00
  5.09766E-01  1.26442E+00
  5.13672E-01  1.25885E+00
  5.17578E-01  1.25327E+00
  5.21484E-01  1.24766E+00
  5.25391E-01  1.24203E+00
  5.29297E-01  1.23639E+00
  5.33203E-01  1.23072E+00
  5.37109E-01  1.22503E+00
  5.41016E-01  1.21932E+00
  5.44922E-01  1.21359E+00
  5.48828E-01  1.20784E+00
  5.52734E-01  1.20207E+00
  5.56641E-01  1.19628E+00
  5.60547E-01  1.19046E+00
  5.64453E-01  1.18463E+00
  5.68359E-01  1.17877E+00
  5.72266E-01  1.17289E+00
  5.76172E-01  1.16699E+00
  5.80078E-01  1.16107E+00
  5.83984E-01  1.15513E+00
  5.87891E-01  1.14916E+00
  5.91797E-01  1.14318E+00
  5.95703E-01  1.13717E+00
  5.99609E-01  1.13114E+00
  6.03516E-01  1.12510E+00
  6.07422E-01  1.11903E+00
  6.11328E-01  1.11293E+00
  6.15234E-01  1.10682E+00
  6.19141E-01  1.10069E+00
  6.23047E-01  1.09453E+00
  6.26953E-01  1.08835E+00
  6.30859E-01  1.08216E+00
  6.34766E-01  1.07593E+00
  6.38672E-01  1.06969E+00
  6.42578E-01  1.06342E+00
  6.46484E-01  1.05713E+00
  6.50391E-01  1.05082E+00
  6.54297E-01  1.04449E+00
  6.58203E-01  1.03814E+00
  6.62109E-01  1.03176E+00
  6.66016E-01  1.02536E+00
  6.69922E-01  1.01893E+00
  6.73828E-01  1.01249E+00
  6.77734E-01  1.00602E+00
  6.81641E-01  9.99533E-01
  6.85547E-01  9.93023E-01
  6.89453E-01  9.86492E-01
  6.93359E-01  9.79938E-01
  6.97266E-01  9.73360E-01
  7.01172E-01  9.66762E-01
  7.05078E-01  9.60143E-01
  7.08984E-01  9.53501E-01
  7.12891E-01  9.46839E-01
  7.16797E-01  9.40155E-01
  7.20703E-01  9.33449E-01
  7.24609E-01  9.26720E-01
  7.28516E-01  9.19970E-01
  7.32422E-01  9.13201E-01
  7.36328E-01  9.06411E-01
  7.40234E-01  8.99600E-01
  7.44141E-01  8.92770E-01
  7.48047E-01  8.85919E-01
  7.51953E-01  8.79049E-01
  7.55859E-01  8.72158E-01
  7.59766E-01  8.65247E-01
  7.63672E-01  8.58318E-01
  7.67578E-01  8.51369E-01
  7.71484E-01  8.44401E-01
  7.75391E-01  8.37417E-01
  7.79297E-01  8.30416E-01
  7.83203E-01  8.23397E-01
  7.87109E-01  8.16362E-01
  7.91016E-01  8.09310E-01
  7.94922E-01  8.02240E-01
  7.98828E-01  7.95158E-01
  8.02734E-01  7.88062E-01
  8.06641E-01  7.80954E-01
  8.10547E-01  7.73837E-01
  8.14453E-01  7.66707E-01
  8.18359E-01  7.59563E-01
  8.22266E-01  7.52410E-01
  8.26172E-01  7.45250E-01
  8.30078E-01  7.38086E-01
  8.33984E-01  7.30913E-01
  8.37891E-01  7.23738E-01
  8.41797E-01  7.16557E-01
  8.45703E-01  7.09375E-01
  8.49609E-01  7.02197E-01
  8.53516E-01  6.95019E-01
  8.57422E-01  6.87848E-01
  8.61328E-01  6.80680E-01
  8.65234E-01  6.73519E-01
  8.69141E-01  6.66372E-01
  8.73047E-01  6.59239E-01
  8.76953E-01  6.52127E-01
  8.80859E-01  6.45037E-01
  8.84766E-01  6.37973E-01
  8.88672E-01  6.30935E-01
  8.92578E-01  6.23926E-01
  8.96484E-01  6.16951E-01
  9.00391E-01  6.10019E-01
  9.04297E-01  6.03137E-01
  9.08203E-01  5.96313E-01
  9.12109E-01  5.89544E-01
  9.16016E-01  5.82837E-01
  9.19922E-01  5.76197E-01
  9.23828E-01  5.69634E-01
  9.27734E-01  5.63160E-01
  9.31641E-01  5.56766E-01
  9.35547E-01  5.50469E-01
  9.39453E-01  5.44280E-01
  9.43359E-01  5.38206E-01
  9.47266E-01  5.32251E-01
  9.51172E-01  5.26423E-01
  9.55078E-01  5.20742E-01
  9.58984E-01  5.15218E-01
  9.62891E-01  5.09861E-01
  9.66797E-01  5.04666E-01
  9.70703E-01  4.99657E-01
  9.74609E-01  4.94842E-01
  9.78516E-01  4.90236E-01
  9.82422E-01  4.85850E-01
  9.86328E-01  4.81701E-01
  9.90234E-01  4.77793E-01
  9.94141E-01  4.74137E-01
  9.98047E-01  4.70736E-01
  1.00195E+00  4.70744E-01
