 -1.95312E-03  1.82672E+00
  1.95312E-03  1.82760E+00
  5.85938E-03  1.82352E+00
  9.76562E-03  1.82014E+00
  1.36719E-02  1.81687E+00
  1.75781E-02  1.81362E+00
  2.14844E-02  1.81038E+00
  2.53906E-02  1.80712E+00
  2.92969E-02  1.80385E+00
  3.32031E-02  1.80057E+00
  3.71094E-02  1.79727E+00
  4.10156E-02  1.79396E+00
  4.49219E-02  1.79063E+00
  4.88281E-02  1.78728E+00
  5.27344E-02  1.78392E+00
  5.66406E-02  1.78053E+00
  6.05469E-02  1.77713E+00
  6.44531E-02  1.77371E+00
  6.83594E-02  1.77028E+00
  7.22656E-02  1.76683E+00
  7.61719E-02  1.76336E+00
  8.00781E-02  1.75987E+00
  8.39844E-02  1.75636E+00
  8.78906E-02  1.75284E+00
  9.17969E-02  1.74930E+00
  9.57031E-02  1.74574E+00
  9.96094E-02  1.74216E+00
  1.03516E-01  1.73856E+00
  1.07422E-01  1.73495E+00
  1.11328E-01  1.73131E+00
  1.15234E-01  1.72766E+00
  1.19141E-01  1.72400E+00
  1.23047E-01  1.72031E+00
  1.26953E-01  1.71661E+00
  1.30859E-01  1.71289E+00
  1.34766E-01  1.70915E+00
  1.38672E-01  1.70539E+00
  1.42578E-01  1.70162E+00
  1.46484E-01  1.69782E+00
  1.50391E-01  1.69401E+00
  1.54297E-01  1.69018E+00
  1.58203E-01  1.68634E+00
  1.62109E-01  1.68247E+00
  1.66016E-01  1.67859E+00
  1.69922E-01  1.67469E+00
  1.73828E-01  1.67077E+00
  1.77734E-01  1.66683E+00
  1.81641E-01  1.66288E+00
  1.85547E-01  1.65891E+00
  1.89453E-01  1.65491E+00
  1.93359E-01  1.65091E+00
  1.97266E-01  1.64688E+00
  2.01172E-01  1.64283E+00
  2.05078E-01  1.63877E+00
  2.08984E-01  1.63469E+00
  2.12891E-01  1.63059E+00
  2.16797E-01  1.62647E+00
  2.20703E-01  1.62233E+00
  2.24609E-01  1.61818E+00
  2.28516E-01  1.61401E+00
  2.32422E-01  1.60982E+00
  2.36328E-01  1.60561E+00
  2.40234E-01  1.60138E+00
  2.44141E-01  1.59714E+00
  2.48047E-01  1.59287E+00
  2.51953E-01  1.58859E+00
  2.55859E-01  1.58429E+00
  2.59766E-01  1.57997E+00
  2.63672E-01  1.57564E+00
  2.67578E-01  1.57128E+00
  2.71484E-01  1.56691E+00
  2.75391E-01  1.56252E+00
  2.79297E-01  1.55811E+00
  2.83203E-01  1.55368E+00
  2.87109E-01  1.54923E+00
  2.91016E-01  1.54477E+00
  2.94922E-01  1.54028E+00
  2.98828E-01  1.53578E+00
  3.02734E-01  1.53126E+00
  3.06641E-01  1.52672E+00
  3.10547E-01  1.52216E+00
  3.14453E-01  1.51759E+00
  3.18359E-01  1.51299E+00
  3.22266E-01  1.50838E+00
  3.26172E-01  1.50375E+00
  3.30078E-01  1.49910E+00
  3.33984E-01  1.49443E+00
  3.37891E-01  1.48974E+00
  3.41797E-01  1.48504E+00
  3.45703E-01  1.48031E+00
  3.49609E-01  1.47557E+00
  3.53516E-01  1.47080E+00
  3.57422E-01  1.46602E+00
  3.61328E-01  1.46122E+00
  3.65234E-01  1.45640E+00
  3.69141E-01  1.45156E+00
  3.73047E-01  1.44671E+00
  3.76953E-01  1.44183E+00
  3.80859E-01  1.43694E+00
  3.84766E-01  1.43202E+00
  3.88672E-01  1.42709E+00
  3.92578E-01  1.42214E+00
  3.96484E-01  1.41716E+00
  4.00391E-01  1.41217E+00
  4.04297E-01  1.40716E+00
  4.08203E-01  1.40214E+00
  4.12109E-01  1.39709E+00
  4.16016E-01  1.39202E+00
  4.19922E-01  1.38693E+00
  4.23828E-01  1.38183E+00
  4.27734E-01  1.37670E+00
  4.31641E-01  1.37155E+00
  4.35547E-01  1.36639E+00
  4.39453E-01  1.36120E+00
  4.43359E-01  1.35600E+00
  4.47266E-01  1.35077E+00
  4.51172E-01  1.34553E+00
  4.55078E-01  1.34026E+00
  4.58984E-01  1.33498E+00
  4.62891E-01  1.32968E+00
  4.66797E-01  1.32436E+00
  4.70703E-01  1.31901E+00
  4.74609E-01  1.31365E+00
  4.78516E-01  1.30826E+00
  4.82422E-01  1.30286E+00
  4.86328E-01  1.29744E+00
  4.90234E-01  1.29199E+00
  4.94141E-01  1.28653E+00
  4.98047E-01  1.28104E+00
  5.01953E-01  1.27554E+00
  5.05859E-01  1.27001E+00
  5.09766E-01  1.26447E+00
  5.13672E-01  1.25890E+00
  5.17578E-01  1.25332E+00
  5.21484E-01  1.24771E+00
  5.25391E-01  1.24208E+00
  5.29297E-01  1.23643E+00
  5.33203E-01  1.23076E+00
  5.37109E-01  1.22507E+00
  5.41016E-01  1.21936E+00
  5.44922E-01  1.21363E+00
  5.48828E-01  1.20788E+00
  5.52734E-01  1.20211E+00
  5.56641E-01  1.19632E+00
  5.60547E-01  1.19050E+00
  5.64453E-01  1.18466E+00
  5.68359E-01  1.17881E+00
  5.72266E-01  1.17293E+00
  5.76172E-01  1.16702E+00
  5.80078E-01  1.16110E+00
  5.83984E-01  1.15516E+00
  5.87891E-01  1.14919E+00
  5.91797E-01  1.14321E+00
  5.95703E-01  1.13720E+00
  5.99609E-01  1.13117E+00
  6.03516E-01  1.12512E+00
  6.07422E-01  1.11905E+00
  6.11328E-01  1.11296E+00
  6.15234E-01  1.10684E+00
  6.19141E-01  1.10071E+00
  6.23047E-01  1.09455E+00
  6.26953E-01  1.08837E+00
  6.30859E-01  1.08217E+00
  6.34766E-01  1.07595E+00
  6.38672E-01  1.06970E+00
  6.42578E-01  1.06344E+00
  6.46484E-01  1.05715E+00
  6.50391E-01  1.05083E+00
  6.54297E-01  1.04450E+00
  6.58203E-01  1.03814E+00
  6.62109E-01  1.03176E+00
  6.66016E-01  1.02536E+00
  6.69922E-01  1.01894E+00
  6.73828E-01  1.01249E+00
  6.77734E-01  1.00602E+00
  6.81641E-01  9.99535E-01
  6.85547E-01  9.93023E-01
  6.89453E-01  9.86490E-01
  6.93359E-01  9.79935E-01
  6.97266E-01  9.73357E-01
  7.01172E-01  9.66757E-01
  7.05078E-01  9.60135E-01
  7.08984E-01  9.53492E-01
  7.12891E-01  9.46828E-01
  7.16797E-01  9.40144E-01
  7.20703E-01  9.33437E-01
  7.24609E-01  9.26707E-01
  7.28516E-01  9.19955E-01
  7.32422E-01  9.13184E-01
  7.36328E-01  9.06392E-01
  7.40234E-01  8.99579E-01
  7.44141E-01  8.92746E-01
  7.48047E-01  8.85893E-01
  7.51953E-01  8.79021E-01
  7.55859E-01  8.72129E-01
  7.59766E-01  8.65218E-01
  7.63672E-01  8.58286E-01
  7.67578E-01  8.51335E-01
  7.71484E-01  8.44367E-01
  7.75391E-01  8.37382E-01
  7.79297E-01  8.30377E-01
  7.83203E-01  8.23356E-01
  7.87109E-01  8.16321E-01
  7.91016E-01  8.09267E-01
  7.94922E-01  8.02196E-01
  7.98828E-01  7.95111E-01
  8.02734E-01  7.88013E-01
  8.06641E-01  7.80903E-01
  8.10547E-01  7.73784E-01
  8.14453E-01  7.66653E-01
  8.18359E-01  7.59509E-01
  8.22266E-01  7.52358E-01
  8.26172E-01  7.45202E-01
  8.30078E-01  7.38034E-01
  8.33984E-01  7.30860E-01
  8.37891E-01  7.23684E-01
  8.41797E-01  7.16505E-01
  8.45703E-01  7.09323E-01
  8.49609E-01  7.02141E-01
  8.53516E-01  6.94960E-01
  8.57422E-01  6.87783E-01
  8.61328E-01  6.80612E-01
  8.65234E-01  6.73451E-01
  8.69141E-01  6.66301E-01
  8.73047E-01  6.59163E-01
  8.76953E-01  6.52046E-01
  8.80859E-01  6.44957E-01
  8.84766E-01  6.37892E-01
  8.88672E-01  6.30853E-01
  8.92578E-01  6.23843E-01
  8.96484E-01  6.16870E-01
  9.00391E-01  6.09941E-01
  9.04297E-01  6.03063E-01
  9.08203E-01  5.96237E-01
  9.12109E-01  5.89459E-01
  9.16016E-01  5.82749E-01
  9.19922E-01  5.76104E-01
  9.23828E-01  5.69530E-01
  9.27734E-01  5.63042E-01
  9.31641E-01  5.56640E-01
  9.35547E-01  5.50338E-01
  9.39453E-01  5.44138E-01
  9.43359E-01  5.38063E-01
  9.47266E-01  5.32103E-01
  9.51172E-01  5.26274E-01
  9.55078E-01  5.20596E-01
  9.58984E-01  5.15076E-01
  9.62891E-01  5.09715E-01
  9.66797E-01  5.04524E-01
  9.70703E-01  4.99520E-01
  9.74609E-01  4.94719E-01
  9.78516E-01  4.90132E-01
  9.82422E-01  4.85764E-01
  9.86328E-01  4.81626E-01
  9.90234E-01  4.77727E-01
  9.94141E-01  4.74079E-01
  9.98047E-01  4.70681E-01
  1.00195E+00  4.70689E-01
