 -1.95312E-03  1.82638E+00
  1.95312E-03  1.82726E+00
  5.85938E-03  1.82318E+00
  9.76562E-03  1.81981E+00
  1.36719E-02  1.81653E+00
  1.75781E-02  1.81329E+00
  2.14844E-02  1.81004E+00
  2.53906E-02  1.80678E+00
  2.92969E-02  1.80352E+00
  3.32031E-02  1.80023E+00
  3.71094E-02  1.79693E+00
  4.10156E-02  1.79362E+00
  4.49219E-02  1.79029E+00
  4.88281E-02  1.78694E+00
  5.27344E-02  1.78358E+00
  5.66406E-02  1.78019E+00
  6.05469E-02  1.77679E+00
  6.44531E-02  1.77338E+00
  6.83594E-02  1.76994E+00
  7.22656E-02  1.76649E+00
  7.61719E-02  1.76302E+00
  8.00781E-02  1.75953E+00
  8.39844E-02  1.75602E+00
  8.78906E-02  1.75250E+00
  9.17969E-02  1.74896E+00
  9.57031E-02  1.74540E+00
  9.96094E-02  1.74182E+00
  1.03516E-01  1.73823E+00
  1.07422E-01  1.73461E+00
  1.11328E-01  1.73098E+00
  1.15234E-01  1.72733E+00
  1.19141E-01  1.72366E+00
  1.23047E-01  1.71998E+00
  1.26953E-01  1.71627E+00
  1.30859E-01  1.71255E+00
  1.34766E-01  1.70881E+00
  1.38672E-01  1.70506E+00
  1.42578E-01  1.70128E+00
  1.46484E-01  1.69749E+00
  1.50391E-01  1.69368E+00
  1.54297E-01  1.68985E+00
  1.58203E-01  1.68600E+00
  1.62109E-01  1.68214E+00
  1.66016E-01  1.67826E+00
  1.69922E-01  1.67436E+00
  1.73828E-01  1.67044E+00
  1.77734E-01  1.66650E+00
  1.81641E-01  1.66255E+00
  1.85547E-01  1.65857E+00
  1.89453E-01  1.65458E+00
  1.93359E-01  1.65057E+00
  1.97266E-01  1.64655E+00
  2.01172E-01  1.64250E+00
  2.05078E-01  1.63844E+00
  2.08984E-01  1.63436E+00
  2.12891E-01  1.63026E+00
  2.16797E-01  1.62614E+00
  2.20703E-01  1.62201E+00
  2.24609E-01  1.61785E+00
  2.28516E-01  1.61368E+00
  2.32422E-01  1.60949E+00
  2.36328E-01  1.60528E+00
  2.40234E-01  1.60106E+00
  2.44141E-01  1.59681E+00
  2.48047E-01  1.59255E+00
  2.51953E-01  1.58827E+00
  2.55859E-01  1.58397E+00
  2.59766E-01  1.57965E+00
  2.63672E-01  1.57531E+00
  2.67578E-01  1.57096E+00
  2.71484E-01  1.56659E+00
  2.75391E-01  1.56220E+00
  2.79297E-01  1.55779E+00
  2.83203E-01  1.55336E+00
  2.87109E-01  1.54891E+00
  2.91016E-01  1.54445E+00
  2.94922E-01  1.53997E+00
  2.98828E-01  1.53546E+00
  3.02734E-01  1.53094E+00
  3.06641E-01  1.52641E+00
  3.10547E-01  1.52185E+00
  3.14453E-01  1.51727E+00
  3.18359E-01  1.51268E+00
  3.22266E-01  1.50807E+00
  3.26172E-01  1.50344E+00
  3.30078E-01  1.49879E+00
  3.33984E-01  1.49412E+00
  3.37891E-01  1.48944E+00
  3.41797E-01  1.48473E+00
  3.45703E-01  1.48001E+00
  3.49609E-01  1.47527E+00
  3.53516E-01  1.47051E+00
  3.57422E-01  1.46573E+00
  3.61328E-01  1.46093E+00
  3.65234E-01  1.45611E+00
  3.69141E-01  1.45127E+00
  3.73047E-01  1.44642E+00
  3.76953E-01  1.44154E+00
  3.80859E-01  1.43665E+00
  3.84766E-01  1.43174E+00
  3.88672E-01  1.42681E+00
  3.92578E-01  1.42186E+00
  3.96484E-01  1.41689E+00
  4.00391E-01  1.41190E+00
  4.04297E-01  1.40689E+00
  4.08203E-01  1.40186E+00
  4.12109E-01  1.39682E+00
  4.16016E-01  1.39175E+00
  4.19922E-01  1.38667E+00
  4.23828E-01  1.38156E+00
  4.27734E-01  1.37644E+00
  4.31641E-01  1.37130E+00
  4.35547E-01  1.36613E+00
  4.39453E-01  1.36095E+00
  4.43359E-01  1.35575E+00
  4.47266E-01  1.35052E+00
  4.51172E-01  1.34528E+00
  4.55078E-01  1.34002E+00
  4.58984E-01  1.33474E+00
  4.62891E-01  1.32944E+00
  4.66797E-01  1.32412E+00
  4.70703E-01  1.31878E+00
  4.74609E-01  1.31342E+00
  4.78516E-01  1.30804E+00
  4.82422E-01  1.30264E+00
  4.86328E-01  1.29722E+00
  4.90234E-01  1.29178E+00
  4.94141E-01  1.28632E+00
  4.98047E-01  1.28084E+00
  5.01953E-01  1.27534E+00
  5.05859E-01  1.26981E+00
  5.09766E-01  1.26427E+00
  5.13672E-01  1.25871E+00
  5.17578E-01  1.25313E+00
  5.21484E-01  1.24753E+00
  5.25391E-01  1.24191E+00
  5.29297E-01  1.23626E+00
  5.33203E-01  1.23060E+00
  5.37109E-01  1.22491E+00
  5.41016E-01  1.21921E+00
  5.44922E-01  1.21348E+00
  5.48828E-01  1.20773E+00
  5.52734E-01  1.20196E+00
  5.56641E-01  1.19617E+00
  5.60547E-01  1.19036E+00
  5.64453E-01  1.18453E+00
  5.68359E-01  1.17868E+00
  5.72266E-01  1.17280E+00
  5.76172E-01  1.16690E+00
  5.80078E-01  1.16098E+00
  5.83984E-01  1.15504E+00
  5.87891E-01  1.14908E+00
  5.91797E-01  1.14310E+00
  5.95703E-01  1.13709E+00
  5.99609E-01  1.13107E+00
  6.03516E-01  1.12502E+00
  6.07422E-01  1.11896E+00
  6.11328E-01  1.11287E+00
  6.15234E-01  1.10676E+00
  6.19141E-01  1.10063E+00
  6.23047E-01  1.09447E+00
  6.26953E-01  1.08830E+00
  6.30859E-01  1.08210E+00
  6.34766E-01  1.07589E+00
  6.38672E-01  1.06965E+00
  6.42578E-01  1.06338E+00
  6.46484E-01  1.05710E+00
  6.50391E-01  1.05079E+00
  6.54297E-01  1.04446E+00
  6.58203E-01  1.03811E+00
  6.62109E-01  1.03174E+00
  6.66016E-01  1.02534E+00
  6.69922E-01  1.01892E+00
  6.73828E-01  1.01248E+00
  6.77734E-01  1.00602E+00
  6.81641E-01  9.99536E-01
  6.85547E-01  9.93029E-01
  6.89453E-01  9.86503E-01
  6.93359E-01  9.79954E-01
  6.97266E-01  9.73382E-01
  7.01172E-01  9.66788E-01
  7.05078E-01  9.60172E-01
  7.08984E-01  9.53535E-01
  7.12891E-01  9.46877E-01
  7.16797E-01  9.40198E-01
  7.20703E-01  9.33496E-01
  7.24609E-01  9.26772E-01
  7.28516E-01  9.20029E-01
  7.32422E-01  9.13262E-01
  7.36328E-01  9.06476E-01
  7.40234E-01  8.99670E-01
  7.44141E-01  8.92844E-01
  7.48047E-01  8.85996E-01
  7.51953E-01  8.79130E-01
  7.55859E-01  8.72244E-01
  7.59766E-01  8.65340E-01
  7.63672E-01  8.58415E-01
  7.67578E-01  8.51472E-01
  7.71484E-01  8.44510E-01
  7.75391E-01  8.37528E-01
  7.79297E-01  8.30531E-01
  7.83203E-01  8.23518E-01
  7.87109E-01  8.16488E-01
  7.91016E-01  8.09441E-01
  7.94922E-01  8.02376E-01
  7.98828E-01  7.95302E-01
  8.02734E-01  7.88214E-01
  8.06641E-01  7.81112E-01
  8.10547E-01  7.73997E-01
  8.14453E-01  7.66872E-01
  8.18359E-01  7.59737E-01
  8.22266E-01  7.52594E-01
  8.26172E-01  7.45443E-01
  8.30078E-01  7.38282E-01
  8.33984E-01  7.31116E-01
  8.37891E-01  7.23948E-01
  8.41797E-01  7.16775E-01
  8.45703E-01  7.09602E-01
  8.49609E-01  7.02429E-01
  8.53516E-01  6.95258E-01
  8.57422E-01  6.88093E-01
  8.61328E-01  6.80930E-01
  8.65234E-01  6.73778E-01
  8.69141E-01  6.66638E-01
  8.73047E-01  6.59511E-01
  8.76953E-01  6.52401E-01
  8.80859E-01  6.45317E-01
  8.84766E-01  6.38265E-01
  8.88672E-01  6.31236E-01
  8.92578E-01  6.24239E-01
  8.96484E-01  6.17277E-01
  9.00391E-01  6.10362E-01
  9.04297E-01  6.03492E-01
  9.08203E-01  5.96681E-01
  9.12109E-01  5.89924E-01
  9.16016E-01  5.83229E-01
  9.19922E-01  5.76601E-01
  9.23828E-01  5.70045E-01
  9.27734E-01  5.63577E-01
  9.31641E-01  5.57194E-01
  9.35547E-01  5.50913E-01
  9.39453E-01  5.44737E-01
  9.43359E-01  5.38678E-01
  9.47266E-01  5.32734E-01
  9.51172E-01  5.26918E-01
  9.55078E-01  5.21251E-01
  9.58984E-01  5.15733E-01
  9.62891E-01  5.10376E-01
  9.66797E-01  5.05189E-01
  9.70703E-01  5.00194E-01
  9.74609E-01  4.95392E-01
  9.78516E-01  4.90801E-01
  9.82422E-01  4.86435E-01
  9.86328E-01  4.82301E-01
  9.90234E-01  4.78398E-01
  9.94141E-01  4.74742E-01
  9.98047E-01  4.71340E-01
  1.00195E+00  4.71347E-01
