 -1.95312E-03  1.82438E+00
  1.95312E-03  1.82556E+00
  5.85938E-03  1.82144E+00
  9.76562E-03  1.81807E+00
  1.36719E-02  1.81479E+00
  1.75781E-02  1.81155E+00
  2.14844E-02  1.80830E+00
  2.53906E-02  1.80504E+00
  2.92969E-02  1.80177E+00
  3.32031E-02  1.79849E+00
  3.71094E-02  1.79519E+00
  4.10156E-02  1.79188E+00
  4.49219E-02  1.78855E+00
  4.88281E-02  1.78520E+00
  5.27344E-02  1.78184E+00
  5.66406E-02  1.77846E+00
  6.05469E-02  1.77506E+00
  6.44531E-02  1.77164E+00
  6.83594E-02  1.76821E+00
  7.22656E-02  1.76475E+00
  7.61719E-02  1.76128E+00
  8.00781E-02  1.75779E+00
  8.39844E-02  1.75429E+00
  8.78906E-02  1.75077E+00
  9.17969E-02  1.74722E+00
  9.57031E-02  1.74366E+00
  9.96094E-02  1.74009E+00
  1.03516E-01  1.73649E+00
  1.07422E-01  1.73288E+00
  1.11328E-01  1.72925E+00
  1.15234E-01  1.72560E+00
  1.19141E-01  1.72193E+00
  1.23047E-01  1.71825E+00
  1.26953E-01  1.71454E+00
  1.30859E-01  1.71082E+00
  1.34766E-01  1.70709E+00
  1.38672E-01  1.70333E+00
  1.42578E-01  1.69956E+00
  1.46484E-01  1.69577E+00
  1.50391E-01  1.69196E+00
  1.54297E-01  1.68813E+00
  1.58203E-01  1.68428E+00
  1.62109E-01  1.68042E+00
  1.66016E-01  1.67654E+00
  1.69922E-01  1.67264E+00
  1.73828E-01  1.66872E+00
  1.77734E-01  1.66479E+00
  1.81641E-01  1.66083E+00
  1.85547E-01  1.65686E+00
  1.89453E-01  1.65287E+00
  1.93359E-01  1.64886E+00
  1.97266E-01  1.64484E+00
  2.01172E-01  1.64080E+00
  2.05078E-01  1.63673E+00
  2.08984E-01  1.63265E+00
  2.12891E-01  1.62855E+00
  2.16797E-01  1.62444E+00
  2.20703E-01  1.62030E+00
  2.24609E-01  1.61615E+00
  2.28516E-01  1.61198E+00
  2.32422E-01  1.60779E+00
  2.36328E-01  1.60359E+00
  2.40234E-01  1.59936E+00
  2.44141E-01  1.59512E+00
  2.48047E-01  1.59086E+00
  2.51953E-01  1.58658E+00
  2.55859E-01  1.58228E+00
  2.59766E-01  1.57796E+00
  2.63672E-01  1.57363E+00
  2.67578E-01  1.56928E+00
  2.71484E-01  1.56491E+00
  2.75391E-01  1.56052E+00
  2.79297E-01  1.55611E+00
  2.83203E-01  1.55168E+00
  2.87109E-01  1.54724E+00
  2.91016E-01  1.54278E+00
  2.94922E-01  1.53830E+00
  2.98828E-01  1.53380E+00
  3.02734E-01  1.52928E+00
  3.06641E-01  1.52475E+00
  3.10547E-01  1.52019E+00
  3.14453E-01  1.51562E+00
  3.18359E-01  1.51103E+00
  3.22266E-01  1.50643E+00
  3.26172E-01  1.50180E+00
  3.30078E-01  1.49715E+00
  3.33984E-01  1.49249E+00
  3.37891E-01  1.48781E+00
  3.41797E-01  1.48310E+00
  3.45703E-01  1.47838E+00
  3.49609E-01  1.47365E+00
  3.53516E-01  1.46889E+00
  3.57422E-01  1.46412E+00
  3.61328E-01  1.45932E+00
  3.65234E-01  1.45451E+00
  3.69141E-01  1.44968E+00
  3.73047E-01  1.44483E+00
  3.76953E-01  1.43996E+00
  3.80859E-01  1.43507E+00
  3.84766E-01  1.43016E+00
  3.88672E-01  1.42524E+00
  3.92578E-01  1.42029E+00
  3.96484E-01  1.41533E+00
  4.00391E-01  1.41035E+00
  4.04297E-01  1.40535E+00
  4.08203E-01  1.40033E+00
  4.12109E-01  1.39529E+00
  4.16016E-01  1.39023E+00
  4.19922E-01  1.38516E+00
  4.23828E-01  1.38006E+00
  4.27734E-01  1.37495E+00
  4.31641E-01  1.36981E+00
  4.35547E-01  1.36466E+00
  4.39453E-01  1.35948E+00
  4.43359E-01  1.35429E+00
  4.47266E-01  1.34907E+00
  4.51172E-01  1.34384E+00
  4.55078E-01  1.33859E+00
  4.58984E-01  1.33332E+00
  4.62891E-01  1.32803E+00
  4.66797E-01  1.32272E+00
  4.70703E-01  1.31739E+00
  4.74609E-01  1.31204E+00
  4.78516E-01  1.30667E+00
  4.82422E-01  1.30128E+00
  4.86328E-01  1.29587E+00
  4.90234E-01  1.29044E+00
  4.94141E-01  1.28499E+00
  4.98047E-01  1.27952E+00
  5.01953E-01  1.27404E+00
  5.05859E-01  1.26853E+00
  5.09766E-01  1.26300E+00
  5.13672E-01  1.25745E+00
  5.17578E-01  1.25188E+00
  5.21484E-01  1.24629E+00
  5.25391E-01  1.24068E+00
  5.29297E-01  1.23505E+00
  5.33203E-01  1.22940E+00
  5.37109E-01  1.22372E+00
  5.41016E-01  1.21803E+00
  5.44922E-01  1.21232E+00
  5.48828E-01  1.20659E+00
  5.52734E-01  1.20083E+00
  5.56641E-01  1.19506E+00
  5.60547E-01  1.18927E+00
  5.64453E-01  1.18345E+00
  5.68359E-01  1.17761E+00
  5.72266E-01  1.17176E+00
  5.76172E-01  1.16588E+00
  5.80078E-01  1.15998E+00
  5.83984E-01  1.15405E+00
  5.87891E-01  1.14811E+00
  5.91797E-01  1.14215E+00
  5.95703E-01  1.13617E+00
  5.99609E-01  1.13016E+00
  6.03516E-01  1.12414E+00
  6.07422E-01  1.11809E+00
  6.11328E-01  1.11202E+00
  6.15234E-01  1.10593E+00
  6.19141E-01  1.09982E+00
  6.23047E-01  1.09369E+00
  6.26953E-01  1.08754E+00
  6.30859E-01  1.08137E+00
  6.34766E-01  1.07517E+00
  6.38672E-01  1.06896E+00
  6.42578E-01  1.06272E+00
  6.46484E-01  1.05646E+00
  6.50391E-01  1.05017E+00
  6.54297E-01  1.04387E+00
  6.58203E-01  1.03754E+00
  6.62109E-01  1.03119E+00
  6.66016E-01  1.02482E+00
  6.69922E-01  1.01843E+00
  6.73828E-01  1.01201E+00
  6.77734E-01  1.00557E+00
  6.81641E-01  9.99113E-01
  6.85547E-01  9.92630E-01
  6.89453E-01  9.86127E-01
  6.93359E-01  9.79600E-01
  6.97266E-01  9.73050E-01
  7.01172E-01  9.66479E-01
  7.05078E-01  9.59885E-01
  7.08984E-01  9.53270E-01
  7.12891E-01  9.46634E-01
  7.16797E-01  9.39975E-01
  7.20703E-01  9.33295E-01
  7.24609E-01  9.26593E-01
  7.28516E-01  9.19869E-01
  7.32422E-01  9.13124E-01
  7.36328E-01  9.06360E-01
  7.40234E-01  8.99573E-01
  7.44141E-01  8.92764E-01
  7.48047E-01  8.85937E-01
  7.51953E-01  8.79088E-01
  7.55859E-01  8.72219E-01
  7.59766E-01  8.65332E-01
  7.63672E-01  8.58426E-01
  7.67578E-01  8.51503E-01
  7.71484E-01  8.44560E-01
  7.75391E-01  8.37599E-01
  7.79297E-01  8.30621E-01
  7.83203E-01  8.23625E-01
  7.87109E-01  8.16613E-01
  7.91016E-01  8.09584E-01
  7.94922E-01  8.02539E-01
  7.98828E-01  7.95482E-01
  8.02734E-01  7.88411E-01
  8.06641E-01  7.81325E-01
  8.10547E-01  7.74228E-01
  8.14453E-01  7.67123E-01
  8.18359E-01  7.60007E-01
  8.22266E-01  7.52879E-01
  8.26172E-01  7.45746E-01
  8.30078E-01  7.38602E-01
  8.33984E-01  7.31454E-01
  8.37891E-01  7.24299E-01
  8.41797E-01  7.17138E-01
  8.45703E-01  7.09976E-01
  8.49609E-01  7.02815E-01
  8.53516E-01  6.95658E-01
  8.57422E-01  6.88508E-01
  8.61328E-01  6.81364E-01
  8.65234E-01  6.74229E-01
  8.69141E-01  6.67108E-01
  8.73047E-01  6.59997E-01
  8.76953E-01  6.52906E-01
  8.80859E-01  6.45841E-01
  8.84766E-01  6.38800E-01
  8.88672E-01  6.31791E-01
  8.92578E-01  6.24809E-01
  8.96484E-01  6.17863E-01
  9.00391E-01  6.10958E-01
  9.04297E-01  6.04101E-01
  9.08203E-01  5.97302E-01
  9.12109E-01  5.90559E-01
  9.16016E-01  5.83874E-01
  9.19922E-01  5.77258E-01
  9.23828E-01  5.70720E-01
  9.27734E-01  5.64270E-01
  9.31641E-01  5.57901E-01
  9.35547E-01  5.51628E-01
  9.39453E-01  5.45456E-01
  9.43359E-01  5.39402E-01
  9.47266E-01  5.33475E-01
  9.51172E-01  5.27683E-01
  9.55078E-01  5.22039E-01
  9.58984E-01  5.16548E-01
  9.62891E-01  5.11223E-01
  9.66797E-01  5.06071E-01
  9.70703E-01  5.01099E-01
  9.74609E-01  4.96314E-01
  9.78516E-01  4.91736E-01
  9.82422E-01  4.87372E-01
  9.86328E-01  4.83236E-01
  9.90234E-01  4.79337E-01
  9.94141E-01  4.75685E-01
  9.98047E-01  4.72287E-01
  1.00195E+00  4.72297E-01
