 -1.95312E-03  1.82403E+00
  1.95312E-03  1.82505E+00
  5.85938E-03  1.82096E+00
  9.76562E-03  1.81758E+00
  1.36719E-02  1.81431E+00
  1.75781E-02  1.81106E+00
  2.14844E-02  1.80782E+00
  2.53906E-02  1.80456E+00
  2.92969E-02  1.80129E+00
  3.32031E-02  1.79801E+00
  3.71094E-02  1.79471E+00
  4.10156E-02  1.79140E+00
  4.49219E-02  1.78807E+00
  4.88281E-02  1.78472E+00
  5.27344E-02  1.78135E+00
  5.66406E-02  1.77797E+00
  6.05469E-02  1.77457E+00
  6.44531E-02  1.77116E+00
  6.83594E-02  1.76772E+00
  7.22656E-02  1.76427E+00
  7.61719E-02  1.76080E+00
  8.00781E-02  1.75731E+00
  8.39844E-02  1.75381E+00
  8.78906E-02  1.75028E+00
  9.17969E-02  1.74674E+00
  9.57031E-02  1.74318E+00
  9.96094E-02  1.73961E+00
  1.03516E-01  1.73601E+00
  1.07422E-01  1.73240E+00
  1.11328E-01  1.72877E+00
  1.15234E-01  1.72512E+00
  1.19141E-01  1.72146E+00
  1.23047E-01  1.71777E+00
  1.26953E-01  1.71407E+00
  1.30859E-01  1.71035E+00
  1.34766E-01  1.70662E+00
  1.38672E-01  1.70286E+00
  1.42578E-01  1.69909E+00
  1.46484E-01  1.69530E+00
  1.50391E-01  1.69149E+00
  1.54297E-01  1.68766E+00
  1.58203E-01  1.68381E+00
  1.62109E-01  1.67995E+00
  1.66016E-01  1.67607E+00
  1.69922E-01  1.67217E+00
  1.73828E-01  1.66825E+00
  1.77734E-01  1.66432E+00
  1.81641E-01  1.66036E+00
  1.85547E-01  1.65639E+00
  1.89453E-01  1.65240E+00
  1.93359E-01  1.64839E+00
  1.97266E-01  1.64437E+00
  2.01172E-01  1.64033E+00
  2.05078E-01  1.63626E+00
  2.08984E-01  1.63218E+00
  2.12891E-01  1.62808E+00
  2.16797E-01  1.62397E+00
  2.20703E-01  1.61983E+00
  2.24609E-01  1.61568E+00
  2.28516E-01  1.61151E+00
  2.32422E-01  1.60732E+00
  2.36328E-01  1.60312E+00
  2.40234E-01  1.59889E+00
  2.44141E-01  1.59465E+00
  2.48047E-01  1.59039E+00
  2.51953E-01  1.58611E+00
  2.55859E-01  1.58181E+00
  2.59766E-01  1.57750E+00
  2.63672E-01  1.57316E+00
  2.67578E-01  1.56881E+00
  2.71484E-01  1.56444E+00
  2.75391E-01  1.56005E+00
  2.79297E-01  1.55564E+00
  2.83203E-01  1.55122E+00
  2.87109E-01  1.54677E+00
  2.91016E-01  1.54231E+00
  2.94922E-01  1.53783E+00
  2.98828E-01  1.53334E+00
  3.02734E-01  1.52882E+00
  3.06641E-01  1.52429E+00
  3.10547E-01  1.51973E+00
  3.14453E-01  1.51516E+00
  3.18359E-01  1.51058E+00
  3.22266E-01  1.50597E+00
  3.26172E-01  1.50134E+00
  3.30078E-01  1.49670E+00
  3.33984E-01  1.49203E+00
  3.37891E-01  1.48735E+00
  3.41797E-01  1.48265E+00
  3.45703E-01  1.47793E+00
  3.49609E-01  1.47320E+00
  3.53516E-01  1.46844E+00
  3.57422E-01  1.46367E+00
  3.61328E-01  1.45887E+00
  3.65234E-01  1.45406E+00
  3.69141E-01  1.44923E+00
  3.73047E-01  1.44438E+00
  3.76953E-01  1.43952E+00
  3.80859E-01  1.43463E+00
  3.84766E-01  1.42973E+00
  3.88672E-01  1.42480E+00
  3.92578E-01  1.41986E+00
  3.96484E-01  1.41490E+00
  4.00391E-01  1.40992E+00
  4.04297E-01  1.40492E+00
  4.08203E-01  1.39990E+00
  4.12109E-01  1.39487E+00
  4.16016E-01  1.38981E+00
  4.19922E-01  1.38474E+00
  4.23828E-01  1.37964E+00
  4.27734E-01  1.37453E+00
  4.31641E-01  1.36940E+00
  4.35547E-01  1.36424E+00
  4.39453E-01  1.35907E+00
  4.43359E-01  1.35388E+00
  4.47266E-01  1.34867E+00
  4.51172E-01  1.34344E+00
  4.55078E-01  1.33819E+00
  4.58984E-01  1.33293E+00
  4.62891E-01  1.32764E+00
  4.66797E-01  1.32233E+00
  4.70703E-01  1.31700E+00
  4.74609E-01  1.31166E+00
  4.78516E-01  1.30629E+00
  4.82422E-01  1.30090E+00
  4.86328E-01  1.29550E+00
  4.90234E-01  1.29007E+00
  4.94141E-01  1.28463E+00
  4.98047E-01  1.27916E+00
  5.01953E-01  1.27368E+00
  5.05859E-01  1.26817E+00
  5.09766E-01  1.26265E+00
  5.13672E-01  1.25711E+00
  5.17578E-01  1.25154E+00
  5.21484E-01  1.24596E+00
  5.25391E-01  1.24035E+00
  5.29297E-01  1.23473E+00
  5.33203E-01  1.22909E+00
  5.37109E-01  1.22342E+00
  5.41016E-01  1.21774E+00
  5.44922E-01  1.21203E+00
  5.48828E-01  1.20631E+00
  5.52734E-01  1.20057E+00
  5.56641E-01  1.19481E+00
  5.60547E-01  1.18902E+00
  5.64453E-01  1.18322E+00
  5.68359E-01  1.17740E+00
  5.72266E-01  1.17155E+00
  5.76172E-01  1.16568E+00
  5.80078E-01  1.15980E+00
  5.83984E-01  1.15389E+00
  5.87891E-01  1.14796E+00
  5.91797E-01  1.14201E+00
  5.95703E-01  1.13604E+00
  5.99609E-01  1.13005E+00
  6.03516E-01  1.12404E+00
  6.07422E-01  1.11801E+00
  6.11328E-01  1.11196E+00
  6.15234E-01  1.10588E+00
  6.19141E-01  1.09979E+00
  6.23047E-01  1.09368E+00
  6.26953E-01  1.08754E+00
  6.30859E-01  1.08138E+00
  6.34766E-01  1.07520E+00
  6.38672E-01  1.06900E+00
  6.42578E-01  1.06278E+00
  6.46484E-01  1.05653E+00
  6.50391E-01  1.05026E+00
  6.54297E-01  1.04397E+00
  6.58203E-01  1.03766E+00
  6.62109E-01  1.03132E+00
  6.66016E-01  1.02496E+00
  6.69922E-01  1.01858E+00
  6.73828E-01  1.01218E+00
  6.77734E-01  1.00575E+00
  6.81641E-01  9.99305E-01
  6.85547E-01  9.92833E-01
  6.89453E-01  9.86339E-01
  6.93359E-01  9.79821E-01
  6.97266E-01  9.73279E-01
  7.01172E-01  9.66715E-01
  7.05078E-01  9.60130E-01
  7.08984E-01  9.53523E-01
  7.12891E-01  9.46896E-01
  7.16797E-01  9.40247E-01
  7.20703E-01  9.33577E-01
  7.24609E-01  9.26884E-01
  7.28516E-01  9.20170E-01
  7.32422E-01  9.13434E-01
  7.36328E-01  9.06678E-01
  7.40234E-01  8.99901E-01
  7.44141E-01  8.93103E-01
  7.48047E-01  8.86286E-01
  7.51953E-01  8.79447E-01
  7.55859E-01  8.72587E-01
  7.59766E-01  8.65710E-01
  7.63672E-01  8.58814E-01
  7.67578E-01  8.51901E-01
  7.71484E-01  8.44969E-01
  7.75391E-01  8.38017E-01
  7.79297E-01  8.31048E-01
  7.83203E-01  8.24064E-01
  7.87109E-01  8.17065E-01
  7.91016E-01  8.10049E-01
  7.94922E-01  8.03016E-01
  7.98828E-01  7.95972E-01
  8.02734E-01  7.88913E-01
  8.06641E-01  7.81843E-01
  8.10547E-01  7.74762E-01
  8.14453E-01  7.67673E-01
  8.18359E-01  7.60571E-01
  8.22266E-01  7.53460E-01
  8.26172E-01  7.46340E-01
  8.30078E-01  7.39211E-01
  8.33984E-01  7.32073E-01
  8.37891E-01  7.24935E-01
  8.41797E-01  7.17793E-01
  8.45703E-01  7.10651E-01
  8.49609E-01  7.03511E-01
  8.53516E-01  6.96370E-01
  8.57422E-01  6.89236E-01
  8.61328E-01  6.82108E-01
  8.65234E-01  6.74992E-01
  8.69141E-01  6.67887E-01
  8.73047E-01  6.60798E-01
  8.76953E-01  6.53729E-01
  8.80859E-01  6.46688E-01
  8.84766E-01  6.39671E-01
  8.88672E-01  6.32687E-01
  8.92578E-01  6.25729E-01
  8.96484E-01  6.18804E-01
  9.00391E-01  6.11922E-01
  9.04297E-01  6.05089E-01
  9.08203E-01  5.98309E-01
  9.12109E-01  5.91588E-01
  9.16016E-01  5.84931E-01
  9.19922E-01  5.78343E-01
  9.23828E-01  5.71829E-01
  9.27734E-01  5.65407E-01
  9.31641E-01  5.59069E-01
  9.35547E-01  5.52826E-01
  9.39453E-01  5.46685E-01
  9.43359E-01  5.40664E-01
  9.47266E-01  5.34770E-01
  9.51172E-01  5.29012E-01
  9.55078E-01  5.23401E-01
  9.58984E-01  5.17937E-01
  9.62891E-01  5.12635E-01
  9.66797E-01  5.07494E-01
  9.70703E-01  5.02545E-01
  9.74609E-01  4.97783E-01
  9.78516E-01  4.93225E-01
  9.82422E-01  4.88880E-01
  9.86328E-01  4.84757E-01
  9.90234E-01  4.80874E-01
  9.94141E-01  4.77242E-01
  9.98047E-01  4.73842E-01
  1.00195E+00  4.73851E-01
