 -1.95312E-03  1.16312E+00
  1.95312E-03  1.16319E+00
  5.85938E-03  1.16273E+00
  9.76562E-03  1.16228E+00
  1.36719E-02  1.16179E+00
  1.75781E-02  1.16125E+00
  2.14844E-02  1.16067E+00
  2.53906E-02  1.16004E+00
  2.92969E-02  1.15938E+00
  3.32031E-02  1.15868E+00
  3.71094E-02  1.15794E+00
  4.10156E-02  1.15718E+00
  4.49219E-02  1.15638E+00
  4.88281E-02  1.15556E+00
  5.27344E-02  1.15471E+00
  5.66406E-02  1.15384E+00
  6.05469E-02  1.15295E+00
  6.44531E-02  1.15203E+00
  6.83594E-02  1.15111E+00
  7.22656E-02  1.15016E+00
  7.61719E-02  1.14920E+00
  8.00781E-02  1.14823E+00
  8.39844E-02  1.14725E+00
  8.78906E-02  1.14626E+00
  9.17969E-02  1.14526E+00
  9.57031E-02  1.14425E+00
  9.96094E-02  1.14323E+00
  1.03516E-01  1.14221E+00
  1.07422E-01  1.14118E+00
  1.11328E-01  1.14015E+00
  1.15234E-01  1.13911E+00
  1.19141E-01  1.13807E+00
  1.23047E-01  1.13702E+00
  1.26953E-01  1.13597E+00
  1.30859E-01  1.13492E+00
  1.34766E-01  1.13387E+00
  1.38672E-01  1.13282E+00
  1.42578E-01  1.13176E+00
  1.46484E-01  1.13071E+00
  1.50391E-01  1.12965E+00
  1.54297E-01  1.12859E+00
  1.58203E-01  1.12754E+00
  1.62109E-01  1.12648E+00
  1.66016E-01  1.12542E+00
  1.69922E-01  1.12436E+00
  1.73828E-01  1.12330E+00
  1.77734E-01  1.12225E+00
  1.81641E-01  1.12119E+00
  1.85547E-01  1.12013E+00
  1.89453E-01  1.11907E+00
  1.93359E-01  1.11802E+00
  1.97266E-01  1.11696E+00
  2.01172E-01  1.11591E+00
  2.05078E-01  1.11485E+00
  2.08984E-01  1.11380E+00
  2.12891E-01  1.11274E+00
  2.16797E-01  1.11169E+00
  2.20703E-01  1.11064E+00
  2.24609E-01  1.10959E+00
  2.28516E-01  1.10854E+00
  2.32422E-01  1.10749E+00
  2.36328E-01  1.10644E+00
  2.40234E-01  1.10540E+00
  2.44141E-01  1.10435E+00
  2.48047E-01  1.10330E+00
  2.51953E-01  1.10226E+00
  2.55859E-01  1.10122E+00
  2.59766E-01  1.10018E+00
  2.63672E-01  1.09913E+00
  2.67578E-01  1.09809E+00
  2.71484E-01  1.09705E+00
  2.75391E-01  1.09602E+00
  2.79297E-01  1.09498E+00
  2.83203E-01  1.09394E+00
  2.87109E-01  1.09291E+00
  2.91016E-01  1.09188E+00
  2.94922E-01  1.09084E+00
  2.98828E-01  1.08981E+00
  3.02734E-01  1.08878E+00
  3.06641E-01  1.08775E+00
  3.10547E-01  1.08672E+00
  3.14453E-01  1.08570E+00
  3.18359E-01  1.08467E+00
  3.22266E-01  1.08364E+00
  3.26172E-01  1.08262E+00
  3.30078E-01  1.08160E+00
  3.33984E-01  1.08058E+00
  3.37891E-01  1.07956E+00
  3.41797E-01  1.07854E+00
  3.45703E-01  1.07752E+00
  3.49609E-01  1.07650E+00
  3.53516E-01  1.07549E+00
  3.57422E-01  1.07447E+00
  3.61328E-01  1.07346E+00
  3.65234E-01  1.07245E+00
  3.69141E-01  1.07144E+00
  3.73047E-01  1.07043E+00
  3.76953E-01  1.06942E+00
  3.80859E-01  1.06841E+00
  3.84766E-01  1.06741E+00
  3.88672E-01  1.06640E+00
  3.92578E-01  1.06540E+00
  3.96484E-01  1.06439E+00
  4.00391E-01  1.06339E+00
  4.04297E-01  1.06239E+00
  4.08203E-01  1.06139E+00
  4.12109E-01  1.06039E+00
  4.16016E-01  1.05940E+00
  4.19922E-01  1.05840E+00
  4.23828E-01  1.05741E+00
  4.27734E-01  1.05641E+00
  4.31641E-01  1.05542E+00
  4.35547E-01  1.05443E+00
  4.39453E-01  1.05344E+00
  4.43359E-01  1.05245E+00
  4.47266E-01  1.05147E+00
  4.51172E-01  1.05048E+00
  4.55078E-01  1.04949E+00
  4.58984E-01  1.04851E+00
  4.62891E-01  1.04753E+00
  4.66797E-01  1.04655E+00
  4.70703E-01  1.04557E+00
  4.74609E-01  1.04459E+00
  4.78516E-01  1.04361E+00
  4.82422E-01  1.04263E+00
  4.86328E-01  1.04166E+00
  4.90234E-01  1.04068E+00
  4.94141E-01  1.03971E+00
  4.98047E-01  1.03874E+00
  5.01953E-01  1.03776E+00
  5.05859E-01  1.03679E+00
  5.09766E-01  1.03583E+00
  5.13672E-01  1.03486E+00
  5.17578E-01  1.03389E+00
  5.21484E-01  1.03293E+00
  5.25391E-01  1.03196E+00
  5.29297E-01  1.03100E+00
  5.33203E-01  1.03004E+00
  5.37109E-01  1.02908E+00
  5.41016E-01  1.02812E+00
  5.44922E-01  1.02716E+00
  5.48828E-01  1.02620E+00
  5.52734E-01  1.02525E+00
  5.56641E-01  1.02429E+00
  5.60547E-01  1.02334E+00
  5.64453E-01  1.02239E+00
  5.68359E-01  1.02144E+00
  5.72266E-01  1.02049E+00
  5.76172E-01  1.01954E+00
  5.80078E-01  1.01859E+00
  5.83984E-01  1.01765E+00
  5.87891E-01  1.01670E+00
  5.91797E-01  1.01576E+00
  5.95703E-01  1.01482E+00
  5.99609E-01  1.01387E+00
  6.03516E-01  1.01293E+00
  6.07422E-01  1.01199E+00
  6.11328E-01  1.01106E+00
  6.15234E-01  1.01012E+00
  6.19141E-01  1.00918E+00
  6.23047E-01  1.00825E+00
  6.26953E-01  1.00731E+00
  6.30859E-01  1.00638E+00
  6.34766E-01  1.00545E+00
  6.38672E-01  1.00452E+00
  6.42578E-01  1.00359E+00
  6.46484E-01  1.00266E+00
  6.50391E-01  1.00173E+00
  6.54297E-01  1.00081E+00
  6.58203E-01  9.99881E-01
  6.62109E-01  9.98958E-01
  6.66016E-01  9.98035E-01
  6.69922E-01  9.97114E-01
  6.73828E-01  9.96193E-01
  6.77734E-01  9.95274E-01
  6.81641E-01  9.94355E-01
  6.85547E-01  9.93438E-01
  6.89453E-01  9.92522E-01
  6.93359E-01  9.91607E-01
  6.97266E-01  9.90693E-01
  7.01172E-01  9.89780E-01
  7.05078E-01  9.88869E-01
  7.08984E-01  9.87958E-01
  7.12891E-01  9.87049E-01
  7.16797E-01  9.86140E-01
  7.20703E-01  9.85233E-01
  7.24609E-01  9.84327E-01
  7.28516E-01  9.83422E-01
  7.32422E-01  9.82518E-01
  7.36328E-01  9.81616E-01
  7.40234E-01  9.80714E-01
  7.44141E-01  9.79814E-01
  7.48047E-01  9.78914E-01
  7.51953E-01  9.78016E-01
  7.55859E-01  9.77119E-01
  7.59766E-01  9.76222E-01
  7.63672E-01  9.75327E-01
  7.67578E-01  9.74433E-01
  7.71484E-01  9.73541E-01
  7.75391E-01  9.72649E-01
  7.79297E-01  9.71758E-01
  7.83203E-01  9.70868E-01
  7.87109E-01  9.69980E-01
  7.91016E-01  9.69092E-01
  7.94922E-01  9.68206E-01
  7.98828E-01  9.67320E-01
  8.02734E-01  9.66436E-01
  8.06641E-01  9.65552E-01
  8.10547E-01  9.64670E-01
  8.14453E-01  9.63789E-01
  8.18359E-01  9.62908E-01
  8.22266E-01  9.62028E-01
  8.26172E-01  9.61150E-01
  8.30078E-01  9.60272E-01
  8.33984E-01  9.59394E-01
  8.37891E-01  9.58518E-01
  8.41797E-01  9.57643E-01
  8.45703E-01  9.56768E-01
  8.49609E-01  9.55894E-01
  8.53516E-01  9.55021E-01
  8.57422E-01  9.54149E-01
  8.61328E-01  9.53277E-01
  8.65234E-01  9.52406E-01
  8.69141E-01  9.51536E-01
  8.73047E-01  9.50667E-01
  8.76953E-01  9.49799E-01
  8.80859E-01  9.48931E-01
  8.84766E-01  9.48064E-01
  8.88672E-01  9.47197E-01
  8.92578E-01  9.46332E-01
  8.96484E-01  9.45468E-01
  9.00391E-01  9.44605E-01
  9.04297E-01  9.43743E-01
  9.08203E-01  9.42884E-01
  9.12109E-01  9.42026E-01
  9.16016E-01  9.41171E-01
  9.19922E-01  9.40319E-01
  9.23828E-01  9.39470E-01
  9.27734E-01  9.38627E-01
  9.31641E-01  9.37788E-01
  9.35547E-01  9.36956E-01
  9.39453E-01  9.36131E-01
  9.43359E-01  9.35315E-01
  9.47266E-01  9.34510E-01
  9.51172E-01  9.33717E-01
  9.55078E-01  9.32939E-01
  9.58984E-01  9.32178E-01
  9.62891E-01  9.31437E-01
  9.66797E-01  9.30718E-01
  9.70703E-01  9.30025E-01
  9.74609E-01  9.29362E-01
  9.78516E-01  9.28733E-01
  9.82422E-01  9.28142E-01
  9.86328E-01  9.27595E-01
  9.90234E-01  9.27097E-01
  9.94141E-01  9.26653E-01
  9.98047E-01  9.26234E-01
  1.00195E+00  9.26251E-01
