 -1.95312E-03  2.49143E+00
  1.95312E-03  2.49149E+00
  5.85938E-03  2.49099E+00
  9.76562E-03  2.49046E+00
  1.36719E-02  2.48986E+00
  1.75781E-02  2.48916E+00
  2.14844E-02  2.48838E+00
  2.53906E-02  2.48750E+00
  2.92969E-02  2.48654E+00
  3.32031E-02  2.48548E+00
  3.71094E-02  2.48434E+00
  4.10156E-02  2.48310E+00
  4.49219E-02  2.48178E+00
  4.88281E-02  2.48036E+00
  5.27344E-02  2.47886E+00
  5.66406E-02  2.47728E+00
  6.05469E-02  2.47560E+00
  6.44531E-02  2.47384E+00
  6.83594E-02  2.47199E+00
  7.22656E-02  2.47006E+00
  7.61719E-02  2.46804E+00
  8.00781E-02  2.46593E+00
  8.39844E-02  2.46375E+00
  8.78906E-02  2.46147E+00
  9.17969E-02  2.45912E+00
  9.57031E-02  2.45668E+00
  9.96094E-02  2.45415E+00
  1.03516E-01  2.45154E+00
  1.07422E-01  2.44885E+00
  1.11328E-01  2.44608E+00
  1.15234E-01  2.44323E+00
  1.19141E-01  2.44029E+00
  1.23047E-01  2.43727E+00
  1.26953E-01  2.43418E+00
  1.30859E-01  2.43100E+00
  1.34766E-01  2.42773E+00
  1.38672E-01  2.42439E+00
  1.42578E-01  2.42097E+00
  1.46484E-01  2.41747E+00
  1.50391E-01  2.41388E+00
  1.54297E-01  2.41022E+00
  1.58203E-01  2.40648E+00
  1.62109E-01  2.40265E+00
  1.66016E-01  2.39875E+00
  1.69922E-01  2.39477E+00
  1.73828E-01  2.39070E+00
  1.77734E-01  2.38656E+00
  1.81641E-01  2.38234E+00
  1.85547E-01  2.37804E+00
  1.89453E-01  2.37366E+00
  1.93359E-01  2.36920E+00
  1.97266E-01  2.36466E+00
  2.01172E-01  2.36005E+00
  2.05078E-01  2.35535E+00
  2.08984E-01  2.35057E+00
  2.12891E-01  2.34572E+00
  2.16797E-01  2.34078E+00
  2.20703E-01  2.33577E+00
  2.24609E-01  2.33067E+00
  2.28516E-01  2.32550E+00
  2.32422E-01  2.32025E+00
  2.36328E-01  2.31491E+00
  2.40234E-01  2.30950E+00
  2.44141E-01  2.30401E+00
  2.48047E-01  2.29844E+00
  2.51953E-01  2.29278E+00
  2.55859E-01  2.28705E+00
  2.59766E-01  2.28124E+00
  2.63672E-01  2.27535E+00
  2.67578E-01  2.26937E+00
  2.71484E-01  2.26331E+00
  2.75391E-01  2.25718E+00
  2.79297E-01  2.25096E+00
  2.83203E-01  2.24466E+00
  2.87109E-01  2.23828E+00
  2.91016E-01  2.23181E+00
  2.94922E-01  2.22527E+00
  2.98828E-01  2.21864E+00
  3.02734E-01  2.21192E+00
  3.06641E-01  2.20513E+00
  3.10547E-01  2.19825E+00
  3.14453E-01  2.19128E+00
  3.18359E-01  2.18423E+00
  3.22266E-01  2.17709E+00
  3.26172E-01  2.16987E+00
  3.30078E-01  2.16256E+00
  3.33984E-01  2.15516E+00
  3.37891E-01  2.14768E+00
  3.41797E-01  2.14011E+00
  3.45703E-01  2.13246E+00
  3.49609E-01  2.12471E+00
  3.53516E-01  2.11688E+00
  3.57422E-01  2.10895E+00
  3.61328E-01  2.10094E+00
  3.65234E-01  2.09283E+00
  3.69141E-01  2.08463E+00
  3.73047E-01  2.07634E+00
  3.76953E-01  2.06796E+00
  3.80859E-01  2.05948E+00
  3.84766E-01  2.05091E+00
  3.88672E-01  2.04224E+00
  3.92578E-01  2.03347E+00
  3.96484E-01  2.02461E+00
  4.00391E-01  2.01565E+00
  4.04297E-01  2.00659E+00
  4.08203E-01  1.99743E+00
  4.12109E-01  1.98817E+00
  4.16016E-01  1.97881E+00
  4.19922E-01  1.96935E+00
  4.23828E-01  1.95978E+00
  4.27734E-01  1.95011E+00
  4.31641E-01  1.94033E+00
  4.35547E-01  1.93045E+00
  4.39453E-01  1.92045E+00
  4.43359E-01  1.91035E+00
  4.47266E-01  1.90013E+00
  4.51172E-01  1.88980E+00
  4.55078E-01  1.87935E+00
  4.58984E-01  1.86879E+00
  4.62891E-01  1.85810E+00
  4.66797E-01  1.84730E+00
  4.70703E-01  1.83638E+00
  4.74609E-01  1.82533E+00
  4.78516E-01  1.81416E+00
  4.82422E-01  1.80286E+00
  4.86328E-01  1.79144E+00
  4.90234E-01  1.77988E+00
  4.94141E-01  1.76819E+00
  4.98047E-01  1.75637E+00
  5.01953E-01  1.74440E+00
  5.05859E-01  1.73230E+00
  5.09766E-01  1.72005E+00
  5.13672E-01  1.70765E+00
  5.17578E-01  1.69510E+00
  5.21484E-01  1.68240E+00
  5.25391E-01  1.66954E+00
  5.29297E-01  1.65653E+00
  5.33203E-01  1.64335E+00
  5.37109E-01  1.63000E+00
  5.41016E-01  1.61648E+00
  5.44922E-01  1.60279E+00
  5.48828E-01  1.58891E+00
  5.52734E-01  1.57485E+00
  5.56641E-01  1.56060E+00
  5.60547E-01  1.54616E+00
  5.64453E-01  1.53152E+00
  5.68359E-01  1.51667E+00
  5.72266E-01  1.50161E+00
  5.76172E-01  1.48633E+00
  5.80078E-01  1.47082E+00
  5.83984E-01  1.45508E+00
  5.87891E-01  1.43910E+00
  5.91797E-01  1.42288E+00
  5.95703E-01  1.40639E+00
  5.99609E-01  1.38964E+00
  6.03516E-01  1.37261E+00
  6.07422E-01  1.35529E+00
  6.11328E-01  1.33768E+00
  6.15234E-01  1.31975E+00
  6.19141E-01  1.30150E+00
  6.23047E-01  1.28291E+00
  6.26953E-01  1.26397E+00
  6.30859E-01  1.24465E+00
  6.34766E-01  1.22495E+00
  6.38672E-01  1.20483E+00
  6.42578E-01  1.18429E+00
  6.46484E-01  1.16329E+00
  6.50391E-01  1.14181E+00
  6.54297E-01  1.11983E+00
  6.58203E-01  1.09730E+00
  6.62109E-01  1.07420E+00
  6.66016E-01  1.05050E+00
  6.69922E-01  1.02614E+00
  6.73828E-01  1.00108E+00
  6.77734E-01  9.75282E-01
  6.81641E-01  9.48676E-01
  6.85547E-01  9.21204E-01
  6.89453E-01  8.92794E-01
  6.93359E-01  8.63359E-01
  6.97266E-01  8.32814E-01
  7.01172E-01  8.01065E-01
  7.05078E-01  7.68013E-01
  7.08984E-01  7.33576E-01
  7.12891E-01  6.97676E-01
  7.16797E-01  6.60321E-01
  7.20703E-01  6.21672E-01
  7.24609E-01  5.82154E-01
  7.28516E-01  5.42542E-01
  7.32422E-01  5.04201E-01
  7.36328E-01  4.68917E-01
  7.40234E-01  4.38347E-01
  7.44141E-01  4.13342E-01
  7.48047E-01  3.93741E-01
  7.51953E-01  3.78696E-01
  7.55859E-01  3.67088E-01
  7.59766E-01  3.57908E-01
  7.63672E-01  3.50354E-01
  7.67578E-01  3.43876E-01
  7.71484E-01  3.38131E-01
  7.75391E-01  3.32908E-01
  7.79297E-01  3.28047E-01
  7.83203E-01  3.23424E-01
  7.87109E-01  3.19020E-01
  7.91016E-01  3.14800E-01
  7.94922E-01  3.10732E-01
  7.98828E-01  3.06792E-01
  8.02734E-01  3.02962E-01
  8.06641E-01  2.99218E-01
  8.10547E-01  2.95530E-01
  8.14453E-01  2.91940E-01
  8.18359E-01  2.88440E-01
  8.22266E-01  2.85024E-01
  8.26172E-01  2.81687E-01
  8.30078E-01  2.78425E-01
  8.33984E-01  2.75236E-01
  8.37891E-01  2.72117E-01
  8.41797E-01  2.69064E-01
  8.45703E-01  2.66075E-01
  8.49609E-01  2.63148E-01
  8.53516E-01  2.60279E-01
  8.57422E-01  2.57471E-01
  8.61328E-01  2.54721E-01
  8.65234E-01  2.52024E-01
  8.69141E-01  2.49374E-01
  8.73047E-01  2.46749E-01
  8.76953E-01  2.44169E-01
  8.80859E-01  2.41641E-01
  8.84766E-01  2.39167E-01
  8.88672E-01  2.36744E-01
  8.92578E-01  2.34368E-01
  8.96484E-01  2.32044E-01
  9.00391E-01  2.29767E-01
  9.04297E-01  2.27537E-01
  9.08203E-01  2.25354E-01
  9.12109E-01  2.23217E-01
  9.16016E-01  2.21126E-01
  9.19922E-01  2.19081E-01
  9.23828E-01  2.17080E-01
  9.27734E-01  2.15126E-01
  9.31641E-01  2.13217E-01
  9.35547E-01  2.11354E-01
  9.39453E-01  2.09537E-01
  9.43359E-01  2.07766E-01
  9.47266E-01  2.06042E-01
  9.51172E-01  2.04367E-01
  9.55078E-01  2.02743E-01
  9.58984E-01  2.01170E-01
  9.62891E-01  1.99652E-01
  9.66797E-01  1.98193E-01
  9.70703E-01  1.96793E-01
  9.74609E-01  1.95464E-01
  9.78516E-01  1.94208E-01
  9.82422E-01  1.93037E-01
  9.86328E-01  1.91967E-01
  9.90234E-01  1.91015E-01
  9.94141E-01  1.90215E-01
  9.98047E-01  1.89643E-01
  1.00195E+00  1.89643E-01
