 -1.95312E-03  2.42711E+00
  1.95312E-03  2.42713E+00
  5.85938E-03  2.42662E+00
  9.76562E-03  2.42609E+00
  1.36719E-02  2.42547E+00
  1.75781E-02  2.42477E+00
  2.14844E-02  2.42397E+00
  2.53906E-02  2.42307E+00
  2.92969E-02  2.42209E+00
  3.32031E-02  2.42100E+00
  3.71094E-02  2.41983E+00
  4.10156E-02  2.41856E+00
  4.49219E-02  2.41720E+00
  4.88281E-02  2.41575E+00
  5.27344E-02  2.41421E+00
  5.66406E-02  2.41258E+00
  6.05469E-02  2.41086E+00
  6.44531E-02  2.40905E+00
  6.83594E-02  2.40715E+00
  7.22656E-02  2.40516E+00
  7.61719E-02  2.40308E+00
  8.00781E-02  2.40092E+00
  8.39844E-02  2.39867E+00
  8.78906E-02  2.39633E+00
  9.17969E-02  2.39390E+00
  9.57031E-02  2.39139E+00
  9.96094E-02  2.38879E+00
  1.03516E-01  2.38611E+00
  1.07422E-01  2.38334E+00
  1.11328E-01  2.38048E+00
  1.15234E-01  2.37754E+00
  1.19141E-01  2.37452E+00
  1.23047E-01  2.37141E+00
  1.26953E-01  2.36822E+00
  1.30859E-01  2.36494E+00
  1.34766E-01  2.36158E+00
  1.38672E-01  2.35813E+00
  1.42578E-01  2.35461E+00
  1.46484E-01  2.35099E+00
  1.50391E-01  2.34730E+00
  1.54297E-01  2.34352E+00
  1.58203E-01  2.33966E+00
  1.62109E-01  2.33572E+00
  1.66016E-01  2.33170E+00
  1.69922E-01  2.32759E+00
  1.73828E-01  2.32340E+00
  1.77734E-01  2.31913E+00
  1.81641E-01  2.31478E+00
  1.85547E-01  2.31034E+00
  1.89453E-01  2.30582E+00
  1.93359E-01  2.30122E+00
  1.97266E-01  2.29654E+00
  2.01172E-01  2.29178E+00
  2.05078E-01  2.28693E+00
  2.08984E-01  2.28200E+00
  2.12891E-01  2.27699E+00
  2.16797E-01  2.27190E+00
  2.20703E-01  2.26672E+00
  2.24609E-01  2.26146E+00
  2.28516E-01  2.25612E+00
  2.32422E-01  2.25070E+00
  2.36328E-01  2.24519E+00
  2.40234E-01  2.23961E+00
  2.44141E-01  2.23393E+00
  2.48047E-01  2.22818E+00
  2.51953E-01  2.22234E+00
  2.55859E-01  2.21642E+00
  2.59766E-01  2.21042E+00
  2.63672E-01  2.20433E+00
  2.67578E-01  2.19816E+00
  2.71484E-01  2.19190E+00
  2.75391E-01  2.18556E+00
  2.79297E-01  2.17913E+00
  2.83203E-01  2.17262E+00
  2.87109E-01  2.16603E+00
  2.91016E-01  2.15934E+00
  2.94922E-01  2.15258E+00
  2.98828E-01  2.14573E+00
  3.02734E-01  2.13878E+00
  3.06641E-01  2.13176E+00
  3.10547E-01  2.12464E+00
  3.14453E-01  2.11744E+00
  3.18359E-01  2.11014E+00
  3.22266E-01  2.10276E+00
  3.26172E-01  2.09529E+00
  3.30078E-01  2.08773E+00
  3.33984E-01  2.08009E+00
  3.37891E-01  2.07235E+00
  3.41797E-01  2.06452E+00
  3.45703E-01  2.05660E+00
  3.49609E-01  2.04858E+00
  3.53516E-01  2.04048E+00
  3.57422E-01  2.03228E+00
  3.61328E-01  2.02398E+00
  3.65234E-01  2.01559E+00
  3.69141E-01  2.00710E+00
  3.73047E-01  1.99852E+00
  3.76953E-01  1.98984E+00
  3.80859E-01  1.98106E+00
  3.84766E-01  1.97218E+00
  3.88672E-01  1.96321E+00
  3.92578E-01  1.95413E+00
  3.96484E-01  1.94495E+00
  4.00391E-01  1.93567E+00
  4.04297E-01  1.92629E+00
  4.08203E-01  1.91680E+00
  4.12109E-01  1.90721E+00
  4.16016E-01  1.89751E+00
  4.19922E-01  1.88771E+00
  4.23828E-01  1.87779E+00
  4.27734E-01  1.86777E+00
  4.31641E-01  1.85763E+00
  4.35547E-01  1.84739E+00
  4.39453E-01  1.83703E+00
  4.43359E-01  1.82655E+00
  4.47266E-01  1.81596E+00
  4.51172E-01  1.80525E+00
  4.55078E-01  1.79442E+00
  4.58984E-01  1.78347E+00
  4.62891E-01  1.77240E+00
  4.66797E-01  1.76121E+00
  4.70703E-01  1.74989E+00
  4.74609E-01  1.73844E+00
  4.78516E-01  1.72686E+00
  4.82422E-01  1.71516E+00
  4.86328E-01  1.70331E+00
  4.90234E-01  1.69134E+00
  4.94141E-01  1.67923E+00
  4.98047E-01  1.66697E+00
  5.01953E-01  1.65458E+00
  5.05859E-01  1.64204E+00
  5.09766E-01  1.62935E+00
  5.13672E-01  1.61651E+00
  5.17578E-01  1.60352E+00
  5.21484E-01  1.59037E+00
  5.25391E-01  1.57707E+00
  5.29297E-01  1.56360E+00
  5.33203E-01  1.54998E+00
  5.37109E-01  1.53618E+00
  5.41016E-01  1.52221E+00
  5.44922E-01  1.50807E+00
  5.48828E-01  1.49375E+00
  5.52734E-01  1.47924E+00
  5.56641E-01  1.46455E+00
  5.60547E-01  1.44967E+00
  5.64453E-01  1.43459E+00
  5.68359E-01  1.41931E+00
  5.72266E-01  1.40383E+00
  5.76172E-01  1.38814E+00
  5.80078E-01  1.37223E+00
  5.83984E-01  1.35610E+00
  5.87891E-01  1.33975E+00
  5.91797E-01  1.32316E+00
  5.95703E-01  1.30634E+00
  5.99609E-01  1.28928E+00
  6.03516E-01  1.27196E+00
  6.07422E-01  1.25439E+00
  6.11328E-01  1.23656E+00
  6.15234E-01  1.21846E+00
  6.19141E-01  1.20008E+00
  6.23047E-01  1.18142E+00
  6.26953E-01  1.16247E+00
  6.30859E-01  1.14323E+00
  6.34766E-01  1.12368E+00
  6.38672E-01  1.10383E+00
  6.42578E-01  1.08367E+00
  6.46484E-01  1.06318E+00
  6.50391E-01  1.04238E+00
  6.54297E-01  1.02124E+00
  6.58203E-01  9.99787E-01
  6.62109E-01  9.78003E-01
  6.66016E-01  9.55896E-01
  6.69922E-01  9.33474E-01
  6.73828E-01  9.10752E-01
  6.77734E-01  8.87746E-01
  6.81641E-01  8.64477E-01
  6.85547E-01  8.40981E-01
  6.89453E-01  8.17303E-01
  6.93359E-01  7.93507E-01
  6.97266E-01  7.69665E-01
  7.01172E-01  7.45863E-01
  7.05078E-01  7.22211E-01
  7.08984E-01  6.98841E-01
  7.12891E-01  6.75905E-01
  7.16797E-01  6.53545E-01
  7.20703E-01  6.31939E-01
  7.24609E-01  6.11252E-01
  7.28516E-01  5.91635E-01
  7.32422E-01  5.73218E-01
  7.36328E-01  5.56061E-01
  7.40234E-01  5.40220E-01
  7.44141E-01  5.25680E-01
  7.48047E-01  5.12403E-01
  7.51953E-01  5.00320E-01
  7.55859E-01  4.89325E-01
  7.59766E-01  4.79293E-01
  7.63672E-01  4.70109E-01
  7.67578E-01  4.61669E-01
  7.71484E-01  4.53859E-01
  7.75391E-01  4.46602E-01
  7.79297E-01  4.39818E-01
  7.83203E-01  4.33436E-01
  7.87109E-01  4.27405E-01
  7.91016E-01  4.21658E-01
  7.94922E-01  4.16157E-01
  7.98828E-01  4.10870E-01
  8.02734E-01  4.05772E-01
  8.06641E-01  4.00844E-01
  8.10547E-01  3.96074E-01
  8.14453E-01  3.91433E-01
  8.18359E-01  3.86922E-01
  8.22266E-01  3.82534E-01
  8.26172E-01  3.78246E-01
  8.30078E-01  3.74074E-01
  8.33984E-01  3.69990E-01
  8.37891E-01  3.66001E-01
  8.41797E-01  3.62108E-01
  8.45703E-01  3.58285E-01
  8.49609E-01  3.54556E-01
  8.53516E-01  3.50908E-01
  8.57422E-01  3.47321E-01
  8.61328E-01  3.43814E-01
  8.65234E-01  3.40387E-01
  8.69141E-01  3.37035E-01
  8.73047E-01  3.33736E-01
  8.76953E-01  3.30497E-01
  8.80859E-01  3.27333E-01
  8.84766E-01  3.24242E-01
  8.88672E-01  3.21220E-01
  8.92578E-01  3.18261E-01
  8.96484E-01  3.15345E-01
  9.00391E-01  3.12487E-01
  9.04297E-01  3.09694E-01
  9.08203E-01  3.06964E-01
  9.12109E-01  3.04299E-01
  9.16016E-01  3.01697E-01
  9.19922E-01  2.99154E-01
  9.23828E-01  2.96678E-01
  9.27734E-01  2.94262E-01
  9.31641E-01  2.91906E-01
  9.35547E-01  2.89602E-01
  9.39453E-01  2.87349E-01
  9.43359E-01  2.85162E-01
  9.47266E-01  2.83045E-01
  9.51172E-01  2.80994E-01
  9.55078E-01  2.79021E-01
  9.58984E-01  2.77119E-01
  9.62891E-01  2.75294E-01
  9.66797E-01  2.73558E-01
  9.70703E-01  2.71910E-01
  9.74609E-01  2.70359E-01
  9.78516E-01  2.68916E-01
  9.82422E-01  2.67594E-01
  9.86328E-01  2.66410E-01
  9.90234E-01  2.65385E-01
  9.94141E-01  2.64546E-01
  9.98047E-01  2.63958E-01
  1.00195E+00  2.63958E-01
