 -1.95312E-03  1.87211E+00
  1.95312E-03  1.87212E+00
  5.85938E-03  1.87160E+00
  9.76562E-03  1.87103E+00
  1.36719E-02  1.87036E+00
  1.75781E-02  1.86958E+00
  2.14844E-02  1.86869E+00
  2.53906E-02  1.86769E+00
  2.92969E-02  1.86658E+00
  3.32031E-02  1.86537E+00
  3.71094E-02  1.86404E+00
  4.10156E-02  1.86261E+00
  4.49219E-02  1.86107E+00
  4.88281E-02  1.85943E+00
  5.27344E-02  1.85768E+00
  5.66406E-02  1.85583E+00
  6.05469E-02  1.85388E+00
  6.44531E-02  1.85183E+00
  6.83594E-02  1.84968E+00
  7.22656E-02  1.84743E+00
  7.61719E-02  1.84508E+00
  8.00781E-02  1.84263E+00
  8.39844E-02  1.84008E+00
  8.78906E-02  1.83744E+00
  9.17969E-02  1.83471E+00
  9.57031E-02  1.83188E+00
  9.96094E-02  1.82895E+00
  1.03516E-01  1.82594E+00
  1.07422E-01  1.82283E+00
  1.11328E-01  1.81963E+00
  1.15234E-01  1.81634E+00
  1.19141E-01  1.81296E+00
  1.23047E-01  1.80949E+00
  1.26953E-01  1.80593E+00
  1.30859E-01  1.80229E+00
  1.34766E-01  1.79856E+00
  1.38672E-01  1.79475E+00
  1.42578E-01  1.79085E+00
  1.46484E-01  1.78686E+00
  1.50391E-01  1.78279E+00
  1.54297E-01  1.77864E+00
  1.58203E-01  1.77441E+00
  1.62109E-01  1.77010E+00
  1.66016E-01  1.76570E+00
  1.69922E-01  1.76123E+00
  1.73828E-01  1.75668E+00
  1.77734E-01  1.75205E+00
  1.81641E-01  1.74734E+00
  1.85547E-01  1.74256E+00
  1.89453E-01  1.73770E+00
  1.93359E-01  1.73276E+00
  1.97266E-01  1.72776E+00
  2.01172E-01  1.72267E+00
  2.05078E-01  1.71752E+00
  2.08984E-01  1.71230E+00
  2.12891E-01  1.70700E+00
  2.16797E-01  1.70163E+00
  2.20703E-01  1.69620E+00
  2.24609E-01  1.69070E+00
  2.28516E-01  1.68513E+00
  2.32422E-01  1.67949E+00
  2.36328E-01  1.67379E+00
  2.40234E-01  1.66802E+00
  2.44141E-01  1.66219E+00
  2.48047E-01  1.65630E+00
  2.51953E-01  1.65035E+00
  2.55859E-01  1.64433E+00
  2.59766E-01  1.63826E+00
  2.63672E-01  1.63212E+00
  2.67578E-01  1.62593E+00
  2.71484E-01  1.61969E+00
  2.75391E-01  1.61339E+00
  2.79297E-01  1.60703E+00
  2.83203E-01  1.60062E+00
  2.87109E-01  1.59416E+00
  2.91016E-01  1.58765E+00
  2.94922E-01  1.58109E+00
  2.98828E-01  1.57448E+00
  3.02734E-01  1.56782E+00
  3.06641E-01  1.56112E+00
  3.10547E-01  1.55437E+00
  3.14453E-01  1.54758E+00
  3.18359E-01  1.54075E+00
  3.22266E-01  1.53388E+00
  3.26172E-01  1.52697E+00
  3.30078E-01  1.52002E+00
  3.33984E-01  1.51303E+00
  3.37891E-01  1.50601E+00
  3.41797E-01  1.49896E+00
  3.45703E-01  1.49187E+00
  3.49609E-01  1.48476E+00
  3.53516E-01  1.47761E+00
  3.57422E-01  1.47044E+00
  3.61328E-01  1.46324E+00
  3.65234E-01  1.45602E+00
  3.69141E-01  1.44877E+00
  3.73047E-01  1.44150E+00
  3.76953E-01  1.43422E+00
  3.80859E-01  1.42691E+00
  3.84766E-01  1.41959E+00
  3.88672E-01  1.41225E+00
  3.92578E-01  1.40491E+00
  3.96484E-01  1.39755E+00
  4.00391E-01  1.39018E+00
  4.04297E-01  1.38281E+00
  4.08203E-01  1.37543E+00
  4.12109E-01  1.36804E+00
  4.16016E-01  1.36066E+00
  4.19922E-01  1.35327E+00
  4.23828E-01  1.34589E+00
  4.27734E-01  1.33851E+00
  4.31641E-01  1.33113E+00
  4.35547E-01  1.32376E+00
  4.39453E-01  1.31640E+00
  4.43359E-01  1.30905E+00
  4.47266E-01  1.30171E+00
  4.51172E-01  1.29438E+00
  4.55078E-01  1.28707E+00
  4.58984E-01  1.27977E+00
  4.62891E-01  1.27250E+00
  4.66797E-01  1.26524E+00
  4.70703E-01  1.25800E+00
  4.74609E-01  1.25079E+00
  4.78516E-01  1.24360E+00
  4.82422E-01  1.23643E+00
  4.86328E-01  1.22929E+00
  4.90234E-01  1.22218E+00
  4.94141E-01  1.21510E+00
  4.98047E-01  1.20805E+00
  5.01953E-01  1.20103E+00
  5.05859E-01  1.19405E+00
  5.09766E-01  1.18710E+00
  5.13672E-01  1.18018E+00
  5.17578E-01  1.17330E+00
  5.21484E-01  1.16646E+00
  5.25391E-01  1.15965E+00
  5.29297E-01  1.15289E+00
  5.33203E-01  1.14616E+00
  5.37109E-01  1.13947E+00
  5.41016E-01  1.13283E+00
  5.44922E-01  1.12622E+00
  5.48828E-01  1.11965E+00
  5.52734E-01  1.11313E+00
  5.56641E-01  1.10664E+00
  5.60547E-01  1.10020E+00
  5.64453E-01  1.09381E+00
  5.68359E-01  1.08745E+00
  5.72266E-01  1.08114E+00
  5.76172E-01  1.07487E+00
  5.80078E-01  1.06865E+00
  5.83984E-01  1.06247E+00
  5.87891E-01  1.05633E+00
  5.91797E-01  1.05024E+00
  5.95703E-01  1.04420E+00
  5.99609E-01  1.03820E+00
  6.03516E-01  1.03225E+00
  6.07422E-01  1.02634E+00
  6.11328E-01  1.02047E+00
  6.15234E-01  1.01465E+00
  6.19141E-01  1.00888E+00
  6.23047E-01  1.00315E+00
  6.26953E-01  9.97460E-01
  6.30859E-01  9.91818E-01
  6.34766E-01  9.86221E-01
  6.38672E-01  9.80667E-01
  6.42578E-01  9.75156E-01
  6.46484E-01  9.69689E-01
  6.50391E-01  9.64266E-01
  6.54297E-01  9.58886E-01
  6.58203E-01  9.53547E-01
  6.62109E-01  9.48251E-01
  6.66016E-01  9.42997E-01
  6.69922E-01  9.37786E-01
  6.73828E-01  9.32616E-01
  6.77734E-01  9.27488E-01
  6.81641E-01  9.22401E-01
  6.85547E-01  9.17354E-01
  6.89453E-01  9.12349E-01
  6.93359E-01  9.07383E-01
  6.97266E-01  9.02457E-01
  7.01172E-01  8.97572E-01
  7.05078E-01  8.92725E-01
  7.08984E-01  8.87916E-01
  7.12891E-01  8.83143E-01
  7.16797E-01  8.78407E-01
  7.20703E-01  8.73706E-01
  7.24609E-01  8.69043E-01
  7.28516E-01  8.64416E-01
  7.32422E-01  8.59824E-01
  7.36328E-01  8.55268E-01
  7.40234E-01  8.50747E-01
  7.44141E-01  8.46262E-01
  7.48047E-01  8.41811E-01
  7.51953E-01  8.37396E-01
  7.55859E-01  8.33016E-01
  7.59766E-01  8.28670E-01
  7.63672E-01  8.24360E-01
  7.67578E-01  8.20084E-01
  7.71484E-01  8.15842E-01
  7.75391E-01  8.11635E-01
  7.79297E-01  8.07462E-01
  7.83203E-01  8.03323E-01
  7.87109E-01  7.99220E-01
  7.91016E-01  7.95150E-01
  7.94922E-01  7.91115E-01
  7.98828E-01  7.87114E-01
  8.02734E-01  7.83147E-01
  8.06641E-01  7.79215E-01
  8.10547E-01  7.75318E-01
  8.14453E-01  7.71455E-01
  8.18359E-01  7.67627E-01
  8.22266E-01  7.63834E-01
  8.26172E-01  7.60076E-01
  8.30078E-01  7.56354E-01
  8.33984E-01  7.52668E-01
  8.37891E-01  7.49018E-01
  8.41797E-01  7.45405E-01
  8.45703E-01  7.41829E-01
  8.49609E-01  7.38290E-01
  8.53516E-01  7.34789E-01
  8.57422E-01  7.31327E-01
  8.61328E-01  7.27905E-01
  8.65234E-01  7.24523E-01
  8.69141E-01  7.21181E-01
  8.73047E-01  7.17882E-01
  8.76953E-01  7.14625E-01
  8.80859E-01  7.11412E-01
  8.84766E-01  7.08245E-01
  8.88672E-01  7.05124E-01
  8.92578E-01  7.02051E-01
  8.96484E-01  6.99027E-01
  9.00391E-01  6.96055E-01
  9.04297E-01  6.93138E-01
  9.08203E-01  6.90275E-01
  9.12109E-01  6.87469E-01
  9.16016E-01  6.84719E-01
  9.19922E-01  6.82027E-01
  9.23828E-01  6.79395E-01
  9.27734E-01  6.76826E-01
  9.31641E-01  6.74323E-01
  9.35547E-01  6.71890E-01
  9.39453E-01  6.69531E-01
  9.43359E-01  6.67249E-01
  9.47266E-01  6.65048E-01
  9.51172E-01  6.62935E-01
  9.55078E-01  6.60912E-01
  9.58984E-01  6.58986E-01
  9.62891E-01  6.57162E-01
  9.66797E-01  6.55449E-01
  9.70703E-01  6.53853E-01
  9.74609E-01  6.52382E-01
  9.78516E-01  6.51043E-01
  9.82422E-01  6.49847E-01
  9.86328E-01  6.48804E-01
  9.90234E-01  6.47924E-01
  9.94141E-01  6.47220E-01
  9.98047E-01  6.46704E-01
  1.00195E+00  6.46704E-01
