 -1.95312E-03  1.73859E+00
  1.95312E-03  1.73870E+00
  5.85938E-03  1.73817E+00
  9.76562E-03  1.73761E+00
  1.36719E-02  1.73694E+00
  1.75781E-02  1.73616E+00
  2.14844E-02  1.73528E+00
  2.53906E-02  1.73428E+00
  2.92969E-02  1.73318E+00
  3.32031E-02  1.73197E+00
  3.71094E-02  1.73066E+00
  4.10156E-02  1.72924E+00
  4.49219E-02  1.72772E+00
  4.88281E-02  1.72610E+00
  5.27344E-02  1.72438E+00
  5.66406E-02  1.72255E+00
  6.05469E-02  1.72063E+00
  6.44531E-02  1.71861E+00
  6.83594E-02  1.71650E+00
  7.22656E-02  1.71429E+00
  7.61719E-02  1.71199E+00
  8.00781E-02  1.70959E+00
  8.39844E-02  1.70710E+00
  8.78906E-02  1.70453E+00
  9.17969E-02  1.70186E+00
  9.57031E-02  1.69911E+00
  9.96094E-02  1.69627E+00
  1.03516E-01  1.69334E+00
  1.07422E-01  1.69033E+00
  1.11328E-01  1.68723E+00
  1.15234E-01  1.68405E+00
  1.19141E-01  1.68080E+00
  1.23047E-01  1.67746E+00
  1.26953E-01  1.67404E+00
  1.30859E-01  1.67054E+00
  1.34766E-01  1.66697E+00
  1.38672E-01  1.66332E+00
  1.42578E-01  1.65959E+00
  1.46484E-01  1.65579E+00
  1.50391E-01  1.65192E+00
  1.54297E-01  1.64798E+00
  1.58203E-01  1.64397E+00
  1.62109E-01  1.63989E+00
  1.66016E-01  1.63574E+00
  1.69922E-01  1.63152E+00
  1.73828E-01  1.62724E+00
  1.77734E-01  1.62289E+00
  1.81641E-01  1.61848E+00
  1.85547E-01  1.61401E+00
  1.89453E-01  1.60947E+00
  1.93359E-01  1.60488E+00
  1.97266E-01  1.60022E+00
  2.01172E-01  1.59551E+00
  2.05078E-01  1.59075E+00
  2.08984E-01  1.58592E+00
  2.12891E-01  1.58105E+00
  2.16797E-01  1.57612E+00
  2.20703E-01  1.57114E+00
  2.24609E-01  1.56611E+00
  2.28516E-01  1.56103E+00
  2.32422E-01  1.55590E+00
  2.36328E-01  1.55073E+00
  2.40234E-01  1.54551E+00
  2.44141E-01  1.54025E+00
  2.48047E-01  1.53494E+00
  2.51953E-01  1.52960E+00
  2.55859E-01  1.52421E+00
  2.59766E-01  1.51879E+00
  2.63672E-01  1.51332E+00
  2.67578E-01  1.50783E+00
  2.71484E-01  1.50229E+00
  2.75391E-01  1.49673E+00
  2.79297E-01  1.49113E+00
  2.83203E-01  1.48551E+00
  2.87109E-01  1.47985E+00
  2.91016E-01  1.47417E+00
  2.94922E-01  1.46846E+00
  2.98828E-01  1.46272E+00
  3.02734E-01  1.45696E+00
  3.06641E-01  1.45118E+00
  3.10547E-01  1.44538E+00
  3.14453E-01  1.43956E+00
  3.18359E-01  1.43372E+00
  3.22266E-01  1.42787E+00
  3.26172E-01  1.42200E+00
  3.30078E-01  1.41612E+00
  3.33984E-01  1.41022E+00
  3.37891E-01  1.40431E+00
  3.41797E-01  1.39839E+00
  3.45703E-01  1.39247E+00
  3.49609E-01  1.38653E+00
  3.53516E-01  1.38060E+00
  3.57422E-01  1.37465E+00
  3.61328E-01  1.36871E+00
  3.65234E-01  1.36276E+00
  3.69141E-01  1.35681E+00
  3.73047E-01  1.35086E+00
  3.76953E-01  1.34492E+00
  3.80859E-01  1.33898E+00
  3.84766E-01  1.33304E+00
  3.88672E-01  1.32711E+00
  3.92578E-01  1.32118E+00
  3.96484E-01  1.31526E+00
  4.00391E-01  1.30935E+00
  4.04297E-01  1.30345E+00
  4.08203E-01  1.29756E+00
  4.12109E-01  1.29169E+00
  4.16016E-01  1.28582E+00
  4.19922E-01  1.27997E+00
  4.23828E-01  1.27413E+00
  4.27734E-01  1.26831E+00
  4.31641E-01  1.26251E+00
  4.35547E-01  1.25672E+00
  4.39453E-01  1.25095E+00
  4.43359E-01  1.24520E+00
  4.47266E-01  1.23947E+00
  4.51172E-01  1.23376E+00
  4.55078E-01  1.22806E+00
  4.58984E-01  1.22239E+00
  4.62891E-01  1.21675E+00
  4.66797E-01  1.21112E+00
  4.70703E-01  1.20552E+00
  4.74609E-01  1.19994E+00
  4.78516E-01  1.19438E+00
  4.82422E-01  1.18885E+00
  4.86328E-01  1.18335E+00
  4.90234E-01  1.17786E+00
  4.94141E-01  1.17241E+00
  4.98047E-01  1.16698E+00
  5.01953E-01  1.16158E+00
  5.05859E-01  1.15620E+00
  5.09766E-01  1.15085E+00
  5.13672E-01  1.14553E+00
  5.17578E-01  1.14023E+00
  5.21484E-01  1.13496E+00
  5.25391E-01  1.12972E+00
  5.29297E-01  1.12451E+00
  5.33203E-01  1.11932E+00
  5.37109E-01  1.11417E+00
  5.41016E-01  1.10904E+00
  5.44922E-01  1.10394E+00
  5.48828E-01  1.09887E+00
  5.52734E-01  1.09382E+00
  5.56641E-01  1.08881E+00
  5.60547E-01  1.08382E+00
  5.64453E-01  1.07886E+00
  5.68359E-01  1.07393E+00
  5.72266E-01  1.06902E+00
  5.76172E-01  1.06415E+00
  5.80078E-01  1.05930E+00
  5.83984E-01  1.05449E+00
  5.87891E-01  1.04970E+00
  5.91797E-01  1.04494E+00
  5.95703E-01  1.04020E+00
  5.99609E-01  1.03549E+00
  6.03516E-01  1.03082E+00
  6.07422E-01  1.02616E+00
  6.11328E-01  1.02154E+00
  6.15234E-01  1.01695E+00
  6.19141E-01  1.01238E+00
  6.23047E-01  1.00784E+00
  6.26953E-01  1.00332E+00
  6.30859E-01  9.98835E-01
  6.34766E-01  9.94375E-01
  6.38672E-01  9.89942E-01
  6.42578E-01  9.85535E-01
  6.46484E-01  9.81154E-01
  6.50391E-01  9.76800E-01
  6.54297E-01  9.72472E-01
  6.58203E-01  9.68171E-01
  6.62109E-01  9.63894E-01
  6.66016E-01  9.59644E-01
  6.69922E-01  9.55419E-01
  6.73828E-01  9.51220E-01
  6.77734E-01  9.47047E-01
  6.81641E-01  9.42899E-01
  6.85547E-01  9.38775E-01
  6.89453E-01  9.34678E-01
  6.93359E-01  9.30604E-01
  6.97266E-01  9.26553E-01
  7.01172E-01  9.22525E-01
  7.05078E-01  9.18521E-01
  7.08984E-01  9.14541E-01
  7.12891E-01  9.10584E-01
  7.16797E-01  9.06651E-01
  7.20703E-01  9.02740E-01
  7.24609E-01  8.98854E-01
  7.28516E-01  8.94990E-01
  7.32422E-01  8.91150E-01
  7.36328E-01  8.87332E-01
  7.40234E-01  8.83538E-01
  7.44141E-01  8.79768E-01
  7.48047E-01  8.76020E-01
  7.51953E-01  8.72296E-01
  7.55859E-01  8.68594E-01
  7.59766E-01  8.64916E-01
  7.63672E-01  8.61261E-01
  7.67578E-01  8.57628E-01
  7.71484E-01  8.54020E-01
  7.75391E-01  8.50433E-01
  7.79297E-01  8.46871E-01
  7.83203E-01  8.43331E-01
  7.87109E-01  8.39815E-01
  7.91016E-01  8.36322E-01
  7.94922E-01  8.32852E-01
  7.98828E-01  8.29407E-01
  8.02734E-01  8.25985E-01
  8.06641E-01  8.22586E-01
  8.10547E-01  8.19212E-01
  8.14453E-01  8.15862E-01
  8.18359E-01  8.12537E-01
  8.22266E-01  8.09236E-01
  8.26172E-01  8.05961E-01
  8.30078E-01  8.02711E-01
  8.33984E-01  7.99487E-01
  8.37891E-01  7.96289E-01
  8.41797E-01  7.93117E-01
  8.45703E-01  7.89973E-01
  8.49609E-01  7.86857E-01
  8.53516E-01  7.83768E-01
  8.57422E-01  7.80709E-01
  8.61328E-01  7.77679E-01
  8.65234E-01  7.74680E-01
  8.69141E-01  7.71712E-01
  8.73047E-01  7.68777E-01
  8.76953E-01  7.65874E-01
  8.80859E-01  7.63006E-01
  8.84766E-01  7.60174E-01
  8.88672E-01  7.57378E-01
  8.92578E-01  7.54621E-01
  8.96484E-01  7.51902E-01
  9.00391E-01  7.49226E-01
  9.04297E-01  7.46592E-01
  9.08203E-01  7.44003E-01
  9.12109E-01  7.41461E-01
  9.16016E-01  7.38968E-01
  9.19922E-01  7.36528E-01
  9.23828E-01  7.34142E-01
  9.27734E-01  7.31813E-01
  9.31641E-01  7.29542E-01
  9.35547E-01  7.27331E-01
  9.39453E-01  7.25184E-01
  9.43359E-01  7.23105E-01
  9.47266E-01  7.21099E-01
  9.51172E-01  7.19169E-01
  9.55078E-01  7.17321E-01
  9.58984E-01  7.15559E-01
  9.62891E-01  7.13889E-01
  9.66797E-01  7.12319E-01
  9.70703E-01  7.10853E-01
  9.74609E-01  7.09500E-01
  9.78516E-01  7.08268E-01
  9.82422E-01  7.07163E-01
  9.86328E-01  7.06196E-01
  9.90234E-01  7.05376E-01
  9.94141E-01  7.04714E-01
  9.98047E-01  7.04216E-01
  1.00195E+00  7.04220E-01
