 -1.95312E-03  2.33976E+00
  1.95312E-03  2.33987E+00
  5.85938E-03  2.33936E+00
  9.76562E-03  2.33882E+00
  1.36719E-02  2.33819E+00
  1.75781E-02  2.33747E+00
  2.14844E-02  2.33665E+00
  2.53906E-02  2.33573E+00
  2.92969E-02  2.33471E+00
  3.32031E-02  2.33360E+00
  3.71094E-02  2.33239E+00
  4.10156E-02  2.33108E+00
  4.49219E-02  2.32968E+00
  4.88281E-02  2.32818E+00
  5.27344E-02  2.32659E+00
  5.66406E-02  2.32490E+00
  6.05469E-02  2.32312E+00
  6.44531E-02  2.32125E+00
  6.83594E-02  2.31928E+00
  7.22656E-02  2.31723E+00
  7.61719E-02  2.31508E+00
  8.00781E-02  2.31283E+00
  8.39844E-02  2.31050E+00
  8.78906E-02  2.30808E+00
  9.17969E-02  2.30557E+00
  9.57031E-02  2.30296E+00
  9.96094E-02  2.30027E+00
  1.03516E-01  2.29749E+00
  1.07422E-01  2.29462E+00
  1.11328E-01  2.29166E+00
  1.15234E-01  2.28861E+00
  1.19141E-01  2.28548E+00
  1.23047E-01  2.28225E+00
  1.26953E-01  2.27894E+00
  1.30859E-01  2.27554E+00
  1.34766E-01  2.27206E+00
  1.38672E-01  2.26849E+00
  1.42578E-01  2.26483E+00
  1.46484E-01  2.26108E+00
  1.50391E-01  2.25725E+00
  1.54297E-01  2.25333E+00
  1.58203E-01  2.24933E+00
  1.62109E-01  2.24523E+00
  1.66016E-01  2.24106E+00
  1.69922E-01  2.23679E+00
  1.73828E-01  2.23245E+00
  1.77734E-01  2.22801E+00
  1.81641E-01  2.22349E+00
  1.85547E-01  2.21889E+00
  1.89453E-01  2.21420E+00
  1.93359E-01  2.20943E+00
  1.97266E-01  2.20457E+00
  2.01172E-01  2.19962E+00
  2.05078E-01  2.19459E+00
  2.08984E-01  2.18948E+00
  2.12891E-01  2.18428E+00
  2.16797E-01  2.17900E+00
  2.20703E-01  2.17363E+00
  2.24609E-01  2.16817E+00
  2.28516E-01  2.16263E+00
  2.32422E-01  2.15700E+00
  2.36328E-01  2.15129E+00
  2.40234E-01  2.14549E+00
  2.44141E-01  2.13961E+00
  2.48047E-01  2.13363E+00
  2.51953E-01  2.12757E+00
  2.55859E-01  2.12143E+00
  2.59766E-01  2.11520E+00
  2.63672E-01  2.10888E+00
  2.67578E-01  2.10247E+00
  2.71484E-01  2.09597E+00
  2.75391E-01  2.08939E+00
  2.79297E-01  2.08273E+00
  2.83203E-01  2.07597E+00
  2.87109E-01  2.06912E+00
  2.91016E-01  2.06219E+00
  2.94922E-01  2.05516E+00
  2.98828E-01  2.04805E+00
  3.02734E-01  2.04085E+00
  3.06641E-01  2.03355E+00
  3.10547E-01  2.02617E+00
  3.14453E-01  2.01870E+00
  3.18359E-01  2.01113E+00
  3.22266E-01  2.00348E+00
  3.26172E-01  1.99573E+00
  3.30078E-01  1.98790E+00
  3.33984E-01  1.97997E+00
  3.37891E-01  1.97194E+00
  3.41797E-01  1.96383E+00
  3.45703E-01  1.95562E+00
  3.49609E-01  1.94731E+00
  3.53516E-01  1.93891E+00
  3.57422E-01  1.93042E+00
  3.61328E-01  1.92182E+00
  3.65234E-01  1.91313E+00
  3.69141E-01  1.90435E+00
  3.73047E-01  1.89546E+00
  3.76953E-01  1.88648E+00
  3.80859E-01  1.87739E+00
  3.84766E-01  1.86821E+00
  3.88672E-01  1.85893E+00
  3.92578E-01  1.84954E+00
  3.96484E-01  1.84005E+00
  4.00391E-01  1.83046E+00
  4.04297E-01  1.82077E+00
  4.08203E-01  1.81097E+00
  4.12109E-01  1.80106E+00
  4.16016E-01  1.79105E+00
  4.19922E-01  1.78093E+00
  4.23828E-01  1.77070E+00
  4.27734E-01  1.76037E+00
  4.31641E-01  1.74992E+00
  4.35547E-01  1.73936E+00
  4.39453E-01  1.72869E+00
  4.43359E-01  1.71791E+00
  4.47266E-01  1.70701E+00
  4.51172E-01  1.69600E+00
  4.55078E-01  1.68487E+00
  4.58984E-01  1.67363E+00
  4.62891E-01  1.66226E+00
  4.66797E-01  1.65078E+00
  4.70703E-01  1.63918E+00
  4.74609E-01  1.62746E+00
  4.78516E-01  1.61561E+00
  4.82422E-01  1.60365E+00
  4.86328E-01  1.59155E+00
  4.90234E-01  1.57933E+00
  4.94141E-01  1.56698E+00
  4.98047E-01  1.55450E+00
  5.01953E-01  1.54189E+00
  5.05859E-01  1.52915E+00
  5.09766E-01  1.51628E+00
  5.13672E-01  1.50327E+00
  5.17578E-01  1.49013E+00
  5.21484E-01  1.47685E+00
  5.25391E-01  1.46343E+00
  5.29297E-01  1.44988E+00
  5.33203E-01  1.43618E+00
  5.37109E-01  1.42235E+00
  5.41016E-01  1.40837E+00
  5.44922E-01  1.39425E+00
  5.48828E-01  1.37998E+00
  5.52734E-01  1.36557E+00
  5.56641E-01  1.35102E+00
  5.60547E-01  1.33631E+00
  5.64453E-01  1.32147E+00
  5.68359E-01  1.30648E+00
  5.72266E-01  1.29134E+00
  5.76172E-01  1.27607E+00
  5.80078E-01  1.26064E+00
  5.83984E-01  1.24508E+00
  5.87891E-01  1.22937E+00
  5.91797E-01  1.21353E+00
  5.95703E-01  1.19755E+00
  5.99609E-01  1.18143E+00
  6.03516E-01  1.16519E+00
  6.07422E-01  1.14883E+00
  6.11328E-01  1.13235E+00
  6.15234E-01  1.11576E+00
  6.19141E-01  1.09907E+00
  6.23047E-01  1.08228E+00
  6.26953E-01  1.06540E+00
  6.30859E-01  1.04845E+00
  6.34766E-01  1.03143E+00
  6.38672E-01  1.01436E+00
  6.42578E-01  9.97247E-01
  6.46484E-01  9.80116E-01
  6.50391E-01  9.62986E-01
  6.54297E-01  9.45877E-01
  6.58203E-01  9.28813E-01
  6.62109E-01  9.11820E-01
  6.66016E-01  8.94928E-01
  6.69922E-01  8.78159E-01
  6.73828E-01  8.61543E-01
  6.77734E-01  8.45113E-01
  6.81641E-01  8.28903E-01
  6.85547E-01  8.12943E-01
  6.89453E-01  7.97271E-01
  6.93359E-01  7.81918E-01
  6.97266E-01  7.66911E-01
  7.01172E-01  7.52278E-01
  7.05078E-01  7.38042E-01
  7.08984E-01  7.24229E-01
  7.12891E-01  7.10861E-01
  7.16797E-01  6.97948E-01
  7.20703E-01  6.85506E-01
  7.24609E-01  6.73527E-01
  7.28516E-01  6.62009E-01
  7.32422E-01  6.50953E-01
  7.36328E-01  6.40345E-01
  7.40234E-01  6.30179E-01
  7.44141E-01  6.20440E-01
  7.48047E-01  6.11113E-01
  7.51953E-01  6.02178E-01
  7.55859E-01  5.93607E-01
  7.59766E-01  5.85385E-01
  7.63672E-01  5.77491E-01
  7.67578E-01  5.69908E-01
  7.71484E-01  5.62614E-01
  7.75391E-01  5.55594E-01
  7.79297E-01  5.48833E-01
  7.83203E-01  5.42301E-01
  7.87109E-01  5.35975E-01
  7.91016E-01  5.29830E-01
  7.94922E-01  5.23870E-01
  7.98828E-01  5.18072E-01
  8.02734E-01  5.12425E-01
  8.06641E-01  5.06921E-01
  8.10547E-01  5.01548E-01
  8.14453E-01  4.96297E-01
  8.18359E-01  4.91177E-01
  8.22266E-01  4.86180E-01
  8.26172E-01  4.81304E-01
  8.30078E-01  4.76537E-01
  8.33984E-01  4.71886E-01
  8.37891E-01  4.67342E-01
  8.41797E-01  4.62893E-01
  8.45703E-01  4.58530E-01
  8.49609E-01  4.54255E-01
  8.53516E-01  4.50065E-01
  8.57422E-01  4.45958E-01
  8.61328E-01  4.41928E-01
  8.65234E-01  4.37979E-01
  8.69141E-01  4.34107E-01
  8.73047E-01  4.30312E-01
  8.76953E-01  4.26588E-01
  8.80859E-01  4.22938E-01
  8.84766E-01  4.19362E-01
  8.88672E-01  4.15858E-01
  8.92578E-01  4.12425E-01
  8.96484E-01  4.09064E-01
  9.00391E-01  4.05770E-01
  9.04297E-01  4.02549E-01
  9.08203E-01  3.99400E-01
  9.12109E-01  3.96316E-01
  9.16016E-01  3.93312E-01
  9.19922E-01  3.90368E-01
  9.23828E-01  3.87508E-01
  9.27734E-01  3.84709E-01
  9.31641E-01  3.81995E-01
  9.35547E-01  3.79349E-01
  9.39453E-01  3.76787E-01
  9.43359E-01  3.74307E-01
  9.47266E-01  3.71902E-01
  9.51172E-01  3.69588E-01
  9.55078E-01  3.67367E-01
  9.58984E-01  3.65238E-01
  9.62891E-01  3.63204E-01
  9.66797E-01  3.61281E-01
  9.70703E-01  3.59475E-01
  9.74609E-01  3.57795E-01
  9.78516E-01  3.56245E-01
  9.82422E-01  3.54841E-01
  9.86328E-01  3.53604E-01
  9.90234E-01  3.52555E-01
  9.94141E-01  3.51718E-01
  9.98047E-01  3.51129E-01
  1.00195E+00  3.51129E-01
