 -1.95312E-03  1.67833E+00
  1.95312E-03  1.67843E+00
  5.85938E-03  1.67791E+00
  9.76562E-03  1.67735E+00
  1.36719E-02  1.67668E+00
  1.75781E-02  1.67591E+00
  2.14844E-02  1.67503E+00
  2.53906E-02  1.67405E+00
  2.92969E-02  1.67296E+00
  3.32031E-02  1.67177E+00
  3.71094E-02  1.67047E+00
  4.10156E-02  1.66907E+00
  4.49219E-02  1.66757E+00
  4.88281E-02  1.66597E+00
  5.27344E-02  1.66427E+00
  5.66406E-02  1.66247E+00
  6.05469E-02  1.66058E+00
  6.44531E-02  1.65860E+00
  6.83594E-02  1.65652E+00
  7.22656E-02  1.65435E+00
  7.61719E-02  1.65210E+00
  8.00781E-02  1.64975E+00
  8.39844E-02  1.64732E+00
  8.78906E-02  1.64480E+00
  9.17969E-02  1.64219E+00
  9.57031E-02  1.63950E+00
  9.96094E-02  1.63673E+00
  1.03516E-01  1.63388E+00
  1.07422E-01  1.63095E+00
  1.11328E-01  1.62794E+00
  1.15234E-01  1.62485E+00
  1.19141E-01  1.62168E+00
  1.23047E-01  1.61845E+00
  1.26953E-01  1.61513E+00
  1.30859E-01  1.61175E+00
  1.34766E-01  1.60829E+00
  1.38672E-01  1.60477E+00
  1.42578E-01  1.60117E+00
  1.46484E-01  1.59751E+00
  1.50391E-01  1.59378E+00
  1.54297E-01  1.58999E+00
  1.58203E-01  1.58613E+00
  1.62109E-01  1.58222E+00
  1.66016E-01  1.57824E+00
  1.69922E-01  1.57420E+00
  1.73828E-01  1.57010E+00
  1.77734E-01  1.56595E+00
  1.81641E-01  1.56174E+00
  1.85547E-01  1.55748E+00
  1.89453E-01  1.55316E+00
  1.93359E-01  1.54879E+00
  1.97266E-01  1.54437E+00
  2.01172E-01  1.53990E+00
  2.05078E-01  1.53539E+00
  2.08984E-01  1.53082E+00
  2.12891E-01  1.52622E+00
  2.16797E-01  1.52157E+00
  2.20703E-01  1.51687E+00
  2.24609E-01  1.51214E+00
  2.28516E-01  1.50736E+00
  2.32422E-01  1.50255E+00
  2.36328E-01  1.49770E+00
  2.40234E-01  1.49281E+00
  2.44141E-01  1.48789E+00
  2.48047E-01  1.48294E+00
  2.51953E-01  1.47796E+00
  2.55859E-01  1.47294E+00
  2.59766E-01  1.46790E+00
  2.63672E-01  1.46283E+00
  2.67578E-01  1.45773E+00
  2.71484E-01  1.45261E+00
  2.75391E-01  1.44746E+00
  2.79297E-01  1.44229E+00
  2.83203E-01  1.43710E+00
  2.87109E-01  1.43190E+00
  2.91016E-01  1.42667E+00
  2.94922E-01  1.42143E+00
  2.98828E-01  1.41617E+00
  3.02734E-01  1.41090E+00
  3.06641E-01  1.40561E+00
  3.10547E-01  1.40031E+00
  3.14453E-01  1.39500E+00
  3.18359E-01  1.38968E+00
  3.22266E-01  1.38436E+00
  3.26172E-01  1.37902E+00
  3.30078E-01  1.37369E+00
  3.33984E-01  1.36834E+00
  3.37891E-01  1.36300E+00
  3.41797E-01  1.35765E+00
  3.45703E-01  1.35230E+00
  3.49609E-01  1.34695E+00
  3.53516E-01  1.34159E+00
  3.57422E-01  1.33625E+00
  3.61328E-01  1.33090E+00
  3.65234E-01  1.32556E+00
  3.69141E-01  1.32022E+00
  3.73047E-01  1.31488E+00
  3.76953E-01  1.30956E+00
  3.80859E-01  1.30424E+00
  3.84766E-01  1.29893E+00
  3.88672E-01  1.29363E+00
  3.92578E-01  1.28834E+00
  3.96484E-01  1.28306E+00
  4.00391E-01  1.27779E+00
  4.04297E-01  1.27254E+00
  4.08203E-01  1.26729E+00
  4.12109E-01  1.26207E+00
  4.16016E-01  1.25685E+00
  4.19922E-01  1.25165E+00
  4.23828E-01  1.24647E+00
  4.27734E-01  1.24130E+00
  4.31641E-01  1.23615E+00
  4.35547E-01  1.23102E+00
  4.39453E-01  1.22590E+00
  4.43359E-01  1.22080E+00
  4.47266E-01  1.21573E+00
  4.51172E-01  1.21066E+00
  4.55078E-01  1.20562E+00
  4.58984E-01  1.20060E+00
  4.62891E-01  1.19560E+00
  4.66797E-01  1.19062E+00
  4.70703E-01  1.18566E+00
  4.74609E-01  1.18072E+00
  4.78516E-01  1.17580E+00
  4.82422E-01  1.17090E+00
  4.86328E-01  1.16603E+00
  4.90234E-01  1.16118E+00
  4.94141E-01  1.15634E+00
  4.98047E-01  1.15153E+00
  5.01953E-01  1.14675E+00
  5.05859E-01  1.14198E+00
  5.09766E-01  1.13724E+00
  5.13672E-01  1.13252E+00
  5.17578E-01  1.12782E+00
  5.21484E-01  1.12314E+00
  5.25391E-01  1.11849E+00
  5.29297E-01  1.11386E+00
  5.33203E-01  1.10926E+00
  5.37109E-01  1.10467E+00
  5.41016E-01  1.10011E+00
  5.44922E-01  1.09557E+00
  5.48828E-01  1.09106E+00
  5.52734E-01  1.08657E+00
  5.56641E-01  1.08210E+00
  5.60547E-01  1.07765E+00
  5.64453E-01  1.07323E+00
  5.68359E-01  1.06883E+00
  5.72266E-01  1.06445E+00
  5.76172E-01  1.06009E+00
  5.80078E-01  1.05576E+00
  5.83984E-01  1.05145E+00
  5.87891E-01  1.04716E+00
  5.91797E-01  1.04290E+00
  5.95703E-01  1.03865E+00
  5.99609E-01  1.03443E+00
  6.03516E-01  1.03024E+00
  6.07422E-01  1.02606E+00
  6.11328E-01  1.02191E+00
  6.15234E-01  1.01778E+00
  6.19141E-01  1.01367E+00
  6.23047E-01  1.00958E+00
  6.26953E-01  1.00551E+00
  6.30859E-01  1.00147E+00
  6.34766E-01  9.97446E-01
  6.38672E-01  9.93444E-01
  6.42578E-01  9.89464E-01
  6.46484E-01  9.85505E-01
  6.50391E-01  9.81567E-01
  6.54297E-01  9.77651E-01
  6.58203E-01  9.73755E-01
  6.62109E-01  9.69880E-01
  6.66016E-01  9.66027E-01
  6.69922E-01  9.62193E-01
  6.73828E-01  9.58378E-01
  6.77734E-01  9.54583E-01
  6.81641E-01  9.50808E-01
  6.85547E-01  9.47052E-01
  6.89453E-01  9.43316E-01
  6.93359E-01  9.39599E-01
  6.97266E-01  9.35902E-01
  7.01172E-01  9.32224E-01
  7.05078E-01  9.28566E-01
  7.08984E-01  9.24927E-01
  7.12891E-01  9.21307E-01
  7.16797E-01  9.17707E-01
  7.20703E-01  9.14127E-01
  7.24609E-01  9.10565E-01
  7.28516E-01  9.07023E-01
  7.32422E-01  9.03499E-01
  7.36328E-01  8.99995E-01
  7.40234E-01  8.96509E-01
  7.44141E-01  8.93043E-01
  7.48047E-01  8.89596E-01
  7.51953E-01  8.86168E-01
  7.55859E-01  8.82759E-01
  7.59766E-01  8.79368E-01
  7.63672E-01  8.75997E-01
  7.67578E-01  8.72645E-01
  7.71484E-01  8.69312E-01
  7.75391E-01  8.65999E-01
  7.79297E-01  8.62704E-01
  7.83203E-01  8.59429E-01
  7.87109E-01  8.56173E-01
  7.91016E-01  8.52935E-01
  7.94922E-01  8.49718E-01
  7.98828E-01  8.46521E-01
  8.02734E-01  8.43343E-01
  8.06641E-01  8.40185E-01
  8.10547E-01  8.37047E-01
  8.14453E-01  8.33930E-01
  8.18359E-01  8.30834E-01
  8.22266E-01  8.27758E-01
  8.26172E-01  8.24703E-01
  8.30078E-01  8.21669E-01
  8.33984E-01  8.18658E-01
  8.37891E-01  8.15669E-01
  8.41797E-01  8.12703E-01
  8.45703E-01  8.09760E-01
  8.49609E-01  8.06841E-01
  8.53516E-01  8.03946E-01
  8.57422E-01  8.01077E-01
  8.61328E-01  7.98233E-01
  8.65234E-01  7.95416E-01
  8.69141E-01  7.92625E-01
  8.73047E-01  7.89863E-01
  8.76953E-01  7.87131E-01
  8.80859E-01  7.84428E-01
  8.84766E-01  7.81757E-01
  8.88672E-01  7.79118E-01
  8.92578E-01  7.76514E-01
  8.96484E-01  7.73945E-01
  9.00391E-01  7.71413E-01
  9.04297E-01  7.68920E-01
  9.08203E-01  7.66467E-01
  9.12109E-01  7.64057E-01
  9.16016E-01  7.61692E-01
  9.19922E-01  7.59374E-01
  9.23828E-01  7.57107E-01
  9.27734E-01  7.54891E-01
  9.31641E-01  7.52730E-01
  9.35547E-01  7.50627E-01
  9.39453E-01  7.48583E-01
  9.43359E-01  7.46601E-01
  9.47266E-01  7.44688E-01
  9.51172E-01  7.42847E-01
  9.55078E-01  7.41082E-01
  9.58984E-01  7.39399E-01
  9.62891E-01  7.37802E-01
  9.66797E-01  7.36299E-01
  9.70703E-01  7.34896E-01
  9.74609E-01  7.33598E-01
  9.78516E-01  7.32415E-01
  9.82422E-01  7.31352E-01
  9.86328E-01  7.30420E-01
  9.90234E-01  7.29627E-01
  9.94141E-01  7.28984E-01
  9.98047E-01  7.28495E-01
  1.00195E+00  7.28499E-01
