 -1.95312E-03  2.51371E+00
  1.95312E-03  2.51375E+00
  5.85938E-03  2.51325E+00
  9.76562E-03  2.51273E+00
  1.36719E-02  2.51213E+00
  1.75781E-02  2.51144E+00
  2.14844E-02  2.51066E+00
  2.53906E-02  2.50979E+00
  2.92969E-02  2.50883E+00
  3.32031E-02  2.50779E+00
  3.71094E-02  2.50665E+00
  4.10156E-02  2.50543E+00
  4.49219E-02  2.50412E+00
  4.88281E-02  2.50272E+00
  5.27344E-02  2.50123E+00
  5.66406E-02  2.49966E+00
  6.05469E-02  2.49800E+00
  6.44531E-02  2.49626E+00
  6.83594E-02  2.49443E+00
  7.22656E-02  2.49251E+00
  7.61719E-02  2.49051E+00
  8.00781E-02  2.48843E+00
  8.39844E-02  2.48626E+00
  8.78906E-02  2.48401E+00
  9.17969E-02  2.48168E+00
  9.57031E-02  2.47926E+00
  9.96094E-02  2.47676E+00
  1.03516E-01  2.47418E+00
  1.07422E-01  2.47152E+00
  1.11328E-01  2.46878E+00
  1.15234E-01  2.46595E+00
  1.19141E-01  2.46305E+00
  1.23047E-01  2.46006E+00
  1.26953E-01  2.45699E+00
  1.30859E-01  2.45384E+00
  1.34766E-01  2.45062E+00
  1.38672E-01  2.44731E+00
  1.42578E-01  2.44392E+00
  1.46484E-01  2.44046E+00
  1.50391E-01  2.43691E+00
  1.54297E-01  2.43328E+00
  1.58203E-01  2.42958E+00
  1.62109E-01  2.42580E+00
  1.66016E-01  2.42194E+00
  1.69922E-01  2.41800E+00
  1.73828E-01  2.41398E+00
  1.77734E-01  2.40988E+00
  1.81641E-01  2.40571E+00
  1.85547E-01  2.40145E+00
  1.89453E-01  2.39712E+00
  1.93359E-01  2.39271E+00
  1.97266E-01  2.38822E+00
  2.01172E-01  2.38366E+00
  2.05078E-01  2.37901E+00
  2.08984E-01  2.37429E+00
  2.12891E-01  2.36949E+00
  2.16797E-01  2.36461E+00
  2.20703E-01  2.35965E+00
  2.24609E-01  2.35462E+00
  2.28516E-01  2.34950E+00
  2.32422E-01  2.34431E+00
  2.36328E-01  2.33904E+00
  2.40234E-01  2.33369E+00
  2.44141E-01  2.32826E+00
  2.48047E-01  2.32275E+00
  2.51953E-01  2.31717E+00
  2.55859E-01  2.31150E+00
  2.59766E-01  2.30576E+00
  2.63672E-01  2.29993E+00
  2.67578E-01  2.29403E+00
  2.71484E-01  2.28805E+00
  2.75391E-01  2.28198E+00
  2.79297E-01  2.27584E+00
  2.83203E-01  2.26961E+00
  2.87109E-01  2.26331E+00
  2.91016E-01  2.25692E+00
  2.94922E-01  2.25046E+00
  2.98828E-01  2.24391E+00
  3.02734E-01  2.23728E+00
  3.06641E-01  2.23057E+00
  3.10547E-01  2.22377E+00
  3.14453E-01  2.21689E+00
  3.18359E-01  2.20993E+00
  3.22266E-01  2.20288E+00
  3.26172E-01  2.19575E+00
  3.30078E-01  2.18854E+00
  3.33984E-01  2.18124E+00
  3.37891E-01  2.17385E+00
  3.41797E-01  2.16638E+00
  3.45703E-01  2.15883E+00
  3.49609E-01  2.15118E+00
  3.53516E-01  2.14345E+00
  3.57422E-01  2.13563E+00
  3.61328E-01  2.12772E+00
  3.65234E-01  2.11973E+00
  3.69141E-01  2.11164E+00
  3.73047E-01  2.10346E+00
  3.76953E-01  2.09519E+00
  3.80859E-01  2.08683E+00
  3.84766E-01  2.07837E+00
  3.88672E-01  2.06982E+00
  3.92578E-01  2.06118E+00
  3.96484E-01  2.05244E+00
  4.00391E-01  2.04360E+00
  4.04297E-01  2.03467E+00
  4.08203E-01  2.02564E+00
  4.12109E-01  2.01651E+00
  4.16016E-01  2.00728E+00
  4.19922E-01  1.99796E+00
  4.23828E-01  1.98853E+00
  4.27734E-01  1.97899E+00
  4.31641E-01  1.96936E+00
  4.35547E-01  1.95961E+00
  4.39453E-01  1.94976E+00
  4.43359E-01  1.93980E+00
  4.47266E-01  1.92974E+00
  4.51172E-01  1.91956E+00
  4.55078E-01  1.90926E+00
  4.58984E-01  1.89886E+00
  4.62891E-01  1.88833E+00
  4.66797E-01  1.87769E+00
  4.70703E-01  1.86693E+00
  4.74609E-01  1.85605E+00
  4.78516E-01  1.84504E+00
  4.82422E-01  1.83391E+00
  4.86328E-01  1.82266E+00
  4.90234E-01  1.81127E+00
  4.94141E-01  1.79976E+00
  4.98047E-01  1.78811E+00
  5.01953E-01  1.77633E+00
  5.05859E-01  1.76440E+00
  5.09766E-01  1.75234E+00
  5.13672E-01  1.74013E+00
  5.17578E-01  1.72778E+00
  5.21484E-01  1.71528E+00
  5.25391E-01  1.70262E+00
  5.29297E-01  1.68981E+00
  5.33203E-01  1.67683E+00
  5.37109E-01  1.66370E+00
  5.41016E-01  1.65039E+00
  5.44922E-01  1.63691E+00
  5.48828E-01  1.62326E+00
  5.52734E-01  1.60942E+00
  5.56641E-01  1.59540E+00
  5.60547E-01  1.58119E+00
  5.64453E-01  1.56678E+00
  5.68359E-01  1.55216E+00
  5.72266E-01  1.53734E+00
  5.76172E-01  1.52230E+00
  5.80078E-01  1.50705E+00
  5.83984E-01  1.49156E+00
  5.87891E-01  1.47583E+00
  5.91797E-01  1.45986E+00
  5.95703E-01  1.44363E+00
  5.99609E-01  1.42714E+00
  6.03516E-01  1.41038E+00
  6.07422E-01  1.39333E+00
  6.11328E-01  1.37598E+00
  6.15234E-01  1.35832E+00
  6.19141E-01  1.34034E+00
  6.23047E-01  1.32201E+00
  6.26953E-01  1.30334E+00
  6.30859E-01  1.28429E+00
  6.34766E-01  1.26484E+00
  6.38672E-01  1.24499E+00
  6.42578E-01  1.22469E+00
  6.46484E-01  1.20393E+00
  6.50391E-01  1.18267E+00
  6.54297E-01  1.16089E+00
  6.58203E-01  1.13855E+00
  6.62109E-01  1.11562E+00
  6.66016E-01  1.09204E+00
  6.69922E-01  1.06777E+00
  6.73828E-01  1.04274E+00
  6.77734E-01  1.01690E+00
  6.81641E-01  9.90160E-01
  6.85547E-01  9.62441E-01
  6.89453E-01  9.33635E-01
  6.93359E-01  9.03617E-01
  6.97266E-01  8.72236E-01
  7.01172E-01  8.39309E-01
  7.05078E-01  8.04590E-01
  7.08984E-01  7.67788E-01
  7.12891E-01  7.28515E-01
  7.16797E-01  6.86238E-01
  7.20703E-01  6.40263E-01
  7.24609E-01  5.89860E-01
  7.28516E-01  5.35067E-01
  7.32422E-01  4.78046E-01
  7.36328E-01  4.24428E-01
  7.40234E-01  3.81360E-01
  7.44141E-01  3.51591E-01
  7.48047E-01  3.32743E-01
  7.51953E-01  3.20739E-01
  7.55859E-01  3.12522E-01
  7.59766E-01  3.06264E-01
  7.63672E-01  3.01008E-01
  7.67578E-01  2.96307E-01
  7.71484E-01  2.91969E-01
  7.75391E-01  2.87869E-01
  7.79297E-01  2.83942E-01
  7.83203E-01  2.80157E-01
  7.87109E-01  2.76486E-01
  7.91016E-01  2.72920E-01
  7.94922E-01  2.69444E-01
  7.98828E-01  2.66054E-01
  8.02734E-01  2.62748E-01
  8.06641E-01  2.59517E-01
  8.10547E-01  2.56355E-01
  8.14453E-01  2.53255E-01
  8.18359E-01  2.50198E-01
  8.22266E-01  2.47170E-01
  8.26172E-01  2.44211E-01
  8.30078E-01  2.41316E-01
  8.33984E-01  2.38483E-01
  8.37891E-01  2.35711E-01
  8.41797E-01  2.32994E-01
  8.45703E-01  2.30332E-01
  8.49609E-01  2.27726E-01
  8.53516E-01  2.25171E-01
  8.57422E-01  2.22667E-01
  8.61328E-01  2.20214E-01
  8.65234E-01  2.17808E-01
  8.69141E-01  2.15450E-01
  8.73047E-01  2.13139E-01
  8.76953E-01  2.10873E-01
  8.80859E-01  2.08650E-01
  8.84766E-01  2.06471E-01
  8.88672E-01  2.04336E-01
  8.92578E-01  2.02243E-01
  8.96484E-01  2.00191E-01
  9.00391E-01  1.98180E-01
  9.04297E-01  1.96209E-01
  9.08203E-01  1.94278E-01
  9.12109E-01  1.92386E-01
  9.16016E-01  1.90532E-01
  9.19922E-01  1.88719E-01
  9.23828E-01  1.86943E-01
  9.27734E-01  1.85204E-01
  9.31641E-01  1.83507E-01
  9.35547E-01  1.81848E-01
  9.39453E-01  1.80225E-01
  9.43359E-01  1.78642E-01
  9.47266E-01  1.77102E-01
  9.51172E-01  1.75601E-01
  9.55078E-01  1.74139E-01
  9.58984E-01  1.72723E-01
  9.62891E-01  1.71352E-01
  9.66797E-01  1.70029E-01
  9.70703E-01  1.68758E-01
  9.74609E-01  1.67542E-01
  9.78516E-01  1.66388E-01
  9.82422E-01  1.65305E-01
  9.86328E-01  1.64302E-01
  9.90234E-01  1.63399E-01
  9.94141E-01  1.62624E-01
  9.98047E-01  1.62065E-01
  1.00195E+00  1.62065E-01
