 -1.95312E-03  2.49733E+00
  1.95312E-03  2.49741E+00
  5.85938E-03  2.49691E+00
  9.76562E-03  2.49638E+00
  1.36719E-02  2.49578E+00
  1.75781E-02  2.49509E+00
  2.14844E-02  2.49431E+00
  2.53906E-02  2.49343E+00
  2.92969E-02  2.49247E+00
  3.32031E-02  2.49142E+00
  3.71094E-02  2.49027E+00
  4.10156E-02  2.48904E+00
  4.49219E-02  2.48772E+00
  4.88281E-02  2.48631E+00
  5.27344E-02  2.48482E+00
  5.66406E-02  2.48323E+00
  6.05469E-02  2.48156E+00
  6.44531E-02  2.47981E+00
  6.83594E-02  2.47796E+00
  7.22656E-02  2.47603E+00
  7.61719E-02  2.47402E+00
  8.00781E-02  2.47192E+00
  8.39844E-02  2.46974E+00
  8.78906E-02  2.46747E+00
  9.17969E-02  2.46512E+00
  9.57031E-02  2.46269E+00
  9.96094E-02  2.46017E+00
  1.03516E-01  2.45757E+00
  1.07422E-01  2.45489E+00
  1.11328E-01  2.45213E+00
  1.15234E-01  2.44928E+00
  1.19141E-01  2.44636E+00
  1.23047E-01  2.44335E+00
  1.26953E-01  2.44026E+00
  1.30859E-01  2.43709E+00
  1.34766E-01  2.43383E+00
  1.38672E-01  2.43050E+00
  1.42578E-01  2.42709E+00
  1.46484E-01  2.42359E+00
  1.50391E-01  2.42002E+00
  1.54297E-01  2.41637E+00
  1.58203E-01  2.41263E+00
  1.62109E-01  2.40882E+00
  1.66016E-01  2.40493E+00
  1.69922E-01  2.40096E+00
  1.73828E-01  2.39691E+00
  1.77734E-01  2.39278E+00
  1.81641E-01  2.38857E+00
  1.85547E-01  2.38428E+00
  1.89453E-01  2.37991E+00
  1.93359E-01  2.37546E+00
  1.97266E-01  2.37094E+00
  2.01172E-01  2.36633E+00
  2.05078E-01  2.36165E+00
  2.08984E-01  2.35689E+00
  2.12891E-01  2.35205E+00
  2.16797E-01  2.34713E+00
  2.20703E-01  2.34213E+00
  2.24609E-01  2.33705E+00
  2.28516E-01  2.33189E+00
  2.32422E-01  2.32665E+00
  2.36328E-01  2.32134E+00
  2.40234E-01  2.31594E+00
  2.44141E-01  2.31047E+00
  2.48047E-01  2.30491E+00
  2.51953E-01  2.29928E+00
  2.55859E-01  2.29357E+00
  2.59766E-01  2.28777E+00
  2.63672E-01  2.28190E+00
  2.67578E-01  2.27594E+00
  2.71484E-01  2.26991E+00
  2.75391E-01  2.26379E+00
  2.79297E-01  2.25759E+00
  2.83203E-01  2.25131E+00
  2.87109E-01  2.24495E+00
  2.91016E-01  2.23851E+00
  2.94922E-01  2.23198E+00
  2.98828E-01  2.22537E+00
  3.02734E-01  2.21868E+00
  3.06641E-01  2.21191E+00
  3.10547E-01  2.20505E+00
  3.14453E-01  2.19811E+00
  3.18359E-01  2.19108E+00
  3.22266E-01  2.18397E+00
  3.26172E-01  2.17677E+00
  3.30078E-01  2.16949E+00
  3.33984E-01  2.16212E+00
  3.37891E-01  2.15467E+00
  3.41797E-01  2.14712E+00
  3.45703E-01  2.13950E+00
  3.49609E-01  2.13178E+00
  3.53516E-01  2.12398E+00
  3.57422E-01  2.11608E+00
  3.61328E-01  2.10810E+00
  3.65234E-01  2.10002E+00
  3.69141E-01  2.09185E+00
  3.73047E-01  2.08359E+00
  3.76953E-01  2.07524E+00
  3.80859E-01  2.06679E+00
  3.84766E-01  2.05825E+00
  3.88672E-01  2.04961E+00
  3.92578E-01  2.04088E+00
  3.96484E-01  2.03205E+00
  4.00391E-01  2.02313E+00
  4.04297E-01  2.01410E+00
  4.08203E-01  2.00498E+00
  4.12109E-01  1.99576E+00
  4.16016E-01  1.98643E+00
  4.19922E-01  1.97700E+00
  4.23828E-01  1.96748E+00
  4.27734E-01  1.95784E+00
  4.31641E-01  1.94810E+00
  4.35547E-01  1.93825E+00
  4.39453E-01  1.92830E+00
  4.43359E-01  1.91823E+00
  4.47266E-01  1.90805E+00
  4.51172E-01  1.89777E+00
  4.55078E-01  1.88736E+00
  4.58984E-01  1.87684E+00
  4.62891E-01  1.86620E+00
  4.66797E-01  1.85544E+00
  4.70703E-01  1.84456E+00
  4.74609E-01  1.83356E+00
  4.78516E-01  1.82243E+00
  4.82422E-01  1.81118E+00
  4.86328E-01  1.79980E+00
  4.90234E-01  1.78828E+00
  4.94141E-01  1.77664E+00
  4.98047E-01  1.76486E+00
  5.01953E-01  1.75294E+00
  5.05859E-01  1.74088E+00
  5.09766E-01  1.72867E+00
  5.13672E-01  1.71632E+00
  5.17578E-01  1.70383E+00
  5.21484E-01  1.69117E+00
  5.25391E-01  1.67837E+00
  5.29297E-01  1.66540E+00
  5.33203E-01  1.65227E+00
  5.37109E-01  1.63898E+00
  5.41016E-01  1.62552E+00
  5.44922E-01  1.61188E+00
  5.48828E-01  1.59806E+00
  5.52734E-01  1.58405E+00
  5.56641E-01  1.56986E+00
  5.60547E-01  1.55548E+00
  5.64453E-01  1.54089E+00
  5.68359E-01  1.52610E+00
  5.72266E-01  1.51110E+00
  5.76172E-01  1.49588E+00
  5.80078E-01  1.48044E+00
  5.83984E-01  1.46476E+00
  5.87891E-01  1.44884E+00
  5.91797E-01  1.43268E+00
  5.95703E-01  1.41625E+00
  5.99609E-01  1.39957E+00
  6.03516E-01  1.38260E+00
  6.07422E-01  1.36535E+00
  6.11328E-01  1.34780E+00
  6.15234E-01  1.32993E+00
  6.19141E-01  1.31174E+00
  6.23047E-01  1.29321E+00
  6.26953E-01  1.27433E+00
  6.30859E-01  1.25507E+00
  6.34766E-01  1.23543E+00
  6.38672E-01  1.21536E+00
  6.42578E-01  1.19487E+00
  6.46484E-01  1.17392E+00
  6.50391E-01  1.15248E+00
  6.54297E-01  1.13053E+00
  6.58203E-01  1.10803E+00
  6.62109E-01  1.08494E+00
  6.66016E-01  1.06124E+00
  6.69922E-01  1.03687E+00
  6.73828E-01  1.01178E+00
  6.77734E-01  9.85920E-01
  6.81641E-01  9.59228E-01
  6.85547E-01  9.31628E-01
  6.89453E-01  9.03038E-01
  6.93359E-01  8.73362E-01
  6.97266E-01  8.42491E-01
  7.01172E-01  8.10298E-01
  7.05078E-01  7.76655E-01
  7.08984E-01  7.41415E-01
  7.12891E-01  7.04430E-01
  7.16797E-01  6.65578E-01
  7.20703E-01  6.24878E-01
  7.24609E-01  5.82636E-01
  7.28516E-01  5.39654E-01
  7.32422E-01  4.97477E-01
  7.36328E-01  4.58535E-01
  7.40234E-01  4.25190E-01
  7.44141E-01  3.98671E-01
  7.48047E-01  3.78674E-01
  7.51953E-01  3.63916E-01
  7.55859E-01  3.52887E-01
  7.59766E-01  3.44306E-01
  7.63672E-01  3.37306E-01
  7.67578E-01  3.31314E-01
  7.71484E-01  3.25958E-01
  7.75391E-01  3.21025E-01
  7.79297E-01  3.16423E-01
  7.83203E-01  3.12063E-01
  7.87109E-01  3.07886E-01
  7.91016E-01  3.03858E-01
  7.94922E-01  2.99942E-01
  7.98828E-01  2.96097E-01
  8.02734E-01  2.92363E-01
  8.06641E-01  2.88733E-01
  8.10547E-01  2.85193E-01
  8.14453E-01  2.81739E-01
  8.18359E-01  2.78370E-01
  8.22266E-01  2.75080E-01
  8.26172E-01  2.71862E-01
  8.30078E-01  2.68715E-01
  8.33984E-01  2.65634E-01
  8.37891E-01  2.62617E-01
  8.41797E-01  2.59667E-01
  8.45703E-01  2.56778E-01
  8.49609E-01  2.53945E-01
  8.53516E-01  2.51162E-01
  8.57422E-01  2.48418E-01
  8.61328E-01  2.45704E-01
  8.65234E-01  2.43050E-01
  8.69141E-01  2.40448E-01
  8.73047E-01  2.37900E-01
  8.76953E-01  2.35402E-01
  8.80859E-01  2.32956E-01
  8.84766E-01  2.30559E-01
  8.88672E-01  2.28210E-01
  8.92578E-01  2.25909E-01
  8.96484E-01  2.23656E-01
  9.00391E-01  2.21448E-01
  9.04297E-01  2.19286E-01
  9.08203E-01  2.17168E-01
  9.12109E-01  2.15095E-01
  9.16016E-01  2.13066E-01
  9.19922E-01  2.11080E-01
  9.23828E-01  2.09138E-01
  9.27734E-01  2.07240E-01
  9.31641E-01  2.05385E-01
  9.35547E-01  2.03574E-01
  9.39453E-01  2.01806E-01
  9.43359E-01  2.00084E-01
  9.47266E-01  1.98408E-01
  9.51172E-01  1.96778E-01
  9.55078E-01  1.95194E-01
  9.58984E-01  1.93662E-01
  9.62891E-01  1.92182E-01
  9.66797E-01  1.90755E-01
  9.70703E-01  1.89387E-01
  9.74609E-01  1.88084E-01
  9.78516E-01  1.86856E-01
  9.82422E-01  1.85709E-01
  9.86328E-01  1.84653E-01
  9.90234E-01  1.83715E-01
  9.94141E-01  1.82923E-01
  9.98047E-01  1.82359E-01
  1.00195E+00  1.82359E-01
