 -1.95312E-03  2.48201E+00
  1.95312E-03  2.48205E+00
  5.85938E-03  2.48155E+00
  9.76562E-03  2.48103E+00
  1.36719E-02  2.48042E+00
  1.75781E-02  2.47972E+00
  2.14844E-02  2.47894E+00
  2.53906E-02  2.47806E+00
  2.92969E-02  2.47709E+00
  3.32031E-02  2.47603E+00
  3.71094E-02  2.47488E+00
  4.10156E-02  2.47364E+00
  4.49219E-02  2.47231E+00
  4.88281E-02  2.47089E+00
  5.27344E-02  2.46938E+00
  5.66406E-02  2.46779E+00
  6.05469E-02  2.46611E+00
  6.44531E-02  2.46433E+00
  6.83594E-02  2.46248E+00
  7.22656E-02  2.46054E+00
  7.61719E-02  2.45851E+00
  8.00781E-02  2.45640E+00
  8.39844E-02  2.45420E+00
  8.78906E-02  2.45192E+00
  9.17969E-02  2.44955E+00
  9.57031E-02  2.44710E+00
  9.96094E-02  2.44456E+00
  1.03516E-01  2.44195E+00
  1.07422E-01  2.43924E+00
  1.11328E-01  2.43646E+00
  1.15234E-01  2.43359E+00
  1.19141E-01  2.43064E+00
  1.23047E-01  2.42761E+00
  1.26953E-01  2.42450E+00
  1.30859E-01  2.42130E+00
  1.34766E-01  2.41803E+00
  1.38672E-01  2.41467E+00
  1.42578E-01  2.41123E+00
  1.46484E-01  2.40771E+00
  1.50391E-01  2.40411E+00
  1.54297E-01  2.40043E+00
  1.58203E-01  2.39667E+00
  1.62109E-01  2.39283E+00
  1.66016E-01  2.38890E+00
  1.69922E-01  2.38490E+00
  1.73828E-01  2.38082E+00
  1.77734E-01  2.37666E+00
  1.81641E-01  2.37241E+00
  1.85547E-01  2.36809E+00
  1.89453E-01  2.36369E+00
  1.93359E-01  2.35921E+00
  1.97266E-01  2.35465E+00
  2.01172E-01  2.35001E+00
  2.05078E-01  2.34529E+00
  2.08984E-01  2.34049E+00
  2.12891E-01  2.33561E+00
  2.16797E-01  2.33065E+00
  2.20703E-01  2.32561E+00
  2.24609E-01  2.32049E+00
  2.28516E-01  2.31529E+00
  2.32422E-01  2.31001E+00
  2.36328E-01  2.30465E+00
  2.40234E-01  2.29921E+00
  2.44141E-01  2.29369E+00
  2.48047E-01  2.28809E+00
  2.51953E-01  2.28241E+00
  2.55859E-01  2.27665E+00
  2.59766E-01  2.27080E+00
  2.63672E-01  2.26488E+00
  2.67578E-01  2.25887E+00
  2.71484E-01  2.25278E+00
  2.75391E-01  2.24661E+00
  2.79297E-01  2.24036E+00
  2.83203E-01  2.23403E+00
  2.87109E-01  2.22761E+00
  2.91016E-01  2.22111E+00
  2.94922E-01  2.21453E+00
  2.98828E-01  2.20787E+00
  3.02734E-01  2.20112E+00
  3.06641E-01  2.19428E+00
  3.10547E-01  2.18736E+00
  3.14453E-01  2.18036E+00
  3.18359E-01  2.17327E+00
  3.22266E-01  2.16609E+00
  3.26172E-01  2.15883E+00
  3.30078E-01  2.15148E+00
  3.33984E-01  2.14405E+00
  3.37891E-01  2.13653E+00
  3.41797E-01  2.12892E+00
  3.45703E-01  2.12122E+00
  3.49609E-01  2.11344E+00
  3.53516E-01  2.10556E+00
  3.57422E-01  2.09759E+00
  3.61328E-01  2.08953E+00
  3.65234E-01  2.08139E+00
  3.69141E-01  2.07314E+00
  3.73047E-01  2.06481E+00
  3.76953E-01  2.05638E+00
  3.80859E-01  2.04785E+00
  3.84766E-01  2.03923E+00
  3.88672E-01  2.03051E+00
  3.92578E-01  2.02170E+00
  3.96484E-01  2.01279E+00
  4.00391E-01  2.00378E+00
  4.04297E-01  1.99467E+00
  4.08203E-01  1.98546E+00
  4.12109E-01  1.97615E+00
  4.16016E-01  1.96674E+00
  4.19922E-01  1.95722E+00
  4.23828E-01  1.94760E+00
  4.27734E-01  1.93788E+00
  4.31641E-01  1.92804E+00
  4.35547E-01  1.91810E+00
  4.39453E-01  1.90805E+00
  4.43359E-01  1.89788E+00
  4.47266E-01  1.88761E+00
  4.51172E-01  1.87722E+00
  4.55078E-01  1.86671E+00
  4.58984E-01  1.85609E+00
  4.62891E-01  1.84534E+00
  4.66797E-01  1.83448E+00
  4.70703E-01  1.82349E+00
  4.74609E-01  1.81238E+00
  4.78516E-01  1.80114E+00
  4.82422E-01  1.78978E+00
  4.86328E-01  1.77828E+00
  4.90234E-01  1.76665E+00
  4.94141E-01  1.75489E+00
  4.98047E-01  1.74299E+00
  5.01953E-01  1.73095E+00
  5.05859E-01  1.71876E+00
  5.09766E-01  1.70643E+00
  5.13672E-01  1.69396E+00
  5.17578E-01  1.68133E+00
  5.21484E-01  1.66855E+00
  5.25391E-01  1.65561E+00
  5.29297E-01  1.64251E+00
  5.33203E-01  1.62925E+00
  5.37109E-01  1.61582E+00
  5.41016E-01  1.60221E+00
  5.44922E-01  1.58843E+00
  5.48828E-01  1.57447E+00
  5.52734E-01  1.56032E+00
  5.56641E-01  1.54599E+00
  5.60547E-01  1.53145E+00
  5.64453E-01  1.51672E+00
  5.68359E-01  1.50178E+00
  5.72266E-01  1.48663E+00
  5.76172E-01  1.47126E+00
  5.80078E-01  1.45566E+00
  5.83984E-01  1.43983E+00
  5.87891E-01  1.42376E+00
  5.91797E-01  1.40744E+00
  5.95703E-01  1.39086E+00
  5.99609E-01  1.37402E+00
  6.03516E-01  1.35690E+00
  6.07422E-01  1.33949E+00
  6.11328E-01  1.32178E+00
  6.15234E-01  1.30377E+00
  6.19141E-01  1.28544E+00
  6.23047E-01  1.26676E+00
  6.26953E-01  1.24773E+00
  6.30859E-01  1.22834E+00
  6.34766E-01  1.20857E+00
  6.38672E-01  1.18840E+00
  6.42578E-01  1.16780E+00
  6.46484E-01  1.14676E+00
  6.50391E-01  1.12525E+00
  6.54297E-01  1.10324E+00
  6.58203E-01  1.08072E+00
  6.62109E-01  1.05766E+00
  6.66016E-01  1.03400E+00
  6.69922E-01  1.00973E+00
  6.73828E-01  9.84804E-01
  6.77734E-01  9.59173E-01
  6.81641E-01  9.32800E-01
  6.85547E-01  9.05627E-01
  6.89453E-01  8.77605E-01
  6.93359E-01  8.48678E-01
  6.97266E-01  8.18788E-01
  7.01172E-01  7.87898E-01
  7.05078E-01  7.55974E-01
  7.08984E-01  7.22994E-01
  7.12891E-01  6.89005E-01
  7.16797E-01  6.54150E-01
  7.20703E-01  6.18694E-01
  7.24609E-01  5.83101E-01
  7.28516E-01  5.48130E-01
  7.32422E-01  5.14769E-01
  7.36328E-01  4.84165E-01
  7.40234E-01  4.57263E-01
  7.44141E-01  4.34527E-01
  7.48047E-01  4.15894E-01
  7.51953E-01  4.00868E-01
  7.55859E-01  3.88755E-01
  7.59766E-01  3.78869E-01
  7.63672E-01  3.70612E-01
  7.67578E-01  3.63482E-01
  7.71484E-01  3.57168E-01
  7.75391E-01  3.51444E-01
  7.79297E-01  3.46161E-01
  7.83203E-01  3.41184E-01
  7.87109E-01  3.36473E-01
  7.91016E-01  3.31978E-01
  7.94922E-01  3.27652E-01
  7.98828E-01  3.23453E-01
  8.02734E-01  3.19364E-01
  8.06641E-01  3.15406E-01
  8.10547E-01  3.11565E-01
  8.14453E-01  3.07823E-01
  8.18359E-01  3.04178E-01
  8.22266E-01  3.00617E-01
  8.26172E-01  2.97114E-01
  8.30078E-01  2.93664E-01
  8.33984E-01  2.90300E-01
  8.37891E-01  2.87012E-01
  8.41797E-01  2.83796E-01
  8.45703E-01  2.80651E-01
  8.49609E-01  2.77572E-01
  8.53516E-01  2.74560E-01
  8.57422E-01  2.71613E-01
  8.61328E-01  2.68726E-01
  8.65234E-01  2.65899E-01
  8.69141E-01  2.63127E-01
  8.73047E-01  2.60411E-01
  8.76953E-01  2.57755E-01
  8.80859E-01  2.55150E-01
  8.84766E-01  2.52593E-01
  8.88672E-01  2.50095E-01
  8.92578E-01  2.47637E-01
  8.96484E-01  2.45200E-01
  9.00391E-01  2.42815E-01
  9.04297E-01  2.40481E-01
  9.08203E-01  2.38197E-01
  9.12109E-01  2.35961E-01
  9.16016E-01  2.33775E-01
  9.19922E-01  2.31636E-01
  9.23828E-01  2.29547E-01
  9.27734E-01  2.27506E-01
  9.31641E-01  2.25513E-01
  9.35547E-01  2.23569E-01
  9.39453E-01  2.21674E-01
  9.43359E-01  2.19829E-01
  9.47266E-01  2.18035E-01
  9.51172E-01  2.16291E-01
  9.55078E-01  2.14603E-01
  9.58984E-01  2.12970E-01
  9.62891E-01  2.11395E-01
  9.66797E-01  2.09883E-01
  9.70703E-01  2.08436E-01
  9.74609E-01  2.07063E-01
  9.78516E-01  2.05770E-01
  9.82422E-01  2.04569E-01
  9.86328E-01  2.03474E-01
  9.90234E-01  2.02506E-01
  9.94141E-01  2.01699E-01
  9.98047E-01  2.01119E-01
  1.00195E+00  2.01119E-01
