 -1.95312E-03  2.45686E+00
  1.95312E-03  2.45701E+00
  5.85938E-03  2.45649E+00
  9.76562E-03  2.45597E+00
  1.36719E-02  2.45536E+00
  1.75781E-02  2.45466E+00
  2.14844E-02  2.45386E+00
  2.53906E-02  2.45298E+00
  2.92969E-02  2.45200E+00
  3.32031E-02  2.45093E+00
  3.71094E-02  2.44977E+00
  4.10156E-02  2.44852E+00
  4.49219E-02  2.44718E+00
  4.88281E-02  2.44574E+00
  5.27344E-02  2.44422E+00
  5.66406E-02  2.44261E+00
  6.05469E-02  2.44091E+00
  6.44531E-02  2.43912E+00
  6.83594E-02  2.43725E+00
  7.22656E-02  2.43528E+00
  7.61719E-02  2.43323E+00
  8.00781E-02  2.43110E+00
  8.39844E-02  2.42887E+00
  8.78906E-02  2.42657E+00
  9.17969E-02  2.42417E+00
  9.57031E-02  2.42169E+00
  9.96094E-02  2.41913E+00
  1.03516E-01  2.41648E+00
  1.07422E-01  2.41375E+00
  1.11328E-01  2.41093E+00
  1.15234E-01  2.40803E+00
  1.19141E-01  2.40505E+00
  1.23047E-01  2.40198E+00
  1.26953E-01  2.39883E+00
  1.30859E-01  2.39560E+00
  1.34766E-01  2.39228E+00
  1.38672E-01  2.38889E+00
  1.42578E-01  2.38541E+00
  1.46484E-01  2.38185E+00
  1.50391E-01  2.37820E+00
  1.54297E-01  2.37448E+00
  1.58203E-01  2.37067E+00
  1.62109E-01  2.36679E+00
  1.66016E-01  2.36281E+00
  1.69922E-01  2.35876E+00
  1.73828E-01  2.35463E+00
  1.77734E-01  2.35042E+00
  1.81641E-01  2.34613E+00
  1.85547E-01  2.34175E+00
  1.89453E-01  2.33729E+00
  1.93359E-01  2.33276E+00
  1.97266E-01  2.32814E+00
  2.01172E-01  2.32344E+00
  2.05078E-01  2.31866E+00
  2.08984E-01  2.31380E+00
  2.12891E-01  2.30887E+00
  2.16797E-01  2.30384E+00
  2.20703E-01  2.29874E+00
  2.24609E-01  2.29356E+00
  2.28516E-01  2.28830E+00
  2.32422E-01  2.28295E+00
  2.36328E-01  2.27752E+00
  2.40234E-01  2.27201E+00
  2.44141E-01  2.26642E+00
  2.48047E-01  2.26075E+00
  2.51953E-01  2.25500E+00
  2.55859E-01  2.24916E+00
  2.59766E-01  2.24324E+00
  2.63672E-01  2.23724E+00
  2.67578E-01  2.23116E+00
  2.71484E-01  2.22499E+00
  2.75391E-01  2.21874E+00
  2.79297E-01  2.21241E+00
  2.83203E-01  2.20600E+00
  2.87109E-01  2.19950E+00
  2.91016E-01  2.19291E+00
  2.94922E-01  2.18624E+00
  2.98828E-01  2.17949E+00
  3.02734E-01  2.17265E+00
  3.06641E-01  2.16573E+00
  3.10547E-01  2.15872E+00
  3.14453E-01  2.15162E+00
  3.18359E-01  2.14444E+00
  3.22266E-01  2.13717E+00
  3.26172E-01  2.12981E+00
  3.30078E-01  2.12236E+00
  3.33984E-01  2.11483E+00
  3.37891E-01  2.10721E+00
  3.41797E-01  2.09949E+00
  3.45703E-01  2.09169E+00
  3.49609E-01  2.08380E+00
  3.53516E-01  2.07582E+00
  3.57422E-01  2.06774E+00
  3.61328E-01  2.05957E+00
  3.65234E-01  2.05131E+00
  3.69141E-01  2.04295E+00
  3.73047E-01  2.03450E+00
  3.76953E-01  2.02595E+00
  3.80859E-01  2.01730E+00
  3.84766E-01  2.00856E+00
  3.88672E-01  1.99972E+00
  3.92578E-01  1.99078E+00
  3.96484E-01  1.98175E+00
  4.00391E-01  1.97261E+00
  4.04297E-01  1.96337E+00
  4.08203E-01  1.95403E+00
  4.12109E-01  1.94458E+00
  4.16016E-01  1.93503E+00
  4.19922E-01  1.92538E+00
  4.23828E-01  1.91562E+00
  4.27734E-01  1.90575E+00
  4.31641E-01  1.89577E+00
  4.35547E-01  1.88568E+00
  4.39453E-01  1.87548E+00
  4.43359E-01  1.86517E+00
  4.47266E-01  1.85474E+00
  4.51172E-01  1.84419E+00
  4.55078E-01  1.83352E+00
  4.58984E-01  1.82274E+00
  4.62891E-01  1.81183E+00
  4.66797E-01  1.80081E+00
  4.70703E-01  1.78966E+00
  4.74609E-01  1.77838E+00
  4.78516E-01  1.76697E+00
  4.82422E-01  1.75544E+00
  4.86328E-01  1.74377E+00
  4.90234E-01  1.73197E+00
  4.94141E-01  1.72003E+00
  4.98047E-01  1.70795E+00
  5.01953E-01  1.69573E+00
  5.05859E-01  1.68337E+00
  5.09766E-01  1.67086E+00
  5.13672E-01  1.65820E+00
  5.17578E-01  1.64539E+00
  5.21484E-01  1.63242E+00
  5.25391E-01  1.61929E+00
  5.29297E-01  1.60601E+00
  5.33203E-01  1.59256E+00
  5.37109E-01  1.57893E+00
  5.41016E-01  1.56514E+00
  5.44922E-01  1.55116E+00
  5.48828E-01  1.53701E+00
  5.52734E-01  1.52266E+00
  5.56641E-01  1.50813E+00
  5.60547E-01  1.49340E+00
  5.64453E-01  1.47847E+00
  5.68359E-01  1.46333E+00
  5.72266E-01  1.44799E+00
  5.76172E-01  1.43242E+00
  5.80078E-01  1.41663E+00
  5.83984E-01  1.40061E+00
  5.87891E-01  1.38436E+00
  5.91797E-01  1.36785E+00
  5.95703E-01  1.35110E+00
  5.99609E-01  1.33409E+00
  6.03516E-01  1.31680E+00
  6.07422E-01  1.29924E+00
  6.11328E-01  1.28139E+00
  6.15234E-01  1.26325E+00
  6.19141E-01  1.24479E+00
  6.23047E-01  1.22602E+00
  6.26953E-01  1.20691E+00
  6.30859E-01  1.18746E+00
  6.34766E-01  1.16765E+00
  6.38672E-01  1.14748E+00
  6.42578E-01  1.12692E+00
  6.46484E-01  1.10596E+00
  6.50391E-01  1.08457E+00
  6.54297E-01  1.06276E+00
  6.58203E-01  1.04050E+00
  6.62109E-01  1.01778E+00
  6.66016E-01  9.94564E-01
  6.69922E-01  9.70850E-01
  6.73828E-01  9.46617E-01
  6.77734E-01  9.21852E-01
  6.81641E-01  8.96542E-01
  6.85547E-01  8.70683E-01
  6.89453E-01  8.44277E-01
  6.93359E-01  8.17339E-01
  6.97266E-01  7.89890E-01
  7.01172E-01  7.61980E-01
  7.05078E-01  7.33691E-01
  7.08984E-01  7.05150E-01
  7.12891E-01  6.76515E-01
  7.16797E-01  6.48019E-01
  7.20703E-01  6.19956E-01
  7.24609E-01  5.92682E-01
  7.28516E-01  5.66604E-01
  7.32422E-01  5.42127E-01
  7.36328E-01  5.19585E-01
  7.40234E-01  4.99224E-01
  7.44141E-01  4.81144E-01
  7.48047E-01  4.65291E-01
  7.51953E-01  4.51489E-01
  7.55859E-01  4.39488E-01
  7.59766E-01  4.29026E-01
  7.63672E-01  4.19830E-01
  7.67578E-01  4.11667E-01
  7.71484E-01  4.04333E-01
  7.75391E-01  3.97635E-01
  7.79297E-01  3.91442E-01
  7.83203E-01  3.85663E-01
  7.87109E-01  3.80196E-01
  7.91016E-01  3.75004E-01
  7.94922E-01  3.70047E-01
  7.98828E-01  3.65276E-01
  8.02734E-01  3.60671E-01
  8.06641E-01  3.56223E-01
  8.10547E-01  3.51891E-01
  8.14453E-01  3.47690E-01
  8.18359E-01  3.43608E-01
  8.22266E-01  3.39623E-01
  8.26172E-01  3.35709E-01
  8.30078E-01  3.31909E-01
  8.33984E-01  3.28199E-01
  8.37891E-01  3.24576E-01
  8.41797E-01  3.21027E-01
  8.45703E-01  3.17526E-01
  8.49609E-01  3.14108E-01
  8.53516E-01  3.10768E-01
  8.57422E-01  3.07504E-01
  8.61328E-01  3.04312E-01
  8.65234E-01  3.01189E-01
  8.69141E-01  2.98132E-01
  8.73047E-01  2.95129E-01
  8.76953E-01  2.92163E-01
  8.80859E-01  2.89258E-01
  8.84766E-01  2.86414E-01
  8.88672E-01  2.83630E-01
  8.92578E-01  2.80906E-01
  8.96484E-01  2.78243E-01
  9.00391E-01  2.75636E-01
  9.04297E-01  2.73083E-01
  9.08203E-01  2.70591E-01
  9.12109E-01  2.68150E-01
  9.16016E-01  2.65765E-01
  9.19922E-01  2.63437E-01
  9.23828E-01  2.61158E-01
  9.27734E-01  2.58939E-01
  9.31641E-01  2.56768E-01
  9.35547E-01  2.54659E-01
  9.39453E-01  2.52599E-01
  9.43359E-01  2.50600E-01
  9.47266E-01  2.48656E-01
  9.51172E-01  2.46773E-01
  9.55078E-01  2.44950E-01
  9.58984E-01  2.43172E-01
  9.62891E-01  2.41463E-01
  9.66797E-01  2.39827E-01
  9.70703E-01  2.38268E-01
  9.74609E-01  2.36795E-01
  9.78516E-01  2.35418E-01
  9.82422E-01  2.34146E-01
  9.86328E-01  2.32998E-01
  9.90234E-01  2.31994E-01
  9.94141E-01  2.31167E-01
  9.98047E-01  2.30578E-01
  1.00195E+00  2.30579E-01
