 -1.95312E-03  1.04225E+00
  1.95312E-03  1.04234E+00
  5.85938E-03  1.04192E+00
  9.76562E-03  1.04157E+00
  1.36719E-02  1.04122E+00
  1.75781E-02  1.04088E+00
  2.14844E-02  1.04055E+00
  2.53906E-02  1.04021E+00
  2.92969E-02  1.03988E+00
  3.32031E-02  1.03956E+00
  3.71094E-02  1.03924E+00
  4.10156E-02  1.03893E+00
  4.49219E-02  1.03863E+00
  4.88281E-02  1.03833E+00
  5.27344E-02  1.03804E+00
  5.66406E-02  1.03775E+00
  6.05469E-02  1.03747E+00
  6.44531E-02  1.03719E+00
  6.83594E-02  1.03692E+00
  7.22656E-02  1.03665E+00
  7.61719E-02  1.03638E+00
  8.00781E-02  1.03611E+00
  8.39844E-02  1.03585E+00
  8.78906E-02  1.03559E+00
  9.17969E-02  1.03533E+00
  9.57031E-02  1.03507E+00
  9.96094E-02  1.03482E+00
  1.03516E-01  1.03456E+00
  1.07422E-01  1.03431E+00
  1.11328E-01  1.03405E+00
  1.15234E-01  1.03380E+00
  1.19141E-01  1.03355E+00
  1.23047E-01  1.03330E+00
  1.26953E-01  1.03305E+00
  1.30859E-01  1.03280E+00
  1.34766E-01  1.03255E+00
  1.38672E-01  1.03230E+00
  1.42578E-01  1.03205E+00
  1.46484E-01  1.03180E+00
  1.50391E-01  1.03155E+00
  1.54297E-01  1.03130E+00
  1.58203E-01  1.03105E+00
  1.62109E-01  1.03081E+00
  1.66016E-01  1.03056E+00
  1.69922E-01  1.03031E+00
  1.73828E-01  1.03007E+00
  1.77734E-01  1.02982E+00
  1.81641E-01  1.02958E+00
  1.85547E-01  1.02933E+00
  1.89453E-01  1.02908E+00
  1.93359E-01  1.02884E+00
  1.97266E-01  1.02859E+00
  2.01172E-01  1.02835E+00
  2.05078E-01  1.02810E+00
  2.08984E-01  1.02786E+00
  2.12891E-01  1.02761E+00
  2.16797E-01  1.02737E+00
  2.20703E-01  1.02713E+00
  2.24609E-01  1.02688E+00
  2.28516E-01  1.02664E+00
  2.32422E-01  1.02639E+00
  2.36328E-01  1.02615E+00
  2.40234E-01  1.02591E+00
  2.44141E-01  1.02566E+00
  2.48047E-01  1.02542E+00
  2.51953E-01  1.02518E+00
  2.55859E-01  1.02493E+00
  2.59766E-01  1.02469E+00
  2.63672E-01  1.02445E+00
  2.67578E-01  1.02421E+00
  2.71484E-01  1.02396E+00
  2.75391E-01  1.02372E+00
  2.79297E-01  1.02348E+00
  2.83203E-01  1.02324E+00
  2.87109E-01  1.02300E+00
  2.91016E-01  1.02275E+00
  2.94922E-01  1.02251E+00
  2.98828E-01  1.02227E+00
  3.02734E-01  1.02203E+00
  3.06641E-01  1.02179E+00
  3.10547E-01  1.02155E+00
  3.14453E-01  1.02130E+00
  3.18359E-01  1.02106E+00
  3.22266E-01  1.02082E+00
  3.26172E-01  1.02058E+00
  3.30078E-01  1.02034E+00
  3.33984E-01  1.02010E+00
  3.37891E-01  1.01986E+00
  3.41797E-01  1.01962E+00
  3.45703E-01  1.01938E+00
  3.49609E-01  1.01914E+00
  3.53516E-01  1.01890E+00
  3.57422E-01  1.01866E+00
  3.61328E-01  1.01842E+00
  3.65234E-01  1.01818E+00
  3.69141E-01  1.01794E+00
  3.73047E-01  1.01770E+00
  3.76953E-01  1.01746E+00
  3.80859E-01  1.01722E+00
  3.84766E-01  1.01698E+00
  3.88672E-01  1.01674E+00
  3.92578E-01  1.01650E+00
  3.96484E-01  1.01626E+00
  4.00391E-01  1.01602E+00
  4.04297E-01  1.01578E+00
  4.08203E-01  1.01554E+00
  4.12109E-01  1.01530E+00
  4.16016E-01  1.01506E+00
  4.19922E-01  1.01483E+00
  4.23828E-01  1.01459E+00
  4.27734E-01  1.01435E+00
  4.31641E-01  1.01411E+00
  4.35547E-01  1.01387E+00
  4.39453E-01  1.01363E+00
  4.43359E-01  1.01339E+00
  4.47266E-01  1.01316E+00
  4.51172E-01  1.01292E+00
  4.55078E-01  1.01268E+00
  4.58984E-01  1.01244E+00
  4.62891E-01  1.01221E+00
  4.66797E-01  1.01197E+00
  4.70703E-01  1.01173E+00
  4.74609E-01  1.01149E+00
  4.78516E-01  1.01125E+00
  4.82422E-01  1.01102E+00
  4.86328E-01  1.01078E+00
  4.90234E-01  1.01054E+00
  4.94141E-01  1.01030E+00
  4.98047E-01  1.01007E+00
  5.01953E-01  1.00983E+00
  5.05859E-01  1.00959E+00
  5.09766E-01  1.00936E+00
  5.13672E-01  1.00912E+00
  5.17578E-01  1.00888E+00
  5.21484E-01  1.00864E+00
  5.25391E-01  1.00841E+00
  5.29297E-01  1.00817E+00
  5.33203E-01  1.00794E+00
  5.37109E-01  1.00770E+00
  5.41016E-01  1.00746E+00
  5.44922E-01  1.00723E+00
  5.48828E-01  1.00699E+00
  5.52734E-01  1.00676E+00
  5.56641E-01  1.00652E+00
  5.60547E-01  1.00628E+00
  5.64453E-01  1.00605E+00
  5.68359E-01  1.00581E+00
  5.72266E-01  1.00558E+00
  5.76172E-01  1.00534E+00
  5.80078E-01  1.00511E+00
  5.83984E-01  1.00487E+00
  5.87891E-01  1.00464E+00
  5.91797E-01  1.00440E+00
  5.95703E-01  1.00416E+00
  5.99609E-01  1.00393E+00
  6.03516E-01  1.00369E+00
  6.07422E-01  1.00346E+00
  6.11328E-01  1.00322E+00
  6.15234E-01  1.00299E+00
  6.19141E-01  1.00275E+00
  6.23047E-01  1.00252E+00
  6.26953E-01  1.00229E+00
  6.30859E-01  1.00205E+00
  6.34766E-01  1.00182E+00
  6.38672E-01  1.00158E+00
  6.42578E-01  1.00135E+00
  6.46484E-01  1.00111E+00
  6.50391E-01  1.00088E+00
  6.54297E-01  1.00064E+00
  6.58203E-01  1.00041E+00
  6.62109E-01  1.00018E+00
  6.66016E-01  9.99942E-01
  6.69922E-01  9.99709E-01
  6.73828E-01  9.99475E-01
  6.77734E-01  9.99242E-01
  6.81641E-01  9.99009E-01
  6.85547E-01  9.98775E-01
  6.89453E-01  9.98542E-01
  6.93359E-01  9.98309E-01
  6.97266E-01  9.98075E-01
  7.01172E-01  9.97842E-01
  7.05078E-01  9.97609E-01
  7.08984E-01  9.97376E-01
  7.12891E-01  9.97143E-01
  7.16797E-01  9.96910E-01
  7.20703E-01  9.96677E-01
  7.24609E-01  9.96444E-01
  7.28516E-01  9.96212E-01
  7.32422E-01  9.95979E-01
  7.36328E-01  9.95746E-01
  7.40234E-01  9.95514E-01
  7.44141E-01  9.95282E-01
  7.48047E-01  9.95049E-01
  7.51953E-01  9.94817E-01
  7.55859E-01  9.94585E-01
  7.59766E-01  9.94353E-01
  7.63672E-01  9.94121E-01
  7.67578E-01  9.93889E-01
  7.71484E-01  9.93657E-01
  7.75391E-01  9.93426E-01
  7.79297E-01  9.93194E-01
  7.83203E-01  9.92962E-01
  7.87109E-01  9.92731E-01
  7.91016E-01  9.92499E-01
  7.94922E-01  9.92268E-01
  7.98828E-01  9.92037E-01
  8.02734E-01  9.91805E-01
  8.06641E-01  9.91574E-01
  8.10547E-01  9.91343E-01
  8.14453E-01  9.91112E-01
  8.18359E-01  9.90881E-01
  8.22266E-01  9.90651E-01
  8.26172E-01  9.90420E-01
  8.30078E-01  9.90189E-01
  8.33984E-01  9.89958E-01
  8.37891E-01  9.89728E-01
  8.41797E-01  9.89497E-01
  8.45703E-01  9.89266E-01
  8.49609E-01  9.89036E-01
  8.53516E-01  9.88805E-01
  8.57422E-01  9.88575E-01
  8.61328E-01  9.88344E-01
  8.65234E-01  9.88114E-01
  8.69141E-01  9.87884E-01
  8.73047E-01  9.87654E-01
  8.76953E-01  9.87424E-01
  8.80859E-01  9.87194E-01
  8.84766E-01  9.86965E-01
  8.88672E-01  9.86735E-01
  8.92578E-01  9.86505E-01
  8.96484E-01  9.86275E-01
  9.00391E-01  9.86046E-01
  9.04297E-01  9.85816E-01
  9.08203E-01  9.85586E-01
  9.12109E-01  9.85355E-01
  9.16016E-01  9.85124E-01
  9.19922E-01  9.84892E-01
  9.23828E-01  9.84660E-01
  9.27734E-01  9.84426E-01
  9.31641E-01  9.84191E-01
  9.35547E-01  9.83953E-01
  9.39453E-01  9.83712E-01
  9.43359E-01  9.83468E-01
  9.47266E-01  9.83220E-01
  9.51172E-01  9.82967E-01
  9.55078E-01  9.82707E-01
  9.58984E-01  9.82440E-01
  9.62891E-01  9.82166E-01
  9.66797E-01  9.81883E-01
  9.70703E-01  9.81590E-01
  9.74609E-01  9.81289E-01
  9.78516E-01  9.80979E-01
  9.82422E-01  9.80661E-01
  9.86328E-01  9.80337E-01
  9.90234E-01  9.80009E-01
  9.94141E-01  9.79679E-01
  9.98047E-01  9.79296E-01
  1.00195E+00  9.79334E-01
