 -1.95312E-03  2.41247E+00
  1.95312E-03  2.41252E+00
  5.85938E-03  2.41202E+00
  9.76562E-03  2.41148E+00
  1.36719E-02  2.41087E+00
  1.75781E-02  2.41016E+00
  2.14844E-02  2.40935E+00
  2.53906E-02  2.40846E+00
  2.92969E-02  2.40746E+00
  3.32031E-02  2.40638E+00
  3.71094E-02  2.40519E+00
  4.10156E-02  2.40392E+00
  4.49219E-02  2.40255E+00
  4.88281E-02  2.40109E+00
  5.27344E-02  2.39954E+00
  5.66406E-02  2.39790E+00
  6.05469E-02  2.39617E+00
  6.44531E-02  2.39435E+00
  6.83594E-02  2.39244E+00
  7.22656E-02  2.39044E+00
  7.61719E-02  2.38835E+00
  8.00781E-02  2.38617E+00
  8.39844E-02  2.38391E+00
  8.78906E-02  2.38155E+00
  9.17969E-02  2.37911E+00
  9.57031E-02  2.37658E+00
  9.96094E-02  2.37397E+00
  1.03516E-01  2.37127E+00
  1.07422E-01  2.36848E+00
  1.11328E-01  2.36560E+00
  1.15234E-01  2.36265E+00
  1.19141E-01  2.35960E+00
  1.23047E-01  2.35647E+00
  1.26953E-01  2.35326E+00
  1.30859E-01  2.34996E+00
  1.34766E-01  2.34658E+00
  1.38672E-01  2.34311E+00
  1.42578E-01  2.33956E+00
  1.46484E-01  2.33592E+00
  1.50391E-01  2.33220E+00
  1.54297E-01  2.32840E+00
  1.58203E-01  2.32452E+00
  1.62109E-01  2.32055E+00
  1.66016E-01  2.31650E+00
  1.69922E-01  2.31237E+00
  1.73828E-01  2.30815E+00
  1.77734E-01  2.30385E+00
  1.81641E-01  2.29947E+00
  1.85547E-01  2.29500E+00
  1.89453E-01  2.29045E+00
  1.93359E-01  2.28582E+00
  1.97266E-01  2.28111E+00
  2.01172E-01  2.27631E+00
  2.05078E-01  2.27143E+00
  2.08984E-01  2.26647E+00
  2.12891E-01  2.26142E+00
  2.16797E-01  2.25630E+00
  2.20703E-01  2.25109E+00
  2.24609E-01  2.24579E+00
  2.28516E-01  2.24041E+00
  2.32422E-01  2.23495E+00
  2.36328E-01  2.22941E+00
  2.40234E-01  2.22378E+00
  2.44141E-01  2.21807E+00
  2.48047E-01  2.21228E+00
  2.51953E-01  2.20640E+00
  2.55859E-01  2.20044E+00
  2.59766E-01  2.19439E+00
  2.63672E-01  2.18826E+00
  2.67578E-01  2.18205E+00
  2.71484E-01  2.17574E+00
  2.75391E-01  2.16936E+00
  2.79297E-01  2.16289E+00
  2.83203E-01  2.15633E+00
  2.87109E-01  2.14969E+00
  2.91016E-01  2.14296E+00
  2.94922E-01  2.13615E+00
  2.98828E-01  2.12924E+00
  3.02734E-01  2.12225E+00
  3.06641E-01  2.11518E+00
  3.10547E-01  2.10801E+00
  3.14453E-01  2.10075E+00
  3.18359E-01  2.09341E+00
  3.22266E-01  2.08598E+00
  3.26172E-01  2.07846E+00
  3.30078E-01  2.07085E+00
  3.33984E-01  2.06315E+00
  3.37891E-01  2.05535E+00
  3.41797E-01  2.04747E+00
  3.45703E-01  2.03949E+00
  3.49609E-01  2.03143E+00
  3.53516E-01  2.02326E+00
  3.57422E-01  2.01501E+00
  3.61328E-01  2.00665E+00
  3.65234E-01  1.99820E+00
  3.69141E-01  1.98966E+00
  3.73047E-01  1.98102E+00
  3.76953E-01  1.97228E+00
  3.80859E-01  1.96344E+00
  3.84766E-01  1.95450E+00
  3.88672E-01  1.94546E+00
  3.92578E-01  1.93632E+00
  3.96484E-01  1.92708E+00
  4.00391E-01  1.91774E+00
  4.04297E-01  1.90829E+00
  4.08203E-01  1.89874E+00
  4.12109E-01  1.88909E+00
  4.16016E-01  1.87932E+00
  4.19922E-01  1.86945E+00
  4.23828E-01  1.85947E+00
  4.27734E-01  1.84938E+00
  4.31641E-01  1.83918E+00
  4.35547E-01  1.82887E+00
  4.39453E-01  1.81844E+00
  4.43359E-01  1.80789E+00
  4.47266E-01  1.79723E+00
  4.51172E-01  1.78645E+00
  4.55078E-01  1.77555E+00
  4.58984E-01  1.76454E+00
  4.62891E-01  1.75340E+00
  4.66797E-01  1.74213E+00
  4.70703E-01  1.73074E+00
  4.74609E-01  1.71923E+00
  4.78516E-01  1.70758E+00
  4.82422E-01  1.69580E+00
  4.86328E-01  1.68389E+00
  4.90234E-01  1.67185E+00
  4.94141E-01  1.65967E+00
  4.98047E-01  1.64735E+00
  5.01953E-01  1.63488E+00
  5.05859E-01  1.62228E+00
  5.09766E-01  1.60952E+00
  5.13672E-01  1.59662E+00
  5.17578E-01  1.58357E+00
  5.21484E-01  1.57036E+00
  5.25391E-01  1.55700E+00
  5.29297E-01  1.54347E+00
  5.33203E-01  1.52979E+00
  5.37109E-01  1.51593E+00
  5.41016E-01  1.50191E+00
  5.44922E-01  1.48771E+00
  5.48828E-01  1.47334E+00
  5.52734E-01  1.45879E+00
  5.56641E-01  1.44405E+00
  5.60547E-01  1.42913E+00
  5.64453E-01  1.41401E+00
  5.68359E-01  1.39870E+00
  5.72266E-01  1.38320E+00
  5.76172E-01  1.36749E+00
  5.80078E-01  1.35157E+00
  5.83984E-01  1.33544E+00
  5.87891E-01  1.31910E+00
  5.91797E-01  1.30253E+00
  5.95703E-01  1.28574E+00
  5.99609E-01  1.26872E+00
  6.03516E-01  1.25146E+00
  6.07422E-01  1.23396E+00
  6.11328E-01  1.21622E+00
  6.15234E-01  1.19823E+00
  6.19141E-01  1.17999E+00
  6.23047E-01  1.16149E+00
  6.26953E-01  1.14273E+00
  6.30859E-01  1.12370E+00
  6.34766E-01  1.10440E+00
  6.38672E-01  1.08484E+00
  6.42578E-01  1.06501E+00
  6.46484E-01  1.04492E+00
  6.50391E-01  1.02455E+00
  6.54297E-01  1.00392E+00
  6.58203E-01  9.83033E-01
  6.62109E-01  9.61896E-01
  6.66016E-01  9.40525E-01
  6.69922E-01  9.18936E-01
  6.73828E-01  8.97155E-01
  6.77734E-01  8.75203E-01
  6.81641E-01  8.53117E-01
  6.85547E-01  8.30946E-01
  6.89453E-01  8.08741E-01
  6.93359E-01  7.86569E-01
  6.97266E-01  7.64505E-01
  7.01172E-01  7.42633E-01
  7.05078E-01  7.21055E-01
  7.08984E-01  6.99886E-01
  7.12891E-01  6.79232E-01
  7.16797E-01  6.59216E-01
  7.20703E-01  6.39949E-01
  7.24609E-01  6.21543E-01
  7.28516E-01  6.04091E-01
  7.32422E-01  5.87639E-01
  7.36328E-01  5.72228E-01
  7.40234E-01  5.57871E-01
  7.44141E-01  5.44558E-01
  7.48047E-01  5.32245E-01
  7.51953E-01  5.20875E-01
  7.55859E-01  5.10383E-01
  7.59766E-01  5.00680E-01
  7.63672E-01  4.91682E-01
  7.67578E-01  4.83306E-01
  7.71484E-01  4.75479E-01
  7.75391E-01  4.68138E-01
  7.79297E-01  4.61220E-01
  7.83203E-01  4.54668E-01
  7.87109E-01  4.48444E-01
  7.91016E-01  4.42509E-01
  7.94922E-01  4.36840E-01
  7.98828E-01  4.31383E-01
  8.02734E-01  4.26111E-01
  8.06641E-01  4.21011E-01
  8.10547E-01  4.16069E-01
  8.14453E-01  4.11272E-01
  8.18359E-01  4.06603E-01
  8.22266E-01  4.02055E-01
  8.26172E-01  3.97621E-01
  8.30078E-01  3.93300E-01
  8.33984E-01  3.89071E-01
  8.37891E-01  3.84943E-01
  8.41797E-01  3.80905E-01
  8.45703E-01  3.76953E-01
  8.49609E-01  3.73089E-01
  8.53516E-01  3.69310E-01
  8.57422E-01  3.65598E-01
  8.61328E-01  3.61975E-01
  8.65234E-01  3.58423E-01
  8.69141E-01  3.54933E-01
  8.73047E-01  3.51528E-01
  8.76953E-01  3.48192E-01
  8.80859E-01  3.44912E-01
  8.84766E-01  3.41704E-01
  8.88672E-01  3.38568E-01
  8.92578E-01  3.35503E-01
  8.96484E-01  3.32495E-01
  9.00391E-01  3.29535E-01
  9.04297E-01  3.26647E-01
  9.08203E-01  3.23825E-01
  9.12109E-01  3.21072E-01
  9.16016E-01  3.18386E-01
  9.19922E-01  3.15760E-01
  9.23828E-01  3.13186E-01
  9.27734E-01  3.10667E-01
  9.31641E-01  3.08217E-01
  9.35547E-01  3.05834E-01
  9.39453E-01  3.03520E-01
  9.43359E-01  3.01275E-01
  9.47266E-01  2.99102E-01
  9.51172E-01  2.97000E-01
  9.55078E-01  2.94978E-01
  9.58984E-01  2.93032E-01
  9.62891E-01  2.91168E-01
  9.66797E-01  2.89396E-01
  9.70703E-01  2.87711E-01
  9.74609E-01  2.86118E-01
  9.78516E-01  2.84641E-01
  9.82422E-01  2.83293E-01
  9.86328E-01  2.82089E-01
  9.90234E-01  2.81050E-01
  9.94141E-01  2.80215E-01
  9.98047E-01  2.79625E-01
  1.00195E+00  2.79625E-01
