 -1.95312E-03  1.79486E+00
  1.95312E-03  1.79498E+00
  5.85938E-03  1.79445E+00
  9.76562E-03  1.79388E+00
  1.36719E-02  1.79321E+00
  1.75781E-02  1.79243E+00
  2.14844E-02  1.79155E+00
  2.53906E-02  1.79055E+00
  2.92969E-02  1.78944E+00
  3.32031E-02  1.78823E+00
  3.71094E-02  1.78690E+00
  4.10156E-02  1.78548E+00
  4.49219E-02  1.78394E+00
  4.88281E-02  1.78231E+00
  5.27344E-02  1.78057E+00
  5.66406E-02  1.77873E+00
  6.05469E-02  1.77679E+00
  6.44531E-02  1.77475E+00
  6.83594E-02  1.77261E+00
  7.22656E-02  1.77038E+00
  7.61719E-02  1.76805E+00
  8.00781E-02  1.76562E+00
  8.39844E-02  1.76310E+00
  8.78906E-02  1.76049E+00
  9.17969E-02  1.75778E+00
  9.57031E-02  1.75499E+00
  9.96094E-02  1.75210E+00
  1.03516E-01  1.74912E+00
  1.07422E-01  1.74606E+00
  1.11328E-01  1.74291E+00
  1.15234E-01  1.73967E+00
  1.19141E-01  1.73634E+00
  1.23047E-01  1.73293E+00
  1.26953E-01  1.72944E+00
  1.30859E-01  1.72587E+00
  1.34766E-01  1.72221E+00
  1.38672E-01  1.71847E+00
  1.42578E-01  1.71466E+00
  1.46484E-01  1.71076E+00
  1.50391E-01  1.70679E+00
  1.54297E-01  1.70274E+00
  1.58203E-01  1.69861E+00
  1.62109E-01  1.69441E+00
  1.66016E-01  1.69014E+00
  1.69922E-01  1.68579E+00
  1.73828E-01  1.68137E+00
  1.77734E-01  1.67688E+00
  1.81641E-01  1.67232E+00
  1.85547E-01  1.66769E+00
  1.89453E-01  1.66299E+00
  1.93359E-01  1.65823E+00
  1.97266E-01  1.65340E+00
  2.01172E-01  1.64850E+00
  2.05078E-01  1.64354E+00
  2.08984E-01  1.63852E+00
  2.12891E-01  1.63344E+00
  2.16797E-01  1.62829E+00
  2.20703E-01  1.62309E+00
  2.24609E-01  1.61783E+00
  2.28516E-01  1.61251E+00
  2.32422E-01  1.60714E+00
  2.36328E-01  1.60171E+00
  2.40234E-01  1.59623E+00
  2.44141E-01  1.59069E+00
  2.48047E-01  1.58510E+00
  2.51953E-01  1.57947E+00
  2.55859E-01  1.57378E+00
  2.59766E-01  1.56805E+00
  2.63672E-01  1.56227E+00
  2.67578E-01  1.55644E+00
  2.71484E-01  1.55058E+00
  2.75391E-01  1.54467E+00
  2.79297E-01  1.53871E+00
  2.83203E-01  1.53272E+00
  2.87109E-01  1.52669E+00
  2.91016E-01  1.52062E+00
  2.94922E-01  1.51452E+00
  2.98828E-01  1.50838E+00
  3.02734E-01  1.50221E+00
  3.06641E-01  1.49601E+00
  3.10547E-01  1.48977E+00
  3.14453E-01  1.48351E+00
  3.18359E-01  1.47722E+00
  3.22266E-01  1.47091E+00
  3.26172E-01  1.46457E+00
  3.30078E-01  1.45820E+00
  3.33984E-01  1.45182E+00
  3.37891E-01  1.44541E+00
  3.41797E-01  1.43899E+00
  3.45703E-01  1.43255E+00
  3.49609E-01  1.42610E+00
  3.53516E-01  1.41963E+00
  3.57422E-01  1.41315E+00
  3.61328E-01  1.40665E+00
  3.65234E-01  1.40015E+00
  3.69141E-01  1.39364E+00
  3.73047E-01  1.38712E+00
  3.76953E-01  1.38060E+00
  3.80859E-01  1.37408E+00
  3.84766E-01  1.36755E+00
  3.88672E-01  1.36102E+00
  3.92578E-01  1.35449E+00
  3.96484E-01  1.34797E+00
  4.00391E-01  1.34144E+00
  4.04297E-01  1.33492E+00
  4.08203E-01  1.32841E+00
  4.12109E-01  1.32190E+00
  4.16016E-01  1.31541E+00
  4.19922E-01  1.30892E+00
  4.23828E-01  1.30244E+00
  4.27734E-01  1.29598E+00
  4.31641E-01  1.28952E+00
  4.35547E-01  1.28309E+00
  4.39453E-01  1.27667E+00
  4.43359E-01  1.27026E+00
  4.47266E-01  1.26388E+00
  4.51172E-01  1.25751E+00
  4.55078E-01  1.25116E+00
  4.58984E-01  1.24484E+00
  4.62891E-01  1.23853E+00
  4.66797E-01  1.23225E+00
  4.70703E-01  1.22599E+00
  4.74609E-01  1.21976E+00
  4.78516E-01  1.21355E+00
  4.82422E-01  1.20737E+00
  4.86328E-01  1.20122E+00
  4.90234E-01  1.19509E+00
  4.94141E-01  1.18899E+00
  4.98047E-01  1.18293E+00
  5.01953E-01  1.17688E+00
  5.05859E-01  1.17087E+00
  5.09766E-01  1.16490E+00
  5.13672E-01  1.15895E+00
  5.17578E-01  1.15303E+00
  5.21484E-01  1.14715E+00
  5.25391E-01  1.14129E+00
  5.29297E-01  1.13547E+00
  5.33203E-01  1.12969E+00
  5.37109E-01  1.12393E+00
  5.41016E-01  1.11821E+00
  5.44922E-01  1.11252E+00
  5.48828E-01  1.10687E+00
  5.52734E-01  1.10125E+00
  5.56641E-01  1.09566E+00
  5.60547E-01  1.09011E+00
  5.64453E-01  1.08460E+00
  5.68359E-01  1.07911E+00
  5.72266E-01  1.07367E+00
  5.76172E-01  1.06825E+00
  5.80078E-01  1.06287E+00
  5.83984E-01  1.05753E+00
  5.87891E-01  1.05222E+00
  5.91797E-01  1.04694E+00
  5.95703E-01  1.04170E+00
  5.99609E-01  1.03649E+00
  6.03516E-01  1.03132E+00
  6.07422E-01  1.02618E+00
  6.11328E-01  1.02107E+00
  6.15234E-01  1.01600E+00
  6.19141E-01  1.01096E+00
  6.23047E-01  1.00596E+00
  6.26953E-01  1.00099E+00
  6.30859E-01  9.96047E-01
  6.34766E-01  9.91142E-01
  6.38672E-01  9.86270E-01
  6.42578E-01  9.81430E-01
  6.46484E-01  9.76622E-01
  6.50391E-01  9.71847E-01
  6.54297E-01  9.67104E-01
  6.58203E-01  9.62393E-01
  6.62109E-01  9.57713E-01
  6.66016E-01  9.53066E-01
  6.69922E-01  9.48450E-01
  6.73828E-01  9.43866E-01
  6.77734E-01  9.39313E-01
  6.81641E-01  9.34790E-01
  6.85547E-01  9.30299E-01
  6.89453E-01  9.25838E-01
  6.93359E-01  9.21408E-01
  6.97266E-01  9.17007E-01
  7.01172E-01  9.12636E-01
  7.05078E-01  9.08293E-01
  7.08984E-01  9.03979E-01
  7.12891E-01  8.99694E-01
  7.16797E-01  8.95436E-01
  7.20703E-01  8.91206E-01
  7.24609E-01  8.87004E-01
  7.28516E-01  8.82830E-01
  7.32422E-01  8.78683E-01
  7.36328E-01  8.74564E-01
  7.40234E-01  8.70473E-01
  7.44141E-01  8.66409E-01
  7.48047E-01  8.62373E-01
  7.51953E-01  8.58365E-01
  7.55859E-01  8.54384E-01
  7.59766E-01  8.50430E-01
  7.63672E-01  8.46503E-01
  7.67578E-01  8.42605E-01
  7.71484E-01  8.38733E-01
  7.75391E-01  8.34890E-01
  7.79297E-01  8.31073E-01
  7.83203E-01  8.27284E-01
  7.87109E-01  8.23522E-01
  7.91016E-01  8.19788E-01
  7.94922E-01  8.16081E-01
  7.98828E-01  8.12403E-01
  8.02734E-01  8.08752E-01
  8.06641E-01  8.05130E-01
  8.10547E-01  8.01535E-01
  8.14453E-01  7.97970E-01
  8.18359E-01  7.94432E-01
  8.22266E-01  7.90923E-01
  8.26172E-01  7.87443E-01
  8.30078E-01  7.83992E-01
  8.33984E-01  7.80572E-01
  8.37891E-01  7.77182E-01
  8.41797E-01  7.73822E-01
  8.45703E-01  7.70493E-01
  8.49609E-01  7.67196E-01
  8.53516E-01  7.63932E-01
  8.57422E-01  7.60700E-01
  8.61328E-01  7.57502E-01
  8.65234E-01  7.54338E-01
  8.69141E-01  7.51209E-01
  8.73047E-01  7.48117E-01
  8.76953E-01  7.45061E-01
  8.80859E-01  7.42043E-01
  8.84766E-01  7.39065E-01
  8.88672E-01  7.36128E-01
  8.92578E-01  7.33232E-01
  8.96484E-01  7.30381E-01
  9.00391E-01  7.27575E-01
  9.04297E-01  7.24816E-01
  9.08203E-01  7.22106E-01
  9.12109E-01  7.19448E-01
  9.16016E-01  7.16843E-01
  9.19922E-01  7.14293E-01
  9.23828E-01  7.11802E-01
  9.27734E-01  7.09370E-01
  9.31641E-01  7.06999E-01
  9.35547E-01  7.04692E-01
  9.39453E-01  7.02453E-01
  9.43359E-01  7.00286E-01
  9.47266E-01  6.98196E-01
  9.51172E-01  6.96186E-01
  9.55078E-01  6.94262E-01
  9.58984E-01  6.92430E-01
  9.62891E-01  6.90695E-01
  9.66797E-01  6.89063E-01
  9.70703E-01  6.87541E-01
  9.74609E-01  6.86137E-01
  9.78516E-01  6.84859E-01
  9.82422E-01  6.83715E-01
  9.86328E-01  6.82716E-01
  9.90234E-01  6.81871E-01
  9.94141E-01  6.81192E-01
  9.98047E-01  6.80686E-01
  1.00195E+00  6.80690E-01
