 -1.95312E-03  2.21215E+00
  1.95312E-03  2.21224E+00
  5.85938E-03  2.21173E+00
  9.76562E-03  2.21118E+00
  1.36719E-02  2.21053E+00
  1.75781E-02  2.20979E+00
  2.14844E-02  2.20894E+00
  2.53906E-02  2.20799E+00
  2.92969E-02  2.20693E+00
  3.32031E-02  2.20577E+00
  3.71094E-02  2.20452E+00
  4.10156E-02  2.20316E+00
  4.49219E-02  2.20170E+00
  4.88281E-02  2.20014E+00
  5.27344E-02  2.19848E+00
  5.66406E-02  2.19672E+00
  6.05469E-02  2.19486E+00
  6.44531E-02  2.19291E+00
  6.83594E-02  2.19086E+00
  7.22656E-02  2.18871E+00
  7.61719E-02  2.18647E+00
  8.00781E-02  2.18413E+00
  8.39844E-02  2.18170E+00
  8.78906E-02  2.17917E+00
  9.17969E-02  2.17655E+00
  9.57031E-02  2.17383E+00
  9.96094E-02  2.17102E+00
  1.03516E-01  2.16812E+00
  1.07422E-01  2.16512E+00
  1.11328E-01  2.16203E+00
  1.15234E-01  2.15885E+00
  1.19141E-01  2.15558E+00
  1.23047E-01  2.15221E+00
  1.26953E-01  2.14876E+00
  1.30859E-01  2.14521E+00
  1.34766E-01  2.14158E+00
  1.38672E-01  2.13785E+00
  1.42578E-01  2.13404E+00
  1.46484E-01  2.13013E+00
  1.50391E-01  2.12613E+00
  1.54297E-01  2.12205E+00
  1.58203E-01  2.11788E+00
  1.62109E-01  2.11361E+00
  1.66016E-01  2.10926E+00
  1.69922E-01  2.10482E+00
  1.73828E-01  2.10029E+00
  1.77734E-01  2.09567E+00
  1.81641E-01  2.09097E+00
  1.85547E-01  2.08617E+00
  1.89453E-01  2.08129E+00
  1.93359E-01  2.07632E+00
  1.97266E-01  2.07126E+00
  2.01172E-01  2.06612E+00
  2.05078E-01  2.06089E+00
  2.08984E-01  2.05557E+00
  2.12891E-01  2.05016E+00
  2.16797E-01  2.04466E+00
  2.20703E-01  2.03908E+00
  2.24609E-01  2.03341E+00
  2.28516E-01  2.02765E+00
  2.32422E-01  2.02181E+00
  2.36328E-01  2.01588E+00
  2.40234E-01  2.00986E+00
  2.44141E-01  2.00375E+00
  2.48047E-01  1.99756E+00
  2.51953E-01  1.99128E+00
  2.55859E-01  1.98491E+00
  2.59766E-01  1.97845E+00
  2.63672E-01  1.97191E+00
  2.67578E-01  1.96527E+00
  2.71484E-01  1.95856E+00
  2.75391E-01  1.95175E+00
  2.79297E-01  1.94485E+00
  2.83203E-01  1.93787E+00
  2.87109E-01  1.93080E+00
  2.91016E-01  1.92364E+00
  2.94922E-01  1.91639E+00
  2.98828E-01  1.90905E+00
  3.02734E-01  1.90163E+00
  3.06641E-01  1.89411E+00
  3.10547E-01  1.88651E+00
  3.14453E-01  1.87882E+00
  3.18359E-01  1.87104E+00
  3.22266E-01  1.86317E+00
  3.26172E-01  1.85521E+00
  3.30078E-01  1.84716E+00
  3.33984E-01  1.83903E+00
  3.37891E-01  1.83080E+00
  3.41797E-01  1.82248E+00
  3.45703E-01  1.81407E+00
  3.49609E-01  1.80558E+00
  3.53516E-01  1.79699E+00
  3.57422E-01  1.78831E+00
  3.61328E-01  1.77954E+00
  3.65234E-01  1.77068E+00
  3.69141E-01  1.76173E+00
  3.73047E-01  1.75269E+00
  3.76953E-01  1.74356E+00
  3.80859E-01  1.73433E+00
  3.84766E-01  1.72502E+00
  3.88672E-01  1.71561E+00
  3.92578E-01  1.70612E+00
  3.96484E-01  1.69653E+00
  4.00391E-01  1.68685E+00
  4.04297E-01  1.67708E+00
  4.08203E-01  1.66721E+00
  4.12109E-01  1.65726E+00
  4.16016E-01  1.64721E+00
  4.19922E-01  1.63707E+00
  4.23828E-01  1.62684E+00
  4.27734E-01  1.61652E+00
  4.31641E-01  1.60611E+00
  4.35547E-01  1.59562E+00
  4.39453E-01  1.58503E+00
  4.43359E-01  1.57435E+00
  4.47266E-01  1.56358E+00
  4.51172E-01  1.55273E+00
  4.55078E-01  1.54178E+00
  4.58984E-01  1.53075E+00
  4.62891E-01  1.51963E+00
  4.66797E-01  1.50842E+00
  4.70703E-01  1.49713E+00
  4.74609E-01  1.48575E+00
  4.78516E-01  1.47429E+00
  4.82422E-01  1.46274E+00
  4.86328E-01  1.45112E+00
  4.90234E-01  1.43941E+00
  4.94141E-01  1.42762E+00
  4.98047E-01  1.41576E+00
  5.01953E-01  1.40381E+00
  5.05859E-01  1.39180E+00
  5.09766E-01  1.37971E+00
  5.13672E-01  1.36756E+00
  5.17578E-01  1.35534E+00
  5.21484E-01  1.34305E+00
  5.25391E-01  1.33070E+00
  5.29297E-01  1.31829E+00
  5.33203E-01  1.30583E+00
  5.37109E-01  1.29331E+00
  5.41016E-01  1.28074E+00
  5.44922E-01  1.26813E+00
  5.48828E-01  1.25548E+00
  5.52734E-01  1.24280E+00
  5.56641E-01  1.23009E+00
  5.60547E-01  1.21734E+00
  5.64453E-01  1.20458E+00
  5.68359E-01  1.19180E+00
  5.72266E-01  1.17901E+00
  5.76172E-01  1.16622E+00
  5.80078E-01  1.15343E+00
  5.83984E-01  1.14064E+00
  5.87891E-01  1.12788E+00
  5.91797E-01  1.11513E+00
  5.95703E-01  1.10241E+00
  5.99609E-01  1.08974E+00
  6.03516E-01  1.07711E+00
  6.07422E-01  1.06453E+00
  6.11328E-01  1.05202E+00
  6.15234E-01  1.03958E+00
  6.19141E-01  1.02722E+00
  6.23047E-01  1.01496E+00
  6.26953E-01  1.00279E+00
  6.30859E-01  9.90730E-01
  6.34766E-01  9.78786E-01
  6.38672E-01  9.66966E-01
  6.42578E-01  9.55277E-01
  6.46484E-01  9.43727E-01
  6.50391E-01  9.32324E-01
  6.54297E-01  9.21076E-01
  6.58203E-01  9.09989E-01
  6.62109E-01  8.99071E-01
  6.66016E-01  8.88327E-01
  6.69922E-01  8.77757E-01
  6.73828E-01  8.67366E-01
  6.77734E-01  8.57158E-01
  6.81641E-01  8.47136E-01
  6.85547E-01  8.37303E-01
  6.89453E-01  8.27658E-01
  6.93359E-01  8.18204E-01
  6.97266E-01  8.08940E-01
  7.01172E-01  7.99868E-01
  7.05078E-01  7.90988E-01
  7.08984E-01  7.82293E-01
  7.12891E-01  7.73784E-01
  7.16797E-01  7.65454E-01
  7.20703E-01  7.57301E-01
  7.24609E-01  7.49317E-01
  7.28516E-01  7.41500E-01
  7.32422E-01  7.33844E-01
  7.36328E-01  7.26348E-01
  7.40234E-01  7.19007E-01
  7.44141E-01  7.11818E-01
  7.48047E-01  7.04774E-01
  7.51953E-01  6.97874E-01
  7.55859E-01  6.91114E-01
  7.59766E-01  6.84492E-01
  7.63672E-01  6.78002E-01
  7.67578E-01  6.71638E-01
  7.71484E-01  6.65393E-01
  7.75391E-01  6.59272E-01
  7.79297E-01  6.53268E-01
  7.83203E-01  6.47372E-01
  7.87109E-01  6.41590E-01
  7.91016E-01  6.35912E-01
  7.94922E-01  6.30341E-01
  7.98828E-01  6.24873E-01
  8.02734E-01  6.19503E-01
  8.06641E-01  6.14232E-01
  8.10547E-01  6.09057E-01
  8.14453E-01  6.03977E-01
  8.18359E-01  5.98992E-01
  8.22266E-01  5.94098E-01
  8.26172E-01  5.89285E-01
  8.30078E-01  5.84546E-01
  8.33984E-01  5.79884E-01
  8.37891E-01  5.75299E-01
  8.41797E-01  5.70788E-01
  8.45703E-01  5.66349E-01
  8.49609E-01  5.61981E-01
  8.53516E-01  5.57688E-01
  8.57422E-01  5.53464E-01
  8.61328E-01  5.49308E-01
  8.65234E-01  5.45221E-01
  8.69141E-01  5.41208E-01
  8.73047E-01  5.37261E-01
  8.76953E-01  5.33381E-01
  8.80859E-01  5.29569E-01
  8.84766E-01  5.25829E-01
  8.88672E-01  5.22157E-01
  8.92578E-01  5.18552E-01
  8.96484E-01  5.15017E-01
  9.00391E-01  5.11549E-01
  9.04297E-01  5.08156E-01
  9.08203E-01  5.04834E-01
  9.12109E-01  5.01582E-01
  9.16016E-01  4.98402E-01
  9.19922E-01  4.95300E-01
  9.23828E-01  4.92274E-01
  9.27734E-01  4.89325E-01
  9.31641E-01  4.86457E-01
  9.35547E-01  4.83672E-01
  9.39453E-01  4.80974E-01
  9.43359E-01  4.78365E-01
  9.47266E-01  4.75847E-01
  9.51172E-01  4.73429E-01
  9.55078E-01  4.71110E-01
  9.58984E-01  4.68900E-01
  9.62891E-01  4.66804E-01
  9.66797E-01  4.64829E-01
  9.70703E-01  4.62984E-01
  9.74609E-01  4.61276E-01
  9.78516E-01  4.59718E-01
  9.82422E-01  4.58324E-01
  9.86328E-01  4.57107E-01
  9.90234E-01  4.56083E-01
  9.94141E-01  4.55274E-01
  9.98047E-01  4.54701E-01
  1.00195E+00  4.54702E-01
