 -1.95312E-03  1.51063E+00
  1.95312E-03  1.51066E+00
  5.85938E-03  1.51014E+00
  9.76562E-03  1.50959E+00
  1.36719E-02  1.50895E+00
  1.75781E-02  1.50822E+00
  2.14844E-02  1.50738E+00
  2.53906E-02  1.50645E+00
  2.92969E-02  1.50542E+00
  3.32031E-02  1.50430E+00
  3.71094E-02  1.50308E+00
  4.10156E-02  1.50178E+00
  4.49219E-02  1.50039E+00
  4.88281E-02  1.49891E+00
  5.27344E-02  1.49734E+00
  5.66406E-02  1.49570E+00
  6.05469E-02  1.49397E+00
  6.44531E-02  1.49216E+00
  6.83594E-02  1.49027E+00
  7.22656E-02  1.48831E+00
  7.61719E-02  1.48627E+00
  8.00781E-02  1.48416E+00
  8.39844E-02  1.48198E+00
  8.78906E-02  1.47973E+00
  9.17969E-02  1.47742E+00
  9.57031E-02  1.47503E+00
  9.96094E-02  1.47259E+00
  1.03516E-01  1.47008E+00
  1.07422E-01  1.46751E+00
  1.11328E-01  1.46488E+00
  1.15234E-01  1.46219E+00
  1.19141E-01  1.45945E+00
  1.23047E-01  1.45665E+00
  1.26953E-01  1.45380E+00
  1.30859E-01  1.45090E+00
  1.34766E-01  1.44795E+00
  1.38672E-01  1.44495E+00
  1.42578E-01  1.44191E+00
  1.46484E-01  1.43882E+00
  1.50391E-01  1.43569E+00
  1.54297E-01  1.43251E+00
  1.58203E-01  1.42930E+00
  1.62109E-01  1.42605E+00
  1.66016E-01  1.42276E+00
  1.69922E-01  1.41944E+00
  1.73828E-01  1.41608E+00
  1.77734E-01  1.41269E+00
  1.81641E-01  1.40927E+00
  1.85547E-01  1.40581E+00
  1.89453E-01  1.40233E+00
  1.93359E-01  1.39883E+00
  1.97266E-01  1.39529E+00
  2.01172E-01  1.39174E+00
  2.05078E-01  1.38815E+00
  2.08984E-01  1.38455E+00
  2.12891E-01  1.38093E+00
  2.16797E-01  1.37729E+00
  2.20703E-01  1.37363E+00
  2.24609E-01  1.36995E+00
  2.28516E-01  1.36625E+00
  2.32422E-01  1.36254E+00
  2.36328E-01  1.35882E+00
  2.40234E-01  1.35509E+00
  2.44141E-01  1.35134E+00
  2.48047E-01  1.34758E+00
  2.51953E-01  1.34382E+00
  2.55859E-01  1.34004E+00
  2.59766E-01  1.33626E+00
  2.63672E-01  1.33247E+00
  2.67578E-01  1.32868E+00
  2.71484E-01  1.32488E+00
  2.75391E-01  1.32107E+00
  2.79297E-01  1.31727E+00
  2.83203E-01  1.31346E+00
  2.87109E-01  1.30965E+00
  2.91016E-01  1.30584E+00
  2.94922E-01  1.30202E+00
  2.98828E-01  1.29821E+00
  3.02734E-01  1.29440E+00
  3.06641E-01  1.29059E+00
  3.10547E-01  1.28678E+00
  3.14453E-01  1.28298E+00
  3.18359E-01  1.27918E+00
  3.22266E-01  1.27538E+00
  3.26172E-01  1.27159E+00
  3.30078E-01  1.26780E+00
  3.33984E-01  1.26402E+00
  3.37891E-01  1.26024E+00
  3.41797E-01  1.25647E+00
  3.45703E-01  1.25271E+00
  3.49609E-01  1.24896E+00
  3.53516E-01  1.24521E+00
  3.57422E-01  1.24146E+00
  3.61328E-01  1.23773E+00
  3.65234E-01  1.23400E+00
  3.69141E-01  1.23028E+00
  3.73047E-01  1.22657E+00
  3.76953E-01  1.22287E+00
  3.80859E-01  1.21918E+00
  3.84766E-01  1.21550E+00
  3.88672E-01  1.21183E+00
  3.92578E-01  1.20817E+00
  3.96484E-01  1.20452E+00
  4.00391E-01  1.20088E+00
  4.04297E-01  1.19725E+00
  4.08203E-01  1.19363E+00
  4.12109E-01  1.19002E+00
  4.16016E-01  1.18642E+00
  4.19922E-01  1.18284E+00
  4.23828E-01  1.17926E+00
  4.27734E-01  1.17570E+00
  4.31641E-01  1.17215E+00
  4.35547E-01  1.16860E+00
  4.39453E-01  1.16508E+00
  4.43359E-01  1.16156E+00
  4.47266E-01  1.15805E+00
  4.51172E-01  1.15456E+00
  4.55078E-01  1.15108E+00
  4.58984E-01  1.14761E+00
  4.62891E-01  1.14415E+00
  4.66797E-01  1.14070E+00
  4.70703E-01  1.13727E+00
  4.74609E-01  1.13384E+00
  4.78516E-01  1.13043E+00
  4.82422E-01  1.12703E+00
  4.86328E-01  1.12365E+00
  4.90234E-01  1.12027E+00
  4.94141E-01  1.11691E+00
  4.98047E-01  1.11356E+00
  5.01953E-01  1.11022E+00
  5.05859E-01  1.10690E+00
  5.09766E-01  1.10358E+00
  5.13672E-01  1.10028E+00
  5.17578E-01  1.09699E+00
  5.21484E-01  1.09371E+00
  5.25391E-01  1.09044E+00
  5.29297E-01  1.08719E+00
  5.33203E-01  1.08395E+00
  5.37109E-01  1.08072E+00
  5.41016E-01  1.07750E+00
  5.44922E-01  1.07429E+00
  5.48828E-01  1.07110E+00
  5.52734E-01  1.06791E+00
  5.56641E-01  1.06474E+00
  5.60547E-01  1.06158E+00
  5.64453E-01  1.05843E+00
  5.68359E-01  1.05530E+00
  5.72266E-01  1.05217E+00
  5.76172E-01  1.04906E+00
  5.80078E-01  1.04596E+00
  5.83984E-01  1.04287E+00
  5.87891E-01  1.03979E+00
  5.91797E-01  1.03672E+00
  5.95703E-01  1.03367E+00
  5.99609E-01  1.03062E+00
  6.03516E-01  1.02759E+00
  6.07422E-01  1.02457E+00
  6.11328E-01  1.02156E+00
  6.15234E-01  1.01856E+00
  6.19141E-01  1.01557E+00
  6.23047E-01  1.01259E+00
  6.26953E-01  1.00962E+00
  6.30859E-01  1.00667E+00
  6.34766E-01  1.00372E+00
  6.38672E-01  1.00079E+00
  6.42578E-01  9.97864E-01
  6.46484E-01  9.94951E-01
  6.50391E-01  9.92051E-01
  6.54297E-01  9.89161E-01
  6.58203E-01  9.86283E-01
  6.62109E-01  9.83415E-01
  6.66016E-01  9.80559E-01
  6.69922E-01  9.77713E-01
  6.73828E-01  9.74878E-01
  6.77734E-01  9.72055E-01
  6.81641E-01  9.69242E-01
  6.85547E-01  9.66439E-01
  6.89453E-01  9.63648E-01
  6.93359E-01  9.60868E-01
  6.97266E-01  9.58098E-01
  7.01172E-01  9.55339E-01
  7.05078E-01  9.52590E-01
  7.08984E-01  9.49852E-01
  7.12891E-01  9.47124E-01
  7.16797E-01  9.44406E-01
  7.20703E-01  9.41699E-01
  7.24609E-01  9.39002E-01
  7.28516E-01  9.36315E-01
  7.32422E-01  9.33639E-01
  7.36328E-01  9.30973E-01
  7.40234E-01  9.28317E-01
  7.44141E-01  9.25672E-01
  7.48047E-01  9.23037E-01
  7.51953E-01  9.20412E-01
  7.55859E-01  9.17797E-01
  7.59766E-01  9.15193E-01
  7.63672E-01  9.12598E-01
  7.67578E-01  9.10015E-01
  7.71484E-01  9.07441E-01
  7.75391E-01  9.04878E-01
  7.79297E-01  9.02325E-01
  7.83203E-01  8.99783E-01
  7.87109E-01  8.97251E-01
  7.91016E-01  8.94730E-01
  7.94922E-01  8.92219E-01
  7.98828E-01  8.89719E-01
  8.02734E-01  8.87231E-01
  8.06641E-01  8.84753E-01
  8.10547E-01  8.82287E-01
  8.14453E-01  8.79832E-01
  8.18359E-01  8.77388E-01
  8.22266E-01  8.74956E-01
  8.26172E-01  8.72536E-01
  8.30078E-01  8.70129E-01
  8.33984E-01  8.67734E-01
  8.37891E-01  8.65352E-01
  8.41797E-01  8.62983E-01
  8.45703E-01  8.60628E-01
  8.49609E-01  8.58287E-01
  8.53516E-01  8.55961E-01
  8.57422E-01  8.53649E-01
  8.61328E-01  8.51354E-01
  8.65234E-01  8.49074E-01
  8.69141E-01  8.46811E-01
  8.73047E-01  8.44566E-01
  8.76953E-01  8.42341E-01
  8.80859E-01  8.40134E-01
  8.84766E-01  8.37948E-01
  8.88672E-01  8.35783E-01
  8.92578E-01  8.33641E-01
  8.96484E-01  8.31523E-01
  9.00391E-01  8.29431E-01
  9.04297E-01  8.27365E-01
  9.08203E-01  8.25328E-01
  9.12109E-01  8.23321E-01
  9.16016E-01  8.21346E-01
  9.19922E-01  8.19405E-01
  9.23828E-01  8.17501E-01
  9.27734E-01  8.15636E-01
  9.31641E-01  8.13812E-01
  9.35547E-01  8.12032E-01
  9.39453E-01  8.10296E-01
  9.43359E-01  8.08610E-01
  9.47266E-01  8.06978E-01
  9.51172E-01  8.05402E-01
  9.55078E-01  8.03888E-01
  9.58984E-01  8.02440E-01
  9.62891E-01  8.01062E-01
  9.66797E-01  7.99760E-01
  9.70703E-01  7.98539E-01
  9.74609E-01  7.97407E-01
  9.78516E-01  7.96368E-01
  9.82422E-01  7.95430E-01
  9.86328E-01  7.94600E-01
  9.90234E-01  7.93886E-01
  9.94141E-01  7.93298E-01
  9.98047E-01  7.92832E-01
  1.00195E+00  7.92834E-01
