 -1.95312E-03  1.70906E+00
  1.95312E-03  1.70907E+00
  5.85938E-03  1.70855E+00
  9.76562E-03  1.70798E+00
  1.36719E-02  1.70731E+00
  1.75781E-02  1.70654E+00
  2.14844E-02  1.70566E+00
  2.53906E-02  1.70467E+00
  2.92969E-02  1.70357E+00
  3.32031E-02  1.70237E+00
  3.71094E-02  1.70106E+00
  4.10156E-02  1.69965E+00
  4.49219E-02  1.69814E+00
  4.88281E-02  1.69653E+00
  5.27344E-02  1.69481E+00
  5.66406E-02  1.69300E+00
  6.05469E-02  1.69110E+00
  6.44531E-02  1.68909E+00
  6.83594E-02  1.68699E+00
  7.22656E-02  1.68480E+00
  7.61719E-02  1.68252E+00
  8.00781E-02  1.68015E+00
  8.39844E-02  1.67768E+00
  8.78906E-02  1.67513E+00
  9.17969E-02  1.67249E+00
  9.57031E-02  1.66977E+00
  9.96094E-02  1.66696E+00
  1.03516E-01  1.66407E+00
  1.07422E-01  1.66109E+00
  1.11328E-01  1.65803E+00
  1.15234E-01  1.65490E+00
  1.19141E-01  1.65168E+00
  1.23047E-01  1.64839E+00
  1.26953E-01  1.64502E+00
  1.30859E-01  1.64157E+00
  1.34766E-01  1.63805E+00
  1.38672E-01  1.63446E+00
  1.42578E-01  1.63079E+00
  1.46484E-01  1.62706E+00
  1.50391E-01  1.62325E+00
  1.54297E-01  1.61938E+00
  1.58203E-01  1.61544E+00
  1.62109E-01  1.61143E+00
  1.66016E-01  1.60736E+00
  1.69922E-01  1.60323E+00
  1.73828E-01  1.59903E+00
  1.77734E-01  1.59478E+00
  1.81641E-01  1.59046E+00
  1.85547E-01  1.58608E+00
  1.89453E-01  1.58165E+00
  1.93359E-01  1.57716E+00
  1.97266E-01  1.57262E+00
  2.01172E-01  1.56802E+00
  2.05078E-01  1.56337E+00
  2.08984E-01  1.55867E+00
  2.12891E-01  1.55392E+00
  2.16797E-01  1.54912E+00
  2.20703E-01  1.54427E+00
  2.24609E-01  1.53938E+00
  2.28516E-01  1.53445E+00
  2.32422E-01  1.52947E+00
  2.36328E-01  1.52445E+00
  2.40234E-01  1.51939E+00
  2.44141E-01  1.51429E+00
  2.48047E-01  1.50915E+00
  2.51953E-01  1.50397E+00
  2.55859E-01  1.49876E+00
  2.59766E-01  1.49352E+00
  2.63672E-01  1.48825E+00
  2.67578E-01  1.48294E+00
  2.71484E-01  1.47760E+00
  2.75391E-01  1.47224E+00
  2.79297E-01  1.46685E+00
  2.83203E-01  1.46143E+00
  2.87109E-01  1.45599E+00
  2.91016E-01  1.45053E+00
  2.94922E-01  1.44504E+00
  2.98828E-01  1.43954E+00
  3.02734E-01  1.43401E+00
  3.06641E-01  1.42847E+00
  3.10547E-01  1.42291E+00
  3.14453E-01  1.41734E+00
  3.18359E-01  1.41175E+00
  3.22266E-01  1.40615E+00
  3.26172E-01  1.40054E+00
  3.30078E-01  1.39493E+00
  3.33984E-01  1.38930E+00
  3.37891E-01  1.38367E+00
  3.41797E-01  1.37803E+00
  3.45703E-01  1.37238E+00
  3.49609E-01  1.36673E+00
  3.53516E-01  1.36108E+00
  3.57422E-01  1.35543E+00
  3.61328E-01  1.34977E+00
  3.65234E-01  1.34412E+00
  3.69141E-01  1.33847E+00
  3.73047E-01  1.33283E+00
  3.76953E-01  1.32719E+00
  3.80859E-01  1.32155E+00
  3.84766E-01  1.31593E+00
  3.88672E-01  1.31031E+00
  3.92578E-01  1.30470E+00
  3.96484E-01  1.29909E+00
  4.00391E-01  1.29350E+00
  4.04297E-01  1.28792E+00
  4.08203E-01  1.28235E+00
  4.12109E-01  1.27680E+00
  4.16016E-01  1.27126E+00
  4.19922E-01  1.26573E+00
  4.23828E-01  1.26022E+00
  4.27734E-01  1.25473E+00
  4.31641E-01  1.24925E+00
  4.35547E-01  1.24379E+00
  4.39453E-01  1.23835E+00
  4.43359E-01  1.23293E+00
  4.47266E-01  1.22752E+00
  4.51172E-01  1.22214E+00
  4.55078E-01  1.21677E+00
  4.58984E-01  1.21143E+00
  4.62891E-01  1.20610E+00
  4.66797E-01  1.20080E+00
  4.70703E-01  1.19552E+00
  4.74609E-01  1.19027E+00
  4.78516E-01  1.18503E+00
  4.82422E-01  1.17982E+00
  4.86328E-01  1.17463E+00
  4.90234E-01  1.16947E+00
  4.94141E-01  1.16432E+00
  4.98047E-01  1.15921E+00
  5.01953E-01  1.15411E+00
  5.05859E-01  1.14905E+00
  5.09766E-01  1.14400E+00
  5.13672E-01  1.13898E+00
  5.17578E-01  1.13399E+00
  5.21484E-01  1.12902E+00
  5.25391E-01  1.12408E+00
  5.29297E-01  1.11916E+00
  5.33203E-01  1.11427E+00
  5.37109E-01  1.10940E+00
  5.41016E-01  1.10456E+00
  5.44922E-01  1.09974E+00
  5.48828E-01  1.09495E+00
  5.52734E-01  1.09018E+00
  5.56641E-01  1.08544E+00
  5.60547E-01  1.08073E+00
  5.64453E-01  1.07604E+00
  5.68359E-01  1.07138E+00
  5.72266E-01  1.06674E+00
  5.76172E-01  1.06213E+00
  5.80078E-01  1.05754E+00
  5.83984E-01  1.05298E+00
  5.87891E-01  1.04844E+00
  5.91797E-01  1.04393E+00
  5.95703E-01  1.03944E+00
  5.99609E-01  1.03498E+00
  6.03516E-01  1.03054E+00
  6.07422E-01  1.02613E+00
  6.11328E-01  1.02175E+00
  6.15234E-01  1.01738E+00
  6.19141E-01  1.01305E+00
  6.23047E-01  1.00873E+00
  6.26953E-01  1.00444E+00
  6.30859E-01  1.00018E+00
  6.34766E-01  9.95937E-01
  6.38672E-01  9.91720E-01
  6.42578E-01  9.87527E-01
  6.46484E-01  9.83358E-01
  6.50391E-01  9.79212E-01
  6.54297E-01  9.75090E-01
  6.58203E-01  9.70991E-01
  6.62109E-01  9.66916E-01
  6.66016E-01  9.62864E-01
  6.69922E-01  9.58834E-01
  6.73828E-01  9.54829E-01
  6.77734E-01  9.50845E-01
  6.81641E-01  9.46884E-01
  6.85547E-01  9.42945E-01
  6.89453E-01  9.39027E-01
  6.93359E-01  9.35131E-01
  6.97266E-01  9.31256E-01
  7.01172E-01  9.27402E-01
  7.05078E-01  9.23570E-01
  7.08984E-01  9.19759E-01
  7.12891E-01  9.15969E-01
  7.16797E-01  9.12201E-01
  7.20703E-01  9.08453E-01
  7.24609E-01  9.04728E-01
  7.28516E-01  9.01024E-01
  7.32422E-01  8.97340E-01
  7.36328E-01  8.93678E-01
  7.40234E-01  8.90037E-01
  7.44141E-01  8.86418E-01
  7.48047E-01  8.82818E-01
  7.51953E-01  8.79240E-01
  7.55859E-01  8.75683E-01
  7.59766E-01  8.72147E-01
  7.63672E-01  8.68633E-01
  7.67578E-01  8.65139E-01
  7.71484E-01  8.61666E-01
  7.75391E-01  8.58214E-01
  7.79297E-01  8.54783E-01
  7.83203E-01  8.51374E-01
  7.87109E-01  8.47986E-01
  7.91016E-01  8.44619E-01
  7.94922E-01  8.41274E-01
  7.98828E-01  8.37951E-01
  8.02734E-01  8.34649E-01
  8.06641E-01  8.31369E-01
  8.10547E-01  8.28111E-01
  8.14453E-01  8.24875E-01
  8.18359E-01  8.21662E-01
  8.22266E-01  8.18472E-01
  8.26172E-01  8.15305E-01
  8.30078E-01  8.12161E-01
  8.33984E-01  8.09041E-01
  8.37891E-01  8.05945E-01
  8.41797E-01  8.02874E-01
  8.45703E-01  7.99828E-01
  8.49609E-01  7.96808E-01
  8.53516E-01  7.93814E-01
  8.57422E-01  7.90848E-01
  8.61328E-01  7.87909E-01
  8.65234E-01  7.84998E-01
  8.69141E-01  7.82117E-01
  8.73047E-01  7.79266E-01
  8.76953E-01  7.76446E-01
  8.80859E-01  7.73659E-01
  8.84766E-01  7.70905E-01
  8.88672E-01  7.68185E-01
  8.92578E-01  7.65502E-01
  8.96484E-01  7.62856E-01
  9.00391E-01  7.60250E-01
  9.04297E-01  7.57684E-01
  9.08203E-01  7.55162E-01
  9.12109E-01  7.52684E-01
  9.16016E-01  7.50253E-01
  9.19922E-01  7.47872E-01
  9.23828E-01  7.45543E-01
  9.27734E-01  7.43270E-01
  9.31641E-01  7.41052E-01
  9.35547E-01  7.38893E-01
  9.39453E-01  7.36796E-01
  9.43359E-01  7.34765E-01
  9.47266E-01  7.32804E-01
  9.51172E-01  7.30918E-01
  9.55078E-01  7.29110E-01
  9.58984E-01  7.27387E-01
  9.62891E-01  7.25754E-01
  9.66797E-01  7.24216E-01
  9.70703E-01  7.22781E-01
  9.74609E-01  7.21455E-01
  9.78516E-01  7.20246E-01
  9.82422E-01  7.19162E-01
  9.86328E-01  7.18212E-01
  9.90234E-01  7.17405E-01
  9.94141E-01  7.16752E-01
  9.98047E-01  7.16259E-01
  1.00195E+00  7.16259E-01
