 -1.95312E-03  2.44902E+00
  1.95312E-03  2.44903E+00
  5.85938E-03  2.44852E+00
  9.76562E-03  2.44799E+00
  1.36719E-02  2.44738E+00
  1.75781E-02  2.44668E+00
  2.14844E-02  2.44588E+00
  2.53906E-02  2.44499E+00
  2.92969E-02  2.44401E+00
  3.32031E-02  2.44294E+00
  3.71094E-02  2.44178E+00
  4.10156E-02  2.44052E+00
  4.49219E-02  2.43917E+00
  4.88281E-02  2.43774E+00
  5.27344E-02  2.43621E+00
  5.66406E-02  2.43459E+00
  6.05469E-02  2.43289E+00
  6.44531E-02  2.43109E+00
  6.83594E-02  2.42921E+00
  7.22656E-02  2.42724E+00
  7.61719E-02  2.42518E+00
  8.00781E-02  2.42304E+00
  8.39844E-02  2.42081E+00
  8.78906E-02  2.41850E+00
  9.17969E-02  2.41609E+00
  9.57031E-02  2.41360E+00
  9.96094E-02  2.41103E+00
  1.03516E-01  2.40837E+00
  1.07422E-01  2.40563E+00
  1.11328E-01  2.40281E+00
  1.15234E-01  2.39990E+00
  1.19141E-01  2.39690E+00
  1.23047E-01  2.39382E+00
  1.26953E-01  2.39066E+00
  1.30859E-01  2.38742E+00
  1.34766E-01  2.38409E+00
  1.38672E-01  2.38068E+00
  1.42578E-01  2.37719E+00
  1.46484E-01  2.37362E+00
  1.50391E-01  2.36996E+00
  1.54297E-01  2.36622E+00
  1.58203E-01  2.36240E+00
  1.62109E-01  2.35849E+00
  1.66016E-01  2.35451E+00
  1.69922E-01  2.35044E+00
  1.73828E-01  2.34629E+00
  1.77734E-01  2.34206E+00
  1.81641E-01  2.33775E+00
  1.85547E-01  2.33336E+00
  1.89453E-01  2.32889E+00
  1.93359E-01  2.32433E+00
  1.97266E-01  2.31970E+00
  2.01172E-01  2.31498E+00
  2.05078E-01  2.31018E+00
  2.08984E-01  2.30530E+00
  2.12891E-01  2.30034E+00
  2.16797E-01  2.29530E+00
  2.20703E-01  2.29018E+00
  2.24609E-01  2.28498E+00
  2.28516E-01  2.27969E+00
  2.32422E-01  2.27432E+00
  2.36328E-01  2.26888E+00
  2.40234E-01  2.26335E+00
  2.44141E-01  2.25773E+00
  2.48047E-01  2.25204E+00
  2.51953E-01  2.24627E+00
  2.55859E-01  2.24041E+00
  2.59766E-01  2.23447E+00
  2.63672E-01  2.22844E+00
  2.67578E-01  2.22234E+00
  2.71484E-01  2.21615E+00
  2.75391E-01  2.20987E+00
  2.79297E-01  2.20352E+00
  2.83203E-01  2.19708E+00
  2.87109E-01  2.19055E+00
  2.91016E-01  2.18394E+00
  2.94922E-01  2.17725E+00
  2.98828E-01  2.17047E+00
  3.02734E-01  2.16360E+00
  3.06641E-01  2.15665E+00
  3.10547E-01  2.14961E+00
  3.14453E-01  2.14248E+00
  3.18359E-01  2.13527E+00
  3.22266E-01  2.12797E+00
  3.26172E-01  2.12058E+00
  3.30078E-01  2.11311E+00
  3.33984E-01  2.10555E+00
  3.37891E-01  2.09789E+00
  3.41797E-01  2.09015E+00
  3.45703E-01  2.08232E+00
  3.49609E-01  2.07439E+00
  3.53516E-01  2.06638E+00
  3.57422E-01  2.05827E+00
  3.61328E-01  2.05006E+00
  3.65234E-01  2.04177E+00
  3.69141E-01  2.03337E+00
  3.73047E-01  2.02488E+00
  3.76953E-01  2.01630E+00
  3.80859E-01  2.00762E+00
  3.84766E-01  1.99884E+00
  3.88672E-01  1.98996E+00
  3.92578E-01  1.98098E+00
  3.96484E-01  1.97191E+00
  4.00391E-01  1.96273E+00
  4.04297E-01  1.95345E+00
  4.08203E-01  1.94406E+00
  4.12109E-01  1.93458E+00
  4.16016E-01  1.92499E+00
  4.19922E-01  1.91529E+00
  4.23828E-01  1.90548E+00
  4.27734E-01  1.89557E+00
  4.31641E-01  1.88555E+00
  4.35547E-01  1.87541E+00
  4.39453E-01  1.86517E+00
  4.43359E-01  1.85480E+00
  4.47266E-01  1.84433E+00
  4.51172E-01  1.83374E+00
  4.55078E-01  1.82302E+00
  4.58984E-01  1.81219E+00
  4.62891E-01  1.80124E+00
  4.66797E-01  1.79017E+00
  4.70703E-01  1.77897E+00
  4.74609E-01  1.76764E+00
  4.78516E-01  1.75619E+00
  4.82422E-01  1.74461E+00
  4.86328E-01  1.73289E+00
  4.90234E-01  1.72104E+00
  4.94141E-01  1.70905E+00
  4.98047E-01  1.69693E+00
  5.01953E-01  1.68466E+00
  5.05859E-01  1.67224E+00
  5.09766E-01  1.65968E+00
  5.13672E-01  1.64697E+00
  5.17578E-01  1.63411E+00
  5.21484E-01  1.62109E+00
  5.25391E-01  1.60791E+00
  5.29297E-01  1.59456E+00
  5.33203E-01  1.58106E+00
  5.37109E-01  1.56738E+00
  5.41016E-01  1.55352E+00
  5.44922E-01  1.53949E+00
  5.48828E-01  1.52528E+00
  5.52734E-01  1.51088E+00
  5.56641E-01  1.49630E+00
  5.60547E-01  1.48152E+00
  5.64453E-01  1.46654E+00
  5.68359E-01  1.45135E+00
  5.72266E-01  1.43595E+00
  5.76172E-01  1.42034E+00
  5.80078E-01  1.40450E+00
  5.83984E-01  1.38844E+00
  5.87891E-01  1.37214E+00
  5.91797E-01  1.35560E+00
  5.95703E-01  1.33882E+00
  5.99609E-01  1.32177E+00
  6.03516E-01  1.30446E+00
  6.07422E-01  1.28688E+00
  6.11328E-01  1.26901E+00
  6.15234E-01  1.25085E+00
  6.19141E-01  1.23239E+00
  6.23047E-01  1.21362E+00
  6.26953E-01  1.19453E+00
  6.30859E-01  1.17510E+00
  6.34766E-01  1.15533E+00
  6.38672E-01  1.13521E+00
  6.42578E-01  1.11471E+00
  6.46484E-01  1.09384E+00
  6.50391E-01  1.07257E+00
  6.54297E-01  1.05089E+00
  6.58203E-01  1.02879E+00
  6.62109E-01  1.00626E+00
  6.66016E-01  9.83283E-01
  6.69922E-01  9.59852E-01
  6.73828E-01  9.35956E-01
  6.77734E-01  9.11590E-01
  6.81641E-01  8.86756E-01
  6.85547E-01  8.61465E-01
  6.89453E-01  8.35732E-01
  6.93359E-01  8.09579E-01
  6.97266E-01  7.83057E-01
  7.01172E-01  7.56231E-01
  7.05078E-01  7.29206E-01
  7.08984E-01  7.02108E-01
  7.12891E-01  6.75109E-01
  7.16797E-01  6.48429E-01
  7.20703E-01  6.22340E-01
  7.24609E-01  5.97134E-01
  7.28516E-01  5.73123E-01
  7.32422E-01  5.50620E-01
  7.36328E-01  5.29840E-01
  7.40234E-01  5.10945E-01
  7.44141E-01  4.93987E-01
  7.48047E-01  4.78921E-01
  7.51953E-01  4.65600E-01
  7.55859E-01  4.53837E-01
  7.59766E-01  4.43419E-01
  7.63672E-01  4.34149E-01
  7.67578E-01  4.25832E-01
  7.71484E-01  4.18291E-01
  7.75391E-01  4.11396E-01
  7.79297E-01  4.05001E-01
  7.83203E-01  3.99018E-01
  7.87109E-01  3.93372E-01
  7.91016E-01  3.88000E-01
  7.94922E-01  3.82866E-01
  7.98828E-01  3.77940E-01
  8.02734E-01  3.73182E-01
  8.06641E-01  3.68590E-01
  8.10547E-01  3.64134E-01
  8.14453E-01  3.59797E-01
  8.18359E-01  3.55588E-01
  8.22266E-01  3.51477E-01
  8.26172E-01  3.47465E-01
  8.30078E-01  3.43558E-01
  8.33984E-01  3.39743E-01
  8.37891E-01  3.35995E-01
  8.41797E-01  3.32333E-01
  8.45703E-01  3.28758E-01
  8.49609E-01  3.25267E-01
  8.53516E-01  3.21851E-01
  8.57422E-01  3.18488E-01
  8.61328E-01  3.15182E-01
  8.65234E-01  3.11953E-01
  8.69141E-01  3.08796E-01
  8.73047E-01  3.05706E-01
  8.76953E-01  3.02683E-01
  8.80859E-01  2.99727E-01
  8.84766E-01  2.96835E-01
  8.88672E-01  2.93996E-01
  8.92578E-01  2.91189E-01
  8.96484E-01  2.88444E-01
  9.00391E-01  2.85757E-01
  9.04297E-01  2.83126E-01
  9.08203E-01  2.80561E-01
  9.12109E-01  2.78050E-01
  9.16016E-01  2.75594E-01
  9.19922E-01  2.73200E-01
  9.23828E-01  2.70857E-01
  9.27734E-01  2.68577E-01
  9.31641E-01  2.66349E-01
  9.35547E-01  2.64182E-01
  9.39453E-01  2.62069E-01
  9.43359E-01  2.60020E-01
  9.47266E-01  2.58026E-01
  9.51172E-01  2.56100E-01
  9.55078E-01  2.54233E-01
  9.58984E-01  2.52433E-01
  9.62891E-01  2.50708E-01
  9.66797E-01  2.49055E-01
  9.70703E-01  2.47482E-01
  9.74609E-01  2.45998E-01
  9.78516E-01  2.44610E-01
  9.82422E-01  2.43329E-01
  9.86328E-01  2.42166E-01
  9.90234E-01  2.41153E-01
  9.94141E-01  2.40322E-01
  9.98047E-01  2.39734E-01
  1.00195E+00  2.39734E-01
