 -1.95312E-03  2.49441E+00
  1.95312E-03  2.49447E+00
  5.85938E-03  2.49397E+00
  9.76562E-03  2.49344E+00
  1.36719E-02  2.49284E+00
  1.75781E-02  2.49215E+00
  2.14844E-02  2.49136E+00
  2.53906E-02  2.49049E+00
  2.92969E-02  2.48953E+00
  3.32031E-02  2.48847E+00
  3.71094E-02  2.48733E+00
  4.10156E-02  2.48609E+00
  4.49219E-02  2.48477E+00
  4.88281E-02  2.48336E+00
  5.27344E-02  2.48186E+00
  5.66406E-02  2.48028E+00
  6.05469E-02  2.47860E+00
  6.44531E-02  2.47684E+00
  6.83594E-02  2.47500E+00
  7.22656E-02  2.47307E+00
  7.61719E-02  2.47105E+00
  8.00781E-02  2.46895E+00
  8.39844E-02  2.46676E+00
  8.78906E-02  2.46449E+00
  9.17969E-02  2.46214E+00
  9.57031E-02  2.45970E+00
  9.96094E-02  2.45718E+00
  1.03516E-01  2.45458E+00
  1.07422E-01  2.45189E+00
  1.11328E-01  2.44912E+00
  1.15234E-01  2.44627E+00
  1.19141E-01  2.44334E+00
  1.23047E-01  2.44033E+00
  1.26953E-01  2.43723E+00
  1.30859E-01  2.43406E+00
  1.34766E-01  2.43080E+00
  1.38672E-01  2.42746E+00
  1.42578E-01  2.42405E+00
  1.46484E-01  2.42055E+00
  1.50391E-01  2.41697E+00
  1.54297E-01  2.41331E+00
  1.58203E-01  2.40958E+00
  1.62109E-01  2.40576E+00
  1.66016E-01  2.40186E+00
  1.69922E-01  2.39789E+00
  1.73828E-01  2.39383E+00
  1.77734E-01  2.38970E+00
  1.81641E-01  2.38548E+00
  1.85547E-01  2.38119E+00
  1.89453E-01  2.37681E+00
  1.93359E-01  2.37236E+00
  1.97266E-01  2.36783E+00
  2.01172E-01  2.36322E+00
  2.05078E-01  2.35853E+00
  2.08984E-01  2.35376E+00
  2.12891E-01  2.34891E+00
  2.16797E-01  2.34399E+00
  2.20703E-01  2.33898E+00
  2.24609E-01  2.33390E+00
  2.28516E-01  2.32873E+00
  2.32422E-01  2.32349E+00
  2.36328E-01  2.31816E+00
  2.40234E-01  2.31276E+00
  2.44141E-01  2.30728E+00
  2.48047E-01  2.30172E+00
  2.51953E-01  2.29607E+00
  2.55859E-01  2.29035E+00
  2.59766E-01  2.28455E+00
  2.63672E-01  2.27866E+00
  2.67578E-01  2.27270E+00
  2.71484E-01  2.26665E+00
  2.75391E-01  2.26052E+00
  2.79297E-01  2.25431E+00
  2.83203E-01  2.24802E+00
  2.87109E-01  2.24165E+00
  2.91016E-01  2.23519E+00
  2.94922E-01  2.22866E+00
  2.98828E-01  2.22204E+00
  3.02734E-01  2.21534E+00
  3.06641E-01  2.20855E+00
  3.10547E-01  2.20168E+00
  3.14453E-01  2.19472E+00
  3.18359E-01  2.18768E+00
  3.22266E-01  2.18056E+00
  3.26172E-01  2.17335E+00
  3.30078E-01  2.16605E+00
  3.33984E-01  2.15867E+00
  3.37891E-01  2.15121E+00
  3.41797E-01  2.14365E+00
  3.45703E-01  2.13601E+00
  3.49609E-01  2.12828E+00
  3.53516E-01  2.12046E+00
  3.57422E-01  2.11255E+00
  3.61328E-01  2.10455E+00
  3.65234E-01  2.09646E+00
  3.69141E-01  2.08828E+00
  3.73047E-01  2.08000E+00
  3.76953E-01  2.07163E+00
  3.80859E-01  2.06317E+00
  3.84766E-01  2.05461E+00
  3.88672E-01  2.04596E+00
  3.92578E-01  2.03721E+00
  3.96484E-01  2.02837E+00
  4.00391E-01  2.01942E+00
  4.04297E-01  2.01038E+00
  4.08203E-01  2.00124E+00
  4.12109E-01  1.99200E+00
  4.16016E-01  1.98266E+00
  4.19922E-01  1.97322E+00
  4.23828E-01  1.96367E+00
  4.27734E-01  1.95401E+00
  4.31641E-01  1.94426E+00
  4.35547E-01  1.93439E+00
  4.39453E-01  1.92441E+00
  4.43359E-01  1.91433E+00
  4.47266E-01  1.90413E+00
  4.51172E-01  1.89382E+00
  4.55078E-01  1.88340E+00
  4.58984E-01  1.87286E+00
  4.62891E-01  1.86220E+00
  4.66797E-01  1.85142E+00
  4.70703E-01  1.84052E+00
  4.74609E-01  1.82949E+00
  4.78516E-01  1.81835E+00
  4.82422E-01  1.80707E+00
  4.86328E-01  1.79567E+00
  4.90234E-01  1.78413E+00
  4.94141E-01  1.77246E+00
  4.98047E-01  1.76065E+00
  5.01953E-01  1.74871E+00
  5.05859E-01  1.73662E+00
  5.09766E-01  1.72440E+00
  5.13672E-01  1.71202E+00
  5.17578E-01  1.69950E+00
  5.21484E-01  1.68682E+00
  5.25391E-01  1.67399E+00
  5.29297E-01  1.66100E+00
  5.33203E-01  1.64784E+00
  5.37109E-01  1.63452E+00
  5.41016E-01  1.62103E+00
  5.44922E-01  1.60736E+00
  5.48828E-01  1.59351E+00
  5.52734E-01  1.57948E+00
  5.56641E-01  1.56526E+00
  5.60547E-01  1.55085E+00
  5.64453E-01  1.53623E+00
  5.68359E-01  1.52141E+00
  5.72266E-01  1.50638E+00
  5.76172E-01  1.49113E+00
  5.80078E-01  1.47566E+00
  5.83984E-01  1.45995E+00
  5.87891E-01  1.44400E+00
  5.91797E-01  1.42780E+00
  5.95703E-01  1.41135E+00
  5.99609E-01  1.39463E+00
  6.03516E-01  1.37763E+00
  6.07422E-01  1.36035E+00
  6.11328E-01  1.34276E+00
  6.15234E-01  1.32487E+00
  6.19141E-01  1.30665E+00
  6.23047E-01  1.28808E+00
  6.26953E-01  1.26916E+00
  6.30859E-01  1.24987E+00
  6.34766E-01  1.23019E+00
  6.38672E-01  1.21010E+00
  6.42578E-01  1.18958E+00
  6.46484E-01  1.16860E+00
  6.50391E-01  1.14714E+00
  6.54297E-01  1.12518E+00
  6.58203E-01  1.10267E+00
  6.62109E-01  1.07958E+00
  6.66016E-01  1.05588E+00
  6.69922E-01  1.03151E+00
  6.73828E-01  1.00644E+00
  6.77734E-01  9.80606E-01
  6.81641E-01  9.53950E-01
  6.85547E-01  9.26404E-01
  6.89453E-01  8.97894E-01
  6.93359E-01  8.68325E-01
  6.97266E-01  8.37603E-01
  7.01172E-01  8.05621E-01
  7.05078E-01  7.72265E-01
  7.08984E-01  7.37413E-01
  7.12891E-01  7.00955E-01
  7.16797E-01  6.62838E-01
  7.20703E-01  6.23156E-01
  7.24609E-01  5.82285E-01
  7.28516E-01  5.41022E-01
  7.32422E-01  5.00819E-01
  7.36328E-01  4.63771E-01
  7.40234E-01  4.31858E-01
  7.44141E-01  4.06091E-01
  7.48047E-01  3.86265E-01
  7.51953E-01  3.71323E-01
  7.55859E-01  3.59990E-01
  7.59766E-01  3.51094E-01
  7.63672E-01  3.43795E-01
  7.67578E-01  3.37555E-01
  7.71484E-01  3.32020E-01
  7.75391E-01  3.26952E-01
  7.79297E-01  3.22194E-01
  7.83203E-01  3.17702E-01
  7.87109E-01  3.13419E-01
  7.91016E-01  3.09300E-01
  7.94922E-01  3.05321E-01
  7.98828E-01  3.01446E-01
  8.02734E-01  2.97652E-01
  8.06641E-01  2.93943E-01
  8.10547E-01  2.90330E-01
  8.14453E-01  2.86809E-01
  8.18359E-01  2.83377E-01
  8.22266E-01  2.80024E-01
  8.26172E-01  2.76748E-01
  8.30078E-01  2.73545E-01
  8.33984E-01  2.70411E-01
  8.37891E-01  2.67344E-01
  8.41797E-01  2.64340E-01
  8.45703E-01  2.61399E-01
  8.49609E-01  2.58521E-01
  8.53516E-01  2.55702E-01
  8.57422E-01  2.52937E-01
  8.61328E-01  2.50217E-01
  8.65234E-01  2.47536E-01
  8.69141E-01  2.44891E-01
  8.73047E-01  2.42301E-01
  8.76953E-01  2.39762E-01
  8.80859E-01  2.37275E-01
  8.84766E-01  2.34840E-01
  8.88672E-01  2.32454E-01
  8.92578E-01  2.30116E-01
  8.96484E-01  2.27827E-01
  9.00391E-01  2.25585E-01
  9.04297E-01  2.23389E-01
  9.08203E-01  2.21239E-01
  9.12109E-01  2.19134E-01
  9.16016E-01  2.17074E-01
  9.19922E-01  2.15059E-01
  9.23828E-01  2.13088E-01
  9.27734E-01  2.11161E-01
  9.31641E-01  2.09280E-01
  9.35547E-01  2.07442E-01
  9.39453E-01  2.05650E-01
  9.43359E-01  2.03903E-01
  9.47266E-01  2.02203E-01
  9.51172E-01  2.00551E-01
  9.55078E-01  1.98947E-01
  9.58984E-01  1.97393E-01
  9.62891E-01  1.95895E-01
  9.66797E-01  1.94452E-01
  9.70703E-01  1.93070E-01
  9.74609E-01  1.91754E-01
  9.78516E-01  1.90510E-01
  9.82422E-01  1.89353E-01
  9.86328E-01  1.88286E-01
  9.90234E-01  1.87343E-01
  9.94141E-01  1.86548E-01
  9.98047E-01  1.85982E-01
  1.00195E+00  1.85982E-01
