 -1.95312E-03  1.76729E+00
  1.95312E-03  1.76733E+00
  5.85938E-03  1.76681E+00
  9.76562E-03  1.76624E+00
  1.36719E-02  1.76557E+00
  1.75781E-02  1.76479E+00
  2.14844E-02  1.76391E+00
  2.53906E-02  1.76291E+00
  2.92969E-02  1.76180E+00
  3.32031E-02  1.76059E+00
  3.71094E-02  1.75927E+00
  4.10156E-02  1.75785E+00
  4.49219E-02  1.75632E+00
  4.88281E-02  1.75469E+00
  5.27344E-02  1.75296E+00
  5.66406E-02  1.75113E+00
  6.05469E-02  1.74919E+00
  6.44531E-02  1.74716E+00
  6.83594E-02  1.74504E+00
  7.22656E-02  1.74281E+00
  7.61719E-02  1.74049E+00
  8.00781E-02  1.73808E+00
  8.39844E-02  1.73558E+00
  8.78906E-02  1.73298E+00
  9.17969E-02  1.73029E+00
  9.57031E-02  1.72751E+00
  9.96094E-02  1.72465E+00
  1.03516E-01  1.72169E+00
  1.07422E-01  1.71865E+00
  1.11328E-01  1.71553E+00
  1.15234E-01  1.71231E+00
  1.19141E-01  1.70902E+00
  1.23047E-01  1.70564E+00
  1.26953E-01  1.70218E+00
  1.30859E-01  1.69864E+00
  1.34766E-01  1.69502E+00
  1.38672E-01  1.69133E+00
  1.42578E-01  1.68755E+00
  1.46484E-01  1.68370E+00
  1.50391E-01  1.67977E+00
  1.54297E-01  1.67577E+00
  1.58203E-01  1.67170E+00
  1.62109E-01  1.66755E+00
  1.66016E-01  1.66333E+00
  1.69922E-01  1.65905E+00
  1.73828E-01  1.65469E+00
  1.77734E-01  1.65026E+00
  1.81641E-01  1.64577E+00
  1.85547E-01  1.64122E+00
  1.89453E-01  1.63659E+00
  1.93359E-01  1.63191E+00
  1.97266E-01  1.62716E+00
  2.01172E-01  1.62235E+00
  2.05078E-01  1.61748E+00
  2.08984E-01  1.61255E+00
  2.12891E-01  1.60756E+00
  2.16797E-01  1.60252E+00
  2.20703E-01  1.59742E+00
  2.24609E-01  1.59227E+00
  2.28516E-01  1.58706E+00
  2.32422E-01  1.58180E+00
  2.36328E-01  1.57649E+00
  2.40234E-01  1.57113E+00
  2.44141E-01  1.56573E+00
  2.48047E-01  1.56027E+00
  2.51953E-01  1.55477E+00
  2.55859E-01  1.54923E+00
  2.59766E-01  1.54364E+00
  2.63672E-01  1.53801E+00
  2.67578E-01  1.53234E+00
  2.71484E-01  1.52663E+00
  2.75391E-01  1.52088E+00
  2.79297E-01  1.51510E+00
  2.83203E-01  1.50928E+00
  2.87109E-01  1.50343E+00
  2.91016E-01  1.49755E+00
  2.94922E-01  1.49163E+00
  2.98828E-01  1.48568E+00
  3.02734E-01  1.47971E+00
  3.06641E-01  1.47371E+00
  3.10547E-01  1.46768E+00
  3.14453E-01  1.46163E+00
  3.18359E-01  1.45556E+00
  3.22266E-01  1.44947E+00
  3.26172E-01  1.44335E+00
  3.30078E-01  1.43722E+00
  3.33984E-01  1.43107E+00
  3.37891E-01  1.42491E+00
  3.41797E-01  1.41873E+00
  3.45703E-01  1.41254E+00
  3.49609E-01  1.40633E+00
  3.53516E-01  1.40012E+00
  3.57422E-01  1.39390E+00
  3.61328E-01  1.38768E+00
  3.65234E-01  1.38144E+00
  3.69141E-01  1.37521E+00
  3.73047E-01  1.36897E+00
  3.76953E-01  1.36273E+00
  3.80859E-01  1.35649E+00
  3.84766E-01  1.35025E+00
  3.88672E-01  1.34402E+00
  3.92578E-01  1.33778E+00
  3.96484E-01  1.33156E+00
  4.00391E-01  1.32533E+00
  4.04297E-01  1.31912E+00
  4.08203E-01  1.31292E+00
  4.12109E-01  1.30672E+00
  4.16016E-01  1.30054E+00
  4.19922E-01  1.29436E+00
  4.23828E-01  1.28821E+00
  4.27734E-01  1.28206E+00
  4.31641E-01  1.27593E+00
  4.35547E-01  1.26982E+00
  4.39453E-01  1.26372E+00
  4.43359E-01  1.25764E+00
  4.47266E-01  1.25158E+00
  4.51172E-01  1.24554E+00
  4.55078E-01  1.23952E+00
  4.58984E-01  1.23352E+00
  4.62891E-01  1.22755E+00
  4.66797E-01  1.22160E+00
  4.70703E-01  1.21567E+00
  4.74609E-01  1.20976E+00
  4.78516E-01  1.20388E+00
  4.82422E-01  1.19803E+00
  4.86328E-01  1.19220E+00
  4.90234E-01  1.18640E+00
  4.94141E-01  1.18062E+00
  4.98047E-01  1.17488E+00
  5.01953E-01  1.16916E+00
  5.05859E-01  1.16347E+00
  5.09766E-01  1.15780E+00
  5.13672E-01  1.15217E+00
  5.17578E-01  1.14657E+00
  5.21484E-01  1.14099E+00
  5.25391E-01  1.13545E+00
  5.29297E-01  1.12994E+00
  5.33203E-01  1.12445E+00
  5.37109E-01  1.11900E+00
  5.41016E-01  1.11358E+00
  5.44922E-01  1.10819E+00
  5.48828E-01  1.10283E+00
  5.52734E-01  1.09750E+00
  5.56641E-01  1.09220E+00
  5.60547E-01  1.08694E+00
  5.64453E-01  1.08170E+00
  5.68359E-01  1.07650E+00
  5.72266E-01  1.07133E+00
  5.76172E-01  1.06618E+00
  5.80078E-01  1.06108E+00
  5.83984E-01  1.05600E+00
  5.87891E-01  1.05095E+00
  5.91797E-01  1.04593E+00
  5.95703E-01  1.04095E+00
  5.99609E-01  1.03599E+00
  6.03516E-01  1.03107E+00
  6.07422E-01  1.02617E+00
  6.11328E-01  1.02131E+00
  6.15234E-01  1.01648E+00
  6.19141E-01  1.01168E+00
  6.23047E-01  1.00691E+00
  6.26953E-01  1.00217E+00
  6.30859E-01  9.97454E-01
  6.34766E-01  9.92772E-01
  6.38672E-01  9.88119E-01
  6.42578E-01  9.83497E-01
  6.46484E-01  9.78904E-01
  6.50391E-01  9.74340E-01
  6.54297E-01  9.69804E-01
  6.58203E-01  9.65299E-01
  6.62109E-01  9.60822E-01
  6.66016E-01  9.56375E-01
  6.69922E-01  9.51955E-01
  6.73828E-01  9.47564E-01
  6.77734E-01  9.43200E-01
  6.81641E-01  9.38865E-01
  6.85547E-01  9.34557E-01
  6.89453E-01  9.30278E-01
  6.93359E-01  9.26025E-01
  6.97266E-01  9.21800E-01
  7.01172E-01  9.17602E-01
  7.05078E-01  9.13427E-01
  7.08984E-01  9.09279E-01
  7.12891E-01  9.05157E-01
  7.16797E-01  9.01060E-01
  7.20703E-01  8.96989E-01
  7.24609E-01  8.92943E-01
  7.28516E-01  8.88924E-01
  7.32422E-01  8.84929E-01
  7.36328E-01  8.80960E-01
  7.40234E-01  8.77016E-01
  7.44141E-01  8.73097E-01
  7.48047E-01  8.69204E-01
  7.51953E-01  8.65336E-01
  7.55859E-01  8.61494E-01
  7.59766E-01  8.57676E-01
  7.63672E-01  8.53883E-01
  7.67578E-01  8.50116E-01
  7.71484E-01  8.46374E-01
  7.75391E-01  8.42658E-01
  7.79297E-01  8.38966E-01
  7.83203E-01  8.35301E-01
  7.87109E-01  8.31660E-01
  7.91016E-01  8.28045E-01
  7.94922E-01  8.24455E-01
  7.98828E-01  8.20891E-01
  8.02734E-01  8.17353E-01
  8.06641E-01  8.13840E-01
  8.10547E-01  8.10355E-01
  8.14453E-01  8.06895E-01
  8.18359E-01  8.03461E-01
  8.22266E-01  8.00054E-01
  8.26172E-01  7.96674E-01
  8.30078E-01  7.93322E-01
  8.33984E-01  7.89998E-01
  8.37891E-01  7.86702E-01
  8.41797E-01  7.83434E-01
  8.45703E-01  7.80196E-01
  8.49609E-01  7.76987E-01
  8.53516E-01  7.73808E-01
  8.57422E-01  7.70661E-01
  8.61328E-01  7.67545E-01
  8.65234E-01  7.64461E-01
  8.69141E-01  7.61411E-01
  8.73047E-01  7.58395E-01
  8.76953E-01  7.55413E-01
  8.80859E-01  7.52468E-01
  8.84766E-01  7.49561E-01
  8.88672E-01  7.46693E-01
  8.92578E-01  7.43864E-01
  8.96484E-01  7.41078E-01
  9.00391E-01  7.38334E-01
  9.04297E-01  7.35636E-01
  9.08203E-01  7.32985E-01
  9.12109E-01  7.30383E-01
  9.16016E-01  7.27833E-01
  9.19922E-01  7.25337E-01
  9.23828E-01  7.22898E-01
  9.27734E-01  7.20515E-01
  9.31641E-01  7.18191E-01
  9.35547E-01  7.15931E-01
  9.39453E-01  7.13738E-01
  9.43359E-01  7.11614E-01
  9.47266E-01  7.09564E-01
  9.51172E-01  7.07593E-01
  9.55078E-01  7.05706E-01
  9.58984E-01  7.03908E-01
  9.62891E-01  7.02205E-01
  9.66797E-01  7.00603E-01
  9.70703E-01  6.99109E-01
  9.74609E-01  6.97730E-01
  9.78516E-01  6.96474E-01
  9.82422E-01  6.95350E-01
  9.86328E-01  6.94366E-01
  9.90234E-01  6.93533E-01
  9.94141E-01  6.92862E-01
  9.98047E-01  6.92360E-01
  1.00195E+00  6.92361E-01
