 -1.95312E-03  1.89588E+00
  1.95312E-03  1.89597E+00
  5.85938E-03  1.89545E+00
  9.76562E-03  1.89488E+00
  1.36719E-02  1.89421E+00
  1.75781E-02  1.89344E+00
  2.14844E-02  1.89255E+00
  2.53906E-02  1.89155E+00
  2.92969E-02  1.89044E+00
  3.32031E-02  1.88922E+00
  3.71094E-02  1.88790E+00
  4.10156E-02  1.88647E+00
  4.49219E-02  1.88493E+00
  4.88281E-02  1.88329E+00
  5.27344E-02  1.88154E+00
  5.66406E-02  1.87969E+00
  6.05469E-02  1.87774E+00
  6.44531E-02  1.87569E+00
  6.83594E-02  1.87353E+00
  7.22656E-02  1.87128E+00
  7.61719E-02  1.86893E+00
  8.00781E-02  1.86648E+00
  8.39844E-02  1.86393E+00
  8.78906E-02  1.86128E+00
  9.17969E-02  1.85854E+00
  9.57031E-02  1.85571E+00
  9.96094E-02  1.85278E+00
  1.03516E-01  1.84975E+00
  1.07422E-01  1.84664E+00
  1.11328E-01  1.84343E+00
  1.15234E-01  1.84013E+00
  1.19141E-01  1.83674E+00
  1.23047E-01  1.83326E+00
  1.26953E-01  1.82969E+00
  1.30859E-01  1.82604E+00
  1.34766E-01  1.82230E+00
  1.38672E-01  1.81846E+00
  1.42578E-01  1.81455E+00
  1.46484E-01  1.81055E+00
  1.50391E-01  1.80646E+00
  1.54297E-01  1.80229E+00
  1.58203E-01  1.79803E+00
  1.62109E-01  1.79370E+00
  1.66016E-01  1.78928E+00
  1.69922E-01  1.78478E+00
  1.73828E-01  1.78020E+00
  1.77734E-01  1.77554E+00
  1.81641E-01  1.77080E+00
  1.85547E-01  1.76598E+00
  1.89453E-01  1.76108E+00
  1.93359E-01  1.75611E+00
  1.97266E-01  1.75106E+00
  2.01172E-01  1.74594E+00
  2.05078E-01  1.74074E+00
  2.08984E-01  1.73546E+00
  2.12891E-01  1.73012E+00
  2.16797E-01  1.72470E+00
  2.20703E-01  1.71921E+00
  2.24609E-01  1.71365E+00
  2.28516E-01  1.70802E+00
  2.32422E-01  1.70232E+00
  2.36328E-01  1.69655E+00
  2.40234E-01  1.69072E+00
  2.44141E-01  1.68482E+00
  2.48047E-01  1.67885E+00
  2.51953E-01  1.67282E+00
  2.55859E-01  1.66672E+00
  2.59766E-01  1.66056E+00
  2.63672E-01  1.65434E+00
  2.67578E-01  1.64806E+00
  2.71484E-01  1.64171E+00
  2.75391E-01  1.63531E+00
  2.79297E-01  1.62885E+00
  2.83203E-01  1.62234E+00
  2.87109E-01  1.61576E+00
  2.91016E-01  1.60913E+00
  2.94922E-01  1.60245E+00
  2.98828E-01  1.59572E+00
  3.02734E-01  1.58894E+00
  3.06641E-01  1.58210E+00
  3.10547E-01  1.57522E+00
  3.14453E-01  1.56828E+00
  3.18359E-01  1.56131E+00
  3.22266E-01  1.55428E+00
  3.26172E-01  1.54721E+00
  3.30078E-01  1.54010E+00
  3.33984E-01  1.53295E+00
  3.37891E-01  1.52576E+00
  3.41797E-01  1.51853E+00
  3.45703E-01  1.51126E+00
  3.49609E-01  1.50396E+00
  3.53516E-01  1.49662E+00
  3.57422E-01  1.48926E+00
  3.61328E-01  1.48186E+00
  3.65234E-01  1.47443E+00
  3.69141E-01  1.46697E+00
  3.73047E-01  1.45948E+00
  3.76953E-01  1.45197E+00
  3.80859E-01  1.44444E+00
  3.84766E-01  1.43689E+00
  3.88672E-01  1.42932E+00
  3.92578E-01  1.42173E+00
  3.96484E-01  1.41413E+00
  4.00391E-01  1.40651E+00
  4.04297E-01  1.39888E+00
  4.08203E-01  1.39124E+00
  4.12109E-01  1.38359E+00
  4.16016E-01  1.37593E+00
  4.19922E-01  1.36827E+00
  4.23828E-01  1.36061E+00
  4.27734E-01  1.35294E+00
  4.31641E-01  1.34528E+00
  4.35547E-01  1.33762E+00
  4.39453E-01  1.32996E+00
  4.43359E-01  1.32231E+00
  4.47266E-01  1.31467E+00
  4.51172E-01  1.30704E+00
  4.55078E-01  1.29941E+00
  4.58984E-01  1.29181E+00
  4.62891E-01  1.28421E+00
  4.66797E-01  1.27664E+00
  4.70703E-01  1.26908E+00
  4.74609E-01  1.26154E+00
  4.78516E-01  1.25403E+00
  4.82422E-01  1.24654E+00
  4.86328E-01  1.23907E+00
  4.90234E-01  1.23163E+00
  4.94141E-01  1.22422E+00
  4.98047E-01  1.21684E+00
  5.01953E-01  1.20949E+00
  5.05859E-01  1.20217E+00
  5.09766E-01  1.19489E+00
  5.13672E-01  1.18764E+00
  5.17578E-01  1.18043E+00
  5.21484E-01  1.17326E+00
  5.25391E-01  1.16612E+00
  5.29297E-01  1.15903E+00
  5.33203E-01  1.15197E+00
  5.37109E-01  1.14496E+00
  5.41016E-01  1.13799E+00
  5.44922E-01  1.13107E+00
  5.48828E-01  1.12419E+00
  5.52734E-01  1.11735E+00
  5.56641E-01  1.11056E+00
  5.60547E-01  1.10381E+00
  5.64453E-01  1.09711E+00
  5.68359E-01  1.09045E+00
  5.72266E-01  1.08384E+00
  5.76172E-01  1.07728E+00
  5.80078E-01  1.07076E+00
  5.83984E-01  1.06429E+00
  5.87891E-01  1.05787E+00
  5.91797E-01  1.05150E+00
  5.95703E-01  1.04518E+00
  5.99609E-01  1.03890E+00
  6.03516E-01  1.03267E+00
  6.07422E-01  1.02650E+00
  6.11328E-01  1.02037E+00
  6.15234E-01  1.01429E+00
  6.19141E-01  1.00826E+00
  6.23047E-01  1.00227E+00
  6.26953E-01  9.96338E-01
  6.30859E-01  9.90452E-01
  6.34766E-01  9.84615E-01
  6.38672E-01  9.78825E-01
  6.42578E-01  9.73083E-01
  6.46484E-01  9.67389E-01
  6.50391E-01  9.61743E-01
  6.54297E-01  9.56143E-01
  6.58203E-01  9.50590E-01
  6.62109E-01  9.45084E-01
  6.66016E-01  9.39624E-01
  6.69922E-01  9.34210E-01
  6.73828E-01  9.28841E-01
  6.77734E-01  9.23519E-01
  6.81641E-01  9.18241E-01
  6.85547E-01  9.13007E-01
  6.89453E-01  9.07818E-01
  6.93359E-01  9.02673E-01
  6.97266E-01  8.97571E-01
  7.01172E-01  8.92513E-01
  7.05078E-01  8.87497E-01
  7.08984E-01  8.82521E-01
  7.12891E-01  8.77586E-01
  7.16797E-01  8.72692E-01
  7.20703E-01  8.67837E-01
  7.24609E-01  8.63021E-01
  7.28516E-01  8.58245E-01
  7.32422E-01  8.53508E-01
  7.36328E-01  8.48809E-01
  7.40234E-01  8.44149E-01
  7.44141E-01  8.39526E-01
  7.48047E-01  8.34941E-01
  7.51953E-01  8.30396E-01
  7.55859E-01  8.25887E-01
  7.59766E-01  8.21416E-01
  7.63672E-01  8.16983E-01
  7.67578E-01  8.12586E-01
  7.71484E-01  8.08227E-01
  7.75391E-01  8.03904E-01
  7.79297E-01  7.99619E-01
  7.83203E-01  7.95369E-01
  7.87109E-01  7.91157E-01
  7.91016E-01  7.86982E-01
  7.94922E-01  7.82844E-01
  7.98828E-01  7.78742E-01
  8.02734E-01  7.74676E-01
  8.06641E-01  7.70647E-01
  8.10547E-01  7.66656E-01
  8.14453E-01  7.62700E-01
  8.18359E-01  7.58783E-01
  8.22266E-01  7.54903E-01
  8.26172E-01  7.51061E-01
  8.30078E-01  7.47255E-01
  8.33984E-01  7.43487E-01
  8.37891E-01  7.39758E-01
  8.41797E-01  7.36067E-01
  8.45703E-01  7.32416E-01
  8.49609E-01  7.28805E-01
  8.53516E-01  7.25233E-01
  8.57422E-01  7.21702E-01
  8.61328E-01  7.18212E-01
  8.65234E-01  7.14764E-01
  8.69141E-01  7.11359E-01
  8.73047E-01  7.07997E-01
  8.76953E-01  7.04681E-01
  8.80859E-01  7.01411E-01
  8.84766E-01  6.98188E-01
  8.88672E-01  6.95014E-01
  8.92578E-01  6.91889E-01
  8.96484E-01  6.88816E-01
  9.00391E-01  6.85797E-01
  9.04297E-01  6.82833E-01
  9.08203E-01  6.79926E-01
  9.12109E-01  6.77074E-01
  9.16016E-01  6.74279E-01
  9.19922E-01  6.71543E-01
  9.23828E-01  6.68869E-01
  9.27734E-01  6.66261E-01
  9.31641E-01  6.63720E-01
  9.35547E-01  6.61250E-01
  9.39453E-01  6.58855E-01
  9.43359E-01  6.56539E-01
  9.47266E-01  6.54305E-01
  9.51172E-01  6.52160E-01
  9.55078E-01  6.50108E-01
  9.58984E-01  6.48154E-01
  9.62891E-01  6.46305E-01
  9.66797E-01  6.44568E-01
  9.70703E-01  6.42949E-01
  9.74609E-01  6.41457E-01
  9.78516E-01  6.40100E-01
  9.82422E-01  6.38887E-01
  9.86328E-01  6.37831E-01
  9.90234E-01  6.36941E-01
  9.94141E-01  6.36229E-01
  9.98047E-01  6.35708E-01
  1.00195E+00  6.35709E-01
