 -1.95312E-03  2.02133E+00
  1.95312E-03  2.02137E+00
  5.85938E-03  2.02085E+00
  9.76562E-03  2.02028E+00
  1.36719E-02  2.01962E+00
  1.75781E-02  2.01885E+00
  2.14844E-02  2.01797E+00
  2.53906E-02  2.01698E+00
  2.92969E-02  2.01589E+00
  3.32031E-02  2.01468E+00
  3.71094E-02  2.01337E+00
  4.10156E-02  2.01196E+00
  4.49219E-02  2.01044E+00
  4.88281E-02  2.00881E+00
  5.27344E-02  2.00708E+00
  5.66406E-02  2.00525E+00
  6.05469E-02  2.00332E+00
  6.44531E-02  2.00128E+00
  6.83594E-02  1.99914E+00
  7.22656E-02  1.99691E+00
  7.61719E-02  1.99457E+00
  8.00781E-02  1.99214E+00
  8.39844E-02  1.98960E+00
  8.78906E-02  1.98697E+00
  9.17969E-02  1.98424E+00
  9.57031E-02  1.98142E+00
  9.96094E-02  1.97850E+00
  1.03516E-01  1.97548E+00
  1.07422E-01  1.97237E+00
  1.11328E-01  1.96916E+00
  1.15234E-01  1.96587E+00
  1.19141E-01  1.96247E+00
  1.23047E-01  1.95899E+00
  1.26953E-01  1.95541E+00
  1.30859E-01  1.95174E+00
  1.34766E-01  1.94799E+00
  1.38672E-01  1.94414E+00
  1.42578E-01  1.94019E+00
  1.46484E-01  1.93616E+00
  1.50391E-01  1.93204E+00
  1.54297E-01  1.92783E+00
  1.58203E-01  1.92354E+00
  1.62109E-01  1.91915E+00
  1.66016E-01  1.91468E+00
  1.69922E-01  1.91012E+00
  1.73828E-01  1.90547E+00
  1.77734E-01  1.90074E+00
  1.81641E-01  1.89592E+00
  1.85547E-01  1.89101E+00
  1.89453E-01  1.88602E+00
  1.93359E-01  1.88095E+00
  1.97266E-01  1.87579E+00
  2.01172E-01  1.87054E+00
  2.05078E-01  1.86522E+00
  2.08984E-01  1.85981E+00
  2.12891E-01  1.85431E+00
  2.16797E-01  1.84874E+00
  2.20703E-01  1.84308E+00
  2.24609E-01  1.83734E+00
  2.28516E-01  1.83152E+00
  2.32422E-01  1.82562E+00
  2.36328E-01  1.81964E+00
  2.40234E-01  1.81357E+00
  2.44141E-01  1.80743E+00
  2.48047E-01  1.80121E+00
  2.51953E-01  1.79492E+00
  2.55859E-01  1.78854E+00
  2.59766E-01  1.78209E+00
  2.63672E-01  1.77555E+00
  2.67578E-01  1.76895E+00
  2.71484E-01  1.76226E+00
  2.75391E-01  1.75550E+00
  2.79297E-01  1.74867E+00
  2.83203E-01  1.74176E+00
  2.87109E-01  1.73478E+00
  2.91016E-01  1.72772E+00
  2.94922E-01  1.72059E+00
  2.98828E-01  1.71339E+00
  3.02734E-01  1.70612E+00
  3.06641E-01  1.69877E+00
  3.10547E-01  1.69136E+00
  3.14453E-01  1.68387E+00
  3.18359E-01  1.67632E+00
  3.22266E-01  1.66869E+00
  3.26172E-01  1.66101E+00
  3.30078E-01  1.65325E+00
  3.33984E-01  1.64543E+00
  3.37891E-01  1.63754E+00
  3.41797E-01  1.62959E+00
  3.45703E-01  1.62158E+00
  3.49609E-01  1.61350E+00
  3.53516E-01  1.60536E+00
  3.57422E-01  1.59717E+00
  3.61328E-01  1.58891E+00
  3.65234E-01  1.58059E+00
  3.69141E-01  1.57222E+00
  3.73047E-01  1.56380E+00
  3.76953E-01  1.55532E+00
  3.80859E-01  1.54678E+00
  3.84766E-01  1.53820E+00
  3.88672E-01  1.52956E+00
  3.92578E-01  1.52088E+00
  3.96484E-01  1.51215E+00
  4.00391E-01  1.50337E+00
  4.04297E-01  1.49454E+00
  4.08203E-01  1.48568E+00
  4.12109E-01  1.47677E+00
  4.16016E-01  1.46783E+00
  4.19922E-01  1.45884E+00
  4.23828E-01  1.44982E+00
  4.27734E-01  1.44077E+00
  4.31641E-01  1.43168E+00
  4.35547E-01  1.42257E+00
  4.39453E-01  1.41342E+00
  4.43359E-01  1.40425E+00
  4.47266E-01  1.39506E+00
  4.51172E-01  1.38584E+00
  4.55078E-01  1.37661E+00
  4.58984E-01  1.36736E+00
  4.62891E-01  1.35809E+00
  4.66797E-01  1.34882E+00
  4.70703E-01  1.33953E+00
  4.74609E-01  1.33024E+00
  4.78516E-01  1.32094E+00
  4.82422E-01  1.31164E+00
  4.86328E-01  1.30234E+00
  4.90234E-01  1.29305E+00
  4.94141E-01  1.28376E+00
  4.98047E-01  1.27449E+00
  5.01953E-01  1.26522E+00
  5.05859E-01  1.25597E+00
  5.09766E-01  1.24674E+00
  5.13672E-01  1.23753E+00
  5.17578E-01  1.22835E+00
  5.21484E-01  1.21919E+00
  5.25391E-01  1.21006E+00
  5.29297E-01  1.20096E+00
  5.33203E-01  1.19190E+00
  5.37109E-01  1.18287E+00
  5.41016E-01  1.17389E+00
  5.44922E-01  1.16495E+00
  5.48828E-01  1.15606E+00
  5.52734E-01  1.14722E+00
  5.56641E-01  1.13843E+00
  5.60547E-01  1.12969E+00
  5.64453E-01  1.12101E+00
  5.68359E-01  1.11239E+00
  5.72266E-01  1.10383E+00
  5.76172E-01  1.09533E+00
  5.80078E-01  1.08689E+00
  5.83984E-01  1.07852E+00
  5.87891E-01  1.07023E+00
  5.91797E-01  1.06200E+00
  5.95703E-01  1.05384E+00
  5.99609E-01  1.04576E+00
  6.03516E-01  1.03775E+00
  6.07422E-01  1.02980E+00
  6.11328E-01  1.02193E+00
  6.15234E-01  1.01414E+00
  6.19141E-01  1.00642E+00
  6.23047E-01  9.98777E-01
  6.26953E-01  9.91212E-01
  6.30859E-01  9.83724E-01
  6.34766E-01  9.76313E-01
  6.38672E-01  9.68980E-01
  6.42578E-01  9.61724E-01
  6.46484E-01  9.54545E-01
  6.50391E-01  9.47445E-01
  6.54297E-01  9.40422E-01
  6.58203E-01  9.33478E-01
  6.62109E-01  9.26610E-01
  6.66016E-01  9.19819E-01
  6.69922E-01  9.13104E-01
  6.73828E-01  9.06466E-01
  6.77734E-01  8.99902E-01
  6.81641E-01  8.93413E-01
  6.85547E-01  8.86998E-01
  6.89453E-01  8.80658E-01
  6.93359E-01  8.74391E-01
  6.97266E-01  8.68196E-01
  7.01172E-01  8.62072E-01
  7.05078E-01  8.56019E-01
  7.08984E-01  8.50034E-01
  7.12891E-01  8.44116E-01
  7.16797E-01  8.38262E-01
  7.20703E-01  8.32473E-01
  7.24609E-01  8.26746E-01
  7.28516E-01  8.21082E-01
  7.32422E-01  8.15480E-01
  7.36328E-01  8.09941E-01
  7.40234E-01  8.04463E-01
  7.44141E-01  7.99044E-01
  7.48047E-01  7.93682E-01
  7.51953E-01  7.88380E-01
  7.55859E-01  7.83135E-01
  7.59766E-01  7.77949E-01
  7.63672E-01  7.72819E-01
  7.67578E-01  7.67743E-01
  7.71484E-01  7.62725E-01
  7.75391E-01  7.57760E-01
  7.79297E-01  7.52849E-01
  7.83203E-01  7.47994E-01
  7.87109E-01  7.43190E-01
  7.91016E-01  7.38440E-01
  7.94922E-01  7.33744E-01
  7.98828E-01  7.29098E-01
  8.02734E-01  7.24506E-01
  8.06641E-01  7.19965E-01
  8.10547E-01  7.15476E-01
  8.14453E-01  7.11038E-01
  8.18359E-01  7.06651E-01
  8.22266E-01  7.02314E-01
  8.26172E-01  6.98030E-01
  8.30078E-01  6.93796E-01
  8.33984E-01  6.89614E-01
  8.37891E-01  6.85481E-01
  8.41797E-01  6.81402E-01
  8.45703E-01  6.77373E-01
  8.49609E-01  6.73397E-01
  8.53516E-01  6.69474E-01
  8.57422E-01  6.65602E-01
  8.61328E-01  6.61787E-01
  8.65234E-01  6.58026E-01
  8.69141E-01  6.54318E-01
  8.73047E-01  6.50669E-01
  8.76953E-01  6.47078E-01
  8.80859E-01  6.43543E-01
  8.84766E-01  6.40064E-01
  8.88672E-01  6.36638E-01
  8.92578E-01  6.33267E-01
  8.96484E-01  6.29953E-01
  9.00391E-01  6.26696E-01
  9.04297E-01  6.23499E-01
  9.08203E-01  6.20364E-01
  9.12109E-01  6.17290E-01
  9.16016E-01  6.14281E-01
  9.19922E-01  6.11341E-01
  9.23828E-01  6.08468E-01
  9.27734E-01  6.05669E-01
  9.31641E-01  6.02944E-01
  9.35547E-01  6.00298E-01
  9.39453E-01  5.97733E-01
  9.43359E-01  5.95254E-01
  9.47266E-01  5.92866E-01
  9.51172E-01  5.90570E-01
  9.55078E-01  5.88376E-01
  9.58984E-01  5.86287E-01
  9.62891E-01  5.84310E-01
  9.66797E-01  5.82453E-01
  9.70703E-01  5.80722E-01
  9.74609E-01  5.79127E-01
  9.78516E-01  5.77676E-01
  9.82422E-01  5.76382E-01
  9.86328E-01  5.75255E-01
  9.90234E-01  5.74309E-01
  9.94141E-01  5.73558E-01
  9.98047E-01  5.73017E-01
  1.00195E+00  5.73017E-01
