 -1.95312E-03  1.28283E+00
  1.95312E-03  1.28294E+00
  5.85938E-03  1.28245E+00
  9.76562E-03  1.28195E+00
  1.36719E-02  1.28138E+00
  1.75781E-02  1.28075E+00
  2.14844E-02  1.28004E+00
  2.53906E-02  1.27927E+00
  2.92969E-02  1.27843E+00
  3.32031E-02  1.27752E+00
  3.71094E-02  1.27656E+00
  4.10156E-02  1.27553E+00
  4.49219E-02  1.27445E+00
  4.88281E-02  1.27331E+00
  5.27344E-02  1.27213E+00
  5.66406E-02  1.27089E+00
  6.05469E-02  1.26961E+00
  6.44531E-02  1.26828E+00
  6.83594E-02  1.26691E+00
  7.22656E-02  1.26550E+00
  7.61719E-02  1.26405E+00
  8.00781E-02  1.26256E+00
  8.39844E-02  1.26104E+00
  8.78906E-02  1.25949E+00
  9.17969E-02  1.25791E+00
  9.57031E-02  1.25629E+00
  9.96094E-02  1.25466E+00
  1.03516E-01  1.25299E+00
  1.07422E-01  1.25130E+00
  1.11328E-01  1.24959E+00
  1.15234E-01  1.24785E+00
  1.19141E-01  1.24610E+00
  1.23047E-01  1.24433E+00
  1.26953E-01  1.24254E+00
  1.30859E-01  1.24074E+00
  1.34766E-01  1.23892E+00
  1.38672E-01  1.23708E+00
  1.42578E-01  1.23524E+00
  1.46484E-01  1.23338E+00
  1.50391E-01  1.23152E+00
  1.54297E-01  1.22964E+00
  1.58203E-01  1.22775E+00
  1.62109E-01  1.22586E+00
  1.66016E-01  1.22396E+00
  1.69922E-01  1.22205E+00
  1.73828E-01  1.22014E+00
  1.77734E-01  1.21822E+00
  1.81641E-01  1.21630E+00
  1.85547E-01  1.21438E+00
  1.89453E-01  1.21245E+00
  1.93359E-01  1.21051E+00
  1.97266E-01  1.20858E+00
  2.01172E-01  1.20664E+00
  2.05078E-01  1.20470E+00
  2.08984E-01  1.20276E+00
  2.12891E-01  1.20082E+00
  2.16797E-01  1.19888E+00
  2.20703E-01  1.19693E+00
  2.24609E-01  1.19499E+00
  2.28516E-01  1.19305E+00
  2.32422E-01  1.19111E+00
  2.36328E-01  1.18917E+00
  2.40234E-01  1.18723E+00
  2.44141E-01  1.18529E+00
  2.48047E-01  1.18335E+00
  2.51953E-01  1.18141E+00
  2.55859E-01  1.17948E+00
  2.59766E-01  1.17754E+00
  2.63672E-01  1.17561E+00
  2.67578E-01  1.17368E+00
  2.71484E-01  1.17176E+00
  2.75391E-01  1.16983E+00
  2.79297E-01  1.16791E+00
  2.83203E-01  1.16599E+00
  2.87109E-01  1.16407E+00
  2.91016E-01  1.16216E+00
  2.94922E-01  1.16024E+00
  2.98828E-01  1.15833E+00
  3.02734E-01  1.15643E+00
  3.06641E-01  1.15452E+00
  3.10547E-01  1.15262E+00
  3.14453E-01  1.15072E+00
  3.18359E-01  1.14883E+00
  3.22266E-01  1.14693E+00
  3.26172E-01  1.14504E+00
  3.30078E-01  1.14316E+00
  3.33984E-01  1.14128E+00
  3.37891E-01  1.13940E+00
  3.41797E-01  1.13752E+00
  3.45703E-01  1.13565E+00
  3.49609E-01  1.13378E+00
  3.53516E-01  1.13191E+00
  3.57422E-01  1.13005E+00
  3.61328E-01  1.12819E+00
  3.65234E-01  1.12633E+00
  3.69141E-01  1.12448E+00
  3.73047E-01  1.12263E+00
  3.76953E-01  1.12078E+00
  3.80859E-01  1.11894E+00
  3.84766E-01  1.11710E+00
  3.88672E-01  1.11526E+00
  3.92578E-01  1.11343E+00
  3.96484E-01  1.11160E+00
  4.00391E-01  1.10977E+00
  4.04297E-01  1.10795E+00
  4.08203E-01  1.10613E+00
  4.12109E-01  1.10432E+00
  4.16016E-01  1.10251E+00
  4.19922E-01  1.10070E+00
  4.23828E-01  1.09890E+00
  4.27734E-01  1.09710E+00
  4.31641E-01  1.09530E+00
  4.35547E-01  1.09351E+00
  4.39453E-01  1.09172E+00
  4.43359E-01  1.08993E+00
  4.47266E-01  1.08815E+00
  4.51172E-01  1.08636E+00
  4.55078E-01  1.08459E+00
  4.58984E-01  1.08281E+00
  4.62891E-01  1.08104E+00
  4.66797E-01  1.07928E+00
  4.70703E-01  1.07752E+00
  4.74609E-01  1.07576E+00
  4.78516E-01  1.07400E+00
  4.82422E-01  1.07225E+00
  4.86328E-01  1.07050E+00
  4.90234E-01  1.06876E+00
  4.94141E-01  1.06702E+00
  4.98047E-01  1.06528E+00
  5.01953E-01  1.06355E+00
  5.05859E-01  1.06182E+00
  5.09766E-01  1.06009E+00
  5.13672E-01  1.05837E+00
  5.17578E-01  1.05665E+00
  5.21484E-01  1.05493E+00
  5.25391E-01  1.05322E+00
  5.29297E-01  1.05151E+00
  5.33203E-01  1.04981E+00
  5.37109E-01  1.04811E+00
  5.41016E-01  1.04641E+00
  5.44922E-01  1.04471E+00
  5.48828E-01  1.04302E+00
  5.52734E-01  1.04134E+00
  5.56641E-01  1.03965E+00
  5.60547E-01  1.03797E+00
  5.64453E-01  1.03629E+00
  5.68359E-01  1.03462E+00
  5.72266E-01  1.03295E+00
  5.76172E-01  1.03129E+00
  5.80078E-01  1.02962E+00
  5.83984E-01  1.02796E+00
  5.87891E-01  1.02631E+00
  5.91797E-01  1.02466E+00
  5.95703E-01  1.02301E+00
  5.99609E-01  1.02136E+00
  6.03516E-01  1.01972E+00
  6.07422E-01  1.01808E+00
  6.11328E-01  1.01644E+00
  6.15234E-01  1.01481E+00
  6.19141E-01  1.01318E+00
  6.23047E-01  1.01155E+00
  6.26953E-01  1.00993E+00
  6.30859E-01  1.00831E+00
  6.34766E-01  1.00669E+00
  6.38672E-01  1.00508E+00
  6.42578E-01  1.00347E+00
  6.46484E-01  1.00186E+00
  6.50391E-01  1.00026E+00
  6.54297E-01  9.98663E-01
  6.58203E-01  9.97067E-01
  6.62109E-01  9.95475E-01
  6.66016E-01  9.93886E-01
  6.69922E-01  9.92300E-01
  6.73828E-01  9.90718E-01
  6.77734E-01  9.89139E-01
  6.81641E-01  9.87563E-01
  6.85547E-01  9.85991E-01
  6.89453E-01  9.84422E-01
  6.93359E-01  9.82855E-01
  6.97266E-01  9.81292E-01
  7.01172E-01  9.79732E-01
  7.05078E-01  9.78175E-01
  7.08984E-01  9.76621E-01
  7.12891E-01  9.75071E-01
  7.16797E-01  9.73524E-01
  7.20703E-01  9.71980E-01
  7.24609E-01  9.70439E-01
  7.28516E-01  9.68902E-01
  7.32422E-01  9.67367E-01
  7.36328E-01  9.65836E-01
  7.40234E-01  9.64309E-01
  7.44141E-01  9.62784E-01
  7.48047E-01  9.61262E-01
  7.51953E-01  9.59744E-01
  7.55859E-01  9.58228E-01
  7.59766E-01  9.56716E-01
  7.63672E-01  9.55207E-01
  7.67578E-01  9.53701E-01
  7.71484E-01  9.52198E-01
  7.75391E-01  9.50698E-01
  7.79297E-01  9.49201E-01
  7.83203E-01  9.47707E-01
  7.87109E-01  9.46217E-01
  7.91016E-01  9.44729E-01
  7.94922E-01  9.43245E-01
  7.98828E-01  9.41763E-01
  8.02734E-01  9.40284E-01
  8.06641E-01  9.38809E-01
  8.10547E-01  9.37337E-01
  8.14453E-01  9.35868E-01
  8.18359E-01  9.34402E-01
  8.22266E-01  9.32939E-01
  8.26172E-01  9.31480E-01
  8.30078E-01  9.30023E-01
  8.33984E-01  9.28570E-01
  8.37891E-01  9.27120E-01
  8.41797E-01  9.25674E-01
  8.45703E-01  9.24231E-01
  8.49609E-01  9.22792E-01
  8.53516E-01  9.21357E-01
  8.57422E-01  9.19926E-01
  8.61328E-01  9.18499E-01
  8.65234E-01  9.17077E-01
  8.69141E-01  9.15659E-01
  8.73047E-01  9.14246E-01
  8.76953E-01  9.12839E-01
  8.80859E-01  9.11438E-01
  8.84766E-01  9.10042E-01
  8.88672E-01  9.08654E-01
  8.92578E-01  9.07273E-01
  8.96484E-01  9.05901E-01
  9.00391E-01  9.04537E-01
  9.04297E-01  9.03183E-01
  9.08203E-01  9.01839E-01
  9.12109E-01  9.00507E-01
  9.16016E-01  8.99188E-01
  9.19922E-01  8.97883E-01
  9.23828E-01  8.96594E-01
  9.27734E-01  8.95322E-01
  9.31641E-01  8.94069E-01
  9.35547E-01  8.92837E-01
  9.39453E-01  8.91628E-01
  9.43359E-01  8.90445E-01
  9.47266E-01  8.89290E-01
  9.51172E-01  8.88166E-01
  9.55078E-01  8.87076E-01
  9.58984E-01  8.86024E-01
  9.62891E-01  8.85013E-01
  9.66797E-01  8.84048E-01
  9.70703E-01  8.83133E-01
  9.74609E-01  8.82272E-01
  9.78516E-01  8.81470E-01
  9.82422E-01  8.80733E-01
  9.86328E-01  8.80066E-01
  9.90234E-01  8.79477E-01
  9.94141E-01  8.78972E-01
  9.98047E-01  8.78536E-01
  1.00195E+00  8.78553E-01
