 -1.95312E-03  2.17584E+00
  1.95312E-03  2.17599E+00
  5.85938E-03  2.17547E+00
  9.76562E-03  2.17492E+00
  1.36719E-02  2.17427E+00
  1.75781E-02  2.17352E+00
  2.14844E-02  2.17266E+00
  2.53906E-02  2.17170E+00
  2.92969E-02  2.17064E+00
  3.32031E-02  2.16947E+00
  3.71094E-02  2.16820E+00
  4.10156E-02  2.16682E+00
  4.49219E-02  2.16535E+00
  4.88281E-02  2.16377E+00
  5.27344E-02  2.16210E+00
  5.66406E-02  2.16032E+00
  6.05469E-02  2.15845E+00
  6.44531E-02  2.15647E+00
  6.83594E-02  2.15440E+00
  7.22656E-02  2.15223E+00
  7.61719E-02  2.14997E+00
  8.00781E-02  2.14761E+00
  8.39844E-02  2.14515E+00
  8.78906E-02  2.14260E+00
  9.17969E-02  2.13995E+00
  9.57031E-02  2.13720E+00
  9.96094E-02  2.13437E+00
  1.03516E-01  2.13143E+00
  1.07422E-01  2.12841E+00
  1.11328E-01  2.12529E+00
  1.15234E-01  2.12208E+00
  1.19141E-01  2.11877E+00
  1.23047E-01  2.11538E+00
  1.26953E-01  2.11189E+00
  1.30859E-01  2.10831E+00
  1.34766E-01  2.10464E+00
  1.38672E-01  2.10088E+00
  1.42578E-01  2.09703E+00
  1.46484E-01  2.09309E+00
  1.50391E-01  2.08906E+00
  1.54297E-01  2.08493E+00
  1.58203E-01  2.08072E+00
  1.62109E-01  2.07642E+00
  1.66016E-01  2.07203E+00
  1.69922E-01  2.06755E+00
  1.73828E-01  2.06298E+00
  1.77734E-01  2.05833E+00
  1.81641E-01  2.05358E+00
  1.85547E-01  2.04875E+00
  1.89453E-01  2.04383E+00
  1.93359E-01  2.03882E+00
  1.97266E-01  2.03372E+00
  2.01172E-01  2.02854E+00
  2.05078E-01  2.02326E+00
  2.08984E-01  2.01790E+00
  2.12891E-01  2.01246E+00
  2.16797E-01  2.00692E+00
  2.20703E-01  2.00130E+00
  2.24609E-01  1.99559E+00
  2.28516E-01  1.98979E+00
  2.32422E-01  1.98391E+00
  2.36328E-01  1.97794E+00
  2.40234E-01  1.97188E+00
  2.44141E-01  1.96574E+00
  2.48047E-01  1.95950E+00
  2.51953E-01  1.95319E+00
  2.55859E-01  1.94678E+00
  2.59766E-01  1.94029E+00
  2.63672E-01  1.93371E+00
  2.67578E-01  1.92705E+00
  2.71484E-01  1.92029E+00
  2.75391E-01  1.91346E+00
  2.79297E-01  1.90653E+00
  2.83203E-01  1.89952E+00
  2.87109E-01  1.89242E+00
  2.91016E-01  1.88523E+00
  2.94922E-01  1.87796E+00
  2.98828E-01  1.87060E+00
  3.02734E-01  1.86315E+00
  3.06641E-01  1.85562E+00
  3.10547E-01  1.84800E+00
  3.14453E-01  1.84029E+00
  3.18359E-01  1.83250E+00
  3.22266E-01  1.82462E+00
  3.26172E-01  1.81665E+00
  3.30078E-01  1.80860E+00
  3.33984E-01  1.80045E+00
  3.37891E-01  1.79223E+00
  3.41797E-01  1.78391E+00
  3.45703E-01  1.77551E+00
  3.49609E-01  1.76702E+00
  3.53516E-01  1.75845E+00
  3.57422E-01  1.74978E+00
  3.61328E-01  1.74103E+00
  3.65234E-01  1.73220E+00
  3.69141E-01  1.72328E+00
  3.73047E-01  1.71427E+00
  3.76953E-01  1.70518E+00
  3.80859E-01  1.69600E+00
  3.84766E-01  1.68673E+00
  3.88672E-01  1.67738E+00
  3.92578E-01  1.66794E+00
  3.96484E-01  1.65842E+00
  4.00391E-01  1.64882E+00
  4.04297E-01  1.63912E+00
  4.08203E-01  1.62935E+00
  4.12109E-01  1.61949E+00
  4.16016E-01  1.60954E+00
  4.19922E-01  1.59951E+00
  4.23828E-01  1.58940E+00
  4.27734E-01  1.57921E+00
  4.31641E-01  1.56894E+00
  4.35547E-01  1.55859E+00
  4.39453E-01  1.54815E+00
  4.43359E-01  1.53764E+00
  4.47266E-01  1.52706E+00
  4.51172E-01  1.51639E+00
  4.55078E-01  1.50565E+00
  4.58984E-01  1.49483E+00
  4.62891E-01  1.48394E+00
  4.66797E-01  1.47298E+00
  4.70703E-01  1.46195E+00
  4.74609E-01  1.45084E+00
  4.78516E-01  1.43967E+00
  4.82422E-01  1.42843E+00
  4.86328E-01  1.41713E+00
  4.90234E-01  1.40576E+00
  4.94141E-01  1.39434E+00
  4.98047E-01  1.38285E+00
  5.01953E-01  1.37131E+00
  5.05859E-01  1.35972E+00
  5.09766E-01  1.34808E+00
  5.13672E-01  1.33638E+00
  5.17578E-01  1.32465E+00
  5.21484E-01  1.31287E+00
  5.25391E-01  1.30106E+00
  5.29297E-01  1.28921E+00
  5.33203E-01  1.27733E+00
  5.37109E-01  1.26543E+00
  5.41016E-01  1.25350E+00
  5.44922E-01  1.24156E+00
  5.48828E-01  1.22961E+00
  5.52734E-01  1.21764E+00
  5.56641E-01  1.20568E+00
  5.60547E-01  1.19371E+00
  5.64453E-01  1.18175E+00
  5.68359E-01  1.16980E+00
  5.72266E-01  1.15787E+00
  5.76172E-01  1.14596E+00
  5.80078E-01  1.13408E+00
  5.83984E-01  1.12223E+00
  5.87891E-01  1.11043E+00
  5.91797E-01  1.09868E+00
  5.95703E-01  1.08698E+00
  5.99609E-01  1.07534E+00
  6.03516E-01  1.06378E+00
  6.07422E-01  1.05229E+00
  6.11328E-01  1.04088E+00
  6.15234E-01  1.02957E+00
  6.19141E-01  1.01835E+00
  6.23047E-01  1.00723E+00
  6.26953E-01  9.96224E-01
  6.30859E-01  9.85331E-01
  6.34766E-01  9.74556E-01
  6.38672E-01  9.63907E-01
  6.42578E-01  9.53387E-01
  6.46484E-01  9.43003E-01
  6.50391E-01  9.32759E-01
  6.54297E-01  9.22658E-01
  6.58203E-01  9.12705E-01
  6.62109E-01  9.02899E-01
  6.66016E-01  8.93243E-01
  6.69922E-01  8.83738E-01
  6.73828E-01  8.74389E-01
  6.77734E-01  8.65193E-01
  6.81641E-01  8.56155E-01
  6.85547E-01  8.47272E-01
  6.89453E-01  8.38547E-01
  6.93359E-01  8.29978E-01
  6.97266E-01  8.21563E-01
  7.01172E-01  8.13304E-01
  7.05078E-01  8.05198E-01
  7.08984E-01  7.97242E-01
  7.12891E-01  7.89432E-01
  7.16797E-01  7.81763E-01
  7.20703E-01  7.74230E-01
  7.24609E-01  7.66834E-01
  7.28516E-01  7.59571E-01
  7.32422E-01  7.52440E-01
  7.36328E-01  7.45437E-01
  7.40234E-01  7.38560E-01
  7.44141E-01  7.31805E-01
  7.48047E-01  7.25169E-01
  7.51953E-01  7.18649E-01
  7.55859E-01  7.12244E-01
  7.59766E-01  7.05948E-01
  7.63672E-01  6.99762E-01
  7.67578E-01  6.93679E-01
  7.71484E-01  6.87699E-01
  7.75391E-01  6.81818E-01
  7.79297E-01  6.76035E-01
  7.83203E-01  6.70350E-01
  7.87109E-01  6.64755E-01
  7.91016E-01  6.59252E-01
  7.94922E-01  6.53841E-01
  7.98828E-01  6.48516E-01
  8.02734E-01  6.43276E-01
  8.06641E-01  6.38124E-01
  8.10547E-01  6.33055E-01
  8.14453E-01  6.28068E-01
  8.18359E-01  6.23163E-01
  8.22266E-01  6.18342E-01
  8.26172E-01  6.13597E-01
  8.30078E-01  6.08934E-01
  8.33984E-01  6.04351E-01
  8.37891E-01  5.99837E-01
  8.41797E-01  5.95392E-01
  8.45703E-01  5.91013E-01
  8.49609E-01  5.86701E-01
  8.53516E-01  5.82455E-01
  8.57422E-01  5.78275E-01
  8.61328E-01  5.74161E-01
  8.65234E-01  5.70114E-01
  8.69141E-01  5.66133E-01
  8.73047E-01  5.62215E-01
  8.76953E-01  5.58363E-01
  8.80859E-01  5.54576E-01
  8.84766E-01  5.50855E-01
  8.88672E-01  5.47201E-01
  8.92578E-01  5.43614E-01
  8.96484E-01  5.40095E-01
  9.00391E-01  5.36642E-01
  9.04297E-01  5.33256E-01
  9.08203E-01  5.29941E-01
  9.12109E-01  5.26697E-01
  9.16016E-01  5.23526E-01
  9.19922E-01  5.20428E-01
  9.23828E-01  5.17407E-01
  9.27734E-01  5.14463E-01
  9.31641E-01  5.11600E-01
  9.35547E-01  5.08821E-01
  9.39453E-01  5.06127E-01
  9.43359E-01  5.03523E-01
  9.47266E-01  5.01012E-01
  9.51172E-01  4.98599E-01
  9.55078E-01  4.96290E-01
  9.58984E-01  4.94088E-01
  9.62891E-01  4.92002E-01
  9.66797E-01  4.90038E-01
  9.70703E-01  4.88205E-01
  9.74609E-01  4.86511E-01
  9.78516E-01  4.84968E-01
  9.82422E-01  4.83587E-01
  9.86328E-01  4.82383E-01
  9.90234E-01  4.81371E-01
  9.94141E-01  4.80572E-01
  9.98047E-01  4.80006E-01
  1.00195E+00  4.80007E-01
