 -1.95312E-03  2.03959E+00
  1.95312E-03  2.03960E+00
  5.85938E-03  2.03907E+00
  9.76562E-03  2.03851E+00
  1.36719E-02  2.03785E+00
  1.75781E-02  2.03708E+00
  2.14844E-02  2.03621E+00
  2.53906E-02  2.03522E+00
  2.92969E-02  2.03413E+00
  3.32031E-02  2.03293E+00
  3.71094E-02  2.03162E+00
  4.10156E-02  2.03021E+00
  4.49219E-02  2.02869E+00
  4.88281E-02  2.02707E+00
  5.27344E-02  2.02535E+00
  5.66406E-02  2.02352E+00
  6.05469E-02  2.02159E+00
  6.44531E-02  2.01956E+00
  6.83594E-02  2.01743E+00
  7.22656E-02  2.01520E+00
  7.61719E-02  2.01287E+00
  8.00781E-02  2.01044E+00
  8.39844E-02  2.00791E+00
  8.78906E-02  2.00529E+00
  9.17969E-02  2.00256E+00
  9.57031E-02  1.99975E+00
  9.96094E-02  1.99683E+00
  1.03516E-01  1.99382E+00
  1.07422E-01  1.99072E+00
  1.11328E-01  1.98752E+00
  1.15234E-01  1.98423E+00
  1.19141E-01  1.98084E+00
  1.23047E-01  1.97736E+00
  1.26953E-01  1.97379E+00
  1.30859E-01  1.97013E+00
  1.34766E-01  1.96637E+00
  1.38672E-01  1.96253E+00
  1.42578E-01  1.95859E+00
  1.46484E-01  1.95456E+00
  1.50391E-01  1.95045E+00
  1.54297E-01  1.94624E+00
  1.58203E-01  1.94195E+00
  1.62109E-01  1.93757E+00
  1.66016E-01  1.93310E+00
  1.69922E-01  1.92854E+00
  1.73828E-01  1.92389E+00
  1.77734E-01  1.91916E+00
  1.81641E-01  1.91434E+00
  1.85547E-01  1.90943E+00
  1.89453E-01  1.90444E+00
  1.93359E-01  1.89936E+00
  1.97266E-01  1.89420E+00
  2.01172E-01  1.88895E+00
  2.05078E-01  1.88362E+00
  2.08984E-01  1.87820E+00
  2.12891E-01  1.87270E+00
  2.16797E-01  1.86712E+00
  2.20703E-01  1.86145E+00
  2.24609E-01  1.85570E+00
  2.28516E-01  1.84987E+00
  2.32422E-01  1.84396E+00
  2.36328E-01  1.83796E+00
  2.40234E-01  1.83188E+00
  2.44141E-01  1.82573E+00
  2.48047E-01  1.81949E+00
  2.51953E-01  1.81317E+00
  2.55859E-01  1.80678E+00
  2.59766E-01  1.80030E+00
  2.63672E-01  1.79375E+00
  2.67578E-01  1.78711E+00
  2.71484E-01  1.78040E+00
  2.75391E-01  1.77361E+00
  2.79297E-01  1.76675E+00
  2.83203E-01  1.75981E+00
  2.87109E-01  1.75279E+00
  2.91016E-01  1.74569E+00
  2.94922E-01  1.73852E+00
  2.98828E-01  1.73128E+00
  3.02734E-01  1.72396E+00
  3.06641E-01  1.71657E+00
  3.10547E-01  1.70911E+00
  3.14453E-01  1.70157E+00
  3.18359E-01  1.69396E+00
  3.22266E-01  1.68629E+00
  3.26172E-01  1.67854E+00
  3.30078E-01  1.67072E+00
  3.33984E-01  1.66283E+00
  3.37891E-01  1.65487E+00
  3.41797E-01  1.64685E+00
  3.45703E-01  1.63876E+00
  3.49609E-01  1.63060E+00
  3.53516E-01  1.62238E+00
  3.57422E-01  1.61409E+00
  3.61328E-01  1.60574E+00
  3.65234E-01  1.59734E+00
  3.69141E-01  1.58886E+00
  3.73047E-01  1.58033E+00
  3.76953E-01  1.57175E+00
  3.80859E-01  1.56310E+00
  3.84766E-01  1.55440E+00
  3.88672E-01  1.54564E+00
  3.92578E-01  1.53683E+00
  3.96484E-01  1.52796E+00
  4.00391E-01  1.51905E+00
  4.04297E-01  1.51008E+00
  4.08203E-01  1.50107E+00
  4.12109E-01  1.49201E+00
  4.16016E-01  1.48291E+00
  4.19922E-01  1.47376E+00
  4.23828E-01  1.46457E+00
  4.27734E-01  1.45534E+00
  4.31641E-01  1.44607E+00
  4.35547E-01  1.43677E+00
  4.39453E-01  1.42743E+00
  4.43359E-01  1.41806E+00
  4.47266E-01  1.40866E+00
  4.51172E-01  1.39924E+00
  4.55078E-01  1.38978E+00
  4.58984E-01  1.38031E+00
  4.62891E-01  1.37081E+00
  4.66797E-01  1.36130E+00
  4.70703E-01  1.35177E+00
  4.74609E-01  1.34223E+00
  4.78516E-01  1.33267E+00
  4.82422E-01  1.32311E+00
  4.86328E-01  1.31355E+00
  4.90234E-01  1.30398E+00
  4.94141E-01  1.29442E+00
  4.98047E-01  1.28486E+00
  5.01953E-01  1.27530E+00
  5.05859E-01  1.26575E+00
  5.09766E-01  1.25622E+00
  5.13672E-01  1.24671E+00
  5.17578E-01  1.23721E+00
  5.21484E-01  1.22773E+00
  5.25391E-01  1.21828E+00
  5.29297E-01  1.20886E+00
  5.33203E-01  1.19947E+00
  5.37109E-01  1.19012E+00
  5.41016E-01  1.18080E+00
  5.44922E-01  1.17152E+00
  5.48828E-01  1.16229E+00
  5.52734E-01  1.15310E+00
  5.56641E-01  1.14397E+00
  5.60547E-01  1.13489E+00
  5.64453E-01  1.12586E+00
  5.68359E-01  1.11689E+00
  5.72266E-01  1.10798E+00
  5.76172E-01  1.09914E+00
  5.80078E-01  1.09036E+00
  5.83984E-01  1.08165E+00
  5.87891E-01  1.07301E+00
  5.91797E-01  1.06444E+00
  5.95703E-01  1.05594E+00
  5.99609E-01  1.04752E+00
  6.03516E-01  1.03918E+00
  6.07422E-01  1.03092E+00
  6.11328E-01  1.02273E+00
  6.15234E-01  1.01462E+00
  6.19141E-01  1.00659E+00
  6.23047E-01  9.98639E-01
  6.26953E-01  9.90771E-01
  6.30859E-01  9.82988E-01
  6.34766E-01  9.75288E-01
  6.38672E-01  9.67670E-01
  6.42578E-01  9.60135E-01
  6.46484E-01  9.52684E-01
  6.50391E-01  9.45316E-01
  6.54297E-01  9.38032E-01
  6.58203E-01  9.30831E-01
  6.62109E-01  9.23713E-01
  6.66016E-01  9.16678E-01
  6.69922E-01  9.09725E-01
  6.73828E-01  9.02855E-01
  6.77734E-01  8.96068E-01
  6.81641E-01  8.89361E-01
  6.85547E-01  8.82734E-01
  6.89453E-01  8.76188E-01
  6.93359E-01  8.69721E-01
  6.97266E-01  8.63333E-01
  7.01172E-01  8.57024E-01
  7.05078E-01  8.50791E-01
  7.08984E-01  8.44632E-01
  7.12891E-01  8.38543E-01
  7.16797E-01  8.32525E-01
  7.20703E-01  8.26576E-01
  7.24609E-01  8.20698E-01
  7.28516E-01  8.14885E-01
  7.32422E-01  8.09139E-01
  7.36328E-01  8.03459E-01
  7.40234E-01  7.97846E-01
  7.44141E-01  7.92295E-01
  7.48047E-01  7.86808E-01
  7.51953E-01  7.81385E-01
  7.55859E-01  7.76021E-01
  7.59766E-01  7.70721E-01
  7.63672E-01  7.65479E-01
  7.67578E-01  7.60298E-01
  7.71484E-01  7.55176E-01
  7.75391E-01  7.50112E-01
  7.79297E-01  7.45106E-01
  7.83203E-01  7.40156E-01
  7.87109E-01  7.35264E-01
  7.91016E-01  7.30428E-01
  7.94922E-01  7.25647E-01
  7.98828E-01  7.20921E-01
  8.02734E-01  7.16251E-01
  8.06641E-01  7.11634E-01
  8.10547E-01  7.07073E-01
  8.14453E-01  7.02564E-01
  8.18359E-01  6.98111E-01
  8.22266E-01  6.93711E-01
  8.26172E-01  6.89363E-01
  8.30078E-01  6.85070E-01
  8.33984E-01  6.80830E-01
  8.37891E-01  6.76643E-01
  8.41797E-01  6.72511E-01
  8.45703E-01  6.68432E-01
  8.49609E-01  6.64407E-01
  8.53516E-01  6.60439E-01
  8.57422E-01  6.56525E-01
  8.61328E-01  6.52667E-01
  8.65234E-01  6.48867E-01
  8.69141E-01  6.45125E-01
  8.73047E-01  6.41443E-01
  8.76953E-01  6.37817E-01
  8.80859E-01  6.34247E-01
  8.84766E-01  6.30730E-01
  8.88672E-01  6.27267E-01
  8.92578E-01  6.23863E-01
  8.96484E-01  6.20517E-01
  9.00391E-01  6.17229E-01
  9.04297E-01  6.14002E-01
  9.08203E-01  6.10838E-01
  9.12109E-01  6.07737E-01
  9.16016E-01  6.04701E-01
  9.19922E-01  6.01735E-01
  9.23828E-01  5.98839E-01
  9.27734E-01  5.96015E-01
  9.31641E-01  5.93268E-01
  9.35547E-01  5.90600E-01
  9.39453E-01  5.88013E-01
  9.43359E-01  5.85514E-01
  9.47266E-01  5.83104E-01
  9.51172E-01  5.80791E-01
  9.55078E-01  5.78578E-01
  9.58984E-01  5.76472E-01
  9.62891E-01  5.74478E-01
  9.66797E-01  5.72605E-01
  9.70703E-01  5.70859E-01
  9.74609E-01  5.69250E-01
  9.78516E-01  5.67787E-01
  9.82422E-01  5.66482E-01
  9.86328E-01  5.65345E-01
  9.90234E-01  5.64392E-01
  9.94141E-01  5.63633E-01
  9.98047E-01  5.63089E-01
  1.00195E+00  5.63089E-01
