 -1.95312E-03  1.39956E+00
  1.95312E-03  1.39960E+00
  5.85938E-03  1.39909E+00
  9.76562E-03  1.39856E+00
  1.36719E-02  1.39795E+00
  1.75781E-02  1.39726E+00
  2.14844E-02  1.39647E+00
  2.53906E-02  1.39560E+00
  2.92969E-02  1.39464E+00
  3.32031E-02  1.39361E+00
  3.71094E-02  1.39249E+00
  4.10156E-02  1.39130E+00
  4.49219E-02  1.39003E+00
  4.88281E-02  1.38868E+00
  5.27344E-02  1.38727E+00
  5.66406E-02  1.38578E+00
  6.05469E-02  1.38423E+00
  6.44531E-02  1.38262E+00
  6.83594E-02  1.38094E+00
  7.22656E-02  1.37920E+00
  7.61719E-02  1.37740E+00
  8.00781E-02  1.37554E+00
  8.39844E-02  1.37363E+00
  8.78906E-02  1.37167E+00
  9.17969E-02  1.36965E+00
  9.57031E-02  1.36759E+00
  9.96094E-02  1.36548E+00
  1.03516E-01  1.36332E+00
  1.07422E-01  1.36112E+00
  1.11328E-01  1.35888E+00
  1.15234E-01  1.35659E+00
  1.19141E-01  1.35427E+00
  1.23047E-01  1.35191E+00
  1.26953E-01  1.34952E+00
  1.30859E-01  1.34709E+00
  1.34766E-01  1.34463E+00
  1.38672E-01  1.34214E+00
  1.42578E-01  1.33961E+00
  1.46484E-01  1.33707E+00
  1.50391E-01  1.33449E+00
  1.54297E-01  1.33189E+00
  1.58203E-01  1.32927E+00
  1.62109E-01  1.32663E+00
  1.66016E-01  1.32396E+00
  1.69922E-01  1.32128E+00
  1.73828E-01  1.31857E+00
  1.77734E-01  1.31585E+00
  1.81641E-01  1.31312E+00
  1.85547E-01  1.31037E+00
  1.89453E-01  1.30760E+00
  1.93359E-01  1.30482E+00
  1.97266E-01  1.30203E+00
  2.01172E-01  1.29923E+00
  2.05078E-01  1.29642E+00
  2.08984E-01  1.29360E+00
  2.12891E-01  1.29077E+00
  2.16797E-01  1.28794E+00
  2.20703E-01  1.28510E+00
  2.24609E-01  1.28225E+00
  2.28516E-01  1.27939E+00
  2.32422E-01  1.27654E+00
  2.36328E-01  1.27368E+00
  2.40234E-01  1.27081E+00
  2.44141E-01  1.26794E+00
  2.48047E-01  1.26508E+00
  2.51953E-01  1.26221E+00
  2.55859E-01  1.25934E+00
  2.59766E-01  1.25646E+00
  2.63672E-01  1.25359E+00
  2.67578E-01  1.25072E+00
  2.71484E-01  1.24785E+00
  2.75391E-01  1.24498E+00
  2.79297E-01  1.24212E+00
  2.83203E-01  1.23925E+00
  2.87109E-01  1.23639E+00
  2.91016E-01  1.23353E+00
  2.94922E-01  1.23068E+00
  2.98828E-01  1.22782E+00
  3.02734E-01  1.22497E+00
  3.06641E-01  1.22213E+00
  3.10547E-01  1.21929E+00
  3.14453E-01  1.21645E+00
  3.18359E-01  1.21362E+00
  3.22266E-01  1.21079E+00
  3.26172E-01  1.20797E+00
  3.30078E-01  1.20515E+00
  3.33984E-01  1.20234E+00
  3.37891E-01  1.19953E+00
  3.41797E-01  1.19673E+00
  3.45703E-01  1.19393E+00
  3.49609E-01  1.19114E+00
  3.53516E-01  1.18836E+00
  3.57422E-01  1.18558E+00
  3.61328E-01  1.18280E+00
  3.65234E-01  1.18004E+00
  3.69141E-01  1.17728E+00
  3.73047E-01  1.17452E+00
  3.76953E-01  1.17178E+00
  3.80859E-01  1.16904E+00
  3.84766E-01  1.16630E+00
  3.88672E-01  1.16358E+00
  3.92578E-01  1.16086E+00
  3.96484E-01  1.15814E+00
  4.00391E-01  1.15544E+00
  4.04297E-01  1.15274E+00
  4.08203E-01  1.15005E+00
  4.12109E-01  1.14736E+00
  4.16016E-01  1.14468E+00
  4.19922E-01  1.14201E+00
  4.23828E-01  1.13935E+00
  4.27734E-01  1.13669E+00
  4.31641E-01  1.13404E+00
  4.35547E-01  1.13140E+00
  4.39453E-01  1.12876E+00
  4.43359E-01  1.12613E+00
  4.47266E-01  1.12351E+00
  4.51172E-01  1.12089E+00
  4.55078E-01  1.11829E+00
  4.58984E-01  1.11568E+00
  4.62891E-01  1.11309E+00
  4.66797E-01  1.11050E+00
  4.70703E-01  1.10792E+00
  4.74609E-01  1.10535E+00
  4.78516E-01  1.10278E+00
  4.82422E-01  1.10022E+00
  4.86328E-01  1.09767E+00
  4.90234E-01  1.09512E+00
  4.94141E-01  1.09259E+00
  4.98047E-01  1.09006E+00
  5.01953E-01  1.08753E+00
  5.05859E-01  1.08502E+00
  5.09766E-01  1.08251E+00
  5.13672E-01  1.08001E+00
  5.17578E-01  1.07751E+00
  5.21484E-01  1.07503E+00
  5.25391E-01  1.07255E+00
  5.29297E-01  1.07007E+00
  5.33203E-01  1.06761E+00
  5.37109E-01  1.06515E+00
  5.41016E-01  1.06270E+00
  5.44922E-01  1.06026E+00
  5.48828E-01  1.05782E+00
  5.52734E-01  1.05539E+00
  5.56641E-01  1.05297E+00
  5.60547E-01  1.05055E+00
  5.64453E-01  1.04814E+00
  5.68359E-01  1.04574E+00
  5.72266E-01  1.04335E+00
  5.76172E-01  1.04096E+00
  5.80078E-01  1.03858E+00
  5.83984E-01  1.03620E+00
  5.87891E-01  1.03384E+00
  5.91797E-01  1.03148E+00
  5.95703E-01  1.02913E+00
  5.99609E-01  1.02678E+00
  6.03516E-01  1.02444E+00
  6.07422E-01  1.02211E+00
  6.11328E-01  1.01978E+00
  6.15234E-01  1.01746E+00
  6.19141E-01  1.01515E+00
  6.23047E-01  1.01285E+00
  6.26953E-01  1.01055E+00
  6.30859E-01  1.00826E+00
  6.34766E-01  1.00597E+00
  6.38672E-01  1.00369E+00
  6.42578E-01  1.00142E+00
  6.46484E-01  9.99158E-01
  6.50391E-01  9.96900E-01
  6.54297E-01  9.94648E-01
  6.58203E-01  9.92404E-01
  6.62109E-01  9.90165E-01
  6.66016E-01  9.87933E-01
  6.69922E-01  9.85708E-01
  6.73828E-01  9.83489E-01
  6.77734E-01  9.81277E-01
  6.81641E-01  9.79071E-01
  6.85547E-01  9.76871E-01
  6.89453E-01  9.74678E-01
  6.93359E-01  9.72491E-01
  6.97266E-01  9.70311E-01
  7.01172E-01  9.68136E-01
  7.05078E-01  9.65968E-01
  7.08984E-01  9.63806E-01
  7.12891E-01  9.61650E-01
  7.16797E-01  9.59501E-01
  7.20703E-01  9.57357E-01
  7.24609E-01  9.55220E-01
  7.28516E-01  9.53089E-01
  7.32422E-01  9.50965E-01
  7.36328E-01  9.48847E-01
  7.40234E-01  9.46735E-01
  7.44141E-01  9.44630E-01
  7.48047E-01  9.42530E-01
  7.51953E-01  9.40437E-01
  7.55859E-01  9.38350E-01
  7.59766E-01  9.36268E-01
  7.63672E-01  9.34193E-01
  7.67578E-01  9.32125E-01
  7.71484E-01  9.30062E-01
  7.75391E-01  9.28006E-01
  7.79297E-01  9.25956E-01
  7.83203E-01  9.23913E-01
  7.87109E-01  9.21875E-01
  7.91016E-01  9.19844E-01
  7.94922E-01  9.17820E-01
  7.98828E-01  9.15801E-01
  8.02734E-01  9.13789E-01
  8.06641E-01  9.11784E-01
  8.10547E-01  9.09785E-01
  8.14453E-01  9.07793E-01
  8.18359E-01  9.05808E-01
  8.22266E-01  9.03830E-01
  8.26172E-01  9.01859E-01
  8.30078E-01  8.99896E-01
  8.33984E-01  8.97940E-01
  8.37891E-01  8.95991E-01
  8.41797E-01  8.94051E-01
  8.45703E-01  8.92118E-01
  8.49609E-01  8.90194E-01
  8.53516E-01  8.88279E-01
  8.57422E-01  8.86374E-01
  8.61328E-01  8.84478E-01
  8.65234E-01  8.82592E-01
  8.69141E-01  8.80717E-01
  8.73047E-01  8.78853E-01
  8.76953E-01  8.77001E-01
  8.80859E-01  8.75162E-01
  8.84766E-01  8.73336E-01
  8.88672E-01  8.71524E-01
  8.92578E-01  8.69728E-01
  8.96484E-01  8.67948E-01
  9.00391E-01  8.66185E-01
  9.04297E-01  8.64441E-01
  9.08203E-01  8.62717E-01
  9.12109E-01  8.61013E-01
  9.16016E-01  8.59332E-01
  9.19922E-01  8.57675E-01
  9.23828E-01  8.56045E-01
  9.27734E-01  8.54443E-01
  9.31641E-01  8.52873E-01
  9.35547E-01  8.51335E-01
  9.39453E-01  8.49834E-01
  9.43359E-01  8.48372E-01
  9.47266E-01  8.46952E-01
  9.51172E-01  8.45578E-01
  9.55078E-01  8.44253E-01
  9.58984E-01  8.42982E-01
  9.62891E-01  8.41769E-01
  9.66797E-01  8.40617E-01
  9.70703E-01  8.39534E-01
  9.74609E-01  8.38523E-01
  9.78516E-01  8.37592E-01
  9.82422E-01  8.36746E-01
  9.86328E-01  8.35991E-01
  9.90234E-01  8.35335E-01
  9.94141E-01  8.34784E-01
  9.98047E-01  8.34333E-01
  1.00195E+00  8.34337E-01
