 -1.95312E-03  2.61813E+00
  1.95312E-03  2.61816E+00
  5.85938E-03  2.61766E+00
  9.76562E-03  2.61715E+00
  1.36719E-02  2.61657E+00
  1.75781E-02  2.61590E+00
  2.14844E-02  2.61515E+00
  2.53906E-02  2.61431E+00
  2.92969E-02  2.61339E+00
  3.32031E-02  2.61238E+00
  3.71094E-02  2.61130E+00
  4.10156E-02  2.61012E+00
  4.49219E-02  2.60887E+00
  4.88281E-02  2.60753E+00
  5.27344E-02  2.60611E+00
  5.66406E-02  2.60462E+00
  6.05469E-02  2.60303E+00
  6.44531E-02  2.60137E+00
  6.83594E-02  2.59963E+00
  7.22656E-02  2.59781E+00
  7.61719E-02  2.59590E+00
  8.00781E-02  2.59392E+00
  8.39844E-02  2.59186E+00
  8.78906E-02  2.58972E+00
  9.17969E-02  2.58750E+00
  9.57031E-02  2.58521E+00
  9.96094E-02  2.58283E+00
  1.03516E-01  2.58038E+00
  1.07422E-01  2.57785E+00
  1.11328E-01  2.57525E+00
  1.15234E-01  2.57257E+00
  1.19141E-01  2.56981E+00
  1.23047E-01  2.56698E+00
  1.26953E-01  2.56407E+00
  1.30859E-01  2.56109E+00
  1.34766E-01  2.55803E+00
  1.38672E-01  2.55490E+00
  1.42578E-01  2.55169E+00
  1.46484E-01  2.54841E+00
  1.50391E-01  2.54505E+00
  1.54297E-01  2.54162E+00
  1.58203E-01  2.53812E+00
  1.62109E-01  2.53454E+00
  1.66016E-01  2.53089E+00
  1.69922E-01  2.52716E+00
  1.73828E-01  2.52336E+00
  1.77734E-01  2.51949E+00
  1.81641E-01  2.51554E+00
  1.85547E-01  2.51152E+00
  1.89453E-01  2.50742E+00
  1.93359E-01  2.50326E+00
  1.97266E-01  2.49902E+00
  2.01172E-01  2.49470E+00
  2.05078E-01  2.49032E+00
  2.08984E-01  2.48586E+00
  2.12891E-01  2.48133E+00
  2.16797E-01  2.47673E+00
  2.20703E-01  2.47205E+00
  2.24609E-01  2.46730E+00
  2.28516E-01  2.46248E+00
  2.32422E-01  2.45758E+00
  2.36328E-01  2.45261E+00
  2.40234E-01  2.44757E+00
  2.44141E-01  2.44246E+00
  2.48047E-01  2.43727E+00
  2.51953E-01  2.43201E+00
  2.55859E-01  2.42667E+00
  2.59766E-01  2.42127E+00
  2.63672E-01  2.41578E+00
  2.67578E-01  2.41023E+00
  2.71484E-01  2.40460E+00
  2.75391E-01  2.39890E+00
  2.79297E-01  2.39313E+00
  2.83203E-01  2.38728E+00
  2.87109E-01  2.38135E+00
  2.91016E-01  2.37535E+00
  2.94922E-01  2.36928E+00
  2.98828E-01  2.36313E+00
  3.02734E-01  2.35690E+00
  3.06641E-01  2.35061E+00
  3.10547E-01  2.34423E+00
  3.14453E-01  2.33778E+00
  3.18359E-01  2.33126E+00
  3.22266E-01  2.32465E+00
  3.26172E-01  2.31798E+00
  3.30078E-01  2.31122E+00
  3.33984E-01  2.30439E+00
  3.37891E-01  2.29747E+00
  3.41797E-01  2.29048E+00
  3.45703E-01  2.28341E+00
  3.49609E-01  2.27626E+00
  3.53516E-01  2.26904E+00
  3.57422E-01  2.26173E+00
  3.61328E-01  2.25435E+00
  3.65234E-01  2.24688E+00
  3.69141E-01  2.23934E+00
  3.73047E-01  2.23171E+00
  3.76953E-01  2.22400E+00
  3.80859E-01  2.21620E+00
  3.84766E-01  2.20833E+00
  3.88672E-01  2.20036E+00
  3.92578E-01  2.19232E+00
  3.96484E-01  2.18418E+00
  4.00391E-01  2.17596E+00
  4.04297E-01  2.16766E+00
  4.08203E-01  2.15926E+00
  4.12109E-01  2.15078E+00
  4.16016E-01  2.14220E+00
  4.19922E-01  2.13354E+00
  4.23828E-01  2.12479E+00
  4.27734E-01  2.11595E+00
  4.31641E-01  2.10701E+00
  4.35547E-01  2.09798E+00
  4.39453E-01  2.08886E+00
  4.43359E-01  2.07964E+00
  4.47266E-01  2.07033E+00
  4.51172E-01  2.06092E+00
  4.55078E-01  2.05141E+00
  4.58984E-01  2.04180E+00
  4.62891E-01  2.03210E+00
  4.66797E-01  2.02229E+00
  4.70703E-01  2.01237E+00
  4.74609E-01  2.00235E+00
  4.78516E-01  1.99222E+00
  4.82422E-01  1.98199E+00
  4.86328E-01  1.97164E+00
  4.90234E-01  1.96119E+00
  4.94141E-01  1.95061E+00
  4.98047E-01  1.93993E+00
  5.01953E-01  1.92912E+00
  5.05859E-01  1.91820E+00
  5.09766E-01  1.90715E+00
  5.13672E-01  1.89598E+00
  5.17578E-01  1.88469E+00
  5.21484E-01  1.87326E+00
  5.25391E-01  1.86171E+00
  5.29297E-01  1.85003E+00
  5.33203E-01  1.83821E+00
  5.37109E-01  1.82625E+00
  5.41016E-01  1.81414E+00
  5.44922E-01  1.80190E+00
  5.48828E-01  1.78950E+00
  5.52734E-01  1.77695E+00
  5.56641E-01  1.76425E+00
  5.60547E-01  1.75138E+00
  5.64453E-01  1.73835E+00
  5.68359E-01  1.72516E+00
  5.72266E-01  1.71178E+00
  5.76172E-01  1.69823E+00
  5.80078E-01  1.68450E+00
  5.83984E-01  1.67057E+00
  5.87891E-01  1.65645E+00
  5.91797E-01  1.64212E+00
  5.95703E-01  1.62758E+00
  5.99609E-01  1.61283E+00
  6.03516E-01  1.59785E+00
  6.07422E-01  1.58263E+00
  6.11328E-01  1.56718E+00
  6.15234E-01  1.55147E+00
  6.19141E-01  1.53549E+00
  6.23047E-01  1.51924E+00
  6.26953E-01  1.50270E+00
  6.30859E-01  1.48585E+00
  6.34766E-01  1.46869E+00
  6.38672E-01  1.45120E+00
  6.42578E-01  1.43335E+00
  6.46484E-01  1.41513E+00
  6.50391E-01  1.39651E+00
  6.54297E-01  1.37748E+00
  6.58203E-01  1.35800E+00
  6.62109E-01  1.33805E+00
  6.66016E-01  1.31758E+00
  6.69922E-01  1.29656E+00
  6.73828E-01  1.27495E+00
  6.77734E-01  1.25270E+00
  6.81641E-01  1.22974E+00
  6.85547E-01  1.20601E+00
  6.89453E-01  1.18143E+00
  6.93359E-01  1.15591E+00
  6.97266E-01  1.12933E+00
  7.01172E-01  1.10156E+00
  7.05078E-01  1.07242E+00
  7.08984E-01  1.04169E+00
  7.12891E-01  1.00908E+00
  7.16797E-01  9.74120E-01
  7.20703E-01  9.35512E-01
  7.24609E-01  8.85287E-01
  7.28516E-01  7.73196E-01
  7.32422E-01  5.59482E-02
  7.36328E-01  5.32980E-02
  7.40234E-01  5.26927E-02
  7.44141E-01  5.19042E-02
  7.48047E-01  5.11519E-02
  7.51953E-01  5.03952E-02
  7.55859E-01  4.96656E-02
  7.59766E-01  4.89384E-02
  7.63672E-01  4.82409E-02
  7.67578E-01  4.75480E-02
  7.71484E-01  4.68797E-02
  7.75391E-01  4.62120E-02
  7.79297E-01  4.55693E-02
  7.83203E-01  4.49270E-02
  7.87109E-01  4.43071E-02
  7.91016E-01  4.36876E-02
  7.94922E-01  4.30890E-02
  7.98828E-01  4.24925E-02
  8.02734E-01  4.19176E-02
  8.06641E-01  4.13471E-02
  8.10547E-01  4.07935E-02
  8.14453E-01  4.02409E-02
  8.18359E-01  3.97082E-02
  8.22266E-01  3.91718E-02
  8.26172E-01  3.86614E-02
  8.30078E-01  3.81488E-02
  8.33984E-01  3.76525E-02
  8.37891E-01  3.71627E-02
  8.41797E-01  3.66877E-02
  8.45703E-01  3.62102E-02
  8.49609E-01  3.57501E-02
  8.53516E-01  3.52993E-02
  8.57422E-01  3.48528E-02
  8.61328E-01  3.44114E-02
  8.65234E-01  3.39786E-02
  8.69141E-01  3.35533E-02
  8.73047E-01  3.31352E-02
  8.76953E-01  3.27269E-02
  8.80859E-01  3.23236E-02
  8.84766E-01  3.19332E-02
  8.88672E-01  3.15506E-02
  8.92578E-01  3.11686E-02
  8.96484E-01  3.07912E-02
  9.00391E-01  3.04214E-02
  9.04297E-01  3.00594E-02
  9.08203E-01  2.97049E-02
  9.12109E-01  2.93555E-02
  9.16016E-01  2.90089E-02
  9.19922E-01  2.86738E-02
  9.23828E-01  2.83447E-02
  9.27734E-01  2.80188E-02
  9.31641E-01  2.76953E-02
  9.35547E-01  2.73768E-02
  9.39453E-01  2.70641E-02
  9.43359E-01  2.67619E-02
  9.47266E-01  2.64645E-02
  9.51172E-01  2.61695E-02
  9.55078E-01  2.58774E-02
  9.58984E-01  2.55902E-02
  9.62891E-01  2.53086E-02
  9.66797E-01  2.50346E-02
  9.70703E-01  2.47670E-02
  9.74609E-01  2.45054E-02
  9.78516E-01  2.42476E-02
  9.82422E-01  2.39928E-02
  9.86328E-01  2.37427E-02
  9.90234E-01  2.35014E-02
  9.94141E-01  2.33026E-02
  9.98047E-01  2.32139E-02
  1.00195E+00  2.32139E-02
