 -1.95312E-03  2.57461E+00
  1.95312E-03  2.57470E+00
  5.85938E-03  2.57420E+00
  9.76562E-03  2.57369E+00
  1.36719E-02  2.57310E+00
  1.75781E-02  2.57242E+00
  2.14844E-02  2.57166E+00
  2.53906E-02  2.57081E+00
  2.92969E-02  2.56987E+00
  3.32031E-02  2.56885E+00
  3.71094E-02  2.56774E+00
  4.10156E-02  2.56655E+00
  4.49219E-02  2.56527E+00
  4.88281E-02  2.56391E+00
  5.27344E-02  2.56246E+00
  5.66406E-02  2.56093E+00
  6.05469E-02  2.55932E+00
  6.44531E-02  2.55762E+00
  6.83594E-02  2.55585E+00
  7.22656E-02  2.55399E+00
  7.61719E-02  2.55204E+00
  8.00781E-02  2.55002E+00
  8.39844E-02  2.54792E+00
  8.78906E-02  2.54573E+00
  9.17969E-02  2.54346E+00
  9.57031E-02  2.54112E+00
  9.96094E-02  2.53870E+00
  1.03516E-01  2.53619E+00
  1.07422E-01  2.53361E+00
  1.11328E-01  2.53095E+00
  1.15234E-01  2.52821E+00
  1.19141E-01  2.52539E+00
  1.23047E-01  2.52249E+00
  1.26953E-01  2.51952E+00
  1.30859E-01  2.51647E+00
  1.34766E-01  2.51334E+00
  1.38672E-01  2.51014E+00
  1.42578E-01  2.50686E+00
  1.46484E-01  2.50350E+00
  1.50391E-01  2.50007E+00
  1.54297E-01  2.49656E+00
  1.58203E-01  2.49297E+00
  1.62109E-01  2.48931E+00
  1.66016E-01  2.48557E+00
  1.69922E-01  2.48175E+00
  1.73828E-01  2.47786E+00
  1.77734E-01  2.47390E+00
  1.81641E-01  2.46986E+00
  1.85547E-01  2.46574E+00
  1.89453E-01  2.46154E+00
  1.93359E-01  2.45727E+00
  1.97266E-01  2.45293E+00
  2.01172E-01  2.44851E+00
  2.05078E-01  2.44402E+00
  2.08984E-01  2.43945E+00
  2.12891E-01  2.43481E+00
  2.16797E-01  2.43009E+00
  2.20703E-01  2.42530E+00
  2.24609E-01  2.42043E+00
  2.28516E-01  2.41549E+00
  2.32422E-01  2.41047E+00
  2.36328E-01  2.40538E+00
  2.40234E-01  2.40021E+00
  2.44141E-01  2.39496E+00
  2.48047E-01  2.38964E+00
  2.51953E-01  2.38424E+00
  2.55859E-01  2.37877E+00
  2.59766E-01  2.37323E+00
  2.63672E-01  2.36760E+00
  2.67578E-01  2.36191E+00
  2.71484E-01  2.35613E+00
  2.75391E-01  2.35028E+00
  2.79297E-01  2.34435E+00
  2.83203E-01  2.33835E+00
  2.87109E-01  2.33226E+00
  2.91016E-01  2.32610E+00
  2.94922E-01  2.31987E+00
  2.98828E-01  2.31355E+00
  3.02734E-01  2.30716E+00
  3.06641E-01  2.30069E+00
  3.10547E-01  2.29414E+00
  3.14453E-01  2.28751E+00
  3.18359E-01  2.28081E+00
  3.22266E-01  2.27402E+00
  3.26172E-01  2.26716E+00
  3.30078E-01  2.26021E+00
  3.33984E-01  2.25318E+00
  3.37891E-01  2.24608E+00
  3.41797E-01  2.23889E+00
  3.45703E-01  2.23162E+00
  3.49609E-01  2.22427E+00
  3.53516E-01  2.21683E+00
  3.57422E-01  2.20932E+00
  3.61328E-01  2.20172E+00
  3.65234E-01  2.19403E+00
  3.69141E-01  2.18626E+00
  3.73047E-01  2.17841E+00
  3.76953E-01  2.17047E+00
  3.80859E-01  2.16244E+00
  3.84766E-01  2.15433E+00
  3.88672E-01  2.14612E+00
  3.92578E-01  2.13783E+00
  3.96484E-01  2.12945E+00
  4.00391E-01  2.12098E+00
  4.04297E-01  2.11241E+00
  4.08203E-01  2.10376E+00
  4.12109E-01  2.09501E+00
  4.16016E-01  2.08617E+00
  4.19922E-01  2.07723E+00
  4.23828E-01  2.06820E+00
  4.27734E-01  2.05908E+00
  4.31641E-01  2.04986E+00
  4.35547E-01  2.04054E+00
  4.39453E-01  2.03112E+00
  4.43359E-01  2.02160E+00
  4.47266E-01  2.01198E+00
  4.51172E-01  2.00225E+00
  4.55078E-01  1.99242E+00
  4.58984E-01  1.98249E+00
  4.62891E-01  1.97245E+00
  4.66797E-01  1.96230E+00
  4.70703E-01  1.95204E+00
  4.74609E-01  1.94166E+00
  4.78516E-01  1.93118E+00
  4.82422E-01  1.92057E+00
  4.86328E-01  1.90985E+00
  4.90234E-01  1.89901E+00
  4.94141E-01  1.88805E+00
  4.98047E-01  1.87697E+00
  5.01953E-01  1.86576E+00
  5.05859E-01  1.85443E+00
  5.09766E-01  1.84296E+00
  5.13672E-01  1.83137E+00
  5.17578E-01  1.81964E+00
  5.21484E-01  1.80777E+00
  5.25391E-01  1.79576E+00
  5.29297E-01  1.78361E+00
  5.33203E-01  1.77132E+00
  5.37109E-01  1.75887E+00
  5.41016E-01  1.74627E+00
  5.44922E-01  1.73352E+00
  5.48828E-01  1.72060E+00
  5.52734E-01  1.70752E+00
  5.56641E-01  1.69427E+00
  5.60547E-01  1.68084E+00
  5.64453E-01  1.66724E+00
  5.68359E-01  1.65345E+00
  5.72266E-01  1.63948E+00
  5.76172E-01  1.62531E+00
  5.80078E-01  1.61093E+00
  5.83984E-01  1.59635E+00
  5.87891E-01  1.58155E+00
  5.91797E-01  1.56653E+00
  5.95703E-01  1.55128E+00
  5.99609E-01  1.53579E+00
  6.03516E-01  1.52005E+00
  6.07422E-01  1.50405E+00
  6.11328E-01  1.48779E+00
  6.15234E-01  1.47124E+00
  6.19141E-01  1.45440E+00
  6.23047E-01  1.43725E+00
  6.26953E-01  1.41977E+00
  6.30859E-01  1.40196E+00
  6.34766E-01  1.38380E+00
  6.38672E-01  1.36526E+00
  6.42578E-01  1.34632E+00
  6.46484E-01  1.32695E+00
  6.50391E-01  1.30714E+00
  6.54297E-01  1.28685E+00
  6.58203E-01  1.26606E+00
  6.62109E-01  1.24471E+00
  6.66016E-01  1.22278E+00
  6.69922E-01  1.20021E+00
  6.73828E-01  1.17694E+00
  6.77734E-01  1.15291E+00
  6.81641E-01  1.12805E+00
  6.85547E-01  1.10225E+00
  6.89453E-01  1.07543E+00
  6.93359E-01  1.04743E+00
  6.97266E-01  1.01811E+00
  7.01172E-01  9.87268E-01
  7.05078E-01  9.54631E-01
  7.08984E-01  9.19842E-01
  7.12891E-01  8.82335E-01
  7.16797E-01  8.40851E-01
  7.20703E-01  7.90479E-01
  7.24609E-01  7.10168E-01
  7.28516E-01  4.96178E-01
  7.32422E-01  2.15373E-01
  7.36328E-01  1.80201E-01
  7.40234E-01  1.74929E-01
  7.44141E-01  1.72783E-01
  7.48047E-01  1.70368E-01
  7.51953E-01  1.67968E-01
  7.55859E-01  1.65630E-01
  7.59766E-01  1.63337E-01
  7.63672E-01  1.61093E-01
  7.67578E-01  1.58892E-01
  7.71484E-01  1.56737E-01
  7.75391E-01  1.54626E-01
  7.79297E-01  1.52557E-01
  7.83203E-01  1.50529E-01
  7.87109E-01  1.48541E-01
  7.91016E-01  1.46591E-01
  7.94922E-01  1.44680E-01
  7.98828E-01  1.42806E-01
  8.02734E-01  1.40967E-01
  8.06641E-01  1.39166E-01
  8.10547E-01  1.37397E-01
  8.14453E-01  1.35663E-01
  8.18359E-01  1.33959E-01
  8.22266E-01  1.32289E-01
  8.26172E-01  1.30649E-01
  8.30078E-01  1.29039E-01
  8.33984E-01  1.27463E-01
  8.37891E-01  1.25915E-01
  8.41797E-01  1.24391E-01
  8.45703E-01  1.22899E-01
  8.49609E-01  1.21436E-01
  8.53516E-01  1.19997E-01
  8.57422E-01  1.18585E-01
  8.61328E-01  1.17197E-01
  8.65234E-01  1.15835E-01
  8.69141E-01  1.14498E-01
  8.73047E-01  1.13185E-01
  8.76953E-01  1.11899E-01
  8.80859E-01  1.10634E-01
  8.84766E-01  1.09390E-01
  8.88672E-01  1.08171E-01
  8.92578E-01  1.06972E-01
  8.96484E-01  1.05797E-01
  9.00391E-01  1.04642E-01
  9.04297E-01  1.03509E-01
  9.08203E-01  1.02397E-01
  9.12109E-01  1.01304E-01
  9.16016E-01  1.00232E-01
  9.19922E-01  9.91805E-02
  9.23828E-01  9.81492E-02
  9.27734E-01  9.71362E-02
  9.31641E-01  9.61457E-02
  9.35547E-01  9.51708E-02
  9.39453E-01  9.42132E-02
  9.43359E-01  9.32797E-02
  9.47266E-01  9.23677E-02
  9.51172E-01  9.14751E-02
  9.55078E-01  9.06016E-02
  9.58984E-01  8.97461E-02
  9.62891E-01  8.89071E-02
  9.66797E-01  8.80901E-02
  9.70703E-01  8.72963E-02
  9.74609E-01  8.65325E-02
  9.78516E-01  8.57922E-02
  9.82422E-01  8.50785E-02
  9.86328E-01  8.43911E-02
  9.90234E-01  8.37356E-02
  9.94141E-01  8.31308E-02
  9.98047E-01  8.27415E-02
  1.00195E+00  8.27415E-02
