 -1.95312E-03  2.59255E+00
  1.95312E-03  2.59258E+00
  5.85938E-03  2.59209E+00
  9.76562E-03  2.59157E+00
  1.36719E-02  2.59098E+00
  1.75781E-02  2.59031E+00
  2.14844E-02  2.58955E+00
  2.53906E-02  2.58871E+00
  2.92969E-02  2.58778E+00
  3.32031E-02  2.58676E+00
  3.71094E-02  2.58566E+00
  4.10156E-02  2.58448E+00
  4.49219E-02  2.58321E+00
  4.88281E-02  2.58185E+00
  5.27344E-02  2.58042E+00
  5.66406E-02  2.57890E+00
  6.05469E-02  2.57730E+00
  6.44531E-02  2.57562E+00
  6.83594E-02  2.57385E+00
  7.22656E-02  2.57201E+00
  7.61719E-02  2.57008E+00
  8.00781E-02  2.56807E+00
  8.39844E-02  2.56598E+00
  8.78906E-02  2.56382E+00
  9.17969E-02  2.56157E+00
  9.57031E-02  2.55924E+00
  9.96094E-02  2.55684E+00
  1.03516E-01  2.55435E+00
  1.07422E-01  2.55179E+00
  1.11328E-01  2.54915E+00
  1.15234E-01  2.54644E+00
  1.19141E-01  2.54364E+00
  1.23047E-01  2.54077E+00
  1.26953E-01  2.53782E+00
  1.30859E-01  2.53480E+00
  1.34766E-01  2.53170E+00
  1.38672E-01  2.52852E+00
  1.42578E-01  2.52527E+00
  1.46484E-01  2.52194E+00
  1.50391E-01  2.51853E+00
  1.54297E-01  2.51505E+00
  1.58203E-01  2.51150E+00
  1.62109E-01  2.50787E+00
  1.66016E-01  2.50416E+00
  1.69922E-01  2.50038E+00
  1.73828E-01  2.49652E+00
  1.77734E-01  2.49259E+00
  1.81641E-01  2.48858E+00
  1.85547E-01  2.48450E+00
  1.89453E-01  2.48035E+00
  1.93359E-01  2.47612E+00
  1.97266E-01  2.47182E+00
  2.01172E-01  2.46744E+00
  2.05078E-01  2.46299E+00
  2.08984E-01  2.45847E+00
  2.12891E-01  2.45387E+00
  2.16797E-01  2.44920E+00
  2.20703E-01  2.44445E+00
  2.24609E-01  2.43963E+00
  2.28516E-01  2.43473E+00
  2.32422E-01  2.42976E+00
  2.36328E-01  2.42472E+00
  2.40234E-01  2.41960E+00
  2.44141E-01  2.41441E+00
  2.48047E-01  2.40914E+00
  2.51953E-01  2.40380E+00
  2.55859E-01  2.39839E+00
  2.59766E-01  2.39290E+00
  2.63672E-01  2.38734E+00
  2.67578E-01  2.38170E+00
  2.71484E-01  2.37599E+00
  2.75391E-01  2.37020E+00
  2.79297E-01  2.36433E+00
  2.83203E-01  2.35839E+00
  2.87109E-01  2.35237E+00
  2.91016E-01  2.34628E+00
  2.94922E-01  2.34011E+00
  2.98828E-01  2.33386E+00
  3.02734E-01  2.32754E+00
  3.06641E-01  2.32114E+00
  3.10547E-01  2.31467E+00
  3.14453E-01  2.30811E+00
  3.18359E-01  2.30148E+00
  3.22266E-01  2.29477E+00
  3.26172E-01  2.28798E+00
  3.30078E-01  2.28111E+00
  3.33984E-01  2.27417E+00
  3.37891E-01  2.26714E+00
  3.41797E-01  2.26003E+00
  3.45703E-01  2.25284E+00
  3.49609E-01  2.24557E+00
  3.53516E-01  2.23822E+00
  3.57422E-01  2.23079E+00
  3.61328E-01  2.22328E+00
  3.65234E-01  2.21569E+00
  3.69141E-01  2.20801E+00
  3.73047E-01  2.20025E+00
  3.76953E-01  2.19240E+00
  3.80859E-01  2.18447E+00
  3.84766E-01  2.17645E+00
  3.88672E-01  2.16834E+00
  3.92578E-01  2.16015E+00
  3.96484E-01  2.15187E+00
  4.00391E-01  2.14350E+00
  4.04297E-01  2.13504E+00
  4.08203E-01  2.12649E+00
  4.12109E-01  2.11785E+00
  4.16016E-01  2.10912E+00
  4.19922E-01  2.10029E+00
  4.23828E-01  2.09137E+00
  4.27734E-01  2.08236E+00
  4.31641E-01  2.07326E+00
  4.35547E-01  2.06405E+00
  4.39453E-01  2.05475E+00
  4.43359E-01  2.04536E+00
  4.47266E-01  2.03586E+00
  4.51172E-01  2.02626E+00
  4.55078E-01  2.01656E+00
  4.58984E-01  2.00676E+00
  4.62891E-01  1.99686E+00
  4.66797E-01  1.98684E+00
  4.70703E-01  1.97672E+00
  4.74609E-01  1.96649E+00
  4.78516E-01  1.95615E+00
  4.82422E-01  1.94569E+00
  4.86328E-01  1.93513E+00
  4.90234E-01  1.92444E+00
  4.94141E-01  1.91364E+00
  4.98047E-01  1.90271E+00
  5.01953E-01  1.89167E+00
  5.05859E-01  1.88050E+00
  5.09766E-01  1.86920E+00
  5.13672E-01  1.85778E+00
  5.17578E-01  1.84622E+00
  5.21484E-01  1.83453E+00
  5.25391E-01  1.82271E+00
  5.29297E-01  1.81074E+00
  5.33203E-01  1.79864E+00
  5.37109E-01  1.78639E+00
  5.41016E-01  1.77399E+00
  5.44922E-01  1.76143E+00
  5.48828E-01  1.74873E+00
  5.52734E-01  1.73586E+00
  5.56641E-01  1.72282E+00
  5.60547E-01  1.70962E+00
  5.64453E-01  1.69625E+00
  5.68359E-01  1.68270E+00
  5.72266E-01  1.66897E+00
  5.76172E-01  1.65504E+00
  5.80078E-01  1.64092E+00
  5.83984E-01  1.62660E+00
  5.87891E-01  1.61208E+00
  5.91797E-01  1.59733E+00
  5.95703E-01  1.58237E+00
  5.99609E-01  1.56717E+00
  6.03516E-01  1.55174E+00
  6.07422E-01  1.53605E+00
  6.11328E-01  1.52010E+00
  6.15234E-01  1.50389E+00
  6.19141E-01  1.48739E+00
  6.23047E-01  1.47059E+00
  6.26953E-01  1.45349E+00
  6.30859E-01  1.43606E+00
  6.34766E-01  1.41829E+00
  6.38672E-01  1.40016E+00
  6.42578E-01  1.38166E+00
  6.46484E-01  1.36274E+00
  6.50391E-01  1.34340E+00
  6.54297E-01  1.32360E+00
  6.58203E-01  1.30333E+00
  6.62109E-01  1.28252E+00
  6.66016E-01  1.26116E+00
  6.69922E-01  1.23919E+00
  6.73828E-01  1.21656E+00
  6.77734E-01  1.19322E+00
  6.81641E-01  1.16909E+00
  6.85547E-01  1.14409E+00
  6.89453E-01  1.11813E+00
  6.93359E-01  1.09108E+00
  6.97266E-01  1.06281E+00
  7.01172E-01  1.03312E+00
  7.05078E-01  1.00180E+00
  7.08984E-01  9.68532E-01
  7.12891E-01  9.32862E-01
  7.16797E-01  8.93862E-01
  7.20703E-01  8.47754E-01
  7.24609E-01  7.74051E-01
  7.28516E-01  5.35819E-01
  7.32422E-01  1.47894E-01
  7.36328E-01  1.29776E-01
  7.40234E-01  1.27744E-01
  7.44141E-01  1.26016E-01
  7.48047E-01  1.24208E-01
  7.51953E-01  1.22461E-01
  7.55859E-01  1.20733E-01
  7.59766E-01  1.19046E-01
  7.63672E-01  1.17389E-01
  7.67578E-01  1.15765E-01
  7.71484E-01  1.14177E-01
  7.75391E-01  1.12617E-01
  7.79297E-01  1.11092E-01
  7.83203E-01  1.09593E-01
  7.87109E-01  1.08123E-01
  7.91016E-01  1.06680E-01
  7.94922E-01  1.05267E-01
  7.98828E-01  1.03879E-01
  8.02734E-01  1.02519E-01
  8.06641E-01  1.01184E-01
  8.10547E-01  9.98756E-02
  8.14453E-01  9.85902E-02
  8.18359E-01  9.73291E-02
  8.22266E-01  9.60909E-02
  8.26172E-01  9.48727E-02
  8.30078E-01  9.36852E-02
  8.33984E-01  9.25195E-02
  8.37891E-01  9.13709E-02
  8.41797E-01  9.02378E-02
  8.45703E-01  8.91254E-02
  8.49609E-01  8.80342E-02
  8.53516E-01  8.69669E-02
  8.57422E-01  8.59214E-02
  8.61328E-01  8.48964E-02
  8.65234E-01  8.38878E-02
  8.69141E-01  8.28932E-02
  8.73047E-01  8.19155E-02
  8.76953E-01  8.09530E-02
  8.80859E-01  8.00099E-02
  8.84766E-01  7.90847E-02
  8.88672E-01  7.81791E-02
  8.92578E-01  7.72895E-02
  8.96484E-01  7.64178E-02
  9.00391E-01  7.55587E-02
  9.04297E-01  7.47127E-02
  9.08203E-01  7.38806E-02
  9.12109E-01  7.30635E-02
  9.16016E-01  7.22613E-02
  9.19922E-01  7.14747E-02
  9.23828E-01  7.07028E-02
  9.27734E-01  6.99464E-02
  9.31641E-01  6.92064E-02
  9.35547E-01  6.84791E-02
  9.39453E-01  6.77648E-02
  9.43359E-01  6.70619E-02
  9.47266E-01  6.63738E-02
  9.51172E-01  6.56968E-02
  9.55078E-01  6.50345E-02
  9.58984E-01  6.43885E-02
  9.62891E-01  6.37548E-02
  9.66797E-01  6.31367E-02
  9.70703E-01  6.25342E-02
  9.74609E-01  6.19454E-02
  9.78516E-01  6.13700E-02
  9.82422E-01  6.08124E-02
  9.86328E-01  6.02711E-02
  9.90234E-01  5.97542E-02
  9.94141E-01  5.92716E-02
  9.98047E-01  5.90175E-02
  1.00195E+00  5.90175E-02
