 -1.95312E-03  2.61690E+00
  1.95312E-03  2.61693E+00
  5.85938E-03  2.61643E+00
  9.76562E-03  2.61592E+00
  1.36719E-02  2.61534E+00
  1.75781E-02  2.61467E+00
  2.14844E-02  2.61392E+00
  2.53906E-02  2.61308E+00
  2.92969E-02  2.61216E+00
  3.32031E-02  2.61115E+00
  3.71094E-02  2.61006E+00
  4.10156E-02  2.60889E+00
  4.49219E-02  2.60764E+00
  4.88281E-02  2.60630E+00
  5.27344E-02  2.60488E+00
  5.66406E-02  2.60338E+00
  6.05469E-02  2.60180E+00
  6.44531E-02  2.60013E+00
  6.83594E-02  2.59839E+00
  7.22656E-02  2.59656E+00
  7.61719E-02  2.59466E+00
  8.00781E-02  2.59268E+00
  8.39844E-02  2.59061E+00
  8.78906E-02  2.58847E+00
  9.17969E-02  2.58625E+00
  9.57031E-02  2.58396E+00
  9.96094E-02  2.58158E+00
  1.03516E-01  2.57913E+00
  1.07422E-01  2.57660E+00
  1.11328E-01  2.57399E+00
  1.15234E-01  2.57131E+00
  1.19141E-01  2.56856E+00
  1.23047E-01  2.56572E+00
  1.26953E-01  2.56281E+00
  1.30859E-01  2.55983E+00
  1.34766E-01  2.55677E+00
  1.38672E-01  2.55363E+00
  1.42578E-01  2.55042E+00
  1.46484E-01  2.54714E+00
  1.50391E-01  2.54378E+00
  1.54297E-01  2.54034E+00
  1.58203E-01  2.53684E+00
  1.62109E-01  2.53326E+00
  1.66016E-01  2.52960E+00
  1.69922E-01  2.52587E+00
  1.73828E-01  2.52207E+00
  1.77734E-01  2.51819E+00
  1.81641E-01  2.51424E+00
  1.85547E-01  2.51022E+00
  1.89453E-01  2.50612E+00
  1.93359E-01  2.50195E+00
  1.97266E-01  2.49771E+00
  2.01172E-01  2.49339E+00
  2.05078E-01  2.48900E+00
  2.08984E-01  2.48454E+00
  2.12891E-01  2.48000E+00
  2.16797E-01  2.47540E+00
  2.20703E-01  2.47071E+00
  2.24609E-01  2.46596E+00
  2.28516E-01  2.46113E+00
  2.32422E-01  2.45623E+00
  2.36328E-01  2.45126E+00
  2.40234E-01  2.44622E+00
  2.44141E-01  2.44110E+00
  2.48047E-01  2.43590E+00
  2.51953E-01  2.43064E+00
  2.55859E-01  2.42530E+00
  2.59766E-01  2.41989E+00
  2.63672E-01  2.41440E+00
  2.67578E-01  2.40885E+00
  2.71484E-01  2.40321E+00
  2.75391E-01  2.39751E+00
  2.79297E-01  2.39173E+00
  2.83203E-01  2.38587E+00
  2.87109E-01  2.37994E+00
  2.91016E-01  2.37393E+00
  2.94922E-01  2.36785E+00
  2.98828E-01  2.36170E+00
  3.02734E-01  2.35547E+00
  3.06641E-01  2.34917E+00
  3.10547E-01  2.34279E+00
  3.14453E-01  2.33633E+00
  3.18359E-01  2.32980E+00
  3.22266E-01  2.32319E+00
  3.26172E-01  2.31651E+00
  3.30078E-01  2.30974E+00
  3.33984E-01  2.30290E+00
  3.37891E-01  2.29598E+00
  3.41797E-01  2.28898E+00
  3.45703E-01  2.28190E+00
  3.49609E-01  2.27475E+00
  3.53516E-01  2.26751E+00
  3.57422E-01  2.26020E+00
  3.61328E-01  2.25281E+00
  3.65234E-01  2.24533E+00
  3.69141E-01  2.23778E+00
  3.73047E-01  2.23014E+00
  3.76953E-01  2.22242E+00
  3.80859E-01  2.21462E+00
  3.84766E-01  2.20673E+00
  3.88672E-01  2.19876E+00
  3.92578E-01  2.19070E+00
  3.96484E-01  2.18256E+00
  4.00391E-01  2.17433E+00
  4.04297E-01  2.16602E+00
  4.08203E-01  2.15761E+00
  4.12109E-01  2.14912E+00
  4.16016E-01  2.14053E+00
  4.19922E-01  2.13186E+00
  4.23828E-01  2.12310E+00
  4.27734E-01  2.11425E+00
  4.31641E-01  2.10530E+00
  4.35547E-01  2.09626E+00
  4.39453E-01  2.08713E+00
  4.43359E-01  2.07790E+00
  4.47266E-01  2.06857E+00
  4.51172E-01  2.05915E+00
  4.55078E-01  2.04963E+00
  4.58984E-01  2.04001E+00
  4.62891E-01  2.03029E+00
  4.66797E-01  2.02046E+00
  4.70703E-01  2.01054E+00
  4.74609E-01  2.00050E+00
  4.78516E-01  1.99037E+00
  4.82422E-01  1.98012E+00
  4.86328E-01  1.96976E+00
  4.90234E-01  1.95929E+00
  4.94141E-01  1.94870E+00
  4.98047E-01  1.93800E+00
  5.01953E-01  1.92718E+00
  5.05859E-01  1.91624E+00
  5.09766E-01  1.90518E+00
  5.13672E-01  1.89400E+00
  5.17578E-01  1.88269E+00
  5.21484E-01  1.87125E+00
  5.25391E-01  1.85968E+00
  5.29297E-01  1.84798E+00
  5.33203E-01  1.83614E+00
  5.37109E-01  1.82416E+00
  5.41016E-01  1.81204E+00
  5.44922E-01  1.79977E+00
  5.48828E-01  1.78736E+00
  5.52734E-01  1.77479E+00
  5.56641E-01  1.76206E+00
  5.60547E-01  1.74918E+00
  5.64453E-01  1.73612E+00
  5.68359E-01  1.72290E+00
  5.72266E-01  1.70950E+00
  5.76172E-01  1.69593E+00
  5.80078E-01  1.68216E+00
  5.83984E-01  1.66821E+00
  5.87891E-01  1.65406E+00
  5.91797E-01  1.63971E+00
  5.95703E-01  1.62514E+00
  5.99609E-01  1.61036E+00
  6.03516E-01  1.59535E+00
  6.07422E-01  1.58011E+00
  6.11328E-01  1.56462E+00
  6.15234E-01  1.54887E+00
  6.19141E-01  1.53286E+00
  6.23047E-01  1.51658E+00
  6.26953E-01  1.50000E+00
  6.30859E-01  1.48311E+00
  6.34766E-01  1.46591E+00
  6.38672E-01  1.44838E+00
  6.42578E-01  1.43048E+00
  6.46484E-01  1.41222E+00
  6.50391E-01  1.39356E+00
  6.54297E-01  1.37448E+00
  6.58203E-01  1.35495E+00
  6.62109E-01  1.33494E+00
  6.66016E-01  1.31442E+00
  6.69922E-01  1.29334E+00
  6.73828E-01  1.27167E+00
  6.77734E-01  1.24934E+00
  6.81641E-01  1.22631E+00
  6.85547E-01  1.20250E+00
  6.89453E-01  1.17783E+00
  6.93359E-01  1.15220E+00
  6.97266E-01  1.12551E+00
  7.01172E-01  1.09761E+00
  7.05078E-01  1.06833E+00
  7.08984E-01  1.03743E+00
  7.12891E-01  1.00463E+00
  7.16797E-01  9.69429E-01
  7.20703E-01  9.30473E-01
  7.24609E-01  8.79410E-01
  7.28516E-01  7.65158E-01
  7.32422E-01  6.06668E-02
  7.36328E-01  5.74972E-02
  7.40234E-01  5.68470E-02
  7.44141E-01  5.60015E-02
  7.48047E-01  5.51859E-02
  7.51953E-01  5.43715E-02
  7.55859E-01  5.35886E-02
  7.59766E-01  5.28070E-02
  7.63672E-01  5.20550E-02
  7.67578E-01  5.13076E-02
  7.71484E-01  5.05870E-02
  7.75391E-01  4.98661E-02
  7.79297E-01  4.91699E-02
  7.83203E-01  4.84771E-02
  7.87109E-01  4.78102E-02
  7.91016E-01  4.71475E-02
  7.94922E-01  4.65070E-02
  7.98828E-01  4.58688E-02
  8.02734E-01  4.52508E-02
  8.06641E-01  4.46335E-02
  8.10547E-01  4.40371E-02
  8.14453E-01  4.34421E-02
  8.18359E-01  4.28665E-02
  8.22266E-01  4.22941E-02
  8.26172E-01  4.17385E-02
  8.30078E-01  4.11914E-02
  8.33984E-01  4.06566E-02
  8.37891E-01  4.01257E-02
  8.41797E-01  3.96134E-02
  8.45703E-01  3.90985E-02
  8.49609E-01  3.86035E-02
  8.53516E-01  3.81122E-02
  8.57422E-01  3.76324E-02
  8.61328E-01  3.71620E-02
  8.65234E-01  3.66990E-02
  8.69141E-01  3.62418E-02
  8.73047E-01  3.57908E-02
  8.76953E-01  3.53572E-02
  8.80859E-01  3.49245E-02
  8.84766E-01  3.44971E-02
  8.88672E-01  3.40791E-02
  8.92578E-01  3.36673E-02
  8.96484E-01  3.32617E-02
  9.00391E-01  3.28648E-02
  9.04297E-01  3.24749E-02
  9.08203E-01  3.20925E-02
  9.12109E-01  3.17232E-02
  9.16016E-01  3.13563E-02
  9.19922E-01  3.09928E-02
  9.23828E-01  3.06326E-02
  9.27734E-01  3.02821E-02
  9.31641E-01  2.99369E-02
  9.35547E-01  2.95994E-02
  9.39453E-01  2.92651E-02
  9.43359E-01  2.89347E-02
  9.47266E-01  2.86152E-02
  9.51172E-01  2.83011E-02
  9.55078E-01  2.79905E-02
  9.58984E-01  2.76832E-02
  9.62891E-01  2.73800E-02
  9.66797E-01  2.70824E-02
  9.70703E-01  2.67956E-02
  9.74609E-01  2.65144E-02
  9.78516E-01  2.62364E-02
  9.82422E-01  2.59619E-02
  9.86328E-01  2.56934E-02
  9.90234E-01  2.54338E-02
  9.94141E-01  2.52151E-02
  9.98047E-01  2.51236E-02
  1.00195E+00  2.51236E-02
