 -1.95312E-03  2.60794E+00
  1.95312E-03  2.60796E+00
  5.85938E-03  2.60746E+00
  9.76562E-03  2.60695E+00
  1.36719E-02  2.60636E+00
  1.75781E-02  2.60570E+00
  2.14844E-02  2.60494E+00
  2.53906E-02  2.60410E+00
  2.92969E-02  2.60318E+00
  3.32031E-02  2.60217E+00
  3.71094E-02  2.60108E+00
  4.10156E-02  2.59990E+00
  4.49219E-02  2.59864E+00
  4.88281E-02  2.59730E+00
  5.27344E-02  2.59587E+00
  5.66406E-02  2.59436E+00
  6.05469E-02  2.59277E+00
  6.44531E-02  2.59110E+00
  6.83594E-02  2.58935E+00
  7.22656E-02  2.58752E+00
  7.61719E-02  2.58561E+00
  8.00781E-02  2.58361E+00
  8.39844E-02  2.58154E+00
  8.78906E-02  2.57939E+00
  9.17969E-02  2.57716E+00
  9.57031E-02  2.57485E+00
  9.96094E-02  2.57247E+00
  1.03516E-01  2.57001E+00
  1.07422E-01  2.56747E+00
  1.11328E-01  2.56485E+00
  1.15234E-01  2.56216E+00
  1.19141E-01  2.55939E+00
  1.23047E-01  2.55654E+00
  1.26953E-01  2.55362E+00
  1.30859E-01  2.55062E+00
  1.34766E-01  2.54754E+00
  1.38672E-01  2.54439E+00
  1.42578E-01  2.54117E+00
  1.46484E-01  2.53787E+00
  1.50391E-01  2.53450E+00
  1.54297E-01  2.53105E+00
  1.58203E-01  2.52752E+00
  1.62109E-01  2.52392E+00
  1.66016E-01  2.52025E+00
  1.69922E-01  2.51650E+00
  1.73828E-01  2.51268E+00
  1.77734E-01  2.50879E+00
  1.81641E-01  2.50482E+00
  1.85547E-01  2.50078E+00
  1.89453E-01  2.49666E+00
  1.93359E-01  2.49247E+00
  1.97266E-01  2.48821E+00
  2.01172E-01  2.48387E+00
  2.05078E-01  2.47946E+00
  2.08984E-01  2.47498E+00
  2.12891E-01  2.47042E+00
  2.16797E-01  2.46579E+00
  2.20703E-01  2.46108E+00
  2.24609E-01  2.45631E+00
  2.28516E-01  2.45146E+00
  2.32422E-01  2.44653E+00
  2.36328E-01  2.44154E+00
  2.40234E-01  2.43647E+00
  2.44141E-01  2.43132E+00
  2.48047E-01  2.42610E+00
  2.51953E-01  2.42081E+00
  2.55859E-01  2.41545E+00
  2.59766E-01  2.41001E+00
  2.63672E-01  2.40450E+00
  2.67578E-01  2.39891E+00
  2.71484E-01  2.39325E+00
  2.75391E-01  2.38752E+00
  2.79297E-01  2.38170E+00
  2.83203E-01  2.37582E+00
  2.87109E-01  2.36985E+00
  2.91016E-01  2.36382E+00
  2.94922E-01  2.35771E+00
  2.98828E-01  2.35152E+00
  3.02734E-01  2.34526E+00
  3.06641E-01  2.33892E+00
  3.10547E-01  2.33250E+00
  3.14453E-01  2.32601E+00
  3.18359E-01  2.31944E+00
  3.22266E-01  2.31280E+00
  3.26172E-01  2.30608E+00
  3.30078E-01  2.29927E+00
  3.33984E-01  2.29239E+00
  3.37891E-01  2.28544E+00
  3.41797E-01  2.27840E+00
  3.45703E-01  2.27128E+00
  3.49609E-01  2.26409E+00
  3.53516E-01  2.25682E+00
  3.57422E-01  2.24946E+00
  3.61328E-01  2.24203E+00
  3.65234E-01  2.23451E+00
  3.69141E-01  2.22691E+00
  3.73047E-01  2.21923E+00
  3.76953E-01  2.21147E+00
  3.80859E-01  2.20362E+00
  3.84766E-01  2.19569E+00
  3.88672E-01  2.18767E+00
  3.92578E-01  2.17957E+00
  3.96484E-01  2.17138E+00
  4.00391E-01  2.16310E+00
  4.04297E-01  2.15474E+00
  4.08203E-01  2.14629E+00
  4.12109E-01  2.13774E+00
  4.16016E-01  2.12910E+00
  4.19922E-01  2.12038E+00
  4.23828E-01  2.11156E+00
  4.27734E-01  2.10265E+00
  4.31641E-01  2.09365E+00
  4.35547E-01  2.08456E+00
  4.39453E-01  2.07537E+00
  4.43359E-01  2.06608E+00
  4.47266E-01  2.05670E+00
  4.51172E-01  2.04721E+00
  4.55078E-01  2.03763E+00
  4.58984E-01  2.02795E+00
  4.62891E-01  2.01816E+00
  4.66797E-01  2.00827E+00
  4.70703E-01  1.99828E+00
  4.74609E-01  1.98817E+00
  4.78516E-01  1.97796E+00
  4.82422E-01  1.96764E+00
  4.86328E-01  1.95721E+00
  4.90234E-01  1.94666E+00
  4.94141E-01  1.93600E+00
  4.98047E-01  1.92522E+00
  5.01953E-01  1.91432E+00
  5.05859E-01  1.90329E+00
  5.09766E-01  1.89215E+00
  5.13672E-01  1.88088E+00
  5.17578E-01  1.86948E+00
  5.21484E-01  1.85795E+00
  5.25391E-01  1.84629E+00
  5.29297E-01  1.83450E+00
  5.33203E-01  1.82256E+00
  5.37109E-01  1.81049E+00
  5.41016E-01  1.79827E+00
  5.44922E-01  1.78590E+00
  5.48828E-01  1.77338E+00
  5.52734E-01  1.76070E+00
  5.56641E-01  1.74787E+00
  5.60547E-01  1.73487E+00
  5.64453E-01  1.72170E+00
  5.68359E-01  1.70836E+00
  5.72266E-01  1.69484E+00
  5.76172E-01  1.68113E+00
  5.80078E-01  1.66724E+00
  5.83984E-01  1.65315E+00
  5.87891E-01  1.63886E+00
  5.91797E-01  1.62436E+00
  5.95703E-01  1.60965E+00
  5.99609E-01  1.59471E+00
  6.03516E-01  1.57953E+00
  6.07422E-01  1.56412E+00
  6.11328E-01  1.54845E+00
  6.15234E-01  1.53252E+00
  6.19141E-01  1.51632E+00
  6.23047E-01  1.49983E+00
  6.26953E-01  1.48304E+00
  6.30859E-01  1.46593E+00
  6.34766E-01  1.44849E+00
  6.38672E-01  1.43070E+00
  6.42578E-01  1.41254E+00
  6.46484E-01  1.39399E+00
  6.50391E-01  1.37502E+00
  6.54297E-01  1.35561E+00
  6.58203E-01  1.33573E+00
  6.62109E-01  1.31533E+00
  6.66016E-01  1.29439E+00
  6.69922E-01  1.27286E+00
  6.73828E-01  1.25069E+00
  6.77734E-01  1.22781E+00
  6.81641E-01  1.20417E+00
  6.85547E-01  1.17969E+00
  6.89453E-01  1.15427E+00
  6.93359E-01  1.12780E+00
  6.97266E-01  1.10014E+00
  7.01172E-01  1.07113E+00
  7.05078E-01  1.04054E+00
  7.08984E-01  1.00808E+00
  7.12891E-01  9.73347E-01
  7.16797E-01  9.35596E-01
  7.20703E-01  8.92070E-01
  7.24609E-01  8.26398E-01
  7.28516E-01  6.72683E-01
  7.32422E-01  9.34069E-02
  7.36328E-01  8.55896E-02
  7.40234E-01  8.45790E-02
  7.44141E-01  8.33431E-02
  7.48047E-01  8.21491E-02
  7.51953E-01  8.09635E-02
  7.55859E-01  7.98055E-02
  7.59766E-01  7.86614E-02
  7.63672E-01  7.75521E-02
  7.67578E-01  7.64582E-02
  7.71484E-01  7.53983E-02
  7.75391E-01  7.43516E-02
  7.79297E-01  7.33270E-02
  7.83203E-01  7.23136E-02
  7.87109E-01  7.13286E-02
  7.91016E-01  7.03508E-02
  7.94922E-01  6.94025E-02
  7.98828E-01  6.84715E-02
  8.02734E-01  6.75562E-02
  8.06641E-01  6.66611E-02
  8.10547E-01  6.57774E-02
  8.14453E-01  6.49126E-02
  8.18359E-01  6.40599E-02
  8.22266E-01  6.32263E-02
  8.26172E-01  6.24085E-02
  8.30078E-01  6.16062E-02
  8.33984E-01  6.08184E-02
  8.37891E-01  6.00448E-02
  8.41797E-01  5.92858E-02
  8.45703E-01  5.85408E-02
  8.49609E-01  5.78101E-02
  8.53516E-01  5.70907E-02
  8.57422E-01  5.63868E-02
  8.61328E-01  5.56907E-02
  8.65234E-01  5.50089E-02
  8.69141E-01  5.43358E-02
  8.73047E-01  5.36784E-02
  8.76953E-01  5.30295E-02
  8.80859E-01  5.23933E-02
  8.84766E-01  5.17693E-02
  8.88672E-01  5.11557E-02
  8.92578E-01  5.05531E-02
  8.96484E-01  4.99620E-02
  9.00391E-01  4.93823E-02
  9.04297E-01  4.88144E-02
  9.08203E-01  4.82559E-02
  9.12109E-01  4.77074E-02
  9.16016E-01  4.71674E-02
  9.19922E-01  4.66351E-02
  9.23828E-01  4.61118E-02
  9.27734E-01  4.56000E-02
  9.31641E-01  4.50962E-02
  9.35547E-01  4.45992E-02
  9.39453E-01  4.41145E-02
  9.43359E-01  4.36367E-02
  9.47266E-01  4.31683E-02
  9.51172E-01  4.27079E-02
  9.55078E-01  4.22554E-02
  9.58984E-01  4.18118E-02
  9.62891E-01  4.13771E-02
  9.66797E-01  4.09501E-02
  9.70703E-01  4.05304E-02
  9.74609E-01  4.01225E-02
  9.78516E-01  3.97216E-02
  9.82422E-01  3.93308E-02
  9.86328E-01  3.89479E-02
  9.90234E-01  3.85787E-02
  9.94141E-01  3.82445E-02
  9.98047E-01  3.80842E-02
  1.00195E+00  3.80842E-02
