 -1.95312E-03  2.61554E+00
  1.95312E-03  2.61556E+00
  5.85938E-03  2.61506E+00
  9.76562E-03  2.61455E+00
  1.36719E-02  2.61397E+00
  1.75781E-02  2.61330E+00
  2.14844E-02  2.61255E+00
  2.53906E-02  2.61171E+00
  2.92969E-02  2.61079E+00
  3.32031E-02  2.60979E+00
  3.71094E-02  2.60870E+00
  4.10156E-02  2.60752E+00
  4.49219E-02  2.60627E+00
  4.88281E-02  2.60493E+00
  5.27344E-02  2.60351E+00
  5.66406E-02  2.60201E+00
  6.05469E-02  2.60042E+00
  6.44531E-02  2.59876E+00
  6.83594E-02  2.59701E+00
  7.22656E-02  2.59519E+00
  7.61719E-02  2.59328E+00
  8.00781E-02  2.59130E+00
  8.39844E-02  2.58923E+00
  8.78906E-02  2.58709E+00
  9.17969E-02  2.58487E+00
  9.57031E-02  2.58257E+00
  9.96094E-02  2.58019E+00
  1.03516E-01  2.57773E+00
  1.07422E-01  2.57520E+00
  1.11328E-01  2.57260E+00
  1.15234E-01  2.56991E+00
  1.19141E-01  2.56715E+00
  1.23047E-01  2.56431E+00
  1.26953E-01  2.56140E+00
  1.30859E-01  2.55841E+00
  1.34766E-01  2.55535E+00
  1.38672E-01  2.55221E+00
  1.42578E-01  2.54900E+00
  1.46484E-01  2.54572E+00
  1.50391E-01  2.54235E+00
  1.54297E-01  2.53892E+00
  1.58203E-01  2.53541E+00
  1.62109E-01  2.53182E+00
  1.66016E-01  2.52816E+00
  1.69922E-01  2.52443E+00
  1.73828E-01  2.52062E+00
  1.77734E-01  2.51675E+00
  1.81641E-01  2.51279E+00
  1.85547E-01  2.50877E+00
  1.89453E-01  2.50467E+00
  1.93359E-01  2.50049E+00
  1.97266E-01  2.49625E+00
  2.01172E-01  2.49193E+00
  2.05078E-01  2.48753E+00
  2.08984E-01  2.48307E+00
  2.12891E-01  2.47853E+00
  2.16797E-01  2.47392E+00
  2.20703E-01  2.46923E+00
  2.24609E-01  2.46447E+00
  2.28516E-01  2.45964E+00
  2.32422E-01  2.45474E+00
  2.36328E-01  2.44976E+00
  2.40234E-01  2.44471E+00
  2.44141E-01  2.43959E+00
  2.48047E-01  2.43439E+00
  2.51953E-01  2.42912E+00
  2.55859E-01  2.42378E+00
  2.59766E-01  2.41836E+00
  2.63672E-01  2.41287E+00
  2.67578E-01  2.40731E+00
  2.71484E-01  2.40167E+00
  2.75391E-01  2.39596E+00
  2.79297E-01  2.39017E+00
  2.83203E-01  2.38431E+00
  2.87109E-01  2.37837E+00
  2.91016E-01  2.37236E+00
  2.94922E-01  2.36627E+00
  2.98828E-01  2.36011E+00
  3.02734E-01  2.35388E+00
  3.06641E-01  2.34757E+00
  3.10547E-01  2.34118E+00
  3.14453E-01  2.33472E+00
  3.18359E-01  2.32818E+00
  3.22266E-01  2.32157E+00
  3.26172E-01  2.31487E+00
  3.30078E-01  2.30810E+00
  3.33984E-01  2.30125E+00
  3.37891E-01  2.29433E+00
  3.41797E-01  2.28732E+00
  3.45703E-01  2.28024E+00
  3.49609E-01  2.27307E+00
  3.53516E-01  2.26583E+00
  3.57422E-01  2.25851E+00
  3.61328E-01  2.25111E+00
  3.65234E-01  2.24363E+00
  3.69141E-01  2.23606E+00
  3.73047E-01  2.22842E+00
  3.76953E-01  2.22069E+00
  3.80859E-01  2.21288E+00
  3.84766E-01  2.20498E+00
  3.88672E-01  2.19700E+00
  3.92578E-01  2.18894E+00
  3.96484E-01  2.18079E+00
  4.00391E-01  2.17255E+00
  4.04297E-01  2.16422E+00
  4.08203E-01  2.15581E+00
  4.12109E-01  2.14730E+00
  4.16016E-01  2.13871E+00
  4.19922E-01  2.13002E+00
  4.23828E-01  2.12125E+00
  4.27734E-01  2.11238E+00
  4.31641E-01  2.10343E+00
  4.35547E-01  2.09437E+00
  4.39453E-01  2.08523E+00
  4.43359E-01  2.07599E+00
  4.47266E-01  2.06665E+00
  4.51172E-01  2.05722E+00
  4.55078E-01  2.04769E+00
  4.58984E-01  2.03806E+00
  4.62891E-01  2.02832E+00
  4.66797E-01  2.01849E+00
  4.70703E-01  2.00855E+00
  4.74609E-01  1.99850E+00
  4.78516E-01  1.98835E+00
  4.82422E-01  1.97809E+00
  4.86328E-01  1.96771E+00
  4.90234E-01  1.95723E+00
  4.94141E-01  1.94663E+00
  4.98047E-01  1.93591E+00
  5.01953E-01  1.92508E+00
  5.05859E-01  1.91413E+00
  5.09766E-01  1.90305E+00
  5.13672E-01  1.89185E+00
  5.17578E-01  1.88052E+00
  5.21484E-01  1.86906E+00
  5.25391E-01  1.85748E+00
  5.29297E-01  1.84576E+00
  5.33203E-01  1.83390E+00
  5.37109E-01  1.82190E+00
  5.41016E-01  1.80976E+00
  5.44922E-01  1.79747E+00
  5.48828E-01  1.78503E+00
  5.52734E-01  1.77244E+00
  5.56641E-01  1.75969E+00
  5.60547E-01  1.74678E+00
  5.64453E-01  1.73371E+00
  5.68359E-01  1.72046E+00
  5.72266E-01  1.70704E+00
  5.76172E-01  1.69344E+00
  5.80078E-01  1.67965E+00
  5.83984E-01  1.66567E+00
  5.87891E-01  1.65149E+00
  5.91797E-01  1.63711E+00
  5.95703E-01  1.62251E+00
  5.99609E-01  1.60770E+00
  6.03516E-01  1.59265E+00
  6.07422E-01  1.57738E+00
  6.11328E-01  1.56185E+00
  6.15234E-01  1.54607E+00
  6.19141E-01  1.53003E+00
  6.23047E-01  1.51370E+00
  6.26953E-01  1.49708E+00
  6.30859E-01  1.48016E+00
  6.34766E-01  1.46292E+00
  6.38672E-01  1.44533E+00
  6.42578E-01  1.42739E+00
  6.46484E-01  1.40908E+00
  6.50391E-01  1.39036E+00
  6.54297E-01  1.37122E+00
  6.58203E-01  1.35164E+00
  6.62109E-01  1.33156E+00
  6.66016E-01  1.31097E+00
  6.69922E-01  1.28982E+00
  6.73828E-01  1.26807E+00
  6.77734E-01  1.24567E+00
  6.81641E-01  1.22255E+00
  6.85547E-01  1.19864E+00
  6.89453E-01  1.17387E+00
  6.93359E-01  1.14813E+00
  6.97266E-01  1.12132E+00
  7.01172E-01  1.09329E+00
  7.05078E-01  1.06385E+00
  7.08984E-01  1.03278E+00
  7.12891E-01  9.99773E-01
  7.16797E-01  9.64312E-01
  7.20703E-01  9.24956E-01
  7.24609E-01  8.72889E-01
  7.28516E-01  7.56024E-01
  7.32422E-01  6.58245E-02
  7.36328E-01  6.20209E-02
  7.40234E-01  6.13173E-02
  7.44141E-01  6.04074E-02
  7.48047E-01  5.95334E-02
  7.51953E-01  5.86599E-02
  7.55859E-01  5.78189E-02
  7.59766E-01  5.69801E-02
  7.63672E-01  5.61700E-02
  7.67578E-01  5.53622E-02
  7.71484E-01  5.45831E-02
  7.75391E-01  5.38073E-02
  7.79297E-01  5.30587E-02
  7.83203E-01  5.23144E-02
  7.87109E-01  5.16002E-02
  7.91016E-01  5.08850E-02
  7.94922E-01  5.01913E-02
  7.98828E-01  4.95011E-02
  8.02734E-01  4.88332E-02
  8.06641E-01  4.81717E-02
  8.10547E-01  4.75304E-02
  8.14453E-01  4.68954E-02
  8.18359E-01  4.62766E-02
  8.22266E-01  4.56657E-02
  8.26172E-01  4.50701E-02
  8.30078E-01  4.44762E-02
  8.33984E-01  4.39013E-02
  8.37891E-01  4.33292E-02
  8.41797E-01  4.27714E-02
  8.45703E-01  4.22234E-02
  8.49609E-01  4.16864E-02
  8.53516E-01  4.11614E-02
  8.57422E-01  4.06422E-02
  8.61328E-01  4.01364E-02
  8.65234E-01  3.96379E-02
  8.69141E-01  3.91446E-02
  8.73047E-01  3.86640E-02
  8.76953E-01  3.81895E-02
  8.80859E-01  3.77233E-02
  8.84766E-01  3.72660E-02
  8.88672E-01  3.68191E-02
  8.92578E-01  3.63761E-02
  8.96484E-01  3.59368E-02
  9.00391E-01  3.55156E-02
  9.04297E-01  3.50986E-02
  9.08203E-01  3.46844E-02
  9.12109E-01  3.42792E-02
  9.16016E-01  3.38814E-02
  9.19922E-01  3.34889E-02
  9.23828E-01  3.31049E-02
  9.27734E-01  3.27274E-02
  9.31641E-01  3.23569E-02
  9.35547E-01  3.19942E-02
  9.39453E-01  3.16419E-02
  9.43359E-01  3.12905E-02
  9.47266E-01  3.09440E-02
  9.51172E-01  3.06012E-02
  9.55078E-01  3.02669E-02
  9.58984E-01  2.99389E-02
  9.62891E-01  2.96183E-02
  9.66797E-01  2.93012E-02
  9.70703E-01  2.89882E-02
  9.74609E-01  2.86851E-02
  9.78516E-01  2.83891E-02
  9.82422E-01  2.80983E-02
  9.86328E-01  2.78120E-02
  9.90234E-01  2.75340E-02
  9.94141E-01  2.72926E-02
  9.98047E-01  2.71806E-02
  1.00195E+00  2.71806E-02
