 -1.95312E-03  2.61784E+00
  1.95312E-03  2.61786E+00
  5.85938E-03  2.61737E+00
  9.76562E-03  2.61686E+00
  1.36719E-02  2.61627E+00
  1.75781E-02  2.61560E+00
  2.14844E-02  2.61485E+00
  2.53906E-02  2.61402E+00
  2.92969E-02  2.61309E+00
  3.32031E-02  2.61209E+00
  3.71094E-02  2.61100E+00
  4.10156E-02  2.60983E+00
  4.49219E-02  2.60858E+00
  4.88281E-02  2.60724E+00
  5.27344E-02  2.60582E+00
  5.66406E-02  2.60432E+00
  6.05469E-02  2.60274E+00
  6.44531E-02  2.60108E+00
  6.83594E-02  2.59934E+00
  7.22656E-02  2.59751E+00
  7.61719E-02  2.59561E+00
  8.00781E-02  2.59363E+00
  8.39844E-02  2.59156E+00
  8.78906E-02  2.58942E+00
  9.17969E-02  2.58721E+00
  9.57031E-02  2.58491E+00
  9.96094E-02  2.58253E+00
  1.03516E-01  2.58008E+00
  1.07422E-01  2.57756E+00
  1.11328E-01  2.57495E+00
  1.15234E-01  2.57227E+00
  1.19141E-01  2.56951E+00
  1.23047E-01  2.56668E+00
  1.26953E-01  2.56377E+00
  1.30859E-01  2.56079E+00
  1.34766E-01  2.55773E+00
  1.38672E-01  2.55459E+00
  1.42578E-01  2.55139E+00
  1.46484E-01  2.54810E+00
  1.50391E-01  2.54475E+00
  1.54297E-01  2.54131E+00
  1.58203E-01  2.53781E+00
  1.62109E-01  2.53423E+00
  1.66016E-01  2.53057E+00
  1.69922E-01  2.52685E+00
  1.73828E-01  2.52305E+00
  1.77734E-01  2.51917E+00
  1.81641E-01  2.51522E+00
  1.85547E-01  2.51120E+00
  1.89453E-01  2.50711E+00
  1.93359E-01  2.50294E+00
  1.97266E-01  2.49870E+00
  2.01172E-01  2.49439E+00
  2.05078E-01  2.49000E+00
  2.08984E-01  2.48554E+00
  2.12891E-01  2.48101E+00
  2.16797E-01  2.47640E+00
  2.20703E-01  2.47173E+00
  2.24609E-01  2.46697E+00
  2.28516E-01  2.46215E+00
  2.32422E-01  2.45725E+00
  2.36328E-01  2.45228E+00
  2.40234E-01  2.44724E+00
  2.44141E-01  2.44212E+00
  2.48047E-01  2.43693E+00
  2.51953E-01  2.43167E+00
  2.55859E-01  2.42634E+00
  2.59766E-01  2.42093E+00
  2.63672E-01  2.41545E+00
  2.67578E-01  2.40989E+00
  2.71484E-01  2.40427E+00
  2.75391E-01  2.39856E+00
  2.79297E-01  2.39278E+00
  2.83203E-01  2.38693E+00
  2.87109E-01  2.38100E+00
  2.91016E-01  2.37500E+00
  2.94922E-01  2.36893E+00
  2.98828E-01  2.36278E+00
  3.02734E-01  2.35655E+00
  3.06641E-01  2.35025E+00
  3.10547E-01  2.34388E+00
  3.14453E-01  2.33742E+00
  3.18359E-01  2.33090E+00
  3.22266E-01  2.32429E+00
  3.26172E-01  2.31762E+00
  3.30078E-01  2.31086E+00
  3.33984E-01  2.30402E+00
  3.37891E-01  2.29711E+00
  3.41797E-01  2.29011E+00
  3.45703E-01  2.28304E+00
  3.49609E-01  2.27589E+00
  3.53516E-01  2.26866E+00
  3.57422E-01  2.26136E+00
  3.61328E-01  2.25397E+00
  3.65234E-01  2.24650E+00
  3.69141E-01  2.23895E+00
  3.73047E-01  2.23132E+00
  3.76953E-01  2.22361E+00
  3.80859E-01  2.21581E+00
  3.84766E-01  2.20794E+00
  3.88672E-01  2.19997E+00
  3.92578E-01  2.19192E+00
  3.96484E-01  2.18379E+00
  4.00391E-01  2.17557E+00
  4.04297E-01  2.16726E+00
  4.08203E-01  2.15886E+00
  4.12109E-01  2.15038E+00
  4.16016E-01  2.14180E+00
  4.19922E-01  2.13314E+00
  4.23828E-01  2.12438E+00
  4.27734E-01  2.11554E+00
  4.31641E-01  2.10660E+00
  4.35547E-01  2.09757E+00
  4.39453E-01  2.08844E+00
  4.43359E-01  2.07922E+00
  4.47266E-01  2.06991E+00
  4.51172E-01  2.06049E+00
  4.55078E-01  2.05098E+00
  4.58984E-01  2.04137E+00
  4.62891E-01  2.03166E+00
  4.66797E-01  2.02185E+00
  4.70703E-01  2.01193E+00
  4.74609E-01  2.00190E+00
  4.78516E-01  1.99177E+00
  4.82422E-01  1.98154E+00
  4.86328E-01  1.97119E+00
  4.90234E-01  1.96072E+00
  4.94141E-01  1.95015E+00
  4.98047E-01  1.93946E+00
  5.01953E-01  1.92865E+00
  5.05859E-01  1.91772E+00
  5.09766E-01  1.90667E+00
  5.13672E-01  1.89550E+00
  5.17578E-01  1.88420E+00
  5.21484E-01  1.87277E+00
  5.25391E-01  1.86122E+00
  5.29297E-01  1.84953E+00
  5.33203E-01  1.83770E+00
  5.37109E-01  1.82574E+00
  5.41016E-01  1.81363E+00
  5.44922E-01  1.80138E+00
  5.48828E-01  1.78898E+00
  5.52734E-01  1.77642E+00
  5.56641E-01  1.76371E+00
  5.60547E-01  1.75084E+00
  5.64453E-01  1.73781E+00
  5.68359E-01  1.72460E+00
  5.72266E-01  1.71123E+00
  5.76172E-01  1.69767E+00
  5.80078E-01  1.68393E+00
  5.83984E-01  1.67000E+00
  5.87891E-01  1.65587E+00
  5.91797E-01  1.64153E+00
  5.95703E-01  1.62699E+00
  5.99609E-01  1.61223E+00
  6.03516E-01  1.59725E+00
  6.07422E-01  1.58202E+00
  6.11328E-01  1.56656E+00
  6.15234E-01  1.55084E+00
  6.19141E-01  1.53486E+00
  6.23047E-01  1.51860E+00
  6.26953E-01  1.50205E+00
  6.30859E-01  1.48519E+00
  6.34766E-01  1.46802E+00
  6.38672E-01  1.45052E+00
  6.42578E-01  1.43266E+00
  6.46484E-01  1.41443E+00
  6.50391E-01  1.39581E+00
  6.54297E-01  1.37676E+00
  6.58203E-01  1.35727E+00
  6.62109E-01  1.33730E+00
  6.66016E-01  1.31682E+00
  6.69922E-01  1.29579E+00
  6.73828E-01  1.27417E+00
  6.77734E-01  1.25190E+00
  6.81641E-01  1.22892E+00
  6.85547E-01  1.20518E+00
  6.89453E-01  1.18057E+00
  6.93359E-01  1.15503E+00
  6.97266E-01  1.12842E+00
  7.01172E-01  1.10062E+00
  7.05078E-01  1.07145E+00
  7.08984E-01  1.04068E+00
  7.12891E-01  1.00802E+00
  7.16797E-01  9.72999E-01
  7.20703E-01  9.34305E-01
  7.24609E-01  8.83881E-01
  7.28516E-01  7.71284E-01
  7.32422E-01  5.70884E-02
  7.36328E-01  5.43185E-02
  7.40234E-01  5.37037E-02
  7.44141E-01  5.29004E-02
  7.48047E-01  5.21283E-02
  7.51953E-01  5.13615E-02
  7.55859E-01  5.06228E-02
  7.59766E-01  4.98814E-02
  7.63672E-01  4.91668E-02
  7.67578E-01  4.84587E-02
  7.71484E-01  4.77777E-02
  7.75391E-01  4.70983E-02
  7.79297E-01  4.64430E-02
  7.83203E-01  4.57905E-02
  7.87109E-01  4.51614E-02
  7.91016E-01  4.45300E-02
  7.94922E-01  4.39211E-02
  7.98828E-01  4.33130E-02
  8.02734E-01  4.27258E-02
  8.06641E-01  4.21423E-02
  8.10547E-01  4.15803E-02
  8.14453E-01  4.10183E-02
  8.18359E-01  4.04748E-02
  8.22266E-01  3.99343E-02
  8.26172E-01  3.94090E-02
  8.30078E-01  3.88892E-02
  8.33984E-01  3.83826E-02
  8.37891E-01  3.78804E-02
  8.41797E-01  3.73946E-02
  8.45703E-01  3.69141E-02
  8.49609E-01  3.64458E-02
  8.53516E-01  3.59754E-02
  8.57422E-01  3.55275E-02
  8.61328E-01  3.50829E-02
  8.65234E-01  3.46409E-02
  8.69141E-01  3.42093E-02
  8.73047E-01  3.37830E-02
  8.76953E-01  3.33644E-02
  8.80859E-01  3.29537E-02
  8.84766E-01  3.25512E-02
  8.88672E-01  3.21558E-02
  8.92578E-01  3.17734E-02
  8.96484E-01  3.13957E-02
  9.00391E-01  3.10193E-02
  9.04297E-01  3.06474E-02
  9.08203E-01  3.02848E-02
  9.12109E-01  2.99293E-02
  9.16016E-01  2.95806E-02
  9.19922E-01  2.92358E-02
  9.23828E-01  2.88961E-02
  9.27734E-01  2.85668E-02
  9.31641E-01  2.82422E-02
  9.35547E-01  2.79205E-02
  9.39453E-01  2.76018E-02
  9.43359E-01  2.72883E-02
  9.47266E-01  2.69823E-02
  9.51172E-01  2.66853E-02
  9.55078E-01  2.63920E-02
  9.58984E-01  2.61015E-02
  9.62891E-01  2.58139E-02
  9.66797E-01  2.55319E-02
  9.70703E-01  2.52568E-02
  9.74609E-01  2.49881E-02
  9.78516E-01  2.47262E-02
  9.82422E-01  2.44701E-02
  9.86328E-01  2.42188E-02
  9.90234E-01  2.39742E-02
  9.94141E-01  2.37697E-02
  9.98047E-01  2.36765E-02
  1.00195E+00  2.36765E-02
