 -1.95312E-03  2.53002E+00
  1.95312E-03  2.53005E+00
  5.85938E-03  2.52954E+00
  9.76562E-03  2.52903E+00
  1.36719E-02  2.52843E+00
  1.75781E-02  2.52774E+00
  2.14844E-02  2.52697E+00
  2.53906E-02  2.52610E+00
  2.92969E-02  2.52515E+00
  3.32031E-02  2.52411E+00
  3.71094E-02  2.52298E+00
  4.10156E-02  2.52176E+00
  4.49219E-02  2.52046E+00
  4.88281E-02  2.51907E+00
  5.27344E-02  2.51760E+00
  5.66406E-02  2.51603E+00
  6.05469E-02  2.51439E+00
  6.44531E-02  2.51266E+00
  6.83594E-02  2.51084E+00
  7.22656E-02  2.50894E+00
  7.61719E-02  2.50695E+00
  8.00781E-02  2.50488E+00
  8.39844E-02  2.50273E+00
  8.78906E-02  2.50050E+00
  9.17969E-02  2.49818E+00
  9.57031E-02  2.49579E+00
  9.96094E-02  2.49331E+00
  1.03516E-01  2.49075E+00
  1.07422E-01  2.48810E+00
  1.11328E-01  2.48538E+00
  1.15234E-01  2.48258E+00
  1.19141E-01  2.47970E+00
  1.23047E-01  2.47673E+00
  1.26953E-01  2.47369E+00
  1.30859E-01  2.47057E+00
  1.34766E-01  2.46737E+00
  1.38672E-01  2.46409E+00
  1.42578E-01  2.46073E+00
  1.46484E-01  2.45729E+00
  1.50391E-01  2.45377E+00
  1.54297E-01  2.45018E+00
  1.58203E-01  2.44650E+00
  1.62109E-01  2.44275E+00
  1.66016E-01  2.43892E+00
  1.69922E-01  2.43502E+00
  1.73828E-01  2.43103E+00
  1.77734E-01  2.42697E+00
  1.81641E-01  2.42283E+00
  1.85547E-01  2.41861E+00
  1.89453E-01  2.41432E+00
  1.93359E-01  2.40994E+00
  1.97266E-01  2.40550E+00
  2.01172E-01  2.40097E+00
  2.05078E-01  2.39636E+00
  2.08984E-01  2.39168E+00
  2.12891E-01  2.38692E+00
  2.16797E-01  2.38209E+00
  2.20703E-01  2.37717E+00
  2.24609E-01  2.37218E+00
  2.28516E-01  2.36711E+00
  2.32422E-01  2.36197E+00
  2.36328E-01  2.35674E+00
  2.40234E-01  2.35144E+00
  2.44141E-01  2.34606E+00
  2.48047E-01  2.34060E+00
  2.51953E-01  2.33507E+00
  2.55859E-01  2.32945E+00
  2.59766E-01  2.32376E+00
  2.63672E-01  2.31799E+00
  2.67578E-01  2.31214E+00
  2.71484E-01  2.30621E+00
  2.75391E-01  2.30020E+00
  2.79297E-01  2.29412E+00
  2.83203E-01  2.28795E+00
  2.87109E-01  2.28170E+00
  2.91016E-01  2.27537E+00
  2.94922E-01  2.26897E+00
  2.98828E-01  2.26248E+00
  3.02734E-01  2.25591E+00
  3.06641E-01  2.24926E+00
  3.10547E-01  2.24253E+00
  3.14453E-01  2.23571E+00
  3.18359E-01  2.22882E+00
  3.22266E-01  2.22184E+00
  3.26172E-01  2.21477E+00
  3.30078E-01  2.20762E+00
  3.33984E-01  2.20040E+00
  3.37891E-01  2.19308E+00
  3.41797E-01  2.18568E+00
  3.45703E-01  2.17820E+00
  3.49609E-01  2.17063E+00
  3.53516E-01  2.16298E+00
  3.57422E-01  2.15524E+00
  3.61328E-01  2.14741E+00
  3.65234E-01  2.13949E+00
  3.69141E-01  2.13149E+00
  3.73047E-01  2.12339E+00
  3.76953E-01  2.11520E+00
  3.80859E-01  2.10693E+00
  3.84766E-01  2.09856E+00
  3.88672E-01  2.09009E+00
  3.92578E-01  2.08154E+00
  3.96484E-01  2.07289E+00
  4.00391E-01  2.06414E+00
  4.04297E-01  2.05530E+00
  4.08203E-01  2.04637E+00
  4.12109E-01  2.03734E+00
  4.16016E-01  2.02821E+00
  4.19922E-01  2.01898E+00
  4.23828E-01  2.00965E+00
  4.27734E-01  2.00022E+00
  4.31641E-01  1.99069E+00
  4.35547E-01  1.98106E+00
  4.39453E-01  1.97132E+00
  4.43359E-01  1.96147E+00
  4.47266E-01  1.95152E+00
  4.51172E-01  1.94146E+00
  4.55078E-01  1.93128E+00
  4.58984E-01  1.92100E+00
  4.62891E-01  1.91060E+00
  4.66797E-01  1.90008E+00
  4.70703E-01  1.88945E+00
  4.74609E-01  1.87869E+00
  4.78516E-01  1.86782E+00
  4.82422E-01  1.85682E+00
  4.86328E-01  1.84570E+00
  4.90234E-01  1.83446E+00
  4.94141E-01  1.82308E+00
  4.98047E-01  1.81158E+00
  5.01953E-01  1.79994E+00
  5.05859E-01  1.78817E+00
  5.09766E-01  1.77625E+00
  5.13672E-01  1.76420E+00
  5.17578E-01  1.75200E+00
  5.21484E-01  1.73966E+00
  5.25391E-01  1.72716E+00
  5.29297E-01  1.71451E+00
  5.33203E-01  1.70171E+00
  5.37109E-01  1.68874E+00
  5.41016E-01  1.67561E+00
  5.44922E-01  1.66231E+00
  5.48828E-01  1.64884E+00
  5.52734E-01  1.63519E+00
  5.56641E-01  1.62135E+00
  5.60547E-01  1.60733E+00
  5.64453E-01  1.59312E+00
  5.68359E-01  1.57871E+00
  5.72266E-01  1.56409E+00
  5.76172E-01  1.54926E+00
  5.80078E-01  1.53421E+00
  5.83984E-01  1.51894E+00
  5.87891E-01  1.50344E+00
  5.91797E-01  1.48769E+00
  5.95703E-01  1.47169E+00
  5.99609E-01  1.45544E+00
  6.03516E-01  1.43891E+00
  6.07422E-01  1.42211E+00
  6.11328E-01  1.40501E+00
  6.15234E-01  1.38760E+00
  6.19141E-01  1.36988E+00
  6.23047E-01  1.35182E+00
  6.26953E-01  1.33341E+00
  6.30859E-01  1.31463E+00
  6.34766E-01  1.29547E+00
  6.38672E-01  1.27589E+00
  6.42578E-01  1.25587E+00
  6.46484E-01  1.23540E+00
  6.50391E-01  1.21444E+00
  6.54297E-01  1.19297E+00
  6.58203E-01  1.17093E+00
  6.62109E-01  1.14829E+00
  6.66016E-01  1.12501E+00
  6.69922E-01  1.10103E+00
  6.73828E-01  1.07630E+00
  6.77734E-01  1.05074E+00
  6.81641E-01  1.02428E+00
  6.85547E-01  9.96812E-01
  6.89453E-01  9.68229E-01
  6.93359E-01  9.38391E-01
  6.97266E-01  9.07127E-01
  7.01172E-01  8.74225E-01
  7.05078E-01  8.39408E-01
  7.08984E-01  8.02307E-01
  7.12891E-01  7.62383E-01
  7.16797E-01  7.18730E-01
  7.20703E-01  6.69489E-01
  7.24609E-01  6.10676E-01
  7.28516E-01  5.36588E-01
  7.32422E-01  4.49085E-01
  7.36328E-01  3.68346E-01
  7.40234E-01  3.18626E-01
  7.44141E-01  2.94937E-01
  7.48047E-01  2.83641E-01
  7.51953E-01  2.77220E-01
  7.55859E-01  2.72465E-01
  7.59766E-01  2.68345E-01
  7.63672E-01  2.64523E-01
  7.67578E-01  2.60867E-01
  7.71484E-01  2.57324E-01
  7.75391E-01  2.53866E-01
  7.79297E-01  2.50454E-01
  7.83203E-01  2.47111E-01
  7.87109E-01  2.43855E-01
  7.91016E-01  2.40676E-01
  7.94922E-01  2.37571E-01
  7.98828E-01  2.34536E-01
  8.02734E-01  2.31567E-01
  8.06641E-01  2.28663E-01
  8.10547E-01  2.25821E-01
  8.14453E-01  2.23041E-01
  8.18359E-01  2.20317E-01
  8.22266E-01  2.17651E-01
  8.26172E-01  2.15038E-01
  8.30078E-01  2.12478E-01
  8.33984E-01  2.09968E-01
  8.37891E-01  2.07510E-01
  8.41797E-01  2.05098E-01
  8.45703E-01  2.02734E-01
  8.49609E-01  2.00418E-01
  8.53516E-01  1.98145E-01
  8.57422E-01  1.95915E-01
  8.61328E-01  1.93728E-01
  8.65234E-01  1.91584E-01
  8.69141E-01  1.89481E-01
  8.73047E-01  1.87420E-01
  8.76953E-01  1.85395E-01
  8.80859E-01  1.83411E-01
  8.84766E-01  1.81462E-01
  8.88672E-01  1.79553E-01
  8.92578E-01  1.77680E-01
  8.96484E-01  1.75843E-01
  9.00391E-01  1.74042E-01
  9.04297E-01  1.72275E-01
  9.08203E-01  1.70543E-01
  9.12109E-01  1.68844E-01
  9.16016E-01  1.67182E-01
  9.19922E-01  1.65553E-01
  9.23828E-01  1.63957E-01
  9.27734E-01  1.62394E-01
  9.31641E-01  1.60864E-01
  9.35547E-01  1.59370E-01
  9.39453E-01  1.57908E-01
  9.43359E-01  1.56478E-01
  9.47266E-01  1.55085E-01
  9.51172E-01  1.53726E-01
  9.55078E-01  1.52401E-01
  9.58984E-01  1.51116E-01
  9.62891E-01  1.49868E-01
  9.66797E-01  1.48662E-01
  9.70703E-01  1.47497E-01
  9.74609E-01  1.46382E-01
  9.78516E-01  1.45315E-01
  9.82422E-01  1.44309E-01
  9.86328E-01  1.43370E-01
  9.90234E-01  1.42517E-01
  9.94141E-01  1.41778E-01
  9.98047E-01  1.41251E-01
  1.00195E+00  1.41251E-01
