 -1.95312E-03  2.61361E+00
  1.95312E-03  2.61363E+00
  5.85938E-03  2.61313E+00
  9.76562E-03  2.61262E+00
  1.36719E-02  2.61204E+00
  1.75781E-02  2.61137E+00
  2.14844E-02  2.61062E+00
  2.53906E-02  2.60978E+00
  2.92969E-02  2.60886E+00
  3.32031E-02  2.60785E+00
  3.71094E-02  2.60676E+00
  4.10156E-02  2.60559E+00
  4.49219E-02  2.60433E+00
  4.88281E-02  2.60299E+00
  5.27344E-02  2.60157E+00
  5.66406E-02  2.60007E+00
  6.05469E-02  2.59848E+00
  6.44531E-02  2.59681E+00
  6.83594E-02  2.59507E+00
  7.22656E-02  2.59324E+00
  7.61719E-02  2.59133E+00
  8.00781E-02  2.58934E+00
  8.39844E-02  2.58728E+00
  8.78906E-02  2.58513E+00
  9.17969E-02  2.58291E+00
  9.57031E-02  2.58061E+00
  9.96094E-02  2.57823E+00
  1.03516E-01  2.57577E+00
  1.07422E-01  2.57324E+00
  1.11328E-01  2.57063E+00
  1.15234E-01  2.56794E+00
  1.19141E-01  2.56518E+00
  1.23047E-01  2.56234E+00
  1.26953E-01  2.55943E+00
  1.30859E-01  2.55644E+00
  1.34766E-01  2.55337E+00
  1.38672E-01  2.55023E+00
  1.42578E-01  2.54702E+00
  1.46484E-01  2.54373E+00
  1.50391E-01  2.54036E+00
  1.54297E-01  2.53692E+00
  1.58203E-01  2.53341E+00
  1.62109E-01  2.52982E+00
  1.66016E-01  2.52616E+00
  1.69922E-01  2.52242E+00
  1.73828E-01  2.51862E+00
  1.77734E-01  2.51473E+00
  1.81641E-01  2.51077E+00
  1.85547E-01  2.50674E+00
  1.89453E-01  2.50264E+00
  1.93359E-01  2.49846E+00
  1.97266E-01  2.49421E+00
  2.01172E-01  2.48989E+00
  2.05078E-01  2.48549E+00
  2.08984E-01  2.48102E+00
  2.12891E-01  2.47648E+00
  2.16797E-01  2.47186E+00
  2.20703E-01  2.46717E+00
  2.24609E-01  2.46241E+00
  2.28516E-01  2.45757E+00
  2.32422E-01  2.45266E+00
  2.36328E-01  2.44768E+00
  2.40234E-01  2.44263E+00
  2.44141E-01  2.43750E+00
  2.48047E-01  2.43229E+00
  2.51953E-01  2.42702E+00
  2.55859E-01  2.42167E+00
  2.59766E-01  2.41624E+00
  2.63672E-01  2.41075E+00
  2.67578E-01  2.40518E+00
  2.71484E-01  2.39953E+00
  2.75391E-01  2.39381E+00
  2.79297E-01  2.38802E+00
  2.83203E-01  2.38215E+00
  2.87109E-01  2.37620E+00
  2.91016E-01  2.37018E+00
  2.94922E-01  2.36409E+00
  2.98828E-01  2.35792E+00
  3.02734E-01  2.35168E+00
  3.06641E-01  2.34536E+00
  3.10547E-01  2.33897E+00
  3.14453E-01  2.33250E+00
  3.18359E-01  2.32596E+00
  3.22266E-01  2.31933E+00
  3.26172E-01  2.31263E+00
  3.30078E-01  2.30585E+00
  3.33984E-01  2.29899E+00
  3.37891E-01  2.29206E+00
  3.41797E-01  2.28504E+00
  3.45703E-01  2.27795E+00
  3.49609E-01  2.27078E+00
  3.53516E-01  2.26353E+00
  3.57422E-01  2.25619E+00
  3.61328E-01  2.24878E+00
  3.65234E-01  2.24129E+00
  3.69141E-01  2.23372E+00
  3.73047E-01  2.22606E+00
  3.76953E-01  2.21832E+00
  3.80859E-01  2.21050E+00
  3.84766E-01  2.20259E+00
  3.88672E-01  2.19460E+00
  3.92578E-01  2.18652E+00
  3.96484E-01  2.17836E+00
  4.00391E-01  2.17011E+00
  4.04297E-01  2.16177E+00
  4.08203E-01  2.15334E+00
  4.12109E-01  2.14482E+00
  4.16016E-01  2.13622E+00
  4.19922E-01  2.12752E+00
  4.23828E-01  2.11873E+00
  4.27734E-01  2.10985E+00
  4.31641E-01  2.10088E+00
  4.35547E-01  2.09181E+00
  4.39453E-01  2.08265E+00
  4.43359E-01  2.07340E+00
  4.47266E-01  2.06404E+00
  4.51172E-01  2.05459E+00
  4.55078E-01  2.04504E+00
  4.58984E-01  2.03540E+00
  4.62891E-01  2.02565E+00
  4.66797E-01  2.01579E+00
  4.70703E-01  2.00583E+00
  4.74609E-01  1.99577E+00
  4.78516E-01  1.98560E+00
  4.82422E-01  1.97531E+00
  4.86328E-01  1.96492E+00
  4.90234E-01  1.95441E+00
  4.94141E-01  1.94379E+00
  4.98047E-01  1.93306E+00
  5.01953E-01  1.92220E+00
  5.05859E-01  1.91122E+00
  5.09766E-01  1.90012E+00
  5.13672E-01  1.88889E+00
  5.17578E-01  1.87754E+00
  5.21484E-01  1.86606E+00
  5.25391E-01  1.85445E+00
  5.29297E-01  1.84270E+00
  5.33203E-01  1.83082E+00
  5.37109E-01  1.81879E+00
  5.41016E-01  1.80662E+00
  5.44922E-01  1.79431E+00
  5.48828E-01  1.78184E+00
  5.52734E-01  1.76922E+00
  5.56641E-01  1.75644E+00
  5.60547E-01  1.74350E+00
  5.64453E-01  1.73040E+00
  5.68359E-01  1.71712E+00
  5.72266E-01  1.70366E+00
  5.76172E-01  1.69002E+00
  5.80078E-01  1.67620E+00
  5.83984E-01  1.66218E+00
  5.87891E-01  1.64797E+00
  5.91797E-01  1.63354E+00
  5.95703E-01  1.61891E+00
  5.99609E-01  1.60405E+00
  6.03516E-01  1.58896E+00
  6.07422E-01  1.57364E+00
  6.11328E-01  1.55806E+00
  6.15234E-01  1.54223E+00
  6.19141E-01  1.52614E+00
  6.23047E-01  1.50976E+00
  6.26953E-01  1.49308E+00
  6.30859E-01  1.47610E+00
  6.34766E-01  1.45880E+00
  6.38672E-01  1.44115E+00
  6.42578E-01  1.42314E+00
  6.46484E-01  1.40476E+00
  6.50391E-01  1.38597E+00
  6.54297E-01  1.36675E+00
  6.58203E-01  1.34707E+00
  6.62109E-01  1.32691E+00
  6.66016E-01  1.30622E+00
  6.69922E-01  1.28498E+00
  6.73828E-01  1.26311E+00
  6.77734E-01  1.24059E+00
  6.81641E-01  1.21734E+00
  6.85547E-01  1.19330E+00
  6.89453E-01  1.16838E+00
  6.93359E-01  1.14247E+00
  6.97266E-01  1.11548E+00
  7.01172E-01  1.08723E+00
  7.05078E-01  1.05756E+00
  7.08984E-01  1.02622E+00
  7.12891E-01  9.92882E-01
  7.16797E-01  9.57017E-01
  7.20703E-01  9.17035E-01
  7.24609E-01  8.63334E-01
  7.28516E-01  7.42198E-01
  7.32422E-01  7.29568E-02
  7.36328E-01  6.81785E-02
  7.40234E-01  6.74036E-02
  7.44141E-01  6.64092E-02
  7.48047E-01  6.54463E-02
  7.51953E-01  6.44855E-02
  7.55859E-01  6.35647E-02
  7.59766E-01  6.26460E-02
  7.63672E-01  6.17633E-02
  7.67578E-01  6.08833E-02
  7.71484E-01  6.00302E-02
  7.75391E-01  5.91828E-02
  7.79297E-01  5.83639E-02
  7.83203E-01  5.75459E-02
  7.87109E-01  5.67528E-02
  7.91016E-01  5.59683E-02
  7.94922E-01  5.52095E-02
  7.98828E-01  5.44550E-02
  8.02734E-01  5.37250E-02
  8.06641E-01  5.30016E-02
  8.10547E-01  5.22942E-02
  8.14453E-01  5.16005E-02
  8.18359E-01  5.09243E-02
  8.22266E-01  5.02482E-02
  8.26172E-01  4.95923E-02
  8.30078E-01  4.89455E-02
  8.33984E-01  4.83124E-02
  8.37891E-01  4.76923E-02
  8.41797E-01  4.70824E-02
  8.45703E-01  4.64851E-02
  8.49609E-01  4.58957E-02
  8.53516E-01  4.53171E-02
  8.57422E-01  4.47490E-02
  8.61328E-01  4.41922E-02
  8.65234E-01  4.36438E-02
  8.69141E-01  4.31055E-02
  8.73047E-01  4.25762E-02
  8.76953E-01  4.20585E-02
  8.80859E-01  4.15505E-02
  8.84766E-01  4.10498E-02
  8.88672E-01  4.05577E-02
  8.92578E-01  4.00740E-02
  8.96484E-01  3.95982E-02
  9.00391E-01  3.91269E-02
  9.04297E-01  3.86691E-02
  9.08203E-01  3.82177E-02
  9.12109E-01  3.77724E-02
  9.16016E-01  3.73375E-02
  9.19922E-01  3.69107E-02
  9.23828E-01  3.64915E-02
  9.27734E-01  3.60744E-02
  9.31641E-01  3.56691E-02
  9.35547E-01  3.52753E-02
  9.39453E-01  3.48830E-02
  9.43359E-01  3.44959E-02
  9.47266E-01  3.41173E-02
  9.51172E-01  3.37456E-02
  9.55078E-01  3.33777E-02
  9.58984E-01  3.30202E-02
  9.62891E-01  3.26679E-02
  9.66797E-01  3.23212E-02
  9.70703E-01  3.19825E-02
  9.74609E-01  3.16552E-02
  9.78516E-01  3.13319E-02
  9.82422E-01  3.10134E-02
  9.86328E-01  3.07005E-02
  9.90234E-01  3.03969E-02
  9.94141E-01  3.01314E-02
  9.98047E-01  3.00117E-02
  1.00195E+00  3.00117E-02
