 -1.95312E-03  2.57834E+00
  1.95312E-03  2.57837E+00
  5.85938E-03  2.57787E+00
  9.76562E-03  2.57735E+00
  1.36719E-02  2.57676E+00
  1.75781E-02  2.57609E+00
  2.14844E-02  2.57533E+00
  2.53906E-02  2.57448E+00
  2.92969E-02  2.57354E+00
  3.32031E-02  2.57252E+00
  3.71094E-02  2.57142E+00
  4.10156E-02  2.57022E+00
  4.49219E-02  2.56895E+00
  4.88281E-02  2.56759E+00
  5.27344E-02  2.56614E+00
  5.66406E-02  2.56461E+00
  6.05469E-02  2.56300E+00
  6.44531E-02  2.56131E+00
  6.83594E-02  2.55953E+00
  7.22656E-02  2.55767E+00
  7.61719E-02  2.55573E+00
  8.00781E-02  2.55371E+00
  8.39844E-02  2.55161E+00
  8.78906E-02  2.54943E+00
  9.17969E-02  2.54717E+00
  9.57031E-02  2.54482E+00
  9.96094E-02  2.54240E+00
  1.03516E-01  2.53990E+00
  1.07422E-01  2.53732E+00
  1.11328E-01  2.53467E+00
  1.15234E-01  2.53193E+00
  1.19141E-01  2.52912E+00
  1.23047E-01  2.52623E+00
  1.26953E-01  2.52326E+00
  1.30859E-01  2.52021E+00
  1.34766E-01  2.51709E+00
  1.38672E-01  2.51389E+00
  1.42578E-01  2.51062E+00
  1.46484E-01  2.50727E+00
  1.50391E-01  2.50384E+00
  1.54297E-01  2.50033E+00
  1.58203E-01  2.49675E+00
  1.62109E-01  2.49310E+00
  1.66016E-01  2.48936E+00
  1.69922E-01  2.48556E+00
  1.73828E-01  2.48167E+00
  1.77734E-01  2.47772E+00
  1.81641E-01  2.47368E+00
  1.85547E-01  2.46957E+00
  1.89453E-01  2.46539E+00
  1.93359E-01  2.46113E+00
  1.97266E-01  2.45680E+00
  2.01172E-01  2.45239E+00
  2.05078E-01  2.44790E+00
  2.08984E-01  2.44334E+00
  2.12891E-01  2.43871E+00
  2.16797E-01  2.43400E+00
  2.20703E-01  2.42922E+00
  2.24609E-01  2.42436E+00
  2.28516E-01  2.41943E+00
  2.32422E-01  2.41442E+00
  2.36328E-01  2.40933E+00
  2.40234E-01  2.40417E+00
  2.44141E-01  2.39894E+00
  2.48047E-01  2.39363E+00
  2.51953E-01  2.38825E+00
  2.55859E-01  2.38279E+00
  2.59766E-01  2.37725E+00
  2.63672E-01  2.37164E+00
  2.67578E-01  2.36596E+00
  2.71484E-01  2.36019E+00
  2.75391E-01  2.35436E+00
  2.79297E-01  2.34844E+00
  2.83203E-01  2.34245E+00
  2.87109E-01  2.33638E+00
  2.91016E-01  2.33023E+00
  2.94922E-01  2.32401E+00
  2.98828E-01  2.31771E+00
  3.02734E-01  2.31133E+00
  3.06641E-01  2.30487E+00
  3.10547E-01  2.29834E+00
  3.14453E-01  2.29173E+00
  3.18359E-01  2.28504E+00
  3.22266E-01  2.27827E+00
  3.26172E-01  2.27142E+00
  3.30078E-01  2.26449E+00
  3.33984E-01  2.25748E+00
  3.37891E-01  2.25039E+00
  3.41797E-01  2.24322E+00
  3.45703E-01  2.23596E+00
  3.49609E-01  2.22863E+00
  3.53516E-01  2.22121E+00
  3.57422E-01  2.21371E+00
  3.61328E-01  2.20613E+00
  3.65234E-01  2.19846E+00
  3.69141E-01  2.19071E+00
  3.73047E-01  2.18287E+00
  3.76953E-01  2.17495E+00
  3.80859E-01  2.16694E+00
  3.84766E-01  2.15885E+00
  3.88672E-01  2.15066E+00
  3.92578E-01  2.14239E+00
  3.96484E-01  2.13403E+00
  4.00391E-01  2.12557E+00
  4.04297E-01  2.11703E+00
  4.08203E-01  2.10840E+00
  4.12109E-01  2.09967E+00
  4.16016E-01  2.09085E+00
  4.19922E-01  2.08194E+00
  4.23828E-01  2.07293E+00
  4.27734E-01  2.06382E+00
  4.31641E-01  2.05462E+00
  4.35547E-01  2.04533E+00
  4.39453E-01  2.03593E+00
  4.43359E-01  2.02644E+00
  4.47266E-01  2.01684E+00
  4.51172E-01  2.00714E+00
  4.55078E-01  1.99733E+00
  4.58984E-01  1.98743E+00
  4.62891E-01  1.97741E+00
  4.66797E-01  1.96729E+00
  4.70703E-01  1.95705E+00
  4.74609E-01  1.94671E+00
  4.78516E-01  1.93625E+00
  4.82422E-01  1.92568E+00
  4.86328E-01  1.91499E+00
  4.90234E-01  1.90418E+00
  4.94141E-01  1.89325E+00
  4.98047E-01  1.88220E+00
  5.01953E-01  1.87102E+00
  5.05859E-01  1.85972E+00
  5.09766E-01  1.84829E+00
  5.13672E-01  1.83673E+00
  5.17578E-01  1.82503E+00
  5.21484E-01  1.81320E+00
  5.25391E-01  1.80123E+00
  5.29297E-01  1.78912E+00
  5.33203E-01  1.77686E+00
  5.37109E-01  1.76445E+00
  5.41016E-01  1.75189E+00
  5.44922E-01  1.73918E+00
  5.48828E-01  1.72630E+00
  5.52734E-01  1.71326E+00
  5.56641E-01  1.70005E+00
  5.60547E-01  1.68667E+00
  5.64453E-01  1.67311E+00
  5.68359E-01  1.65937E+00
  5.72266E-01  1.64544E+00
  5.76172E-01  1.63132E+00
  5.80078E-01  1.61699E+00
  5.83984E-01  1.60246E+00
  5.87891E-01  1.58771E+00
  5.91797E-01  1.57275E+00
  5.95703E-01  1.55755E+00
  5.99609E-01  1.54212E+00
  6.03516E-01  1.52644E+00
  6.07422E-01  1.51050E+00
  6.11328E-01  1.49430E+00
  6.15234E-01  1.47782E+00
  6.19141E-01  1.46104E+00
  6.23047E-01  1.44396E+00
  6.26953E-01  1.42657E+00
  6.30859E-01  1.40883E+00
  6.34766E-01  1.39075E+00
  6.38672E-01  1.37229E+00
  6.42578E-01  1.35343E+00
  6.46484E-01  1.33416E+00
  6.50391E-01  1.31444E+00
  6.54297E-01  1.29426E+00
  6.58203E-01  1.27356E+00
  6.62109E-01  1.25233E+00
  6.66016E-01  1.23051E+00
  6.69922E-01  1.20806E+00
  6.73828E-01  1.18492E+00
  6.77734E-01  1.16103E+00
  6.81641E-01  1.13632E+00
  6.85547E-01  1.11069E+00
  6.89453E-01  1.08405E+00
  6.93359E-01  1.05626E+00
  6.97266E-01  1.02717E+00
  7.01172E-01  9.96572E-01
  7.05078E-01  9.64224E-01
  7.08984E-01  9.29771E-01
  7.12891E-01  8.92677E-01
  7.16797E-01  8.51752E-01
  7.20703E-01  8.02246E-01
  7.24609E-01  7.22621E-01
  7.28516E-01  4.98874E-01
  7.32422E-01  2.01026E-01
  7.36328E-01  1.69740E-01
  7.40234E-01  1.65353E-01
  7.44141E-01  1.63408E-01
  7.48047E-01  1.61126E-01
  7.51953E-01  1.58846E-01
  7.55859E-01  1.56638E-01
  7.59766E-01  1.54464E-01
  7.63672E-01  1.52337E-01
  7.67578E-01  1.50252E-01
  7.71484E-01  1.48211E-01
  7.75391E-01  1.46211E-01
  7.79297E-01  1.44250E-01
  7.83203E-01  1.42328E-01
  7.87109E-01  1.40444E-01
  7.91016E-01  1.38596E-01
  7.94922E-01  1.36784E-01
  7.98828E-01  1.35006E-01
  8.02734E-01  1.33263E-01
  8.06641E-01  1.31552E-01
  8.10547E-01  1.29876E-01
  8.14453E-01  1.28231E-01
  8.18359E-01  1.26617E-01
  8.22266E-01  1.25034E-01
  8.26172E-01  1.23478E-01
  8.30078E-01  1.21952E-01
  8.33984E-01  1.20453E-01
  8.37891E-01  1.18982E-01
  8.41797E-01  1.17541E-01
  8.45703E-01  1.16125E-01
  8.49609E-01  1.14734E-01
  8.53516E-01  1.13368E-01
  8.57422E-01  1.12026E-01
  8.61328E-01  1.10710E-01
  8.65234E-01  1.09418E-01
  8.69141E-01  1.08150E-01
  8.73047E-01  1.06905E-01
  8.76953E-01  1.05682E-01
  8.80859E-01  1.04479E-01
  8.84766E-01  1.03299E-01
  8.88672E-01  1.02141E-01
  8.92578E-01  1.01004E-01
  8.96484E-01  9.98881E-02
  9.00391E-01  9.87913E-02
  9.04297E-01  9.77141E-02
  9.08203E-01  9.66575E-02
  9.12109E-01  9.56174E-02
  9.16016E-01  9.46025E-02
  9.19922E-01  9.36066E-02
  9.23828E-01  9.26263E-02
  9.27734E-01  9.16614E-02
  9.31641E-01  9.07131E-02
  9.35547E-01  8.97839E-02
  9.39453E-01  8.88776E-02
  9.43359E-01  8.79922E-02
  9.47266E-01  8.71256E-02
  9.51172E-01  8.62761E-02
  9.55078E-01  8.54415E-02
  9.58984E-01  8.46237E-02
  9.62891E-01  8.38253E-02
  9.66797E-01  8.30472E-02
  9.70703E-01  8.22916E-02
  9.74609E-01  8.15602E-02
  9.78516E-01  8.08536E-02
  9.82422E-01  8.01686E-02
  9.86328E-01  7.95079E-02
  9.90234E-01  7.88768E-02
  9.94141E-01  7.82939E-02
  9.98047E-01  7.79357E-02
  1.00195E+00  7.79357E-02
