 -1.95312E-03  2.54922E+00
  1.95312E-03  2.54937E+00
  5.85938E-03  2.54886E+00
  9.76562E-03  2.54834E+00
  1.36719E-02  2.54775E+00
  1.75781E-02  2.54707E+00
  2.14844E-02  2.54630E+00
  2.53906E-02  2.54544E+00
  2.92969E-02  2.54450E+00
  3.32031E-02  2.54346E+00
  3.71094E-02  2.54234E+00
  4.10156E-02  2.54114E+00
  4.49219E-02  2.53985E+00
  4.88281E-02  2.53847E+00
  5.27344E-02  2.53700E+00
  5.66406E-02  2.53546E+00
  6.05469E-02  2.53382E+00
  6.44531E-02  2.53211E+00
  6.83594E-02  2.53031E+00
  7.22656E-02  2.52842E+00
  7.61719E-02  2.52646E+00
  8.00781E-02  2.52441E+00
  8.39844E-02  2.52228E+00
  8.78906E-02  2.52006E+00
  9.17969E-02  2.51777E+00
  9.57031E-02  2.51540E+00
  9.96094E-02  2.51294E+00
  1.03516E-01  2.51040E+00
  1.07422E-01  2.50779E+00
  1.11328E-01  2.50509E+00
  1.15234E-01  2.50232E+00
  1.19141E-01  2.49946E+00
  1.23047E-01  2.49653E+00
  1.26953E-01  2.49352E+00
  1.30859E-01  2.49043E+00
  1.34766E-01  2.48726E+00
  1.38672E-01  2.48401E+00
  1.42578E-01  2.48069E+00
  1.46484E-01  2.47728E+00
  1.50391E-01  2.47380E+00
  1.54297E-01  2.47025E+00
  1.58203E-01  2.46661E+00
  1.62109E-01  2.46290E+00
  1.66016E-01  2.45911E+00
  1.69922E-01  2.45524E+00
  1.73828E-01  2.45130E+00
  1.77734E-01  2.44728E+00
  1.81641E-01  2.44318E+00
  1.85547E-01  2.43901E+00
  1.89453E-01  2.43476E+00
  1.93359E-01  2.43044E+00
  1.97266E-01  2.42603E+00
  2.01172E-01  2.42156E+00
  2.05078E-01  2.41700E+00
  2.08984E-01  2.41237E+00
  2.12891E-01  2.40766E+00
  2.16797E-01  2.40288E+00
  2.20703E-01  2.39801E+00
  2.24609E-01  2.39308E+00
  2.28516E-01  2.38806E+00
  2.32422E-01  2.38297E+00
  2.36328E-01  2.37780E+00
  2.40234E-01  2.37256E+00
  2.44141E-01  2.36724E+00
  2.48047E-01  2.36184E+00
  2.51953E-01  2.35637E+00
  2.55859E-01  2.35082E+00
  2.59766E-01  2.34519E+00
  2.63672E-01  2.33948E+00
  2.67578E-01  2.33370E+00
  2.71484E-01  2.32784E+00
  2.75391E-01  2.32190E+00
  2.79297E-01  2.31588E+00
  2.83203E-01  2.30979E+00
  2.87109E-01  2.30361E+00
  2.91016E-01  2.29736E+00
  2.94922E-01  2.29103E+00
  2.98828E-01  2.28462E+00
  3.02734E-01  2.27813E+00
  3.06641E-01  2.27156E+00
  3.10547E-01  2.26490E+00
  3.14453E-01  2.25817E+00
  3.18359E-01  2.25136E+00
  3.22266E-01  2.24446E+00
  3.26172E-01  2.23749E+00
  3.30078E-01  2.23043E+00
  3.33984E-01  2.22328E+00
  3.37891E-01  2.21606E+00
  3.41797E-01  2.20875E+00
  3.45703E-01  2.20136E+00
  3.49609E-01  2.19389E+00
  3.53516E-01  2.18633E+00
  3.57422E-01  2.17868E+00
  3.61328E-01  2.17095E+00
  3.65234E-01  2.16314E+00
  3.69141E-01  2.15523E+00
  3.73047E-01  2.14724E+00
  3.76953E-01  2.13916E+00
  3.80859E-01  2.13099E+00
  3.84766E-01  2.12272E+00
  3.88672E-01  2.11437E+00
  3.92578E-01  2.10593E+00
  3.96484E-01  2.09739E+00
  4.00391E-01  2.08876E+00
  4.04297E-01  2.08004E+00
  4.08203E-01  2.07123E+00
  4.12109E-01  2.06232E+00
  4.16016E-01  2.05331E+00
  4.19922E-01  2.04421E+00
  4.23828E-01  2.03501E+00
  4.27734E-01  2.02572E+00
  4.31641E-01  2.01632E+00
  4.35547E-01  2.00682E+00
  4.39453E-01  1.99722E+00
  4.43359E-01  1.98752E+00
  4.47266E-01  1.97771E+00
  4.51172E-01  1.96780E+00
  4.55078E-01  1.95777E+00
  4.58984E-01  1.94764E+00
  4.62891E-01  1.93740E+00
  4.66797E-01  1.92704E+00
  4.70703E-01  1.91657E+00
  4.74609E-01  1.90598E+00
  4.78516E-01  1.89528E+00
  4.82422E-01  1.88446E+00
  4.86328E-01  1.87351E+00
  4.90234E-01  1.86244E+00
  4.94141E-01  1.85125E+00
  4.98047E-01  1.83993E+00
  5.01953E-01  1.82848E+00
  5.05859E-01  1.81690E+00
  5.09766E-01  1.80518E+00
  5.13672E-01  1.79333E+00
  5.17578E-01  1.78134E+00
  5.21484E-01  1.76920E+00
  5.25391E-01  1.75692E+00
  5.29297E-01  1.74449E+00
  5.33203E-01  1.73191E+00
  5.37109E-01  1.71917E+00
  5.41016E-01  1.70628E+00
  5.44922E-01  1.69322E+00
  5.48828E-01  1.67999E+00
  5.52734E-01  1.66659E+00
  5.56641E-01  1.65301E+00
  5.60547E-01  1.63926E+00
  5.64453E-01  1.62532E+00
  5.68359E-01  1.61118E+00
  5.72266E-01  1.59685E+00
  5.76172E-01  1.58231E+00
  5.80078E-01  1.56757E+00
  5.83984E-01  1.55261E+00
  5.87891E-01  1.53742E+00
  5.91797E-01  1.52200E+00
  5.95703E-01  1.50634E+00
  5.99609E-01  1.49043E+00
  6.03516E-01  1.47426E+00
  6.07422E-01  1.45783E+00
  6.11328E-01  1.44111E+00
  6.15234E-01  1.42409E+00
  6.19141E-01  1.40678E+00
  6.23047E-01  1.38914E+00
  6.26953E-01  1.37116E+00
  6.30859E-01  1.35283E+00
  6.34766E-01  1.33413E+00
  6.38672E-01  1.31504E+00
  6.42578E-01  1.29554E+00
  6.46484E-01  1.27560E+00
  6.50391E-01  1.25519E+00
  6.54297E-01  1.23428E+00
  6.58203E-01  1.21284E+00
  6.62109E-01  1.19083E+00
  6.66016E-01  1.16820E+00
  6.69922E-01  1.14491E+00
  6.73828E-01  1.12090E+00
  6.77734E-01  1.09610E+00
  6.81641E-01  1.07044E+00
  6.85547E-01  1.04382E+00
  6.89453E-01  1.01613E+00
  6.93359E-01  9.87240E-01
  6.97266E-01  9.56980E-01
  7.01172E-01  9.25145E-01
  7.05078E-01  8.91462E-01
  7.08984E-01  8.55558E-01
  7.12891E-01  8.16841E-01
  7.16797E-01  7.73997E-01
  7.20703E-01  7.22486E-01
  7.24609E-01  6.46642E-01
  7.28516E-01  5.23845E-01
  7.32422E-01  3.36476E-01
  7.36328E-01  2.64673E-01
  7.40234E-01  2.43567E-01
  7.44141E-01  2.36362E-01
  7.48047E-01  2.32866E-01
  7.51953E-01  2.29561E-01
  7.55859E-01  2.26331E-01
  7.59766E-01  2.23183E-01
  7.63672E-01  2.20110E-01
  7.67578E-01  2.17108E-01
  7.71484E-01  2.14173E-01
  7.75391E-01  2.11303E-01
  7.79297E-01  2.08494E-01
  7.83203E-01  2.05744E-01
  7.87109E-01  2.03055E-01
  7.91016E-01  2.00418E-01
  7.94922E-01  1.97840E-01
  7.98828E-01  1.95312E-01
  8.02734E-01  1.92837E-01
  8.06641E-01  1.90409E-01
  8.10547E-01  1.88033E-01
  8.14453E-01  1.85698E-01
  8.18359E-01  1.83414E-01
  8.22266E-01  1.81172E-01
  8.26172E-01  1.78973E-01
  8.30078E-01  1.76819E-01
  8.33984E-01  1.74705E-01
  8.37891E-01  1.72632E-01
  8.41797E-01  1.70597E-01
  8.45703E-01  1.68601E-01
  8.49609E-01  1.66642E-01
  8.53516E-01  1.64720E-01
  8.57422E-01  1.62834E-01
  8.61328E-01  1.60984E-01
  8.65234E-01  1.59169E-01
  8.69141E-01  1.57387E-01
  8.73047E-01  1.55638E-01
  8.76953E-01  1.53922E-01
  8.80859E-01  1.52237E-01
  8.84766E-01  1.50583E-01
  8.88672E-01  1.48960E-01
  8.92578E-01  1.47369E-01
  8.96484E-01  1.45808E-01
  9.00391E-01  1.44275E-01
  9.04297E-01  1.42771E-01
  9.08203E-01  1.41296E-01
  9.12109E-01  1.39850E-01
  9.16016E-01  1.38431E-01
  9.19922E-01  1.37039E-01
  9.23828E-01  1.35678E-01
  9.27734E-01  1.34342E-01
  9.31641E-01  1.33031E-01
  9.35547E-01  1.31752E-01
  9.39453E-01  1.30498E-01
  9.43359E-01  1.29271E-01
  9.47266E-01  1.28073E-01
  9.51172E-01  1.26900E-01
  9.55078E-01  1.25761E-01
  9.58984E-01  1.24648E-01
  9.62891E-01  1.23568E-01
  9.66797E-01  1.22518E-01
  9.70703E-01  1.21501E-01
  9.74609E-01  1.20521E-01
  9.78516E-01  1.19581E-01
  9.82422E-01  1.18687E-01
  9.86328E-01  1.17843E-01
  9.90234E-01  1.17064E-01
  9.94141E-01  1.16362E-01
  9.98047E-01  1.15856E-01
  1.00195E+00  1.15856E-01
