 -1.95312E-03  2.57078E+00
  1.95312E-03  2.57086E+00
  5.85938E-03  2.57037E+00
  9.76562E-03  2.56985E+00
  1.36719E-02  2.56926E+00
  1.75781E-02  2.56858E+00
  2.14844E-02  2.56782E+00
  2.53906E-02  2.56697E+00
  2.92969E-02  2.56603E+00
  3.32031E-02  2.56501E+00
  3.71094E-02  2.56390E+00
  4.10156E-02  2.56270E+00
  4.49219E-02  2.56142E+00
  4.88281E-02  2.56006E+00
  5.27344E-02  2.55861E+00
  5.66406E-02  2.55708E+00
  6.05469E-02  2.55546E+00
  6.44531E-02  2.55376E+00
  6.83594E-02  2.55198E+00
  7.22656E-02  2.55011E+00
  7.61719E-02  2.54817E+00
  8.00781E-02  2.54614E+00
  8.39844E-02  2.54403E+00
  8.78906E-02  2.54184E+00
  9.17969E-02  2.53957E+00
  9.57031E-02  2.53721E+00
  9.96094E-02  2.53478E+00
  1.03516E-01  2.53227E+00
  1.07422E-01  2.52969E+00
  1.11328E-01  2.52702E+00
  1.15234E-01  2.52427E+00
  1.19141E-01  2.52145E+00
  1.23047E-01  2.51855E+00
  1.26953E-01  2.51556E+00
  1.30859E-01  2.51251E+00
  1.34766E-01  2.50937E+00
  1.38672E-01  2.50616E+00
  1.42578E-01  2.50287E+00
  1.46484E-01  2.49951E+00
  1.50391E-01  2.49606E+00
  1.54297E-01  2.49254E+00
  1.58203E-01  2.48895E+00
  1.62109E-01  2.48528E+00
  1.66016E-01  2.48153E+00
  1.69922E-01  2.47771E+00
  1.73828E-01  2.47381E+00
  1.77734E-01  2.46984E+00
  1.81641E-01  2.46579E+00
  1.85547E-01  2.46167E+00
  1.89453E-01  2.45747E+00
  1.93359E-01  2.45319E+00
  1.97266E-01  2.44884E+00
  2.01172E-01  2.44441E+00
  2.05078E-01  2.43991E+00
  2.08984E-01  2.43534E+00
  2.12891E-01  2.43068E+00
  2.16797E-01  2.42596E+00
  2.20703E-01  2.42115E+00
  2.24609E-01  2.41628E+00
  2.28516E-01  2.41132E+00
  2.32422E-01  2.40629E+00
  2.36328E-01  2.40119E+00
  2.40234E-01  2.39601E+00
  2.44141E-01  2.39075E+00
  2.48047E-01  2.38542E+00
  2.51953E-01  2.38002E+00
  2.55859E-01  2.37453E+00
  2.59766E-01  2.36897E+00
  2.63672E-01  2.36334E+00
  2.67578E-01  2.35763E+00
  2.71484E-01  2.35184E+00
  2.75391E-01  2.34597E+00
  2.79297E-01  2.34003E+00
  2.83203E-01  2.33401E+00
  2.87109E-01  2.32792E+00
  2.91016E-01  2.32174E+00
  2.94922E-01  2.31549E+00
  2.98828E-01  2.30917E+00
  3.02734E-01  2.30276E+00
  3.06641E-01  2.29628E+00
  3.10547E-01  2.28971E+00
  3.14453E-01  2.28307E+00
  3.18359E-01  2.27635E+00
  3.22266E-01  2.26954E+00
  3.26172E-01  2.26266E+00
  3.30078E-01  2.25569E+00
  3.33984E-01  2.24865E+00
  3.37891E-01  2.24152E+00
  3.41797E-01  2.23432E+00
  3.45703E-01  2.22703E+00
  3.49609E-01  2.21966E+00
  3.53516E-01  2.21220E+00
  3.57422E-01  2.20467E+00
  3.61328E-01  2.19705E+00
  3.65234E-01  2.18935E+00
  3.69141E-01  2.18156E+00
  3.73047E-01  2.17368E+00
  3.76953E-01  2.16572E+00
  3.80859E-01  2.15767E+00
  3.84766E-01  2.14954E+00
  3.88672E-01  2.14131E+00
  3.92578E-01  2.13300E+00
  3.96484E-01  2.12459E+00
  4.00391E-01  2.11610E+00
  4.04297E-01  2.10751E+00
  4.08203E-01  2.09884E+00
  4.12109E-01  2.09007E+00
  4.16016E-01  2.08120E+00
  4.19922E-01  2.07224E+00
  4.23828E-01  2.06319E+00
  4.27734E-01  2.05404E+00
  4.31641E-01  2.04480E+00
  4.35547E-01  2.03545E+00
  4.39453E-01  2.02601E+00
  4.43359E-01  2.01647E+00
  4.47266E-01  2.00682E+00
  4.51172E-01  1.99707E+00
  4.55078E-01  1.98722E+00
  4.58984E-01  1.97726E+00
  4.62891E-01  1.96719E+00
  4.66797E-01  1.95701E+00
  4.70703E-01  1.94672E+00
  4.74609E-01  1.93632E+00
  4.78516E-01  1.92581E+00
  4.82422E-01  1.91517E+00
  4.86328E-01  1.90443E+00
  4.90234E-01  1.89356E+00
  4.94141E-01  1.88256E+00
  4.98047E-01  1.87145E+00
  5.01953E-01  1.86021E+00
  5.05859E-01  1.84884E+00
  5.09766E-01  1.83735E+00
  5.13672E-01  1.82572E+00
  5.17578E-01  1.81396E+00
  5.21484E-01  1.80206E+00
  5.25391E-01  1.79001E+00
  5.29297E-01  1.77783E+00
  5.33203E-01  1.76550E+00
  5.37109E-01  1.75301E+00
  5.41016E-01  1.74038E+00
  5.44922E-01  1.72758E+00
  5.48828E-01  1.71462E+00
  5.52734E-01  1.70150E+00
  5.56641E-01  1.68821E+00
  5.60547E-01  1.67475E+00
  5.64453E-01  1.66110E+00
  5.68359E-01  1.64727E+00
  5.72266E-01  1.63325E+00
  5.76172E-01  1.61903E+00
  5.80078E-01  1.60461E+00
  5.83984E-01  1.58998E+00
  5.87891E-01  1.57514E+00
  5.91797E-01  1.56007E+00
  5.95703E-01  1.54476E+00
  5.99609E-01  1.52922E+00
  6.03516E-01  1.51343E+00
  6.07422E-01  1.49738E+00
  6.11328E-01  1.48105E+00
  6.15234E-01  1.46444E+00
  6.19141E-01  1.44754E+00
  6.23047E-01  1.43033E+00
  6.26953E-01  1.41279E+00
  6.30859E-01  1.39491E+00
  6.34766E-01  1.37668E+00
  6.38672E-01  1.35806E+00
  6.42578E-01  1.33905E+00
  6.46484E-01  1.31961E+00
  6.50391E-01  1.29972E+00
  6.54297E-01  1.27935E+00
  6.58203E-01  1.25846E+00
  6.62109E-01  1.23701E+00
  6.66016E-01  1.21497E+00
  6.69922E-01  1.19228E+00
  6.73828E-01  1.16889E+00
  6.77734E-01  1.14473E+00
  6.81641E-01  1.11972E+00
  6.85547E-01  1.09376E+00
  6.89453E-01  1.06676E+00
  6.93359E-01  1.03857E+00
  6.97266E-01  1.00903E+00
  7.01172E-01  9.77917E-01
  7.05078E-01  9.44969E-01
  7.08984E-01  9.09805E-01
  7.12891E-01  8.71825E-01
  7.16797E-01  8.29680E-01
  7.20703E-01  7.78256E-01
  7.24609E-01  6.96979E-01
  7.28516E-01  4.92833E-01
  7.32422E-01  2.30196E-01
  7.36328E-01  1.91233E-01
  7.40234E-01  1.84910E-01
  7.44141E-01  1.82516E-01
  7.48047E-01  1.79947E-01
  7.51953E-01  1.77422E-01
  7.55859E-01  1.74955E-01
  7.59766E-01  1.72534E-01
  7.63672E-01  1.70167E-01
  7.67578E-01  1.67848E-01
  7.71484E-01  1.65574E-01
  7.75391E-01  1.63347E-01
  7.79297E-01  1.61167E-01
  7.83203E-01  1.59029E-01
  7.87109E-01  1.56933E-01
  7.91016E-01  1.54879E-01
  7.94922E-01  1.52865E-01
  7.98828E-01  1.50889E-01
  8.02734E-01  1.48952E-01
  8.06641E-01  1.47053E-01
  8.10547E-01  1.45190E-01
  8.14453E-01  1.43363E-01
  8.18359E-01  1.41571E-01
  8.22266E-01  1.39812E-01
  8.26172E-01  1.38088E-01
  8.30078E-01  1.36395E-01
  8.33984E-01  1.34733E-01
  8.37891E-01  1.33102E-01
  8.41797E-01  1.31500E-01
  8.45703E-01  1.29928E-01
  8.49609E-01  1.28386E-01
  8.53516E-01  1.26873E-01
  8.57422E-01  1.25387E-01
  8.61328E-01  1.23928E-01
  8.65234E-01  1.22495E-01
  8.69141E-01  1.21087E-01
  8.73047E-01  1.19705E-01
  8.76953E-01  1.18350E-01
  8.80859E-01  1.17020E-01
  8.84766E-01  1.15714E-01
  8.88672E-01  1.14430E-01
  8.92578E-01  1.13169E-01
  8.96484E-01  1.11933E-01
  9.00391E-01  1.10719E-01
  9.04297E-01  1.09527E-01
  9.08203E-01  1.08358E-01
  9.12109E-01  1.07210E-01
  9.16016E-01  1.06082E-01
  9.19922E-01  1.04977E-01
  9.23828E-01  1.03893E-01
  9.27734E-01  1.02829E-01
  9.31641E-01  1.01787E-01
  9.35547E-01  1.00765E-01
  9.39453E-01  9.97629E-02
  9.43359E-01  9.87815E-02
  9.47266E-01  9.78211E-02
  9.51172E-01  9.68820E-02
  9.55078E-01  9.59641E-02
  9.58984E-01  9.50696E-02
  9.62891E-01  9.41935E-02
  9.66797E-01  9.33379E-02
  9.70703E-01  9.25069E-02
  9.74609E-01  9.17065E-02
  9.78516E-01  9.09350E-02
  9.82422E-01  9.01939E-02
  9.86328E-01  8.94788E-02
  9.90234E-01  8.87994E-02
  9.94141E-01  8.81740E-02
  9.98047E-01  8.77496E-02
  1.00195E+00  8.77496E-02
