 -1.95312E-03  2.55094E+00
  1.95312E-03  2.55108E+00
  5.85938E-03  2.55058E+00
  9.76562E-03  2.55006E+00
  1.36719E-02  2.54946E+00
  1.75781E-02  2.54878E+00
  2.14844E-02  2.54801E+00
  2.53906E-02  2.54716E+00
  2.92969E-02  2.54621E+00
  3.32031E-02  2.54518E+00
  3.71094E-02  2.54406E+00
  4.10156E-02  2.54286E+00
  4.49219E-02  2.54156E+00
  4.88281E-02  2.54019E+00
  5.27344E-02  2.53873E+00
  5.66406E-02  2.53718E+00
  6.05469E-02  2.53555E+00
  6.44531E-02  2.53383E+00
  6.83594E-02  2.53204E+00
  7.22656E-02  2.53015E+00
  7.61719E-02  2.52819E+00
  8.00781E-02  2.52614E+00
  8.39844E-02  2.52402E+00
  8.78906E-02  2.52180E+00
  9.17969E-02  2.51951E+00
  9.57031E-02  2.51714E+00
  9.96094E-02  2.51469E+00
  1.03516E-01  2.51215E+00
  1.07422E-01  2.50954E+00
  1.11328E-01  2.50685E+00
  1.15234E-01  2.50407E+00
  1.19141E-01  2.50122E+00
  1.23047E-01  2.49829E+00
  1.26953E-01  2.49528E+00
  1.30859E-01  2.49220E+00
  1.34766E-01  2.48903E+00
  1.38672E-01  2.48579E+00
  1.42578E-01  2.48246E+00
  1.46484E-01  2.47906E+00
  1.50391E-01  2.47558E+00
  1.54297E-01  2.47203E+00
  1.58203E-01  2.46840E+00
  1.62109E-01  2.46469E+00
  1.66016E-01  2.46090E+00
  1.69922E-01  2.45704E+00
  1.73828E-01  2.45310E+00
  1.77734E-01  2.44908E+00
  1.81641E-01  2.44499E+00
  1.85547E-01  2.44082E+00
  1.89453E-01  2.43658E+00
  1.93359E-01  2.43225E+00
  1.97266E-01  2.42785E+00
  2.01172E-01  2.42338E+00
  2.05078E-01  2.41883E+00
  2.08984E-01  2.41420E+00
  2.12891E-01  2.40950E+00
  2.16797E-01  2.40471E+00
  2.20703E-01  2.39986E+00
  2.24609E-01  2.39492E+00
  2.28516E-01  2.38992E+00
  2.32422E-01  2.38483E+00
  2.36328E-01  2.37967E+00
  2.40234E-01  2.37443E+00
  2.44141E-01  2.36911E+00
  2.48047E-01  2.36372E+00
  2.51953E-01  2.35825E+00
  2.55859E-01  2.35270E+00
  2.59766E-01  2.34708E+00
  2.63672E-01  2.34138E+00
  2.67578E-01  2.33560E+00
  2.71484E-01  2.32975E+00
  2.75391E-01  2.32381E+00
  2.79297E-01  2.31780E+00
  2.83203E-01  2.31171E+00
  2.87109E-01  2.30554E+00
  2.91016E-01  2.29929E+00
  2.94922E-01  2.29297E+00
  2.98828E-01  2.28657E+00
  3.02734E-01  2.28008E+00
  3.06641E-01  2.27352E+00
  3.10547E-01  2.26687E+00
  3.14453E-01  2.26015E+00
  3.18359E-01  2.25334E+00
  3.22266E-01  2.24646E+00
  3.26172E-01  2.23949E+00
  3.30078E-01  2.23243E+00
  3.33984E-01  2.22530E+00
  3.37891E-01  2.21809E+00
  3.41797E-01  2.21079E+00
  3.45703E-01  2.20341E+00
  3.49609E-01  2.19594E+00
  3.53516E-01  2.18839E+00
  3.57422E-01  2.18076E+00
  3.61328E-01  2.17304E+00
  3.65234E-01  2.16523E+00
  3.69141E-01  2.15733E+00
  3.73047E-01  2.14935E+00
  3.76953E-01  2.14128E+00
  3.80859E-01  2.13312E+00
  3.84766E-01  2.12487E+00
  3.88672E-01  2.11653E+00
  3.92578E-01  2.10810E+00
  3.96484E-01  2.09957E+00
  4.00391E-01  2.09095E+00
  4.04297E-01  2.08224E+00
  4.08203E-01  2.07344E+00
  4.12109E-01  2.06454E+00
  4.16016E-01  2.05555E+00
  4.19922E-01  2.04646E+00
  4.23828E-01  2.03728E+00
  4.27734E-01  2.02799E+00
  4.31641E-01  2.01861E+00
  4.35547E-01  2.00912E+00
  4.39453E-01  1.99953E+00
  4.43359E-01  1.98984E+00
  4.47266E-01  1.98005E+00
  4.51172E-01  1.97014E+00
  4.55078E-01  1.96013E+00
  4.58984E-01  1.95001E+00
  4.62891E-01  1.93978E+00
  4.66797E-01  1.92944E+00
  4.70703E-01  1.91899E+00
  4.74609E-01  1.90841E+00
  4.78516E-01  1.89772E+00
  4.82422E-01  1.88692E+00
  4.86328E-01  1.87599E+00
  4.90234E-01  1.86493E+00
  4.94141E-01  1.85376E+00
  4.98047E-01  1.84245E+00
  5.01953E-01  1.83102E+00
  5.05859E-01  1.81946E+00
  5.09766E-01  1.80776E+00
  5.13672E-01  1.79592E+00
  5.17578E-01  1.78395E+00
  5.21484E-01  1.77183E+00
  5.25391E-01  1.75957E+00
  5.29297E-01  1.74716E+00
  5.33203E-01  1.73460E+00
  5.37109E-01  1.72189E+00
  5.41016E-01  1.70901E+00
  5.44922E-01  1.69598E+00
  5.48828E-01  1.68277E+00
  5.52734E-01  1.66939E+00
  5.56641E-01  1.65584E+00
  5.60547E-01  1.64211E+00
  5.64453E-01  1.62819E+00
  5.68359E-01  1.61408E+00
  5.72266E-01  1.59978E+00
  5.76172E-01  1.58527E+00
  5.80078E-01  1.57055E+00
  5.83984E-01  1.55562E+00
  5.87891E-01  1.54046E+00
  5.91797E-01  1.52507E+00
  5.95703E-01  1.50944E+00
  5.99609E-01  1.49356E+00
  6.03516E-01  1.47743E+00
  6.07422E-01  1.46102E+00
  6.11328E-01  1.44433E+00
  6.15234E-01  1.42736E+00
  6.19141E-01  1.41007E+00
  6.23047E-01  1.39247E+00
  6.26953E-01  1.37453E+00
  6.30859E-01  1.35624E+00
  6.34766E-01  1.33758E+00
  6.38672E-01  1.31853E+00
  6.42578E-01  1.29906E+00
  6.46484E-01  1.27916E+00
  6.50391E-01  1.25879E+00
  6.54297E-01  1.23793E+00
  6.58203E-01  1.21654E+00
  6.62109E-01  1.19458E+00
  6.66016E-01  1.17201E+00
  6.69922E-01  1.14878E+00
  6.73828E-01  1.12482E+00
  6.77734E-01  1.10009E+00
  6.81641E-01  1.07449E+00
  6.85547E-01  1.04793E+00
  6.89453E-01  1.02031E+00
  6.93359E-01  9.91495E-01
  6.97266E-01  9.61319E-01
  7.01172E-01  9.29578E-01
  7.05078E-01  8.96005E-01
  7.08984E-01  8.60224E-01
  7.12891E-01  8.21650E-01
  7.16797E-01  7.78930E-01
  7.20703E-01  7.27173E-01
  7.24609E-01  6.49063E-01
  7.28516E-01  5.20530E-01
  7.32422E-01  3.26692E-01
  7.36328E-01  2.57583E-01
  7.40234E-01  2.38361E-01
  7.44141E-01  2.31871E-01
  7.48047E-01  2.28648E-01
  7.51953E-01  2.25407E-01
  7.55859E-01  2.22245E-01
  7.59766E-01  2.19160E-01
  7.63672E-01  2.16147E-01
  7.67578E-01  2.13202E-01
  7.71484E-01  2.10321E-01
  7.75391E-01  2.07501E-01
  7.79297E-01  2.04745E-01
  7.83203E-01  2.02045E-01
  7.87109E-01  1.99403E-01
  7.91016E-01  1.96815E-01
  7.94922E-01  1.94280E-01
  7.98828E-01  1.91797E-01
  8.02734E-01  1.89364E-01
  8.06641E-01  1.86978E-01
  8.10547E-01  1.84642E-01
  8.14453E-01  1.82349E-01
  8.18359E-01  1.80103E-01
  8.22266E-01  1.77898E-01
  8.26172E-01  1.75737E-01
  8.30078E-01  1.73619E-01
  8.33984E-01  1.71541E-01
  8.37891E-01  1.69502E-01
  8.41797E-01  1.67501E-01
  8.45703E-01  1.65538E-01
  8.49609E-01  1.63612E-01
  8.53516E-01  1.61722E-01
  8.57422E-01  1.59868E-01
  8.61328E-01  1.58049E-01
  8.65234E-01  1.56263E-01
  8.69141E-01  1.54510E-01
  8.73047E-01  1.52789E-01
  8.76953E-01  1.51100E-01
  8.80859E-01  1.49442E-01
  8.84766E-01  1.47817E-01
  8.88672E-01  1.46222E-01
  8.92578E-01  1.44656E-01
  8.96484E-01  1.43118E-01
  9.00391E-01  1.41609E-01
  9.04297E-01  1.40131E-01
  9.08203E-01  1.38681E-01
  9.12109E-01  1.37256E-01
  9.16016E-01  1.35859E-01
  9.19922E-01  1.34493E-01
  9.23828E-01  1.33151E-01
  9.27734E-01  1.31833E-01
  9.31641E-01  1.30547E-01
  9.35547E-01  1.29286E-01
  9.39453E-01  1.28051E-01
  9.43359E-01  1.26844E-01
  9.47266E-01  1.25661E-01
  9.51172E-01  1.24510E-01
  9.55078E-01  1.23383E-01
  9.58984E-01  1.22290E-01
  9.62891E-01  1.21224E-01
  9.66797E-01  1.20190E-01
  9.70703E-01  1.19187E-01
  9.74609E-01  1.18220E-01
  9.78516E-01  1.17293E-01
  9.82422E-01  1.16409E-01
  9.86328E-01  1.15574E-01
  9.90234E-01  1.14802E-01
  9.94141E-01  1.14106E-01
  9.98047E-01  1.13606E-01
  1.00195E+00  1.13606E-01
