 -1.95312E-03  2.58893E+00
  1.95312E-03  2.58896E+00
  5.85938E-03  2.58846E+00
  9.76562E-03  2.58795E+00
  1.36719E-02  2.58736E+00
  1.75781E-02  2.58669E+00
  2.14844E-02  2.58593E+00
  2.53906E-02  2.58508E+00
  2.92969E-02  2.58415E+00
  3.32031E-02  2.58314E+00
  3.71094E-02  2.58203E+00
  4.10156E-02  2.58085E+00
  4.49219E-02  2.57958E+00
  4.88281E-02  2.57822E+00
  5.27344E-02  2.57678E+00
  5.66406E-02  2.57526E+00
  6.05469E-02  2.57366E+00
  6.44531E-02  2.57198E+00
  6.83594E-02  2.57021E+00
  7.22656E-02  2.56836E+00
  7.61719E-02  2.56643E+00
  8.00781E-02  2.56442E+00
  8.39844E-02  2.56233E+00
  8.78906E-02  2.56016E+00
  9.17969E-02  2.55791E+00
  9.57031E-02  2.55558E+00
  9.96094E-02  2.55317E+00
  1.03516E-01  2.55068E+00
  1.07422E-01  2.54811E+00
  1.11328E-01  2.54547E+00
  1.15234E-01  2.54275E+00
  1.19141E-01  2.53995E+00
  1.23047E-01  2.53708E+00
  1.26953E-01  2.53412E+00
  1.30859E-01  2.53109E+00
  1.34766E-01  2.52799E+00
  1.38672E-01  2.52481E+00
  1.42578E-01  2.52155E+00
  1.46484E-01  2.51822E+00
  1.50391E-01  2.51481E+00
  1.54297E-01  2.51132E+00
  1.58203E-01  2.50776E+00
  1.62109E-01  2.50412E+00
  1.66016E-01  2.50041E+00
  1.69922E-01  2.49662E+00
  1.73828E-01  2.49276E+00
  1.77734E-01  2.48882E+00
  1.81641E-01  2.48481E+00
  1.85547E-01  2.48073E+00
  1.89453E-01  2.47657E+00
  1.93359E-01  2.47233E+00
  1.97266E-01  2.46802E+00
  2.01172E-01  2.46364E+00
  2.05078E-01  2.45918E+00
  2.08984E-01  2.45465E+00
  2.12891E-01  2.45004E+00
  2.16797E-01  2.44536E+00
  2.20703E-01  2.44060E+00
  2.24609E-01  2.43577E+00
  2.28516E-01  2.43087E+00
  2.32422E-01  2.42589E+00
  2.36328E-01  2.42084E+00
  2.40234E-01  2.41571E+00
  2.44141E-01  2.41051E+00
  2.48047E-01  2.40523E+00
  2.51953E-01  2.39988E+00
  2.55859E-01  2.39445E+00
  2.59766E-01  2.38895E+00
  2.63672E-01  2.38337E+00
  2.67578E-01  2.37772E+00
  2.71484E-01  2.37199E+00
  2.75391E-01  2.36619E+00
  2.79297E-01  2.36030E+00
  2.83203E-01  2.35435E+00
  2.87109E-01  2.34831E+00
  2.91016E-01  2.34220E+00
  2.94922E-01  2.33602E+00
  2.98828E-01  2.32976E+00
  3.02734E-01  2.32342E+00
  3.06641E-01  2.31701E+00
  3.10547E-01  2.31052E+00
  3.14453E-01  2.30395E+00
  3.18359E-01  2.29730E+00
  3.22266E-01  2.29058E+00
  3.26172E-01  2.28377E+00
  3.30078E-01  2.27689E+00
  3.33984E-01  2.26993E+00
  3.37891E-01  2.26288E+00
  3.41797E-01  2.25576E+00
  3.45703E-01  2.24855E+00
  3.49609E-01  2.24127E+00
  3.53516E-01  2.23390E+00
  3.57422E-01  2.22646E+00
  3.61328E-01  2.21893E+00
  3.65234E-01  2.21132E+00
  3.69141E-01  2.20362E+00
  3.73047E-01  2.19584E+00
  3.76953E-01  2.18797E+00
  3.80859E-01  2.18002E+00
  3.84766E-01  2.17198E+00
  3.88672E-01  2.16386E+00
  3.92578E-01  2.15564E+00
  3.96484E-01  2.14734E+00
  4.00391E-01  2.13895E+00
  4.04297E-01  2.13047E+00
  4.08203E-01  2.12190E+00
  4.12109E-01  2.11324E+00
  4.16016E-01  2.10448E+00
  4.19922E-01  2.09564E+00
  4.23828E-01  2.08669E+00
  4.27734E-01  2.07766E+00
  4.31641E-01  2.06853E+00
  4.35547E-01  2.05930E+00
  4.39453E-01  2.04998E+00
  4.43359E-01  2.04056E+00
  4.47266E-01  2.03103E+00
  4.51172E-01  2.02141E+00
  4.55078E-01  2.01168E+00
  4.58984E-01  2.00185E+00
  4.62891E-01  1.99192E+00
  4.66797E-01  1.98187E+00
  4.70703E-01  1.97172E+00
  4.74609E-01  1.96146E+00
  4.78516E-01  1.95109E+00
  4.82422E-01  1.94060E+00
  4.86328E-01  1.93000E+00
  4.90234E-01  1.91928E+00
  4.94141E-01  1.90845E+00
  4.98047E-01  1.89749E+00
  5.01953E-01  1.88641E+00
  5.05859E-01  1.87520E+00
  5.09766E-01  1.86387E+00
  5.13672E-01  1.85241E+00
  5.17578E-01  1.84082E+00
  5.21484E-01  1.82909E+00
  5.25391E-01  1.81723E+00
  5.29297E-01  1.80523E+00
  5.33203E-01  1.79308E+00
  5.37109E-01  1.78079E+00
  5.41016E-01  1.76834E+00
  5.44922E-01  1.75575E+00
  5.48828E-01  1.74300E+00
  5.52734E-01  1.73008E+00
  5.56641E-01  1.71701E+00
  5.60547E-01  1.70376E+00
  5.64453E-01  1.69034E+00
  5.68359E-01  1.67674E+00
  5.72266E-01  1.66295E+00
  5.76172E-01  1.64898E+00
  5.80078E-01  1.63480E+00
  5.83984E-01  1.62043E+00
  5.87891E-01  1.60585E+00
  5.91797E-01  1.59105E+00
  5.95703E-01  1.57602E+00
  5.99609E-01  1.56077E+00
  6.03516E-01  1.54527E+00
  6.07422E-01  1.52952E+00
  6.11328E-01  1.51352E+00
  6.15234E-01  1.49723E+00
  6.19141E-01  1.48066E+00
  6.23047E-01  1.46380E+00
  6.26953E-01  1.44662E+00
  6.30859E-01  1.42912E+00
  6.34766E-01  1.41127E+00
  6.38672E-01  1.39305E+00
  6.42578E-01  1.37446E+00
  6.46484E-01  1.35546E+00
  6.50391E-01  1.33603E+00
  6.54297E-01  1.31614E+00
  6.58203E-01  1.29576E+00
  6.62109E-01  1.27485E+00
  6.66016E-01  1.25337E+00
  6.69922E-01  1.23129E+00
  6.73828E-01  1.20853E+00
  6.77734E-01  1.18506E+00
  6.81641E-01  1.16079E+00
  6.85547E-01  1.13564E+00
  6.89453E-01  1.10951E+00
  6.93359E-01  1.08228E+00
  6.97266E-01  1.05381E+00
  7.01172E-01  1.02391E+00
  7.05078E-01  9.92342E-01
  7.08984E-01  9.58790E-01
  7.12891E-01  9.22786E-01
  7.16797E-01  8.83326E-01
  7.20703E-01  8.36294E-01
  7.24609E-01  7.60202E-01
  7.28516E-01  5.19055E-01
  7.32422E-01  1.60891E-01
  7.36328E-01  1.39904E-01
  7.40234E-01  1.37435E-01
  7.44141E-01  1.35698E-01
  7.48047E-01  1.33767E-01
  7.51953E-01  1.31876E-01
  7.55859E-01  1.30031E-01
  7.59766E-01  1.28213E-01
  7.63672E-01  1.26442E-01
  7.67578E-01  1.24699E-01
  7.71484E-01  1.22995E-01
  7.75391E-01  1.21318E-01
  7.79297E-01  1.19677E-01
  7.83203E-01  1.18066E-01
  7.87109E-01  1.16491E-01
  7.91016E-01  1.14945E-01
  7.94922E-01  1.13429E-01
  7.98828E-01  1.11939E-01
  8.02734E-01  1.10477E-01
  8.06641E-01  1.09045E-01
  8.10547E-01  1.07639E-01
  8.14453E-01  1.06260E-01
  8.18359E-01  1.04906E-01
  8.22266E-01  1.03579E-01
  8.26172E-01  1.02275E-01
  8.30078E-01  1.00996E-01
  8.33984E-01  9.97383E-02
  8.37891E-01  9.85046E-02
  8.41797E-01  9.72950E-02
  8.45703E-01  9.61074E-02
  8.49609E-01  9.49421E-02
  8.53516E-01  9.37931E-02
  8.57422E-01  9.26636E-02
  8.61328E-01  9.15585E-02
  8.65234E-01  9.04786E-02
  8.69141E-01  8.94169E-02
  8.73047E-01  8.83740E-02
  8.76953E-01  8.73455E-02
  8.80859E-01  8.63330E-02
  8.84766E-01  8.53385E-02
  8.88672E-01  8.43627E-02
  8.92578E-01  8.34061E-02
  8.96484E-01  8.24703E-02
  9.00391E-01  8.15517E-02
  9.04297E-01  8.06482E-02
  9.08203E-01  7.97587E-02
  9.12109E-01  7.88858E-02
  9.16016E-01  7.80243E-02
  9.19922E-01  7.71796E-02
  9.23828E-01  7.63522E-02
  9.27734E-01  7.55416E-02
  9.31641E-01  7.47473E-02
  9.35547E-01  7.39679E-02
  9.39453E-01  7.32061E-02
  9.43359E-01  7.24553E-02
  9.47266E-01  7.17170E-02
  9.51172E-01  7.09940E-02
  9.55078E-01  7.02867E-02
  9.58984E-01  6.95944E-02
  9.62891E-01  6.89184E-02
  9.66797E-01  6.82584E-02
  9.70703E-01  6.76150E-02
  9.74609E-01  6.69878E-02
  9.78516E-01  6.63772E-02
  9.82422E-01  6.57828E-02
  9.86328E-01  6.52101E-02
  9.90234E-01  6.46615E-02
  9.94141E-01  6.41493E-02
  9.98047E-01  6.38699E-02
  1.00195E+00  6.38699E-02
