 -1.95312E-03  2.56666E+00
  1.95312E-03  2.56675E+00
  5.85938E-03  2.56625E+00
  9.76562E-03  2.56573E+00
  1.36719E-02  2.56514E+00
  1.75781E-02  2.56446E+00
  2.14844E-02  2.56370E+00
  2.53906E-02  2.56285E+00
  2.92969E-02  2.56191E+00
  3.32031E-02  2.56088E+00
  3.71094E-02  2.55977E+00
  4.10156E-02  2.55857E+00
  4.49219E-02  2.55729E+00
  4.88281E-02  2.55592E+00
  5.27344E-02  2.55447E+00
  5.66406E-02  2.55293E+00
  6.05469E-02  2.55131E+00
  6.44531E-02  2.54961E+00
  6.83594E-02  2.54783E+00
  7.22656E-02  2.54596E+00
  7.61719E-02  2.54401E+00
  8.00781E-02  2.54198E+00
  8.39844E-02  2.53986E+00
  8.78906E-02  2.53767E+00
  9.17969E-02  2.53539E+00
  9.57031E-02  2.53304E+00
  9.96094E-02  2.53060E+00
  1.03516E-01  2.52809E+00
  1.07422E-01  2.52549E+00
  1.11328E-01  2.52282E+00
  1.15234E-01  2.52007E+00
  1.19141E-01  2.51724E+00
  1.23047E-01  2.51433E+00
  1.26953E-01  2.51135E+00
  1.30859E-01  2.50828E+00
  1.34766E-01  2.50514E+00
  1.38672E-01  2.50192E+00
  1.42578E-01  2.49863E+00
  1.46484E-01  2.49526E+00
  1.50391E-01  2.49181E+00
  1.54297E-01  2.48828E+00
  1.58203E-01  2.48468E+00
  1.62109E-01  2.48101E+00
  1.66016E-01  2.47725E+00
  1.69922E-01  2.47342E+00
  1.73828E-01  2.46952E+00
  1.77734E-01  2.46553E+00
  1.81641E-01  2.46148E+00
  1.85547E-01  2.45734E+00
  1.89453E-01  2.45313E+00
  1.93359E-01  2.44885E+00
  1.97266E-01  2.44449E+00
  2.01172E-01  2.44005E+00
  2.05078E-01  2.43554E+00
  2.08984E-01  2.43096E+00
  2.12891E-01  2.42629E+00
  2.16797E-01  2.42155E+00
  2.20703E-01  2.41674E+00
  2.24609E-01  2.41185E+00
  2.28516E-01  2.40689E+00
  2.32422E-01  2.40185E+00
  2.36328E-01  2.39673E+00
  2.40234E-01  2.39154E+00
  2.44141E-01  2.38627E+00
  2.48047E-01  2.38093E+00
  2.51953E-01  2.37551E+00
  2.55859E-01  2.37001E+00
  2.59766E-01  2.36444E+00
  2.63672E-01  2.35879E+00
  2.67578E-01  2.35307E+00
  2.71484E-01  2.34727E+00
  2.75391E-01  2.34139E+00
  2.79297E-01  2.33543E+00
  2.83203E-01  2.32940E+00
  2.87109E-01  2.32329E+00
  2.91016E-01  2.31710E+00
  2.94922E-01  2.31083E+00
  2.98828E-01  2.30449E+00
  3.02734E-01  2.29807E+00
  3.06641E-01  2.29156E+00
  3.10547E-01  2.28499E+00
  3.14453E-01  2.27833E+00
  3.18359E-01  2.27159E+00
  3.22266E-01  2.26477E+00
  3.26172E-01  2.25787E+00
  3.30078E-01  2.25088E+00
  3.33984E-01  2.24382E+00
  3.37891E-01  2.23667E+00
  3.41797E-01  2.22945E+00
  3.45703E-01  2.22214E+00
  3.49609E-01  2.21475E+00
  3.53516E-01  2.20727E+00
  3.57422E-01  2.19972E+00
  3.61328E-01  2.19208E+00
  3.65234E-01  2.18435E+00
  3.69141E-01  2.17654E+00
  3.73047E-01  2.16864E+00
  3.76953E-01  2.16066E+00
  3.80859E-01  2.15259E+00
  3.84766E-01  2.14443E+00
  3.88672E-01  2.13618E+00
  3.92578E-01  2.12784E+00
  3.96484E-01  2.11942E+00
  4.00391E-01  2.11090E+00
  4.04297E-01  2.10228E+00
  4.08203E-01  2.09358E+00
  4.12109E-01  2.08478E+00
  4.16016E-01  2.07589E+00
  4.19922E-01  2.06691E+00
  4.23828E-01  2.05783E+00
  4.27734E-01  2.04865E+00
  4.31641E-01  2.03938E+00
  4.35547E-01  2.03000E+00
  4.39453E-01  2.02053E+00
  4.43359E-01  2.01096E+00
  4.47266E-01  2.00128E+00
  4.51172E-01  1.99150E+00
  4.55078E-01  1.98161E+00
  4.58984E-01  1.97162E+00
  4.62891E-01  1.96152E+00
  4.66797E-01  1.95131E+00
  4.70703E-01  1.94098E+00
  4.74609E-01  1.93055E+00
  4.78516E-01  1.92000E+00
  4.82422E-01  1.90933E+00
  4.86328E-01  1.89854E+00
  4.90234E-01  1.88764E+00
  4.94141E-01  1.87661E+00
  4.98047E-01  1.86546E+00
  5.01953E-01  1.85418E+00
  5.05859E-01  1.84277E+00
  5.09766E-01  1.83124E+00
  5.13672E-01  1.81957E+00
  5.17578E-01  1.80776E+00
  5.21484E-01  1.79582E+00
  5.25391E-01  1.78374E+00
  5.29297E-01  1.77151E+00
  5.33203E-01  1.75913E+00
  5.37109E-01  1.74661E+00
  5.41016E-01  1.73393E+00
  5.44922E-01  1.72109E+00
  5.48828E-01  1.70809E+00
  5.52734E-01  1.69492E+00
  5.56641E-01  1.68158E+00
  5.60547E-01  1.66807E+00
  5.64453E-01  1.65438E+00
  5.68359E-01  1.64050E+00
  5.72266E-01  1.62643E+00
  5.76172E-01  1.61217E+00
  5.80078E-01  1.59770E+00
  5.83984E-01  1.58302E+00
  5.87891E-01  1.56813E+00
  5.91797E-01  1.55301E+00
  5.95703E-01  1.53766E+00
  5.99609E-01  1.52207E+00
  6.03516E-01  1.50623E+00
  6.07422E-01  1.49013E+00
  6.11328E-01  1.47376E+00
  6.15234E-01  1.45710E+00
  6.19141E-01  1.44016E+00
  6.23047E-01  1.42290E+00
  6.26953E-01  1.40532E+00
  6.30859E-01  1.38741E+00
  6.34766E-01  1.36914E+00
  6.38672E-01  1.35048E+00
  6.42578E-01  1.33144E+00
  6.46484E-01  1.31196E+00
  6.50391E-01  1.29204E+00
  6.54297E-01  1.27163E+00
  6.58203E-01  1.25072E+00
  6.62109E-01  1.22924E+00
  6.66016E-01  1.20718E+00
  6.69922E-01  1.18446E+00
  6.73828E-01  1.16104E+00
  6.77734E-01  1.13685E+00
  6.81641E-01  1.11180E+00
  6.85547E-01  1.08580E+00
  6.89453E-01  1.05873E+00
  6.93359E-01  1.03045E+00
  6.97266E-01  1.00078E+00
  7.01172E-01  9.69492E-01
  7.05078E-01  9.36289E-01
  7.08984E-01  9.00753E-01
  7.12891E-01  8.62215E-01
  7.16797E-01  8.19136E-01
  7.20703E-01  7.65830E-01
  7.24609E-01  6.81416E-01
  7.28516E-01  4.83155E-01
  7.32422E-01  2.44429E-01
  7.36328E-01  2.02963E-01
  7.40234E-01  1.95505E-01
  7.44141E-01  1.92822E-01
  7.48047E-01  1.90116E-01
  7.51953E-01  1.87437E-01
  7.55859E-01  1.84832E-01
  7.59766E-01  1.82281E-01
  7.63672E-01  1.79781E-01
  7.67578E-01  1.77332E-01
  7.71484E-01  1.74937E-01
  7.75391E-01  1.72588E-01
  7.79297E-01  1.70287E-01
  7.83203E-01  1.68032E-01
  7.87109E-01  1.65824E-01
  7.91016E-01  1.63658E-01
  7.94922E-01  1.61535E-01
  7.98828E-01  1.59454E-01
  8.02734E-01  1.57412E-01
  8.06641E-01  1.55411E-01
  8.10547E-01  1.53448E-01
  8.14453E-01  1.51523E-01
  8.18359E-01  1.49636E-01
  8.22266E-01  1.47784E-01
  8.26172E-01  1.45966E-01
  8.30078E-01  1.44183E-01
  8.33984E-01  1.42433E-01
  8.37891E-01  1.40717E-01
  8.41797E-01  1.39033E-01
  8.45703E-01  1.37378E-01
  8.49609E-01  1.35756E-01
  8.53516E-01  1.34162E-01
  8.57422E-01  1.32596E-01
  8.61328E-01  1.31061E-01
  8.65234E-01  1.29554E-01
  8.69141E-01  1.28074E-01
  8.73047E-01  1.26621E-01
  8.76953E-01  1.25192E-01
  8.80859E-01  1.23791E-01
  8.84766E-01  1.22419E-01
  8.88672E-01  1.21071E-01
  8.92578E-01  1.19745E-01
  8.96484E-01  1.18444E-01
  9.00391E-01  1.17167E-01
  9.04297E-01  1.15912E-01
  9.08203E-01  1.14685E-01
  9.12109E-01  1.13479E-01
  9.16016E-01  1.12294E-01
  9.19922E-01  1.11131E-01
  9.23828E-01  1.09991E-01
  9.27734E-01  1.08874E-01
  9.31641E-01  1.07779E-01
  9.35547E-01  1.06707E-01
  9.39453E-01  1.05655E-01
  9.43359E-01  1.04624E-01
  9.47266E-01  1.03617E-01
  9.51172E-01  1.02631E-01
  9.55078E-01  1.01669E-01
  9.58984E-01  1.00730E-01
  9.62891E-01  9.98134E-02
  9.66797E-01  9.89217E-02
  9.70703E-01  9.80556E-02
  9.74609E-01  9.72177E-02
  9.78516E-01  9.64069E-02
  9.82422E-01  9.56318E-02
  9.86328E-01  9.48931E-02
  9.90234E-01  9.41930E-02
  9.94141E-01  9.35486E-02
  9.98047E-01  9.30772E-02
  1.00195E+00  9.30772E-02
