 -1.95312E-03  2.57950E+00
  1.95312E-03  2.57953E+00
  5.85938E-03  2.57904E+00
  9.76562E-03  2.57852E+00
  1.36719E-02  2.57793E+00
  1.75781E-02  2.57725E+00
  2.14844E-02  2.57649E+00
  2.53906E-02  2.57565E+00
  2.92969E-02  2.57471E+00
  3.32031E-02  2.57369E+00
  3.71094E-02  2.57258E+00
  4.10156E-02  2.57139E+00
  4.49219E-02  2.57012E+00
  4.88281E-02  2.56876E+00
  5.27344E-02  2.56731E+00
  5.66406E-02  2.56579E+00
  6.05469E-02  2.56418E+00
  6.44531E-02  2.56249E+00
  6.83594E-02  2.56071E+00
  7.22656E-02  2.55885E+00
  7.61719E-02  2.55692E+00
  8.00781E-02  2.55490E+00
  8.39844E-02  2.55280E+00
  8.78906E-02  2.55062E+00
  9.17969E-02  2.54836E+00
  9.57031E-02  2.54602E+00
  9.96094E-02  2.54360E+00
  1.03516E-01  2.54110E+00
  1.07422E-01  2.53852E+00
  1.11328E-01  2.53587E+00
  1.15234E-01  2.53313E+00
  1.19141E-01  2.53032E+00
  1.23047E-01  2.52743E+00
  1.26953E-01  2.52447E+00
  1.30859E-01  2.52143E+00
  1.34766E-01  2.51831E+00
  1.38672E-01  2.51511E+00
  1.42578E-01  2.51184E+00
  1.46484E-01  2.50849E+00
  1.50391E-01  2.50506E+00
  1.54297E-01  2.50156E+00
  1.58203E-01  2.49798E+00
  1.62109E-01  2.49433E+00
  1.66016E-01  2.49060E+00
  1.69922E-01  2.48679E+00
  1.73828E-01  2.48291E+00
  1.77734E-01  2.47896E+00
  1.81641E-01  2.47492E+00
  1.85547E-01  2.47082E+00
  1.89453E-01  2.46663E+00
  1.93359E-01  2.46238E+00
  1.97266E-01  2.45805E+00
  2.01172E-01  2.45364E+00
  2.05078E-01  2.44916E+00
  2.08984E-01  2.44460E+00
  2.12891E-01  2.43997E+00
  2.16797E-01  2.43526E+00
  2.20703E-01  2.43048E+00
  2.24609E-01  2.42562E+00
  2.28516E-01  2.42069E+00
  2.32422E-01  2.41569E+00
  2.36328E-01  2.41061E+00
  2.40234E-01  2.40545E+00
  2.44141E-01  2.40022E+00
  2.48047E-01  2.39492E+00
  2.51953E-01  2.38954E+00
  2.55859E-01  2.38408E+00
  2.59766E-01  2.37855E+00
  2.63672E-01  2.37294E+00
  2.67578E-01  2.36726E+00
  2.71484E-01  2.36150E+00
  2.75391E-01  2.35567E+00
  2.79297E-01  2.34975E+00
  2.83203E-01  2.34376E+00
  2.87109E-01  2.33770E+00
  2.91016E-01  2.33156E+00
  2.94922E-01  2.32534E+00
  2.98828E-01  2.31904E+00
  3.02734E-01  2.31267E+00
  3.06641E-01  2.30622E+00
  3.10547E-01  2.29969E+00
  3.14453E-01  2.29309E+00
  3.18359E-01  2.28640E+00
  3.22266E-01  2.27963E+00
  3.26172E-01  2.27279E+00
  3.30078E-01  2.26586E+00
  3.33984E-01  2.25886E+00
  3.37891E-01  2.25177E+00
  3.41797E-01  2.24460E+00
  3.45703E-01  2.23736E+00
  3.49609E-01  2.23003E+00
  3.53516E-01  2.22261E+00
  3.57422E-01  2.21512E+00
  3.61328E-01  2.20754E+00
  3.65234E-01  2.19988E+00
  3.69141E-01  2.19214E+00
  3.73047E-01  2.18430E+00
  3.76953E-01  2.17639E+00
  3.80859E-01  2.16838E+00
  3.84766E-01  2.16029E+00
  3.88672E-01  2.15211E+00
  3.92578E-01  2.14385E+00
  3.96484E-01  2.13549E+00
  4.00391E-01  2.12704E+00
  4.04297E-01  2.11851E+00
  4.08203E-01  2.10988E+00
  4.12109E-01  2.10116E+00
  4.16016E-01  2.09234E+00
  4.19922E-01  2.08344E+00
  4.23828E-01  2.07444E+00
  4.27734E-01  2.06534E+00
  4.31641E-01  2.05615E+00
  4.35547E-01  2.04686E+00
  4.39453E-01  2.03747E+00
  4.43359E-01  2.02799E+00
  4.47266E-01  2.01840E+00
  4.51172E-01  2.00870E+00
  4.55078E-01  1.99891E+00
  4.58984E-01  1.98901E+00
  4.62891E-01  1.97900E+00
  4.66797E-01  1.96889E+00
  4.70703E-01  1.95866E+00
  4.74609E-01  1.94833E+00
  4.78516E-01  1.93788E+00
  4.82422E-01  1.92732E+00
  4.86328E-01  1.91663E+00
  4.90234E-01  1.90584E+00
  4.94141E-01  1.89492E+00
  4.98047E-01  1.88387E+00
  5.01953E-01  1.87271E+00
  5.05859E-01  1.86142E+00
  5.09766E-01  1.85000E+00
  5.13672E-01  1.83845E+00
  5.17578E-01  1.82676E+00
  5.21484E-01  1.81494E+00
  5.25391E-01  1.80298E+00
  5.29297E-01  1.79088E+00
  5.33203E-01  1.77863E+00
  5.37109E-01  1.76623E+00
  5.41016E-01  1.75368E+00
  5.44922E-01  1.74098E+00
  5.48828E-01  1.72812E+00
  5.52734E-01  1.71509E+00
  5.56641E-01  1.70189E+00
  5.60547E-01  1.68853E+00
  5.64453E-01  1.67498E+00
  5.68359E-01  1.66126E+00
  5.72266E-01  1.64734E+00
  5.76172E-01  1.63323E+00
  5.80078E-01  1.61892E+00
  5.83984E-01  1.60441E+00
  5.87891E-01  1.58968E+00
  5.91797E-01  1.57473E+00
  5.95703E-01  1.55955E+00
  5.99609E-01  1.54414E+00
  6.03516E-01  1.52848E+00
  6.07422E-01  1.51256E+00
  6.11328E-01  1.49638E+00
  6.15234E-01  1.47992E+00
  6.19141E-01  1.46317E+00
  6.23047E-01  1.44611E+00
  6.26953E-01  1.42874E+00
  6.30859E-01  1.41103E+00
  6.34766E-01  1.39297E+00
  6.38672E-01  1.37454E+00
  6.42578E-01  1.35571E+00
  6.46484E-01  1.33647E+00
  6.50391E-01  1.31679E+00
  6.54297E-01  1.29663E+00
  6.58203E-01  1.27597E+00
  6.62109E-01  1.25477E+00
  6.66016E-01  1.23299E+00
  6.69922E-01  1.21058E+00
  6.73828E-01  1.18749E+00
  6.77734E-01  1.16365E+00
  6.81641E-01  1.13899E+00
  6.85547E-01  1.11342E+00
  6.89453E-01  1.08683E+00
  6.93359E-01  1.05911E+00
  6.97266E-01  1.03009E+00
  7.01172E-01  9.99578E-01
  7.05078E-01  9.67322E-01
  7.08984E-01  9.32976E-01
  7.12891E-01  8.96012E-01
  7.16797E-01  8.55260E-01
  7.20703E-01  8.06032E-01
  7.24609E-01  7.26656E-01
  7.28516E-01  4.99953E-01
  7.32422E-01  1.96465E-01
  7.36328E-01  1.66412E-01
  7.40234E-01  1.62276E-01
  7.44141E-01  1.60387E-01
  7.48047E-01  1.58147E-01
  7.51953E-01  1.55908E-01
  7.55859E-01  1.53740E-01
  7.59766E-01  1.51606E-01
  7.63672E-01  1.49518E-01
  7.67578E-01  1.47471E-01
  7.71484E-01  1.45466E-01
  7.75391E-01  1.43500E-01
  7.79297E-01  1.41573E-01
  7.83203E-01  1.39686E-01
  7.87109E-01  1.37835E-01
  7.91016E-01  1.36020E-01
  7.94922E-01  1.34240E-01
  7.98828E-01  1.32495E-01
  8.02734E-01  1.30783E-01
  8.06641E-01  1.29103E-01
  8.10547E-01  1.27455E-01
  8.14453E-01  1.25838E-01
  8.18359E-01  1.24253E-01
  8.22266E-01  1.22696E-01
  8.26172E-01  1.21167E-01
  8.30078E-01  1.19668E-01
  8.33984E-01  1.18194E-01
  8.37891E-01  1.16751E-01
  8.41797E-01  1.15334E-01
  8.45703E-01  1.13943E-01
  8.49609E-01  1.12575E-01
  8.53516E-01  1.11233E-01
  8.57422E-01  1.09915E-01
  8.61328E-01  1.08621E-01
  8.65234E-01  1.07352E-01
  8.69141E-01  1.06107E-01
  8.73047E-01  1.04882E-01
  8.76953E-01  1.03680E-01
  8.80859E-01  1.02499E-01
  8.84766E-01  1.01340E-01
  8.88672E-01  1.00201E-01
  8.92578E-01  9.90827E-02
  8.96484E-01  9.79856E-02
  9.00391E-01  9.69086E-02
  9.04297E-01  9.58498E-02
  9.08203E-01  9.48089E-02
  9.12109E-01  9.37916E-02
  9.16016E-01  9.27954E-02
  9.19922E-01  9.18145E-02
  9.23828E-01  9.08471E-02
  9.27734E-01  8.98982E-02
  9.31641E-01  8.89665E-02
  9.35547E-01  8.80539E-02
  9.39453E-01  8.71625E-02
  9.43359E-01  8.62929E-02
  9.47266E-01  8.54404E-02
  9.51172E-01  8.46043E-02
  9.55078E-01  8.37832E-02
  9.58984E-01  8.29778E-02
  9.62891E-01  8.21925E-02
  9.66797E-01  8.14271E-02
  9.70703E-01  8.06836E-02
  9.74609E-01  7.99646E-02
  9.78516E-01  7.92668E-02
  9.82422E-01  7.85911E-02
  9.86328E-01  7.79401E-02
  9.90234E-01  7.73172E-02
  9.94141E-01  7.67416E-02
  9.98047E-01  7.63919E-02
  1.00195E+00  7.63919E-02
