 -1.95312E-03  2.55599E+00
  1.95312E-03  2.55607E+00
  5.85938E-03  2.55557E+00
  9.76562E-03  2.55506E+00
  1.36719E-02  2.55446E+00
  1.75781E-02  2.55378E+00
  2.14844E-02  2.55301E+00
  2.53906E-02  2.55216E+00
  2.92969E-02  2.55122E+00
  3.32031E-02  2.55019E+00
  3.71094E-02  2.54907E+00
  4.10156E-02  2.54787E+00
  4.49219E-02  2.54658E+00
  4.88281E-02  2.54521E+00
  5.27344E-02  2.54375E+00
  5.66406E-02  2.54221E+00
  6.05469E-02  2.54058E+00
  6.44531E-02  2.53887E+00
  6.83594E-02  2.53708E+00
  7.22656E-02  2.53520E+00
  7.61719E-02  2.53324E+00
  8.00781E-02  2.53120E+00
  8.39844E-02  2.52907E+00
  8.78906E-02  2.52687E+00
  9.17969E-02  2.52458E+00
  9.57031E-02  2.52221E+00
  9.96094E-02  2.51976E+00
  1.03516E-01  2.51724E+00
  1.07422E-01  2.51463E+00
  1.11328E-01  2.51194E+00
  1.15234E-01  2.50917E+00
  1.19141E-01  2.50633E+00
  1.23047E-01  2.50341E+00
  1.26953E-01  2.50040E+00
  1.30859E-01  2.49732E+00
  1.34766E-01  2.49417E+00
  1.38672E-01  2.49093E+00
  1.42578E-01  2.48762E+00
  1.46484E-01  2.48422E+00
  1.50391E-01  2.48076E+00
  1.54297E-01  2.47721E+00
  1.58203E-01  2.47359E+00
  1.62109E-01  2.46989E+00
  1.66016E-01  2.46612E+00
  1.69922E-01  2.46226E+00
  1.73828E-01  2.45834E+00
  1.77734E-01  2.45433E+00
  1.81641E-01  2.45025E+00
  1.85547E-01  2.44609E+00
  1.89453E-01  2.44186E+00
  1.93359E-01  2.43755E+00
  1.97266E-01  2.43316E+00
  2.01172E-01  2.42870E+00
  2.05078E-01  2.42416E+00
  2.08984E-01  2.41954E+00
  2.12891E-01  2.41485E+00
  2.16797E-01  2.41009E+00
  2.20703E-01  2.40524E+00
  2.24609E-01  2.40033E+00
  2.28516E-01  2.39533E+00
  2.32422E-01  2.39026E+00
  2.36328E-01  2.38512E+00
  2.40234E-01  2.37989E+00
  2.44141E-01  2.37459E+00
  2.48047E-01  2.36921E+00
  2.51953E-01  2.36376E+00
  2.55859E-01  2.35823E+00
  2.59766E-01  2.35263E+00
  2.63672E-01  2.34694E+00
  2.67578E-01  2.34118E+00
  2.71484E-01  2.33534E+00
  2.75391E-01  2.32943E+00
  2.79297E-01  2.32343E+00
  2.83203E-01  2.31736E+00
  2.87109E-01  2.31121E+00
  2.91016E-01  2.30498E+00
  2.94922E-01  2.29868E+00
  2.98828E-01  2.29229E+00
  3.02734E-01  2.28583E+00
  3.06641E-01  2.27929E+00
  3.10547E-01  2.27266E+00
  3.14453E-01  2.26596E+00
  3.18359E-01  2.25918E+00
  3.22266E-01  2.25231E+00
  3.26172E-01  2.24536E+00
  3.30078E-01  2.23833E+00
  3.33984E-01  2.23122E+00
  3.37891E-01  2.22403E+00
  3.41797E-01  2.21676E+00
  3.45703E-01  2.20940E+00
  3.49609E-01  2.20196E+00
  3.53516E-01  2.19444E+00
  3.57422E-01  2.18683E+00
  3.61328E-01  2.17913E+00
  3.65234E-01  2.17135E+00
  3.69141E-01  2.16349E+00
  3.73047E-01  2.15553E+00
  3.76953E-01  2.14749E+00
  3.80859E-01  2.13936E+00
  3.84766E-01  2.13114E+00
  3.88672E-01  2.12283E+00
  3.92578E-01  2.11443E+00
  3.96484E-01  2.10594E+00
  4.00391E-01  2.09735E+00
  4.04297E-01  2.08867E+00
  4.08203E-01  2.07990E+00
  4.12109E-01  2.07104E+00
  4.16016E-01  2.06208E+00
  4.19922E-01  2.05303E+00
  4.23828E-01  2.04388E+00
  4.27734E-01  2.03463E+00
  4.31641E-01  2.02528E+00
  4.35547E-01  2.01583E+00
  4.39453E-01  2.00628E+00
  4.43359E-01  1.99662E+00
  4.47266E-01  1.98686E+00
  4.51172E-01  1.97700E+00
  4.55078E-01  1.96703E+00
  4.58984E-01  1.95695E+00
  4.62891E-01  1.94676E+00
  4.66797E-01  1.93646E+00
  4.70703E-01  1.92604E+00
  4.74609E-01  1.91551E+00
  4.78516E-01  1.90487E+00
  4.82422E-01  1.89410E+00
  4.86328E-01  1.88322E+00
  4.90234E-01  1.87221E+00
  4.94141E-01  1.86108E+00
  4.98047E-01  1.84983E+00
  5.01953E-01  1.83844E+00
  5.05859E-01  1.82693E+00
  5.09766E-01  1.81529E+00
  5.13672E-01  1.80351E+00
  5.17578E-01  1.79159E+00
  5.21484E-01  1.77953E+00
  5.25391E-01  1.76732E+00
  5.29297E-01  1.75497E+00
  5.33203E-01  1.74247E+00
  5.37109E-01  1.72981E+00
  5.41016E-01  1.71700E+00
  5.44922E-01  1.70403E+00
  5.48828E-01  1.69089E+00
  5.52734E-01  1.67758E+00
  5.56641E-01  1.66409E+00
  5.60547E-01  1.65043E+00
  5.64453E-01  1.63658E+00
  5.68359E-01  1.62255E+00
  5.72266E-01  1.60831E+00
  5.76172E-01  1.59388E+00
  5.80078E-01  1.57924E+00
  5.83984E-01  1.56439E+00
  5.87891E-01  1.54931E+00
  5.91797E-01  1.53401E+00
  5.95703E-01  1.51847E+00
  5.99609E-01  1.50268E+00
  6.03516E-01  1.48663E+00
  6.07422E-01  1.47032E+00
  6.11328E-01  1.45373E+00
  6.15234E-01  1.43686E+00
  6.19141E-01  1.41968E+00
  6.23047E-01  1.40218E+00
  6.26953E-01  1.38435E+00
  6.30859E-01  1.36618E+00
  6.34766E-01  1.34763E+00
  6.38672E-01  1.32870E+00
  6.42578E-01  1.30937E+00
  6.46484E-01  1.28960E+00
  6.50391E-01  1.26937E+00
  6.54297E-01  1.24865E+00
  6.58203E-01  1.22741E+00
  6.62109E-01  1.20561E+00
  6.66016E-01  1.18321E+00
  6.69922E-01  1.16016E+00
  6.73828E-01  1.13639E+00
  6.77734E-01  1.11185E+00
  6.81641E-01  1.08646E+00
  6.85547E-01  1.06013E+00
  6.89453E-01  1.03275E+00
  6.93359E-01  1.00420E+00
  6.97266E-01  9.74312E-01
  7.01172E-01  9.42886E-01
  7.05078E-01  9.09659E-01
  7.08984E-01  8.74272E-01
  7.12891E-01  8.36136E-01
  7.16797E-01  7.93763E-01
  7.20703E-01  7.41052E-01
  7.24609E-01  6.54826E-01
  7.28516E-01  5.07910E-01
  7.32422E-01  2.98436E-01
  7.36328E-01  2.38299E-01
  7.40234E-01  2.23923E-01
  7.44141E-01  2.19184E-01
  7.48047E-01  2.16289E-01
  7.51953E-01  2.13271E-01
  7.55859E-01  2.10292E-01
  7.59766E-01  2.07384E-01
  7.63672E-01  2.04538E-01
  7.67578E-01  2.01754E-01
  7.71484E-01  1.99032E-01
  7.75391E-01  1.96364E-01
  7.79297E-01  1.93756E-01
  7.83203E-01  1.91200E-01
  7.87109E-01  1.88700E-01
  7.91016E-01  1.86245E-01
  7.94922E-01  1.83841E-01
  7.98828E-01  1.81488E-01
  8.02734E-01  1.79178E-01
  8.06641E-01  1.76915E-01
  8.10547E-01  1.74698E-01
  8.14453E-01  1.72524E-01
  8.18359E-01  1.70391E-01
  8.22266E-01  1.68299E-01
  8.26172E-01  1.66247E-01
  8.30078E-01  1.64234E-01
  8.33984E-01  1.62259E-01
  8.37891E-01  1.60322E-01
  8.41797E-01  1.58421E-01
  8.45703E-01  1.56557E-01
  8.49609E-01  1.54727E-01
  8.53516E-01  1.52931E-01
  8.57422E-01  1.51169E-01
  8.61328E-01  1.49440E-01
  8.65234E-01  1.47742E-01
  8.69141E-01  1.46076E-01
  8.73047E-01  1.44440E-01
  8.76953E-01  1.42834E-01
  8.80859E-01  1.41257E-01
  8.84766E-01  1.39709E-01
  8.88672E-01  1.38192E-01
  8.92578E-01  1.36703E-01
  8.96484E-01  1.35239E-01
  9.00391E-01  1.33804E-01
  9.04297E-01  1.32398E-01
  9.08203E-01  1.31016E-01
  9.12109E-01  1.29658E-01
  9.16016E-01  1.28331E-01
  9.19922E-01  1.27028E-01
  9.23828E-01  1.25747E-01
  9.27734E-01  1.24496E-01
  9.31641E-01  1.23267E-01
  9.35547E-01  1.22065E-01
  9.39453E-01  1.20889E-01
  9.43359E-01  1.19737E-01
  9.47266E-01  1.18610E-01
  9.51172E-01  1.17509E-01
  9.55078E-01  1.16434E-01
  9.58984E-01  1.15389E-01
  9.62891E-01  1.14370E-01
  9.66797E-01  1.13379E-01
  9.70703E-01  1.12418E-01
  9.74609E-01  1.11491E-01
  9.78516E-01  1.10601E-01
  9.82422E-01  1.09749E-01
  9.86328E-01  1.08943E-01
  9.90234E-01  1.08194E-01
  9.94141E-01  1.07513E-01
  9.98047E-01  1.07025E-01
  1.00195E+00  1.07025E-01
