 -1.95312E-03  2.53412E+00
  1.95312E-03  2.53426E+00
  5.85938E-03  2.53376E+00
  9.76562E-03  2.53324E+00
  1.36719E-02  2.53264E+00
  1.75781E-02  2.53195E+00
  2.14844E-02  2.53118E+00
  2.53906E-02  2.53032E+00
  2.92969E-02  2.52937E+00
  3.32031E-02  2.52833E+00
  3.71094E-02  2.52720E+00
  4.10156E-02  2.52599E+00
  4.49219E-02  2.52469E+00
  4.88281E-02  2.52330E+00
  5.27344E-02  2.52182E+00
  5.66406E-02  2.52027E+00
  6.05469E-02  2.51862E+00
  6.44531E-02  2.51689E+00
  6.83594E-02  2.51508E+00
  7.22656E-02  2.51318E+00
  7.61719E-02  2.51120E+00
  8.00781E-02  2.50914E+00
  8.39844E-02  2.50699E+00
  8.78906E-02  2.50476E+00
  9.17969E-02  2.50245E+00
  9.57031E-02  2.50005E+00
  9.96094E-02  2.49758E+00
  1.03516E-01  2.49502E+00
  1.07422E-01  2.49239E+00
  1.11328E-01  2.48967E+00
  1.15234E-01  2.48688E+00
  1.19141E-01  2.48400E+00
  1.23047E-01  2.48104E+00
  1.26953E-01  2.47801E+00
  1.30859E-01  2.47489E+00
  1.34766E-01  2.47170E+00
  1.38672E-01  2.46842E+00
  1.42578E-01  2.46507E+00
  1.46484E-01  2.46164E+00
  1.50391E-01  2.45813E+00
  1.54297E-01  2.45455E+00
  1.58203E-01  2.45088E+00
  1.62109E-01  2.44714E+00
  1.66016E-01  2.44332E+00
  1.69922E-01  2.43942E+00
  1.73828E-01  2.43544E+00
  1.77734E-01  2.43139E+00
  1.81641E-01  2.42726E+00
  1.85547E-01  2.42305E+00
  1.89453E-01  2.41877E+00
  1.93359E-01  2.41440E+00
  1.97266E-01  2.40996E+00
  2.01172E-01  2.40545E+00
  2.05078E-01  2.40085E+00
  2.08984E-01  2.39618E+00
  2.12891E-01  2.39143E+00
  2.16797E-01  2.38661E+00
  2.20703E-01  2.38170E+00
  2.24609E-01  2.37673E+00
  2.28516E-01  2.37167E+00
  2.32422E-01  2.36654E+00
  2.36328E-01  2.36132E+00
  2.40234E-01  2.35604E+00
  2.44141E-01  2.35067E+00
  2.48047E-01  2.34522E+00
  2.51953E-01  2.33970E+00
  2.55859E-01  2.33410E+00
  2.59766E-01  2.32843E+00
  2.63672E-01  2.32267E+00
  2.67578E-01  2.31683E+00
  2.71484E-01  2.31092E+00
  2.75391E-01  2.30493E+00
  2.79297E-01  2.29885E+00
  2.83203E-01  2.29270E+00
  2.87109E-01  2.28647E+00
  2.91016E-01  2.28016E+00
  2.94922E-01  2.27377E+00
  2.98828E-01  2.26730E+00
  3.02734E-01  2.26075E+00
  3.06641E-01  2.25412E+00
  3.10547E-01  2.24740E+00
  3.14453E-01  2.24061E+00
  3.18359E-01  2.23373E+00
  3.22266E-01  2.22677E+00
  3.26172E-01  2.21972E+00
  3.30078E-01  2.21260E+00
  3.33984E-01  2.20539E+00
  3.37891E-01  2.19809E+00
  3.41797E-01  2.19071E+00
  3.45703E-01  2.18325E+00
  3.49609E-01  2.17570E+00
  3.53516E-01  2.16807E+00
  3.57422E-01  2.16035E+00
  3.61328E-01  2.15254E+00
  3.65234E-01  2.14465E+00
  3.69141E-01  2.13666E+00
  3.73047E-01  2.12859E+00
  3.76953E-01  2.12043E+00
  3.80859E-01  2.11217E+00
  3.84766E-01  2.10383E+00
  3.88672E-01  2.09539E+00
  3.92578E-01  2.08686E+00
  3.96484E-01  2.07823E+00
  4.00391E-01  2.06952E+00
  4.04297E-01  2.06070E+00
  4.08203E-01  2.05180E+00
  4.12109E-01  2.04279E+00
  4.16016E-01  2.03369E+00
  4.19922E-01  2.02449E+00
  4.23828E-01  2.01519E+00
  4.27734E-01  2.00579E+00
  4.31641E-01  1.99629E+00
  4.35547E-01  1.98669E+00
  4.39453E-01  1.97698E+00
  4.43359E-01  1.96716E+00
  4.47266E-01  1.95724E+00
  4.51172E-01  1.94720E+00
  4.55078E-01  1.93706E+00
  4.58984E-01  1.92681E+00
  4.62891E-01  1.91644E+00
  4.66797E-01  1.90596E+00
  4.70703E-01  1.89536E+00
  4.74609E-01  1.88464E+00
  4.78516E-01  1.87380E+00
  4.82422E-01  1.86284E+00
  4.86328E-01  1.85175E+00
  4.90234E-01  1.84054E+00
  4.94141E-01  1.82920E+00
  4.98047E-01  1.81774E+00
  5.01953E-01  1.80614E+00
  5.05859E-01  1.79440E+00
  5.09766E-01  1.78253E+00
  5.13672E-01  1.77052E+00
  5.17578E-01  1.75836E+00
  5.21484E-01  1.74606E+00
  5.25391E-01  1.73361E+00
  5.29297E-01  1.72100E+00
  5.33203E-01  1.70824E+00
  5.37109E-01  1.69532E+00
  5.41016E-01  1.68224E+00
  5.44922E-01  1.66899E+00
  5.48828E-01  1.65557E+00
  5.52734E-01  1.64197E+00
  5.56641E-01  1.62818E+00
  5.60547E-01  1.61422E+00
  5.64453E-01  1.60006E+00
  5.68359E-01  1.58570E+00
  5.72266E-01  1.57114E+00
  5.76172E-01  1.55637E+00
  5.80078E-01  1.54138E+00
  5.83984E-01  1.52617E+00
  5.87891E-01  1.51073E+00
  5.91797E-01  1.49504E+00
  5.95703E-01  1.47911E+00
  5.99609E-01  1.46292E+00
  6.03516E-01  1.44647E+00
  6.07422E-01  1.42973E+00
  6.11328E-01  1.41270E+00
  6.15234E-01  1.39537E+00
  6.19141E-01  1.37773E+00
  6.23047E-01  1.35974E+00
  6.26953E-01  1.34141E+00
  6.30859E-01  1.32272E+00
  6.34766E-01  1.30364E+00
  6.38672E-01  1.28415E+00
  6.42578E-01  1.26423E+00
  6.46484E-01  1.24385E+00
  6.50391E-01  1.22299E+00
  6.54297E-01  1.20162E+00
  6.58203E-01  1.17969E+00
  6.62109E-01  1.15716E+00
  6.66016E-01  1.13400E+00
  6.69922E-01  1.11014E+00
  6.73828E-01  1.08554E+00
  6.77734E-01  1.06011E+00
  6.81641E-01  1.03379E+00
  6.85547E-01  1.00647E+00
  6.89453E-01  9.78045E-01
  6.93359E-01  9.48376E-01
  6.97266E-01  9.17295E-01
  7.01172E-01  8.84591E-01
  7.05078E-01  8.49998E-01
  7.08984E-01  8.13154E-01
  7.12891E-01  7.73522E-01
  7.16797E-01  7.30150E-01
  7.20703E-01  6.80776E-01
  7.24609E-01  6.19503E-01
  7.28516E-01  5.36212E-01
  7.32422E-01  4.33532E-01
  7.36328E-01  3.45196E-01
  7.40234E-01  3.00344E-01
  7.44141E-01  2.80794E-01
  7.48047E-01  2.71825E-01
  7.51953E-01  2.66624E-01
  7.55859E-01  2.62468E-01
  7.59766E-01  2.58678E-01
  7.63672E-01  2.55049E-01
  7.67578E-01  2.51506E-01
  7.71484E-01  2.48043E-01
  7.75391E-01  2.44671E-01
  7.79297E-01  2.41386E-01
  7.83203E-01  2.38183E-01
  7.87109E-01  2.35055E-01
  7.91016E-01  2.31999E-01
  7.94922E-01  2.29010E-01
  7.98828E-01  2.26087E-01
  8.02734E-01  2.23227E-01
  8.06641E-01  2.20429E-01
  8.10547E-01  2.17690E-01
  8.14453E-01  2.15007E-01
  8.18359E-01  2.12379E-01
  8.22266E-01  2.09804E-01
  8.26172E-01  2.07281E-01
  8.30078E-01  2.04809E-01
  8.33984E-01  2.02383E-01
  8.37891E-01  2.00008E-01
  8.41797E-01  1.97678E-01
  8.45703E-01  1.95393E-01
  8.49609E-01  1.93151E-01
  8.53516E-01  1.90955E-01
  8.57422E-01  1.88800E-01
  8.61328E-01  1.86684E-01
  8.65234E-01  1.84611E-01
  8.69141E-01  1.82575E-01
  8.73047E-01  1.80579E-01
  8.76953E-01  1.78620E-01
  8.80859E-01  1.76699E-01
  8.84766E-01  1.74814E-01
  8.88672E-01  1.72966E-01
  8.92578E-01  1.71152E-01
  8.96484E-01  1.69374E-01
  9.00391E-01  1.67629E-01
  9.04297E-01  1.65918E-01
  9.08203E-01  1.64241E-01
  9.12109E-01  1.62595E-01
  9.16016E-01  1.60984E-01
  9.19922E-01  1.59406E-01
  9.23828E-01  1.57859E-01
  9.27734E-01  1.56344E-01
  9.31641E-01  1.54860E-01
  9.35547E-01  1.53411E-01
  9.39453E-01  1.51993E-01
  9.43359E-01  1.50605E-01
  9.47266E-01  1.49253E-01
  9.51172E-01  1.47932E-01
  9.55078E-01  1.46647E-01
  9.58984E-01  1.45398E-01
  9.62891E-01  1.44183E-01
  9.66797E-01  1.43011E-01
  9.70703E-01  1.41876E-01
  9.74609E-01  1.40788E-01
  9.78516E-01  1.39747E-01
  9.82422E-01  1.38762E-01
  9.86328E-01  1.37845E-01
  9.90234E-01  1.37007E-01
  9.94141E-01  1.36274E-01
  9.98047E-01  1.35746E-01
  1.00195E+00  1.35746E-01
