 -1.95312E-03  2.54010E+00
  1.95312E-03  2.54024E+00
  5.85938E-03  2.53974E+00
  9.76562E-03  2.53922E+00
  1.36719E-02  2.53862E+00
  1.75781E-02  2.53794E+00
  2.14844E-02  2.53717E+00
  2.53906E-02  2.53631E+00
  2.92969E-02  2.53536E+00
  3.32031E-02  2.53432E+00
  3.71094E-02  2.53320E+00
  4.10156E-02  2.53199E+00
  4.49219E-02  2.53069E+00
  4.88281E-02  2.52931E+00
  5.27344E-02  2.52784E+00
  5.66406E-02  2.52628E+00
  6.05469E-02  2.52464E+00
  6.44531E-02  2.52292E+00
  6.83594E-02  2.52111E+00
  7.22656E-02  2.51922E+00
  7.61719E-02  2.51724E+00
  8.00781E-02  2.51518E+00
  8.39844E-02  2.51304E+00
  8.78906E-02  2.51082E+00
  9.17969E-02  2.50852E+00
  9.57031E-02  2.50613E+00
  9.96094E-02  2.50367E+00
  1.03516E-01  2.50112E+00
  1.07422E-01  2.49849E+00
  1.11328E-01  2.49578E+00
  1.15234E-01  2.49300E+00
  1.19141E-01  2.49013E+00
  1.23047E-01  2.48718E+00
  1.26953E-01  2.48416E+00
  1.30859E-01  2.48105E+00
  1.34766E-01  2.47787E+00
  1.38672E-01  2.47460E+00
  1.42578E-01  2.47126E+00
  1.46484E-01  2.46784E+00
  1.50391E-01  2.46435E+00
  1.54297E-01  2.46077E+00
  1.58203E-01  2.45712E+00
  1.62109E-01  2.45339E+00
  1.66016E-01  2.44958E+00
  1.69922E-01  2.44569E+00
  1.73828E-01  2.44173E+00
  1.77734E-01  2.43769E+00
  1.81641E-01  2.43357E+00
  1.85547E-01  2.42938E+00
  1.89453E-01  2.42511E+00
  1.93359E-01  2.42076E+00
  1.97266E-01  2.41634E+00
  2.01172E-01  2.41184E+00
  2.05078E-01  2.40726E+00
  2.08984E-01  2.40261E+00
  2.12891E-01  2.39787E+00
  2.16797E-01  2.39306E+00
  2.20703E-01  2.38818E+00
  2.24609E-01  2.38322E+00
  2.28516E-01  2.37818E+00
  2.32422E-01  2.37306E+00
  2.36328E-01  2.36787E+00
  2.40234E-01  2.36259E+00
  2.44141E-01  2.35725E+00
  2.48047E-01  2.35182E+00
  2.51953E-01  2.34632E+00
  2.55859E-01  2.34074E+00
  2.59766E-01  2.33508E+00
  2.63672E-01  2.32934E+00
  2.67578E-01  2.32353E+00
  2.71484E-01  2.31764E+00
  2.75391E-01  2.31166E+00
  2.79297E-01  2.30561E+00
  2.83203E-01  2.29948E+00
  2.87109E-01  2.29328E+00
  2.91016E-01  2.28699E+00
  2.94922E-01  2.28062E+00
  2.98828E-01  2.27418E+00
  3.02734E-01  2.26765E+00
  3.06641E-01  2.26104E+00
  3.10547E-01  2.25436E+00
  3.14453E-01  2.24759E+00
  3.18359E-01  2.24074E+00
  3.22266E-01  2.23380E+00
  3.26172E-01  2.22679E+00
  3.30078E-01  2.21969E+00
  3.33984E-01  2.21250E+00
  3.37891E-01  2.20524E+00
  3.41797E-01  2.19789E+00
  3.45703E-01  2.19045E+00
  3.49609E-01  2.18294E+00
  3.53516E-01  2.17533E+00
  3.57422E-01  2.16764E+00
  3.61328E-01  2.15986E+00
  3.65234E-01  2.15200E+00
  3.69141E-01  2.14405E+00
  3.73047E-01  2.13601E+00
  3.76953E-01  2.12788E+00
  3.80859E-01  2.11966E+00
  3.84766E-01  2.11134E+00
  3.88672E-01  2.10294E+00
  3.92578E-01  2.09444E+00
  3.96484E-01  2.08585E+00
  4.00391E-01  2.07717E+00
  4.04297E-01  2.06839E+00
  4.08203E-01  2.05951E+00
  4.12109E-01  2.05055E+00
  4.16016E-01  2.04148E+00
  4.19922E-01  2.03232E+00
  4.23828E-01  2.02306E+00
  4.27734E-01  2.01370E+00
  4.31641E-01  2.00424E+00
  4.35547E-01  1.99467E+00
  4.39453E-01  1.98500E+00
  4.43359E-01  1.97523E+00
  4.47266E-01  1.96535E+00
  4.51172E-01  1.95536E+00
  4.55078E-01  1.94526E+00
  4.58984E-01  1.93506E+00
  4.62891E-01  1.92474E+00
  4.66797E-01  1.91430E+00
  4.70703E-01  1.90375E+00
  4.74609E-01  1.89308E+00
  4.78516E-01  1.88230E+00
  4.82422E-01  1.87139E+00
  4.86328E-01  1.86036E+00
  4.90234E-01  1.84920E+00
  4.94141E-01  1.83792E+00
  4.98047E-01  1.82651E+00
  5.01953E-01  1.81497E+00
  5.05859E-01  1.80329E+00
  5.09766E-01  1.79148E+00
  5.13672E-01  1.77953E+00
  5.17578E-01  1.76743E+00
  5.21484E-01  1.75519E+00
  5.25391E-01  1.74281E+00
  5.29297E-01  1.73027E+00
  5.33203E-01  1.71757E+00
  5.37109E-01  1.70472E+00
  5.41016E-01  1.69171E+00
  5.44922E-01  1.67853E+00
  5.48828E-01  1.66518E+00
  5.52734E-01  1.65165E+00
  5.56641E-01  1.63795E+00
  5.60547E-01  1.62406E+00
  5.64453E-01  1.60998E+00
  5.68359E-01  1.59571E+00
  5.72266E-01  1.58124E+00
  5.76172E-01  1.56655E+00
  5.80078E-01  1.55166E+00
  5.83984E-01  1.53654E+00
  5.87891E-01  1.52119E+00
  5.91797E-01  1.50561E+00
  5.95703E-01  1.48978E+00
  5.99609E-01  1.47369E+00
  6.03516E-01  1.45734E+00
  6.07422E-01  1.44071E+00
  6.11328E-01  1.42380E+00
  6.15234E-01  1.40658E+00
  6.19141E-01  1.38906E+00
  6.23047E-01  1.37120E+00
  6.26953E-01  1.35300E+00
  6.30859E-01  1.33444E+00
  6.34766E-01  1.31549E+00
  6.38672E-01  1.29615E+00
  6.42578E-01  1.27638E+00
  6.46484E-01  1.25617E+00
  6.50391E-01  1.23547E+00
  6.54297E-01  1.21427E+00
  6.58203E-01  1.19253E+00
  6.62109E-01  1.17021E+00
  6.66016E-01  1.14726E+00
  6.69922E-01  1.12364E+00
  6.73828E-01  1.09927E+00
  6.77734E-01  1.07411E+00
  6.81641E-01  1.04807E+00
  6.85547E-01  1.02107E+00
  6.89453E-01  9.92988E-01
  6.93359E-01  9.63705E-01
  6.97266E-01  9.33059E-01
  7.01172E-01  9.00856E-01
  7.05078E-01  8.66850E-01
  7.08984E-01  8.30707E-01
  7.12891E-01  7.91943E-01
  7.16797E-01  7.49538E-01
  7.20703E-01  7.00283E-01
  7.24609E-01  6.33107E-01
  7.28516E-01  5.27294E-01
  7.32422E-01  3.96949E-01
  7.36328E-01  3.11063E-01
  7.40234E-01  2.75779E-01
  7.44141E-01  2.62128E-01
  7.48047E-01  2.55988E-01
  7.51953E-01  2.51887E-01
  7.55859E-01  2.48184E-01
  7.59766E-01  2.44649E-01
  7.63672E-01  2.41229E-01
  7.67578E-01  2.37903E-01
  7.71484E-01  2.34660E-01
  7.75391E-01  2.31497E-01
  7.79297E-01  2.28409E-01
  7.83203E-01  2.25391E-01
  7.87109E-01  2.22440E-01
  7.91016E-01  2.19554E-01
  7.94922E-01  2.16730E-01
  7.98828E-01  2.13964E-01
  8.02734E-01  2.11259E-01
  8.06641E-01  2.08608E-01
  8.10547E-01  2.06012E-01
  8.14453E-01  2.03468E-01
  8.18359E-01  2.00976E-01
  8.22266E-01  1.98532E-01
  8.26172E-01  1.96138E-01
  8.30078E-01  1.93791E-01
  8.33984E-01  1.91487E-01
  8.37891E-01  1.89231E-01
  8.41797E-01  1.87017E-01
  8.45703E-01  1.84846E-01
  8.49609E-01  1.82716E-01
  8.53516E-01  1.80625E-01
  8.57422E-01  1.78576E-01
  8.61328E-01  1.76563E-01
  8.65234E-01  1.74590E-01
  8.69141E-01  1.72653E-01
  8.73047E-01  1.70754E-01
  8.76953E-01  1.68890E-01
  8.80859E-01  1.67062E-01
  8.84766E-01  1.65268E-01
  8.88672E-01  1.63509E-01
  8.92578E-01  1.61782E-01
  8.96484E-01  1.60088E-01
  9.00391E-01  1.58426E-01
  9.04297E-01  1.56795E-01
  9.08203E-01  1.55196E-01
  9.12109E-01  1.53629E-01
  9.16016E-01  1.52093E-01
  9.19922E-01  1.50588E-01
  9.23828E-01  1.49111E-01
  9.27734E-01  1.47666E-01
  9.31641E-01  1.46252E-01
  9.35547E-01  1.44867E-01
  9.39453E-01  1.43512E-01
  9.43359E-01  1.42189E-01
  9.47266E-01  1.40894E-01
  9.51172E-01  1.39632E-01
  9.55078E-01  1.38402E-01
  9.58984E-01  1.37204E-01
  9.62891E-01  1.36043E-01
  9.66797E-01  1.34916E-01
  9.70703E-01  1.33829E-01
  9.74609E-01  1.32781E-01
  9.78516E-01  1.31778E-01
  9.82422E-01  1.30829E-01
  9.86328E-01  1.29938E-01
  9.90234E-01  1.29121E-01
  9.94141E-01  1.28400E-01
  9.98047E-01  1.27864E-01
  1.00195E+00  1.27864E-01
