 -1.95312E-03  2.62538E+00
  1.95312E-03  2.62540E+00
  5.85938E-03  2.62491E+00
  9.76562E-03  2.62440E+00
  1.36719E-02  2.62381E+00
  1.75781E-02  2.62315E+00
  2.14844E-02  2.62240E+00
  2.53906E-02  2.62156E+00
  2.92969E-02  2.62065E+00
  3.32031E-02  2.61965E+00
  3.71094E-02  2.61856E+00
  4.10156E-02  2.61739E+00
  4.49219E-02  2.61614E+00
  4.88281E-02  2.61481E+00
  5.27344E-02  2.61340E+00
  5.66406E-02  2.61191E+00
  6.05469E-02  2.61033E+00
  6.44531E-02  2.60868E+00
  6.83594E-02  2.60694E+00
  7.22656E-02  2.60512E+00
  7.61719E-02  2.60323E+00
  8.00781E-02  2.60125E+00
  8.39844E-02  2.59920E+00
  8.78906E-02  2.59707E+00
  9.17969E-02  2.59486E+00
  9.57031E-02  2.59258E+00
  9.96094E-02  2.59021E+00
  1.03516E-01  2.58777E+00
  1.07422E-01  2.58526E+00
  1.11328E-01  2.58267E+00
  1.15234E-01  2.58000E+00
  1.19141E-01  2.57725E+00
  1.23047E-01  2.57443E+00
  1.26953E-01  2.57154E+00
  1.30859E-01  2.56857E+00
  1.34766E-01  2.56552E+00
  1.38672E-01  2.56240E+00
  1.42578E-01  2.55921E+00
  1.46484E-01  2.55594E+00
  1.50391E-01  2.55260E+00
  1.54297E-01  2.54919E+00
  1.58203E-01  2.54570E+00
  1.62109E-01  2.54214E+00
  1.66016E-01  2.53850E+00
  1.69922E-01  2.53479E+00
  1.73828E-01  2.53101E+00
  1.77734E-01  2.52715E+00
  1.81641E-01  2.52323E+00
  1.85547E-01  2.51922E+00
  1.89453E-01  2.51515E+00
  1.93359E-01  2.51100E+00
  1.97266E-01  2.50679E+00
  2.01172E-01  2.50250E+00
  2.05078E-01  2.49813E+00
  2.08984E-01  2.49370E+00
  2.12891E-01  2.48919E+00
  2.16797E-01  2.48461E+00
  2.20703E-01  2.47995E+00
  2.24609E-01  2.47523E+00
  2.28516E-01  2.47043E+00
  2.32422E-01  2.46556E+00
  2.36328E-01  2.46062E+00
  2.40234E-01  2.45560E+00
  2.44141E-01  2.45051E+00
  2.48047E-01  2.44535E+00
  2.51953E-01  2.44012E+00
  2.55859E-01  2.43481E+00
  2.59766E-01  2.42943E+00
  2.63672E-01  2.42398E+00
  2.67578E-01  2.41846E+00
  2.71484E-01  2.41286E+00
  2.75391E-01  2.40719E+00
  2.79297E-01  2.40144E+00
  2.83203E-01  2.39562E+00
  2.87109E-01  2.38973E+00
  2.91016E-01  2.38376E+00
  2.94922E-01  2.37772E+00
  2.98828E-01  2.37161E+00
  3.02734E-01  2.36542E+00
  3.06641E-01  2.35916E+00
  3.10547E-01  2.35282E+00
  3.14453E-01  2.34641E+00
  3.18359E-01  2.33992E+00
  3.22266E-01  2.33335E+00
  3.26172E-01  2.32671E+00
  3.30078E-01  2.32000E+00
  3.33984E-01  2.31320E+00
  3.37891E-01  2.30633E+00
  3.41797E-01  2.29938E+00
  3.45703E-01  2.29235E+00
  3.49609E-01  2.28525E+00
  3.53516E-01  2.27806E+00
  3.57422E-01  2.27080E+00
  3.61328E-01  2.26346E+00
  3.65234E-01  2.25604E+00
  3.69141E-01  2.24854E+00
  3.73047E-01  2.24095E+00
  3.76953E-01  2.23329E+00
  3.80859E-01  2.22555E+00
  3.84766E-01  2.21772E+00
  3.88672E-01  2.20981E+00
  3.92578E-01  2.20181E+00
  3.96484E-01  2.19373E+00
  4.00391E-01  2.18556E+00
  4.04297E-01  2.17731E+00
  4.08203E-01  2.16897E+00
  4.12109E-01  2.16054E+00
  4.16016E-01  2.15203E+00
  4.19922E-01  2.14342E+00
  4.23828E-01  2.13473E+00
  4.27734E-01  2.12594E+00
  4.31641E-01  2.11707E+00
  4.35547E-01  2.10810E+00
  4.39453E-01  2.09904E+00
  4.43359E-01  2.08989E+00
  4.47266E-01  2.08064E+00
  4.51172E-01  2.07130E+00
  4.55078E-01  2.06186E+00
  4.58984E-01  2.05232E+00
  4.62891E-01  2.04269E+00
  4.66797E-01  2.03295E+00
  4.70703E-01  2.02311E+00
  4.74609E-01  2.01317E+00
  4.78516E-01  2.00312E+00
  4.82422E-01  1.99296E+00
  4.86328E-01  1.98270E+00
  4.90234E-01  1.97233E+00
  4.94141E-01  1.96184E+00
  4.98047E-01  1.95124E+00
  5.01953E-01  1.94052E+00
  5.05859E-01  1.92969E+00
  5.09766E-01  1.91873E+00
  5.13672E-01  1.90765E+00
  5.17578E-01  1.89645E+00
  5.21484E-01  1.88513E+00
  5.25391E-01  1.87367E+00
  5.29297E-01  1.86209E+00
  5.33203E-01  1.85036E+00
  5.37109E-01  1.83851E+00
  5.41016E-01  1.82651E+00
  5.44922E-01  1.81437E+00
  5.48828E-01  1.80208E+00
  5.52734E-01  1.78964E+00
  5.56641E-01  1.77705E+00
  5.60547E-01  1.76430E+00
  5.64453E-01  1.75139E+00
  5.68359E-01  1.73831E+00
  5.72266E-01  1.72506E+00
  5.76172E-01  1.71163E+00
  5.80078E-01  1.69802E+00
  5.83984E-01  1.68423E+00
  5.87891E-01  1.67023E+00
  5.91797E-01  1.65604E+00
  5.95703E-01  1.64163E+00
  5.99609E-01  1.62701E+00
  6.03516E-01  1.61216E+00
  6.07422E-01  1.59708E+00
  6.11328E-01  1.58176E+00
  6.15234E-01  1.56618E+00
  6.19141E-01  1.55034E+00
  6.23047E-01  1.53422E+00
  6.26953E-01  1.51781E+00
  6.30859E-01  1.50110E+00
  6.34766E-01  1.48407E+00
  6.38672E-01  1.46670E+00
  6.42578E-01  1.44899E+00
  6.46484E-01  1.43090E+00
  6.50391E-01  1.41241E+00
  6.54297E-01  1.39351E+00
  6.58203E-01  1.37415E+00
  6.62109E-01  1.35431E+00
  6.66016E-01  1.33396E+00
  6.69922E-01  1.31306E+00
  6.73828E-01  1.29156E+00
  6.77734E-01  1.26942E+00
  6.81641E-01  1.24657E+00
  6.85547E-01  1.22295E+00
  6.89453E-01  1.19847E+00
  6.93359E-01  1.17303E+00
  6.97266E-01  1.14653E+00
  7.01172E-01  1.11881E+00
  7.05078E-01  1.08969E+00
  7.08984E-01  1.05895E+00
  7.12891E-01  1.02627E+00
  7.16797E-01  9.91180E-01
  7.20703E-01  9.52386E-01
  7.24609E-01  9.01940E-01
  7.28516E-01  7.88882E-01
  7.32422E-01  9.67738E-03
  7.36328E-01  9.55286E-03
  7.40234E-01  9.40395E-03
  7.44141E-01  9.26095E-03
  7.48047E-01  9.11761E-03
  7.51953E-01  8.98028E-03
  7.55859E-01  8.84306E-03
  7.59766E-01  8.71163E-03
  7.63672E-01  8.58018E-03
  7.67578E-01  8.45387E-03
  7.71484E-01  8.32739E-03
  7.75391E-01  8.20582E-03
  7.79297E-01  8.08430E-03
  7.83203E-01  7.96773E-03
  7.87109E-01  7.85110E-03
  7.91016E-01  7.73886E-03
  7.94922E-01  7.62664E-03
  7.98828E-01  7.51839E-03
  8.02734E-01  7.41077E-03
  8.06641E-01  7.30643E-03
  8.10547E-01  7.20243E-03
  8.14453E-01  7.10245E-03
  8.18359E-01  7.00240E-03
  8.22266E-01  6.90589E-03
  8.26172E-01  6.81002E-03
  8.30078E-01  6.71645E-03
  8.33984E-01  6.62427E-03
  8.37891E-01  6.53398E-03
  8.41797E-01  6.44535E-03
  8.45703E-01  6.35825E-03
  8.49609E-01  6.27300E-03
  8.53516E-01  6.18893E-03
  8.57422E-01  6.10653E-03
  8.61328E-01  6.02532E-03
  8.65234E-01  5.94610E-03
  8.69141E-01  5.86780E-03
  8.73047E-01  5.79161E-03
  8.76953E-01  5.71564E-03
  8.80859E-01  5.64203E-03
  8.84766E-01  5.56867E-03
  8.88672E-01  5.49785E-03
  8.92578E-01  5.42697E-03
  8.96484E-01  5.35839E-03
  9.00391E-01  5.29009E-03
  9.04297E-01  5.22383E-03
  9.08203E-01  5.15777E-03
  9.12109E-01  5.09362E-03
  9.16016E-01  5.03000E-03
  9.19922E-01  4.96801E-03
  9.23828E-01  4.90652E-03
  9.27734E-01  4.84655E-03
  9.31641E-01  4.78717E-03
  9.35547E-01  4.72941E-03
  9.39453E-01  4.67214E-03
  9.43359E-01  4.61636E-03
  9.47266E-01  4.56069E-03
  9.51172E-01  4.50706E-03
  9.55078E-01  4.45388E-03
  9.58984E-01  4.40229E-03
  9.62891E-01  4.35091E-03
  9.66797E-01  4.30193E-03
  9.70703E-01  4.25358E-03
  9.74609E-01  4.20693E-03
  9.78516E-01  4.16203E-03
  9.82422E-01  4.11937E-03
  9.86328E-01  4.07893E-03
  9.90234E-01  4.04137E-03
  9.94141E-01  4.00795E-03
  9.98047E-01  3.99229E-03
  1.00195E+00  3.99229E-03
