 -1.95312E-03  2.62505E+00
  1.95312E-03  2.62508E+00
  5.85938E-03  2.62458E+00
  9.76562E-03  2.62407E+00
  1.36719E-02  2.62349E+00
  1.75781E-02  2.62283E+00
  2.14844E-02  2.62208E+00
  2.53906E-02  2.62124E+00
  2.92969E-02  2.62032E+00
  3.32031E-02  2.61932E+00
  3.71094E-02  2.61824E+00
  4.10156E-02  2.61707E+00
  4.49219E-02  2.61582E+00
  4.88281E-02  2.61449E+00
  5.27344E-02  2.61307E+00
  5.66406E-02  2.61158E+00
  6.05469E-02  2.61000E+00
  6.44531E-02  2.60835E+00
  6.83594E-02  2.60661E+00
  7.22656E-02  2.60480E+00
  7.61719E-02  2.60290E+00
  8.00781E-02  2.60093E+00
  8.39844E-02  2.59887E+00
  8.78906E-02  2.59674E+00
  9.17969E-02  2.59453E+00
  9.57031E-02  2.59225E+00
  9.96094E-02  2.58989E+00
  1.03516E-01  2.58745E+00
  1.07422E-01  2.58493E+00
  1.11328E-01  2.58234E+00
  1.15234E-01  2.57967E+00
  1.19141E-01  2.57692E+00
  1.23047E-01  2.57410E+00
  1.26953E-01  2.57121E+00
  1.30859E-01  2.56824E+00
  1.34766E-01  2.56519E+00
  1.38672E-01  2.56207E+00
  1.42578E-01  2.55888E+00
  1.46484E-01  2.55561E+00
  1.50391E-01  2.55227E+00
  1.54297E-01  2.54886E+00
  1.58203E-01  2.54537E+00
  1.62109E-01  2.54181E+00
  1.66016E-01  2.53817E+00
  1.69922E-01  2.53446E+00
  1.73828E-01  2.53068E+00
  1.77734E-01  2.52682E+00
  1.81641E-01  2.52290E+00
  1.85547E-01  2.51890E+00
  1.89453E-01  2.51482E+00
  1.93359E-01  2.51067E+00
  1.97266E-01  2.50646E+00
  2.01172E-01  2.50216E+00
  2.05078E-01  2.49780E+00
  2.08984E-01  2.49337E+00
  2.12891E-01  2.48886E+00
  2.16797E-01  2.48427E+00
  2.20703E-01  2.47962E+00
  2.24609E-01  2.47489E+00
  2.28516E-01  2.47009E+00
  2.32422E-01  2.46522E+00
  2.36328E-01  2.46028E+00
  2.40234E-01  2.45526E+00
  2.44141E-01  2.45017E+00
  2.48047E-01  2.44501E+00
  2.51953E-01  2.43978E+00
  2.55859E-01  2.43447E+00
  2.59766E-01  2.42909E+00
  2.63672E-01  2.42364E+00
  2.67578E-01  2.41812E+00
  2.71484E-01  2.41252E+00
  2.75391E-01  2.40685E+00
  2.79297E-01  2.40110E+00
  2.83203E-01  2.39528E+00
  2.87109E-01  2.38939E+00
  2.91016E-01  2.38342E+00
  2.94922E-01  2.37738E+00
  2.98828E-01  2.37127E+00
  3.02734E-01  2.36508E+00
  3.06641E-01  2.35882E+00
  3.10547E-01  2.35248E+00
  3.14453E-01  2.34607E+00
  3.18359E-01  2.33958E+00
  3.22266E-01  2.33301E+00
  3.26172E-01  2.32637E+00
  3.30078E-01  2.31966E+00
  3.33984E-01  2.31286E+00
  3.37891E-01  2.30599E+00
  3.41797E-01  2.29904E+00
  3.45703E-01  2.29201E+00
  3.49609E-01  2.28491E+00
  3.53516E-01  2.27772E+00
  3.57422E-01  2.27046E+00
  3.61328E-01  2.26312E+00
  3.65234E-01  2.25570E+00
  3.69141E-01  2.24820E+00
  3.73047E-01  2.24062E+00
  3.76953E-01  2.23295E+00
  3.80859E-01  2.22521E+00
  3.84766E-01  2.21738E+00
  3.88672E-01  2.20947E+00
  3.92578E-01  2.20147E+00
  3.96484E-01  2.19339E+00
  4.00391E-01  2.18523E+00
  4.04297E-01  2.17697E+00
  4.08203E-01  2.16864E+00
  4.12109E-01  2.16021E+00
  4.16016E-01  2.15169E+00
  4.19922E-01  2.14309E+00
  4.23828E-01  2.13439E+00
  4.27734E-01  2.12561E+00
  4.31641E-01  2.11674E+00
  4.35547E-01  2.10777E+00
  4.39453E-01  2.09872E+00
  4.43359E-01  2.08957E+00
  4.47266E-01  2.08032E+00
  4.51172E-01  2.07098E+00
  4.55078E-01  2.06154E+00
  4.58984E-01  2.05201E+00
  4.62891E-01  2.04237E+00
  4.66797E-01  2.03263E+00
  4.70703E-01  2.02279E+00
  4.74609E-01  2.01285E+00
  4.78516E-01  2.00280E+00
  4.82422E-01  1.99265E+00
  4.86328E-01  1.98239E+00
  4.90234E-01  1.97202E+00
  4.94141E-01  1.96153E+00
  4.98047E-01  1.95093E+00
  5.01953E-01  1.94022E+00
  5.05859E-01  1.92939E+00
  5.09766E-01  1.91843E+00
  5.13672E-01  1.90736E+00
  5.17578E-01  1.89616E+00
  5.21484E-01  1.88484E+00
  5.25391E-01  1.87338E+00
  5.29297E-01  1.86180E+00
  5.33203E-01  1.85008E+00
  5.37109E-01  1.83823E+00
  5.41016E-01  1.82623E+00
  5.44922E-01  1.81409E+00
  5.48828E-01  1.80181E+00
  5.52734E-01  1.78938E+00
  5.56641E-01  1.77679E+00
  5.60547E-01  1.76405E+00
  5.64453E-01  1.75114E+00
  5.68359E-01  1.73807E+00
  5.72266E-01  1.72482E+00
  5.76172E-01  1.71140E+00
  5.80078E-01  1.69780E+00
  5.83984E-01  1.68401E+00
  5.87891E-01  1.67003E+00
  5.91797E-01  1.65585E+00
  5.95703E-01  1.64146E+00
  5.99609E-01  1.62687E+00
  6.03516E-01  1.61205E+00
  6.07422E-01  1.59700E+00
  6.11328E-01  1.58171E+00
  6.15234E-01  1.56618E+00
  6.19141E-01  1.55038E+00
  6.23047E-01  1.53431E+00
  6.26953E-01  1.51796E+00
  6.30859E-01  1.50131E+00
  6.34766E-01  1.48436E+00
  6.38672E-01  1.46707E+00
  6.42578E-01  1.44944E+00
  6.46484E-01  1.43144E+00
  6.50391E-01  1.41307E+00
  6.54297E-01  1.39429E+00
  6.58203E-01  1.37507E+00
  6.62109E-01  1.35538E+00
  6.66016E-01  1.33519E+00
  6.69922E-01  1.31446E+00
  6.73828E-01  1.29314E+00
  6.77734E-01  1.27119E+00
  6.81641E-01  1.24855E+00
  6.85547E-01  1.22515E+00
  6.89453E-01  1.20093E+00
  6.93359E-01  1.17578E+00
  6.97266E-01  1.14960E+00
  7.01172E-01  1.12224E+00
  7.05078E-01  1.09354E+00
  7.08984E-01  1.06329E+00
  7.12891E-01  1.03120E+00
  7.16797E-01  9.96843E-01
  7.20703E-01  9.59088E-01
  7.24609E-01  9.10905E-01
  7.28516E-01  8.03848E-01
  7.32422E-01  1.73469E-02
  7.36328E-01  1.70859E-02
  7.40234E-01  1.68367E-02
  7.44141E-01  1.65844E-02
  7.48047E-01  1.63340E-02
  7.51953E-01  1.60805E-02
  7.55859E-01  1.58275E-02
  7.59766E-01  1.55808E-02
  7.63672E-01  1.53460E-02
  7.67578E-01  1.51183E-02
  7.71484E-01  1.48962E-02
  7.75391E-01  1.46780E-02
  7.79297E-01  1.44658E-02
  7.83203E-01  1.42574E-02
  7.87109E-01  1.40523E-02
  7.91016E-01  1.38501E-02
  7.94922E-01  1.36504E-02
  7.98828E-01  1.34512E-02
  8.02734E-01  1.32553E-02
  8.06641E-01  1.30638E-02
  8.10547E-01  1.28817E-02
  8.14453E-01  1.27028E-02
  8.18359E-01  1.25285E-02
  8.22266E-01  1.23563E-02
  8.26172E-01  1.21881E-02
  8.30078E-01  1.20217E-02
  8.33984E-01  1.18594E-02
  8.37891E-01  1.16992E-02
  8.41797E-01  1.15429E-02
  8.45703E-01  1.13884E-02
  8.49609E-01  1.12374E-02
  8.53516E-01  1.10885E-02
  8.57422E-01  1.09430E-02
  8.61328E-01  1.07993E-02
  8.65234E-01  1.06590E-02
  8.69141E-01  1.05203E-02
  8.73047E-01  1.03844E-02
  8.76953E-01  1.02507E-02
  8.80859E-01  1.01199E-02
  8.84766E-01  9.99048E-03
  8.88672E-01  9.86392E-03
  8.92578E-01  9.73917E-03
  8.96484E-01  9.61714E-03
  9.00391E-01  9.49652E-03
  9.04297E-01  9.37852E-03
  9.08203E-01  9.26173E-03
  9.12109E-01  9.14791E-03
  9.16016E-01  9.03520E-03
  9.19922E-01  8.92513E-03
  9.23828E-01  8.81600E-03
  9.27734E-01  8.70962E-03
  9.31641E-01  8.60436E-03
  9.35547E-01  8.50120E-03
  9.39453E-01  8.39921E-03
  9.43359E-01  8.30015E-03
  9.47266E-01  8.20135E-03
  9.51172E-01  8.10496E-03
  9.55078E-01  8.01023E-03
  9.58984E-01  7.91676E-03
  9.62891E-01  7.82526E-03
  9.66797E-01  7.73549E-03
  9.70703E-01  7.64743E-03
  9.74609E-01  7.56185E-03
  9.78516E-01  7.47872E-03
  9.82422E-01  7.39910E-03
  9.86328E-01  7.32434E-03
  9.90234E-01  7.25768E-03
  9.94141E-01  7.20427E-03
  9.98047E-01  7.17743E-03
  1.00195E+00  7.17743E-03
