 -1.95312E-03  2.62175E+00
  1.95312E-03  2.62177E+00
  5.85938E-03  2.62127E+00
  9.76562E-03  2.62077E+00
  1.36719E-02  2.62018E+00
  1.75781E-02  2.61951E+00
  2.14844E-02  2.61876E+00
  2.53906E-02  2.61793E+00
  2.92969E-02  2.61701E+00
  3.32031E-02  2.61601E+00
  3.71094E-02  2.61492E+00
  4.10156E-02  2.61375E+00
  4.49219E-02  2.61250E+00
  4.88281E-02  2.61117E+00
  5.27344E-02  2.60975E+00
  5.66406E-02  2.60825E+00
  6.05469E-02  2.60667E+00
  6.44531E-02  2.60502E+00
  6.83594E-02  2.60328E+00
  7.22656E-02  2.60146E+00
  7.61719E-02  2.59956E+00
  8.00781E-02  2.59758E+00
  8.39844E-02  2.59553E+00
  8.78906E-02  2.59339E+00
  9.17969E-02  2.59118E+00
  9.57031E-02  2.58889E+00
  9.96094E-02  2.58652E+00
  1.03516E-01  2.58408E+00
  1.07422E-01  2.58156E+00
  1.11328E-01  2.57896E+00
  1.15234E-01  2.57629E+00
  1.19141E-01  2.57354E+00
  1.23047E-01  2.57071E+00
  1.26953E-01  2.56781E+00
  1.30859E-01  2.56484E+00
  1.34766E-01  2.56179E+00
  1.38672E-01  2.55866E+00
  1.42578E-01  2.55546E+00
  1.46484E-01  2.55219E+00
  1.50391E-01  2.54884E+00
  1.54297E-01  2.54542E+00
  1.58203E-01  2.54192E+00
  1.62109E-01  2.53835E+00
  1.66016E-01  2.53471E+00
  1.69922E-01  2.53099E+00
  1.73828E-01  2.52720E+00
  1.77734E-01  2.52334E+00
  1.81641E-01  2.51940E+00
  1.85547E-01  2.51539E+00
  1.89453E-01  2.51131E+00
  1.93359E-01  2.50715E+00
  1.97266E-01  2.50292E+00
  2.01172E-01  2.49862E+00
  2.05078E-01  2.49425E+00
  2.08984E-01  2.48980E+00
  2.12891E-01  2.48528E+00
  2.16797E-01  2.48069E+00
  2.20703E-01  2.47603E+00
  2.24609E-01  2.47129E+00
  2.28516E-01  2.46648E+00
  2.32422E-01  2.46160E+00
  2.36328E-01  2.45665E+00
  2.40234E-01  2.45162E+00
  2.44141E-01  2.44652E+00
  2.48047E-01  2.44135E+00
  2.51953E-01  2.43610E+00
  2.55859E-01  2.43078E+00
  2.59766E-01  2.42539E+00
  2.63672E-01  2.41993E+00
  2.67578E-01  2.41439E+00
  2.71484E-01  2.40878E+00
  2.75391E-01  2.40309E+00
  2.79297E-01  2.39733E+00
  2.83203E-01  2.39150E+00
  2.87109E-01  2.38559E+00
  2.91016E-01  2.37961E+00
  2.94922E-01  2.37356E+00
  2.98828E-01  2.36743E+00
  3.02734E-01  2.36123E+00
  3.06641E-01  2.35495E+00
  3.10547E-01  2.34860E+00
  3.14453E-01  2.34217E+00
  3.18359E-01  2.33566E+00
  3.22266E-01  2.32908E+00
  3.26172E-01  2.32242E+00
  3.30078E-01  2.31569E+00
  3.33984E-01  2.30888E+00
  3.37891E-01  2.30199E+00
  3.41797E-01  2.29502E+00
  3.45703E-01  2.28798E+00
  3.49609E-01  2.28085E+00
  3.53516E-01  2.27365E+00
  3.57422E-01  2.26637E+00
  3.61328E-01  2.25902E+00
  3.65234E-01  2.25158E+00
  3.69141E-01  2.24406E+00
  3.73047E-01  2.23645E+00
  3.76953E-01  2.22877E+00
  3.80859E-01  2.22101E+00
  3.84766E-01  2.21316E+00
  3.88672E-01  2.20522E+00
  3.92578E-01  2.19721E+00
  3.96484E-01  2.18911E+00
  4.00391E-01  2.18092E+00
  4.04297E-01  2.17264E+00
  4.08203E-01  2.16428E+00
  4.12109E-01  2.15583E+00
  4.16016E-01  2.14729E+00
  4.19922E-01  2.13866E+00
  4.23828E-01  2.12994E+00
  4.27734E-01  2.12113E+00
  4.31641E-01  2.11223E+00
  4.35547E-01  2.10324E+00
  4.39453E-01  2.09415E+00
  4.43359E-01  2.08497E+00
  4.47266E-01  2.07570E+00
  4.51172E-01  2.06633E+00
  4.55078E-01  2.05686E+00
  4.58984E-01  2.04729E+00
  4.62891E-01  2.03762E+00
  4.66797E-01  2.02785E+00
  4.70703E-01  2.01798E+00
  4.74609E-01  2.00800E+00
  4.78516E-01  1.99791E+00
  4.82422E-01  1.98772E+00
  4.86328E-01  1.97742E+00
  4.90234E-01  1.96700E+00
  4.94141E-01  1.95648E+00
  4.98047E-01  1.94584E+00
  5.01953E-01  1.93508E+00
  5.05859E-01  1.92421E+00
  5.09766E-01  1.91321E+00
  5.13672E-01  1.90209E+00
  5.17578E-01  1.89085E+00
  5.21484E-01  1.87947E+00
  5.25391E-01  1.86797E+00
  5.29297E-01  1.85634E+00
  5.33203E-01  1.84458E+00
  5.37109E-01  1.83267E+00
  5.41016E-01  1.82063E+00
  5.44922E-01  1.80844E+00
  5.48828E-01  1.79610E+00
  5.52734E-01  1.78362E+00
  5.56641E-01  1.77097E+00
  5.60547E-01  1.75817E+00
  5.64453E-01  1.74521E+00
  5.68359E-01  1.73208E+00
  5.72266E-01  1.71877E+00
  5.76172E-01  1.70529E+00
  5.80078E-01  1.69163E+00
  5.83984E-01  1.67778E+00
  5.87891E-01  1.66373E+00
  5.91797E-01  1.64948E+00
  5.95703E-01  1.63502E+00
  5.99609E-01  1.62035E+00
  6.03516E-01  1.60546E+00
  6.07422E-01  1.59033E+00
  6.11328E-01  1.57496E+00
  6.15234E-01  1.55934E+00
  6.19141E-01  1.54347E+00
  6.23047E-01  1.52731E+00
  6.26953E-01  1.51088E+00
  6.30859E-01  1.49414E+00
  6.34766E-01  1.47709E+00
  6.38672E-01  1.45971E+00
  6.42578E-01  1.44199E+00
  6.46484E-01  1.42390E+00
  6.50391E-01  1.40542E+00
  6.54297E-01  1.38652E+00
  6.58203E-01  1.36719E+00
  6.62109E-01  1.34739E+00
  6.66016E-01  1.32709E+00
  6.69922E-01  1.30624E+00
  6.73828E-01  1.28482E+00
  6.77734E-01  1.26277E+00
  6.81641E-01  1.24003E+00
  6.85547E-01  1.21653E+00
  6.89453E-01  1.19220E+00
  6.93359E-01  1.16696E+00
  6.97266E-01  1.14069E+00
  7.01172E-01  1.11326E+00
  7.05078E-01  1.08451E+00
  7.08984E-01  1.05422E+00
  7.12891E-01  1.02212E+00
  7.16797E-01  9.87785E-01
  7.20703E-01  9.50083E-01
  7.24609E-01  9.01963E-01
  7.28516E-01  7.95282E-01
  7.32422E-01  4.14932E-02
  7.36328E-01  4.01037E-02
  7.40234E-01  3.96484E-02
  7.44141E-01  3.90497E-02
  7.48047E-01  3.84762E-02
  7.51953E-01  3.79017E-02
  7.55859E-01  3.73500E-02
  7.59766E-01  3.68043E-02
  7.63672E-01  3.62700E-02
  7.67578E-01  3.57454E-02
  7.71484E-01  3.52407E-02
  7.75391E-01  3.47338E-02
  7.79297E-01  3.42425E-02
  7.83203E-01  3.37540E-02
  7.87109E-01  3.32794E-02
  7.91016E-01  3.28116E-02
  7.94922E-01  3.23600E-02
  7.98828E-01  3.19202E-02
  8.02734E-01  3.14901E-02
  8.06641E-01  3.10564E-02
  8.10547E-01  3.06324E-02
  8.14453E-01  3.02155E-02
  8.18359E-01  2.98100E-02
  8.22266E-01  2.94070E-02
  8.26172E-01  2.90136E-02
  8.30078E-01  2.86302E-02
  8.33984E-01  2.82545E-02
  8.37891E-01  2.78795E-02
  8.41797E-01  2.75107E-02
  8.45703E-01  2.71479E-02
  8.49609E-01  2.68005E-02
  8.53516E-01  2.64565E-02
  8.57422E-01  2.61163E-02
  8.61328E-01  2.57770E-02
  8.65234E-01  2.54465E-02
  8.69141E-01  2.51232E-02
  8.73047E-01  2.48108E-02
  8.76953E-01  2.45031E-02
  8.80859E-01  2.42001E-02
  8.84766E-01  2.38964E-02
  8.88672E-01  2.35990E-02
  8.92578E-01  2.33075E-02
  8.96484E-01  2.30232E-02
  9.00391E-01  2.27444E-02
  9.04297E-01  2.24694E-02
  9.08203E-01  2.22019E-02
  9.12109E-01  2.19396E-02
  9.16016E-01  2.16819E-02
  9.19922E-01  2.14273E-02
  9.23828E-01  2.11739E-02
  9.27734E-01  2.09229E-02
  9.31641E-01  2.06756E-02
  9.35547E-01  2.04330E-02
  9.39453E-01  2.01943E-02
  9.43359E-01  1.99599E-02
  9.47266E-01  1.97292E-02
  9.51172E-01  1.95032E-02
  9.55078E-01  1.92833E-02
  9.58984E-01  1.90673E-02
  9.62891E-01  1.88553E-02
  9.66797E-01  1.86490E-02
  9.70703E-01  1.84465E-02
  9.74609E-01  1.82476E-02
  9.78516E-01  1.80525E-02
  9.82422E-01  1.78616E-02
  9.86328E-01  1.76755E-02
  9.90234E-01  1.74974E-02
  9.94141E-01  1.73671E-02
  9.98047E-01  1.72995E-02
  1.00195E+00  1.72995E-02
