 -1.95312E-03  2.62496E+00
  1.95312E-03  2.62498E+00
  5.85938E-03  2.62449E+00
  9.76562E-03  2.62398E+00
  1.36719E-02  2.62339E+00
  1.75781E-02  2.62273E+00
  2.14844E-02  2.62198E+00
  2.53906E-02  2.62114E+00
  2.92969E-02  2.62023E+00
  3.32031E-02  2.61922E+00
  3.71094E-02  2.61814E+00
  4.10156E-02  2.61697E+00
  4.49219E-02  2.61572E+00
  4.88281E-02  2.61439E+00
  5.27344E-02  2.61297E+00
  5.66406E-02  2.61148E+00
  6.05469E-02  2.60990E+00
  6.44531E-02  2.60825E+00
  6.83594E-02  2.60651E+00
  7.22656E-02  2.60469E+00
  7.61719E-02  2.60280E+00
  8.00781E-02  2.60082E+00
  8.39844E-02  2.59877E+00
  8.78906E-02  2.59664E+00
  9.17969E-02  2.59443E+00
  9.57031E-02  2.59214E+00
  9.96094E-02  2.58978E+00
  1.03516E-01  2.58734E+00
  1.07422E-01  2.58482E+00
  1.11328E-01  2.58223E+00
  1.15234E-01  2.57956E+00
  1.19141E-01  2.57682E+00
  1.23047E-01  2.57400E+00
  1.26953E-01  2.57110E+00
  1.30859E-01  2.56813E+00
  1.34766E-01  2.56509E+00
  1.38672E-01  2.56197E+00
  1.42578E-01  2.55877E+00
  1.46484E-01  2.55551E+00
  1.50391E-01  2.55216E+00
  1.54297E-01  2.54875E+00
  1.58203E-01  2.54526E+00
  1.62109E-01  2.54169E+00
  1.66016E-01  2.53806E+00
  1.69922E-01  2.53435E+00
  1.73828E-01  2.53057E+00
  1.77734E-01  2.52671E+00
  1.81641E-01  2.52278E+00
  1.85547E-01  2.51878E+00
  1.89453E-01  2.51471E+00
  1.93359E-01  2.51056E+00
  1.97266E-01  2.50634E+00
  2.01172E-01  2.50205E+00
  2.05078E-01  2.49769E+00
  2.08984E-01  2.49325E+00
  2.12891E-01  2.48874E+00
  2.16797E-01  2.48416E+00
  2.20703E-01  2.47950E+00
  2.24609E-01  2.47478E+00
  2.28516E-01  2.46998E+00
  2.32422E-01  2.46510E+00
  2.36328E-01  2.46016E+00
  2.40234E-01  2.45514E+00
  2.44141E-01  2.45005E+00
  2.48047E-01  2.44489E+00
  2.51953E-01  2.43966E+00
  2.55859E-01  2.43435E+00
  2.59766E-01  2.42897E+00
  2.63672E-01  2.42352E+00
  2.67578E-01  2.41800E+00
  2.71484E-01  2.41240E+00
  2.75391E-01  2.40673E+00
  2.79297E-01  2.40098E+00
  2.83203E-01  2.39516E+00
  2.87109E-01  2.38927E+00
  2.91016E-01  2.38330E+00
  2.94922E-01  2.37726E+00
  2.98828E-01  2.37115E+00
  3.02734E-01  2.36496E+00
  3.06641E-01  2.35870E+00
  3.10547E-01  2.35236E+00
  3.14453E-01  2.34595E+00
  3.18359E-01  2.33946E+00
  3.22266E-01  2.33290E+00
  3.26172E-01  2.32625E+00
  3.30078E-01  2.31954E+00
  3.33984E-01  2.31274E+00
  3.37891E-01  2.30587E+00
  3.41797E-01  2.29892E+00
  3.45703E-01  2.29189E+00
  3.49609E-01  2.28479E+00
  3.53516E-01  2.27760E+00
  3.57422E-01  2.27034E+00
  3.61328E-01  2.26300E+00
  3.65234E-01  2.25558E+00
  3.69141E-01  2.24808E+00
  3.73047E-01  2.24050E+00
  3.76953E-01  2.23283E+00
  3.80859E-01  2.22509E+00
  3.84766E-01  2.21726E+00
  3.88672E-01  2.20935E+00
  3.92578E-01  2.20135E+00
  3.96484E-01  2.19328E+00
  4.00391E-01  2.18511E+00
  4.04297E-01  2.17686E+00
  4.08203E-01  2.16852E+00
  4.12109E-01  2.16010E+00
  4.16016E-01  2.15158E+00
  4.19922E-01  2.14298E+00
  4.23828E-01  2.13428E+00
  4.27734E-01  2.12550E+00
  4.31641E-01  2.11663E+00
  4.35547E-01  2.10766E+00
  4.39453E-01  2.09861E+00
  4.43359E-01  2.08945E+00
  4.47266E-01  2.08021E+00
  4.51172E-01  2.07087E+00
  4.55078E-01  2.06143E+00
  4.58984E-01  2.05189E+00
  4.62891E-01  2.04226E+00
  4.66797E-01  2.03252E+00
  4.70703E-01  2.02268E+00
  4.74609E-01  2.01274E+00
  4.78516E-01  2.00269E+00
  4.82422E-01  1.99254E+00
  4.86328E-01  1.98228E+00
  4.90234E-01  1.97190E+00
  4.94141E-01  1.96142E+00
  4.98047E-01  1.95082E+00
  5.01953E-01  1.94011E+00
  5.05859E-01  1.92927E+00
  5.09766E-01  1.91832E+00
  5.13672E-01  1.90725E+00
  5.17578E-01  1.89605E+00
  5.21484E-01  1.88472E+00
  5.25391E-01  1.87327E+00
  5.29297E-01  1.86168E+00
  5.33203E-01  1.84996E+00
  5.37109E-01  1.83811E+00
  5.41016E-01  1.82611E+00
  5.44922E-01  1.81397E+00
  5.48828E-01  1.80169E+00
  5.52734E-01  1.78926E+00
  5.56641E-01  1.77667E+00
  5.60547E-01  1.76392E+00
  5.64453E-01  1.75101E+00
  5.68359E-01  1.73794E+00
  5.72266E-01  1.72470E+00
  5.76172E-01  1.71128E+00
  5.80078E-01  1.69768E+00
  5.83984E-01  1.68389E+00
  5.87891E-01  1.66991E+00
  5.91797E-01  1.65573E+00
  5.95703E-01  1.64135E+00
  5.99609E-01  1.62675E+00
  6.03516E-01  1.61193E+00
  6.07422E-01  1.59689E+00
  6.11328E-01  1.58160E+00
  6.15234E-01  1.56607E+00
  6.19141E-01  1.55027E+00
  6.23047E-01  1.53421E+00
  6.26953E-01  1.51786E+00
  6.30859E-01  1.50122E+00
  6.34766E-01  1.48427E+00
  6.38672E-01  1.46699E+00
  6.42578E-01  1.44936E+00
  6.46484E-01  1.43137E+00
  6.50391E-01  1.41299E+00
  6.54297E-01  1.39421E+00
  6.58203E-01  1.37500E+00
  6.62109E-01  1.35532E+00
  6.66016E-01  1.33514E+00
  6.69922E-01  1.31443E+00
  6.73828E-01  1.29313E+00
  6.77734E-01  1.27122E+00
  6.81641E-01  1.24862E+00
  6.85547E-01  1.22528E+00
  6.89453E-01  1.20112E+00
  6.93359E-01  1.17605E+00
  6.97266E-01  1.14997E+00
  7.01172E-01  1.12273E+00
  7.05078E-01  1.09418E+00
  7.08984E-01  1.06410E+00
  7.12891E-01  1.03222E+00
  7.16797E-01  9.98126E-01
  7.20703E-01  9.60738E-01
  7.24609E-01  9.13306E-01
  7.28516E-01  8.08222E-01
  7.32422E-01  2.18303E-02
  7.36328E-01  2.14327E-02
  7.40234E-01  2.11369E-02
  7.44141E-01  2.08042E-02
  7.48047E-01  2.04786E-02
  7.51953E-01  2.01620E-02
  7.55859E-01  1.98543E-02
  7.59766E-01  1.95537E-02
  7.63672E-01  1.92672E-02
  7.67578E-01  1.89867E-02
  7.71484E-01  1.87183E-02
  7.75391E-01  1.84546E-02
  7.79297E-01  1.81982E-02
  7.83203E-01  1.79438E-02
  7.87109E-01  1.76961E-02
  7.91016E-01  1.74511E-02
  7.94922E-01  1.72110E-02
  7.98828E-01  1.69734E-02
  8.02734E-01  1.67419E-02
  8.06641E-01  1.65129E-02
  8.10547E-01  1.62843E-02
  8.14453E-01  1.60543E-02
  8.18359E-01  1.58272E-02
  8.22266E-01  1.56052E-02
  8.26172E-01  1.53924E-02
  8.30078E-01  1.51832E-02
  8.33984E-01  1.49782E-02
  8.37891E-01  1.47765E-02
  8.41797E-01  1.45794E-02
  8.45703E-01  1.43853E-02
  8.49609E-01  1.41951E-02
  8.53516E-01  1.40078E-02
  8.57422E-01  1.38240E-02
  8.61328E-01  1.36413E-02
  8.65234E-01  1.34610E-02
  8.69141E-01  1.32821E-02
  8.73047E-01  1.31073E-02
  8.76953E-01  1.29388E-02
  8.80859E-01  1.27748E-02
  8.84766E-01  1.26127E-02
  8.88672E-01  1.24541E-02
  8.92578E-01  1.22976E-02
  8.96484E-01  1.21446E-02
  9.00391E-01  1.19931E-02
  9.04297E-01  1.18451E-02
  9.08203E-01  1.16989E-02
  9.12109E-01  1.15559E-02
  9.16016E-01  1.14145E-02
  9.19922E-01  1.12761E-02
  9.23828E-01  1.11396E-02
  9.27734E-01  1.10061E-02
  9.31641E-01  1.08735E-02
  9.35547E-01  1.07446E-02
  9.39453E-01  1.06169E-02
  9.43359E-01  1.04915E-02
  9.47266E-01  1.03687E-02
  9.51172E-01  1.02474E-02
  9.55078E-01  1.01282E-02
  9.58984E-01  1.00112E-02
  9.62891E-01  9.89590E-03
  9.66797E-01  9.78314E-03
  9.70703E-01  9.67215E-03
  9.74609E-01  9.56364E-03
  9.78516E-01  9.45790E-03
  9.82422E-01  9.35595E-03
  9.86328E-01  9.25928E-03
  9.90234E-01  9.17198E-03
  9.94141E-01  9.10796E-03
  9.98047E-01  9.07618E-03
  1.00195E+00  9.07618E-03
