 -1.95312E-03  2.62489E+00
  1.95312E-03  2.62492E+00
  5.85938E-03  2.62442E+00
  9.76562E-03  2.62391E+00
  1.36719E-02  2.62333E+00
  1.75781E-02  2.62266E+00
  2.14844E-02  2.62191E+00
  2.53906E-02  2.62108E+00
  2.92969E-02  2.62016E+00
  3.32031E-02  2.61916E+00
  3.71094E-02  2.61807E+00
  4.10156E-02  2.61691E+00
  4.49219E-02  2.61566E+00
  4.88281E-02  2.61432E+00
  5.27344E-02  2.61291E+00
  5.66406E-02  2.61141E+00
  6.05469E-02  2.60984E+00
  6.44531E-02  2.60818E+00
  6.83594E-02  2.60644E+00
  7.22656E-02  2.60463E+00
  7.61719E-02  2.60273E+00
  8.00781E-02  2.60076E+00
  8.39844E-02  2.59870E+00
  8.78906E-02  2.59657E+00
  9.17969E-02  2.59436E+00
  9.57031E-02  2.59208E+00
  9.96094E-02  2.58971E+00
  1.03516E-01  2.58727E+00
  1.07422E-01  2.58476E+00
  1.11328E-01  2.58217E+00
  1.15234E-01  2.57950E+00
  1.19141E-01  2.57675E+00
  1.23047E-01  2.57393E+00
  1.26953E-01  2.57104E+00
  1.30859E-01  2.56807E+00
  1.34766E-01  2.56502E+00
  1.38672E-01  2.56190E+00
  1.42578E-01  2.55871E+00
  1.46484E-01  2.55544E+00
  1.50391E-01  2.55210E+00
  1.54297E-01  2.54868E+00
  1.58203E-01  2.54520E+00
  1.62109E-01  2.54163E+00
  1.66016E-01  2.53800E+00
  1.69922E-01  2.53429E+00
  1.73828E-01  2.53050E+00
  1.77734E-01  2.52665E+00
  1.81641E-01  2.52272E+00
  1.85547E-01  2.51872E+00
  1.89453E-01  2.51464E+00
  1.93359E-01  2.51049E+00
  1.97266E-01  2.50628E+00
  2.01172E-01  2.50198E+00
  2.05078E-01  2.49762E+00
  2.08984E-01  2.49318E+00
  2.12891E-01  2.48868E+00
  2.16797E-01  2.48409E+00
  2.20703E-01  2.47944E+00
  2.24609E-01  2.47471E+00
  2.28516E-01  2.46991E+00
  2.32422E-01  2.46504E+00
  2.36328E-01  2.46010E+00
  2.40234E-01  2.45508E+00
  2.44141E-01  2.44999E+00
  2.48047E-01  2.44483E+00
  2.51953E-01  2.43959E+00
  2.55859E-01  2.43429E+00
  2.59766E-01  2.42891E+00
  2.63672E-01  2.42346E+00
  2.67578E-01  2.41793E+00
  2.71484E-01  2.41233E+00
  2.75391E-01  2.40666E+00
  2.79297E-01  2.40092E+00
  2.83203E-01  2.39510E+00
  2.87109E-01  2.38920E+00
  2.91016E-01  2.38324E+00
  2.94922E-01  2.37720E+00
  2.98828E-01  2.37108E+00
  3.02734E-01  2.36489E+00
  3.06641E-01  2.35863E+00
  3.10547E-01  2.35230E+00
  3.14453E-01  2.34588E+00
  3.18359E-01  2.33939E+00
  3.22266E-01  2.33283E+00
  3.26172E-01  2.32619E+00
  3.30078E-01  2.31947E+00
  3.33984E-01  2.31268E+00
  3.37891E-01  2.30581E+00
  3.41797E-01  2.29885E+00
  3.45703E-01  2.29183E+00
  3.49609E-01  2.28472E+00
  3.53516E-01  2.27754E+00
  3.57422E-01  2.27027E+00
  3.61328E-01  2.26293E+00
  3.65234E-01  2.25551E+00
  3.69141E-01  2.24801E+00
  3.73047E-01  2.24043E+00
  3.76953E-01  2.23277E+00
  3.80859E-01  2.22502E+00
  3.84766E-01  2.21720E+00
  3.88672E-01  2.20928E+00
  3.92578E-01  2.20129E+00
  3.96484E-01  2.19321E+00
  4.00391E-01  2.18504E+00
  4.04297E-01  2.17679E+00
  4.08203E-01  2.16845E+00
  4.12109E-01  2.16003E+00
  4.16016E-01  2.15151E+00
  4.19922E-01  2.14291E+00
  4.23828E-01  2.13421E+00
  4.27734E-01  2.12543E+00
  4.31641E-01  2.11656E+00
  4.35547E-01  2.10760E+00
  4.39453E-01  2.09854E+00
  4.43359E-01  2.08939E+00
  4.47266E-01  2.08014E+00
  4.51172E-01  2.07080E+00
  4.55078E-01  2.06136E+00
  4.58984E-01  2.05183E+00
  4.62891E-01  2.04219E+00
  4.66797E-01  2.03246E+00
  4.70703E-01  2.02262E+00
  4.74609E-01  2.01268E+00
  4.78516E-01  2.00263E+00
  4.82422E-01  1.99248E+00
  4.86328E-01  1.98221E+00
  4.90234E-01  1.97184E+00
  4.94141E-01  1.96136E+00
  4.98047E-01  1.95076E+00
  5.01953E-01  1.94004E+00
  5.05859E-01  1.92921E+00
  5.09766E-01  1.91826E+00
  5.13672E-01  1.90718E+00
  5.17578E-01  1.89598E+00
  5.21484E-01  1.88466E+00
  5.25391E-01  1.87320E+00
  5.29297E-01  1.86162E+00
  5.33203E-01  1.84990E+00
  5.37109E-01  1.83805E+00
  5.41016E-01  1.82605E+00
  5.44922E-01  1.81391E+00
  5.48828E-01  1.80163E+00
  5.52734E-01  1.78920E+00
  5.56641E-01  1.77661E+00
  5.60547E-01  1.76387E+00
  5.64453E-01  1.75096E+00
  5.68359E-01  1.73789E+00
  5.72266E-01  1.72464E+00
  5.76172E-01  1.71122E+00
  5.80078E-01  1.69763E+00
  5.83984E-01  1.68384E+00
  5.87891E-01  1.66986E+00
  5.91797E-01  1.65568E+00
  5.95703E-01  1.64130E+00
  5.99609E-01  1.62670E+00
  6.03516E-01  1.61189E+00
  6.07422E-01  1.59684E+00
  6.11328E-01  1.58155E+00
  6.15234E-01  1.56602E+00
  6.19141E-01  1.55023E+00
  6.23047E-01  1.53416E+00
  6.26953E-01  1.51781E+00
  6.30859E-01  1.50117E+00
  6.34766E-01  1.48422E+00
  6.38672E-01  1.46693E+00
  6.42578E-01  1.44931E+00
  6.46484E-01  1.43132E+00
  6.50391E-01  1.41294E+00
  6.54297E-01  1.39416E+00
  6.58203E-01  1.37495E+00
  6.62109E-01  1.35527E+00
  6.66016E-01  1.33509E+00
  6.69922E-01  1.31437E+00
  6.73828E-01  1.29308E+00
  6.77734E-01  1.27117E+00
  6.81641E-01  1.24858E+00
  6.85547E-01  1.22524E+00
  6.89453E-01  1.20108E+00
  6.93359E-01  1.17602E+00
  6.97266E-01  1.14995E+00
  7.01172E-01  1.12272E+00
  7.05078E-01  1.09420E+00
  7.08984E-01  1.06415E+00
  7.12891E-01  1.03232E+00
  7.16797E-01  9.98276E-01
  7.20703E-01  9.60960E-01
  7.24609E-01  9.13679E-01
  7.28516E-01  8.08977E-01
  7.32422E-01  2.31013E-02
  7.36328E-01  2.26569E-02
  7.40234E-01  2.23715E-02
  7.44141E-01  2.20393E-02
  7.48047E-01  2.17199E-02
  7.51953E-01  2.13934E-02
  7.55859E-01  2.10699E-02
  7.59766E-01  2.07464E-02
  7.63672E-01  2.04330E-02
  7.67578E-01  2.01241E-02
  7.71484E-01  1.98251E-02
  7.75391E-01  1.95313E-02
  7.79297E-01  1.92509E-02
  7.83203E-01  1.89762E-02
  7.87109E-01  1.87117E-02
  7.91016E-01  1.84537E-02
  7.94922E-01  1.82020E-02
  7.98828E-01  1.79535E-02
  8.02734E-01  1.77092E-02
  8.06641E-01  1.74680E-02
  8.10547E-01  1.72325E-02
  8.14453E-01  1.70001E-02
  8.18359E-01  1.67728E-02
  8.22266E-01  1.65485E-02
  8.26172E-01  1.63252E-02
  8.30078E-01  1.61019E-02
  8.33984E-01  1.58795E-02
  8.37891E-01  1.56609E-02
  8.41797E-01  1.54503E-02
  8.45703E-01  1.52447E-02
  8.49609E-01  1.50434E-02
  8.53516E-01  1.48453E-02
  8.57422E-01  1.46513E-02
  8.61328E-01  1.44598E-02
  8.65234E-01  1.42726E-02
  8.69141E-01  1.40883E-02
  8.73047E-01  1.39072E-02
  8.76953E-01  1.37282E-02
  8.80859E-01  1.35516E-02
  8.84766E-01  1.33757E-02
  8.88672E-01  1.32038E-02
  8.92578E-01  1.30351E-02
  8.96484E-01  1.28730E-02
  9.00391E-01  1.27130E-02
  9.04297E-01  1.25562E-02
  9.08203E-01  1.24016E-02
  9.12109E-01  1.22503E-02
  9.16016E-01  1.21008E-02
  9.19922E-01  1.19544E-02
  9.23828E-01  1.18097E-02
  9.27734E-01  1.16686E-02
  9.31641E-01  1.15283E-02
  9.35547E-01  1.13917E-02
  9.39453E-01  1.12570E-02
  9.43359E-01  1.11242E-02
  9.47266E-01  1.09941E-02
  9.51172E-01  1.08659E-02
  9.55078E-01  1.07397E-02
  9.58984E-01  1.06158E-02
  9.62891E-01  1.04938E-02
  9.66797E-01  1.03744E-02
  9.70703E-01  1.02569E-02
  9.74609E-01  1.01419E-02
  9.78516E-01  1.00298E-02
  9.82422E-01  9.92145E-03
  9.86328E-01  9.81853E-03
  9.90234E-01  9.72501E-03
  9.94141E-01  9.65754E-03
  9.98047E-01  9.62468E-03
  1.00195E+00  9.62468E-03
