 -1.95312E-03  2.62496E+00
  1.95312E-03  2.62498E+00
  5.85938E-03  2.62449E+00
  9.76562E-03  2.62398E+00
  1.36719E-02  2.62340E+00
  1.75781E-02  2.62273E+00
  2.14844E-02  2.62198E+00
  2.53906E-02  2.62115E+00
  2.92969E-02  2.62023E+00
  3.32031E-02  2.61923E+00
  3.71094E-02  2.61814E+00
  4.10156E-02  2.61698E+00
  4.49219E-02  2.61573E+00
  4.88281E-02  2.61439E+00
  5.27344E-02  2.61298E+00
  5.66406E-02  2.61149E+00
  6.05469E-02  2.60991E+00
  6.44531E-02  2.60825E+00
  6.83594E-02  2.60652E+00
  7.22656E-02  2.60470E+00
  7.61719E-02  2.60280E+00
  8.00781E-02  2.60083E+00
  8.39844E-02  2.59877E+00
  8.78906E-02  2.59664E+00
  9.17969E-02  2.59443E+00
  9.57031E-02  2.59215E+00
  9.96094E-02  2.58978E+00
  1.03516E-01  2.58734E+00
  1.07422E-01  2.58483E+00
  1.11328E-01  2.58223E+00
  1.15234E-01  2.57957E+00
  1.19141E-01  2.57682E+00
  1.23047E-01  2.57400E+00
  1.26953E-01  2.57111E+00
  1.30859E-01  2.56814E+00
  1.34766E-01  2.56509E+00
  1.38672E-01  2.56197E+00
  1.42578E-01  2.55878E+00
  1.46484E-01  2.55551E+00
  1.50391E-01  2.55217E+00
  1.54297E-01  2.54875E+00
  1.58203E-01  2.54526E+00
  1.62109E-01  2.54170E+00
  1.66016E-01  2.53807E+00
  1.69922E-01  2.53436E+00
  1.73828E-01  2.53057E+00
  1.77734E-01  2.52672E+00
  1.81641E-01  2.52279E+00
  1.85547E-01  2.51879E+00
  1.89453E-01  2.51471E+00
  1.93359E-01  2.51056E+00
  1.97266E-01  2.50635E+00
  2.01172E-01  2.50205E+00
  2.05078E-01  2.49769E+00
  2.08984E-01  2.49325E+00
  2.12891E-01  2.48874E+00
  2.16797E-01  2.48416E+00
  2.20703E-01  2.47951E+00
  2.24609E-01  2.47478E+00
  2.28516E-01  2.46998E+00
  2.32422E-01  2.46511E+00
  2.36328E-01  2.46017E+00
  2.40234E-01  2.45515E+00
  2.44141E-01  2.45006E+00
  2.48047E-01  2.44490E+00
  2.51953E-01  2.43967E+00
  2.55859E-01  2.43436E+00
  2.59766E-01  2.42898E+00
  2.63672E-01  2.42353E+00
  2.67578E-01  2.41801E+00
  2.71484E-01  2.41241E+00
  2.75391E-01  2.40674E+00
  2.79297E-01  2.40099E+00
  2.83203E-01  2.39517E+00
  2.87109E-01  2.38928E+00
  2.91016E-01  2.38331E+00
  2.94922E-01  2.37727E+00
  2.98828E-01  2.37116E+00
  3.02734E-01  2.36497E+00
  3.06641E-01  2.35871E+00
  3.10547E-01  2.35237E+00
  3.14453E-01  2.34596E+00
  3.18359E-01  2.33947E+00
  3.22266E-01  2.33290E+00
  3.26172E-01  2.32626E+00
  3.30078E-01  2.31955E+00
  3.33984E-01  2.31275E+00
  3.37891E-01  2.30588E+00
  3.41797E-01  2.29893E+00
  3.45703E-01  2.29190E+00
  3.49609E-01  2.28480E+00
  3.53516E-01  2.27761E+00
  3.57422E-01  2.27035E+00
  3.61328E-01  2.26301E+00
  3.65234E-01  2.25559E+00
  3.69141E-01  2.24809E+00
  3.73047E-01  2.24051E+00
  3.76953E-01  2.23284E+00
  3.80859E-01  2.22510E+00
  3.84766E-01  2.21727E+00
  3.88672E-01  2.20936E+00
  3.92578E-01  2.20136E+00
  3.96484E-01  2.19328E+00
  4.00391E-01  2.18512E+00
  4.04297E-01  2.17687E+00
  4.08203E-01  2.16853E+00
  4.12109E-01  2.16010E+00
  4.16016E-01  2.15159E+00
  4.19922E-01  2.14298E+00
  4.23828E-01  2.13429E+00
  4.27734E-01  2.12551E+00
  4.31641E-01  2.11663E+00
  4.35547E-01  2.10767E+00
  4.39453E-01  2.09861E+00
  4.43359E-01  2.08946E+00
  4.47266E-01  2.08022E+00
  4.51172E-01  2.07088E+00
  4.55078E-01  2.06144E+00
  4.58984E-01  2.05190E+00
  4.62891E-01  2.04226E+00
  4.66797E-01  2.03253E+00
  4.70703E-01  2.02269E+00
  4.74609E-01  2.01275E+00
  4.78516E-01  2.00270E+00
  4.82422E-01  1.99255E+00
  4.86328E-01  1.98228E+00
  4.90234E-01  1.97191E+00
  4.94141E-01  1.96143E+00
  4.98047E-01  1.95083E+00
  5.01953E-01  1.94011E+00
  5.05859E-01  1.92928E+00
  5.09766E-01  1.91833E+00
  5.13672E-01  1.90725E+00
  5.17578E-01  1.89605E+00
  5.21484E-01  1.88473E+00
  5.25391E-01  1.87327E+00
  5.29297E-01  1.86169E+00
  5.33203E-01  1.84997E+00
  5.37109E-01  1.83811E+00
  5.41016E-01  1.82612E+00
  5.44922E-01  1.81398E+00
  5.48828E-01  1.80170E+00
  5.52734E-01  1.78926E+00
  5.56641E-01  1.77668E+00
  5.60547E-01  1.76393E+00
  5.64453E-01  1.75103E+00
  5.68359E-01  1.73795E+00
  5.72266E-01  1.72471E+00
  5.76172E-01  1.71129E+00
  5.80078E-01  1.69769E+00
  5.83984E-01  1.68390E+00
  5.87891E-01  1.66992E+00
  5.91797E-01  1.65574E+00
  5.95703E-01  1.64136E+00
  5.99609E-01  1.62676E+00
  6.03516E-01  1.61195E+00
  6.07422E-01  1.59690E+00
  6.11328E-01  1.58161E+00
  6.15234E-01  1.56607E+00
  6.19141E-01  1.55028E+00
  6.23047E-01  1.53421E+00
  6.26953E-01  1.51787E+00
  6.30859E-01  1.50123E+00
  6.34766E-01  1.48427E+00
  6.38672E-01  1.46699E+00
  6.42578E-01  1.44936E+00
  6.46484E-01  1.43137E+00
  6.50391E-01  1.41300E+00
  6.54297E-01  1.39422E+00
  6.58203E-01  1.37500E+00
  6.62109E-01  1.35532E+00
  6.66016E-01  1.33515E+00
  6.69922E-01  1.31443E+00
  6.73828E-01  1.29314E+00
  6.77734E-01  1.27123E+00
  6.81641E-01  1.24863E+00
  6.85547E-01  1.22528E+00
  6.89453E-01  1.20112E+00
  6.93359E-01  1.17603E+00
  6.97266E-01  1.14993E+00
  7.01172E-01  1.12266E+00
  7.05078E-01  1.09407E+00
  7.08984E-01  1.06395E+00
  7.12891E-01  1.03202E+00
  7.16797E-01  9.97861E-01
  7.20703E-01  9.60384E-01
  7.24609E-01  9.12772E-01
  7.28516E-01  8.07208E-01
  7.32422E-01  2.05735E-02
  7.36328E-01  2.02060E-02
  7.40234E-01  1.99132E-02
  7.44141E-01  1.95995E-02
  7.48047E-01  1.93086E-02
  7.51953E-01  1.90220E-02
  7.55859E-01  1.87469E-02
  7.59766E-01  1.84796E-02
  7.63672E-01  1.82175E-02
  7.67578E-01  1.79585E-02
  7.71484E-01  1.77053E-02
  7.75391E-01  1.74546E-02
  7.79297E-01  1.72107E-02
  7.83203E-01  1.69687E-02
  7.87109E-01  1.67331E-02
  7.91016E-01  1.64977E-02
  7.94922E-01  1.62635E-02
  7.98828E-01  1.60268E-02
  8.02734E-01  1.57953E-02
  8.06641E-01  1.55689E-02
  8.10547E-01  1.53518E-02
  8.14453E-01  1.51388E-02
  8.18359E-01  1.49310E-02
  8.22266E-01  1.47261E-02
  8.26172E-01  1.45251E-02
  8.30078E-01  1.43272E-02
  8.33984E-01  1.41339E-02
  8.37891E-01  1.39435E-02
  8.41797E-01  1.37566E-02
  8.45703E-01  1.35702E-02
  8.49609E-01  1.33857E-02
  8.53516E-01  1.32041E-02
  8.57422E-01  1.30281E-02
  8.61328E-01  1.28579E-02
  8.65234E-01  1.26910E-02
  8.69141E-01  1.25267E-02
  8.73047E-01  1.23661E-02
  8.76953E-01  1.22079E-02
  8.80859E-01  1.20526E-02
  8.84766E-01  1.18992E-02
  8.88672E-01  1.17496E-02
  8.92578E-01  1.16016E-02
  8.96484E-01  1.14568E-02
  9.00391E-01  1.13136E-02
  9.04297E-01  1.11740E-02
  9.08203E-01  1.10358E-02
  9.12109E-01  1.09006E-02
  9.16016E-01  1.07668E-02
  9.19922E-01  1.06361E-02
  9.23828E-01  1.05072E-02
  9.27734E-01  1.03808E-02
  9.31641E-01  1.02558E-02
  9.35547E-01  1.01341E-02
  9.39453E-01  1.00132E-02
  9.43359E-01  9.89490E-03
  9.47266E-01  9.77874E-03
  9.51172E-01  9.66392E-03
  9.55078E-01  9.55140E-03
  9.58984E-01  9.44080E-03
  9.62891E-01  9.33195E-03
  9.66797E-01  9.22544E-03
  9.70703E-01  9.12058E-03
  9.74609E-01  9.01823E-03
  9.78516E-01  8.91857E-03
  9.82422E-01  8.82264E-03
  9.86328E-01  8.73202E-03
  9.90234E-01  8.65064E-03
  9.94141E-01  8.58948E-03
  9.98047E-01  8.55896E-03
  1.00195E+00  8.55896E-03
