 -1.95312E-03  2.62542E+00
  1.95312E-03  2.62544E+00
  5.85938E-03  2.62495E+00
  9.76562E-03  2.62444E+00
  1.36719E-02  2.62385E+00
  1.75781E-02  2.62319E+00
  2.14844E-02  2.62244E+00
  2.53906E-02  2.62160E+00
  2.92969E-02  2.62068E+00
  3.32031E-02  2.61968E+00
  3.71094E-02  2.61860E+00
  4.10156E-02  2.61743E+00
  4.49219E-02  2.61618E+00
  4.88281E-02  2.61485E+00
  5.27344E-02  2.61344E+00
  5.66406E-02  2.61195E+00
  6.05469E-02  2.61037E+00
  6.44531E-02  2.60872E+00
  6.83594E-02  2.60698E+00
  7.22656E-02  2.60516E+00
  7.61719E-02  2.60327E+00
  8.00781E-02  2.60129E+00
  8.39844E-02  2.59924E+00
  8.78906E-02  2.59711E+00
  9.17969E-02  2.59490E+00
  9.57031E-02  2.59262E+00
  9.96094E-02  2.59025E+00
  1.03516E-01  2.58781E+00
  1.07422E-01  2.58530E+00
  1.11328E-01  2.58271E+00
  1.15234E-01  2.58004E+00
  1.19141E-01  2.57729E+00
  1.23047E-01  2.57447E+00
  1.26953E-01  2.57158E+00
  1.30859E-01  2.56861E+00
  1.34766E-01  2.56556E+00
  1.38672E-01  2.56245E+00
  1.42578E-01  2.55925E+00
  1.46484E-01  2.55598E+00
  1.50391E-01  2.55264E+00
  1.54297E-01  2.54923E+00
  1.58203E-01  2.54574E+00
  1.62109E-01  2.54217E+00
  1.66016E-01  2.53854E+00
  1.69922E-01  2.53483E+00
  1.73828E-01  2.53105E+00
  1.77734E-01  2.52719E+00
  1.81641E-01  2.52326E+00
  1.85547E-01  2.51926E+00
  1.89453E-01  2.51519E+00
  1.93359E-01  2.51104E+00
  1.97266E-01  2.50682E+00
  2.01172E-01  2.50253E+00
  2.05078E-01  2.49817E+00
  2.08984E-01  2.49373E+00
  2.12891E-01  2.48922E+00
  2.16797E-01  2.48464E+00
  2.20703E-01  2.47999E+00
  2.24609E-01  2.47526E+00
  2.28516E-01  2.47047E+00
  2.32422E-01  2.46560E+00
  2.36328E-01  2.46065E+00
  2.40234E-01  2.45564E+00
  2.44141E-01  2.45055E+00
  2.48047E-01  2.44539E+00
  2.51953E-01  2.44015E+00
  2.55859E-01  2.43485E+00
  2.59766E-01  2.42947E+00
  2.63672E-01  2.42402E+00
  2.67578E-01  2.41849E+00
  2.71484E-01  2.41290E+00
  2.75391E-01  2.40723E+00
  2.79297E-01  2.40148E+00
  2.83203E-01  2.39566E+00
  2.87109E-01  2.38977E+00
  2.91016E-01  2.38380E+00
  2.94922E-01  2.37776E+00
  2.98828E-01  2.37165E+00
  3.02734E-01  2.36546E+00
  3.06641E-01  2.35920E+00
  3.10547E-01  2.35286E+00
  3.14453E-01  2.34645E+00
  3.18359E-01  2.33996E+00
  3.22266E-01  2.33339E+00
  3.26172E-01  2.32675E+00
  3.30078E-01  2.32003E+00
  3.33984E-01  2.31324E+00
  3.37891E-01  2.30637E+00
  3.41797E-01  2.29941E+00
  3.45703E-01  2.29239E+00
  3.49609E-01  2.28528E+00
  3.53516E-01  2.27810E+00
  3.57422E-01  2.27084E+00
  3.61328E-01  2.26349E+00
  3.65234E-01  2.25607E+00
  3.69141E-01  2.24857E+00
  3.73047E-01  2.24099E+00
  3.76953E-01  2.23333E+00
  3.80859E-01  2.22558E+00
  3.84766E-01  2.21775E+00
  3.88672E-01  2.20984E+00
  3.92578E-01  2.20185E+00
  3.96484E-01  2.19377E+00
  4.00391E-01  2.18560E+00
  4.04297E-01  2.17735E+00
  4.08203E-01  2.16901E+00
  4.12109E-01  2.16058E+00
  4.16016E-01  2.15206E+00
  4.19922E-01  2.14346E+00
  4.23828E-01  2.13476E+00
  4.27734E-01  2.12598E+00
  4.31641E-01  2.11711E+00
  4.35547E-01  2.10814E+00
  4.39453E-01  2.09908E+00
  4.43359E-01  2.08993E+00
  4.47266E-01  2.08068E+00
  4.51172E-01  2.07134E+00
  4.55078E-01  2.06190E+00
  4.58984E-01  2.05236E+00
  4.62891E-01  2.04273E+00
  4.66797E-01  2.03299E+00
  4.70703E-01  2.02315E+00
  4.74609E-01  2.01320E+00
  4.78516E-01  2.00316E+00
  4.82422E-01  1.99300E+00
  4.86328E-01  1.98274E+00
  4.90234E-01  1.97236E+00
  4.94141E-01  1.96188E+00
  4.98047E-01  1.95127E+00
  5.01953E-01  1.94056E+00
  5.05859E-01  1.92972E+00
  5.09766E-01  1.91877E+00
  5.13672E-01  1.90769E+00
  5.17578E-01  1.89649E+00
  5.21484E-01  1.88516E+00
  5.25391E-01  1.87370E+00
  5.29297E-01  1.86212E+00
  5.33203E-01  1.85039E+00
  5.37109E-01  1.83854E+00
  5.41016E-01  1.82654E+00
  5.44922E-01  1.81439E+00
  5.48828E-01  1.80211E+00
  5.52734E-01  1.78967E+00
  5.56641E-01  1.77708E+00
  5.60547E-01  1.76432E+00
  5.64453E-01  1.75141E+00
  5.68359E-01  1.73833E+00
  5.72266E-01  1.72507E+00
  5.76172E-01  1.71164E+00
  5.80078E-01  1.69802E+00
  5.83984E-01  1.68422E+00
  5.87891E-01  1.67022E+00
  5.91797E-01  1.65601E+00
  5.95703E-01  1.64160E+00
  5.99609E-01  1.62697E+00
  6.03516E-01  1.61212E+00
  6.07422E-01  1.59703E+00
  6.11328E-01  1.58169E+00
  6.15234E-01  1.56610E+00
  6.19141E-01  1.55025E+00
  6.23047E-01  1.53412E+00
  6.26953E-01  1.51770E+00
  6.30859E-01  1.50098E+00
  6.34766E-01  1.48394E+00
  6.38672E-01  1.46656E+00
  6.42578E-01  1.44882E+00
  6.46484E-01  1.43072E+00
  6.50391E-01  1.41221E+00
  6.54297E-01  1.39328E+00
  6.58203E-01  1.37391E+00
  6.62109E-01  1.35405E+00
  6.66016E-01  1.33367E+00
  6.69922E-01  1.31273E+00
  6.73828E-01  1.29120E+00
  6.77734E-01  1.26903E+00
  6.81641E-01  1.24614E+00
  6.85547E-01  1.22246E+00
  6.89453E-01  1.19793E+00
  6.93359E-01  1.17244E+00
  6.97266E-01  1.14588E+00
  7.01172E-01  1.11809E+00
  7.05078E-01  1.08890E+00
  7.08984E-01  1.05807E+00
  7.12891E-01  1.02529E+00
  7.16797E-01  9.90071E-01
  7.20703E-01  9.51085E-01
  7.24609E-01  9.00214E-01
  7.28516E-01  7.86043E-01
  7.32422E-01  8.78236E-03
  7.36328E-01  8.67070E-03
  7.40234E-01  8.53517E-03
  7.44141E-01  8.40566E-03
  7.48047E-01  8.27597E-03
  7.51953E-01  8.15149E-03
  7.55859E-01  8.02680E-03
  7.59766E-01  7.90711E-03
  7.63672E-01  7.78751E-03
  7.67578E-01  7.67267E-03
  7.71484E-01  7.55781E-03
  7.75391E-01  7.44748E-03
  7.79297E-01  7.33704E-03
  7.83203E-01  7.23091E-03
  7.87109E-01  7.12477E-03
  7.91016E-01  7.02274E-03
  7.94922E-01  6.92058E-03
  7.98828E-01  6.82232E-03
  8.02734E-01  6.72417E-03
  8.06641E-01  6.62989E-03
  8.10547E-01  6.53544E-03
  8.14453E-01  6.44435E-03
  8.18359E-01  6.35359E-03
  8.22266E-01  6.26569E-03
  8.26172E-01  6.17812E-03
  8.30078E-01  6.09387E-03
  8.33984E-01  6.00959E-03
  8.37891E-01  5.92811E-03
  8.41797E-01  5.84724E-03
  8.45703E-01  5.76829E-03
  8.49609E-01  5.69047E-03
  8.53516E-01  5.61415E-03
  8.57422E-01  5.53945E-03
  8.61328E-01  5.46593E-03
  8.65234E-01  5.39390E-03
  8.69141E-01  5.32269E-03
  8.73047E-01  5.25304E-03
  8.76953E-01  5.18434E-03
  8.80859E-01  5.11754E-03
  8.84766E-01  5.05097E-03
  8.88672E-01  4.98650E-03
  8.92578E-01  4.92203E-03
  8.96484E-01  4.85985E-03
  9.00391E-01  4.79764E-03
  9.04297E-01  4.73754E-03
  9.08203E-01  4.67752E-03
  9.12109E-01  4.61952E-03
  9.16016E-01  4.56161E-03
  9.19922E-01  4.50535E-03
  9.23828E-01  4.44943E-03
  9.27734E-01  4.39511E-03
  9.31641E-01  4.34127E-03
  9.35547E-01  4.28884E-03
  9.39453E-01  4.23673E-03
  9.43359E-01  4.18596E-03
  9.47266E-01  4.13568E-03
  9.51172E-01  4.08730E-03
  9.55078E-01  4.03899E-03
  9.58984E-01  3.99222E-03
  9.62891E-01  3.94589E-03
  9.66797E-01  3.90172E-03
  9.70703E-01  3.85779E-03
  9.74609E-01  3.81576E-03
  9.78516E-01  3.77520E-03
  9.82422E-01  3.73658E-03
  9.86328E-01  3.69983E-03
  9.90234E-01  3.66532E-03
  9.94141E-01  3.63473E-03
  9.98047E-01  3.62046E-03
  1.00195E+00  3.62046E-03
