 -1.95312E-03  2.62533E+00
  1.95312E-03  2.62536E+00
  5.85938E-03  2.62486E+00
  9.76562E-03  2.62435E+00
  1.36719E-02  2.62377E+00
  1.75781E-02  2.62310E+00
  2.14844E-02  2.62235E+00
  2.53906E-02  2.62152E+00
  2.92969E-02  2.62060E+00
  3.32031E-02  2.61960E+00
  3.71094E-02  2.61851E+00
  4.10156E-02  2.61735E+00
  4.49219E-02  2.61610E+00
  4.88281E-02  2.61476E+00
  5.27344E-02  2.61335E+00
  5.66406E-02  2.61186E+00
  6.05469E-02  2.61028E+00
  6.44531E-02  2.60863E+00
  6.83594E-02  2.60689E+00
  7.22656E-02  2.60508E+00
  7.61719E-02  2.60318E+00
  8.00781E-02  2.60121E+00
  8.39844E-02  2.59915E+00
  8.78906E-02  2.59702E+00
  9.17969E-02  2.59481E+00
  9.57031E-02  2.59253E+00
  9.96094E-02  2.59016E+00
  1.03516E-01  2.58772E+00
  1.07422E-01  2.58521E+00
  1.11328E-01  2.58262E+00
  1.15234E-01  2.57995E+00
  1.19141E-01  2.57720E+00
  1.23047E-01  2.57438E+00
  1.26953E-01  2.57149E+00
  1.30859E-01  2.56852E+00
  1.34766E-01  2.56548E+00
  1.38672E-01  2.56236E+00
  1.42578E-01  2.55916E+00
  1.46484E-01  2.55590E+00
  1.50391E-01  2.55256E+00
  1.54297E-01  2.54914E+00
  1.58203E-01  2.54565E+00
  1.62109E-01  2.54209E+00
  1.66016E-01  2.53845E+00
  1.69922E-01  2.53474E+00
  1.73828E-01  2.53096E+00
  1.77734E-01  2.52711E+00
  1.81641E-01  2.52318E+00
  1.85547E-01  2.51918E+00
  1.89453E-01  2.51511E+00
  1.93359E-01  2.51096E+00
  1.97266E-01  2.50674E+00
  2.01172E-01  2.50245E+00
  2.05078E-01  2.49809E+00
  2.08984E-01  2.49365E+00
  2.12891E-01  2.48914E+00
  2.16797E-01  2.48456E+00
  2.20703E-01  2.47991E+00
  2.24609E-01  2.47518E+00
  2.28516E-01  2.47038E+00
  2.32422E-01  2.46551E+00
  2.36328E-01  2.46057E+00
  2.40234E-01  2.45555E+00
  2.44141E-01  2.45046E+00
  2.48047E-01  2.44530E+00
  2.51953E-01  2.44007E+00
  2.55859E-01  2.43476E+00
  2.59766E-01  2.42938E+00
  2.63672E-01  2.42393E+00
  2.67578E-01  2.41841E+00
  2.71484E-01  2.41281E+00
  2.75391E-01  2.40714E+00
  2.79297E-01  2.40139E+00
  2.83203E-01  2.39557E+00
  2.87109E-01  2.38968E+00
  2.91016E-01  2.38371E+00
  2.94922E-01  2.37767E+00
  2.98828E-01  2.37156E+00
  3.02734E-01  2.36537E+00
  3.06641E-01  2.35911E+00
  3.10547E-01  2.35277E+00
  3.14453E-01  2.34636E+00
  3.18359E-01  2.33987E+00
  3.22266E-01  2.33330E+00
  3.26172E-01  2.32666E+00
  3.30078E-01  2.31994E+00
  3.33984E-01  2.31315E+00
  3.37891E-01  2.30628E+00
  3.41797E-01  2.29933E+00
  3.45703E-01  2.29230E+00
  3.49609E-01  2.28519E+00
  3.53516E-01  2.27801E+00
  3.57422E-01  2.27075E+00
  3.61328E-01  2.26341E+00
  3.65234E-01  2.25598E+00
  3.69141E-01  2.24848E+00
  3.73047E-01  2.24090E+00
  3.76953E-01  2.23324E+00
  3.80859E-01  2.22549E+00
  3.84766E-01  2.21766E+00
  3.88672E-01  2.20975E+00
  3.92578E-01  2.20176E+00
  3.96484E-01  2.19367E+00
  4.00391E-01  2.18551E+00
  4.04297E-01  2.17726E+00
  4.08203E-01  2.16892E+00
  4.12109E-01  2.16049E+00
  4.16016E-01  2.15197E+00
  4.19922E-01  2.14337E+00
  4.23828E-01  2.13467E+00
  4.27734E-01  2.12589E+00
  4.31641E-01  2.11702E+00
  4.35547E-01  2.10805E+00
  4.39453E-01  2.09899E+00
  4.43359E-01  2.08984E+00
  4.47266E-01  2.08060E+00
  4.51172E-01  2.07125E+00
  4.55078E-01  2.06181E+00
  4.58984E-01  2.05228E+00
  4.62891E-01  2.04264E+00
  4.66797E-01  2.03290E+00
  4.70703E-01  2.02306E+00
  4.74609E-01  2.01312E+00
  4.78516E-01  2.00307E+00
  4.82422E-01  1.99291E+00
  4.86328E-01  1.98265E+00
  4.90234E-01  1.97228E+00
  4.94141E-01  1.96179E+00
  4.98047E-01  1.95119E+00
  5.01953E-01  1.94047E+00
  5.05859E-01  1.92964E+00
  5.09766E-01  1.91868E+00
  5.13672E-01  1.90760E+00
  5.17578E-01  1.89640E+00
  5.21484E-01  1.88508E+00
  5.25391E-01  1.87362E+00
  5.29297E-01  1.86204E+00
  5.33203E-01  1.85031E+00
  5.37109E-01  1.83846E+00
  5.41016E-01  1.82646E+00
  5.44922E-01  1.81432E+00
  5.48828E-01  1.80204E+00
  5.52734E-01  1.78961E+00
  5.56641E-01  1.77702E+00
  5.60547E-01  1.76427E+00
  5.64453E-01  1.75136E+00
  5.68359E-01  1.73828E+00
  5.72266E-01  1.72504E+00
  5.76172E-01  1.71161E+00
  5.80078E-01  1.69801E+00
  5.83984E-01  1.68421E+00
  5.87891E-01  1.67023E+00
  5.91797E-01  1.65604E+00
  5.95703E-01  1.64165E+00
  5.99609E-01  1.62704E+00
  6.03516E-01  1.61220E+00
  6.07422E-01  1.59714E+00
  6.11328E-01  1.58183E+00
  6.15234E-01  1.56627E+00
  6.19141E-01  1.55045E+00
  6.23047E-01  1.53435E+00
  6.26953E-01  1.51796E+00
  6.30859E-01  1.50127E+00
  6.34766E-01  1.48427E+00
  6.38672E-01  1.46694E+00
  6.42578E-01  1.44924E+00
  6.46484E-01  1.43118E+00
  6.50391E-01  1.41273E+00
  6.54297E-01  1.39385E+00
  6.58203E-01  1.37453E+00
  6.62109E-01  1.35473E+00
  6.66016E-01  1.33442E+00
  6.69922E-01  1.31356E+00
  6.73828E-01  1.29210E+00
  6.77734E-01  1.27001E+00
  6.81641E-01  1.24721E+00
  6.85547E-01  1.22365E+00
  6.89453E-01  1.19923E+00
  6.93359E-01  1.17387E+00
  6.97266E-01  1.14744E+00
  7.01172E-01  1.11981E+00
  7.05078E-01  1.09080E+00
  7.08984E-01  1.06019E+00
  7.12891E-01  1.02767E+00
  7.16797E-01  9.92780E-01
  7.20703E-01  9.54259E-01
  7.24609E-01  9.04421E-01
  7.28516E-01  7.92966E-01
  7.32422E-01  1.10828E-02
  7.36328E-01  1.09362E-02
  7.40234E-01  1.07663E-02
  7.44141E-01  1.06031E-02
  7.48047E-01  1.04398E-02
  7.51953E-01  1.02830E-02
  7.55859E-01  1.01268E-02
  7.59766E-01  9.97675E-03
  7.63672E-01  9.82648E-03
  7.67578E-01  9.68174E-03
  7.71484E-01  9.53696E-03
  7.75391E-01  9.39769E-03
  7.79297E-01  9.25943E-03
  7.83203E-01  9.12573E-03
  7.87109E-01  8.99295E-03
  7.91016E-01  8.86412E-03
  7.94922E-01  8.73599E-03
  7.98828E-01  8.61243E-03
  8.02734E-01  8.48940E-03
  8.06641E-01  8.36969E-03
  8.10547E-01  8.25198E-03
  8.14453E-01  8.13660E-03
  8.18359E-01  8.02333E-03
  8.22266E-01  7.91201E-03
  8.26172E-01  7.80298E-03
  8.30078E-01  7.69559E-03
  8.33984E-01  7.59071E-03
  8.37891E-01  7.48735E-03
  8.41797E-01  7.38616E-03
  8.45703E-01  7.28644E-03
  8.49609E-01  7.18890E-03
  8.53516E-01  7.09249E-03
  8.57422E-01  6.99867E-03
  8.61328E-01  6.90576E-03
  8.65234E-01  6.81544E-03
  8.69141E-01  6.72537E-03
  8.73047E-01  6.63818E-03
  8.76953E-01  6.55135E-03
  8.80859E-01  6.46743E-03
  8.84766E-01  6.38374E-03
  8.88672E-01  6.30235E-03
  8.92578E-01  6.22154E-03
  8.96484E-01  6.14294E-03
  9.00391E-01  6.06496E-03
  9.04297E-01  5.98899E-03
  9.08203E-01  5.91372E-03
  9.12109E-01  5.84025E-03
  9.16016E-01  5.76742E-03
  9.19922E-01  5.69636E-03
  9.23828E-01  5.62615E-03
  9.27734E-01  5.55760E-03
  9.31641E-01  5.48956E-03
  9.35547E-01  5.42326E-03
  9.39453E-01  5.35745E-03
  9.43359E-01  5.29383E-03
  9.47266E-01  5.23030E-03
  9.51172E-01  5.16847E-03
  9.55078E-01  5.10731E-03
  9.58984E-01  5.04832E-03
  9.62891E-01  4.98937E-03
  9.66797E-01  4.93256E-03
  9.70703E-01  4.87710E-03
  9.74609E-01  4.82325E-03
  9.78516E-01  4.77132E-03
  9.82422E-01  4.72211E-03
  9.86328E-01  4.67581E-03
  9.90234E-01  4.63328E-03
  9.94141E-01  4.59563E-03
  9.98047E-01  4.57770E-03
  1.00195E+00  4.57770E-03
