 -1.95312E-03  2.62500E+00
  1.95312E-03  2.62502E+00
  5.85938E-03  2.62453E+00
  9.76562E-03  2.62402E+00
  1.36719E-02  2.62343E+00
  1.75781E-02  2.62277E+00
  2.14844E-02  2.62202E+00
  2.53906E-02  2.62119E+00
  2.92969E-02  2.62027E+00
  3.32031E-02  2.61927E+00
  3.71094E-02  2.61818E+00
  4.10156E-02  2.61701E+00
  4.49219E-02  2.61576E+00
  4.88281E-02  2.61443E+00
  5.27344E-02  2.61301E+00
  5.66406E-02  2.61152E+00
  6.05469E-02  2.60994E+00
  6.44531E-02  2.60829E+00
  6.83594E-02  2.60655E+00
  7.22656E-02  2.60474E+00
  7.61719E-02  2.60284E+00
  8.00781E-02  2.60087E+00
  8.39844E-02  2.59881E+00
  8.78906E-02  2.59668E+00
  9.17969E-02  2.59447E+00
  9.57031E-02  2.59219E+00
  9.96094E-02  2.58982E+00
  1.03516E-01  2.58739E+00
  1.07422E-01  2.58487E+00
  1.11328E-01  2.58228E+00
  1.15234E-01  2.57961E+00
  1.19141E-01  2.57686E+00
  1.23047E-01  2.57404E+00
  1.26953E-01  2.57115E+00
  1.30859E-01  2.56818E+00
  1.34766E-01  2.56513E+00
  1.38672E-01  2.56201E+00
  1.42578E-01  2.55882E+00
  1.46484E-01  2.55555E+00
  1.50391E-01  2.55221E+00
  1.54297E-01  2.54880E+00
  1.58203E-01  2.54531E+00
  1.62109E-01  2.54174E+00
  1.66016E-01  2.53811E+00
  1.69922E-01  2.53440E+00
  1.73828E-01  2.53062E+00
  1.77734E-01  2.52676E+00
  1.81641E-01  2.52283E+00
  1.85547E-01  2.51883E+00
  1.89453E-01  2.51476E+00
  1.93359E-01  2.51061E+00
  1.97266E-01  2.50639E+00
  2.01172E-01  2.50210E+00
  2.05078E-01  2.49774E+00
  2.08984E-01  2.49330E+00
  2.12891E-01  2.48879E+00
  2.16797E-01  2.48421E+00
  2.20703E-01  2.47955E+00
  2.24609E-01  2.47483E+00
  2.28516E-01  2.47003E+00
  2.32422E-01  2.46516E+00
  2.36328E-01  2.46021E+00
  2.40234E-01  2.45520E+00
  2.44141E-01  2.45011E+00
  2.48047E-01  2.44494E+00
  2.51953E-01  2.43971E+00
  2.55859E-01  2.43440E+00
  2.59766E-01  2.42903E+00
  2.63672E-01  2.42358E+00
  2.67578E-01  2.41805E+00
  2.71484E-01  2.41245E+00
  2.75391E-01  2.40678E+00
  2.79297E-01  2.40103E+00
  2.83203E-01  2.39522E+00
  2.87109E-01  2.38932E+00
  2.91016E-01  2.38336E+00
  2.94922E-01  2.37732E+00
  2.98828E-01  2.37120E+00
  3.02734E-01  2.36501E+00
  3.06641E-01  2.35875E+00
  3.10547E-01  2.35241E+00
  3.14453E-01  2.34600E+00
  3.18359E-01  2.33951E+00
  3.22266E-01  2.33295E+00
  3.26172E-01  2.32631E+00
  3.30078E-01  2.31959E+00
  3.33984E-01  2.31280E+00
  3.37891E-01  2.30592E+00
  3.41797E-01  2.29897E+00
  3.45703E-01  2.29194E+00
  3.49609E-01  2.28484E+00
  3.53516E-01  2.27766E+00
  3.57422E-01  2.27039E+00
  3.61328E-01  2.26305E+00
  3.65234E-01  2.25563E+00
  3.69141E-01  2.24813E+00
  3.73047E-01  2.24055E+00
  3.76953E-01  2.23289E+00
  3.80859E-01  2.22514E+00
  3.84766E-01  2.21731E+00
  3.88672E-01  2.20940E+00
  3.92578E-01  2.20141E+00
  3.96484E-01  2.19333E+00
  4.00391E-01  2.18516E+00
  4.04297E-01  2.17691E+00
  4.08203E-01  2.16857E+00
  4.12109E-01  2.16014E+00
  4.16016E-01  2.15163E+00
  4.19922E-01  2.14302E+00
  4.23828E-01  2.13433E+00
  4.27734E-01  2.12555E+00
  4.31641E-01  2.11667E+00
  4.35547E-01  2.10771E+00
  4.39453E-01  2.09865E+00
  4.43359E-01  2.08950E+00
  4.47266E-01  2.08026E+00
  4.51172E-01  2.07091E+00
  4.55078E-01  2.06148E+00
  4.58984E-01  2.05194E+00
  4.62891E-01  2.04230E+00
  4.66797E-01  2.03257E+00
  4.70703E-01  2.02273E+00
  4.74609E-01  2.01278E+00
  4.78516E-01  2.00274E+00
  4.82422E-01  1.99258E+00
  4.86328E-01  1.98232E+00
  4.90234E-01  1.97195E+00
  4.94141E-01  1.96146E+00
  4.98047E-01  1.95087E+00
  5.01953E-01  1.94015E+00
  5.05859E-01  1.92932E+00
  5.09766E-01  1.91836E+00
  5.13672E-01  1.90729E+00
  5.17578E-01  1.89609E+00
  5.21484E-01  1.88476E+00
  5.25391E-01  1.87331E+00
  5.29297E-01  1.86173E+00
  5.33203E-01  1.85001E+00
  5.37109E-01  1.83815E+00
  5.41016E-01  1.82616E+00
  5.44922E-01  1.81402E+00
  5.48828E-01  1.80174E+00
  5.52734E-01  1.78931E+00
  5.56641E-01  1.77672E+00
  5.60547E-01  1.76397E+00
  5.64453E-01  1.75107E+00
  5.68359E-01  1.73799E+00
  5.72266E-01  1.72475E+00
  5.76172E-01  1.71133E+00
  5.80078E-01  1.69773E+00
  5.83984E-01  1.68394E+00
  5.87891E-01  1.66996E+00
  5.91797E-01  1.65578E+00
  5.95703E-01  1.64139E+00
  5.99609E-01  1.62679E+00
  6.03516E-01  1.61197E+00
  6.07422E-01  1.59693E+00
  6.11328E-01  1.58164E+00
  6.15234E-01  1.56610E+00
  6.19141E-01  1.55031E+00
  6.23047E-01  1.53425E+00
  6.26953E-01  1.51790E+00
  6.30859E-01  1.50125E+00
  6.34766E-01  1.48430E+00
  6.38672E-01  1.46701E+00
  6.42578E-01  1.44939E+00
  6.46484E-01  1.43140E+00
  6.50391E-01  1.41302E+00
  6.54297E-01  1.39424E+00
  6.58203E-01  1.37503E+00
  6.62109E-01  1.35535E+00
  6.66016E-01  1.33517E+00
  6.69922E-01  1.31446E+00
  6.73828E-01  1.29316E+00
  6.77734E-01  1.27124E+00
  6.81641E-01  1.24862E+00
  6.85547E-01  1.22526E+00
  6.89453E-01  1.20107E+00
  6.93359E-01  1.17596E+00
  6.97266E-01  1.14982E+00
  7.01172E-01  1.12251E+00
  7.05078E-01  1.09388E+00
  7.08984E-01  1.06371E+00
  7.12891E-01  1.03171E+00
  7.16797E-01  9.97463E-01
  7.20703E-01  9.59864E-01
  7.24609E-01  9.12013E-01
  7.28516E-01  8.05806E-01
  7.32422E-01  1.90232E-02
  7.36328E-01  1.87185E-02
  7.40234E-01  1.84618E-02
  7.44141E-01  1.81903E-02
  7.48047E-01  1.79292E-02
  7.51953E-01  1.76674E-02
  7.55859E-01  1.74131E-02
  7.59766E-01  1.71593E-02
  7.63672E-01  1.69150E-02
  7.67578E-01  1.66718E-02
  7.71484E-01  1.64316E-02
  7.75391E-01  1.61892E-02
  7.79297E-01  1.59456E-02
  7.83203E-01  1.57048E-02
  7.87109E-01  1.54752E-02
  7.91016E-01  1.52529E-02
  7.94922E-01  1.50377E-02
  7.98828E-01  1.48242E-02
  8.02734E-01  1.46163E-02
  8.06641E-01  1.44109E-02
  8.10547E-01  1.42110E-02
  8.14453E-01  1.40133E-02
  8.18359E-01  1.38196E-02
  8.22266E-01  1.36263E-02
  8.26172E-01  1.34355E-02
  8.30078E-01  1.32472E-02
  8.33984E-01  1.30644E-02
  8.37891E-01  1.28879E-02
  8.41797E-01  1.27158E-02
  8.45703E-01  1.25462E-02
  8.49609E-01  1.23803E-02
  8.53516E-01  1.22168E-02
  8.57422E-01  1.20566E-02
  8.61328E-01  1.18988E-02
  8.65234E-01  1.17443E-02
  8.69141E-01  1.15922E-02
  8.73047E-01  1.14433E-02
  8.76953E-01  1.12961E-02
  8.80859E-01  1.11520E-02
  8.84766E-01  1.10101E-02
  8.88672E-01  1.08711E-02
  8.92578E-01  1.07339E-02
  8.96484E-01  1.05996E-02
  9.00391E-01  1.04670E-02
  9.04297E-01  1.03374E-02
  9.08203E-01  1.02091E-02
  9.12109E-01  1.00836E-02
  9.16016E-01  9.95972E-03
  9.19922E-01  9.83879E-03
  9.23828E-01  9.71905E-03
  9.27734E-01  9.60183E-03
  9.31641E-01  9.48615E-03
  9.35547E-01  9.37320E-03
  9.39453E-01  9.26079E-03
  9.43359E-01  9.15154E-03
  9.47266E-01  9.04343E-03
  9.51172E-01  8.93696E-03
  9.55078E-01  8.83285E-03
  9.58984E-01  8.73030E-03
  9.62891E-01  8.62956E-03
  9.66797E-01  8.53091E-03
  9.70703E-01  8.43380E-03
  9.74609E-01  8.33923E-03
  9.78516E-01  8.24720E-03
  9.82422E-01  8.15878E-03
  9.86328E-01  8.07561E-03
  9.90234E-01  8.00129E-03
  9.94141E-01  7.94365E-03
  9.98047E-01  7.91482E-03
  1.00195E+00  7.91482E-03
