 -1.95312E-03  2.62401E+00
  1.95312E-03  2.62404E+00
  5.85938E-03  2.62354E+00
  9.76562E-03  2.62303E+00
  1.36719E-02  2.62245E+00
  1.75781E-02  2.62178E+00
  2.14844E-02  2.62103E+00
  2.53906E-02  2.62020E+00
  2.92969E-02  2.61928E+00
  3.32031E-02  2.61828E+00
  3.71094E-02  2.61720E+00
  4.10156E-02  2.61603E+00
  4.49219E-02  2.61478E+00
  4.88281E-02  2.61345E+00
  5.27344E-02  2.61203E+00
  5.66406E-02  2.61054E+00
  6.05469E-02  2.60896E+00
  6.44531E-02  2.60731E+00
  6.83594E-02  2.60557E+00
  7.22656E-02  2.60375E+00
  7.61719E-02  2.60186E+00
  8.00781E-02  2.59988E+00
  8.39844E-02  2.59783E+00
  8.78906E-02  2.59570E+00
  9.17969E-02  2.59349E+00
  9.57031E-02  2.59120E+00
  9.96094E-02  2.58884E+00
  1.03516E-01  2.58640E+00
  1.07422E-01  2.58388E+00
  1.11328E-01  2.58129E+00
  1.15234E-01  2.57862E+00
  1.19141E-01  2.57587E+00
  1.23047E-01  2.57305E+00
  1.26953E-01  2.57015E+00
  1.30859E-01  2.56718E+00
  1.34766E-01  2.56414E+00
  1.38672E-01  2.56102E+00
  1.42578E-01  2.55782E+00
  1.46484E-01  2.55455E+00
  1.50391E-01  2.55121E+00
  1.54297E-01  2.54779E+00
  1.58203E-01  2.54430E+00
  1.62109E-01  2.54074E+00
  1.66016E-01  2.53710E+00
  1.69922E-01  2.53339E+00
  1.73828E-01  2.52960E+00
  1.77734E-01  2.52575E+00
  1.81641E-01  2.52182E+00
  1.85547E-01  2.51781E+00
  1.89453E-01  2.51374E+00
  1.93359E-01  2.50959E+00
  1.97266E-01  2.50537E+00
  2.01172E-01  2.50108E+00
  2.05078E-01  2.49671E+00
  2.08984E-01  2.49227E+00
  2.12891E-01  2.48776E+00
  2.16797E-01  2.48318E+00
  2.20703E-01  2.47852E+00
  2.24609E-01  2.47379E+00
  2.28516E-01  2.46899E+00
  2.32422E-01  2.46412E+00
  2.36328E-01  2.45917E+00
  2.40234E-01  2.45415E+00
  2.44141E-01  2.44906E+00
  2.48047E-01  2.44390E+00
  2.51953E-01  2.43866E+00
  2.55859E-01  2.43336E+00
  2.59766E-01  2.42797E+00
  2.63672E-01  2.42252E+00
  2.67578E-01  2.41699E+00
  2.71484E-01  2.41139E+00
  2.75391E-01  2.40572E+00
  2.79297E-01  2.39997E+00
  2.83203E-01  2.39415E+00
  2.87109E-01  2.38826E+00
  2.91016E-01  2.38229E+00
  2.94922E-01  2.37624E+00
  2.98828E-01  2.37013E+00
  3.02734E-01  2.36394E+00
  3.06641E-01  2.35767E+00
  3.10547E-01  2.35133E+00
  3.14453E-01  2.34492E+00
  3.18359E-01  2.33843E+00
  3.22266E-01  2.33186E+00
  3.26172E-01  2.32522E+00
  3.30078E-01  2.31850E+00
  3.33984E-01  2.31170E+00
  3.37891E-01  2.30482E+00
  3.41797E-01  2.29787E+00
  3.45703E-01  2.29084E+00
  3.49609E-01  2.28374E+00
  3.53516E-01  2.27655E+00
  3.57422E-01  2.26929E+00
  3.61328E-01  2.26194E+00
  3.65234E-01  2.25452E+00
  3.69141E-01  2.24702E+00
  3.73047E-01  2.23943E+00
  3.76953E-01  2.23177E+00
  3.80859E-01  2.22402E+00
  3.84766E-01  2.21619E+00
  3.88672E-01  2.20828E+00
  3.92578E-01  2.20028E+00
  3.96484E-01  2.19220E+00
  4.00391E-01  2.18403E+00
  4.04297E-01  2.17578E+00
  4.08203E-01  2.16744E+00
  4.12109E-01  2.15901E+00
  4.16016E-01  2.15049E+00
  4.19922E-01  2.14188E+00
  4.23828E-01  2.13318E+00
  4.27734E-01  2.12440E+00
  4.31641E-01  2.11552E+00
  4.35547E-01  2.10655E+00
  4.39453E-01  2.09749E+00
  4.43359E-01  2.08834E+00
  4.47266E-01  2.07909E+00
  4.51172E-01  2.06975E+00
  4.55078E-01  2.06030E+00
  4.58984E-01  2.05076E+00
  4.62891E-01  2.04112E+00
  4.66797E-01  2.03138E+00
  4.70703E-01  2.02154E+00
  4.74609E-01  2.01159E+00
  4.78516E-01  2.00154E+00
  4.82422E-01  1.99138E+00
  4.86328E-01  1.98112E+00
  4.90234E-01  1.97074E+00
  4.94141E-01  1.96025E+00
  4.98047E-01  1.94965E+00
  5.01953E-01  1.93893E+00
  5.05859E-01  1.92809E+00
  5.09766E-01  1.91713E+00
  5.13672E-01  1.90605E+00
  5.17578E-01  1.89484E+00
  5.21484E-01  1.88351E+00
  5.25391E-01  1.87206E+00
  5.29297E-01  1.86046E+00
  5.33203E-01  1.84874E+00
  5.37109E-01  1.83688E+00
  5.41016E-01  1.82488E+00
  5.44922E-01  1.81273E+00
  5.48828E-01  1.80044E+00
  5.52734E-01  1.78800E+00
  5.56641E-01  1.77541E+00
  5.60547E-01  1.76265E+00
  5.64453E-01  1.74974E+00
  5.68359E-01  1.73666E+00
  5.72266E-01  1.72341E+00
  5.76172E-01  1.70998E+00
  5.80078E-01  1.69637E+00
  5.83984E-01  1.68258E+00
  5.87891E-01  1.66859E+00
  5.91797E-01  1.65440E+00
  5.95703E-01  1.64001E+00
  5.99609E-01  1.62540E+00
  6.03516E-01  1.61057E+00
  6.07422E-01  1.59551E+00
  6.11328E-01  1.58021E+00
  6.15234E-01  1.56466E+00
  6.19141E-01  1.54886E+00
  6.23047E-01  1.53278E+00
  6.26953E-01  1.51642E+00
  6.30859E-01  1.49977E+00
  6.34766E-01  1.48281E+00
  6.38672E-01  1.46552E+00
  6.42578E-01  1.44788E+00
  6.46484E-01  1.42988E+00
  6.50391E-01  1.41150E+00
  6.54297E-01  1.39271E+00
  6.58203E-01  1.37348E+00
  6.62109E-01  1.35379E+00
  6.66016E-01  1.33360E+00
  6.69922E-01  1.31288E+00
  6.73828E-01  1.29159E+00
  6.77734E-01  1.26966E+00
  6.81641E-01  1.24706E+00
  6.85547E-01  1.22371E+00
  6.89453E-01  1.19955E+00
  6.93359E-01  1.17448E+00
  6.97266E-01  1.14840E+00
  7.01172E-01  1.12117E+00
  7.05078E-01  1.09265E+00
  7.08984E-01  1.06262E+00
  7.12891E-01  1.03081E+00
  7.16797E-01  9.96819E-01
  7.20703E-01  9.59599E-01
  7.24609E-01  9.12516E-01
  7.28516E-01  8.08412E-01
  7.32422E-01  2.97515E-02
  7.36328E-01  2.90346E-02
  7.40234E-01  2.87104E-02
  7.44141E-01  2.82784E-02
  7.48047E-01  2.78548E-02
  7.51953E-01  2.74310E-02
  7.55859E-01  2.70271E-02
  7.59766E-01  2.66326E-02
  7.63672E-01  2.62416E-02
  7.67578E-01  2.58493E-02
  7.71484E-01  2.54679E-02
  7.75391E-01  2.50981E-02
  7.79297E-01  2.47447E-02
  7.83203E-01  2.43937E-02
  7.87109E-01  2.40454E-02
  7.91016E-01  2.36986E-02
  7.94922E-01  2.33616E-02
  7.98828E-01  2.30339E-02
  8.02734E-01  2.27153E-02
  8.06641E-01  2.24022E-02
  8.10547E-01  2.21005E-02
  8.14453E-01  2.18027E-02
  8.18359E-01  2.15106E-02
  8.22266E-01  2.12169E-02
  8.26172E-01  2.09260E-02
  8.30078E-01  2.06386E-02
  8.33984E-01  2.03578E-02
  8.37891E-01  2.00815E-02
  8.41797E-01  1.98114E-02
  8.45703E-01  1.95465E-02
  8.49609E-01  1.92907E-02
  8.53516E-01  1.90390E-02
  8.57422E-01  1.87955E-02
  8.61328E-01  1.85572E-02
  8.65234E-01  1.83243E-02
  8.69141E-01  1.80942E-02
  8.73047E-01  1.78692E-02
  8.76953E-01  1.76463E-02
  8.80859E-01  1.74286E-02
  8.84766E-01  1.72133E-02
  8.88672E-01  1.70027E-02
  8.92578E-01  1.67941E-02
  8.96484E-01  1.65907E-02
  9.00391E-01  1.63896E-02
  9.04297E-01  1.61884E-02
  9.08203E-01  1.59879E-02
  9.12109E-01  1.57907E-02
  9.16016E-01  1.55963E-02
  9.19922E-01  1.54089E-02
  9.23828E-01  1.52244E-02
  9.27734E-01  1.50429E-02
  9.31641E-01  1.48650E-02
  9.35547E-01  1.46894E-02
  9.39453E-01  1.45170E-02
  9.43359E-01  1.43477E-02
  9.47266E-01  1.41808E-02
  9.51172E-01  1.40173E-02
  9.55078E-01  1.38562E-02
  9.58984E-01  1.36975E-02
  9.62891E-01  1.35401E-02
  9.66797E-01  1.33845E-02
  9.70703E-01  1.32317E-02
  9.74609E-01  1.30820E-02
  9.78516E-01  1.29374E-02
  9.82422E-01  1.27970E-02
  9.86328E-01  1.26627E-02
  9.90234E-01  1.25384E-02
  9.94141E-01  1.24473E-02
  9.98047E-01  1.24126E-02
  1.00195E+00  1.24126E-02
