 -1.95312E-03  2.62433E+00
  1.95312E-03  2.62436E+00
  5.85938E-03  2.62386E+00
  9.76562E-03  2.62335E+00
  1.36719E-02  2.62277E+00
  1.75781E-02  2.62210E+00
  2.14844E-02  2.62135E+00
  2.53906E-02  2.62052E+00
  2.92969E-02  2.61960E+00
  3.32031E-02  2.61860E+00
  3.71094E-02  2.61751E+00
  4.10156E-02  2.61634E+00
  4.49219E-02  2.61509E+00
  4.88281E-02  2.61376E+00
  5.27344E-02  2.61235E+00
  5.66406E-02  2.61085E+00
  6.05469E-02  2.60928E+00
  6.44531E-02  2.60762E+00
  6.83594E-02  2.60588E+00
  7.22656E-02  2.60407E+00
  7.61719E-02  2.60217E+00
  8.00781E-02  2.60020E+00
  8.39844E-02  2.59814E+00
  8.78906E-02  2.59601E+00
  9.17969E-02  2.59380E+00
  9.57031E-02  2.59152E+00
  9.96094E-02  2.58915E+00
  1.03516E-01  2.58671E+00
  1.07422E-01  2.58420E+00
  1.11328E-01  2.58161E+00
  1.15234E-01  2.57894E+00
  1.19141E-01  2.57619E+00
  1.23047E-01  2.57337E+00
  1.26953E-01  2.57048E+00
  1.30859E-01  2.56751E+00
  1.34766E-01  2.56446E+00
  1.38672E-01  2.56134E+00
  1.42578E-01  2.55815E+00
  1.46484E-01  2.55488E+00
  1.50391E-01  2.55153E+00
  1.54297E-01  2.54812E+00
  1.58203E-01  2.54462E+00
  1.62109E-01  2.54106E+00
  1.66016E-01  2.53742E+00
  1.69922E-01  2.53371E+00
  1.73828E-01  2.52993E+00
  1.77734E-01  2.52607E+00
  1.81641E-01  2.52214E+00
  1.85547E-01  2.51814E+00
  1.89453E-01  2.51406E+00
  1.93359E-01  2.50991E+00
  1.97266E-01  2.50569E+00
  2.01172E-01  2.50140E+00
  2.05078E-01  2.49704E+00
  2.08984E-01  2.49260E+00
  2.12891E-01  2.48809E+00
  2.16797E-01  2.48351E+00
  2.20703E-01  2.47885E+00
  2.24609E-01  2.47413E+00
  2.28516E-01  2.46933E+00
  2.32422E-01  2.46446E+00
  2.36328E-01  2.45951E+00
  2.40234E-01  2.45450E+00
  2.44141E-01  2.44941E+00
  2.48047E-01  2.44424E+00
  2.51953E-01  2.43901E+00
  2.55859E-01  2.43370E+00
  2.59766E-01  2.42832E+00
  2.63672E-01  2.42287E+00
  2.67578E-01  2.41734E+00
  2.71484E-01  2.41175E+00
  2.75391E-01  2.40607E+00
  2.79297E-01  2.40033E+00
  2.83203E-01  2.39451E+00
  2.87109E-01  2.38861E+00
  2.91016E-01  2.38265E+00
  2.94922E-01  2.37661E+00
  2.98828E-01  2.37049E+00
  3.02734E-01  2.36430E+00
  3.06641E-01  2.35804E+00
  3.10547E-01  2.35170E+00
  3.14453E-01  2.34529E+00
  3.18359E-01  2.33880E+00
  3.22266E-01  2.33224E+00
  3.26172E-01  2.32559E+00
  3.30078E-01  2.31888E+00
  3.33984E-01  2.31208E+00
  3.37891E-01  2.30521E+00
  3.41797E-01  2.29825E+00
  3.45703E-01  2.29122E+00
  3.49609E-01  2.28412E+00
  3.53516E-01  2.27693E+00
  3.57422E-01  2.26967E+00
  3.61328E-01  2.26233E+00
  3.65234E-01  2.25490E+00
  3.69141E-01  2.24740E+00
  3.73047E-01  2.23982E+00
  3.76953E-01  2.23216E+00
  3.80859E-01  2.22441E+00
  3.84766E-01  2.21658E+00
  3.88672E-01  2.20867E+00
  3.92578E-01  2.20067E+00
  3.96484E-01  2.19259E+00
  4.00391E-01  2.18443E+00
  4.04297E-01  2.17618E+00
  4.08203E-01  2.16784E+00
  4.12109E-01  2.15941E+00
  4.16016E-01  2.15089E+00
  4.19922E-01  2.14229E+00
  4.23828E-01  2.13359E+00
  4.27734E-01  2.12481E+00
  4.31641E-01  2.11594E+00
  4.35547E-01  2.10698E+00
  4.39453E-01  2.09792E+00
  4.43359E-01  2.08877E+00
  4.47266E-01  2.07952E+00
  4.51172E-01  2.07018E+00
  4.55078E-01  2.06074E+00
  4.58984E-01  2.05121E+00
  4.62891E-01  2.04157E+00
  4.66797E-01  2.03184E+00
  4.70703E-01  2.02200E+00
  4.74609E-01  2.01206E+00
  4.78516E-01  2.00201E+00
  4.82422E-01  1.99186E+00
  4.86328E-01  1.98159E+00
  4.90234E-01  1.97122E+00
  4.94141E-01  1.96073E+00
  4.98047E-01  1.95014E+00
  5.01953E-01  1.93942E+00
  5.05859E-01  1.92859E+00
  5.09766E-01  1.91763E+00
  5.13672E-01  1.90656E+00
  5.17578E-01  1.89536E+00
  5.21484E-01  1.88403E+00
  5.25391E-01  1.87258E+00
  5.29297E-01  1.86099E+00
  5.33203E-01  1.84927E+00
  5.37109E-01  1.83742E+00
  5.41016E-01  1.82542E+00
  5.44922E-01  1.81328E+00
  5.48828E-01  1.80100E+00
  5.52734E-01  1.78856E+00
  5.56641E-01  1.77598E+00
  5.60547E-01  1.76323E+00
  5.64453E-01  1.75032E+00
  5.68359E-01  1.73724E+00
  5.72266E-01  1.72400E+00
  5.76172E-01  1.71057E+00
  5.80078E-01  1.69697E+00
  5.83984E-01  1.68318E+00
  5.87891E-01  1.66920E+00
  5.91797E-01  1.65502E+00
  5.95703E-01  1.64063E+00
  5.99609E-01  1.62603E+00
  6.03516E-01  1.61121E+00
  6.07422E-01  1.59615E+00
  6.11328E-01  1.58087E+00
  6.15234E-01  1.56533E+00
  6.19141E-01  1.54954E+00
  6.23047E-01  1.53347E+00
  6.26953E-01  1.51712E+00
  6.30859E-01  1.50048E+00
  6.34766E-01  1.48353E+00
  6.38672E-01  1.46625E+00
  6.42578E-01  1.44862E+00
  6.46484E-01  1.43063E+00
  6.50391E-01  1.41226E+00
  6.54297E-01  1.39348E+00
  6.58203E-01  1.37427E+00
  6.62109E-01  1.35459E+00
  6.66016E-01  1.33442E+00
  6.69922E-01  1.31371E+00
  6.73828E-01  1.29243E+00
  6.77734E-01  1.27052E+00
  6.81641E-01  1.24793E+00
  6.85547E-01  1.22460E+00
  6.89453E-01  1.20045E+00
  6.93359E-01  1.17540E+00
  6.97266E-01  1.14934E+00
  7.01172E-01  1.12214E+00
  7.05078E-01  1.09363E+00
  7.08984E-01  1.06362E+00
  7.12891E-01  1.03184E+00
  7.16797E-01  9.97870E-01
  7.20703E-01  9.60673E-01
  7.24609E-01  9.13653E-01
  7.28516E-01  8.09680E-01
  7.32422E-01  2.75275E-02
  7.36328E-01  2.69066E-02
  7.40234E-01  2.65997E-02
  7.44141E-01  2.61918E-02
  7.48047E-01  2.57914E-02
  7.51953E-01  2.53968E-02
  7.55859E-01  2.50225E-02
  7.59766E-01  2.46591E-02
  7.63672E-01  2.42989E-02
  7.67578E-01  2.39384E-02
  7.71484E-01  2.35842E-02
  7.75391E-01  2.32392E-02
  7.79297E-01  2.29064E-02
  7.83203E-01  2.25797E-02
  7.87109E-01  2.22637E-02
  7.91016E-01  2.19554E-02
  7.94922E-01  2.16546E-02
  7.98828E-01  2.13519E-02
  8.02734E-01  2.10500E-02
  8.06641E-01  2.07503E-02
  8.10547E-01  2.04573E-02
  8.14453E-01  2.01701E-02
  8.18359E-01  1.98898E-02
  8.22266E-01  1.96140E-02
  8.26172E-01  1.93480E-02
  8.30078E-01  1.90878E-02
  8.33984E-01  1.88353E-02
  8.37891E-01  1.85895E-02
  8.41797E-01  1.83493E-02
  8.45703E-01  1.81122E-02
  8.49609E-01  1.78800E-02
  8.53516E-01  1.76514E-02
  8.57422E-01  1.74270E-02
  8.61328E-01  1.72049E-02
  8.65234E-01  1.69885E-02
  8.69141E-01  1.67739E-02
  8.73047E-01  1.65643E-02
  8.76953E-01  1.63568E-02
  8.80859E-01  1.61495E-02
  8.84766E-01  1.59415E-02
  8.88672E-01  1.57375E-02
  8.92578E-01  1.55386E-02
  8.96484E-01  1.53459E-02
  9.00391E-01  1.51558E-02
  9.04297E-01  1.49699E-02
  9.08203E-01  1.47865E-02
  9.12109E-01  1.46068E-02
  9.16016E-01  1.44291E-02
  9.19922E-01  1.42558E-02
  9.23828E-01  1.40841E-02
  9.27734E-01  1.39161E-02
  9.31641E-01  1.37506E-02
  9.35547E-01  1.35859E-02
  9.39453E-01  1.34235E-02
  9.43359E-01  1.32632E-02
  9.47266E-01  1.31057E-02
  9.51172E-01  1.29533E-02
  9.55078E-01  1.28040E-02
  9.58984E-01  1.26576E-02
  9.62891E-01  1.25131E-02
  9.66797E-01  1.23714E-02
  9.70703E-01  1.22324E-02
  9.74609E-01  1.20960E-02
  9.78516E-01  1.19624E-02
  9.82422E-01  1.18327E-02
  9.86328E-01  1.17088E-02
  9.90234E-01  1.15942E-02
  9.94141E-01  1.15125E-02
  9.98047E-01  1.14777E-02
  1.00195E+00  1.14777E-02
