 -1.95312E-03  2.62322E+00
  1.95312E-03  2.62325E+00
  5.85938E-03  2.62275E+00
  9.76562E-03  2.62224E+00
  1.36719E-02  2.62166E+00
  1.75781E-02  2.62099E+00
  2.14844E-02  2.62024E+00
  2.53906E-02  2.61941E+00
  2.92969E-02  2.61849E+00
  3.32031E-02  2.61749E+00
  3.71094E-02  2.61640E+00
  4.10156E-02  2.61523E+00
  4.49219E-02  2.61398E+00
  4.88281E-02  2.61265E+00
  5.27344E-02  2.61123E+00
  5.66406E-02  2.60974E+00
  6.05469E-02  2.60816E+00
  6.44531E-02  2.60650E+00
  6.83594E-02  2.60476E+00
  7.22656E-02  2.60295E+00
  7.61719E-02  2.60105E+00
  8.00781E-02  2.59907E+00
  8.39844E-02  2.59702E+00
  8.78906E-02  2.59489E+00
  9.17969E-02  2.59267E+00
  9.57031E-02  2.59038E+00
  9.96094E-02  2.58802E+00
  1.03516E-01  2.58558E+00
  1.07422E-01  2.58306E+00
  1.11328E-01  2.58046E+00
  1.15234E-01  2.57779E+00
  1.19141E-01  2.57504E+00
  1.23047E-01  2.57222E+00
  1.26953E-01  2.56932E+00
  1.30859E-01  2.56634E+00
  1.34766E-01  2.56330E+00
  1.38672E-01  2.56017E+00
  1.42578E-01  2.55698E+00
  1.46484E-01  2.55371E+00
  1.50391E-01  2.55036E+00
  1.54297E-01  2.54694E+00
  1.58203E-01  2.54345E+00
  1.62109E-01  2.53988E+00
  1.66016E-01  2.53624E+00
  1.69922E-01  2.53253E+00
  1.73828E-01  2.52874E+00
  1.77734E-01  2.52488E+00
  1.81641E-01  2.52095E+00
  1.85547E-01  2.51694E+00
  1.89453E-01  2.51286E+00
  1.93359E-01  2.50871E+00
  1.97266E-01  2.50449E+00
  2.01172E-01  2.50019E+00
  2.05078E-01  2.49582E+00
  2.08984E-01  2.49138E+00
  2.12891E-01  2.48687E+00
  2.16797E-01  2.48228E+00
  2.20703E-01  2.47762E+00
  2.24609E-01  2.47289E+00
  2.28516E-01  2.46809E+00
  2.32422E-01  2.46321E+00
  2.36328E-01  2.45826E+00
  2.40234E-01  2.45324E+00
  2.44141E-01  2.44815E+00
  2.48047E-01  2.44298E+00
  2.51953E-01  2.43774E+00
  2.55859E-01  2.43243E+00
  2.59766E-01  2.42704E+00
  2.63672E-01  2.42158E+00
  2.67578E-01  2.41605E+00
  2.71484E-01  2.41044E+00
  2.75391E-01  2.40477E+00
  2.79297E-01  2.39901E+00
  2.83203E-01  2.39319E+00
  2.87109E-01  2.38729E+00
  2.91016E-01  2.38132E+00
  2.94922E-01  2.37527E+00
  2.98828E-01  2.36915E+00
  3.02734E-01  2.36295E+00
  3.06641E-01  2.35668E+00
  3.10547E-01  2.35034E+00
  3.14453E-01  2.34392E+00
  3.18359E-01  2.33742E+00
  3.22266E-01  2.33085E+00
  3.26172E-01  2.32420E+00
  3.30078E-01  2.31747E+00
  3.33984E-01  2.31067E+00
  3.37891E-01  2.30379E+00
  3.41797E-01  2.29683E+00
  3.45703E-01  2.28979E+00
  3.49609E-01  2.28267E+00
  3.53516E-01  2.27548E+00
  3.57422E-01  2.26821E+00
  3.61328E-01  2.26086E+00
  3.65234E-01  2.25343E+00
  3.69141E-01  2.24592E+00
  3.73047E-01  2.23833E+00
  3.76953E-01  2.23065E+00
  3.80859E-01  2.22290E+00
  3.84766E-01  2.21506E+00
  3.88672E-01  2.20714E+00
  3.92578E-01  2.19913E+00
  3.96484E-01  2.19104E+00
  4.00391E-01  2.18286E+00
  4.04297E-01  2.17460E+00
  4.08203E-01  2.16625E+00
  4.12109E-01  2.15781E+00
  4.16016E-01  2.14928E+00
  4.19922E-01  2.14066E+00
  4.23828E-01  2.13196E+00
  4.27734E-01  2.12316E+00
  4.31641E-01  2.11427E+00
  4.35547E-01  2.10529E+00
  4.39453E-01  2.09622E+00
  4.43359E-01  2.08706E+00
  4.47266E-01  2.07780E+00
  4.51172E-01  2.06844E+00
  4.55078E-01  2.05899E+00
  4.58984E-01  2.04943E+00
  4.62891E-01  2.03978E+00
  4.66797E-01  2.03003E+00
  4.70703E-01  2.02017E+00
  4.74609E-01  2.01021E+00
  4.78516E-01  2.00014E+00
  4.82422E-01  1.98997E+00
  4.86328E-01  1.97969E+00
  4.90234E-01  1.96929E+00
  4.94141E-01  1.95879E+00
  4.98047E-01  1.94817E+00
  5.01953E-01  1.93743E+00
  5.05859E-01  1.92658E+00
  5.09766E-01  1.91560E+00
  5.13672E-01  1.90451E+00
  5.17578E-01  1.89329E+00
  5.21484E-01  1.88194E+00
  5.25391E-01  1.87046E+00
  5.29297E-01  1.85886E+00
  5.33203E-01  1.84712E+00
  5.37109E-01  1.83524E+00
  5.41016E-01  1.82322E+00
  5.44922E-01  1.81106E+00
  5.48828E-01  1.79875E+00
  5.52734E-01  1.78629E+00
  5.56641E-01  1.77368E+00
  5.60547E-01  1.76091E+00
  5.64453E-01  1.74797E+00
  5.68359E-01  1.73487E+00
  5.72266E-01  1.72160E+00
  5.76172E-01  1.70815E+00
  5.80078E-01  1.69452E+00
  5.83984E-01  1.68070E+00
  5.87891E-01  1.66669E+00
  5.91797E-01  1.65248E+00
  5.95703E-01  1.63806E+00
  5.99609E-01  1.62342E+00
  6.03516E-01  1.60857E+00
  6.07422E-01  1.59348E+00
  6.11328E-01  1.57815E+00
  6.15234E-01  1.56258E+00
  6.19141E-01  1.54674E+00
  6.23047E-01  1.53063E+00
  6.26953E-01  1.51424E+00
  6.30859E-01  1.49755E+00
  6.34766E-01  1.48055E+00
  6.38672E-01  1.46322E+00
  6.42578E-01  1.44555E+00
  6.46484E-01  1.42751E+00
  6.50391E-01  1.40909E+00
  6.54297E-01  1.39026E+00
  6.58203E-01  1.37099E+00
  6.62109E-01  1.35126E+00
  6.66016E-01  1.33103E+00
  6.69922E-01  1.31027E+00
  6.73828E-01  1.28893E+00
  6.77734E-01  1.26696E+00
  6.81641E-01  1.24431E+00
  6.85547E-01  1.22091E+00
  6.89453E-01  1.19668E+00
  6.93359E-01  1.17155E+00
  6.97266E-01  1.14540E+00
  7.01172E-01  1.11811E+00
  7.05078E-01  1.08950E+00
  7.08984E-01  1.05938E+00
  7.12891E-01  1.02746E+00
  7.16797E-01  9.93355E-01
  7.20703E-01  9.55966E-01
  7.24609E-01  9.08538E-01
  7.28516E-01  8.03577E-01
  7.32422E-01  3.47725E-02
  7.36328E-01  3.37972E-02
  7.40234E-01  3.34109E-02
  7.44141E-01  3.29037E-02
  7.48047E-01  3.24214E-02
  7.51953E-01  3.19506E-02
  7.55859E-01  3.14891E-02
  7.59766E-01  3.10224E-02
  7.63672E-01  3.05701E-02
  7.67578E-01  3.01243E-02
  7.71484E-01  2.96924E-02
  7.75391E-01  2.92633E-02
  7.79297E-01  2.88497E-02
  7.83203E-01  2.84439E-02
  7.87109E-01  2.80438E-02
  7.91016E-01  2.76427E-02
  7.94922E-01  2.72512E-02
  7.98828E-01  2.68738E-02
  8.02734E-01  2.65048E-02
  8.06641E-01  2.61356E-02
  8.10547E-01  2.57718E-02
  8.14453E-01  2.54131E-02
  8.18359E-01  2.50680E-02
  8.22266E-01  2.47334E-02
  8.26172E-01  2.44066E-02
  8.30078E-01  2.40783E-02
  8.33984E-01  2.37537E-02
  8.37891E-01  2.34337E-02
  8.41797E-01  2.31261E-02
  8.45703E-01  2.28223E-02
  8.49609E-01  2.25258E-02
  8.53516E-01  2.22354E-02
  8.57422E-01  2.19544E-02
  8.61328E-01  2.16758E-02
  8.65234E-01  2.14019E-02
  8.69141E-01  2.11271E-02
  8.73047E-01  2.08561E-02
  8.76953E-01  2.05886E-02
  8.80859E-01  2.03275E-02
  8.84766E-01  2.00692E-02
  8.88672E-01  1.98167E-02
  8.92578E-01  1.95679E-02
  8.96484E-01  1.93281E-02
  9.00391E-01  1.90911E-02
  9.04297E-01  1.88601E-02
  9.08203E-01  1.86347E-02
  9.12109E-01  1.84134E-02
  9.16016E-01  1.81969E-02
  9.19922E-01  1.79827E-02
  9.23828E-01  1.77729E-02
  9.27734E-01  1.75658E-02
  9.31641E-01  1.73625E-02
  9.35547E-01  1.71628E-02
  9.39453E-01  1.69657E-02
  9.43359E-01  1.67722E-02
  9.47266E-01  1.65814E-02
  9.51172E-01  1.63943E-02
  9.55078E-01  1.62081E-02
  9.58984E-01  1.60227E-02
  9.62891E-01  1.58391E-02
  9.66797E-01  1.56591E-02
  9.70703E-01  1.54839E-02
  9.74609E-01  1.53130E-02
  9.78516E-01  1.51452E-02
  9.82422E-01  1.49813E-02
  9.86328E-01  1.48232E-02
  9.90234E-01  1.46767E-02
  9.94141E-01  1.45648E-02
  9.98047E-01  1.45104E-02
  1.00195E+00  1.45104E-02
