 -1.95312E-03  2.61950E+00
  1.95312E-03  2.61953E+00
  5.85938E-03  2.61903E+00
  9.76562E-03  2.61852E+00
  1.36719E-02  2.61794E+00
  1.75781E-02  2.61727E+00
  2.14844E-02  2.61652E+00
  2.53906E-02  2.61568E+00
  2.92969E-02  2.61477E+00
  3.32031E-02  2.61376E+00
  3.71094E-02  2.61267E+00
  4.10156E-02  2.61150E+00
  4.49219E-02  2.61025E+00
  4.88281E-02  2.60891E+00
  5.27344E-02  2.60750E+00
  5.66406E-02  2.60600E+00
  6.05469E-02  2.60442E+00
  6.44531E-02  2.60276E+00
  6.83594E-02  2.60102E+00
  7.22656E-02  2.59920E+00
  7.61719E-02  2.59730E+00
  8.00781E-02  2.59532E+00
  8.39844E-02  2.59326E+00
  8.78906E-02  2.59112E+00
  9.17969E-02  2.58890E+00
  9.57031E-02  2.58661E+00
  9.96094E-02  2.58424E+00
  1.03516E-01  2.58179E+00
  1.07422E-01  2.57927E+00
  1.11328E-01  2.57667E+00
  1.15234E-01  2.57399E+00
  1.19141E-01  2.57124E+00
  1.23047E-01  2.56841E+00
  1.26953E-01  2.56550E+00
  1.30859E-01  2.56252E+00
  1.34766E-01  2.55947E+00
  1.38672E-01  2.55634E+00
  1.42578E-01  2.55313E+00
  1.46484E-01  2.54985E+00
  1.50391E-01  2.54650E+00
  1.54297E-01  2.54307E+00
  1.58203E-01  2.53957E+00
  1.62109E-01  2.53600E+00
  1.66016E-01  2.53235E+00
  1.69922E-01  2.52862E+00
  1.73828E-01  2.52483E+00
  1.77734E-01  2.52096E+00
  1.81641E-01  2.51702E+00
  1.85547E-01  2.51300E+00
  1.89453E-01  2.50891E+00
  1.93359E-01  2.50475E+00
  1.97266E-01  2.50051E+00
  2.01172E-01  2.49620E+00
  2.05078E-01  2.49182E+00
  2.08984E-01  2.48737E+00
  2.12891E-01  2.48284E+00
  2.16797E-01  2.47825E+00
  2.20703E-01  2.47357E+00
  2.24609E-01  2.46883E+00
  2.28516E-01  2.46401E+00
  2.32422E-01  2.45912E+00
  2.36328E-01  2.45416E+00
  2.40234E-01  2.44912E+00
  2.44141E-01  2.44401E+00
  2.48047E-01  2.43883E+00
  2.51953E-01  2.43358E+00
  2.55859E-01  2.42825E+00
  2.59766E-01  2.42285E+00
  2.63672E-01  2.41737E+00
  2.67578E-01  2.41183E+00
  2.71484E-01  2.40620E+00
  2.75391E-01  2.40051E+00
  2.79297E-01  2.39474E+00
  2.83203E-01  2.38890E+00
  2.87109E-01  2.38298E+00
  2.91016E-01  2.37699E+00
  2.94922E-01  2.37092E+00
  2.98828E-01  2.36478E+00
  3.02734E-01  2.35856E+00
  3.06641E-01  2.35227E+00
  3.10547E-01  2.34591E+00
  3.14453E-01  2.33946E+00
  3.18359E-01  2.33295E+00
  3.22266E-01  2.32635E+00
  3.26172E-01  2.31968E+00
  3.30078E-01  2.31293E+00
  3.33984E-01  2.30611E+00
  3.37891E-01  2.29920E+00
  3.41797E-01  2.29222E+00
  3.45703E-01  2.28516E+00
  3.49609E-01  2.27802E+00
  3.53516E-01  2.27080E+00
  3.57422E-01  2.26350E+00
  3.61328E-01  2.25613E+00
  3.65234E-01  2.24867E+00
  3.69141E-01  2.24113E+00
  3.73047E-01  2.23351E+00
  3.76953E-01  2.22581E+00
  3.80859E-01  2.21803E+00
  3.84766E-01  2.21016E+00
  3.88672E-01  2.20221E+00
  3.92578E-01  2.19417E+00
  3.96484E-01  2.18605E+00
  4.00391E-01  2.17784E+00
  4.04297E-01  2.16955E+00
  4.08203E-01  2.16116E+00
  4.12109E-01  2.15269E+00
  4.16016E-01  2.14413E+00
  4.19922E-01  2.13548E+00
  4.23828E-01  2.12674E+00
  4.27734E-01  2.11791E+00
  4.31641E-01  2.10899E+00
  4.35547E-01  2.09997E+00
  4.39453E-01  2.09087E+00
  4.43359E-01  2.08166E+00
  4.47266E-01  2.07236E+00
  4.51172E-01  2.06297E+00
  4.55078E-01  2.05347E+00
  4.58984E-01  2.04388E+00
  4.62891E-01  2.03418E+00
  4.66797E-01  2.02439E+00
  4.70703E-01  2.01449E+00
  4.74609E-01  2.00448E+00
  4.78516E-01  1.99437E+00
  4.82422E-01  1.98415E+00
  4.86328E-01  1.97381E+00
  4.90234E-01  1.96337E+00
  4.94141E-01  1.95282E+00
  4.98047E-01  1.94215E+00
  5.01953E-01  1.93136E+00
  5.05859E-01  1.92045E+00
  5.09766E-01  1.90942E+00
  5.13672E-01  1.89826E+00
  5.17578E-01  1.88699E+00
  5.21484E-01  1.87558E+00
  5.25391E-01  1.86405E+00
  5.29297E-01  1.85238E+00
  5.33203E-01  1.84058E+00
  5.37109E-01  1.82863E+00
  5.41016E-01  1.81655E+00
  5.44922E-01  1.80432E+00
  5.48828E-01  1.79195E+00
  5.52734E-01  1.77942E+00
  5.56641E-01  1.76674E+00
  5.60547E-01  1.75389E+00
  5.64453E-01  1.74089E+00
  5.68359E-01  1.72771E+00
  5.72266E-01  1.71436E+00
  5.76172E-01  1.70083E+00
  5.80078E-01  1.68712E+00
  5.83984E-01  1.67322E+00
  5.87891E-01  1.65913E+00
  5.91797E-01  1.64483E+00
  5.95703E-01  1.63032E+00
  5.99609E-01  1.61559E+00
  6.03516E-01  1.60064E+00
  6.07422E-01  1.58546E+00
  6.11328E-01  1.57003E+00
  6.15234E-01  1.55436E+00
  6.19141E-01  1.53841E+00
  6.23047E-01  1.52220E+00
  6.26953E-01  1.50570E+00
  6.30859E-01  1.48889E+00
  6.34766E-01  1.47177E+00
  6.38672E-01  1.45432E+00
  6.42578E-01  1.43652E+00
  6.46484E-01  1.41835E+00
  6.50391E-01  1.39978E+00
  6.54297E-01  1.38080E+00
  6.58203E-01  1.36138E+00
  6.62109E-01  1.34148E+00
  6.66016E-01  1.32108E+00
  6.69922E-01  1.30014E+00
  6.73828E-01  1.27860E+00
  6.77734E-01  1.25643E+00
  6.81641E-01  1.23356E+00
  6.85547E-01  1.20993E+00
  6.89453E-01  1.18546E+00
  6.93359E-01  1.16004E+00
  6.97266E-01  1.13359E+00
  7.01172E-01  1.10596E+00
  7.05078E-01  1.07697E+00
  7.08984E-01  1.04642E+00
  7.12891E-01  1.01400E+00
  7.16797E-01  9.79289E-01
  7.20703E-01  9.41043E-01
  7.24609E-01  8.91671E-01
  7.28516E-01  7.81779E-01
  7.32422E-01  5.05895E-02
  7.36328E-01  4.84659E-02
  7.40234E-01  4.79182E-02
  7.44141E-01  4.72020E-02
  7.48047E-01  4.65167E-02
  7.51953E-01  4.58313E-02
  7.55859E-01  4.51718E-02
  7.59766E-01  4.45101E-02
  7.63672E-01  4.38727E-02
  7.67578E-01  4.32359E-02
  7.71484E-01  4.26254E-02
  7.75391E-01  4.20172E-02
  7.79297E-01  4.14315E-02
  7.83203E-01  4.08443E-02
  7.87109E-01  4.02776E-02
  7.91016E-01  3.97142E-02
  7.94922E-01  3.91648E-02
  7.98828E-01  3.86250E-02
  8.02734E-01  3.80980E-02
  8.06641E-01  3.75753E-02
  8.10547E-01  3.70714E-02
  8.14453E-01  3.65718E-02
  8.18359E-01  3.60798E-02
  8.22266E-01  3.56018E-02
  8.26172E-01  3.51350E-02
  8.30078E-01  3.46692E-02
  8.33984E-01  3.42174E-02
  8.37891E-01  3.37681E-02
  8.41797E-01  3.33296E-02
  8.45703E-01  3.28975E-02
  8.49609E-01  3.24758E-02
  8.53516E-01  3.20625E-02
  8.57422E-01  3.16642E-02
  8.61328E-01  3.12605E-02
  8.65234E-01  3.08651E-02
  8.69141E-01  3.04755E-02
  8.73047E-01  3.00959E-02
  8.76953E-01  2.97239E-02
  8.80859E-01  2.93564E-02
  8.84766E-01  2.89939E-02
  8.88672E-01  2.86420E-02
  8.92578E-01  2.82978E-02
  8.96484E-01  2.79550E-02
  9.00391E-01  2.76155E-02
  9.04297E-01  2.72821E-02
  9.08203E-01  2.69575E-02
  9.12109E-01  2.66419E-02
  9.16016E-01  2.63286E-02
  9.19922E-01  2.60184E-02
  9.23828E-01  2.57116E-02
  9.27734E-01  2.54106E-02
  9.31641E-01  2.51170E-02
  9.35547E-01  2.48304E-02
  9.39453E-01  2.45502E-02
  9.43359E-01  2.42734E-02
  9.47266E-01  2.39988E-02
  9.51172E-01  2.37270E-02
  9.55078E-01  2.34600E-02
  9.58984E-01  2.31999E-02
  9.62891E-01  2.29445E-02
  9.66797E-01  2.26943E-02
  9.70703E-01  2.24485E-02
  9.74609E-01  2.22078E-02
  9.78516E-01  2.19735E-02
  9.82422E-01  2.17437E-02
  9.86328E-01  2.15196E-02
  9.90234E-01  2.13023E-02
  9.94141E-01  2.11282E-02
  9.98047E-01  2.10562E-02
  1.00195E+00  2.10562E-02
