 -1.95312E-03  2.62539E+00
  1.95312E-03  2.62541E+00
  5.85938E-03  2.62492E+00
  9.76562E-03  2.62441E+00
  1.36719E-02  2.62382E+00
  1.75781E-02  2.62316E+00
  2.14844E-02  2.62241E+00
  2.53906E-02  2.62158E+00
  2.92969E-02  2.62066E+00
  3.32031E-02  2.61966E+00
  3.71094E-02  2.61857E+00
  4.10156E-02  2.61741E+00
  4.49219E-02  2.61616E+00
  4.88281E-02  2.61482E+00
  5.27344E-02  2.61341E+00
  5.66406E-02  2.61192E+00
  6.05469E-02  2.61034E+00
  6.44531E-02  2.60869E+00
  6.83594E-02  2.60695E+00
  7.22656E-02  2.60513E+00
  7.61719E-02  2.60324E+00
  8.00781E-02  2.60127E+00
  8.39844E-02  2.59921E+00
  8.78906E-02  2.59708E+00
  9.17969E-02  2.59487E+00
  9.57031E-02  2.59259E+00
  9.96094E-02  2.59022E+00
  1.03516E-01  2.58779E+00
  1.07422E-01  2.58527E+00
  1.11328E-01  2.58268E+00
  1.15234E-01  2.58001E+00
  1.19141E-01  2.57727E+00
  1.23047E-01  2.57445E+00
  1.26953E-01  2.57155E+00
  1.30859E-01  2.56858E+00
  1.34766E-01  2.56553E+00
  1.38672E-01  2.56242E+00
  1.42578E-01  2.55922E+00
  1.46484E-01  2.55596E+00
  1.50391E-01  2.55261E+00
  1.54297E-01  2.54920E+00
  1.58203E-01  2.54571E+00
  1.62109E-01  2.54215E+00
  1.66016E-01  2.53851E+00
  1.69922E-01  2.53480E+00
  1.73828E-01  2.53102E+00
  1.77734E-01  2.52717E+00
  1.81641E-01  2.52324E+00
  1.85547E-01  2.51924E+00
  1.89453E-01  2.51516E+00
  1.93359E-01  2.51101E+00
  1.97266E-01  2.50680E+00
  2.01172E-01  2.50251E+00
  2.05078E-01  2.49814E+00
  2.08984E-01  2.49371E+00
  2.12891E-01  2.48920E+00
  2.16797E-01  2.48462E+00
  2.20703E-01  2.47996E+00
  2.24609E-01  2.47524E+00
  2.28516E-01  2.47044E+00
  2.32422E-01  2.46557E+00
  2.36328E-01  2.46063E+00
  2.40234E-01  2.45561E+00
  2.44141E-01  2.45052E+00
  2.48047E-01  2.44536E+00
  2.51953E-01  2.44013E+00
  2.55859E-01  2.43482E+00
  2.59766E-01  2.42944E+00
  2.63672E-01  2.42399E+00
  2.67578E-01  2.41847E+00
  2.71484E-01  2.41287E+00
  2.75391E-01  2.40720E+00
  2.79297E-01  2.40145E+00
  2.83203E-01  2.39564E+00
  2.87109E-01  2.38974E+00
  2.91016E-01  2.38377E+00
  2.94922E-01  2.37774E+00
  2.98828E-01  2.37162E+00
  3.02734E-01  2.36543E+00
  3.06641E-01  2.35917E+00
  3.10547E-01  2.35283E+00
  3.14453E-01  2.34642E+00
  3.18359E-01  2.33993E+00
  3.22266E-01  2.33336E+00
  3.26172E-01  2.32672E+00
  3.30078E-01  2.32001E+00
  3.33984E-01  2.31321E+00
  3.37891E-01  2.30634E+00
  3.41797E-01  2.29939E+00
  3.45703E-01  2.29236E+00
  3.49609E-01  2.28526E+00
  3.53516E-01  2.27807E+00
  3.57422E-01  2.27081E+00
  3.61328E-01  2.26347E+00
  3.65234E-01  2.25605E+00
  3.69141E-01  2.24855E+00
  3.73047E-01  2.24096E+00
  3.76953E-01  2.23330E+00
  3.80859E-01  2.22556E+00
  3.84766E-01  2.21773E+00
  3.88672E-01  2.20982E+00
  3.92578E-01  2.20182E+00
  3.96484E-01  2.19374E+00
  4.00391E-01  2.18557E+00
  4.04297E-01  2.17732E+00
  4.08203E-01  2.16898E+00
  4.12109E-01  2.16055E+00
  4.16016E-01  2.15203E+00
  4.19922E-01  2.14343E+00
  4.23828E-01  2.13473E+00
  4.27734E-01  2.12595E+00
  4.31641E-01  2.11708E+00
  4.35547E-01  2.10811E+00
  4.39453E-01  2.09905E+00
  4.43359E-01  2.08990E+00
  4.47266E-01  2.08065E+00
  4.51172E-01  2.07131E+00
  4.55078E-01  2.06187E+00
  4.58984E-01  2.05234E+00
  4.62891E-01  2.04270E+00
  4.66797E-01  2.03296E+00
  4.70703E-01  2.02312E+00
  4.74609E-01  2.01317E+00
  4.78516E-01  2.00313E+00
  4.82422E-01  1.99297E+00
  4.86328E-01  1.98271E+00
  4.90234E-01  1.97233E+00
  4.94141E-01  1.96185E+00
  4.98047E-01  1.95125E+00
  5.01953E-01  1.94053E+00
  5.05859E-01  1.92969E+00
  5.09766E-01  1.91874E+00
  5.13672E-01  1.90766E+00
  5.17578E-01  1.89646E+00
  5.21484E-01  1.88513E+00
  5.25391E-01  1.87368E+00
  5.29297E-01  1.86209E+00
  5.33203E-01  1.85037E+00
  5.37109E-01  1.83851E+00
  5.41016E-01  1.82652E+00
  5.44922E-01  1.81437E+00
  5.48828E-01  1.80209E+00
  5.52734E-01  1.78965E+00
  5.56641E-01  1.77706E+00
  5.60547E-01  1.76431E+00
  5.64453E-01  1.75139E+00
  5.68359E-01  1.73832E+00
  5.72266E-01  1.72507E+00
  5.76172E-01  1.71164E+00
  5.80078E-01  1.69803E+00
  5.83984E-01  1.68423E+00
  5.87891E-01  1.67023E+00
  5.91797E-01  1.65603E+00
  5.95703E-01  1.64162E+00
  5.99609E-01  1.62700E+00
  6.03516E-01  1.61215E+00
  6.07422E-01  1.59707E+00
  6.11328E-01  1.58174E+00
  6.15234E-01  1.56616E+00
  6.19141E-01  1.55032E+00
  6.23047E-01  1.53420E+00
  6.26953E-01  1.51779E+00
  6.30859E-01  1.50107E+00
  6.34766E-01  1.48404E+00
  6.38672E-01  1.46667E+00
  6.42578E-01  1.44895E+00
  6.46484E-01  1.43086E+00
  6.50391E-01  1.41237E+00
  6.54297E-01  1.39346E+00
  6.58203E-01  1.37411E+00
  6.62109E-01  1.35427E+00
  6.66016E-01  1.33391E+00
  6.69922E-01  1.31300E+00
  6.73828E-01  1.29150E+00
  6.77734E-01  1.26935E+00
  6.81641E-01  1.24650E+00
  6.85547E-01  1.22287E+00
  6.89453E-01  1.19838E+00
  6.93359E-01  1.17293E+00
  6.97266E-01  1.14642E+00
  7.01172E-01  1.11868E+00
  7.05078E-01  1.08955E+00
  7.08984E-01  1.05879E+00
  7.12891E-01  1.02609E+00
  7.16797E-01  9.90978E-01
  7.20703E-01  9.52138E-01
  7.24609E-01  9.01601E-01
  7.28516E-01  7.88293E-01
  7.32422E-01  9.49168E-03
  7.36328E-01  9.36974E-03
  7.40234E-01  9.22353E-03
  7.44141E-01  9.08313E-03
  7.48047E-01  8.94256E-03
  7.51953E-01  8.80785E-03
  7.55859E-01  8.67346E-03
  7.59766E-01  8.54470E-03
  7.63672E-01  8.41573E-03
  7.67578E-01  8.29167E-03
  7.71484E-01  8.16750E-03
  7.75391E-01  8.04824E-03
  7.79297E-01  7.92907E-03
  7.83203E-01  7.81479E-03
  7.87109E-01  7.70024E-03
  7.91016E-01  7.59013E-03
  7.94922E-01  7.47992E-03
  7.98828E-01  7.37391E-03
  8.02734E-01  7.26811E-03
  8.06641E-01  7.16564E-03
  8.10547E-01  7.06385E-03
  8.14453E-01  6.96575E-03
  8.18359E-01  6.86755E-03
  8.22266E-01  6.77300E-03
  8.26172E-01  6.67871E-03
  8.30078E-01  6.58706E-03
  8.33984E-01  6.49648E-03
  8.37891E-01  6.40806E-03
  8.41797E-01  6.32104E-03
  8.45703E-01  6.23568E-03
  8.49609E-01  6.15199E-03
  8.53516E-01  6.06946E-03
  8.57422E-01  5.98860E-03
  8.61328E-01  5.90904E-03
  8.65234E-01  5.83134E-03
  8.69141E-01  5.75456E-03
  8.73047E-01  5.67972E-03
  8.76953E-01  5.60519E-03
  8.80859E-01  5.53298E-03
  8.84766E-01  5.46106E-03
  8.88672E-01  5.39160E-03
  8.92578E-01  5.32203E-03
  8.96484E-01  5.25477E-03
  9.00391E-01  5.18771E-03
  9.04297E-01  5.12273E-03
  9.08203E-01  5.05793E-03
  9.12109E-01  4.99508E-03
  9.16016E-01  4.93268E-03
  9.19922E-01  4.87189E-03
  9.23828E-01  4.81152E-03
  9.27734E-01  4.75269E-03
  9.31641E-01  4.69444E-03
  9.35547E-01  4.63779E-03
  9.39453E-01  4.58160E-03
  9.43359E-01  4.52687E-03
  9.47266E-01  4.47229E-03
  9.51172E-01  4.41976E-03
  9.55078E-01  4.36763E-03
  9.58984E-01  4.31705E-03
  9.62891E-01  4.26672E-03
  9.66797E-01  4.21879E-03
  9.70703E-01  4.17134E-03
  9.74609E-01  4.12561E-03
  9.78516E-01  4.08156E-03
  9.82422E-01  4.03975E-03
  9.86328E-01  4.00016E-03
  9.90234E-01  3.96318E-03
  9.94141E-01  3.93037E-03
  9.98047E-01  3.91492E-03
  1.00195E+00  3.91492E-03
