 -1.95312E-03  2.62150E+00
  1.95312E-03  2.62152E+00
  5.85938E-03  2.62102E+00
  9.76562E-03  2.62051E+00
  1.36719E-02  2.61993E+00
  1.75781E-02  2.61926E+00
  2.14844E-02  2.61851E+00
  2.53906E-02  2.61768E+00
  2.92969E-02  2.61676E+00
  3.32031E-02  2.61575E+00
  3.71094E-02  2.61467E+00
  4.10156E-02  2.61350E+00
  4.49219E-02  2.61224E+00
  4.88281E-02  2.61091E+00
  5.27344E-02  2.60949E+00
  5.66406E-02  2.60800E+00
  6.05469E-02  2.60642E+00
  6.44531E-02  2.60476E+00
  6.83594E-02  2.60302E+00
  7.22656E-02  2.60120E+00
  7.61719E-02  2.59930E+00
  8.00781E-02  2.59732E+00
  8.39844E-02  2.59527E+00
  8.78906E-02  2.59313E+00
  9.17969E-02  2.59092E+00
  9.57031E-02  2.58863E+00
  9.96094E-02  2.58626E+00
  1.03516E-01  2.58382E+00
  1.07422E-01  2.58130E+00
  1.11328E-01  2.57870E+00
  1.15234E-01  2.57603E+00
  1.19141E-01  2.57328E+00
  1.23047E-01  2.57045E+00
  1.26953E-01  2.56755E+00
  1.30859E-01  2.56457E+00
  1.34766E-01  2.56152E+00
  1.38672E-01  2.55840E+00
  1.42578E-01  2.55520E+00
  1.46484E-01  2.55192E+00
  1.50391E-01  2.54857E+00
  1.54297E-01  2.54515E+00
  1.58203E-01  2.54165E+00
  1.62109E-01  2.53808E+00
  1.66016E-01  2.53443E+00
  1.69922E-01  2.53071E+00
  1.73828E-01  2.52692E+00
  1.77734E-01  2.52306E+00
  1.81641E-01  2.51912E+00
  1.85547E-01  2.51511E+00
  1.89453E-01  2.51102E+00
  1.93359E-01  2.50687E+00
  1.97266E-01  2.50264E+00
  2.01172E-01  2.49833E+00
  2.05078E-01  2.49396E+00
  2.08984E-01  2.48951E+00
  2.12891E-01  2.48499E+00
  2.16797E-01  2.48040E+00
  2.20703E-01  2.47573E+00
  2.24609E-01  2.47099E+00
  2.28516E-01  2.46618E+00
  2.32422E-01  2.46130E+00
  2.36328E-01  2.45634E+00
  2.40234E-01  2.45131E+00
  2.44141E-01  2.44621E+00
  2.48047E-01  2.44103E+00
  2.51953E-01  2.43578E+00
  2.55859E-01  2.43046E+00
  2.59766E-01  2.42507E+00
  2.63672E-01  2.41960E+00
  2.67578E-01  2.41406E+00
  2.71484E-01  2.40845E+00
  2.75391E-01  2.40276E+00
  2.79297E-01  2.39700E+00
  2.83203E-01  2.39116E+00
  2.87109E-01  2.38525E+00
  2.91016E-01  2.37927E+00
  2.94922E-01  2.37321E+00
  2.98828E-01  2.36708E+00
  3.02734E-01  2.36087E+00
  3.06641E-01  2.35459E+00
  3.10547E-01  2.34823E+00
  3.14453E-01  2.34180E+00
  3.18359E-01  2.33529E+00
  3.22266E-01  2.32871E+00
  3.26172E-01  2.32205E+00
  3.30078E-01  2.31531E+00
  3.33984E-01  2.30850E+00
  3.37891E-01  2.30161E+00
  3.41797E-01  2.29464E+00
  3.45703E-01  2.28759E+00
  3.49609E-01  2.28046E+00
  3.53516E-01  2.27325E+00
  3.57422E-01  2.26597E+00
  3.61328E-01  2.25861E+00
  3.65234E-01  2.25116E+00
  3.69141E-01  2.24364E+00
  3.73047E-01  2.23603E+00
  3.76953E-01  2.22834E+00
  3.80859E-01  2.22057E+00
  3.84766E-01  2.21272E+00
  3.88672E-01  2.20478E+00
  3.92578E-01  2.19676E+00
  3.96484E-01  2.18865E+00
  4.00391E-01  2.18046E+00
  4.04297E-01  2.17218E+00
  4.08203E-01  2.16381E+00
  4.12109E-01  2.15536E+00
  4.16016E-01  2.14681E+00
  4.19922E-01  2.13817E+00
  4.23828E-01  2.12945E+00
  4.27734E-01  2.12064E+00
  4.31641E-01  2.11173E+00
  4.35547E-01  2.10273E+00
  4.39453E-01  2.09364E+00
  4.43359E-01  2.08445E+00
  4.47266E-01  2.07517E+00
  4.51172E-01  2.06579E+00
  4.55078E-01  2.05631E+00
  4.58984E-01  2.04674E+00
  4.62891E-01  2.03706E+00
  4.66797E-01  2.02728E+00
  4.70703E-01  2.01740E+00
  4.74609E-01  2.00741E+00
  4.78516E-01  1.99732E+00
  4.82422E-01  1.98712E+00
  4.86328E-01  1.97681E+00
  4.90234E-01  1.96639E+00
  4.94141E-01  1.95586E+00
  4.98047E-01  1.94521E+00
  5.01953E-01  1.93445E+00
  5.05859E-01  1.92356E+00
  5.09766E-01  1.91256E+00
  5.13672E-01  1.90143E+00
  5.17578E-01  1.89018E+00
  5.21484E-01  1.87880E+00
  5.25391E-01  1.86729E+00
  5.29297E-01  1.85565E+00
  5.33203E-01  1.84387E+00
  5.37109E-01  1.83196E+00
  5.41016E-01  1.81991E+00
  5.44922E-01  1.80771E+00
  5.48828E-01  1.79536E+00
  5.52734E-01  1.78287E+00
  5.56641E-01  1.77022E+00
  5.60547E-01  1.75741E+00
  5.64453E-01  1.74443E+00
  5.68359E-01  1.73129E+00
  5.72266E-01  1.71798E+00
  5.76172E-01  1.70449E+00
  5.80078E-01  1.69081E+00
  5.83984E-01  1.67695E+00
  5.87891E-01  1.66289E+00
  5.91797E-01  1.64863E+00
  5.95703E-01  1.63416E+00
  5.99609E-01  1.61948E+00
  6.03516E-01  1.60458E+00
  6.07422E-01  1.58944E+00
  6.11328E-01  1.57406E+00
  6.15234E-01  1.55843E+00
  6.19141E-01  1.54254E+00
  6.23047E-01  1.52637E+00
  6.26953E-01  1.50992E+00
  6.30859E-01  1.49317E+00
  6.34766E-01  1.47611E+00
  6.38672E-01  1.45872E+00
  6.42578E-01  1.44098E+00
  6.46484E-01  1.42288E+00
  6.50391E-01  1.40438E+00
  6.54297E-01  1.38547E+00
  6.58203E-01  1.36613E+00
  6.62109E-01  1.34631E+00
  6.66016E-01  1.32599E+00
  6.69922E-01  1.30513E+00
  6.73828E-01  1.28369E+00
  6.77734E-01  1.26162E+00
  6.81641E-01  1.23885E+00
  6.85547E-01  1.21533E+00
  6.89453E-01  1.19098E+00
  6.93359E-01  1.16571E+00
  6.97266E-01  1.13941E+00
  7.01172E-01  1.11195E+00
  7.05078E-01  1.08315E+00
  7.08984E-01  1.05281E+00
  7.12891E-01  1.02065E+00
  7.16797E-01  9.86249E-01
  7.20703E-01  9.48451E-01
  7.24609E-01  9.00108E-01
  7.28516E-01  7.92845E-01
  7.32422E-01  4.31569E-02
  7.36328E-01  4.16534E-02
  7.40234E-01  4.11820E-02
  7.44141E-01  4.05629E-02
  7.48047E-01  3.99703E-02
  7.51953E-01  3.93726E-02
  7.55859E-01  3.88016E-02
  7.59766E-01  3.82292E-02
  7.63672E-01  3.76774E-02
  7.67578E-01  3.71337E-02
  7.71484E-01  3.66049E-02
  7.75391E-01  3.60748E-02
  7.79297E-01  3.55718E-02
  7.83203E-01  3.50706E-02
  7.87109E-01  3.45797E-02
  7.91016E-01  3.40933E-02
  7.94922E-01  3.36193E-02
  7.98828E-01  3.31517E-02
  8.02734E-01  3.26991E-02
  8.06641E-01  3.22510E-02
  8.10547E-01  3.18247E-02
  8.14453E-01  3.13984E-02
  8.18359E-01  3.09760E-02
  8.22266E-01  3.05568E-02
  8.26172E-01  3.01500E-02
  8.30078E-01  2.97495E-02
  8.33984E-01  2.93564E-02
  8.37891E-01  2.89664E-02
  8.41797E-01  2.85924E-02
  8.45703E-01  2.82220E-02
  8.49609E-01  2.78562E-02
  8.53516E-01  2.74910E-02
  8.57422E-01  2.71377E-02
  8.61328E-01  2.67940E-02
  8.65234E-01  2.64570E-02
  8.69141E-01  2.61208E-02
  8.73047E-01  2.57899E-02
  8.76953E-01  2.54622E-02
  8.80859E-01  2.51462E-02
  8.84766E-01  2.48362E-02
  8.88672E-01  2.45351E-02
  8.92578E-01  2.42359E-02
  8.96484E-01  2.39384E-02
  9.00391E-01  2.36455E-02
  9.04297E-01  2.33572E-02
  9.08203E-01  2.30777E-02
  9.12109E-01  2.28024E-02
  9.16016E-01  2.25316E-02
  9.19922E-01  2.22661E-02
  9.23828E-01  2.20073E-02
  9.27734E-01  2.17536E-02
  9.31641E-01  2.15032E-02
  9.35547E-01  2.12545E-02
  9.39453E-01  2.10072E-02
  9.43359E-01  2.07639E-02
  9.47266E-01  2.05245E-02
  9.51172E-01  2.02894E-02
  9.55078E-01  2.00583E-02
  9.58984E-01  1.98311E-02
  9.62891E-01  1.96083E-02
  9.66797E-01  1.93912E-02
  9.70703E-01  1.91787E-02
  9.74609E-01  1.89702E-02
  9.78516E-01  1.87661E-02
  9.82422E-01  1.85680E-02
  9.86328E-01  1.83749E-02
  9.90234E-01  1.81886E-02
  9.94141E-01  1.80531E-02
  9.98047E-01  1.79922E-02
  1.00195E+00  1.79922E-02
