 -1.95312E-03  2.62541E+00
  1.95312E-03  2.62544E+00
  5.85938E-03  2.62494E+00
  9.76562E-03  2.62443E+00
  1.36719E-02  2.62385E+00
  1.75781E-02  2.62318E+00
  2.14844E-02  2.62243E+00
  2.53906E-02  2.62159E+00
  2.92969E-02  2.62068E+00
  3.32031E-02  2.61968E+00
  3.71094E-02  2.61859E+00
  4.10156E-02  2.61742E+00
  4.49219E-02  2.61617E+00
  4.88281E-02  2.61484E+00
  5.27344E-02  2.61343E+00
  5.66406E-02  2.61194E+00
  6.05469E-02  2.61036E+00
  6.44531E-02  2.60871E+00
  6.83594E-02  2.60697E+00
  7.22656E-02  2.60516E+00
  7.61719E-02  2.60326E+00
  8.00781E-02  2.60129E+00
  8.39844E-02  2.59923E+00
  8.78906E-02  2.59710E+00
  9.17969E-02  2.59490E+00
  9.57031E-02  2.59261E+00
  9.96094E-02  2.59025E+00
  1.03516E-01  2.58781E+00
  1.07422E-01  2.58529E+00
  1.11328E-01  2.58270E+00
  1.15234E-01  2.58003E+00
  1.19141E-01  2.57729E+00
  1.23047E-01  2.57447E+00
  1.26953E-01  2.57157E+00
  1.30859E-01  2.56860E+00
  1.34766E-01  2.56556E+00
  1.38672E-01  2.56244E+00
  1.42578E-01  2.55925E+00
  1.46484E-01  2.55598E+00
  1.50391E-01  2.55263E+00
  1.54297E-01  2.54922E+00
  1.58203E-01  2.54573E+00
  1.62109E-01  2.54217E+00
  1.66016E-01  2.53853E+00
  1.69922E-01  2.53482E+00
  1.73828E-01  2.53104E+00
  1.77734E-01  2.52718E+00
  1.81641E-01  2.52326E+00
  1.85547E-01  2.51926E+00
  1.89453E-01  2.51518E+00
  1.93359E-01  2.51104E+00
  1.97266E-01  2.50682E+00
  2.01172E-01  2.50253E+00
  2.05078E-01  2.49816E+00
  2.08984E-01  2.49373E+00
  2.12891E-01  2.48922E+00
  2.16797E-01  2.48464E+00
  2.20703E-01  2.47998E+00
  2.24609E-01  2.47526E+00
  2.28516E-01  2.47046E+00
  2.32422E-01  2.46559E+00
  2.36328E-01  2.46065E+00
  2.40234E-01  2.45563E+00
  2.44141E-01  2.45054E+00
  2.48047E-01  2.44538E+00
  2.51953E-01  2.44015E+00
  2.55859E-01  2.43484E+00
  2.59766E-01  2.42946E+00
  2.63672E-01  2.42401E+00
  2.67578E-01  2.41849E+00
  2.71484E-01  2.41289E+00
  2.75391E-01  2.40722E+00
  2.79297E-01  2.40148E+00
  2.83203E-01  2.39566E+00
  2.87109E-01  2.38976E+00
  2.91016E-01  2.38380E+00
  2.94922E-01  2.37776E+00
  2.98828E-01  2.37164E+00
  3.02734E-01  2.36545E+00
  3.06641E-01  2.35919E+00
  3.10547E-01  2.35285E+00
  3.14453E-01  2.34644E+00
  3.18359E-01  2.33995E+00
  3.22266E-01  2.33338E+00
  3.26172E-01  2.32674E+00
  3.30078E-01  2.32003E+00
  3.33984E-01  2.31323E+00
  3.37891E-01  2.30636E+00
  3.41797E-01  2.29941E+00
  3.45703E-01  2.29238E+00
  3.49609E-01  2.28528E+00
  3.53516E-01  2.27809E+00
  3.57422E-01  2.27083E+00
  3.61328E-01  2.26349E+00
  3.65234E-01  2.25607E+00
  3.69141E-01  2.24857E+00
  3.73047E-01  2.24098E+00
  3.76953E-01  2.23332E+00
  3.80859E-01  2.22558E+00
  3.84766E-01  2.21775E+00
  3.88672E-01  2.20984E+00
  3.92578E-01  2.20184E+00
  3.96484E-01  2.19376E+00
  4.00391E-01  2.18559E+00
  4.04297E-01  2.17734E+00
  4.08203E-01  2.16900E+00
  4.12109E-01  2.16057E+00
  4.16016E-01  2.15206E+00
  4.19922E-01  2.14345E+00
  4.23828E-01  2.13476E+00
  4.27734E-01  2.12597E+00
  4.31641E-01  2.11710E+00
  4.35547E-01  2.10813E+00
  4.39453E-01  2.09907E+00
  4.43359E-01  2.08992E+00
  4.47266E-01  2.08068E+00
  4.51172E-01  2.07133E+00
  4.55078E-01  2.06189E+00
  4.58984E-01  2.05236E+00
  4.62891E-01  2.04272E+00
  4.66797E-01  2.03298E+00
  4.70703E-01  2.02314E+00
  4.74609E-01  2.01320E+00
  4.78516E-01  2.00315E+00
  4.82422E-01  1.99299E+00
  4.86328E-01  1.98273E+00
  4.90234E-01  1.97236E+00
  4.94141E-01  1.96187E+00
  4.98047E-01  1.95127E+00
  5.01953E-01  1.94055E+00
  5.05859E-01  1.92971E+00
  5.09766E-01  1.91876E+00
  5.13672E-01  1.90768E+00
  5.17578E-01  1.89648E+00
  5.21484E-01  1.88515E+00
  5.25391E-01  1.87370E+00
  5.29297E-01  1.86211E+00
  5.33203E-01  1.85039E+00
  5.37109E-01  1.83853E+00
  5.41016E-01  1.82653E+00
  5.44922E-01  1.81439E+00
  5.48828E-01  1.80210E+00
  5.52734E-01  1.78966E+00
  5.56641E-01  1.77707E+00
  5.60547E-01  1.76432E+00
  5.64453E-01  1.75140E+00
  5.68359E-01  1.73832E+00
  5.72266E-01  1.72507E+00
  5.76172E-01  1.71164E+00
  5.80078E-01  1.69803E+00
  5.83984E-01  1.68422E+00
  5.87891E-01  1.67022E+00
  5.91797E-01  1.65602E+00
  5.95703E-01  1.64161E+00
  5.99609E-01  1.62698E+00
  6.03516E-01  1.61213E+00
  6.07422E-01  1.59704E+00
  6.11328E-01  1.58171E+00
  6.15234E-01  1.56612E+00
  6.19141E-01  1.55027E+00
  6.23047E-01  1.53414E+00
  6.26953E-01  1.51772E+00
  6.30859E-01  1.50100E+00
  6.34766E-01  1.48396E+00
  6.38672E-01  1.46658E+00
  6.42578E-01  1.44886E+00
  6.46484E-01  1.43075E+00
  6.50391E-01  1.41225E+00
  6.54297E-01  1.39333E+00
  6.58203E-01  1.37395E+00
  6.62109E-01  1.35410E+00
  6.66016E-01  1.33372E+00
  6.69922E-01  1.31279E+00
  6.73828E-01  1.29127E+00
  6.77734E-01  1.26910E+00
  6.81641E-01  1.24622E+00
  6.85547E-01  1.22256E+00
  6.89453E-01  1.19804E+00
  6.93359E-01  1.17256E+00
  6.97266E-01  1.14601E+00
  7.01172E-01  1.11824E+00
  7.05078E-01  1.08907E+00
  7.08984E-01  1.05825E+00
  7.12891E-01  1.02549E+00
  7.16797E-01  9.90299E-01
  7.20703E-01  9.51351E-01
  7.24609E-01  9.00557E-01
  7.28516E-01  7.86586E-01
  7.32422E-01  8.95463E-03
  7.36328E-01  8.84060E-03
  7.40234E-01  8.70216E-03
  7.44141E-01  8.56979E-03
  7.48047E-01  8.43770E-03
  7.51953E-01  8.31099E-03
  7.55859E-01  8.18404E-03
  7.59766E-01  8.06206E-03
  7.63672E-01  7.93999E-03
  7.67578E-01  7.82293E-03
  7.71484E-01  7.70583E-03
  7.75391E-01  7.59342E-03
  7.79297E-01  7.48091E-03
  7.83203E-01  7.37274E-03
  7.87109E-01  7.26452E-03
  7.91016E-01  7.16054E-03
  7.94922E-01  7.05644E-03
  7.98828E-01  6.95627E-03
  8.02734E-01  6.85609E-03
  8.06641E-01  6.75996E-03
  8.10547E-01  6.66380E-03
  8.14453E-01  6.57096E-03
  8.18359E-01  6.47846E-03
  8.22266E-01  6.38898E-03
  8.26172E-01  6.29958E-03
  8.30078E-01  6.21357E-03
  8.33984E-01  6.12782E-03
  8.37891E-01  6.04461E-03
  8.41797E-01  5.96231E-03
  8.45703E-01  5.88179E-03
  8.49609E-01  5.80255E-03
  8.53516E-01  5.72464E-03
  8.57422E-01  5.64846E-03
  8.61328E-01  5.57352E-03
  8.65234E-01  5.50012E-03
  8.69141E-01  5.42756E-03
  8.73047E-01  5.35663E-03
  8.76953E-01  5.28649E-03
  8.80859E-01  5.21840E-03
  8.84766E-01  5.15052E-03
  8.88672E-01  5.08479E-03
  8.92578E-01  5.01913E-03
  8.96484E-01  4.95579E-03
  9.00391E-01  4.89239E-03
  9.04297E-01  4.83107E-03
  9.08203E-01  4.76987E-03
  9.12109E-01  4.71068E-03
  9.16016E-01  4.65170E-03
  9.19922E-01  4.59432E-03
  9.23828E-01  4.53732E-03
  9.27734E-01  4.48189E-03
  9.31641E-01  4.42700E-03
  9.35547E-01  4.37358E-03
  9.39453E-01  4.32050E-03
  9.43359E-01  4.26877E-03
  9.47266E-01  4.21743E-03
  9.51172E-01  4.16804E-03
  9.55078E-01  4.11876E-03
  9.58984E-01  4.07100E-03
  9.62891E-01  4.02367E-03
  9.66797E-01  3.97865E-03
  9.70703E-01  3.93390E-03
  9.74609E-01  3.89097E-03
  9.78516E-01  3.84956E-03
  9.82422E-01  3.81019E-03
  9.86328E-01  3.77273E-03
  9.90234E-01  3.73761E-03
  9.94141E-01  3.70645E-03
  9.98047E-01  3.69196E-03
  1.00195E+00  3.69196E-03
