 -1.95312E-03  2.62544E+00
  1.95312E-03  2.62547E+00
  5.85938E-03  2.62497E+00
  9.76562E-03  2.62447E+00
  1.36719E-02  2.62388E+00
  1.75781E-02  2.62322E+00
  2.14844E-02  2.62247E+00
  2.53906E-02  2.62163E+00
  2.92969E-02  2.62072E+00
  3.32031E-02  2.61972E+00
  3.71094E-02  2.61863E+00
  4.10156E-02  2.61746E+00
  4.49219E-02  2.61622E+00
  4.88281E-02  2.61488E+00
  5.27344E-02  2.61347E+00
  5.66406E-02  2.61198E+00
  6.05469E-02  2.61040E+00
  6.44531E-02  2.60875E+00
  6.83594E-02  2.60701E+00
  7.22656E-02  2.60520E+00
  7.61719E-02  2.60330E+00
  8.00781E-02  2.60133E+00
  8.39844E-02  2.59928E+00
  8.78906E-02  2.59714E+00
  9.17969E-02  2.59494E+00
  9.57031E-02  2.59265E+00
  9.96094E-02  2.59029E+00
  1.03516E-01  2.58785E+00
  1.07422E-01  2.58533E+00
  1.11328E-01  2.58274E+00
  1.15234E-01  2.58007E+00
  1.19141E-01  2.57733E+00
  1.23047E-01  2.57450E+00
  1.26953E-01  2.57161E+00
  1.30859E-01  2.56864E+00
  1.34766E-01  2.56559E+00
  1.38672E-01  2.56248E+00
  1.42578E-01  2.55928E+00
  1.46484E-01  2.55601E+00
  1.50391E-01  2.55267E+00
  1.54297E-01  2.54926E+00
  1.58203E-01  2.54577E+00
  1.62109E-01  2.54220E+00
  1.66016E-01  2.53857E+00
  1.69922E-01  2.53486E+00
  1.73828E-01  2.53108E+00
  1.77734E-01  2.52722E+00
  1.81641E-01  2.52329E+00
  1.85547E-01  2.51929E+00
  1.89453E-01  2.51522E+00
  1.93359E-01  2.51107E+00
  1.97266E-01  2.50685E+00
  2.01172E-01  2.50256E+00
  2.05078E-01  2.49820E+00
  2.08984E-01  2.49376E+00
  2.12891E-01  2.48925E+00
  2.16797E-01  2.48467E+00
  2.20703E-01  2.48002E+00
  2.24609E-01  2.47529E+00
  2.28516E-01  2.47050E+00
  2.32422E-01  2.46563E+00
  2.36328E-01  2.46068E+00
  2.40234E-01  2.45567E+00
  2.44141E-01  2.45058E+00
  2.48047E-01  2.44542E+00
  2.51953E-01  2.44019E+00
  2.55859E-01  2.43488E+00
  2.59766E-01  2.42950E+00
  2.63672E-01  2.42405E+00
  2.67578E-01  2.41853E+00
  2.71484E-01  2.41293E+00
  2.75391E-01  2.40726E+00
  2.79297E-01  2.40151E+00
  2.83203E-01  2.39569E+00
  2.87109E-01  2.38980E+00
  2.91016E-01  2.38383E+00
  2.94922E-01  2.37779E+00
  2.98828E-01  2.37168E+00
  3.02734E-01  2.36549E+00
  3.06641E-01  2.35923E+00
  3.10547E-01  2.35289E+00
  3.14453E-01  2.34648E+00
  3.18359E-01  2.33999E+00
  3.22266E-01  2.33342E+00
  3.26172E-01  2.32678E+00
  3.30078E-01  2.32007E+00
  3.33984E-01  2.31327E+00
  3.37891E-01  2.30640E+00
  3.41797E-01  2.29945E+00
  3.45703E-01  2.29242E+00
  3.49609E-01  2.28531E+00
  3.53516E-01  2.27813E+00
  3.57422E-01  2.27087E+00
  3.61328E-01  2.26353E+00
  3.65234E-01  2.25611E+00
  3.69141E-01  2.24861E+00
  3.73047E-01  2.24102E+00
  3.76953E-01  2.23336E+00
  3.80859E-01  2.22562E+00
  3.84766E-01  2.21779E+00
  3.88672E-01  2.20988E+00
  3.92578E-01  2.20188E+00
  3.96484E-01  2.19380E+00
  4.00391E-01  2.18563E+00
  4.04297E-01  2.17738E+00
  4.08203E-01  2.16904E+00
  4.12109E-01  2.16061E+00
  4.16016E-01  2.15210E+00
  4.19922E-01  2.14349E+00
  4.23828E-01  2.13480E+00
  4.27734E-01  2.12601E+00
  4.31641E-01  2.11714E+00
  4.35547E-01  2.10817E+00
  4.39453E-01  2.09911E+00
  4.43359E-01  2.08996E+00
  4.47266E-01  2.08072E+00
  4.51172E-01  2.07137E+00
  4.55078E-01  2.06193E+00
  4.58984E-01  2.05240E+00
  4.62891E-01  2.04276E+00
  4.66797E-01  2.03302E+00
  4.70703E-01  2.02318E+00
  4.74609E-01  2.01324E+00
  4.78516E-01  2.00319E+00
  4.82422E-01  1.99303E+00
  4.86328E-01  1.98277E+00
  4.90234E-01  1.97239E+00
  4.94141E-01  1.96191E+00
  4.98047E-01  1.95130E+00
  5.01953E-01  1.94059E+00
  5.05859E-01  1.92975E+00
  5.09766E-01  1.91880E+00
  5.13672E-01  1.90772E+00
  5.17578E-01  1.89651E+00
  5.21484E-01  1.88518E+00
  5.25391E-01  1.87373E+00
  5.29297E-01  1.86214E+00
  5.33203E-01  1.85041E+00
  5.37109E-01  1.83856E+00
  5.41016E-01  1.82656E+00
  5.44922E-01  1.81441E+00
  5.48828E-01  1.80212E+00
  5.52734E-01  1.78968E+00
  5.56641E-01  1.77709E+00
  5.60547E-01  1.76433E+00
  5.64453E-01  1.75142E+00
  5.68359E-01  1.73833E+00
  5.72266E-01  1.72507E+00
  5.76172E-01  1.71163E+00
  5.80078E-01  1.69801E+00
  5.83984E-01  1.68420E+00
  5.87891E-01  1.67020E+00
  5.91797E-01  1.65598E+00
  5.95703E-01  1.64156E+00
  5.99609E-01  1.62693E+00
  6.03516E-01  1.61206E+00
  6.07422E-01  1.59697E+00
  6.11328E-01  1.58162E+00
  6.15234E-01  1.56603E+00
  6.19141E-01  1.55016E+00
  6.23047E-01  1.53403E+00
  6.26953E-01  1.51760E+00
  6.30859E-01  1.50086E+00
  6.34766E-01  1.48380E+00
  6.38672E-01  1.46641E+00
  6.42578E-01  1.44866E+00
  6.46484E-01  1.43053E+00
  6.50391E-01  1.41201E+00
  6.54297E-01  1.39307E+00
  6.58203E-01  1.37367E+00
  6.62109E-01  1.35379E+00
  6.66016E-01  1.33339E+00
  6.69922E-01  1.31244E+00
  6.73828E-01  1.29089E+00
  6.77734E-01  1.26868E+00
  6.81641E-01  1.24577E+00
  6.85547E-01  1.22207E+00
  6.89453E-01  1.19750E+00
  6.93359E-01  1.17197E+00
  6.97266E-01  1.14536E+00
  7.01172E-01  1.11751E+00
  7.05078E-01  1.08825E+00
  7.08984E-01  1.05735E+00
  7.12891E-01  1.02449E+00
  7.16797E-01  9.89156E-01
  7.20703E-01  9.50012E-01
  7.24609E-01  8.98772E-01
  7.28516E-01  7.83607E-01
  7.32422E-01  7.97045E-03
  7.36328E-01  7.87062E-03
  7.40234E-01  7.74753E-03
  7.44141E-01  7.62936E-03
  7.48047E-01  7.51120E-03
  7.51953E-01  7.39803E-03
  7.55859E-01  7.28481E-03
  7.59766E-01  7.17617E-03
  7.63672E-01  7.06744E-03
  7.67578E-01  6.96308E-03
  7.71484E-01  6.85868E-03
  7.75391E-01  6.75830E-03
  7.79297E-01  6.65780E-03
  7.83203E-01  6.56131E-03
  7.87109E-01  6.46495E-03
  7.91016E-01  6.37243E-03
  7.94922E-01  6.27969E-03
  7.98828E-01  6.19045E-03
  8.02734E-01  6.10116E-03
  8.06641E-01  6.01532E-03
  8.10547E-01  5.92937E-03
  8.14453E-01  5.84672E-03
  8.18359E-01  5.76414E-03
  8.22266E-01  5.68471E-03
  8.26172E-01  5.60511E-03
  8.30078E-01  5.52840E-03
  8.33984E-01  5.45188E-03
  8.37891E-01  5.37789E-03
  8.41797E-01  5.30392E-03
  8.45703E-01  5.23283E-03
  8.49609E-01  5.16185E-03
  8.53516E-01  5.09300E-03
  8.57422E-01  5.02480E-03
  8.61328E-01  4.95797E-03
  8.65234E-01  4.89238E-03
  8.69141E-01  4.82779E-03
  8.73047E-01  4.76467E-03
  8.76953E-01  4.70235E-03
  8.80859E-01  4.64138E-03
  8.84766E-01  4.58101E-03
  8.88672E-01  4.52240E-03
  8.92578E-01  4.46397E-03
  8.96484E-01  4.40747E-03
  9.00391E-01  4.35097E-03
  9.04297E-01  4.29651E-03
  9.08203E-01  4.24199E-03
  9.12109E-01  4.18926E-03
  9.16016E-01  4.13653E-03
  9.19922E-01  4.08566E-03
  9.23828E-01  4.03491E-03
  9.27734E-01  3.98579E-03
  9.31641E-01  3.93684E-03
  9.35547E-01  3.88913E-03
  9.39453E-01  3.84179E-03
  9.43359E-01  3.79593E-03
  9.47266E-01  3.75059E-03
  9.51172E-01  3.70660E-03
  9.55078E-01  3.66267E-03
  9.58984E-01  3.62044E-03
  9.62891E-01  3.57871E-03
  9.66797E-01  3.53877E-03
  9.70703E-01  3.49888E-03
  9.74609E-01  3.46107E-03
  9.78516E-01  3.42438E-03
  9.82422E-01  3.38936E-03
  9.86328E-01  3.35585E-03
  9.90234E-01  3.32417E-03
  9.94141E-01  3.29629E-03
  9.98047E-01  3.28335E-03
  1.00195E+00  3.28335E-03
