 -1.95312E-03  2.62505E+00
  1.95312E-03  2.62507E+00
  5.85938E-03  2.62458E+00
  9.76562E-03  2.62407E+00
  1.36719E-02  2.62348E+00
  1.75781E-02  2.62282E+00
  2.14844E-02  2.62207E+00
  2.53906E-02  2.62123E+00
  2.92969E-02  2.62032E+00
  3.32031E-02  2.61931E+00
  3.71094E-02  2.61823E+00
  4.10156E-02  2.61706E+00
  4.49219E-02  2.61581E+00
  4.88281E-02  2.61448E+00
  5.27344E-02  2.61306E+00
  5.66406E-02  2.61157E+00
  6.05469E-02  2.60999E+00
  6.44531E-02  2.60834E+00
  6.83594E-02  2.60660E+00
  7.22656E-02  2.60478E+00
  7.61719E-02  2.60289E+00
  8.00781E-02  2.60091E+00
  8.39844E-02  2.59886E+00
  8.78906E-02  2.59673E+00
  9.17969E-02  2.59452E+00
  9.57031E-02  2.59224E+00
  9.96094E-02  2.58987E+00
  1.03516E-01  2.58743E+00
  1.07422E-01  2.58492E+00
  1.11328E-01  2.58233E+00
  1.15234E-01  2.57966E+00
  1.19141E-01  2.57691E+00
  1.23047E-01  2.57409E+00
  1.26953E-01  2.57120E+00
  1.30859E-01  2.56823E+00
  1.34766E-01  2.56518E+00
  1.38672E-01  2.56206E+00
  1.42578E-01  2.55887E+00
  1.46484E-01  2.55560E+00
  1.50391E-01  2.55226E+00
  1.54297E-01  2.54885E+00
  1.58203E-01  2.54536E+00
  1.62109E-01  2.54180E+00
  1.66016E-01  2.53816E+00
  1.69922E-01  2.53445E+00
  1.73828E-01  2.53067E+00
  1.77734E-01  2.52682E+00
  1.81641E-01  2.52289E+00
  1.85547E-01  2.51889E+00
  1.89453E-01  2.51481E+00
  1.93359E-01  2.51066E+00
  1.97266E-01  2.50645E+00
  2.01172E-01  2.50216E+00
  2.05078E-01  2.49779E+00
  2.08984E-01  2.49336E+00
  2.12891E-01  2.48885E+00
  2.16797E-01  2.48426E+00
  2.20703E-01  2.47961E+00
  2.24609E-01  2.47488E+00
  2.28516E-01  2.47008E+00
  2.32422E-01  2.46521E+00
  2.36328E-01  2.46027E+00
  2.40234E-01  2.45525E+00
  2.44141E-01  2.45016E+00
  2.48047E-01  2.44500E+00
  2.51953E-01  2.43977E+00
  2.55859E-01  2.43446E+00
  2.59766E-01  2.42908E+00
  2.63672E-01  2.42363E+00
  2.67578E-01  2.41811E+00
  2.71484E-01  2.41251E+00
  2.75391E-01  2.40684E+00
  2.79297E-01  2.40109E+00
  2.83203E-01  2.39527E+00
  2.87109E-01  2.38938E+00
  2.91016E-01  2.38341E+00
  2.94922E-01  2.37737E+00
  2.98828E-01  2.37126E+00
  3.02734E-01  2.36507E+00
  3.06641E-01  2.35881E+00
  3.10547E-01  2.35247E+00
  3.14453E-01  2.34606E+00
  3.18359E-01  2.33957E+00
  3.22266E-01  2.33300E+00
  3.26172E-01  2.32636E+00
  3.30078E-01  2.31965E+00
  3.33984E-01  2.31285E+00
  3.37891E-01  2.30598E+00
  3.41797E-01  2.29903E+00
  3.45703E-01  2.29200E+00
  3.49609E-01  2.28490E+00
  3.53516E-01  2.27771E+00
  3.57422E-01  2.27045E+00
  3.61328E-01  2.26311E+00
  3.65234E-01  2.25569E+00
  3.69141E-01  2.24819E+00
  3.73047E-01  2.24061E+00
  3.76953E-01  2.23294E+00
  3.80859E-01  2.22520E+00
  3.84766E-01  2.21737E+00
  3.88672E-01  2.20946E+00
  3.92578E-01  2.20146E+00
  3.96484E-01  2.19338E+00
  4.00391E-01  2.18522E+00
  4.04297E-01  2.17697E+00
  4.08203E-01  2.16863E+00
  4.12109E-01  2.16020E+00
  4.16016E-01  2.15168E+00
  4.19922E-01  2.14308E+00
  4.23828E-01  2.13439E+00
  4.27734E-01  2.12560E+00
  4.31641E-01  2.11673E+00
  4.35547E-01  2.10776E+00
  4.39453E-01  2.09871E+00
  4.43359E-01  2.08956E+00
  4.47266E-01  2.08031E+00
  4.51172E-01  2.07097E+00
  4.55078E-01  2.06153E+00
  4.58984E-01  2.05200E+00
  4.62891E-01  2.04236E+00
  4.66797E-01  2.03262E+00
  4.70703E-01  2.02278E+00
  4.74609E-01  2.01284E+00
  4.78516E-01  2.00280E+00
  4.82422E-01  1.99264E+00
  4.86328E-01  1.98238E+00
  4.90234E-01  1.97201E+00
  4.94141E-01  1.96152E+00
  4.98047E-01  1.95093E+00
  5.01953E-01  1.94021E+00
  5.05859E-01  1.92938E+00
  5.09766E-01  1.91843E+00
  5.13672E-01  1.90735E+00
  5.17578E-01  1.89615E+00
  5.21484E-01  1.88483E+00
  5.25391E-01  1.87337E+00
  5.29297E-01  1.86179E+00
  5.33203E-01  1.85007E+00
  5.37109E-01  1.83822E+00
  5.41016E-01  1.82622E+00
  5.44922E-01  1.81409E+00
  5.48828E-01  1.80180E+00
  5.52734E-01  1.78937E+00
  5.56641E-01  1.77679E+00
  5.60547E-01  1.76404E+00
  5.64453E-01  1.75113E+00
  5.68359E-01  1.73806E+00
  5.72266E-01  1.72481E+00
  5.76172E-01  1.71139E+00
  5.80078E-01  1.69779E+00
  5.83984E-01  1.68400E+00
  5.87891E-01  1.67002E+00
  5.91797E-01  1.65584E+00
  5.95703E-01  1.64146E+00
  5.99609E-01  1.62686E+00
  6.03516E-01  1.61204E+00
  6.07422E-01  1.59699E+00
  6.11328E-01  1.58170E+00
  6.15234E-01  1.56617E+00
  6.19141E-01  1.55037E+00
  6.23047E-01  1.53430E+00
  6.26953E-01  1.51795E+00
  6.30859E-01  1.50130E+00
  6.34766E-01  1.48434E+00
  6.38672E-01  1.46706E+00
  6.42578E-01  1.44943E+00
  6.46484E-01  1.43144E+00
  6.50391E-01  1.41306E+00
  6.54297E-01  1.39428E+00
  6.58203E-01  1.37506E+00
  6.62109E-01  1.35538E+00
  6.66016E-01  1.33519E+00
  6.69922E-01  1.31447E+00
  6.73828E-01  1.29315E+00
  6.77734E-01  1.27121E+00
  6.81641E-01  1.24857E+00
  6.85547E-01  1.22518E+00
  6.89453E-01  1.20096E+00
  6.93359E-01  1.17582E+00
  6.97266E-01  1.14964E+00
  7.01172E-01  1.12230E+00
  7.05078E-01  1.09362E+00
  7.08984E-01  1.06338E+00
  7.12891E-01  1.03131E+00
  7.16797E-01  9.96975E-01
  7.20703E-01  9.59253E-01
  7.24609E-01  9.11141E-01
  7.28516E-01  8.04261E-01
  7.32422E-01  1.76711E-02
  7.36328E-01  1.74024E-02
  7.40234E-01  1.71513E-02
  7.44141E-01  1.68960E-02
  7.48047E-01  1.66483E-02
  7.51953E-01  1.63983E-02
  7.55859E-01  1.61487E-02
  7.59766E-01  1.58969E-02
  7.63672E-01  1.56496E-02
  7.67578E-01  1.54140E-02
  7.71484E-01  1.51869E-02
  7.75391E-01  1.49640E-02
  7.79297E-01  1.47470E-02
  7.83203E-01  1.45347E-02
  7.87109E-01  1.43263E-02
  7.91016E-01  1.41208E-02
  7.94922E-01  1.39198E-02
  7.98828E-01  1.37206E-02
  8.02734E-01  1.35232E-02
  8.06641E-01  1.33264E-02
  8.10547E-01  1.31350E-02
  8.14453E-01  1.29505E-02
  8.18359E-01  1.27727E-02
  8.22266E-01  1.25973E-02
  8.26172E-01  1.24261E-02
  8.30078E-01  1.22566E-02
  8.33984E-01  1.20912E-02
  8.37891E-01  1.19279E-02
  8.41797E-01  1.17686E-02
  8.45703E-01  1.16112E-02
  8.49609E-01  1.14573E-02
  8.53516E-01  1.13056E-02
  8.57422E-01  1.11572E-02
  8.61328E-01  1.10108E-02
  8.65234E-01  1.08679E-02
  8.69141E-01  1.07267E-02
  8.73047E-01  1.05881E-02
  8.76953E-01  1.04517E-02
  8.80859E-01  1.03184E-02
  8.84766E-01  1.01868E-02
  8.88672E-01  1.00578E-02
  8.92578E-01  9.93053E-03
  8.96484E-01  9.80614E-03
  9.00391E-01  9.68321E-03
  9.04297E-01  9.56298E-03
  9.08203E-01  9.44391E-03
  9.12109E-01  9.32786E-03
  9.16016E-01  9.21299E-03
  9.19922E-01  9.10087E-03
  9.23828E-01  8.98969E-03
  9.27734E-01  8.88122E-03
  9.31641E-01  8.77406E-03
  9.35547E-01  8.66904E-03
  9.39453E-01  8.56497E-03
  9.43359E-01  8.46393E-03
  9.47266E-01  8.36322E-03
  9.51172E-01  8.26480E-03
  9.55078E-01  8.16834E-03
  9.58984E-01  8.07324E-03
  9.62891E-01  7.98002E-03
  9.66797E-01  7.88858E-03
  9.70703E-01  7.79855E-03
  9.74609E-01  7.71128E-03
  9.78516E-01  7.62639E-03
  9.82422E-01  7.54516E-03
  9.86328E-01  7.46873E-03
  9.90234E-01  7.40070E-03
  9.94141E-01  7.34645E-03
  9.98047E-01  7.31920E-03
  1.00195E+00  7.31920E-03
