 -1.95312E-03  2.62485E+00
  1.95312E-03  2.62487E+00
  5.85938E-03  2.62438E+00
  9.76562E-03  2.62387E+00
  1.36719E-02  2.62328E+00
  1.75781E-02  2.62262E+00
  2.14844E-02  2.62187E+00
  2.53906E-02  2.62103E+00
  2.92969E-02  2.62012E+00
  3.32031E-02  2.61911E+00
  3.71094E-02  2.61803E+00
  4.10156E-02  2.61686E+00
  4.49219E-02  2.61561E+00
  4.88281E-02  2.61428E+00
  5.27344E-02  2.61286E+00
  5.66406E-02  2.61137E+00
  6.05469E-02  2.60979E+00
  6.44531E-02  2.60814E+00
  6.83594E-02  2.60640E+00
  7.22656E-02  2.60458E+00
  7.61719E-02  2.60269E+00
  8.00781E-02  2.60071E+00
  8.39844E-02  2.59866E+00
  8.78906E-02  2.59653E+00
  9.17969E-02  2.59432E+00
  9.57031E-02  2.59203E+00
  9.96094E-02  2.58967E+00
  1.03516E-01  2.58723E+00
  1.07422E-01  2.58471E+00
  1.11328E-01  2.58212E+00
  1.15234E-01  2.57945E+00
  1.19141E-01  2.57671E+00
  1.23047E-01  2.57389E+00
  1.26953E-01  2.57099E+00
  1.30859E-01  2.56802E+00
  1.34766E-01  2.56498E+00
  1.38672E-01  2.56186E+00
  1.42578E-01  2.55866E+00
  1.46484E-01  2.55540E+00
  1.50391E-01  2.55206E+00
  1.54297E-01  2.54864E+00
  1.58203E-01  2.54515E+00
  1.62109E-01  2.54159E+00
  1.66016E-01  2.53795E+00
  1.69922E-01  2.53424E+00
  1.73828E-01  2.53046E+00
  1.77734E-01  2.52660E+00
  1.81641E-01  2.52267E+00
  1.85547E-01  2.51867E+00
  1.89453E-01  2.51460E+00
  1.93359E-01  2.51045E+00
  1.97266E-01  2.50623E+00
  2.01172E-01  2.50194E+00
  2.05078E-01  2.49757E+00
  2.08984E-01  2.49314E+00
  2.12891E-01  2.48863E+00
  2.16797E-01  2.48404E+00
  2.20703E-01  2.47939E+00
  2.24609E-01  2.47466E+00
  2.28516E-01  2.46986E+00
  2.32422E-01  2.46499E+00
  2.36328E-01  2.46005E+00
  2.40234E-01  2.45503E+00
  2.44141E-01  2.44994E+00
  2.48047E-01  2.44478E+00
  2.51953E-01  2.43954E+00
  2.55859E-01  2.43424E+00
  2.59766E-01  2.42886E+00
  2.63672E-01  2.42341E+00
  2.67578E-01  2.41788E+00
  2.71484E-01  2.41228E+00
  2.75391E-01  2.40661E+00
  2.79297E-01  2.40087E+00
  2.83203E-01  2.39505E+00
  2.87109E-01  2.38915E+00
  2.91016E-01  2.38319E+00
  2.94922E-01  2.37715E+00
  2.98828E-01  2.37103E+00
  3.02734E-01  2.36484E+00
  3.06641E-01  2.35858E+00
  3.10547E-01  2.35224E+00
  3.14453E-01  2.34583E+00
  3.18359E-01  2.33934E+00
  3.22266E-01  2.33278E+00
  3.26172E-01  2.32614E+00
  3.30078E-01  2.31942E+00
  3.33984E-01  2.31262E+00
  3.37891E-01  2.30575E+00
  3.41797E-01  2.29880E+00
  3.45703E-01  2.29177E+00
  3.49609E-01  2.28467E+00
  3.53516E-01  2.27748E+00
  3.57422E-01  2.27022E+00
  3.61328E-01  2.26288E+00
  3.65234E-01  2.25546E+00
  3.69141E-01  2.24796E+00
  3.73047E-01  2.24038E+00
  3.76953E-01  2.23271E+00
  3.80859E-01  2.22497E+00
  3.84766E-01  2.21714E+00
  3.88672E-01  2.20923E+00
  3.92578E-01  2.20123E+00
  3.96484E-01  2.19315E+00
  4.00391E-01  2.18499E+00
  4.04297E-01  2.17674E+00
  4.08203E-01  2.16840E+00
  4.12109E-01  2.15997E+00
  4.16016E-01  2.15145E+00
  4.19922E-01  2.14285E+00
  4.23828E-01  2.13416E+00
  4.27734E-01  2.12537E+00
  4.31641E-01  2.11650E+00
  4.35547E-01  2.10754E+00
  4.39453E-01  2.09848E+00
  4.43359E-01  2.08933E+00
  4.47266E-01  2.08008E+00
  4.51172E-01  2.07074E+00
  4.55078E-01  2.06130E+00
  4.58984E-01  2.05177E+00
  4.62891E-01  2.04213E+00
  4.66797E-01  2.03239E+00
  4.70703E-01  2.02256E+00
  4.74609E-01  2.01261E+00
  4.78516E-01  2.00257E+00
  4.82422E-01  1.99241E+00
  4.86328E-01  1.98215E+00
  4.90234E-01  1.97178E+00
  4.94141E-01  1.96129E+00
  4.98047E-01  1.95070E+00
  5.01953E-01  1.93998E+00
  5.05859E-01  1.92915E+00
  5.09766E-01  1.91820E+00
  5.13672E-01  1.90712E+00
  5.17578E-01  1.89592E+00
  5.21484E-01  1.88459E+00
  5.25391E-01  1.87314E+00
  5.29297E-01  1.86156E+00
  5.33203E-01  1.84984E+00
  5.37109E-01  1.83798E+00
  5.41016E-01  1.82599E+00
  5.44922E-01  1.81385E+00
  5.48828E-01  1.80157E+00
  5.52734E-01  1.78914E+00
  5.56641E-01  1.77655E+00
  5.60547E-01  1.76381E+00
  5.64453E-01  1.75090E+00
  5.68359E-01  1.73783E+00
  5.72266E-01  1.72459E+00
  5.76172E-01  1.71117E+00
  5.80078E-01  1.69757E+00
  5.83984E-01  1.68378E+00
  5.87891E-01  1.66980E+00
  5.91797E-01  1.65562E+00
  5.95703E-01  1.64124E+00
  5.99609E-01  1.62664E+00
  6.03516E-01  1.61182E+00
  6.07422E-01  1.59678E+00
  6.11328E-01  1.58149E+00
  6.15234E-01  1.56595E+00
  6.19141E-01  1.55016E+00
  6.23047E-01  1.53409E+00
  6.26953E-01  1.51774E+00
  6.30859E-01  1.50110E+00
  6.34766E-01  1.48414E+00
  6.38672E-01  1.46686E+00
  6.42578E-01  1.44924E+00
  6.46484E-01  1.43125E+00
  6.50391E-01  1.41287E+00
  6.54297E-01  1.39409E+00
  6.58203E-01  1.37488E+00
  6.62109E-01  1.35520E+00
  6.66016E-01  1.33503E+00
  6.69922E-01  1.31432E+00
  6.73828E-01  1.29303E+00
  6.77734E-01  1.27112E+00
  6.81641E-01  1.24852E+00
  6.85547E-01  1.22518E+00
  6.89453E-01  1.20103E+00
  6.93359E-01  1.17597E+00
  6.97266E-01  1.14990E+00
  7.01172E-01  1.12268E+00
  7.05078E-01  1.09416E+00
  7.08984E-01  1.06413E+00
  7.12891E-01  1.03232E+00
  7.16797E-01  9.98313E-01
  7.20703E-01  9.61045E-01
  7.24609E-01  9.13871E-01
  7.28516E-01  8.09450E-01
  7.32422E-01  2.40189E-02
  7.36328E-01  2.35341E-02
  7.40234E-01  2.32376E-02
  7.44141E-01  2.28817E-02
  7.48047E-01  2.25445E-02
  7.51953E-01  2.22118E-02
  7.55859E-01  2.18939E-02
  7.59766E-01  2.15743E-02
  7.63672E-01  2.12564E-02
  7.67578E-01  2.09356E-02
  7.71484E-01  2.06231E-02
  7.75391E-01  2.03154E-02
  7.79297E-01  2.00160E-02
  7.83203E-01  1.97219E-02
  7.87109E-01  1.94377E-02
  7.91016E-01  1.91616E-02
  7.94922E-01  1.88938E-02
  7.98828E-01  1.86355E-02
  8.02734E-01  1.83837E-02
  8.06641E-01  1.81348E-02
  8.10547E-01  1.78907E-02
  8.14453E-01  1.76499E-02
  8.18359E-01  1.74146E-02
  8.22266E-01  1.71821E-02
  8.26172E-01  1.69544E-02
  8.30078E-01  1.67297E-02
  8.33984E-01  1.65101E-02
  8.37891E-01  1.62898E-02
  8.41797E-01  1.60710E-02
  8.45703E-01  1.58516E-02
  8.49609E-01  1.56376E-02
  8.53516E-01  1.54309E-02
  8.57422E-01  1.52295E-02
  8.61328E-01  1.50309E-02
  8.65234E-01  1.48362E-02
  8.69141E-01  1.46448E-02
  8.73047E-01  1.44572E-02
  8.76953E-01  1.42718E-02
  8.80859E-01  1.40908E-02
  8.84766E-01  1.39122E-02
  8.88672E-01  1.37371E-02
  8.92578E-01  1.35624E-02
  8.96484E-01  1.33899E-02
  9.00391E-01  1.32199E-02
  9.04297E-01  1.30541E-02
  9.08203E-01  1.28930E-02
  9.12109E-01  1.27360E-02
  9.16016E-01  1.25809E-02
  9.19922E-01  1.24289E-02
  9.23828E-01  1.22786E-02
  9.27734E-01  1.21321E-02
  9.31641E-01  1.19867E-02
  9.35547E-01  1.18445E-02
  9.39453E-01  1.17048E-02
  9.43359E-01  1.15669E-02
  9.47266E-01  1.14317E-02
  9.51172E-01  1.12987E-02
  9.55078E-01  1.11676E-02
  9.58984E-01  1.10391E-02
  9.62891E-01  1.09124E-02
  9.66797E-01  1.07884E-02
  9.70703E-01  1.06664E-02
  9.74609E-01  1.05470E-02
  9.78516E-01  1.04303E-02
  9.82422E-01  1.03175E-02
  9.86328E-01  1.02103E-02
  9.90234E-01  1.01123E-02
  9.94141E-01  1.00421E-02
  9.98047E-01  1.00087E-02
  1.00195E+00  1.00087E-02
