 -1.95312E-03  2.62111E+00
  1.95312E-03  2.62114E+00
  5.85938E-03  2.62064E+00
  9.76562E-03  2.62013E+00
  1.36719E-02  2.61955E+00
  1.75781E-02  2.61888E+00
  2.14844E-02  2.61813E+00
  2.53906E-02  2.61729E+00
  2.92969E-02  2.61637E+00
  3.32031E-02  2.61537E+00
  3.71094E-02  2.61428E+00
  4.10156E-02  2.61311E+00
  4.49219E-02  2.61186E+00
  4.88281E-02  2.61053E+00
  5.27344E-02  2.60911E+00
  5.66406E-02  2.60761E+00
  6.05469E-02  2.60604E+00
  6.44531E-02  2.60438E+00
  6.83594E-02  2.60264E+00
  7.22656E-02  2.60082E+00
  7.61719E-02  2.59892E+00
  8.00781E-02  2.59694E+00
  8.39844E-02  2.59488E+00
  8.78906E-02  2.59274E+00
  9.17969E-02  2.59053E+00
  9.57031E-02  2.58824E+00
  9.96094E-02  2.58587E+00
  1.03516E-01  2.58342E+00
  1.07422E-01  2.58090E+00
  1.11328E-01  2.57830E+00
  1.15234E-01  2.57562E+00
  1.19141E-01  2.57287E+00
  1.23047E-01  2.57004E+00
  1.26953E-01  2.56714E+00
  1.30859E-01  2.56416E+00
  1.34766E-01  2.56111E+00
  1.38672E-01  2.55798E+00
  1.42578E-01  2.55478E+00
  1.46484E-01  2.55151E+00
  1.50391E-01  2.54816E+00
  1.54297E-01  2.54473E+00
  1.58203E-01  2.54123E+00
  1.62109E-01  2.53766E+00
  1.66016E-01  2.53401E+00
  1.69922E-01  2.53029E+00
  1.73828E-01  2.52650E+00
  1.77734E-01  2.52263E+00
  1.81641E-01  2.51870E+00
  1.85547E-01  2.51469E+00
  1.89453E-01  2.51060E+00
  1.93359E-01  2.50644E+00
  1.97266E-01  2.50221E+00
  2.01172E-01  2.49791E+00
  2.05078E-01  2.49353E+00
  2.08984E-01  2.48908E+00
  2.12891E-01  2.48456E+00
  2.16797E-01  2.47996E+00
  2.20703E-01  2.47530E+00
  2.24609E-01  2.47056E+00
  2.28516E-01  2.46574E+00
  2.32422E-01  2.46086E+00
  2.36328E-01  2.45590E+00
  2.40234E-01  2.45087E+00
  2.44141E-01  2.44577E+00
  2.48047E-01  2.44059E+00
  2.51953E-01  2.43534E+00
  2.55859E-01  2.43001E+00
  2.59766E-01  2.42462E+00
  2.63672E-01  2.41915E+00
  2.67578E-01  2.41361E+00
  2.71484E-01  2.40799E+00
  2.75391E-01  2.40230E+00
  2.79297E-01  2.39654E+00
  2.83203E-01  2.39070E+00
  2.87109E-01  2.38479E+00
  2.91016E-01  2.37880E+00
  2.94922E-01  2.37274E+00
  2.98828E-01  2.36660E+00
  3.02734E-01  2.36040E+00
  3.06641E-01  2.35411E+00
  3.10547E-01  2.34775E+00
  3.14453E-01  2.34132E+00
  3.18359E-01  2.33481E+00
  3.22266E-01  2.32822E+00
  3.26172E-01  2.32156E+00
  3.30078E-01  2.31481E+00
  3.33984E-01  2.30800E+00
  3.37891E-01  2.30110E+00
  3.41797E-01  2.29412E+00
  3.45703E-01  2.28707E+00
  3.49609E-01  2.27994E+00
  3.53516E-01  2.27273E+00
  3.57422E-01  2.26544E+00
  3.61328E-01  2.25808E+00
  3.65234E-01  2.25063E+00
  3.69141E-01  2.24310E+00
  3.73047E-01  2.23549E+00
  3.76953E-01  2.22780E+00
  3.80859E-01  2.22003E+00
  3.84766E-01  2.21217E+00
  3.88672E-01  2.20423E+00
  3.92578E-01  2.19620E+00
  3.96484E-01  2.18809E+00
  4.00391E-01  2.17989E+00
  4.04297E-01  2.17161E+00
  4.08203E-01  2.16324E+00
  4.12109E-01  2.15478E+00
  4.16016E-01  2.14623E+00
  4.19922E-01  2.13759E+00
  4.23828E-01  2.12886E+00
  4.27734E-01  2.12004E+00
  4.31641E-01  2.11113E+00
  4.35547E-01  2.10213E+00
  4.39453E-01  2.09303E+00
  4.43359E-01  2.08384E+00
  4.47266E-01  2.07455E+00
  4.51172E-01  2.06517E+00
  4.55078E-01  2.05569E+00
  4.58984E-01  2.04611E+00
  4.62891E-01  2.03643E+00
  4.66797E-01  2.02664E+00
  4.70703E-01  2.01676E+00
  4.74609E-01  2.00677E+00
  4.78516E-01  1.99667E+00
  4.82422E-01  1.98646E+00
  4.86328E-01  1.97615E+00
  4.90234E-01  1.96572E+00
  4.94141E-01  1.95519E+00
  4.98047E-01  1.94453E+00
  5.01953E-01  1.93376E+00
  5.05859E-01  1.92287E+00
  5.09766E-01  1.91186E+00
  5.13672E-01  1.90073E+00
  5.17578E-01  1.88947E+00
  5.21484E-01  1.87808E+00
  5.25391E-01  1.86657E+00
  5.29297E-01  1.85492E+00
  5.33203E-01  1.84314E+00
  5.37109E-01  1.83122E+00
  5.41016E-01  1.81915E+00
  5.44922E-01  1.80695E+00
  5.48828E-01  1.79459E+00
  5.52734E-01  1.78209E+00
  5.56641E-01  1.76943E+00
  5.60547E-01  1.75661E+00
  5.64453E-01  1.74362E+00
  5.68359E-01  1.73047E+00
  5.72266E-01  1.71715E+00
  5.76172E-01  1.70364E+00
  5.80078E-01  1.68996E+00
  5.83984E-01  1.67608E+00
  5.87891E-01  1.66202E+00
  5.91797E-01  1.64775E+00
  5.95703E-01  1.63327E+00
  5.99609E-01  1.61858E+00
  6.03516E-01  1.60366E+00
  6.07422E-01  1.58851E+00
  6.11328E-01  1.57312E+00
  6.15234E-01  1.55748E+00
  6.19141E-01  1.54158E+00
  6.23047E-01  1.52540E+00
  6.26953E-01  1.50894E+00
  6.30859E-01  1.49218E+00
  6.34766E-01  1.47511E+00
  6.38672E-01  1.45770E+00
  6.42578E-01  1.43995E+00
  6.46484E-01  1.42183E+00
  6.50391E-01  1.40332E+00
  6.54297E-01  1.38439E+00
  6.58203E-01  1.36503E+00
  6.62109E-01  1.34520E+00
  6.66016E-01  1.32486E+00
  6.69922E-01  1.30398E+00
  6.73828E-01  1.28252E+00
  6.77734E-01  1.26042E+00
  6.81641E-01  1.23763E+00
  6.85547E-01  1.21408E+00
  6.89453E-01  1.18970E+00
  6.93359E-01  1.16439E+00
  6.97266E-01  1.13805E+00
  7.01172E-01  1.11054E+00
  7.05078E-01  1.08170E+00
  7.08984E-01  1.05131E+00
  7.12891E-01  1.01909E+00
  7.16797E-01  9.84610E-01
  7.20703E-01  9.46703E-01
  7.24609E-01  8.98116E-01
  7.28516E-01  7.90235E-01
  7.32422E-01  4.48979E-02
  7.36328E-01  4.32565E-02
  7.40234E-01  4.27678E-02
  7.44141E-01  4.21269E-02
  7.48047E-01  4.15138E-02
  7.51953E-01  4.09000E-02
  7.55859E-01  4.03075E-02
  7.59766E-01  3.97171E-02
  7.63672E-01  3.91416E-02
  7.67578E-01  3.85748E-02
  7.71484E-01  3.80229E-02
  7.75391E-01  3.74784E-02
  7.79297E-01  3.69546E-02
  7.83203E-01  3.64289E-02
  7.87109E-01  3.59166E-02
  7.91016E-01  3.54195E-02
  7.94922E-01  3.49323E-02
  7.98828E-01  3.44467E-02
  8.02734E-01  3.39765E-02
  8.06641E-01  3.35077E-02
  8.10547E-01  3.30539E-02
  8.14453E-01  3.26045E-02
  8.18359E-01  3.21718E-02
  8.22266E-01  3.17497E-02
  8.26172E-01  3.13322E-02
  8.30078E-01  3.09139E-02
  8.33984E-01  3.05061E-02
  8.37891E-01  3.01034E-02
  8.41797E-01  2.97112E-02
  8.45703E-01  2.93226E-02
  8.49609E-01  2.89436E-02
  8.53516E-01  2.85733E-02
  8.57422E-01  2.82117E-02
  8.61328E-01  2.78506E-02
  8.65234E-01  2.74942E-02
  8.69141E-01  2.71434E-02
  8.73047E-01  2.68080E-02
  8.76953E-01  2.64744E-02
  8.80859E-01  2.61457E-02
  8.84766E-01  2.58184E-02
  8.88672E-01  2.54976E-02
  8.92578E-01  2.51852E-02
  8.96484E-01  2.48798E-02
  9.00391E-01  2.45832E-02
  9.04297E-01  2.42886E-02
  9.08203E-01  2.39967E-02
  9.12109E-01  2.37077E-02
  9.16016E-01  2.34237E-02
  9.19922E-01  2.31475E-02
  9.23828E-01  2.28755E-02
  9.27734E-01  2.26090E-02
  9.31641E-01  2.23467E-02
  9.35547E-01  2.20915E-02
  9.39453E-01  2.18408E-02
  9.43359E-01  2.15946E-02
  9.47266E-01  2.13503E-02
  9.51172E-01  2.11079E-02
  9.55078E-01  2.08680E-02
  9.58984E-01  2.06322E-02
  9.62891E-01  2.04009E-02
  9.66797E-01  2.01739E-02
  9.70703E-01  1.99507E-02
  9.74609E-01  1.97316E-02
  9.78516E-01  1.95170E-02
  9.82422E-01  1.93089E-02
  9.86328E-01  1.91064E-02
  9.90234E-01  1.89111E-02
  9.94141E-01  1.87674E-02
  9.98047E-01  1.87132E-02
  1.00195E+00  1.87132E-02
