 -1.95312E-03  2.62528E+00
  1.95312E-03  2.62531E+00
  5.85938E-03  2.62481E+00
  9.76562E-03  2.62430E+00
  1.36719E-02  2.62372E+00
  1.75781E-02  2.62305E+00
  2.14844E-02  2.62231E+00
  2.53906E-02  2.62147E+00
  2.92969E-02  2.62056E+00
  3.32031E-02  2.61955E+00
  3.71094E-02  2.61847E+00
  4.10156E-02  2.61730E+00
  4.49219E-02  2.61605E+00
  4.88281E-02  2.61472E+00
  5.27344E-02  2.61331E+00
  5.66406E-02  2.61181E+00
  6.05469E-02  2.61024E+00
  6.44531E-02  2.60858E+00
  6.83594E-02  2.60685E+00
  7.22656E-02  2.60503E+00
  7.61719E-02  2.60314E+00
  8.00781E-02  2.60116E+00
  8.39844E-02  2.59911E+00
  8.78906E-02  2.59698E+00
  9.17969E-02  2.59477E+00
  9.57031E-02  2.59249E+00
  9.96094E-02  2.59012E+00
  1.03516E-01  2.58768E+00
  1.07422E-01  2.58517E+00
  1.11328E-01  2.58258E+00
  1.15234E-01  2.57991E+00
  1.19141E-01  2.57716E+00
  1.23047E-01  2.57435E+00
  1.26953E-01  2.57145E+00
  1.30859E-01  2.56848E+00
  1.34766E-01  2.56544E+00
  1.38672E-01  2.56232E+00
  1.42578E-01  2.55912E+00
  1.46484E-01  2.55586E+00
  1.50391E-01  2.55252E+00
  1.54297E-01  2.54910E+00
  1.58203E-01  2.54561E+00
  1.62109E-01  2.54205E+00
  1.66016E-01  2.53841E+00
  1.69922E-01  2.53470E+00
  1.73828E-01  2.53092E+00
  1.77734E-01  2.52707E+00
  1.81641E-01  2.52314E+00
  1.85547E-01  2.51914E+00
  1.89453E-01  2.51506E+00
  1.93359E-01  2.51092E+00
  1.97266E-01  2.50670E+00
  2.01172E-01  2.50241E+00
  2.05078E-01  2.49805E+00
  2.08984E-01  2.49361E+00
  2.12891E-01  2.48910E+00
  2.16797E-01  2.48452E+00
  2.20703E-01  2.47986E+00
  2.24609E-01  2.47514E+00
  2.28516E-01  2.47034E+00
  2.32422E-01  2.46547E+00
  2.36328E-01  2.46052E+00
  2.40234E-01  2.45551E+00
  2.44141E-01  2.45042E+00
  2.48047E-01  2.44526E+00
  2.51953E-01  2.44002E+00
  2.55859E-01  2.43472E+00
  2.59766E-01  2.42934E+00
  2.63672E-01  2.42389E+00
  2.67578E-01  2.41836E+00
  2.71484E-01  2.41276E+00
  2.75391E-01  2.40709E+00
  2.79297E-01  2.40135E+00
  2.83203E-01  2.39553E+00
  2.87109E-01  2.38963E+00
  2.91016E-01  2.38367E+00
  2.94922E-01  2.37762E+00
  2.98828E-01  2.37151E+00
  3.02734E-01  2.36532E+00
  3.06641E-01  2.35906E+00
  3.10547E-01  2.35272E+00
  3.14453E-01  2.34631E+00
  3.18359E-01  2.33982E+00
  3.22266E-01  2.33326E+00
  3.26172E-01  2.32661E+00
  3.30078E-01  2.31990E+00
  3.33984E-01  2.31310E+00
  3.37891E-01  2.30623E+00
  3.41797E-01  2.29928E+00
  3.45703E-01  2.29225E+00
  3.49609E-01  2.28515E+00
  3.53516E-01  2.27796E+00
  3.57422E-01  2.27070E+00
  3.61328E-01  2.26336E+00
  3.65234E-01  2.25594E+00
  3.69141E-01  2.24844E+00
  3.73047E-01  2.24085E+00
  3.76953E-01  2.23319E+00
  3.80859E-01  2.22545E+00
  3.84766E-01  2.21762E+00
  3.88672E-01  2.20970E+00
  3.92578E-01  2.20171E+00
  3.96484E-01  2.19363E+00
  4.00391E-01  2.18546E+00
  4.04297E-01  2.17721E+00
  4.08203E-01  2.16887E+00
  4.12109E-01  2.16044E+00
  4.16016E-01  2.15193E+00
  4.19922E-01  2.14332E+00
  4.23828E-01  2.13463E+00
  4.27734E-01  2.12584E+00
  4.31641E-01  2.11697E+00
  4.35547E-01  2.10801E+00
  4.39453E-01  2.09895E+00
  4.43359E-01  2.08980E+00
  4.47266E-01  2.08055E+00
  4.51172E-01  2.07121E+00
  4.55078E-01  2.06177E+00
  4.58984E-01  2.05223E+00
  4.62891E-01  2.04260E+00
  4.66797E-01  2.03286E+00
  4.70703E-01  2.02302E+00
  4.74609E-01  2.01307E+00
  4.78516E-01  2.00302E+00
  4.82422E-01  1.99287E+00
  4.86328E-01  1.98261E+00
  4.90234E-01  1.97223E+00
  4.94141E-01  1.96175E+00
  4.98047E-01  1.95115E+00
  5.01953E-01  1.94043E+00
  5.05859E-01  1.92960E+00
  5.09766E-01  1.91864E+00
  5.13672E-01  1.90756E+00
  5.17578E-01  1.89636E+00
  5.21484E-01  1.88504E+00
  5.25391E-01  1.87358E+00
  5.29297E-01  1.86200E+00
  5.33203E-01  1.85028E+00
  5.37109E-01  1.83842E+00
  5.41016E-01  1.82642E+00
  5.44922E-01  1.81429E+00
  5.48828E-01  1.80200E+00
  5.52734E-01  1.78957E+00
  5.56641E-01  1.77698E+00
  5.60547E-01  1.76424E+00
  5.64453E-01  1.75133E+00
  5.68359E-01  1.73825E+00
  5.72266E-01  1.72501E+00
  5.76172E-01  1.71158E+00
  5.80078E-01  1.69798E+00
  5.83984E-01  1.68419E+00
  5.87891E-01  1.67021E+00
  5.91797E-01  1.65602E+00
  5.95703E-01  1.64163E+00
  5.99609E-01  1.62703E+00
  6.03516E-01  1.61221E+00
  6.07422E-01  1.59715E+00
  6.11328E-01  1.58185E+00
  6.15234E-01  1.56630E+00
  6.19141E-01  1.55049E+00
  6.23047E-01  1.53440E+00
  6.26953E-01  1.51802E+00
  6.30859E-01  1.50135E+00
  6.34766E-01  1.48435E+00
  6.38672E-01  1.46703E+00
  6.42578E-01  1.44935E+00
  6.46484E-01  1.43130E+00
  6.50391E-01  1.41286E+00
  6.54297E-01  1.39400E+00
  6.58203E-01  1.37470E+00
  6.62109E-01  1.35492E+00
  6.66016E-01  1.33463E+00
  6.69922E-01  1.31379E+00
  6.73828E-01  1.29236E+00
  6.77734E-01  1.27029E+00
  6.81641E-01  1.24752E+00
  6.85547E-01  1.22398E+00
  6.89453E-01  1.19960E+00
  6.93359E-01  1.17427E+00
  6.97266E-01  1.14788E+00
  7.01172E-01  1.12029E+00
  7.05078E-01  1.09133E+00
  7.08984E-01  1.06076E+00
  7.12891E-01  1.02830E+00
  7.16797E-01  9.93488E-01
  7.20703E-01  9.55081E-01
  7.24609E-01  9.05502E-01
  7.28516E-01  7.94738E-01
  7.32422E-01  1.17450E-02
  7.36328E-01  1.15876E-02
  7.40234E-01  1.14075E-02
  7.44141E-01  1.12350E-02
  7.48047E-01  1.10629E-02
  7.51953E-01  1.08972E-02
  7.55859E-01  1.07312E-02
  7.59766E-01  1.05719E-02
  7.63672E-01  1.04130E-02
  7.67578E-01  1.02602E-02
  7.71484E-01  1.01082E-02
  7.75391E-01  9.96033E-03
  7.79297E-01  9.81351E-03
  7.83203E-01  9.67145E-03
  7.87109E-01  9.53087E-03
  7.91016E-01  9.39487E-03
  7.94922E-01  9.25941E-03
  7.98828E-01  9.12771E-03
  8.02734E-01  8.99823E-03
  8.06641E-01  8.87124E-03
  8.10547E-01  8.74662E-03
  8.14453E-01  8.62432E-03
  8.18359E-01  8.50456E-03
  8.22266E-01  8.38666E-03
  8.26172E-01  8.27134E-03
  8.30078E-01  8.15761E-03
  8.33984E-01  8.04631E-03
  8.37891E-01  7.93679E-03
  8.41797E-01  7.82983E-03
  8.45703E-01  7.72416E-03
  8.49609E-01  7.62117E-03
  8.53516E-01  7.51897E-03
  8.57422E-01  7.41963E-03
  8.61328E-01  7.32089E-03
  8.65234E-01  7.22539E-03
  8.69141E-01  7.13027E-03
  8.73047E-01  7.03785E-03
  8.76953E-01  6.94587E-03
  8.80859E-01  6.85666E-03
  8.84766E-01  6.76820E-03
  8.88672E-01  6.68212E-03
  8.92578E-01  6.59652E-03
  8.96484E-01  6.51327E-03
  9.00391E-01  6.43070E-03
  9.04297E-01  6.35015E-03
  9.08203E-01  6.27050E-03
  9.12109E-01  6.19266E-03
  9.16016E-01  6.11562E-03
  9.19922E-01  6.04030E-03
  9.23828E-01  5.96582E-03
  9.27734E-01  5.89326E-03
  9.31641E-01  5.82123E-03
  9.35547E-01  5.75100E-03
  9.39453E-01  5.68117E-03
  9.43359E-01  5.61369E-03
  9.47266E-01  5.54656E-03
  9.51172E-01  5.48100E-03
  9.55078E-01  5.41595E-03
  9.58984E-01  5.35332E-03
  9.62891E-01  5.29094E-03
  9.66797E-01  5.23049E-03
  9.70703E-01  5.17162E-03
  9.74609E-01  5.11441E-03
  9.78516E-01  5.05916E-03
  9.82422E-01  5.00678E-03
  9.86328E-01  4.95761E-03
  9.90234E-01  4.91273E-03
  9.94141E-01  4.87319E-03
  9.98047E-01  4.85424E-03
  1.00195E+00  4.85424E-03
