 -1.95312E-03  2.62296E+00
  1.95312E-03  2.62299E+00
  5.85938E-03  2.62249E+00
  9.76562E-03  2.62198E+00
  1.36719E-02  2.62140E+00
  1.75781E-02  2.62073E+00
  2.14844E-02  2.61998E+00
  2.53906E-02  2.61915E+00
  2.92969E-02  2.61823E+00
  3.32031E-02  2.61723E+00
  3.71094E-02  2.61614E+00
  4.10156E-02  2.61497E+00
  4.49219E-02  2.61372E+00
  4.88281E-02  2.61239E+00
  5.27344E-02  2.61097E+00
  5.66406E-02  2.60948E+00
  6.05469E-02  2.60790E+00
  6.44531E-02  2.60624E+00
  6.83594E-02  2.60451E+00
  7.22656E-02  2.60269E+00
  7.61719E-02  2.60079E+00
  8.00781E-02  2.59882E+00
  8.39844E-02  2.59676E+00
  8.78906E-02  2.59463E+00
  9.17969E-02  2.59242E+00
  9.57031E-02  2.59013E+00
  9.96094E-02  2.58776E+00
  1.03516E-01  2.58532E+00
  1.07422E-01  2.58280E+00
  1.11328E-01  2.58020E+00
  1.15234E-01  2.57753E+00
  1.19141E-01  2.57478E+00
  1.23047E-01  2.57196E+00
  1.26953E-01  2.56906E+00
  1.30859E-01  2.56609E+00
  1.34766E-01  2.56304E+00
  1.38672E-01  2.55991E+00
  1.42578E-01  2.55671E+00
  1.46484E-01  2.55344E+00
  1.50391E-01  2.55010E+00
  1.54297E-01  2.54668E+00
  1.58203E-01  2.54318E+00
  1.62109E-01  2.53961E+00
  1.66016E-01  2.53597E+00
  1.69922E-01  2.53226E+00
  1.73828E-01  2.52847E+00
  1.77734E-01  2.52461E+00
  1.81641E-01  2.52067E+00
  1.85547E-01  2.51667E+00
  1.89453E-01  2.51259E+00
  1.93359E-01  2.50843E+00
  1.97266E-01  2.50421E+00
  2.01172E-01  2.49991E+00
  2.05078E-01  2.49554E+00
  2.08984E-01  2.49110E+00
  2.12891E-01  2.48659E+00
  2.16797E-01  2.48200E+00
  2.20703E-01  2.47734E+00
  2.24609E-01  2.47260E+00
  2.28516E-01  2.46780E+00
  2.32422E-01  2.46292E+00
  2.36328E-01  2.45797E+00
  2.40234E-01  2.45295E+00
  2.44141E-01  2.44785E+00
  2.48047E-01  2.44268E+00
  2.51953E-01  2.43744E+00
  2.55859E-01  2.43212E+00
  2.59766E-01  2.42674E+00
  2.63672E-01  2.42128E+00
  2.67578E-01  2.41574E+00
  2.71484E-01  2.41014E+00
  2.75391E-01  2.40446E+00
  2.79297E-01  2.39870E+00
  2.83203E-01  2.39288E+00
  2.87109E-01  2.38697E+00
  2.91016E-01  2.38100E+00
  2.94922E-01  2.37495E+00
  2.98828E-01  2.36883E+00
  3.02734E-01  2.36263E+00
  3.06641E-01  2.35636E+00
  3.10547E-01  2.35001E+00
  3.14453E-01  2.34359E+00
  3.18359E-01  2.33709E+00
  3.22266E-01  2.33051E+00
  3.26172E-01  2.32386E+00
  3.30078E-01  2.31713E+00
  3.33984E-01  2.31033E+00
  3.37891E-01  2.30344E+00
  3.41797E-01  2.29648E+00
  3.45703E-01  2.28944E+00
  3.49609E-01  2.28233E+00
  3.53516E-01  2.27513E+00
  3.57422E-01  2.26786E+00
  3.61328E-01  2.26050E+00
  3.65234E-01  2.25307E+00
  3.69141E-01  2.24556E+00
  3.73047E-01  2.23796E+00
  3.76953E-01  2.23029E+00
  3.80859E-01  2.22253E+00
  3.84766E-01  2.21469E+00
  3.88672E-01  2.20677E+00
  3.92578E-01  2.19876E+00
  3.96484E-01  2.19067E+00
  4.00391E-01  2.18249E+00
  4.04297E-01  2.17422E+00
  4.08203E-01  2.16587E+00
  4.12109E-01  2.15743E+00
  4.16016E-01  2.14890E+00
  4.19922E-01  2.14028E+00
  4.23828E-01  2.13157E+00
  4.27734E-01  2.12277E+00
  4.31641E-01  2.11388E+00
  4.35547E-01  2.10490E+00
  4.39453E-01  2.09583E+00
  4.43359E-01  2.08666E+00
  4.47266E-01  2.07740E+00
  4.51172E-01  2.06804E+00
  4.55078E-01  2.05858E+00
  4.58984E-01  2.04902E+00
  4.62891E-01  2.03937E+00
  4.66797E-01  2.02961E+00
  4.70703E-01  2.01975E+00
  4.74609E-01  2.00979E+00
  4.78516E-01  1.99972E+00
  4.82422E-01  1.98954E+00
  4.86328E-01  1.97926E+00
  4.90234E-01  1.96886E+00
  4.94141E-01  1.95835E+00
  4.98047E-01  1.94772E+00
  5.01953E-01  1.93698E+00
  5.05859E-01  1.92612E+00
  5.09766E-01  1.91514E+00
  5.13672E-01  1.90404E+00
  5.17578E-01  1.89281E+00
  5.21484E-01  1.88146E+00
  5.25391E-01  1.86998E+00
  5.29297E-01  1.85837E+00
  5.33203E-01  1.84662E+00
  5.37109E-01  1.83473E+00
  5.41016E-01  1.82271E+00
  5.44922E-01  1.81054E+00
  5.48828E-01  1.79822E+00
  5.52734E-01  1.78576E+00
  5.56641E-01  1.77314E+00
  5.60547E-01  1.76036E+00
  5.64453E-01  1.74742E+00
  5.68359E-01  1.73431E+00
  5.72266E-01  1.72103E+00
  5.76172E-01  1.70757E+00
  5.80078E-01  1.69393E+00
  5.83984E-01  1.68010E+00
  5.87891E-01  1.66608E+00
  5.91797E-01  1.65186E+00
  5.95703E-01  1.63744E+00
  5.99609E-01  1.62280E+00
  6.03516E-01  1.60793E+00
  6.07422E-01  1.59284E+00
  6.11328E-01  1.57750E+00
  6.15234E-01  1.56192E+00
  6.19141E-01  1.54607E+00
  6.23047E-01  1.52996E+00
  6.26953E-01  1.51356E+00
  6.30859E-01  1.49686E+00
  6.34766E-01  1.47985E+00
  6.38672E-01  1.46251E+00
  6.42578E-01  1.44483E+00
  6.46484E-01  1.42678E+00
  6.50391E-01  1.40835E+00
  6.54297E-01  1.38951E+00
  6.58203E-01  1.37023E+00
  6.62109E-01  1.35049E+00
  6.66016E-01  1.33024E+00
  6.69922E-01  1.30947E+00
  6.73828E-01  1.28811E+00
  6.77734E-01  1.26612E+00
  6.81641E-01  1.24345E+00
  6.85547E-01  1.22003E+00
  6.89453E-01  1.19579E+00
  6.93359E-01  1.17063E+00
  6.97266E-01  1.14447E+00
  7.01172E-01  1.11715E+00
  7.05078E-01  1.08852E+00
  7.08984E-01  1.05837E+00
  7.12891E-01  1.02643E+00
  7.16797E-01  9.92284E-01
  7.20703E-01  9.54848E-01
  7.24609E-01  9.07299E-01
  7.28516E-01  8.02031E-01
  7.32422E-01  3.61592E-02
  7.36328E-01  3.51108E-02
  7.40234E-01  3.47126E-02
  7.44141E-01  3.41883E-02
  7.48047E-01  3.36796E-02
  7.51953E-01  3.31743E-02
  7.55859E-01  3.26896E-02
  7.59766E-01  3.22135E-02
  7.63672E-01  3.17610E-02
  7.67578E-01  3.13006E-02
  7.71484E-01  3.08475E-02
  7.75391E-01  3.04032E-02
  7.79297E-01  2.99716E-02
  7.83203E-01  2.95455E-02
  7.87109E-01  2.91278E-02
  7.91016E-01  2.87213E-02
  7.94922E-01  2.83254E-02
  7.98828E-01  2.79301E-02
  8.02734E-01  2.75381E-02
  8.06641E-01  2.71539E-02
  8.10547E-01  2.67869E-02
  8.14453E-01  2.64225E-02
  8.18359E-01  2.60610E-02
  8.22266E-01  2.57016E-02
  8.26172E-01  2.53534E-02
  8.30078E-01  2.50146E-02
  8.33984E-01  2.46886E-02
  8.37891E-01  2.43638E-02
  8.41797E-01  2.40430E-02
  8.45703E-01  2.37230E-02
  8.49609E-01  2.34106E-02
  8.53516E-01  2.31058E-02
  8.57422E-01  2.28097E-02
  8.61328E-01  2.25167E-02
  8.65234E-01  2.22321E-02
  8.69141E-01  2.19535E-02
  8.73047E-01  2.16815E-02
  8.76953E-01  2.14101E-02
  8.80859E-01  2.11414E-02
  8.84766E-01  2.08736E-02
  8.88672E-01  2.06114E-02
  8.92578E-01  2.03527E-02
  8.96484E-01  2.01003E-02
  9.00391E-01  1.98504E-02
  9.04297E-01  1.96063E-02
  9.08203E-01  1.93683E-02
  9.12109E-01  1.91348E-02
  9.16016E-01  1.89067E-02
  9.19922E-01  1.86837E-02
  9.23828E-01  1.84660E-02
  9.27734E-01  1.82516E-02
  9.31641E-01  1.80406E-02
  9.35547E-01  1.78336E-02
  9.39453E-01  1.76293E-02
  9.43359E-01  1.74287E-02
  9.47266E-01  1.72310E-02
  9.51172E-01  1.70367E-02
  9.55078E-01  1.68458E-02
  9.58984E-01  1.66583E-02
  9.62891E-01  1.64738E-02
  9.66797E-01  1.62912E-02
  9.70703E-01  1.61100E-02
  9.74609E-01  1.59299E-02
  9.78516E-01  1.57530E-02
  9.82422E-01  1.55808E-02
  9.86328E-01  1.54161E-02
  9.90234E-01  1.52629E-02
  9.94141E-01  1.51470E-02
  9.98047E-01  1.50861E-02
  1.00195E+00  1.50861E-02
