 -1.95312E-03  2.62524E+00
  1.95312E-03  2.62527E+00
  5.85938E-03  2.62477E+00
  9.76562E-03  2.62426E+00
  1.36719E-02  2.62368E+00
  1.75781E-02  2.62301E+00
  2.14844E-02  2.62227E+00
  2.53906E-02  2.62143E+00
  2.92969E-02  2.62051E+00
  3.32031E-02  2.61951E+00
  3.71094E-02  2.61843E+00
  4.10156E-02  2.61726E+00
  4.49219E-02  2.61601E+00
  4.88281E-02  2.61468E+00
  5.27344E-02  2.61327E+00
  5.66406E-02  2.61177E+00
  6.05469E-02  2.61020E+00
  6.44531E-02  2.60854E+00
  6.83594E-02  2.60681E+00
  7.22656E-02  2.60499E+00
  7.61719E-02  2.60310E+00
  8.00781E-02  2.60112E+00
  8.39844E-02  2.59907E+00
  8.78906E-02  2.59694E+00
  9.17969E-02  2.59473E+00
  9.57031E-02  2.59245E+00
  9.96094E-02  2.59008E+00
  1.03516E-01  2.58764E+00
  1.07422E-01  2.58513E+00
  1.11328E-01  2.58254E+00
  1.15234E-01  2.57987E+00
  1.19141E-01  2.57712E+00
  1.23047E-01  2.57430E+00
  1.26953E-01  2.57141E+00
  1.30859E-01  2.56844E+00
  1.34766E-01  2.56540E+00
  1.38672E-01  2.56228E+00
  1.42578E-01  2.55908E+00
  1.46484E-01  2.55582E+00
  1.50391E-01  2.55248E+00
  1.54297E-01  2.54906E+00
  1.58203E-01  2.54557E+00
  1.62109E-01  2.54201E+00
  1.66016E-01  2.53838E+00
  1.69922E-01  2.53467E+00
  1.73828E-01  2.53088E+00
  1.77734E-01  2.52703E+00
  1.81641E-01  2.52310E+00
  1.85547E-01  2.51910E+00
  1.89453E-01  2.51502E+00
  1.93359E-01  2.51088E+00
  1.97266E-01  2.50666E+00
  2.01172E-01  2.50237E+00
  2.05078E-01  2.49801E+00
  2.08984E-01  2.49357E+00
  2.12891E-01  2.48906E+00
  2.16797E-01  2.48448E+00
  2.20703E-01  2.47982E+00
  2.24609E-01  2.47510E+00
  2.28516E-01  2.47030E+00
  2.32422E-01  2.46543E+00
  2.36328E-01  2.46048E+00
  2.40234E-01  2.45546E+00
  2.44141E-01  2.45038E+00
  2.48047E-01  2.44521E+00
  2.51953E-01  2.43998E+00
  2.55859E-01  2.43467E+00
  2.59766E-01  2.42930E+00
  2.63672E-01  2.42384E+00
  2.67578E-01  2.41832E+00
  2.71484E-01  2.41272E+00
  2.75391E-01  2.40705E+00
  2.79297E-01  2.40130E+00
  2.83203E-01  2.39548E+00
  2.87109E-01  2.38959E+00
  2.91016E-01  2.38362E+00
  2.94922E-01  2.37758E+00
  2.98828E-01  2.37147E+00
  3.02734E-01  2.36528E+00
  3.06641E-01  2.35902E+00
  3.10547E-01  2.35268E+00
  3.14453E-01  2.34627E+00
  3.18359E-01  2.33978E+00
  3.22266E-01  2.33321E+00
  3.26172E-01  2.32657E+00
  3.30078E-01  2.31985E+00
  3.33984E-01  2.31306E+00
  3.37891E-01  2.30619E+00
  3.41797E-01  2.29924E+00
  3.45703E-01  2.29221E+00
  3.49609E-01  2.28510E+00
  3.53516E-01  2.27792E+00
  3.57422E-01  2.27066E+00
  3.61328E-01  2.26332E+00
  3.65234E-01  2.25590E+00
  3.69141E-01  2.24840E+00
  3.73047E-01  2.24081E+00
  3.76953E-01  2.23315E+00
  3.80859E-01  2.22541E+00
  3.84766E-01  2.21758E+00
  3.88672E-01  2.20967E+00
  3.92578E-01  2.20167E+00
  3.96484E-01  2.19359E+00
  4.00391E-01  2.18542E+00
  4.04297E-01  2.17717E+00
  4.08203E-01  2.16883E+00
  4.12109E-01  2.16041E+00
  4.16016E-01  2.15189E+00
  4.19922E-01  2.14329E+00
  4.23828E-01  2.13459E+00
  4.27734E-01  2.12581E+00
  4.31641E-01  2.11694E+00
  4.35547E-01  2.10797E+00
  4.39453E-01  2.09891E+00
  4.43359E-01  2.08976E+00
  4.47266E-01  2.08051E+00
  4.51172E-01  2.07117E+00
  4.55078E-01  2.06173E+00
  4.58984E-01  2.05220E+00
  4.62891E-01  2.04256E+00
  4.66797E-01  2.03282E+00
  4.70703E-01  2.02298E+00
  4.74609E-01  2.01303E+00
  4.78516E-01  2.00299E+00
  4.82422E-01  1.99283E+00
  4.86328E-01  1.98257E+00
  4.90234E-01  1.97219E+00
  4.94141E-01  1.96171E+00
  4.98047E-01  1.95111E+00
  5.01953E-01  1.94039E+00
  5.05859E-01  1.92956E+00
  5.09766E-01  1.91861E+00
  5.13672E-01  1.90753E+00
  5.17578E-01  1.89633E+00
  5.21484E-01  1.88500E+00
  5.25391E-01  1.87355E+00
  5.29297E-01  1.86196E+00
  5.33203E-01  1.85024E+00
  5.37109E-01  1.83838E+00
  5.41016E-01  1.82639E+00
  5.44922E-01  1.81425E+00
  5.48828E-01  1.80197E+00
  5.52734E-01  1.78954E+00
  5.56641E-01  1.77695E+00
  5.60547E-01  1.76420E+00
  5.64453E-01  1.75130E+00
  5.68359E-01  1.73822E+00
  5.72266E-01  1.72498E+00
  5.76172E-01  1.71156E+00
  5.80078E-01  1.69796E+00
  5.83984E-01  1.68417E+00
  5.87891E-01  1.67018E+00
  5.91797E-01  1.65600E+00
  5.95703E-01  1.64161E+00
  5.99609E-01  1.62701E+00
  6.03516E-01  1.61219E+00
  6.07422E-01  1.59713E+00
  6.11328E-01  1.58184E+00
  6.15234E-01  1.56629E+00
  6.19141E-01  1.55049E+00
  6.23047E-01  1.53441E+00
  6.26953E-01  1.51804E+00
  6.30859E-01  1.50137E+00
  6.34766E-01  1.48439E+00
  6.38672E-01  1.46707E+00
  6.42578E-01  1.44941E+00
  6.46484E-01  1.43137E+00
  6.50391E-01  1.41294E+00
  6.54297E-01  1.39410E+00
  6.58203E-01  1.37481E+00
  6.62109E-01  1.35504E+00
  6.66016E-01  1.33477E+00
  6.69922E-01  1.31395E+00
  6.73828E-01  1.29253E+00
  6.77734E-01  1.27048E+00
  6.81641E-01  1.24773E+00
  6.85547E-01  1.22422E+00
  6.89453E-01  1.19985E+00
  6.93359E-01  1.17455E+00
  6.97266E-01  1.14820E+00
  7.01172E-01  1.12066E+00
  7.05078E-01  1.09174E+00
  7.08984E-01  1.06123E+00
  7.12891E-01  1.02883E+00
  7.16797E-01  9.94082E-01
  7.20703E-01  9.55775E-01
  7.24609E-01  9.06408E-01
  7.28516E-01  7.96204E-01
  7.32422E-01  1.24434E-02
  7.36328E-01  1.22751E-02
  7.40234E-01  1.20862E-02
  7.44141E-01  1.19041E-02
  7.48047E-01  1.17216E-02
  7.51953E-01  1.15460E-02
  7.55859E-01  1.13716E-02
  7.59766E-01  1.12027E-02
  7.63672E-01  1.10350E-02
  7.67578E-01  1.08720E-02
  7.71484E-01  1.07112E-02
  7.75391E-01  1.05555E-02
  7.79297E-01  1.04008E-02
  7.83203E-01  1.02504E-02
  7.87109E-01  1.01011E-02
  7.91016E-01  9.95629E-03
  7.94922E-01  9.81374E-03
  7.98828E-01  9.67403E-03
  8.02734E-01  9.53709E-03
  8.06641E-01  9.40266E-03
  8.10547E-01  9.27081E-03
  8.14453E-01  9.14106E-03
  8.18359E-01  9.01417E-03
  8.22266E-01  8.88927E-03
  8.26172E-01  8.76722E-03
  8.30078E-01  8.64702E-03
  8.33984E-01  8.52932E-03
  8.37891E-01  8.41312E-03
  8.41797E-01  8.29985E-03
  8.45703E-01  8.18772E-03
  8.49609E-01  8.07880E-03
  8.53516E-01  7.97062E-03
  8.57422E-01  7.86558E-03
  8.61328E-01  7.76118E-03
  8.65234E-01  7.65973E-03
  8.69141E-01  7.55907E-03
  8.73047E-01  7.46135E-03
  8.76953E-01  7.36418E-03
  8.80859E-01  7.26940E-03
  8.84766E-01  7.17566E-03
  8.88672E-01  7.08446E-03
  8.92578E-01  6.99402E-03
  8.96484E-01  6.90575E-03
  9.00391E-01  6.81839E-03
  9.04297E-01  6.73305E-03
  9.08203E-01  6.64861E-03
  9.12109E-01  6.56627E-03
  9.16016E-01  6.48472E-03
  9.19922E-01  6.40494E-03
  9.23828E-01  6.32602E-03
  9.27734E-01  6.24906E-03
  9.31641E-01  6.17283E-03
  9.35547E-01  6.09856E-03
  9.39453E-01  6.02450E-03
  9.43359E-01  5.95280E-03
  9.47266E-01  5.88179E-03
  9.51172E-01  5.81244E-03
  9.55078E-01  5.74334E-03
  9.58984E-01  5.67688E-03
  9.62891E-01  5.61088E-03
  9.66797E-01  5.54655E-03
  9.70703E-01  5.48397E-03
  9.74609E-01  5.42319E-03
  9.78516E-01  5.36437E-03
  9.82422E-01  5.30859E-03
  9.86328E-01  5.25633E-03
  9.90234E-01  5.20901E-03
  9.94141E-01  5.16751E-03
  9.98047E-01  5.14754E-03
  1.00195E+00  5.14754E-03
