 -1.95312E-03  2.62258E+00
  1.95312E-03  2.62261E+00
  5.85938E-03  2.62211E+00
  9.76562E-03  2.62160E+00
  1.36719E-02  2.62101E+00
  1.75781E-02  2.62035E+00
  2.14844E-02  2.61960E+00
  2.53906E-02  2.61876E+00
  2.92969E-02  2.61785E+00
  3.32031E-02  2.61684E+00
  3.71094E-02  2.61576E+00
  4.10156E-02  2.61459E+00
  4.49219E-02  2.61334E+00
  4.88281E-02  2.61201E+00
  5.27344E-02  2.61059E+00
  5.66406E-02  2.60909E+00
  6.05469E-02  2.60752E+00
  6.44531E-02  2.60586E+00
  6.83594E-02  2.60412E+00
  7.22656E-02  2.60230E+00
  7.61719E-02  2.60040E+00
  8.00781E-02  2.59842E+00
  8.39844E-02  2.59637E+00
  8.78906E-02  2.59423E+00
  9.17969E-02  2.59202E+00
  9.57031E-02  2.58973E+00
  9.96094E-02  2.58737E+00
  1.03516E-01  2.58492E+00
  1.07422E-01  2.58240E+00
  1.11328E-01  2.57981E+00
  1.15234E-01  2.57713E+00
  1.19141E-01  2.57439E+00
  1.23047E-01  2.57156E+00
  1.26953E-01  2.56866E+00
  1.30859E-01  2.56569E+00
  1.34766E-01  2.56264E+00
  1.38672E-01  2.55951E+00
  1.42578E-01  2.55632E+00
  1.46484E-01  2.55304E+00
  1.50391E-01  2.54970E+00
  1.54297E-01  2.54627E+00
  1.58203E-01  2.54278E+00
  1.62109E-01  2.53921E+00
  1.66016E-01  2.53557E+00
  1.69922E-01  2.53185E+00
  1.73828E-01  2.52806E+00
  1.77734E-01  2.52420E+00
  1.81641E-01  2.52026E+00
  1.85547E-01  2.51626E+00
  1.89453E-01  2.51217E+00
  1.93359E-01  2.50802E+00
  1.97266E-01  2.50379E+00
  2.01172E-01  2.49950E+00
  2.05078E-01  2.49512E+00
  2.08984E-01  2.49068E+00
  2.12891E-01  2.48616E+00
  2.16797E-01  2.48157E+00
  2.20703E-01  2.47690E+00
  2.24609E-01  2.47217E+00
  2.28516E-01  2.46736E+00
  2.32422E-01  2.46248E+00
  2.36328E-01  2.45753E+00
  2.40234E-01  2.45251E+00
  2.44141E-01  2.44741E+00
  2.48047E-01  2.44223E+00
  2.51953E-01  2.43699E+00
  2.55859E-01  2.43167E+00
  2.59766E-01  2.42629E+00
  2.63672E-01  2.42082E+00
  2.67578E-01  2.41529E+00
  2.71484E-01  2.40968E+00
  2.75391E-01  2.40400E+00
  2.79297E-01  2.39824E+00
  2.83203E-01  2.39241E+00
  2.87109E-01  2.38651E+00
  2.91016E-01  2.38053E+00
  2.94922E-01  2.37448E+00
  2.98828E-01  2.36835E+00
  3.02734E-01  2.36215E+00
  3.06641E-01  2.35588E+00
  3.10547E-01  2.34953E+00
  3.14453E-01  2.34310E+00
  3.18359E-01  2.33660E+00
  3.22266E-01  2.33002E+00
  3.26172E-01  2.32337E+00
  3.30078E-01  2.31664E+00
  3.33984E-01  2.30983E+00
  3.37891E-01  2.30294E+00
  3.41797E-01  2.29598E+00
  3.45703E-01  2.28894E+00
  3.49609E-01  2.28182E+00
  3.53516E-01  2.27462E+00
  3.57422E-01  2.26734E+00
  3.61328E-01  2.25998E+00
  3.65234E-01  2.25255E+00
  3.69141E-01  2.24503E+00
  3.73047E-01  2.23743E+00
  3.76953E-01  2.22975E+00
  3.80859E-01  2.22199E+00
  3.84766E-01  2.21415E+00
  3.88672E-01  2.20622E+00
  3.92578E-01  2.19821E+00
  3.96484E-01  2.19011E+00
  4.00391E-01  2.18192E+00
  4.04297E-01  2.17365E+00
  4.08203E-01  2.16530E+00
  4.12109E-01  2.15685E+00
  4.16016E-01  2.14831E+00
  4.19922E-01  2.13969E+00
  4.23828E-01  2.13097E+00
  4.27734E-01  2.12217E+00
  4.31641E-01  2.11328E+00
  4.35547E-01  2.10429E+00
  4.39453E-01  2.09521E+00
  4.43359E-01  2.08603E+00
  4.47266E-01  2.07676E+00
  4.51172E-01  2.06740E+00
  4.55078E-01  2.05793E+00
  4.58984E-01  2.04837E+00
  4.62891E-01  2.03871E+00
  4.66797E-01  2.02895E+00
  4.70703E-01  2.01908E+00
  4.74609E-01  2.00911E+00
  4.78516E-01  1.99903E+00
  4.82422E-01  1.98885E+00
  4.86328E-01  1.97855E+00
  4.90234E-01  1.96815E+00
  4.94141E-01  1.95763E+00
  4.98047E-01  1.94700E+00
  5.01953E-01  1.93625E+00
  5.05859E-01  1.92539E+00
  5.09766E-01  1.91440E+00
  5.13672E-01  1.90329E+00
  5.17578E-01  1.89205E+00
  5.21484E-01  1.88069E+00
  5.25391E-01  1.86920E+00
  5.29297E-01  1.85758E+00
  5.33203E-01  1.84582E+00
  5.37109E-01  1.83393E+00
  5.41016E-01  1.82190E+00
  5.44922E-01  1.80972E+00
  5.48828E-01  1.79739E+00
  5.52734E-01  1.78492E+00
  5.56641E-01  1.77229E+00
  5.60547E-01  1.75950E+00
  5.64453E-01  1.74655E+00
  5.68359E-01  1.73343E+00
  5.72266E-01  1.72013E+00
  5.76172E-01  1.70667E+00
  5.80078E-01  1.69302E+00
  5.83984E-01  1.67918E+00
  5.87891E-01  1.66515E+00
  5.91797E-01  1.65091E+00
  5.95703E-01  1.63647E+00
  5.99609E-01  1.62182E+00
  6.03516E-01  1.60694E+00
  6.07422E-01  1.59183E+00
  6.11328E-01  1.57648E+00
  6.15234E-01  1.56089E+00
  6.19141E-01  1.54503E+00
  6.23047E-01  1.52890E+00
  6.26953E-01  1.51248E+00
  6.30859E-01  1.49577E+00
  6.34766E-01  1.47875E+00
  6.38672E-01  1.46140E+00
  6.42578E-01  1.44370E+00
  6.46484E-01  1.42563E+00
  6.50391E-01  1.40718E+00
  6.54297E-01  1.38832E+00
  6.58203E-01  1.36902E+00
  6.62109E-01  1.34925E+00
  6.66016E-01  1.32898E+00
  6.69922E-01  1.30818E+00
  6.73828E-01  1.28679E+00
  6.77734E-01  1.26478E+00
  6.81641E-01  1.24208E+00
  6.85547E-01  1.21864E+00
  6.89453E-01  1.19437E+00
  6.93359E-01  1.16918E+00
  6.97266E-01  1.14297E+00
  7.01172E-01  1.11561E+00
  7.05078E-01  1.08694E+00
  7.08984E-01  1.05675E+00
  7.12891E-01  1.02475E+00
  7.16797E-01  9.90537E-01
  7.20703E-01  9.53006E-01
  7.24609E-01  9.05252E-01
  7.28516E-01  7.99468E-01
  7.32422E-01  3.83475E-02
  7.36328E-01  3.71689E-02
  7.40234E-01  3.67468E-02
  7.44141E-01  3.61861E-02
  7.48047E-01  3.56579E-02
  7.51953E-01  3.51319E-02
  7.55859E-01  3.46189E-02
  7.59766E-01  3.41087E-02
  7.63672E-01  3.36118E-02
  7.67578E-01  3.31203E-02
  7.71484E-01  3.26467E-02
  7.75391E-01  3.21823E-02
  7.79297E-01  3.17397E-02
  7.83203E-01  3.12908E-02
  7.87109E-01  3.08483E-02
  7.91016E-01  3.04145E-02
  7.94922E-01  2.99915E-02
  7.98828E-01  2.95742E-02
  8.02734E-01  2.91653E-02
  8.06641E-01  2.87667E-02
  8.10547E-01  2.83792E-02
  8.14453E-01  2.79907E-02
  8.18359E-01  2.76082E-02
  8.22266E-01  2.72296E-02
  8.26172E-01  2.68682E-02
  8.30078E-01  2.65112E-02
  8.33984E-01  2.61596E-02
  8.37891E-01  2.58087E-02
  8.41797E-01  2.54657E-02
  8.45703E-01  2.51309E-02
  8.49609E-01  2.48087E-02
  8.53516E-01  2.44910E-02
  8.57422E-01  2.41767E-02
  8.61328E-01  2.38630E-02
  8.65234E-01  2.35561E-02
  8.69141E-01  2.32545E-02
  8.73047E-01  2.29627E-02
  8.76953E-01  2.26739E-02
  8.80859E-01  2.23920E-02
  8.84766E-01  2.21164E-02
  8.88672E-01  2.18483E-02
  8.92578E-01  2.15822E-02
  8.96484E-01  2.13196E-02
  9.00391E-01  2.10570E-02
  9.04297E-01  2.07980E-02
  9.08203E-01  2.05442E-02
  9.12109E-01  2.02934E-02
  9.16016E-01  2.00480E-02
  9.19922E-01  1.98063E-02
  9.23828E-01  1.95692E-02
  9.27734E-01  1.93389E-02
  9.31641E-01  1.91126E-02
  9.35547E-01  1.88907E-02
  9.39453E-01  1.86741E-02
  9.43359E-01  1.84624E-02
  9.47266E-01  1.82538E-02
  9.51172E-01  1.80489E-02
  9.55078E-01  1.78472E-02
  9.58984E-01  1.76489E-02
  9.62891E-01  1.74540E-02
  9.66797E-01  1.72627E-02
  9.70703E-01  1.70743E-02
  9.74609E-01  1.68893E-02
  9.78516E-01  1.67076E-02
  9.82422E-01  1.65300E-02
  9.86328E-01  1.63575E-02
  9.90234E-01  1.61940E-02
  9.94141E-01  1.60711E-02
  9.98047E-01  1.59962E-02
  1.00195E+00  1.59962E-02
