 -1.95312E-03  2.62521E+00
  1.95312E-03  2.62524E+00
  5.85938E-03  2.62474E+00
  9.76562E-03  2.62423E+00
  1.36719E-02  2.62365E+00
  1.75781E-02  2.62298E+00
  2.14844E-02  2.62223E+00
  2.53906E-02  2.62140E+00
  2.92969E-02  2.62048E+00
  3.32031E-02  2.61948E+00
  3.71094E-02  2.61840E+00
  4.10156E-02  2.61723E+00
  4.49219E-02  2.61598E+00
  4.88281E-02  2.61465E+00
  5.27344E-02  2.61323E+00
  5.66406E-02  2.61174E+00
  6.05469E-02  2.61016E+00
  6.44531E-02  2.60851E+00
  6.83594E-02  2.60677E+00
  7.22656E-02  2.60496E+00
  7.61719E-02  2.60307E+00
  8.00781E-02  2.60109E+00
  8.39844E-02  2.59904E+00
  8.78906E-02  2.59691E+00
  9.17969E-02  2.59470E+00
  9.57031E-02  2.59241E+00
  9.96094E-02  2.59005E+00
  1.03516E-01  2.58761E+00
  1.07422E-01  2.58510E+00
  1.11328E-01  2.58250E+00
  1.15234E-01  2.57984E+00
  1.19141E-01  2.57709E+00
  1.23047E-01  2.57427E+00
  1.26953E-01  2.57138E+00
  1.30859E-01  2.56841E+00
  1.34766E-01  2.56536E+00
  1.38672E-01  2.56224E+00
  1.42578E-01  2.55905E+00
  1.46484E-01  2.55578E+00
  1.50391E-01  2.55244E+00
  1.54297E-01  2.54903E+00
  1.58203E-01  2.54554E+00
  1.62109E-01  2.54198E+00
  1.66016E-01  2.53834E+00
  1.69922E-01  2.53463E+00
  1.73828E-01  2.53085E+00
  1.77734E-01  2.52699E+00
  1.81641E-01  2.52307E+00
  1.85547E-01  2.51906E+00
  1.89453E-01  2.51499E+00
  1.93359E-01  2.51084E+00
  1.97266E-01  2.50662E+00
  2.01172E-01  2.50233E+00
  2.05078E-01  2.49797E+00
  2.08984E-01  2.49353E+00
  2.12891E-01  2.48902E+00
  2.16797E-01  2.48444E+00
  2.20703E-01  2.47979E+00
  2.24609E-01  2.47506E+00
  2.28516E-01  2.47026E+00
  2.32422E-01  2.46539E+00
  2.36328E-01  2.46045E+00
  2.40234E-01  2.45543E+00
  2.44141E-01  2.45034E+00
  2.48047E-01  2.44518E+00
  2.51953E-01  2.43994E+00
  2.55859E-01  2.43464E+00
  2.59766E-01  2.42926E+00
  2.63672E-01  2.42381E+00
  2.67578E-01  2.41828E+00
  2.71484E-01  2.41268E+00
  2.75391E-01  2.40701E+00
  2.79297E-01  2.40127E+00
  2.83203E-01  2.39545E+00
  2.87109E-01  2.38956E+00
  2.91016E-01  2.38359E+00
  2.94922E-01  2.37755E+00
  2.98828E-01  2.37144E+00
  3.02734E-01  2.36525E+00
  3.06641E-01  2.35899E+00
  3.10547E-01  2.35265E+00
  3.14453E-01  2.34624E+00
  3.18359E-01  2.33975E+00
  3.22266E-01  2.33318E+00
  3.26172E-01  2.32654E+00
  3.30078E-01  2.31982E+00
  3.33984E-01  2.31303E+00
  3.37891E-01  2.30616E+00
  3.41797E-01  2.29920E+00
  3.45703E-01  2.29218E+00
  3.49609E-01  2.28507E+00
  3.53516E-01  2.27789E+00
  3.57422E-01  2.27062E+00
  3.61328E-01  2.26328E+00
  3.65234E-01  2.25586E+00
  3.69141E-01  2.24836E+00
  3.73047E-01  2.24078E+00
  3.76953E-01  2.23312E+00
  3.80859E-01  2.22537E+00
  3.84766E-01  2.21754E+00
  3.88672E-01  2.20963E+00
  3.92578E-01  2.20164E+00
  3.96484E-01  2.19356E+00
  4.00391E-01  2.18539E+00
  4.04297E-01  2.17714E+00
  4.08203E-01  2.16880E+00
  4.12109E-01  2.16037E+00
  4.16016E-01  2.15185E+00
  4.19922E-01  2.14325E+00
  4.23828E-01  2.13455E+00
  4.27734E-01  2.12577E+00
  4.31641E-01  2.11690E+00
  4.35547E-01  2.10793E+00
  4.39453E-01  2.09887E+00
  4.43359E-01  2.08972E+00
  4.47266E-01  2.08048E+00
  4.51172E-01  2.07113E+00
  4.55078E-01  2.06170E+00
  4.58984E-01  2.05216E+00
  4.62891E-01  2.04252E+00
  4.66797E-01  2.03278E+00
  4.70703E-01  2.02294E+00
  4.74609E-01  2.01300E+00
  4.78516E-01  2.00295E+00
  4.82422E-01  1.99280E+00
  4.86328E-01  1.98253E+00
  4.90234E-01  1.97216E+00
  4.94141E-01  1.96168E+00
  4.98047E-01  1.95108E+00
  5.01953E-01  1.94036E+00
  5.05859E-01  1.92953E+00
  5.09766E-01  1.91857E+00
  5.13672E-01  1.90750E+00
  5.17578E-01  1.89630E+00
  5.21484E-01  1.88497E+00
  5.25391E-01  1.87352E+00
  5.29297E-01  1.86193E+00
  5.33203E-01  1.85022E+00
  5.37109E-01  1.83836E+00
  5.41016E-01  1.82637E+00
  5.44922E-01  1.81423E+00
  5.48828E-01  1.80195E+00
  5.52734E-01  1.78951E+00
  5.56641E-01  1.77693E+00
  5.60547E-01  1.76418E+00
  5.64453E-01  1.75127E+00
  5.68359E-01  1.73820E+00
  5.72266E-01  1.72495E+00
  5.76172E-01  1.71153E+00
  5.80078E-01  1.69793E+00
  5.83984E-01  1.68414E+00
  5.87891E-01  1.67016E+00
  5.91797E-01  1.65597E+00
  5.95703E-01  1.64159E+00
  5.99609E-01  1.62699E+00
  6.03516E-01  1.61217E+00
  6.07422E-01  1.59712E+00
  6.11328E-01  1.58182E+00
  6.15234E-01  1.56628E+00
  6.19141E-01  1.55048E+00
  6.23047E-01  1.53440E+00
  6.26953E-01  1.51805E+00
  6.30859E-01  1.50139E+00
  6.34766E-01  1.48442E+00
  6.38672E-01  1.46711E+00
  6.42578E-01  1.44946E+00
  6.46484E-01  1.43144E+00
  6.50391E-01  1.41302E+00
  6.54297E-01  1.39419E+00
  6.58203E-01  1.37492E+00
  6.62109E-01  1.35517E+00
  6.66016E-01  1.33492E+00
  6.69922E-01  1.31411E+00
  6.73828E-01  1.29272E+00
  6.77734E-01  1.27068E+00
  6.81641E-01  1.24795E+00
  6.85547E-01  1.22445E+00
  6.89453E-01  1.20012E+00
  6.93359E-01  1.17484E+00
  6.97266E-01  1.14852E+00
  7.01172E-01  1.12101E+00
  7.05078E-01  1.09214E+00
  7.08984E-01  1.06168E+00
  7.12891E-01  1.02935E+00
  7.16797E-01  9.94688E-01
  7.20703E-01  9.56501E-01
  7.24609E-01  9.07399E-01
  7.28516E-01  7.97893E-01
  7.32422E-01  1.34551E-02
  7.36328E-01  1.32618E-02
  7.40234E-01  1.30503E-02
  7.44141E-01  1.28523E-02
  7.48047E-01  1.26585E-02
  7.51953E-01  1.24701E-02
  7.55859E-01  1.22831E-02
  7.59766E-01  1.21004E-02
  7.63672E-01  1.19203E-02
  7.67578E-01  1.17455E-02
  7.71484E-01  1.15720E-02
  7.75391E-01  1.14031E-02
  7.79297E-01  1.12362E-02
  7.83203E-01  1.10740E-02
  7.87109E-01  1.09149E-02
  7.91016E-01  1.07581E-02
  7.94922E-01  1.06041E-02
  7.98828E-01  1.04532E-02
  8.02734E-01  1.03055E-02
  8.06641E-01  1.01601E-02
  8.10547E-01  1.00180E-02
  8.14453E-01  9.87826E-03
  8.18359E-01  9.74141E-03
  8.22266E-01  9.60665E-03
  8.26172E-01  9.47477E-03
  8.30078E-01  9.34473E-03
  8.33984E-01  9.21813E-03
  8.37891E-01  9.09279E-03
  8.41797E-01  8.97076E-03
  8.45703E-01  8.84962E-03
  8.49609E-01  8.73197E-03
  8.53516E-01  8.61515E-03
  8.57422E-01  8.50174E-03
  8.61328E-01  8.38934E-03
  8.65234E-01  8.27975E-03
  8.69141E-01  8.17103E-03
  8.73047E-01  8.06514E-03
  8.76953E-01  7.96055E-03
  8.80859E-01  7.85844E-03
  8.84766E-01  7.75741E-03
  8.88672E-01  7.65859E-03
  8.92578E-01  7.56114E-03
  8.96484E-01  7.46583E-03
  9.00391E-01  7.37162E-03
  9.04297E-01  7.27956E-03
  9.08203E-01  7.18843E-03
  9.12109E-01  7.09939E-03
  9.16016E-01  7.01145E-03
  9.19922E-01  6.92547E-03
  9.23828E-01  6.84023E-03
  9.27734E-01  6.75711E-03
  9.31641E-01  6.67471E-03
  9.35547E-01  6.59462E-03
  9.39453E-01  6.51480E-03
  9.43359E-01  6.43710E-03
  9.47266E-01  6.36030E-03
  9.51172E-01  6.28564E-03
  9.55078E-01  6.21104E-03
  9.58984E-01  6.13887E-03
  9.62891E-01  6.06768E-03
  9.66797E-01  5.99798E-03
  9.70703E-01  5.93011E-03
  9.74609E-01  5.86423E-03
  9.78516E-01  5.80038E-03
  9.82422E-01  5.73977E-03
  9.86328E-01  5.68302E-03
  9.90234E-01  5.63192E-03
  9.94141E-01  5.58774E-03
  9.98047E-01  5.56629E-03
  1.00195E+00  5.56629E-03
