 -1.95312E-03  2.62161E+00
  1.95312E-03  2.62164E+00
  5.85938E-03  2.62114E+00
  9.76562E-03  2.62063E+00
  1.36719E-02  2.62005E+00
  1.75781E-02  2.61938E+00
  2.14844E-02  2.61863E+00
  2.53906E-02  2.61780E+00
  2.92969E-02  2.61688E+00
  3.32031E-02  2.61587E+00
  3.71094E-02  2.61479E+00
  4.10156E-02  2.61362E+00
  4.49219E-02  2.61237E+00
  4.88281E-02  2.61103E+00
  5.27344E-02  2.60962E+00
  5.66406E-02  2.60812E+00
  6.05469E-02  2.60654E+00
  6.44531E-02  2.60488E+00
  6.83594E-02  2.60315E+00
  7.22656E-02  2.60133E+00
  7.61719E-02  2.59943E+00
  8.00781E-02  2.59745E+00
  8.39844E-02  2.59539E+00
  8.78906E-02  2.59326E+00
  9.17969E-02  2.59105E+00
  9.57031E-02  2.58876E+00
  9.96094E-02  2.58639E+00
  1.03516E-01  2.58395E+00
  1.07422E-01  2.58142E+00
  1.11328E-01  2.57883E+00
  1.15234E-01  2.57615E+00
  1.19141E-01  2.57340E+00
  1.23047E-01  2.57058E+00
  1.26953E-01  2.56768E+00
  1.30859E-01  2.56470E+00
  1.34766E-01  2.56165E+00
  1.38672E-01  2.55853E+00
  1.42578E-01  2.55532E+00
  1.46484E-01  2.55205E+00
  1.50391E-01  2.54870E+00
  1.54297E-01  2.54528E+00
  1.58203E-01  2.54178E+00
  1.62109E-01  2.53821E+00
  1.66016E-01  2.53457E+00
  1.69922E-01  2.53085E+00
  1.73828E-01  2.52706E+00
  1.77734E-01  2.52319E+00
  1.81641E-01  2.51925E+00
  1.85547E-01  2.51524E+00
  1.89453E-01  2.51116E+00
  1.93359E-01  2.50700E+00
  1.97266E-01  2.50278E+00
  2.01172E-01  2.49847E+00
  2.05078E-01  2.49410E+00
  2.08984E-01  2.48965E+00
  2.12891E-01  2.48513E+00
  2.16797E-01  2.48054E+00
  2.20703E-01  2.47588E+00
  2.24609E-01  2.47114E+00
  2.28516E-01  2.46633E+00
  2.32422E-01  2.46145E+00
  2.36328E-01  2.45650E+00
  2.40234E-01  2.45147E+00
  2.44141E-01  2.44637E+00
  2.48047E-01  2.44119E+00
  2.51953E-01  2.43594E+00
  2.55859E-01  2.43062E+00
  2.59766E-01  2.42523E+00
  2.63672E-01  2.41977E+00
  2.67578E-01  2.41423E+00
  2.71484E-01  2.40861E+00
  2.75391E-01  2.40293E+00
  2.79297E-01  2.39717E+00
  2.83203E-01  2.39133E+00
  2.87109E-01  2.38542E+00
  2.91016E-01  2.37944E+00
  2.94922E-01  2.37338E+00
  2.98828E-01  2.36725E+00
  3.02734E-01  2.36105E+00
  3.06641E-01  2.35477E+00
  3.10547E-01  2.34842E+00
  3.14453E-01  2.34199E+00
  3.18359E-01  2.33548E+00
  3.22266E-01  2.32890E+00
  3.26172E-01  2.32224E+00
  3.30078E-01  2.31550E+00
  3.33984E-01  2.30869E+00
  3.37891E-01  2.30180E+00
  3.41797E-01  2.29483E+00
  3.45703E-01  2.28778E+00
  3.49609E-01  2.28066E+00
  3.53516E-01  2.27346E+00
  3.57422E-01  2.26617E+00
  3.61328E-01  2.25881E+00
  3.65234E-01  2.25137E+00
  3.69141E-01  2.24385E+00
  3.73047E-01  2.23625E+00
  3.76953E-01  2.22856E+00
  3.80859E-01  2.22079E+00
  3.84766E-01  2.21294E+00
  3.88672E-01  2.20501E+00
  3.92578E-01  2.19699E+00
  3.96484E-01  2.18888E+00
  4.00391E-01  2.18069E+00
  4.04297E-01  2.17242E+00
  4.08203E-01  2.16405E+00
  4.12109E-01  2.15560E+00
  4.16016E-01  2.14706E+00
  4.19922E-01  2.13842E+00
  4.23828E-01  2.12970E+00
  4.27734E-01  2.12089E+00
  4.31641E-01  2.11199E+00
  4.35547E-01  2.10299E+00
  4.39453E-01  2.09390E+00
  4.43359E-01  2.08472E+00
  4.47266E-01  2.07544E+00
  4.51172E-01  2.06607E+00
  4.55078E-01  2.05660E+00
  4.58984E-01  2.04703E+00
  4.62891E-01  2.03735E+00
  4.66797E-01  2.02758E+00
  4.70703E-01  2.01770E+00
  4.74609E-01  2.00772E+00
  4.78516E-01  1.99763E+00
  4.82422E-01  1.98744E+00
  4.86328E-01  1.97713E+00
  4.90234E-01  1.96672E+00
  4.94141E-01  1.95619E+00
  4.98047E-01  1.94554E+00
  5.01953E-01  1.93478E+00
  5.05859E-01  1.92390E+00
  5.09766E-01  1.91290E+00
  5.13672E-01  1.90178E+00
  5.17578E-01  1.89053E+00
  5.21484E-01  1.87916E+00
  5.25391E-01  1.86765E+00
  5.29297E-01  1.85601E+00
  5.33203E-01  1.84424E+00
  5.37109E-01  1.83233E+00
  5.41016E-01  1.82028E+00
  5.44922E-01  1.80809E+00
  5.48828E-01  1.79575E+00
  5.52734E-01  1.78326E+00
  5.56641E-01  1.77061E+00
  5.60547E-01  1.75780E+00
  5.64453E-01  1.74484E+00
  5.68359E-01  1.73170E+00
  5.72266E-01  1.71839E+00
  5.76172E-01  1.70490E+00
  5.80078E-01  1.69124E+00
  5.83984E-01  1.67738E+00
  5.87891E-01  1.66333E+00
  5.91797E-01  1.64907E+00
  5.95703E-01  1.63461E+00
  5.99609E-01  1.61994E+00
  6.03516E-01  1.60504E+00
  6.07422E-01  1.58990E+00
  6.11328E-01  1.57453E+00
  6.15234E-01  1.55891E+00
  6.19141E-01  1.54302E+00
  6.23047E-01  1.52686E+00
  6.26953E-01  1.51042E+00
  6.30859E-01  1.49368E+00
  6.34766E-01  1.47662E+00
  6.38672E-01  1.45924E+00
  6.42578E-01  1.44150E+00
  6.46484E-01  1.42340E+00
  6.50391E-01  1.40492E+00
  6.54297E-01  1.38601E+00
  6.58203E-01  1.36667E+00
  6.62109E-01  1.34687E+00
  6.66016E-01  1.32655E+00
  6.69922E-01  1.30570E+00
  6.73828E-01  1.28427E+00
  6.77734E-01  1.26220E+00
  6.81641E-01  1.23945E+00
  6.85547E-01  1.21594E+00
  6.89453E-01  1.19161E+00
  6.93359E-01  1.16635E+00
  6.97266E-01  1.14006E+00
  7.01172E-01  1.11262E+00
  7.05078E-01  1.08384E+00
  7.08984E-01  1.05353E+00
  7.12891E-01  1.02140E+00
  7.16797E-01  9.87036E-01
  7.20703E-01  9.49288E-01
  7.24609E-01  9.01062E-01
  7.28516E-01  7.94094E-01
  7.32422E-01  4.23163E-02
  7.36328E-01  4.08705E-02
  7.40234E-01  4.04087E-02
  7.44141E-01  3.98016E-02
  7.48047E-01  3.92129E-02
  7.51953E-01  3.86327E-02
  7.55859E-01  3.80672E-02
  7.59766E-01  3.75079E-02
  7.63672E-01  3.69710E-02
  7.67578E-01  3.64335E-02
  7.71484E-01  3.59098E-02
  7.75391E-01  3.54019E-02
  7.79297E-01  3.49028E-02
  7.83203E-01  3.44066E-02
  7.87109E-01  3.39249E-02
  7.91016E-01  3.34449E-02
  7.94922E-01  3.29817E-02
  7.98828E-01  3.25250E-02
  8.02734E-01  3.20860E-02
  8.06641E-01  3.16554E-02
  8.10547E-01  3.12276E-02
  8.14453E-01  3.07999E-02
  8.18359E-01  3.03861E-02
  8.22266E-01  2.99761E-02
  8.26172E-01  2.95781E-02
  8.30078E-01  2.91816E-02
  8.33984E-01  2.87977E-02
  8.37891E-01  2.84207E-02
  8.41797E-01  2.80504E-02
  8.45703E-01  2.76809E-02
  8.49609E-01  2.73185E-02
  8.53516E-01  2.69659E-02
  8.57422E-01  2.66260E-02
  8.61328E-01  2.62847E-02
  8.65234E-01  2.59485E-02
  8.69141E-01  2.56156E-02
  8.73047E-01  2.52918E-02
  8.76953E-01  2.49748E-02
  8.80859E-01  2.46692E-02
  8.84766E-01  2.43654E-02
  8.88672E-01  2.40656E-02
  8.92578E-01  2.37671E-02
  8.96484E-01  2.34739E-02
  9.00391E-01  2.31892E-02
  9.04297E-01  2.29089E-02
  9.08203E-01  2.26347E-02
  9.12109E-01  2.23644E-02
  9.16016E-01  2.21012E-02
  9.19922E-01  2.18431E-02
  9.23828E-01  2.15889E-02
  9.27734E-01  2.13376E-02
  9.31641E-01  2.10872E-02
  9.35547E-01  2.08401E-02
  9.39453E-01  2.05968E-02
  9.43359E-01  2.03580E-02
  9.47266E-01  2.01230E-02
  9.51172E-01  1.98922E-02
  9.55078E-01  1.96654E-02
  9.58984E-01  1.94436E-02
  9.62891E-01  1.92276E-02
  9.66797E-01  1.90155E-02
  9.70703E-01  1.88068E-02
  9.74609E-01  1.86044E-02
  9.78516E-01  1.84059E-02
  9.82422E-01  1.82112E-02
  9.86328E-01  1.80215E-02
  9.90234E-01  1.78394E-02
  9.94141E-01  1.77072E-02
  9.98047E-01  1.76425E-02
  1.00195E+00  1.76425E-02
