 -1.95312E-03  2.62520E+00
  1.95312E-03  2.62523E+00
  5.85938E-03  2.62473E+00
  9.76562E-03  2.62422E+00
  1.36719E-02  2.62364E+00
  1.75781E-02  2.62297E+00
  2.14844E-02  2.62222E+00
  2.53906E-02  2.62139E+00
  2.92969E-02  2.62047E+00
  3.32031E-02  2.61947E+00
  3.71094E-02  2.61839E+00
  4.10156E-02  2.61722E+00
  4.49219E-02  2.61597E+00
  4.88281E-02  2.61464E+00
  5.27344E-02  2.61322E+00
  5.66406E-02  2.61173E+00
  6.05469E-02  2.61015E+00
  6.44531E-02  2.60850E+00
  6.83594E-02  2.60676E+00
  7.22656E-02  2.60495E+00
  7.61719E-02  2.60305E+00
  8.00781E-02  2.60108E+00
  8.39844E-02  2.59903E+00
  8.78906E-02  2.59690E+00
  9.17969E-02  2.59469E+00
  9.57031E-02  2.59240E+00
  9.96094E-02  2.59004E+00
  1.03516E-01  2.58760E+00
  1.07422E-01  2.58508E+00
  1.11328E-01  2.58249E+00
  1.15234E-01  2.57982E+00
  1.19141E-01  2.57708E+00
  1.23047E-01  2.57426E+00
  1.26953E-01  2.57136E+00
  1.30859E-01  2.56840E+00
  1.34766E-01  2.56535E+00
  1.38672E-01  2.56223E+00
  1.42578E-01  2.55904E+00
  1.46484E-01  2.55577E+00
  1.50391E-01  2.55243E+00
  1.54297E-01  2.54902E+00
  1.58203E-01  2.54553E+00
  1.62109E-01  2.54197E+00
  1.66016E-01  2.53833E+00
  1.69922E-01  2.53462E+00
  1.73828E-01  2.53084E+00
  1.77734E-01  2.52698E+00
  1.81641E-01  2.52305E+00
  1.85547E-01  2.51905E+00
  1.89453E-01  2.51498E+00
  1.93359E-01  2.51083E+00
  1.97266E-01  2.50661E+00
  2.01172E-01  2.50232E+00
  2.05078E-01  2.49796E+00
  2.08984E-01  2.49352E+00
  2.12891E-01  2.48901E+00
  2.16797E-01  2.48443E+00
  2.20703E-01  2.47978E+00
  2.24609E-01  2.47505E+00
  2.28516E-01  2.47025E+00
  2.32422E-01  2.46538E+00
  2.36328E-01  2.46043E+00
  2.40234E-01  2.45542E+00
  2.44141E-01  2.45033E+00
  2.48047E-01  2.44517E+00
  2.51953E-01  2.43993E+00
  2.55859E-01  2.43463E+00
  2.59766E-01  2.42925E+00
  2.63672E-01  2.42380E+00
  2.67578E-01  2.41827E+00
  2.71484E-01  2.41267E+00
  2.75391E-01  2.40700E+00
  2.79297E-01  2.40126E+00
  2.83203E-01  2.39544E+00
  2.87109E-01  2.38955E+00
  2.91016E-01  2.38358E+00
  2.94922E-01  2.37754E+00
  2.98828E-01  2.37143E+00
  3.02734E-01  2.36524E+00
  3.06641E-01  2.35898E+00
  3.10547E-01  2.35264E+00
  3.14453E-01  2.34623E+00
  3.18359E-01  2.33974E+00
  3.22266E-01  2.33317E+00
  3.26172E-01  2.32653E+00
  3.30078E-01  2.31981E+00
  3.33984E-01  2.31302E+00
  3.37891E-01  2.30615E+00
  3.41797E-01  2.29920E+00
  3.45703E-01  2.29217E+00
  3.49609E-01  2.28506E+00
  3.53516E-01  2.27788E+00
  3.57422E-01  2.27061E+00
  3.61328E-01  2.26327E+00
  3.65234E-01  2.25585E+00
  3.69141E-01  2.24835E+00
  3.73047E-01  2.24077E+00
  3.76953E-01  2.23310E+00
  3.80859E-01  2.22536E+00
  3.84766E-01  2.21753E+00
  3.88672E-01  2.20962E+00
  3.92578E-01  2.20162E+00
  3.96484E-01  2.19354E+00
  4.00391E-01  2.18538E+00
  4.04297E-01  2.17713E+00
  4.08203E-01  2.16879E+00
  4.12109E-01  2.16036E+00
  4.16016E-01  2.15184E+00
  4.19922E-01  2.14324E+00
  4.23828E-01  2.13454E+00
  4.27734E-01  2.12576E+00
  4.31641E-01  2.11689E+00
  4.35547E-01  2.10792E+00
  4.39453E-01  2.09886E+00
  4.43359E-01  2.08971E+00
  4.47266E-01  2.08047E+00
  4.51172E-01  2.07112E+00
  4.55078E-01  2.06168E+00
  4.58984E-01  2.05215E+00
  4.62891E-01  2.04251E+00
  4.66797E-01  2.03277E+00
  4.70703E-01  2.02293E+00
  4.74609E-01  2.01299E+00
  4.78516E-01  2.00294E+00
  4.82422E-01  1.99279E+00
  4.86328E-01  1.98253E+00
  4.90234E-01  1.97215E+00
  4.94141E-01  1.96167E+00
  4.98047E-01  1.95107E+00
  5.01953E-01  1.94035E+00
  5.05859E-01  1.92952E+00
  5.09766E-01  1.91857E+00
  5.13672E-01  1.90749E+00
  5.17578E-01  1.89629E+00
  5.21484E-01  1.88496E+00
  5.25391E-01  1.87351E+00
  5.29297E-01  1.86193E+00
  5.33203E-01  1.85021E+00
  5.37109E-01  1.83835E+00
  5.41016E-01  1.82636E+00
  5.44922E-01  1.81422E+00
  5.48828E-01  1.80194E+00
  5.52734E-01  1.78951E+00
  5.56641E-01  1.77692E+00
  5.60547E-01  1.76417E+00
  5.64453E-01  1.75127E+00
  5.68359E-01  1.73819E+00
  5.72266E-01  1.72494E+00
  5.76172E-01  1.71152E+00
  5.80078E-01  1.69792E+00
  5.83984E-01  1.68413E+00
  5.87891E-01  1.67015E+00
  5.91797E-01  1.65597E+00
  5.95703E-01  1.64158E+00
  5.99609E-01  1.62698E+00
  6.03516E-01  1.61216E+00
  6.07422E-01  1.59711E+00
  6.11328E-01  1.58182E+00
  6.15234E-01  1.56628E+00
  6.19141E-01  1.55048E+00
  6.23047E-01  1.53440E+00
  6.26953E-01  1.51804E+00
  6.30859E-01  1.50139E+00
  6.34766E-01  1.48442E+00
  6.38672E-01  1.46712E+00
  6.42578E-01  1.44947E+00
  6.46484E-01  1.43145E+00
  6.50391E-01  1.41304E+00
  6.54297E-01  1.39421E+00
  6.58203E-01  1.37494E+00
  6.62109E-01  1.35520E+00
  6.66016E-01  1.33495E+00
  6.69922E-01  1.31415E+00
  6.73828E-01  1.29275E+00
  6.77734E-01  1.27072E+00
  6.81641E-01  1.24799E+00
  6.85547E-01  1.22450E+00
  6.89453E-01  1.20017E+00
  6.93359E-01  1.17490E+00
  6.97266E-01  1.14859E+00
  7.01172E-01  1.12109E+00
  7.05078E-01  1.09223E+00
  7.08984E-01  1.06178E+00
  7.12891E-01  1.02946E+00
  7.16797E-01  9.94823E-01
  7.20703E-01  9.56667E-01
  7.24609E-01  9.07626E-01
  7.28516E-01  7.98306E-01
  7.32422E-01  1.37298E-02
  7.36328E-01  1.35319E-02
  7.40234E-01  1.33137E-02
  7.44141E-01  1.31035E-02
  7.48047E-01  1.29034E-02
  7.51953E-01  1.27113E-02
  7.55859E-01  1.25213E-02
  7.59766E-01  1.23358E-02
  7.63672E-01  1.21520E-02
  7.67578E-01  1.19740E-02
  7.71484E-01  1.17976E-02
  7.75391E-01  1.16255E-02
  7.79297E-01  1.14556E-02
  7.83203E-01  1.12897E-02
  7.87109E-01  1.11277E-02
  7.91016E-01  1.09682E-02
  7.94922E-01  1.08114E-02
  7.98828E-01  1.06576E-02
  8.02734E-01  1.05070E-02
  8.06641E-01  1.03587E-02
  8.10547E-01  1.02140E-02
  8.14453E-01  1.00715E-02
  8.18359E-01  9.93202E-03
  8.22266E-01  9.79459E-03
  8.26172E-01  9.66035E-03
  8.30078E-01  9.52788E-03
  8.33984E-01  9.39883E-03
  8.37891E-01  9.27105E-03
  8.41797E-01  9.14672E-03
  8.45703E-01  9.02324E-03
  8.49609E-01  8.90328E-03
  8.53516E-01  8.78419E-03
  8.57422E-01  8.66845E-03
  8.61328E-01  8.55392E-03
  8.65234E-01  8.44232E-03
  8.69141E-01  8.33167E-03
  8.73047E-01  8.22365E-03
  8.76953E-01  8.11701E-03
  8.80859E-01  8.01311E-03
  8.84766E-01  7.91004E-03
  8.88672E-01  7.80929E-03
  8.92578E-01  7.70988E-03
  8.96484E-01  7.61275E-03
  9.00391E-01  7.51679E-03
  9.04297E-01  7.42290E-03
  9.08203E-01  7.33008E-03
  9.12109E-01  7.23930E-03
  9.16016E-01  7.14960E-03
  9.19922E-01  7.06207E-03
  9.23828E-01  6.97513E-03
  9.27734E-01  6.89045E-03
  9.31641E-01  6.80638E-03
  9.35547E-01  6.72478E-03
  9.39453E-01  6.64351E-03
  9.43359E-01  6.56420E-03
  9.47266E-01  6.48591E-03
  9.51172E-01  6.40979E-03
  9.55078E-01  6.33379E-03
  9.58984E-01  6.26016E-03
  9.62891E-01  6.18759E-03
  9.66797E-01  6.11647E-03
  9.70703E-01  6.04723E-03
  9.74609E-01  5.98001E-03
  9.78516E-01  5.91482E-03
  9.82422E-01  5.85293E-03
  9.86328E-01  5.79498E-03
  9.90234E-01  5.74290E-03
  9.94141E-01  5.69804E-03
  9.98047E-01  5.67620E-03
  1.00195E+00  5.67620E-03
