 -1.95312E-03  2.62244E+00
  1.95312E-03  2.62247E+00
  5.85938E-03  2.62197E+00
  9.76562E-03  2.62146E+00
  1.36719E-02  2.62088E+00
  1.75781E-02  2.62021E+00
  2.14844E-02  2.61946E+00
  2.53906E-02  2.61863E+00
  2.92969E-02  2.61771E+00
  3.32031E-02  2.61670E+00
  3.71094E-02  2.61562E+00
  4.10156E-02  2.61445E+00
  4.49219E-02  2.61320E+00
  4.88281E-02  2.61186E+00
  5.27344E-02  2.61045E+00
  5.66406E-02  2.60895E+00
  6.05469E-02  2.60737E+00
  6.44531E-02  2.60571E+00
  6.83594E-02  2.60398E+00
  7.22656E-02  2.60216E+00
  7.61719E-02  2.60026E+00
  8.00781E-02  2.59828E+00
  8.39844E-02  2.59623E+00
  8.78906E-02  2.59409E+00
  9.17969E-02  2.59188E+00
  9.57031E-02  2.58959E+00
  9.96094E-02  2.58722E+00
  1.03516E-01  2.58478E+00
  1.07422E-01  2.58226E+00
  1.11328E-01  2.57966E+00
  1.15234E-01  2.57699E+00
  1.19141E-01  2.57424E+00
  1.23047E-01  2.57142E+00
  1.26953E-01  2.56851E+00
  1.30859E-01  2.56554E+00
  1.34766E-01  2.56249E+00
  1.38672E-01  2.55936E+00
  1.42578E-01  2.55616E+00
  1.46484E-01  2.55289E+00
  1.50391E-01  2.54954E+00
  1.54297E-01  2.54612E+00
  1.58203E-01  2.54262E+00
  1.62109E-01  2.53906E+00
  1.66016E-01  2.53541E+00
  1.69922E-01  2.53170E+00
  1.73828E-01  2.52791E+00
  1.77734E-01  2.52404E+00
  1.81641E-01  2.52011E+00
  1.85547E-01  2.51610E+00
  1.89453E-01  2.51202E+00
  1.93359E-01  2.50786E+00
  1.97266E-01  2.50363E+00
  2.01172E-01  2.49934E+00
  2.05078E-01  2.49496E+00
  2.08984E-01  2.49052E+00
  2.12891E-01  2.48600E+00
  2.16797E-01  2.48141E+00
  2.20703E-01  2.47674E+00
  2.24609E-01  2.47201E+00
  2.28516E-01  2.46720E+00
  2.32422E-01  2.46232E+00
  2.36328E-01  2.45737E+00
  2.40234E-01  2.45234E+00
  2.44141E-01  2.44724E+00
  2.48047E-01  2.44207E+00
  2.51953E-01  2.43683E+00
  2.55859E-01  2.43151E+00
  2.59766E-01  2.42612E+00
  2.63672E-01  2.42066E+00
  2.67578E-01  2.41512E+00
  2.71484E-01  2.40951E+00
  2.75391E-01  2.40383E+00
  2.79297E-01  2.39807E+00
  2.83203E-01  2.39224E+00
  2.87109E-01  2.38633E+00
  2.91016E-01  2.38035E+00
  2.94922E-01  2.37430E+00
  2.98828E-01  2.36817E+00
  3.02734E-01  2.36197E+00
  3.06641E-01  2.35570E+00
  3.10547E-01  2.34934E+00
  3.14453E-01  2.34292E+00
  3.18359E-01  2.33642E+00
  3.22266E-01  2.32984E+00
  3.26172E-01  2.32318E+00
  3.30078E-01  2.31645E+00
  3.33984E-01  2.30964E+00
  3.37891E-01  2.30275E+00
  3.41797E-01  2.29579E+00
  3.45703E-01  2.28874E+00
  3.49609E-01  2.28162E+00
  3.53516E-01  2.27442E+00
  3.57422E-01  2.26714E+00
  3.61328E-01  2.25978E+00
  3.65234E-01  2.25235E+00
  3.69141E-01  2.24483E+00
  3.73047E-01  2.23723E+00
  3.76953E-01  2.22955E+00
  3.80859E-01  2.22179E+00
  3.84766E-01  2.21394E+00
  3.88672E-01  2.20601E+00
  3.92578E-01  2.19799E+00
  3.96484E-01  2.18989E+00
  4.00391E-01  2.18171E+00
  4.04297E-01  2.17344E+00
  4.08203E-01  2.16508E+00
  4.12109E-01  2.15663E+00
  4.16016E-01  2.14809E+00
  4.19922E-01  2.13946E+00
  4.23828E-01  2.13074E+00
  4.27734E-01  2.12194E+00
  4.31641E-01  2.11304E+00
  4.35547E-01  2.10405E+00
  4.39453E-01  2.09497E+00
  4.43359E-01  2.08579E+00
  4.47266E-01  2.07652E+00
  4.51172E-01  2.06715E+00
  4.55078E-01  2.05768E+00
  4.58984E-01  2.04812E+00
  4.62891E-01  2.03845E+00
  4.66797E-01  2.02868E+00
  4.70703E-01  2.01881E+00
  4.74609E-01  2.00884E+00
  4.78516E-01  1.99876E+00
  4.82422E-01  1.98857E+00
  4.86328E-01  1.97828E+00
  4.90234E-01  1.96787E+00
  4.94141E-01  1.95735E+00
  4.98047E-01  1.94671E+00
  5.01953E-01  1.93596E+00
  5.05859E-01  1.92509E+00
  5.09766E-01  1.91410E+00
  5.13672E-01  1.90299E+00
  5.17578E-01  1.89175E+00
  5.21484E-01  1.88039E+00
  5.25391E-01  1.86890E+00
  5.29297E-01  1.85727E+00
  5.33203E-01  1.84551E+00
  5.37109E-01  1.83362E+00
  5.41016E-01  1.82158E+00
  5.44922E-01  1.80940E+00
  5.48828E-01  1.79707E+00
  5.52734E-01  1.78459E+00
  5.56641E-01  1.77196E+00
  5.60547E-01  1.75917E+00
  5.64453E-01  1.74621E+00
  5.68359E-01  1.73309E+00
  5.72266E-01  1.71980E+00
  5.76172E-01  1.70633E+00
  5.80078E-01  1.69267E+00
  5.83984E-01  1.67883E+00
  5.87891E-01  1.66480E+00
  5.91797E-01  1.65056E+00
  5.95703E-01  1.63612E+00
  5.99609E-01  1.62146E+00
  6.03516E-01  1.60658E+00
  6.07422E-01  1.59147E+00
  6.11328E-01  1.57612E+00
  6.15234E-01  1.56052E+00
  6.19141E-01  1.54466E+00
  6.23047E-01  1.52852E+00
  6.26953E-01  1.51210E+00
  6.30859E-01  1.49539E+00
  6.34766E-01  1.47836E+00
  6.38672E-01  1.46100E+00
  6.42578E-01  1.44330E+00
  6.46484E-01  1.42523E+00
  6.50391E-01  1.40677E+00
  6.54297E-01  1.38790E+00
  6.58203E-01  1.36859E+00
  6.62109E-01  1.34882E+00
  6.66016E-01  1.32854E+00
  6.69922E-01  1.30773E+00
  6.73828E-01  1.28633E+00
  6.77734E-01  1.26431E+00
  6.81641E-01  1.24161E+00
  6.85547E-01  1.21815E+00
  6.89453E-01  1.19386E+00
  6.93359E-01  1.16866E+00
  6.97266E-01  1.14244E+00
  7.01172E-01  1.11506E+00
  7.05078E-01  1.08637E+00
  7.08984E-01  1.05615E+00
  7.12891E-01  1.02414E+00
  7.16797E-01  9.89896E-01
  7.20703E-01  9.52330E-01
  7.24609E-01  9.04499E-01
  7.28516E-01  7.98536E-01
  7.32422E-01  3.91087E-02
  7.36328E-01  3.78770E-02
  7.40234E-01  3.74495E-02
  7.44141E-01  3.68877E-02
  7.48047E-01  3.63402E-02
  7.51953E-01  3.57996E-02
  7.55859E-01  3.52840E-02
  7.59766E-01  3.47650E-02
  7.63672E-01  3.42621E-02
  7.67578E-01  3.37612E-02
  7.71484E-01  3.32758E-02
  7.75391E-01  3.27965E-02
  7.79297E-01  3.23349E-02
  7.83203E-01  3.18874E-02
  7.87109E-01  3.14463E-02
  7.91016E-01  3.10032E-02
  7.94922E-01  3.05706E-02
  7.98828E-01  3.01449E-02
  8.02734E-01  2.97312E-02
  8.06641E-01  2.93208E-02
  8.10547E-01  2.89216E-02
  8.14453E-01  2.85311E-02
  8.18359E-01  2.81479E-02
  8.22266E-01  2.77646E-02
  8.26172E-01  2.73881E-02
  8.30078E-01  2.70205E-02
  8.33984E-01  2.66677E-02
  8.37891E-01  2.63158E-02
  8.41797E-01  2.59677E-02
  8.45703E-01  2.56224E-02
  8.49609E-01  2.52879E-02
  8.53516E-01  2.49609E-02
  8.57422E-01  2.46451E-02
  8.61328E-01  2.43314E-02
  8.65234E-01  2.40212E-02
  8.69141E-01  2.37117E-02
  8.73047E-01  2.34103E-02
  8.76953E-01  2.31158E-02
  8.80859E-01  2.28284E-02
  8.84766E-01  2.25444E-02
  8.88672E-01  2.22687E-02
  8.92578E-01  2.19977E-02
  8.96484E-01  2.17331E-02
  9.00391E-01  2.14714E-02
  9.04297E-01  2.12107E-02
  9.08203E-01  2.09523E-02
  9.12109E-01  2.06968E-02
  9.16016E-01  2.04466E-02
  9.19922E-01  2.02003E-02
  9.23828E-01  1.99584E-02
  9.27734E-01  1.97212E-02
  9.31641E-01  1.94880E-02
  9.35547E-01  1.92620E-02
  9.39453E-01  1.90392E-02
  9.43359E-01  1.88206E-02
  9.47266E-01  1.86080E-02
  9.51172E-01  1.83994E-02
  9.55078E-01  1.81941E-02
  9.58984E-01  1.79924E-02
  9.62891E-01  1.77942E-02
  9.66797E-01  1.75991E-02
  9.70703E-01  1.74070E-02
  9.74609E-01  1.72189E-02
  9.78516E-01  1.70342E-02
  9.82422E-01  1.68532E-02
  9.86328E-01  1.66770E-02
  9.90234E-01  1.65104E-02
  9.94141E-01  1.63871E-02
  9.98047E-01  1.63104E-02
  1.00195E+00  1.63104E-02
