 -1.95312E-03  2.62435E+00
  1.95312E-03  2.62438E+00
  5.85938E-03  2.62388E+00
  9.76562E-03  2.62337E+00
  1.36719E-02  2.62279E+00
  1.75781E-02  2.62212E+00
  2.14844E-02  2.62137E+00
  2.53906E-02  2.62054E+00
  2.92969E-02  2.61962E+00
  3.32031E-02  2.61862E+00
  3.71094E-02  2.61753E+00
  4.10156E-02  2.61637E+00
  4.49219E-02  2.61512E+00
  4.88281E-02  2.61378E+00
  5.27344E-02  2.61237E+00
  5.66406E-02  2.61087E+00
  6.05469E-02  2.60930E+00
  6.44531E-02  2.60764E+00
  6.83594E-02  2.60591E+00
  7.22656E-02  2.60409E+00
  7.61719E-02  2.60219E+00
  8.00781E-02  2.60022E+00
  8.39844E-02  2.59817E+00
  8.78906E-02  2.59603E+00
  9.17969E-02  2.59383E+00
  9.57031E-02  2.59154E+00
  9.96094E-02  2.58918E+00
  1.03516E-01  2.58674E+00
  1.07422E-01  2.58422E+00
  1.11328E-01  2.58163E+00
  1.15234E-01  2.57896E+00
  1.19141E-01  2.57622E+00
  1.23047E-01  2.57340E+00
  1.26953E-01  2.57050E+00
  1.30859E-01  2.56753E+00
  1.34766E-01  2.56449E+00
  1.38672E-01  2.56137E+00
  1.42578E-01  2.55817E+00
  1.46484E-01  2.55491E+00
  1.50391E-01  2.55156E+00
  1.54297E-01  2.54815E+00
  1.58203E-01  2.54466E+00
  1.62109E-01  2.54109E+00
  1.66016E-01  2.53746E+00
  1.69922E-01  2.53375E+00
  1.73828E-01  2.52996E+00
  1.77734E-01  2.52611E+00
  1.81641E-01  2.52218E+00
  1.85547E-01  2.51818E+00
  1.89453E-01  2.51410E+00
  1.93359E-01  2.50995E+00
  1.97266E-01  2.50573E+00
  2.01172E-01  2.50144E+00
  2.05078E-01  2.49708E+00
  2.08984E-01  2.49264E+00
  2.12891E-01  2.48813E+00
  2.16797E-01  2.48354E+00
  2.20703E-01  2.47889E+00
  2.24609E-01  2.47416E+00
  2.28516E-01  2.46936E+00
  2.32422E-01  2.46449E+00
  2.36328E-01  2.45955E+00
  2.40234E-01  2.45453E+00
  2.44141E-01  2.44944E+00
  2.48047E-01  2.44428E+00
  2.51953E-01  2.43905E+00
  2.55859E-01  2.43374E+00
  2.59766E-01  2.42836E+00
  2.63672E-01  2.42291E+00
  2.67578E-01  2.41738E+00
  2.71484E-01  2.41178E+00
  2.75391E-01  2.40611E+00
  2.79297E-01  2.40036E+00
  2.83203E-01  2.39455E+00
  2.87109E-01  2.38865E+00
  2.91016E-01  2.38268E+00
  2.94922E-01  2.37664E+00
  2.98828E-01  2.37053E+00
  3.02734E-01  2.36434E+00
  3.06641E-01  2.35807E+00
  3.10547E-01  2.35174E+00
  3.14453E-01  2.34532E+00
  3.18359E-01  2.33883E+00
  3.22266E-01  2.33227E+00
  3.26172E-01  2.32563E+00
  3.30078E-01  2.31891E+00
  3.33984E-01  2.31211E+00
  3.37891E-01  2.30524E+00
  3.41797E-01  2.29829E+00
  3.45703E-01  2.29126E+00
  3.49609E-01  2.28416E+00
  3.53516E-01  2.27697E+00
  3.57422E-01  2.26971E+00
  3.61328E-01  2.26237E+00
  3.65234E-01  2.25495E+00
  3.69141E-01  2.24744E+00
  3.73047E-01  2.23986E+00
  3.76953E-01  2.23220E+00
  3.80859E-01  2.22445E+00
  3.84766E-01  2.21663E+00
  3.88672E-01  2.20871E+00
  3.92578E-01  2.20072E+00
  3.96484E-01  2.19264E+00
  4.00391E-01  2.18447E+00
  4.04297E-01  2.17622E+00
  4.08203E-01  2.16788E+00
  4.12109E-01  2.15946E+00
  4.16016E-01  2.15094E+00
  4.19922E-01  2.14234E+00
  4.23828E-01  2.13364E+00
  4.27734E-01  2.12486E+00
  4.31641E-01  2.11599E+00
  4.35547E-01  2.10703E+00
  4.39453E-01  2.09797E+00
  4.43359E-01  2.08882E+00
  4.47266E-01  2.07958E+00
  4.51172E-01  2.07023E+00
  4.55078E-01  2.06080E+00
  4.58984E-01  2.05126E+00
  4.62891E-01  2.04163E+00
  4.66797E-01  2.03189E+00
  4.70703E-01  2.02205E+00
  4.74609E-01  2.01211E+00
  4.78516E-01  2.00206E+00
  4.82422E-01  1.99191E+00
  4.86328E-01  1.98165E+00
  4.90234E-01  1.97128E+00
  4.94141E-01  1.96079E+00
  4.98047E-01  1.95020E+00
  5.01953E-01  1.93948E+00
  5.05859E-01  1.92865E+00
  5.09766E-01  1.91770E+00
  5.13672E-01  1.90662E+00
  5.17578E-01  1.89542E+00
  5.21484E-01  1.88410E+00
  5.25391E-01  1.87265E+00
  5.29297E-01  1.86106E+00
  5.33203E-01  1.84934E+00
  5.37109E-01  1.83749E+00
  5.41016E-01  1.82550E+00
  5.44922E-01  1.81336E+00
  5.48828E-01  1.80108E+00
  5.52734E-01  1.78864E+00
  5.56641E-01  1.77606E+00
  5.60547E-01  1.76331E+00
  5.64453E-01  1.75040E+00
  5.68359E-01  1.73733E+00
  5.72266E-01  1.72408E+00
  5.76172E-01  1.71066E+00
  5.80078E-01  1.69706E+00
  5.83984E-01  1.68327E+00
  5.87891E-01  1.66929E+00
  5.91797E-01  1.65511E+00
  5.95703E-01  1.64073E+00
  5.99609E-01  1.62613E+00
  6.03516E-01  1.61131E+00
  6.07422E-01  1.59626E+00
  6.11328E-01  1.58097E+00
  6.15234E-01  1.56543E+00
  6.19141E-01  1.54964E+00
  6.23047E-01  1.53357E+00
  6.26953E-01  1.51722E+00
  6.30859E-01  1.50058E+00
  6.34766E-01  1.48363E+00
  6.38672E-01  1.46635E+00
  6.42578E-01  1.44873E+00
  6.46484E-01  1.43074E+00
  6.50391E-01  1.41237E+00
  6.54297E-01  1.39360E+00
  6.58203E-01  1.37439E+00
  6.62109E-01  1.35472E+00
  6.66016E-01  1.33455E+00
  6.69922E-01  1.31384E+00
  6.73828E-01  1.29256E+00
  6.77734E-01  1.27066E+00
  6.81641E-01  1.24807E+00
  6.85547E-01  1.22474E+00
  6.89453E-01  1.20060E+00
  6.93359E-01  1.17555E+00
  6.97266E-01  1.14949E+00
  7.01172E-01  1.12228E+00
  7.05078E-01  1.09378E+00
  7.08984E-01  1.06378E+00
  7.12891E-01  1.03200E+00
  7.16797E-01  9.98029E-01
  7.20703E-01  9.60828E-01
  7.24609E-01  9.13802E-01
  7.28516E-01  8.09826E-01
  7.32422E-01  2.70056E-02
  7.36328E-01  2.63967E-02
  7.40234E-01  2.60886E-02
  7.44141E-01  2.56834E-02
  7.48047E-01  2.52941E-02
  7.51953E-01  2.49182E-02
  7.55859E-01  2.45565E-02
  7.59766E-01  2.41913E-02
  7.63672E-01  2.38303E-02
  7.67578E-01  2.34743E-02
  7.71484E-01  2.31327E-02
  7.75391E-01  2.27981E-02
  7.79297E-01  2.24733E-02
  7.83203E-01  2.21575E-02
  7.87109E-01  2.18511E-02
  7.91016E-01  2.15468E-02
  7.94922E-01  2.12427E-02
  7.98828E-01  2.09385E-02
  8.02734E-01  2.06396E-02
  8.06641E-01  2.03453E-02
  8.10547E-01  2.00588E-02
  8.14453E-01  1.97775E-02
  8.18359E-01  1.95039E-02
  8.22266E-01  1.92385E-02
  8.26172E-01  1.89797E-02
  8.30078E-01  1.87279E-02
  8.33984E-01  1.84840E-02
  8.37891E-01  1.82430E-02
  8.41797E-01  1.80070E-02
  8.45703E-01  1.77738E-02
  8.49609E-01  1.75460E-02
  8.53516E-01  1.73210E-02
  8.57422E-01  1.71001E-02
  8.61328E-01  1.68823E-02
  8.65234E-01  1.66698E-02
  8.69141E-01  1.64595E-02
  8.73047E-01  1.62500E-02
  8.76953E-01  1.60409E-02
  8.80859E-01  1.58336E-02
  8.84766E-01  1.56293E-02
  8.88672E-01  1.54330E-02
  8.92578E-01  1.52400E-02
  8.96484E-01  1.50509E-02
  9.00391E-01  1.48645E-02
  9.04297E-01  1.46820E-02
  9.08203E-01  1.45021E-02
  9.12109E-01  1.43255E-02
  9.16016E-01  1.41513E-02
  9.19922E-01  1.39812E-02
  9.23828E-01  1.38126E-02
  9.27734E-01  1.36465E-02
  9.31641E-01  1.34817E-02
  9.35547E-01  1.33187E-02
  9.39453E-01  1.31591E-02
  9.43359E-01  1.30032E-02
  9.47266E-01  1.28515E-02
  9.51172E-01  1.27029E-02
  9.55078E-01  1.25564E-02
  9.58984E-01  1.24126E-02
  9.62891E-01  1.22707E-02
  9.66797E-01  1.21318E-02
  9.70703E-01  1.19953E-02
  9.74609E-01  1.18614E-02
  9.78516E-01  1.17304E-02
  9.82422E-01  1.16032E-02
  9.86328E-01  1.14818E-02
  9.90234E-01  1.13697E-02
  9.94141E-01  1.12900E-02
  9.98047E-01  1.12552E-02
  1.00195E+00  1.12552E-02
