 -1.95312E-03  2.62535E+00
  1.95312E-03  2.62537E+00
  5.85938E-03  2.62488E+00
  9.76562E-03  2.62437E+00
  1.36719E-02  2.62378E+00
  1.75781E-02  2.62312E+00
  2.14844E-02  2.62237E+00
  2.53906E-02  2.62153E+00
  2.92969E-02  2.62062E+00
  3.32031E-02  2.61962E+00
  3.71094E-02  2.61853E+00
  4.10156E-02  2.61736E+00
  4.49219E-02  2.61611E+00
  4.88281E-02  2.61478E+00
  5.27344E-02  2.61337E+00
  5.66406E-02  2.61188E+00
  6.05469E-02  2.61030E+00
  6.44531E-02  2.60865E+00
  6.83594E-02  2.60691E+00
  7.22656E-02  2.60510E+00
  7.61719E-02  2.60320E+00
  8.00781E-02  2.60123E+00
  8.39844E-02  2.59917E+00
  8.78906E-02  2.59704E+00
  9.17969E-02  2.59483E+00
  9.57031E-02  2.59255E+00
  9.96094E-02  2.59019E+00
  1.03516E-01  2.58775E+00
  1.07422E-01  2.58523E+00
  1.11328E-01  2.58264E+00
  1.15234E-01  2.57997E+00
  1.19141E-01  2.57723E+00
  1.23047E-01  2.57441E+00
  1.26953E-01  2.57151E+00
  1.30859E-01  2.56854E+00
  1.34766E-01  2.56550E+00
  1.38672E-01  2.56238E+00
  1.42578E-01  2.55918E+00
  1.46484E-01  2.55591E+00
  1.50391E-01  2.55257E+00
  1.54297E-01  2.54916E+00
  1.58203E-01  2.54567E+00
  1.62109E-01  2.54211E+00
  1.66016E-01  2.53847E+00
  1.69922E-01  2.53476E+00
  1.73828E-01  2.53098E+00
  1.77734E-01  2.52713E+00
  1.81641E-01  2.52320E+00
  1.85547E-01  2.51920E+00
  1.89453E-01  2.51512E+00
  1.93359E-01  2.51098E+00
  1.97266E-01  2.50676E+00
  2.01172E-01  2.50247E+00
  2.05078E-01  2.49811E+00
  2.08984E-01  2.49367E+00
  2.12891E-01  2.48916E+00
  2.16797E-01  2.48458E+00
  2.20703E-01  2.47993E+00
  2.24609E-01  2.47520E+00
  2.28516E-01  2.47040E+00
  2.32422E-01  2.46553E+00
  2.36328E-01  2.46059E+00
  2.40234E-01  2.45557E+00
  2.44141E-01  2.45048E+00
  2.48047E-01  2.44532E+00
  2.51953E-01  2.44009E+00
  2.55859E-01  2.43478E+00
  2.59766E-01  2.42940E+00
  2.63672E-01  2.42395E+00
  2.67578E-01  2.41842E+00
  2.71484E-01  2.41283E+00
  2.75391E-01  2.40716E+00
  2.79297E-01  2.40141E+00
  2.83203E-01  2.39559E+00
  2.87109E-01  2.38970E+00
  2.91016E-01  2.38373E+00
  2.94922E-01  2.37769E+00
  2.98828E-01  2.37158E+00
  3.02734E-01  2.36539E+00
  3.06641E-01  2.35913E+00
  3.10547E-01  2.35279E+00
  3.14453E-01  2.34638E+00
  3.18359E-01  2.33989E+00
  3.22266E-01  2.33332E+00
  3.26172E-01  2.32668E+00
  3.30078E-01  2.31996E+00
  3.33984E-01  2.31317E+00
  3.37891E-01  2.30630E+00
  3.41797E-01  2.29935E+00
  3.45703E-01  2.29232E+00
  3.49609E-01  2.28521E+00
  3.53516E-01  2.27803E+00
  3.57422E-01  2.27077E+00
  3.61328E-01  2.26343E+00
  3.65234E-01  2.25601E+00
  3.69141E-01  2.24851E+00
  3.73047E-01  2.24092E+00
  3.76953E-01  2.23326E+00
  3.80859E-01  2.22551E+00
  3.84766E-01  2.21769E+00
  3.88672E-01  2.20977E+00
  3.92578E-01  2.20178E+00
  3.96484E-01  2.19370E+00
  4.00391E-01  2.18553E+00
  4.04297E-01  2.17728E+00
  4.08203E-01  2.16894E+00
  4.12109E-01  2.16051E+00
  4.16016E-01  2.15200E+00
  4.19922E-01  2.14339E+00
  4.23828E-01  2.13470E+00
  4.27734E-01  2.12591E+00
  4.31641E-01  2.11704E+00
  4.35547E-01  2.10807E+00
  4.39453E-01  2.09902E+00
  4.43359E-01  2.08986E+00
  4.47266E-01  2.08062E+00
  4.51172E-01  2.07127E+00
  4.55078E-01  2.06183E+00
  4.58984E-01  2.05230E+00
  4.62891E-01  2.04266E+00
  4.66797E-01  2.03292E+00
  4.70703E-01  2.02308E+00
  4.74609E-01  2.01314E+00
  4.78516E-01  2.00309E+00
  4.82422E-01  1.99293E+00
  4.86328E-01  1.98267E+00
  4.90234E-01  1.97230E+00
  4.94141E-01  1.96181E+00
  4.98047E-01  1.95121E+00
  5.01953E-01  1.94049E+00
  5.05859E-01  1.92966E+00
  5.09766E-01  1.91870E+00
  5.13672E-01  1.90763E+00
  5.17578E-01  1.89643E+00
  5.21484E-01  1.88510E+00
  5.25391E-01  1.87364E+00
  5.29297E-01  1.86206E+00
  5.33203E-01  1.85034E+00
  5.37109E-01  1.83848E+00
  5.41016E-01  1.82648E+00
  5.44922E-01  1.81434E+00
  5.48828E-01  1.80205E+00
  5.52734E-01  1.78962E+00
  5.56641E-01  1.77703E+00
  5.60547E-01  1.76428E+00
  5.64453E-01  1.75137E+00
  5.68359E-01  1.73830E+00
  5.72266E-01  1.72505E+00
  5.76172E-01  1.71162E+00
  5.80078E-01  1.69802E+00
  5.83984E-01  1.68422E+00
  5.87891E-01  1.67023E+00
  5.91797E-01  1.65604E+00
  5.95703E-01  1.64165E+00
  5.99609E-01  1.62703E+00
  6.03516E-01  1.61219E+00
  6.07422E-01  1.59712E+00
  6.11328E-01  1.58180E+00
  6.15234E-01  1.56623E+00
  6.19141E-01  1.55040E+00
  6.23047E-01  1.53429E+00
  6.26953E-01  1.51789E+00
  6.30859E-01  1.50119E+00
  6.34766E-01  1.48417E+00
  6.38672E-01  1.46681E+00
  6.42578E-01  1.44910E+00
  6.46484E-01  1.43102E+00
  6.50391E-01  1.41255E+00
  6.54297E-01  1.39366E+00
  6.58203E-01  1.37432E+00
  6.62109E-01  1.35449E+00
  6.66016E-01  1.33416E+00
  6.69922E-01  1.31327E+00
  6.73828E-01  1.29179E+00
  6.77734E-01  1.26967E+00
  6.81641E-01  1.24684E+00
  6.85547E-01  1.22324E+00
  6.89453E-01  1.19879E+00
  6.93359E-01  1.17338E+00
  6.97266E-01  1.14691E+00
  7.01172E-01  1.11923E+00
  7.05078E-01  1.09016E+00
  7.08984E-01  1.05948E+00
  7.12891E-01  1.02688E+00
  7.16797E-01  9.91879E-01
  7.20703E-01  9.53197E-01
  7.24609E-01  9.03007E-01
  7.28516E-01  7.90625E-01
  7.32422E-01  1.02567E-02
  7.36328E-01  1.01229E-02
  7.40234E-01  9.96509E-03
  7.44141E-01  9.81424E-03
  7.48047E-01  9.66340E-03
  7.51953E-01  9.51822E-03
  7.55859E-01  9.37277E-03
  7.59766E-01  9.23286E-03
  7.63672E-01  9.09332E-03
  7.67578E-01  8.95960E-03
  7.71484E-01  8.82602E-03
  7.75391E-01  8.69755E-03
  7.79297E-01  8.56882E-03
  7.83203E-01  8.44491E-03
  7.87109E-01  8.32144E-03
  7.91016E-01  8.20233E-03
  7.94922E-01  8.08393E-03
  7.98828E-01  7.96920E-03
  8.02734E-01  7.85502E-03
  8.06641E-01  7.74505E-03
  8.10547E-01  7.63515E-03
  8.14453E-01  7.52860E-03
  8.18359E-01  7.42323E-03
  8.22266E-01  7.32035E-03
  8.26172E-01  7.21919E-03
  8.30078E-01  7.12003E-03
  8.33984E-01  7.02270E-03
  8.37891E-01  6.92683E-03
  8.41797E-01  6.83303E-03
  8.45703E-01  6.74063E-03
  8.49609E-01  6.65027E-03
  8.53516E-01  6.56132E-03
  8.57422E-01  6.47428E-03
  8.61328E-01  6.38815E-03
  8.65234E-01  6.30419E-03
  8.69141E-01  6.22097E-03
  8.73047E-01  6.14042E-03
  8.76953E-01  6.06007E-03
  8.80859E-01  5.98220E-03
  8.84766E-01  5.90443E-03
  8.88672E-01  5.82925E-03
  8.92578E-01  5.75429E-03
  8.96484E-01  5.68165E-03
  9.00391E-01  5.60932E-03
  9.04297E-01  5.53906E-03
  9.08203E-01  5.46916E-03
  9.12109E-01  5.40115E-03
  9.16016E-01  5.33377E-03
  9.19922E-01  5.26811E-03
  9.23828E-01  5.20301E-03
  9.27734E-01  5.13943E-03
  9.31641E-01  5.07640E-03
  9.35547E-01  5.01514E-03
  9.39453E-01  4.95443E-03
  9.43359E-01  4.89546E-03
  9.47266E-01  4.83647E-03
  9.51172E-01  4.77942E-03
  9.55078E-01  4.72300E-03
  9.58984E-01  4.66839E-03
  9.62891E-01  4.61384E-03
  9.66797E-01  4.56166E-03
  9.70703E-01  4.51040E-03
  9.74609E-01  4.46074E-03
  9.78516E-01  4.41292E-03
  9.82422E-01  4.36755E-03
  9.86328E-01  4.32481E-03
  9.90234E-01  4.28523E-03
  9.94141E-01  4.24995E-03
  9.98047E-01  4.23341E-03
  1.00195E+00  4.23341E-03
