 -1.95312E-03  2.62588E+00
  1.95312E-03  2.62591E+00
  5.85938E-03  2.62541E+00
  9.76562E-03  2.62490E+00
  1.36719E-02  2.62432E+00
  1.75781E-02  2.62365E+00
  2.14844E-02  2.62290E+00
  2.53906E-02  2.62207E+00
  2.92969E-02  2.62115E+00
  3.32031E-02  2.62015E+00
  3.71094E-02  2.61907E+00
  4.10156E-02  2.61790E+00
  4.49219E-02  2.61665E+00
  4.88281E-02  2.61532E+00
  5.27344E-02  2.61390E+00
  5.66406E-02  2.61241E+00
  6.05469E-02  2.61083E+00
  6.44531E-02  2.60918E+00
  6.83594E-02  2.60745E+00
  7.22656E-02  2.60563E+00
  7.61719E-02  2.60373E+00
  8.00781E-02  2.60176E+00
  8.39844E-02  2.59971E+00
  8.78906E-02  2.59758E+00
  9.17969E-02  2.59537E+00
  9.57031E-02  2.59308E+00
  9.96094E-02  2.59072E+00
  1.03516E-01  2.58828E+00
  1.07422E-01  2.58576E+00
  1.11328E-01  2.58317E+00
  1.15234E-01  2.58050E+00
  1.19141E-01  2.57776E+00
  1.23047E-01  2.57494E+00
  1.26953E-01  2.57204E+00
  1.30859E-01  2.56907E+00
  1.34766E-01  2.56603E+00
  1.38672E-01  2.56291E+00
  1.42578E-01  2.55971E+00
  1.46484E-01  2.55645E+00
  1.50391E-01  2.55311E+00
  1.54297E-01  2.54969E+00
  1.58203E-01  2.54620E+00
  1.62109E-01  2.54264E+00
  1.66016E-01  2.53900E+00
  1.69922E-01  2.53529E+00
  1.73828E-01  2.53151E+00
  1.77734E-01  2.52765E+00
  1.81641E-01  2.52372E+00
  1.85547E-01  2.51972E+00
  1.89453E-01  2.51565E+00
  1.93359E-01  2.51150E+00
  1.97266E-01  2.50728E+00
  2.01172E-01  2.50299E+00
  2.05078E-01  2.49863E+00
  2.08984E-01  2.49419E+00
  2.12891E-01  2.48968E+00
  2.16797E-01  2.48510E+00
  2.20703E-01  2.48045E+00
  2.24609E-01  2.47572E+00
  2.28516E-01  2.47092E+00
  2.32422E-01  2.46605E+00
  2.36328E-01  2.46111E+00
  2.40234E-01  2.45609E+00
  2.44141E-01  2.45100E+00
  2.48047E-01  2.44584E+00
  2.51953E-01  2.44060E+00
  2.55859E-01  2.43530E+00
  2.59766E-01  2.42992E+00
  2.63672E-01  2.42447E+00
  2.67578E-01  2.41894E+00
  2.71484E-01  2.41334E+00
  2.75391E-01  2.40767E+00
  2.79297E-01  2.40192E+00
  2.83203E-01  2.39610E+00
  2.87109E-01  2.39021E+00
  2.91016E-01  2.38424E+00
  2.94922E-01  2.37820E+00
  2.98828E-01  2.37208E+00
  3.02734E-01  2.36589E+00
  3.06641E-01  2.35963E+00
  3.10547E-01  2.35329E+00
  3.14453E-01  2.34688E+00
  3.18359E-01  2.34039E+00
  3.22266E-01  2.33383E+00
  3.26172E-01  2.32718E+00
  3.30078E-01  2.32046E+00
  3.33984E-01  2.31367E+00
  3.37891E-01  2.30679E+00
  3.41797E-01  2.29984E+00
  3.45703E-01  2.29281E+00
  3.49609E-01  2.28571E+00
  3.53516E-01  2.27853E+00
  3.57422E-01  2.27126E+00
  3.61328E-01  2.26392E+00
  3.65234E-01  2.25650E+00
  3.69141E-01  2.24900E+00
  3.73047E-01  2.24142E+00
  3.76953E-01  2.23375E+00
  3.80859E-01  2.22601E+00
  3.84766E-01  2.21818E+00
  3.88672E-01  2.21026E+00
  3.92578E-01  2.20227E+00
  3.96484E-01  2.19419E+00
  4.00391E-01  2.18602E+00
  4.04297E-01  2.17777E+00
  4.08203E-01  2.16942E+00
  4.12109E-01  2.16100E+00
  4.16016E-01  2.15248E+00
  4.19922E-01  2.14387E+00
  4.23828E-01  2.13518E+00
  4.27734E-01  2.12639E+00
  4.31641E-01  2.11751E+00
  4.35547E-01  2.10855E+00
  4.39453E-01  2.09948E+00
  4.43359E-01  2.09033E+00
  4.47266E-01  2.08108E+00
  4.51172E-01  2.07173E+00
  4.55078E-01  2.06229E+00
  4.58984E-01  2.05275E+00
  4.62891E-01  2.04311E+00
  4.66797E-01  2.03336E+00
  4.70703E-01  2.02351E+00
  4.74609E-01  2.01356E+00
  4.78516E-01  2.00351E+00
  4.82422E-01  1.99334E+00
  4.86328E-01  1.98307E+00
  4.90234E-01  1.97269E+00
  4.94141E-01  1.96219E+00
  4.98047E-01  1.95158E+00
  5.01953E-01  1.94085E+00
  5.05859E-01  1.93000E+00
  5.09766E-01  1.91903E+00
  5.13672E-01  1.90793E+00
  5.17578E-01  1.89671E+00
  5.21484E-01  1.88537E+00
  5.25391E-01  1.87389E+00
  5.29297E-01  1.86228E+00
  5.33203E-01  1.85053E+00
  5.37109E-01  1.83864E+00
  5.41016E-01  1.82662E+00
  5.44922E-01  1.81444E+00
  5.48828E-01  1.80212E+00
  5.52734E-01  1.78964E+00
  5.56641E-01  1.77701E+00
  5.60547E-01  1.76421E+00
  5.64453E-01  1.75125E+00
  5.68359E-01  1.73812E+00
  5.72266E-01  1.72482E+00
  5.76172E-01  1.71133E+00
  5.80078E-01  1.69765E+00
  5.83984E-01  1.68379E+00
  5.87891E-01  1.66972E+00
  5.91797E-01  1.65545E+00
  5.95703E-01  1.64097E+00
  5.99609E-01  1.62626E+00
  6.03516E-01  1.61133E+00
  6.07422E-01  1.59616E+00
  6.11328E-01  1.58075E+00
  6.15234E-01  1.56507E+00
  6.19141E-01  1.54913E+00
  6.23047E-01  1.53290E+00
  6.26953E-01  1.51638E+00
  6.30859E-01  1.49955E+00
  6.34766E-01  1.48240E+00
  6.38672E-01  1.46490E+00
  6.42578E-01  1.44704E+00
  6.46484E-01  1.42880E+00
  6.50391E-01  1.41015E+00
  6.54297E-01  1.39107E+00
  6.58203E-01  1.37153E+00
  6.62109E-01  1.35149E+00
  6.66016E-01  1.33093E+00
  6.69922E-01  1.30981E+00
  6.73828E-01  1.28806E+00
  6.77734E-01  1.26565E+00
  6.81641E-01  1.24251E+00
  6.85547E-01  1.21856E+00
  6.89453E-01  1.19372E+00
  6.93359E-01  1.16788E+00
  6.97266E-01  1.14092E+00
  7.01172E-01  1.11269E+00
  7.05078E-01  1.08298E+00
  7.08984E-01  1.05153E+00
  7.12891E-01  1.01802E+00
  7.16797E-01  9.81876E-01
  7.20703E-01  9.41495E-01
  7.24609E-01  8.87199E-01
  7.28516E-01  7.63740E-01
  7.32422E-01  3.06946E-03
  7.36328E-01  3.03288E-03
  7.40234E-01  2.98494E-03
  7.44141E-01  2.93899E-03
  7.48047E-01  2.89306E-03
  7.51953E-01  2.84907E-03
  7.55859E-01  2.80514E-03
  7.59766E-01  2.76288E-03
  7.63672E-01  2.72066E-03
  7.67578E-01  2.68003E-03
  7.71484E-01  2.63949E-03
  7.75391E-01  2.60052E-03
  7.79297E-01  2.56160E-03
  7.83203E-01  2.52419E-03
  7.87109E-01  2.48675E-03
  7.91016E-01  2.45077E-03
  7.94922E-01  2.41477E-03
  7.98828E-01  2.38015E-03
  8.02734E-01  2.34551E-03
  8.06641E-01  2.31229E-03
  8.10547E-01  2.27904E-03
  8.14453E-01  2.24703E-03
  8.18359E-01  2.21498E-03
  8.22266E-01  2.18411E-03
  8.26172E-01  2.15323E-03
  8.30078E-01  2.12357E-03
  8.33984E-01  2.09393E-03
  8.37891E-01  2.06541E-03
  8.41797E-01  2.03685E-03
  8.45703E-01  2.00931E-03
  8.49609E-01  1.98176E-03
  8.53516E-01  1.95520E-03
  8.57422E-01  1.92866E-03
  8.61328E-01  1.90310E-03
  8.65234E-01  1.87753E-03
  8.69141E-01  1.85289E-03
  8.73047E-01  1.82825E-03
  8.76953E-01  1.80455E-03
  8.80859E-01  1.78083E-03
  8.84766E-01  1.75797E-03
  8.88672E-01  1.73510E-03
  8.92578E-01  1.71302E-03
  8.96484E-01  1.69093E-03
  9.00391E-01  1.66961E-03
  9.04297E-01  1.64829E-03
  9.08203E-01  1.62778E-03
  9.12109E-01  1.60728E-03
  9.16016E-01  1.58758E-03
  9.19922E-01  1.56784E-03
  9.23828E-01  1.54884E-03
  9.27734E-01  1.52986E-03
  9.31641E-01  1.51153E-03
  9.35547E-01  1.49315E-03
  9.39453E-01  1.47546E-03
  9.43359E-01  1.45797E-03
  9.47266E-01  1.44079E-03
  9.51172E-01  1.42424E-03
  9.55078E-01  1.40771E-03
  9.58984E-01  1.39181E-03
  9.62891E-01  1.37586E-03
  9.66797E-01  1.36055E-03
  9.70703E-01  1.34523E-03
  9.74609E-01  1.33064E-03
  9.78516E-01  1.31602E-03
  9.82422E-01  1.30220E-03
  9.86328E-01  1.28835E-03
  9.90234E-01  1.27583E-03
  9.94141E-01  1.26516E-03
  9.98047E-01  1.26017E-03
  1.00195E+00  1.26017E-03
