 -1.95312E-03  2.62613E+00
  1.95312E-03  2.62616E+00
  5.85938E-03  2.62566E+00
  9.76562E-03  2.62515E+00
  1.36719E-02  2.62457E+00
  1.75781E-02  2.62390E+00
  2.14844E-02  2.62315E+00
  2.53906E-02  2.62232E+00
  2.92969E-02  2.62140E+00
  3.32031E-02  2.62040E+00
  3.71094E-02  2.61932E+00
  4.10156E-02  2.61815E+00
  4.49219E-02  2.61690E+00
  4.88281E-02  2.61557E+00
  5.27344E-02  2.61415E+00
  5.66406E-02  2.61266E+00
  6.05469E-02  2.61108E+00
  6.44531E-02  2.60943E+00
  6.83594E-02  2.60769E+00
  7.22656E-02  2.60588E+00
  7.61719E-02  2.60398E+00
  8.00781E-02  2.60201E+00
  8.39844E-02  2.59995E+00
  8.78906E-02  2.59782E+00
  9.17969E-02  2.59561E+00
  9.57031E-02  2.59333E+00
  9.96094E-02  2.59096E+00
  1.03516E-01  2.58852E+00
  1.07422E-01  2.58601E+00
  1.11328E-01  2.58341E+00
  1.15234E-01  2.58075E+00
  1.19141E-01  2.57800E+00
  1.23047E-01  2.57518E+00
  1.26953E-01  2.57229E+00
  1.30859E-01  2.56932E+00
  1.34766E-01  2.56627E+00
  1.38672E-01  2.56315E+00
  1.42578E-01  2.55996E+00
  1.46484E-01  2.55669E+00
  1.50391E-01  2.55335E+00
  1.54297E-01  2.54993E+00
  1.58203E-01  2.54644E+00
  1.62109E-01  2.54288E+00
  1.66016E-01  2.53924E+00
  1.69922E-01  2.53553E+00
  1.73828E-01  2.53175E+00
  1.77734E-01  2.52789E+00
  1.81641E-01  2.52396E+00
  1.85547E-01  2.51996E+00
  1.89453E-01  2.51589E+00
  1.93359E-01  2.51174E+00
  1.97266E-01  2.50752E+00
  2.01172E-01  2.50323E+00
  2.05078E-01  2.49886E+00
  2.08984E-01  2.49442E+00
  2.12891E-01  2.48992E+00
  2.16797E-01  2.48533E+00
  2.20703E-01  2.48068E+00
  2.24609E-01  2.47595E+00
  2.28516E-01  2.47115E+00
  2.32422E-01  2.46628E+00
  2.36328E-01  2.46134E+00
  2.40234E-01  2.45632E+00
  2.44141E-01  2.45123E+00
  2.48047E-01  2.44607E+00
  2.51953E-01  2.44083E+00
  2.55859E-01  2.43552E+00
  2.59766E-01  2.43014E+00
  2.63672E-01  2.42469E+00
  2.67578E-01  2.41917E+00
  2.71484E-01  2.41357E+00
  2.75391E-01  2.40790E+00
  2.79297E-01  2.40215E+00
  2.83203E-01  2.39633E+00
  2.87109E-01  2.39044E+00
  2.91016E-01  2.38447E+00
  2.94922E-01  2.37843E+00
  2.98828E-01  2.37231E+00
  3.02734E-01  2.36612E+00
  3.06641E-01  2.35986E+00
  3.10547E-01  2.35352E+00
  3.14453E-01  2.34711E+00
  3.18359E-01  2.34062E+00
  3.22266E-01  2.33405E+00
  3.26172E-01  2.32741E+00
  3.30078E-01  2.32069E+00
  3.33984E-01  2.31389E+00
  3.37891E-01  2.30702E+00
  3.41797E-01  2.30007E+00
  3.45703E-01  2.29304E+00
  3.49609E-01  2.28593E+00
  3.53516E-01  2.27875E+00
  3.57422E-01  2.27148E+00
  3.61328E-01  2.26414E+00
  3.65234E-01  2.25672E+00
  3.69141E-01  2.24922E+00
  3.73047E-01  2.24163E+00
  3.76953E-01  2.23396E+00
  3.80859E-01  2.22622E+00
  3.84766E-01  2.21839E+00
  3.88672E-01  2.21047E+00
  3.92578E-01  2.20248E+00
  3.96484E-01  2.19439E+00
  4.00391E-01  2.18622E+00
  4.04297E-01  2.17797E+00
  4.08203E-01  2.16963E+00
  4.12109E-01  2.16119E+00
  4.16016E-01  2.15267E+00
  4.19922E-01  2.14406E+00
  4.23828E-01  2.13536E+00
  4.27734E-01  2.12657E+00
  4.31641E-01  2.11769E+00
  4.35547E-01  2.10872E+00
  4.39453E-01  2.09965E+00
  4.43359E-01  2.09049E+00
  4.47266E-01  2.08124E+00
  4.51172E-01  2.07189E+00
  4.55078E-01  2.06244E+00
  4.58984E-01  2.05289E+00
  4.62891E-01  2.04324E+00
  4.66797E-01  2.03348E+00
  4.70703E-01  2.02363E+00
  4.74609E-01  2.01367E+00
  4.78516E-01  2.00360E+00
  4.82422E-01  1.99343E+00
  4.86328E-01  1.98315E+00
  4.90234E-01  1.97275E+00
  4.94141E-01  1.96224E+00
  4.98047E-01  1.95161E+00
  5.01953E-01  1.94087E+00
  5.05859E-01  1.93001E+00
  5.09766E-01  1.91903E+00
  5.13672E-01  1.90792E+00
  5.17578E-01  1.89669E+00
  5.21484E-01  1.88533E+00
  5.25391E-01  1.87384E+00
  5.29297E-01  1.86221E+00
  5.33203E-01  1.85045E+00
  5.37109E-01  1.83855E+00
  5.41016E-01  1.82650E+00
  5.44922E-01  1.81431E+00
  5.48828E-01  1.80197E+00
  5.52734E-01  1.78948E+00
  5.56641E-01  1.77683E+00
  5.60547E-01  1.76401E+00
  5.64453E-01  1.75103E+00
  5.68359E-01  1.73788E+00
  5.72266E-01  1.72456E+00
  5.76172E-01  1.71105E+00
  5.80078E-01  1.69736E+00
  5.83984E-01  1.68347E+00
  5.87891E-01  1.66938E+00
  5.91797E-01  1.65509E+00
  5.95703E-01  1.64058E+00
  5.99609E-01  1.62586E+00
  6.03516E-01  1.61090E+00
  6.07422E-01  1.59570E+00
  6.11328E-01  1.58025E+00
  6.15234E-01  1.56455E+00
  6.19141E-01  1.54857E+00
  6.23047E-01  1.53231E+00
  6.26953E-01  1.51576E+00
  6.30859E-01  1.49890E+00
  6.34766E-01  1.48170E+00
  6.38672E-01  1.46417E+00
  6.42578E-01  1.44626E+00
  6.46484E-01  1.42798E+00
  6.50391E-01  1.40928E+00
  6.54297E-01  1.39014E+00
  6.58203E-01  1.37055E+00
  6.62109E-01  1.35045E+00
  6.66016E-01  1.32983E+00
  6.69922E-01  1.30864E+00
  6.73828E-01  1.28682E+00
  6.77734E-01  1.26433E+00
  6.81641E-01  1.24110E+00
  6.85547E-01  1.21705E+00
  6.89453E-01  1.19210E+00
  6.93359E-01  1.16613E+00
  6.97266E-01  1.13902E+00
  7.01172E-01  1.11060E+00
  7.05078E-01  1.08068E+00
  7.08984E-01  1.04899E+00
  7.12891E-01  1.01518E+00
  7.16797E-01  9.78648E-01
  7.20703E-01  9.37663E-01
  7.24609E-01  8.81767E-01
  7.28516E-01  7.53916E-01
  7.32422E-01  1.15539E-03
  7.36328E-01  1.14171E-03
  7.40234E-01  1.12367E-03
  7.44141E-01  1.10638E-03
  7.48047E-01  1.08908E-03
  7.51953E-01  1.07251E-03
  7.55859E-01  1.05592E-03
  7.59766E-01  1.04000E-03
  7.63672E-01  1.02407E-03
  7.67578E-01  1.00879E-03
  7.71484E-01  9.93498E-04
  7.75391E-01  9.78842E-04
  7.79297E-01  9.64182E-04
  7.83203E-01  9.50097E-04
  7.87109E-01  9.36005E-04
  7.91016E-01  9.22484E-04
  7.94922E-01  9.08958E-04
  7.98828E-01  8.95982E-04
  8.02734E-01  8.82997E-04
  8.06641E-01  8.70527E-04
  8.10547E-01  8.58046E-04
  8.14453E-01  8.46045E-04
  8.18359E-01  8.34040E-04
  8.22266E-01  8.22482E-04
  8.26172E-01  8.10918E-04
  8.30078E-01  7.99800E-04
  8.33984E-01  7.88670E-04
  8.37891E-01  7.77961E-04
  8.41797E-01  7.67242E-04
  8.45703E-01  7.56915E-04
  8.49609E-01  7.46580E-04
  8.53516E-01  7.36632E-04
  8.57422E-01  7.26677E-04
  8.61328E-01  7.17109E-04
  8.65234E-01  7.07536E-04
  8.69141E-01  6.98323E-04
  8.73047E-01  6.89111E-04
  8.76953E-01  6.80227E-04
  8.80859E-01  6.71336E-04
  8.84766E-01  6.62778E-04
  8.88672E-01  6.54212E-04
  8.92578E-01  6.45954E-04
  8.96484E-01  6.37686E-04
  9.00391E-01  6.29704E-04
  9.04297E-01  6.21717E-04
  9.08203E-01  6.14001E-04
  9.12109E-01  6.06278E-04
  9.16016E-01  5.98828E-04
  9.19922E-01  5.91378E-04
  9.23828E-01  5.84204E-04
  9.27734E-01  5.77021E-04
  9.31641E-01  5.70092E-04
  9.35547E-01  5.63152E-04
  9.39453E-01  5.56451E-04
  9.43359E-01  5.49748E-04
  9.47266E-01  5.43295E-04
  9.51172E-01  5.36839E-04
  9.55078E-01  5.30611E-04
  9.58984E-01  5.24371E-04
  9.62891E-01  5.18366E-04
  9.66797E-01  5.12371E-04
  9.70703E-01  5.06663E-04
  9.74609E-01  5.00954E-04
  9.78516E-01  4.95443E-04
  9.82422E-01  4.90216E-04
  9.86328E-01  4.85057E-04
  9.90234E-01  4.80471E-04
  9.94141E-01  4.76365E-04
  9.98047E-01  4.74484E-04
  1.00195E+00  4.74484E-04
