 -1.95312E-03  2.62599E+00
  1.95312E-03  2.62602E+00
  5.85938E-03  2.62552E+00
  9.76562E-03  2.62501E+00
  1.36719E-02  2.62443E+00
  1.75781E-02  2.62376E+00
  2.14844E-02  2.62301E+00
  2.53906E-02  2.62218E+00
  2.92969E-02  2.62126E+00
  3.32031E-02  2.62026E+00
  3.71094E-02  2.61918E+00
  4.10156E-02  2.61801E+00
  4.49219E-02  2.61676E+00
  4.88281E-02  2.61543E+00
  5.27344E-02  2.61402E+00
  5.66406E-02  2.61252E+00
  6.05469E-02  2.61095E+00
  6.44531E-02  2.60929E+00
  6.83594E-02  2.60756E+00
  7.22656E-02  2.60574E+00
  7.61719E-02  2.60385E+00
  8.00781E-02  2.60187E+00
  8.39844E-02  2.59982E+00
  8.78906E-02  2.59769E+00
  9.17969E-02  2.59548E+00
  9.57031E-02  2.59319E+00
  9.96094E-02  2.59083E+00
  1.03516E-01  2.58839E+00
  1.07422E-01  2.58588E+00
  1.11328E-01  2.58328E+00
  1.15234E-01  2.58062E+00
  1.19141E-01  2.57787E+00
  1.23047E-01  2.57505E+00
  1.26953E-01  2.57215E+00
  1.30859E-01  2.56918E+00
  1.34766E-01  2.56614E+00
  1.38672E-01  2.56302E+00
  1.42578E-01  2.55983E+00
  1.46484E-01  2.55656E+00
  1.50391E-01  2.55322E+00
  1.54297E-01  2.54980E+00
  1.58203E-01  2.54631E+00
  1.62109E-01  2.54275E+00
  1.66016E-01  2.53911E+00
  1.69922E-01  2.53540E+00
  1.73828E-01  2.53162E+00
  1.77734E-01  2.52776E+00
  1.81641E-01  2.52383E+00
  1.85547E-01  2.51983E+00
  1.89453E-01  2.51576E+00
  1.93359E-01  2.51161E+00
  1.97266E-01  2.50739E+00
  2.01172E-01  2.50310E+00
  2.05078E-01  2.49873E+00
  2.08984E-01  2.49429E+00
  2.12891E-01  2.48979E+00
  2.16797E-01  2.48520E+00
  2.20703E-01  2.48055E+00
  2.24609E-01  2.47582E+00
  2.28516E-01  2.47102E+00
  2.32422E-01  2.46615E+00
  2.36328E-01  2.46121E+00
  2.40234E-01  2.45619E+00
  2.44141E-01  2.45110E+00
  2.48047E-01  2.44594E+00
  2.51953E-01  2.44070E+00
  2.55859E-01  2.43539E+00
  2.59766E-01  2.43001E+00
  2.63672E-01  2.42456E+00
  2.67578E-01  2.41904E+00
  2.71484E-01  2.41344E+00
  2.75391E-01  2.40777E+00
  2.79297E-01  2.40202E+00
  2.83203E-01  2.39620E+00
  2.87109E-01  2.39031E+00
  2.91016E-01  2.38434E+00
  2.94922E-01  2.37830E+00
  2.98828E-01  2.37218E+00
  3.02734E-01  2.36599E+00
  3.06641E-01  2.35973E+00
  3.10547E-01  2.35339E+00
  3.14453E-01  2.34698E+00
  3.18359E-01  2.34049E+00
  3.22266E-01  2.33393E+00
  3.26172E-01  2.32728E+00
  3.30078E-01  2.32056E+00
  3.33984E-01  2.31377E+00
  3.37891E-01  2.30689E+00
  3.41797E-01  2.29994E+00
  3.45703E-01  2.29291E+00
  3.49609E-01  2.28581E+00
  3.53516E-01  2.27862E+00
  3.57422E-01  2.27136E+00
  3.61328E-01  2.26402E+00
  3.65234E-01  2.25660E+00
  3.69141E-01  2.24909E+00
  3.73047E-01  2.24151E+00
  3.76953E-01  2.23385E+00
  3.80859E-01  2.22610E+00
  3.84766E-01  2.21827E+00
  3.88672E-01  2.21036E+00
  3.92578E-01  2.20236E+00
  3.96484E-01  2.19428E+00
  4.00391E-01  2.18611E+00
  4.04297E-01  2.17786E+00
  4.08203E-01  2.16952E+00
  4.12109E-01  2.16109E+00
  4.16016E-01  2.15257E+00
  4.19922E-01  2.14396E+00
  4.23828E-01  2.13527E+00
  4.27734E-01  2.12648E+00
  4.31641E-01  2.11760E+00
  4.35547E-01  2.10863E+00
  4.39453E-01  2.09957E+00
  4.43359E-01  2.09041E+00
  4.47266E-01  2.08116E+00
  4.51172E-01  2.07181E+00
  4.55078E-01  2.06236E+00
  4.58984E-01  2.05282E+00
  4.62891E-01  2.04317E+00
  4.66797E-01  2.03343E+00
  4.70703E-01  2.02358E+00
  4.74609E-01  2.01362E+00
  4.78516E-01  2.00356E+00
  4.82422E-01  1.99339E+00
  4.86328E-01  1.98312E+00
  4.90234E-01  1.97273E+00
  4.94141E-01  1.96222E+00
  4.98047E-01  1.95160E+00
  5.01953E-01  1.94087E+00
  5.05859E-01  1.93001E+00
  5.09766E-01  1.91904E+00
  5.13672E-01  1.90793E+00
  5.17578E-01  1.89671E+00
  5.21484E-01  1.88536E+00
  5.25391E-01  1.87387E+00
  5.29297E-01  1.86225E+00
  5.33203E-01  1.85050E+00
  5.37109E-01  1.83861E+00
  5.41016E-01  1.82657E+00
  5.44922E-01  1.81439E+00
  5.48828E-01  1.80206E+00
  5.52734E-01  1.78957E+00
  5.56641E-01  1.77693E+00
  5.60547E-01  1.76412E+00
  5.64453E-01  1.75115E+00
  5.68359E-01  1.73801E+00
  5.72266E-01  1.72470E+00
  5.76172E-01  1.71120E+00
  5.80078E-01  1.69751E+00
  5.83984E-01  1.68364E+00
  5.87891E-01  1.66956E+00
  5.91797E-01  1.65528E+00
  5.95703E-01  1.64078E+00
  5.99609E-01  1.62606E+00
  6.03516E-01  1.61111E+00
  6.07422E-01  1.59593E+00
  6.11328E-01  1.58049E+00
  6.15234E-01  1.56480E+00
  6.19141E-01  1.54883E+00
  6.23047E-01  1.53258E+00
  6.26953E-01  1.51604E+00
  6.30859E-01  1.49919E+00
  6.34766E-01  1.48200E+00
  6.38672E-01  1.46448E+00
  6.42578E-01  1.44659E+00
  6.46484E-01  1.42831E+00
  6.50391E-01  1.40963E+00
  6.54297E-01  1.39052E+00
  6.58203E-01  1.37094E+00
  6.62109E-01  1.35087E+00
  6.66016E-01  1.33027E+00
  6.69922E-01  1.30910E+00
  6.73828E-01  1.28731E+00
  6.77734E-01  1.26485E+00
  6.81641E-01  1.24165E+00
  6.85547E-01  1.21764E+00
  6.89453E-01  1.19273E+00
  6.93359E-01  1.16682E+00
  6.97266E-01  1.13977E+00
  7.01172E-01  1.11142E+00
  7.05078E-01  1.08159E+00
  7.08984E-01  1.05000E+00
  7.12891E-01  1.01630E+00
  7.16797E-01  9.79927E-01
  7.20703E-01  9.39187E-01
  7.24609E-01  8.83953E-01
  7.28516E-01  7.57934E-01
  7.32422E-01  2.03636E-03
  7.36328E-01  2.01221E-03
  7.40234E-01  1.98041E-03
  7.44141E-01  1.94992E-03
  7.48047E-01  1.91940E-03
  7.51953E-01  1.89014E-03
  7.55859E-01  1.86086E-03
  7.59766E-01  1.83279E-03
  7.63672E-01  1.80470E-03
  7.67578E-01  1.77780E-03
  7.71484E-01  1.75088E-03
  7.75391E-01  1.72506E-03
  7.79297E-01  1.69922E-03
  7.83203E-01  1.67437E-03
  7.87109E-01  1.64949E-03
  7.91016E-01  1.62558E-03
  7.94922E-01  1.60167E-03
  7.98828E-01  1.57875E-03
  8.02734E-01  1.55582E-03
  8.06641E-01  1.53373E-03
  8.10547E-01  1.51164E-03
  8.14453E-01  1.49038E-03
  8.18359E-01  1.46915E-03
  8.22266E-01  1.44875E-03
  8.26172E-01  1.42835E-03
  8.30078E-01  1.40871E-03
  8.33984E-01  1.38908E-03
  8.37891E-01  1.37015E-03
  8.41797E-01  1.35122E-03
  8.45703E-01  1.33298E-03
  8.49609E-01  1.31473E-03
  8.53516E-01  1.29713E-03
  8.57422E-01  1.27956E-03
  8.61328E-01  1.26262E-03
  8.65234E-01  1.24567E-03
  8.69141E-01  1.22936E-03
  8.73047E-01  1.21308E-03
  8.76953E-01  1.19742E-03
  8.80859E-01  1.18174E-03
  8.84766E-01  1.16663E-03
  8.88672E-01  1.15150E-03
  8.92578E-01  1.13692E-03
  8.96484E-01  1.12233E-03
  9.00391E-01  1.10826E-03
  9.04297E-01  1.09418E-03
  9.08203E-01  1.08061E-03
  9.12109E-01  1.06702E-03
  9.16016E-01  1.05395E-03
  9.19922E-01  1.04088E-03
  9.23828E-01  1.02832E-03
  9.27734E-01  1.01575E-03
  9.31641E-01  1.00365E-03
  9.35547E-01  9.91539E-04
  9.39453E-01  9.79864E-04
  9.43359E-01  9.68178E-04
  9.47266E-01  9.56858E-04
  9.51172E-01  9.45549E-04
  9.55078E-01  9.34702E-04
  9.58984E-01  9.23865E-04
  9.62891E-01  9.13276E-04
  9.66797E-01  9.03014E-04
  9.70703E-01  8.92755E-04
  9.74609E-01  8.82941E-04
  9.78516E-01  8.73114E-04
  9.82422E-01  8.63859E-04
  9.86328E-01  8.54674E-04
  9.90234E-01  8.46533E-04
  9.94141E-01  8.39390E-04
  9.98047E-01  8.36073E-04
  1.00195E+00  8.36073E-04
