 -1.95312E-03  2.62581E+00
  1.95312E-03  2.62584E+00
  5.85938E-03  2.62534E+00
  9.76562E-03  2.62483E+00
  1.36719E-02  2.62425E+00
  1.75781E-02  2.62358E+00
  2.14844E-02  2.62283E+00
  2.53906E-02  2.62200E+00
  2.92969E-02  2.62108E+00
  3.32031E-02  2.62008E+00
  3.71094E-02  2.61900E+00
  4.10156E-02  2.61783E+00
  4.49219E-02  2.61658E+00
  4.88281E-02  2.61525E+00
  5.27344E-02  2.61384E+00
  5.66406E-02  2.61234E+00
  6.05469E-02  2.61077E+00
  6.44531E-02  2.60911E+00
  6.83594E-02  2.60738E+00
  7.22656E-02  2.60556E+00
  7.61719E-02  2.60367E+00
  8.00781E-02  2.60169E+00
  8.39844E-02  2.59964E+00
  8.78906E-02  2.59751E+00
  9.17969E-02  2.59530E+00
  9.57031E-02  2.59302E+00
  9.96094E-02  2.59065E+00
  1.03516E-01  2.58821E+00
  1.07422E-01  2.58570E+00
  1.11328E-01  2.58310E+00
  1.15234E-01  2.58044E+00
  1.19141E-01  2.57769E+00
  1.23047E-01  2.57487E+00
  1.26953E-01  2.57197E+00
  1.30859E-01  2.56900E+00
  1.34766E-01  2.56596E+00
  1.38672E-01  2.56284E+00
  1.42578E-01  2.55965E+00
  1.46484E-01  2.55638E+00
  1.50391E-01  2.55304E+00
  1.54297E-01  2.54962E+00
  1.58203E-01  2.54613E+00
  1.62109E-01  2.54257E+00
  1.66016E-01  2.53893E+00
  1.69922E-01  2.53522E+00
  1.73828E-01  2.53144E+00
  1.77734E-01  2.52758E+00
  1.81641E-01  2.52365E+00
  1.85547E-01  2.51965E+00
  1.89453E-01  2.51558E+00
  1.93359E-01  2.51143E+00
  1.97266E-01  2.50721E+00
  2.01172E-01  2.50292E+00
  2.05078E-01  2.49856E+00
  2.08984E-01  2.49412E+00
  2.12891E-01  2.48961E+00
  2.16797E-01  2.48503E+00
  2.20703E-01  2.48038E+00
  2.24609E-01  2.47565E+00
  2.28516E-01  2.47085E+00
  2.32422E-01  2.46598E+00
  2.36328E-01  2.46104E+00
  2.40234E-01  2.45602E+00
  2.44141E-01  2.45093E+00
  2.48047E-01  2.44577E+00
  2.51953E-01  2.44054E+00
  2.55859E-01  2.43523E+00
  2.59766E-01  2.42985E+00
  2.63672E-01  2.42440E+00
  2.67578E-01  2.41888E+00
  2.71484E-01  2.41328E+00
  2.75391E-01  2.40761E+00
  2.79297E-01  2.40186E+00
  2.83203E-01  2.39604E+00
  2.87109E-01  2.39015E+00
  2.91016E-01  2.38418E+00
  2.94922E-01  2.37814E+00
  2.98828E-01  2.37202E+00
  3.02734E-01  2.36583E+00
  3.06641E-01  2.35957E+00
  3.10547E-01  2.35323E+00
  3.14453E-01  2.34682E+00
  3.18359E-01  2.34033E+00
  3.22266E-01  2.33376E+00
  3.26172E-01  2.32712E+00
  3.30078E-01  2.32040E+00
  3.33984E-01  2.31361E+00
  3.37891E-01  2.30673E+00
  3.41797E-01  2.29978E+00
  3.45703E-01  2.29276E+00
  3.49609E-01  2.28565E+00
  3.53516E-01  2.27847E+00
  3.57422E-01  2.27120E+00
  3.61328E-01  2.26386E+00
  3.65234E-01  2.25644E+00
  3.69141E-01  2.24894E+00
  3.73047E-01  2.24136E+00
  3.76953E-01  2.23369E+00
  3.80859E-01  2.22595E+00
  3.84766E-01  2.21812E+00
  3.88672E-01  2.21021E+00
  3.92578E-01  2.20221E+00
  3.96484E-01  2.19413E+00
  4.00391E-01  2.18596E+00
  4.04297E-01  2.17771E+00
  4.08203E-01  2.16937E+00
  4.12109E-01  2.16094E+00
  4.16016E-01  2.15242E+00
  4.19922E-01  2.14382E+00
  4.23828E-01  2.13512E+00
  4.27734E-01  2.12633E+00
  4.31641E-01  2.11746E+00
  4.35547E-01  2.10849E+00
  4.39453E-01  2.09943E+00
  4.43359E-01  2.09028E+00
  4.47266E-01  2.08103E+00
  4.51172E-01  2.07168E+00
  4.55078E-01  2.06224E+00
  4.58984E-01  2.05270E+00
  4.62891E-01  2.04306E+00
  4.66797E-01  2.03332E+00
  4.70703E-01  2.02348E+00
  4.74609E-01  2.01353E+00
  4.78516E-01  2.00347E+00
  4.82422E-01  1.99331E+00
  4.86328E-01  1.98304E+00
  4.90234E-01  1.97266E+00
  4.94141E-01  1.96216E+00
  4.98047E-01  1.95156E+00
  5.01953E-01  1.94083E+00
  5.05859E-01  1.92998E+00
  5.09766E-01  1.91901E+00
  5.13672E-01  1.90792E+00
  5.17578E-01  1.89671E+00
  5.21484E-01  1.88536E+00
  5.25391E-01  1.87389E+00
  5.29297E-01  1.86229E+00
  5.33203E-01  1.85054E+00
  5.37109E-01  1.83866E+00
  5.41016E-01  1.82664E+00
  5.44922E-01  1.81447E+00
  5.48828E-01  1.80216E+00
  5.52734E-01  1.78968E+00
  5.56641E-01  1.77706E+00
  5.60547E-01  1.76427E+00
  5.64453E-01  1.75132E+00
  5.68359E-01  1.73819E+00
  5.72266E-01  1.72489E+00
  5.76172E-01  1.71141E+00
  5.80078E-01  1.69775E+00
  5.83984E-01  1.68389E+00
  5.87891E-01  1.66983E+00
  5.91797E-01  1.65557E+00
  5.95703E-01  1.64110E+00
  5.99609E-01  1.62641E+00
  6.03516E-01  1.61148E+00
  6.07422E-01  1.59633E+00
  6.11328E-01  1.58092E+00
  6.15234E-01  1.56526E+00
  6.19141E-01  1.54933E+00
  6.23047E-01  1.53311E+00
  6.26953E-01  1.51660E+00
  6.30859E-01  1.49979E+00
  6.34766E-01  1.48264E+00
  6.38672E-01  1.46516E+00
  6.42578E-01  1.44731E+00
  6.46484E-01  1.42909E+00
  6.50391E-01  1.41045E+00
  6.54297E-01  1.39139E+00
  6.58203E-01  1.37187E+00
  6.62109E-01  1.35185E+00
  6.66016E-01  1.33131E+00
  6.69922E-01  1.31021E+00
  6.73828E-01  1.28850E+00
  6.77734E-01  1.26612E+00
  6.81641E-01  1.24301E+00
  6.85547E-01  1.21911E+00
  6.89453E-01  1.19431E+00
  6.93359E-01  1.16853E+00
  6.97266E-01  1.14163E+00
  7.01172E-01  1.11345E+00
  7.05078E-01  1.08381E+00
  7.08984E-01  1.05245E+00
  7.12891E-01  1.01903E+00
  7.16797E-01  9.83003E-01
  7.20703E-01  9.42808E-01
  7.24609E-01  8.89006E-01
  7.28516E-01  7.66909E-01
  7.32422E-01  3.58791E-03
  7.36328E-01  3.54491E-03
  7.40234E-01  3.48902E-03
  7.44141E-01  3.43547E-03
  7.48047E-01  3.38190E-03
  7.51953E-01  3.33055E-03
  7.55859E-01  3.27918E-03
  7.59766E-01  3.22995E-03
  7.63672E-01  3.18066E-03
  7.67578E-01  3.13328E-03
  7.71484E-01  3.08586E-03
  7.75391E-01  3.04028E-03
  7.79297E-01  2.99478E-03
  7.83203E-01  2.95110E-03
  7.87109E-01  2.90739E-03
  7.91016E-01  2.86536E-03
  7.94922E-01  2.82332E-03
  7.98828E-01  2.78290E-03
  8.02734E-01  2.74250E-03
  8.06641E-01  2.70363E-03
  8.10547E-01  2.66479E-03
  8.14453E-01  2.62734E-03
  8.18359E-01  2.58989E-03
  8.22266E-01  2.55387E-03
  8.26172E-01  2.51784E-03
  8.30078E-01  2.48317E-03
  8.33984E-01  2.44853E-03
  8.37891E-01  2.41511E-03
  8.41797E-01  2.38165E-03
  8.45703E-01  2.34942E-03
  8.49609E-01  2.31721E-03
  8.53516E-01  2.28629E-03
  8.57422E-01  2.25533E-03
  8.61328E-01  2.22545E-03
  8.65234E-01  2.19554E-03
  8.69141E-01  2.16668E-03
  8.73047E-01  2.13781E-03
  8.76953E-01  2.11001E-03
  8.80859E-01  2.08220E-03
  8.84766E-01  2.05540E-03
  8.88672E-01  2.02858E-03
  8.92578E-01  2.00278E-03
  8.96484E-01  1.97698E-03
  9.00391E-01  1.95210E-03
  9.04297E-01  1.92719E-03
  9.08203E-01  1.90317E-03
  9.12109E-01  1.87912E-03
  9.16016E-01  1.85591E-03
  9.19922E-01  1.83273E-03
  9.23828E-01  1.81048E-03
  9.27734E-01  1.78823E-03
  9.31641E-01  1.76675E-03
  9.35547E-01  1.74554E-03
  9.39453E-01  1.72461E-03
  9.43359E-01  1.70429E-03
  9.47266E-01  1.68403E-03
  9.51172E-01  1.66460E-03
  9.55078E-01  1.64521E-03
  9.58984E-01  1.62672E-03
  9.62891E-01  1.60817E-03
  9.66797E-01  1.59038E-03
  9.70703E-01  1.57255E-03
  9.74609E-01  1.55554E-03
  9.78516E-01  1.53854E-03
  9.82422E-01  1.52251E-03
  9.86328E-01  1.50641E-03
  9.90234E-01  1.49167E-03
  9.94141E-01  1.47920E-03
  9.98047E-01  1.47338E-03
  1.00195E+00  1.47338E-03
