 -1.95312E-03  2.62610E+00
  1.95312E-03  2.62613E+00
  5.85938E-03  2.62563E+00
  9.76562E-03  2.62512E+00
  1.36719E-02  2.62454E+00
  1.75781E-02  2.62387E+00
  2.14844E-02  2.62312E+00
  2.53906E-02  2.62229E+00
  2.92969E-02  2.62137E+00
  3.32031E-02  2.62037E+00
  3.71094E-02  2.61928E+00
  4.10156E-02  2.61812E+00
  4.49219E-02  2.61687E+00
  4.88281E-02  2.61553E+00
  5.27344E-02  2.61412E+00
  5.66406E-02  2.61263E+00
  6.05469E-02  2.61105E+00
  6.44531E-02  2.60940E+00
  6.83594E-02  2.60766E+00
  7.22656E-02  2.60584E+00
  7.61719E-02  2.60395E+00
  8.00781E-02  2.60197E+00
  8.39844E-02  2.59992E+00
  8.78906E-02  2.59779E+00
  9.17969E-02  2.59558E+00
  9.57031E-02  2.59329E+00
  9.96094E-02  2.59093E+00
  1.03516E-01  2.58849E+00
  1.07422E-01  2.58597E+00
  1.11328E-01  2.58338E+00
  1.15234E-01  2.58071E+00
  1.19141E-01  2.57797E+00
  1.23047E-01  2.57515E+00
  1.26953E-01  2.57225E+00
  1.30859E-01  2.56928E+00
  1.34766E-01  2.56624E+00
  1.38672E-01  2.56312E+00
  1.42578E-01  2.55993E+00
  1.46484E-01  2.55666E+00
  1.50391E-01  2.55332E+00
  1.54297E-01  2.54990E+00
  1.58203E-01  2.54641E+00
  1.62109E-01  2.54285E+00
  1.66016E-01  2.53921E+00
  1.69922E-01  2.53550E+00
  1.73828E-01  2.53172E+00
  1.77734E-01  2.52786E+00
  1.81641E-01  2.52393E+00
  1.85547E-01  2.51993E+00
  1.89453E-01  2.51585E+00
  1.93359E-01  2.51171E+00
  1.97266E-01  2.50749E+00
  2.01172E-01  2.50320E+00
  2.05078E-01  2.49883E+00
  2.08984E-01  2.49439E+00
  2.12891E-01  2.48989E+00
  2.16797E-01  2.48530E+00
  2.20703E-01  2.48065E+00
  2.24609E-01  2.47592E+00
  2.28516E-01  2.47112E+00
  2.32422E-01  2.46625E+00
  2.36328E-01  2.46131E+00
  2.40234E-01  2.45629E+00
  2.44141E-01  2.45120E+00
  2.48047E-01  2.44604E+00
  2.51953E-01  2.44080E+00
  2.55859E-01  2.43549E+00
  2.59766E-01  2.43011E+00
  2.63672E-01  2.42466E+00
  2.67578E-01  2.41914E+00
  2.71484E-01  2.41354E+00
  2.75391E-01  2.40787E+00
  2.79297E-01  2.40212E+00
  2.83203E-01  2.39630E+00
  2.87109E-01  2.39041E+00
  2.91016E-01  2.38444E+00
  2.94922E-01  2.37840E+00
  2.98828E-01  2.37228E+00
  3.02734E-01  2.36609E+00
  3.06641E-01  2.35983E+00
  3.10547E-01  2.35349E+00
  3.14453E-01  2.34708E+00
  3.18359E-01  2.34059E+00
  3.22266E-01  2.33402E+00
  3.26172E-01  2.32738E+00
  3.30078E-01  2.32066E+00
  3.33984E-01  2.31386E+00
  3.37891E-01  2.30699E+00
  3.41797E-01  2.30004E+00
  3.45703E-01  2.29301E+00
  3.49609E-01  2.28590E+00
  3.53516E-01  2.27872E+00
  3.57422E-01  2.27145E+00
  3.61328E-01  2.26411E+00
  3.65234E-01  2.25669E+00
  3.69141E-01  2.24919E+00
  3.73047E-01  2.24160E+00
  3.76953E-01  2.23394E+00
  3.80859E-01  2.22619E+00
  3.84766E-01  2.21836E+00
  3.88672E-01  2.21045E+00
  3.92578E-01  2.20245E+00
  3.96484E-01  2.19437E+00
  4.00391E-01  2.18620E+00
  4.04297E-01  2.17794E+00
  4.08203E-01  2.16960E+00
  4.12109E-01  2.16117E+00
  4.16016E-01  2.15265E+00
  4.19922E-01  2.14404E+00
  4.23828E-01  2.13534E+00
  4.27734E-01  2.12655E+00
  4.31641E-01  2.11767E+00
  4.35547E-01  2.10870E+00
  4.39453E-01  2.09963E+00
  4.43359E-01  2.09048E+00
  4.47266E-01  2.08122E+00
  4.51172E-01  2.07187E+00
  4.55078E-01  2.06242E+00
  4.58984E-01  2.05287E+00
  4.62891E-01  2.04322E+00
  4.66797E-01  2.03347E+00
  4.70703E-01  2.02362E+00
  4.74609E-01  2.01366E+00
  4.78516E-01  2.00359E+00
  4.82422E-01  1.99342E+00
  4.86328E-01  1.98314E+00
  4.90234E-01  1.97274E+00
  4.94141E-01  1.96224E+00
  4.98047E-01  1.95161E+00
  5.01953E-01  1.94087E+00
  5.05859E-01  1.93001E+00
  5.09766E-01  1.91903E+00
  5.13672E-01  1.90792E+00
  5.17578E-01  1.89669E+00
  5.21484E-01  1.88533E+00
  5.25391E-01  1.87384E+00
  5.29297E-01  1.86222E+00
  5.33203E-01  1.85046E+00
  5.37109E-01  1.83856E+00
  5.41016E-01  1.82652E+00
  5.44922E-01  1.81433E+00
  5.48828E-01  1.80199E+00
  5.52734E-01  1.78950E+00
  5.56641E-01  1.77685E+00
  5.60547E-01  1.76404E+00
  5.64453E-01  1.75106E+00
  5.68359E-01  1.73791E+00
  5.72266E-01  1.72458E+00
  5.76172E-01  1.71107E+00
  5.80078E-01  1.69738E+00
  5.83984E-01  1.68349E+00
  5.87891E-01  1.66941E+00
  5.91797E-01  1.65512E+00
  5.95703E-01  1.64061E+00
  5.99609E-01  1.62589E+00
  6.03516E-01  1.61093E+00
  6.07422E-01  1.59574E+00
  6.11328E-01  1.58029E+00
  6.15234E-01  1.56459E+00
  6.19141E-01  1.54861E+00
  6.23047E-01  1.53236E+00
  6.26953E-01  1.51580E+00
  6.30859E-01  1.49894E+00
  6.34766E-01  1.48175E+00
  6.38672E-01  1.46421E+00
  6.42578E-01  1.44631E+00
  6.46484E-01  1.42803E+00
  6.50391E-01  1.40933E+00
  6.54297E-01  1.39020E+00
  6.58203E-01  1.37060E+00
  6.62109E-01  1.35051E+00
  6.66016E-01  1.32989E+00
  6.69922E-01  1.30869E+00
  6.73828E-01  1.28688E+00
  6.77734E-01  1.26439E+00
  6.81641E-01  1.24117E+00
  6.85547E-01  1.21712E+00
  6.89453E-01  1.19218E+00
  6.93359E-01  1.16622E+00
  6.97266E-01  1.13912E+00
  7.01172E-01  1.11071E+00
  7.05078E-01  1.08080E+00
  7.08984E-01  1.04912E+00
  7.12891E-01  1.01532E+00
  7.16797E-01  9.78808E-01
  7.20703E-01  9.37845E-01
  7.24609E-01  8.82020E-01
  7.28516E-01  7.54383E-01
  7.32422E-01  1.35086E-03
  7.36328E-01  1.33483E-03
  7.40234E-01  1.31367E-03
  7.44141E-01  1.29341E-03
  7.48047E-01  1.27318E-03
  7.51953E-01  1.25383E-03
  7.55859E-01  1.23447E-03
  7.59766E-01  1.21587E-03
  7.63672E-01  1.19730E-03
  7.67578E-01  1.17946E-03
  7.71484E-01  1.16160E-03
  7.75391E-01  1.14446E-03
  7.79297E-01  1.12732E-03
  7.83203E-01  1.11084E-03
  7.87109E-01  1.09435E-03
  7.91016E-01  1.07851E-03
  7.94922E-01  1.06266E-03
  7.98828E-01  1.04744E-03
  8.02734E-01  1.03222E-03
  8.06641E-01  1.01759E-03
  8.10547E-01  1.00295E-03
  8.14453E-01  9.88900E-04
  8.18359E-01  9.74842E-04
  8.22266E-01  9.61330E-04
  8.26172E-01  9.47811E-04
  8.30078E-01  9.34816E-04
  8.33984E-01  9.21811E-04
  8.37891E-01  9.09303E-04
  8.41797E-01  8.96782E-04
  8.45703E-01  8.84722E-04
  8.49609E-01  8.72651E-04
  8.53516E-01  8.61038E-04
  8.57422E-01  8.49415E-04
  8.61328E-01  8.38207E-04
  8.65234E-01  8.27004E-04
  8.69141E-01  8.16192E-04
  8.73047E-01  8.05389E-04
  8.76953E-01  7.94981E-04
  8.80859E-01  7.84581E-04
  8.84766E-01  7.74568E-04
  8.88672E-01  7.64557E-04
  8.92578E-01  7.54900E-04
  8.96484E-01  7.45251E-04
  9.00391E-01  7.35941E-04
  9.04297E-01  7.26629E-04
  9.08203E-01  7.17657E-04
  9.12109E-01  7.08670E-04
  9.16016E-01  6.99981E-04
  9.19922E-01  6.91282E-04
  9.23828E-01  6.82885E-04
  9.27734E-01  6.74484E-04
  9.31641E-01  6.66394E-04
  9.35547E-01  6.58302E-04
  9.39453E-01  6.50501E-04
  9.43359E-01  6.42682E-04
  9.47266E-01  6.35138E-04
  9.51172E-01  6.27590E-04
  9.55078E-01  6.20341E-04
  9.58984E-01  6.13089E-04
  9.62891E-01  6.06084E-04
  9.66797E-01  5.99068E-04
  9.70703E-01  5.92343E-04
  9.74609E-01  5.85738E-04
  9.78516E-01  5.79234E-04
  9.82422E-01  5.73128E-04
  9.86328E-01  5.67079E-04
  9.90234E-01  5.61724E-04
  9.94141E-01  5.56936E-04
  9.98047E-01  5.54739E-04
  1.00195E+00  5.54739E-04
