 -1.95312E-03  2.62595E+00
  1.95312E-03  2.62598E+00
  5.85938E-03  2.62548E+00
  9.76562E-03  2.62497E+00
  1.36719E-02  2.62439E+00
  1.75781E-02  2.62372E+00
  2.14844E-02  2.62297E+00
  2.53906E-02  2.62214E+00
  2.92969E-02  2.62122E+00
  3.32031E-02  2.62022E+00
  3.71094E-02  2.61913E+00
  4.10156E-02  2.61797E+00
  4.49219E-02  2.61672E+00
  4.88281E-02  2.61538E+00
  5.27344E-02  2.61397E+00
  5.66406E-02  2.61248E+00
  6.05469E-02  2.61090E+00
  6.44531E-02  2.60925E+00
  6.83594E-02  2.60751E+00
  7.22656E-02  2.60570E+00
  7.61719E-02  2.60380E+00
  8.00781E-02  2.60183E+00
  8.39844E-02  2.59977E+00
  8.78906E-02  2.59764E+00
  9.17969E-02  2.59544E+00
  9.57031E-02  2.59315E+00
  9.96094E-02  2.59079E+00
  1.03516E-01  2.58835E+00
  1.07422E-01  2.58583E+00
  1.11328E-01  2.58324E+00
  1.15234E-01  2.58057E+00
  1.19141E-01  2.57783E+00
  1.23047E-01  2.57501E+00
  1.26953E-01  2.57211E+00
  1.30859E-01  2.56914E+00
  1.34766E-01  2.56610E+00
  1.38672E-01  2.56298E+00
  1.42578E-01  2.55978E+00
  1.46484E-01  2.55651E+00
  1.50391E-01  2.55317E+00
  1.54297E-01  2.54976E+00
  1.58203E-01  2.54627E+00
  1.62109E-01  2.54270E+00
  1.66016E-01  2.53907E+00
  1.69922E-01  2.53536E+00
  1.73828E-01  2.53157E+00
  1.77734E-01  2.52772E+00
  1.81641E-01  2.52379E+00
  1.85547E-01  2.51979E+00
  1.89453E-01  2.51571E+00
  1.93359E-01  2.51157E+00
  1.97266E-01  2.50735E+00
  2.01172E-01  2.50305E+00
  2.05078E-01  2.49869E+00
  2.08984E-01  2.49425E+00
  2.12891E-01  2.48975E+00
  2.16797E-01  2.48516E+00
  2.20703E-01  2.48051E+00
  2.24609E-01  2.47578E+00
  2.28516E-01  2.47098E+00
  2.32422E-01  2.46611E+00
  2.36328E-01  2.46117E+00
  2.40234E-01  2.45615E+00
  2.44141E-01  2.45106E+00
  2.48047E-01  2.44590E+00
  2.51953E-01  2.44066E+00
  2.55859E-01  2.43536E+00
  2.59766E-01  2.42998E+00
  2.63672E-01  2.42452E+00
  2.67578E-01  2.41900E+00
  2.71484E-01  2.41340E+00
  2.75391E-01  2.40773E+00
  2.79297E-01  2.40198E+00
  2.83203E-01  2.39616E+00
  2.87109E-01  2.39027E+00
  2.91016E-01  2.38430E+00
  2.94922E-01  2.37826E+00
  2.98828E-01  2.37215E+00
  3.02734E-01  2.36596E+00
  3.06641E-01  2.35969E+00
  3.10547E-01  2.35336E+00
  3.14453E-01  2.34694E+00
  3.18359E-01  2.34045E+00
  3.22266E-01  2.33389E+00
  3.26172E-01  2.32724E+00
  3.30078E-01  2.32052E+00
  3.33984E-01  2.31373E+00
  3.37891E-01  2.30685E+00
  3.41797E-01  2.29990E+00
  3.45703E-01  2.29287E+00
  3.49609E-01  2.28577E+00
  3.53516E-01  2.27858E+00
  3.57422E-01  2.27132E+00
  3.61328E-01  2.26398E+00
  3.65234E-01  2.25656E+00
  3.69141E-01  2.24906E+00
  3.73047E-01  2.24147E+00
  3.76953E-01  2.23381E+00
  3.80859E-01  2.22606E+00
  3.84766E-01  2.21823E+00
  3.88672E-01  2.21032E+00
  3.92578E-01  2.20232E+00
  3.96484E-01  2.19424E+00
  4.00391E-01  2.18607E+00
  4.04297E-01  2.17782E+00
  4.08203E-01  2.16948E+00
  4.12109E-01  2.16105E+00
  4.16016E-01  2.15253E+00
  4.19922E-01  2.14393E+00
  4.23828E-01  2.13523E+00
  4.27734E-01  2.12644E+00
  4.31641E-01  2.11757E+00
  4.35547E-01  2.10860E+00
  4.39453E-01  2.09954E+00
  4.43359E-01  2.09038E+00
  4.47266E-01  2.08113E+00
  4.51172E-01  2.07178E+00
  4.55078E-01  2.06234E+00
  4.58984E-01  2.05279E+00
  4.62891E-01  2.04315E+00
  4.66797E-01  2.03340E+00
  4.70703E-01  2.02355E+00
  4.74609E-01  2.01360E+00
  4.78516E-01  2.00354E+00
  4.82422E-01  1.99338E+00
  4.86328E-01  1.98310E+00
  4.90234E-01  1.97271E+00
  4.94141E-01  1.96221E+00
  4.98047E-01  1.95159E+00
  5.01953E-01  1.94086E+00
  5.05859E-01  1.93001E+00
  5.09766E-01  1.91903E+00
  5.13672E-01  1.90793E+00
  5.17578E-01  1.89671E+00
  5.21484E-01  1.88536E+00
  5.25391E-01  1.87388E+00
  5.29297E-01  1.86226E+00
  5.33203E-01  1.85051E+00
  5.37109E-01  1.83862E+00
  5.41016E-01  1.82659E+00
  5.44922E-01  1.81441E+00
  5.48828E-01  1.80208E+00
  5.52734E-01  1.78960E+00
  5.56641E-01  1.77696E+00
  5.60547E-01  1.76417E+00
  5.64453E-01  1.75120E+00
  5.68359E-01  1.73807E+00
  5.72266E-01  1.72475E+00
  5.76172E-01  1.71126E+00
  5.80078E-01  1.69758E+00
  5.83984E-01  1.68371E+00
  5.87891E-01  1.66964E+00
  5.91797E-01  1.65536E+00
  5.95703E-01  1.64087E+00
  5.99609E-01  1.62616E+00
  6.03516E-01  1.61123E+00
  6.07422E-01  1.59605E+00
  6.11328E-01  1.58063E+00
  6.15234E-01  1.56495E+00
  6.19141E-01  1.54899E+00
  6.23047E-01  1.53276E+00
  6.26953E-01  1.51623E+00
  6.30859E-01  1.49939E+00
  6.34766E-01  1.48222E+00
  6.38672E-01  1.46471E+00
  6.42578E-01  1.44684E+00
  6.46484E-01  1.42859E+00
  6.50391E-01  1.40993E+00
  6.54297E-01  1.39083E+00
  6.58203E-01  1.37128E+00
  6.62109E-01  1.35123E+00
  6.66016E-01  1.33065E+00
  6.69922E-01  1.30950E+00
  6.73828E-01  1.28774E+00
  6.77734E-01  1.26531E+00
  6.81641E-01  1.24214E+00
  6.85547E-01  1.21817E+00
  6.89453E-01  1.19329E+00
  6.93359E-01  1.16742E+00
  6.97266E-01  1.14042E+00
  7.01172E-01  1.11214E+00
  7.05078E-01  1.08237E+00
  7.08984E-01  1.05087E+00
  7.12891E-01  1.01727E+00
  7.16797E-01  9.81018E-01
  7.20703E-01  9.40471E-01
  7.24609E-01  8.85757E-01
  7.28516E-01  7.61168E-01
  7.32422E-01  2.57481E-03
  7.36328E-01  2.54402E-03
  7.40234E-01  2.50378E-03
  7.44141E-01  2.46527E-03
  7.48047E-01  2.42675E-03
  7.51953E-01  2.38984E-03
  7.55859E-01  2.35289E-03
  7.59766E-01  2.31740E-03
  7.63672E-01  2.28194E-03
  7.67578E-01  2.24788E-03
  7.71484E-01  2.21380E-03
  7.75391E-01  2.18109E-03
  7.79297E-01  2.14841E-03
  7.83203E-01  2.11704E-03
  7.87109E-01  2.08563E-03
  7.91016E-01  2.05543E-03
  7.94922E-01  2.02520E-03
  7.98828E-01  1.99615E-03
  8.02734E-01  1.96709E-03
  8.06641E-01  1.93919E-03
  8.10547E-01  1.91129E-03
  8.14453E-01  1.88447E-03
  8.18359E-01  1.85762E-03
  8.22266E-01  1.83176E-03
  8.26172E-01  1.80587E-03
  8.30078E-01  1.78097E-03
  8.33984E-01  1.75607E-03
  8.37891E-01  1.73213E-03
  8.41797E-01  1.70816E-03
  8.45703E-01  1.68507E-03
  8.49609E-01  1.66199E-03
  8.53516E-01  1.63979E-03
  8.57422E-01  1.61758E-03
  8.61328E-01  1.59622E-03
  8.65234E-01  1.57482E-03
  8.69141E-01  1.55419E-03
  8.73047E-01  1.53354E-03
  8.76953E-01  1.51364E-03
  8.80859E-01  1.49371E-03
  8.84766E-01  1.47450E-03
  8.88672E-01  1.45529E-03
  8.92578E-01  1.43679E-03
  8.96484E-01  1.41833E-03
  9.00391E-01  1.40055E-03
  9.04297E-01  1.38276E-03
  9.08203E-01  1.36563E-03
  9.12109E-01  1.34848E-03
  9.16016E-01  1.33196E-03
  9.19922E-01  1.31541E-03
  9.23828E-01  1.29944E-03
  9.27734E-01  1.28347E-03
  9.31641E-01  1.26811E-03
  9.35547E-01  1.25278E-03
  9.39453E-01  1.23804E-03
  9.43359E-01  1.22327E-03
  9.47266E-01  1.20911E-03
  9.51172E-01  1.19504E-03
  9.55078E-01  1.18115E-03
  9.58984E-01  1.16771E-03
  9.62891E-01  1.15428E-03
  9.66797E-01  1.14139E-03
  9.70703E-01  1.12850E-03
  9.74609E-01  1.11618E-03
  9.78516E-01  1.10383E-03
  9.82422E-01  1.09218E-03
  9.86328E-01  1.08054E-03
  9.90234E-01  1.07014E-03
  9.94141E-01  1.06115E-03
  9.98047E-01  1.05697E-03
  1.00195E+00  1.05697E-03
