 -1.95312E-03  2.62601E+00
  1.95312E-03  2.62604E+00
  5.85938E-03  2.62554E+00
  9.76562E-03  2.62503E+00
  1.36719E-02  2.62445E+00
  1.75781E-02  2.62379E+00
  2.14844E-02  2.62304E+00
  2.53906E-02  2.62220E+00
  2.92969E-02  2.62129E+00
  3.32031E-02  2.62029E+00
  3.71094E-02  2.61920E+00
  4.10156E-02  2.61803E+00
  4.49219E-02  2.61678E+00
  4.88281E-02  2.61545E+00
  5.27344E-02  2.61404E+00
  5.66406E-02  2.61254E+00
  6.05469E-02  2.61097E+00
  6.44531E-02  2.60931E+00
  6.83594E-02  2.60758E+00
  7.22656E-02  2.60576E+00
  7.61719E-02  2.60387E+00
  8.00781E-02  2.60189E+00
  8.39844E-02  2.59984E+00
  8.78906E-02  2.59771E+00
  9.17969E-02  2.59550E+00
  9.57031E-02  2.59321E+00
  9.96094E-02  2.59085E+00
  1.03516E-01  2.58841E+00
  1.07422E-01  2.58590E+00
  1.11328E-01  2.58330E+00
  1.15234E-01  2.58063E+00
  1.19141E-01  2.57789E+00
  1.23047E-01  2.57507E+00
  1.26953E-01  2.57217E+00
  1.30859E-01  2.56920E+00
  1.34766E-01  2.56616E+00
  1.38672E-01  2.56304E+00
  1.42578E-01  2.55985E+00
  1.46484E-01  2.55658E+00
  1.50391E-01  2.55324E+00
  1.54297E-01  2.54982E+00
  1.58203E-01  2.54633E+00
  1.62109E-01  2.54277E+00
  1.66016E-01  2.53913E+00
  1.69922E-01  2.53542E+00
  1.73828E-01  2.53164E+00
  1.77734E-01  2.52778E+00
  1.81641E-01  2.52385E+00
  1.85547E-01  2.51985E+00
  1.89453E-01  2.51578E+00
  1.93359E-01  2.51163E+00
  1.97266E-01  2.50741E+00
  2.01172E-01  2.50312E+00
  2.05078E-01  2.49875E+00
  2.08984E-01  2.49431E+00
  2.12891E-01  2.48981E+00
  2.16797E-01  2.48522E+00
  2.20703E-01  2.48057E+00
  2.24609E-01  2.47584E+00
  2.28516E-01  2.47104E+00
  2.32422E-01  2.46617E+00
  2.36328E-01  2.46123E+00
  2.40234E-01  2.45621E+00
  2.44141E-01  2.45112E+00
  2.48047E-01  2.44595E+00
  2.51953E-01  2.44072E+00
  2.55859E-01  2.43541E+00
  2.59766E-01  2.43003E+00
  2.63672E-01  2.42458E+00
  2.67578E-01  2.41906E+00
  2.71484E-01  2.41346E+00
  2.75391E-01  2.40779E+00
  2.79297E-01  2.40204E+00
  2.83203E-01  2.39622E+00
  2.87109E-01  2.39033E+00
  2.91016E-01  2.38436E+00
  2.94922E-01  2.37832E+00
  2.98828E-01  2.37220E+00
  3.02734E-01  2.36601E+00
  3.06641E-01  2.35975E+00
  3.10547E-01  2.35341E+00
  3.14453E-01  2.34700E+00
  3.18359E-01  2.34051E+00
  3.22266E-01  2.33394E+00
  3.26172E-01  2.32730E+00
  3.30078E-01  2.32058E+00
  3.33984E-01  2.31379E+00
  3.37891E-01  2.30691E+00
  3.41797E-01  2.29996E+00
  3.45703E-01  2.29293E+00
  3.49609E-01  2.28583E+00
  3.53516E-01  2.27864E+00
  3.57422E-01  2.27138E+00
  3.61328E-01  2.26404E+00
  3.65234E-01  2.25662E+00
  3.69141E-01  2.24911E+00
  3.73047E-01  2.24153E+00
  3.76953E-01  2.23387E+00
  3.80859E-01  2.22612E+00
  3.84766E-01  2.21829E+00
  3.88672E-01  2.21038E+00
  3.92578E-01  2.20238E+00
  3.96484E-01  2.19430E+00
  4.00391E-01  2.18613E+00
  4.04297E-01  2.17788E+00
  4.08203E-01  2.16954E+00
  4.12109E-01  2.16111E+00
  4.16016E-01  2.15259E+00
  4.19922E-01  2.14398E+00
  4.23828E-01  2.13528E+00
  4.27734E-01  2.12649E+00
  4.31641E-01  2.11762E+00
  4.35547E-01  2.10864E+00
  4.39453E-01  2.09958E+00
  4.43359E-01  2.09042E+00
  4.47266E-01  2.08117E+00
  4.51172E-01  2.07182E+00
  4.55078E-01  2.06238E+00
  4.58984E-01  2.05283E+00
  4.62891E-01  2.04318E+00
  4.66797E-01  2.03344E+00
  4.70703E-01  2.02359E+00
  4.74609E-01  2.01363E+00
  4.78516E-01  2.00357E+00
  4.82422E-01  1.99340E+00
  4.86328E-01  1.98312E+00
  4.90234E-01  1.97273E+00
  4.94141E-01  1.96223E+00
  4.98047E-01  1.95161E+00
  5.01953E-01  1.94087E+00
  5.05859E-01  1.93002E+00
  5.09766E-01  1.91904E+00
  5.13672E-01  1.90793E+00
  5.17578E-01  1.89671E+00
  5.21484E-01  1.88535E+00
  5.25391E-01  1.87387E+00
  5.29297E-01  1.86225E+00
  5.33203E-01  1.85049E+00
  5.37109E-01  1.83860E+00
  5.41016E-01  1.82656E+00
  5.44922E-01  1.81437E+00
  5.48828E-01  1.80204E+00
  5.52734E-01  1.78955E+00
  5.56641E-01  1.77691E+00
  5.60547E-01  1.76410E+00
  5.64453E-01  1.75113E+00
  5.68359E-01  1.73798E+00
  5.72266E-01  1.72466E+00
  5.76172E-01  1.71116E+00
  5.80078E-01  1.69747E+00
  5.83984E-01  1.68359E+00
  5.87891E-01  1.66952E+00
  5.91797E-01  1.65523E+00
  5.95703E-01  1.64073E+00
  5.99609E-01  1.62601E+00
  6.03516E-01  1.61106E+00
  6.07422E-01  1.59587E+00
  6.11328E-01  1.58043E+00
  6.15234E-01  1.56473E+00
  6.19141E-01  1.54876E+00
  6.23047E-01  1.53251E+00
  6.26953E-01  1.51596E+00
  6.30859E-01  1.49911E+00
  6.34766E-01  1.48192E+00
  6.38672E-01  1.46439E+00
  6.42578E-01  1.44650E+00
  6.46484E-01  1.42822E+00
  6.50391E-01  1.40953E+00
  6.54297E-01  1.39041E+00
  6.58203E-01  1.37083E+00
  6.62109E-01  1.35075E+00
  6.66016E-01  1.33014E+00
  6.69922E-01  1.30896E+00
  6.73828E-01  1.28716E+00
  6.77734E-01  1.26468E+00
  6.81641E-01  1.24147E+00
  6.85547E-01  1.21745E+00
  6.89453E-01  1.19252E+00
  6.93359E-01  1.16659E+00
  6.97266E-01  1.13952E+00
  7.01172E-01  1.11116E+00
  7.05078E-01  1.08130E+00
  7.08984E-01  1.04968E+00
  7.12891E-01  1.01595E+00
  7.16797E-01  9.79527E-01
  7.20703E-01  9.38704E-01
  7.24609E-01  8.83259E-01
  7.28516E-01  7.56664E-01
  7.32422E-01  1.81106E-03
  7.36328E-01  1.78945E-03
  7.40234E-01  1.76113E-03
  7.44141E-01  1.73403E-03
  7.48047E-01  1.70692E-03
  7.51953E-01  1.68098E-03
  7.55859E-01  1.65501E-03
  7.59766E-01  1.63006E-03
  7.63672E-01  1.60510E-03
  7.67578E-01  1.58110E-03
  7.71484E-01  1.55710E-03
  7.75391E-01  1.53410E-03
  7.79297E-01  1.51114E-03
  7.83203E-01  1.48907E-03
  7.87109E-01  1.46697E-03
  7.91016E-01  1.44570E-03
  7.94922E-01  1.42444E-03
  7.98828E-01  1.40404E-03
  8.02734E-01  1.38364E-03
  8.06641E-01  1.36405E-03
  8.10547E-01  1.34445E-03
  8.14453E-01  1.32559E-03
  8.18359E-01  1.30675E-03
  8.22266E-01  1.28859E-03
  8.26172E-01  1.27040E-03
  8.30078E-01  1.25292E-03
  8.33984E-01  1.23543E-03
  8.37891E-01  1.21858E-03
  8.41797E-01  1.20172E-03
  8.45703E-01  1.18550E-03
  8.49609E-01  1.16927E-03
  8.53516E-01  1.15367E-03
  8.57422E-01  1.13806E-03
  8.61328E-01  1.12305E-03
  8.65234E-01  1.10803E-03
  8.69141E-01  1.09358E-03
  8.73047E-01  1.07911E-03
  8.76953E-01  1.06516E-03
  8.80859E-01  1.05121E-03
  8.84766E-01  1.03776E-03
  8.88672E-01  1.02431E-03
  8.92578E-01  1.01134E-03
  8.96484E-01  9.98362E-04
  9.00391E-01  9.85846E-04
  9.04297E-01  9.73330E-04
  9.08203E-01  9.61279E-04
  9.12109E-01  9.49229E-04
  9.16016E-01  9.37638E-04
  9.19922E-01  9.26036E-04
  9.23828E-01  9.14860E-04
  9.27734E-01  9.03686E-04
  9.31641E-01  8.92907E-04
  9.35547E-01  8.82111E-04
  9.39453E-01  8.71660E-04
  9.43359E-01  8.61212E-04
  9.47266E-01  8.51147E-04
  9.51172E-01  8.41116E-04
  9.55078E-01  8.31423E-04
  9.58984E-01  8.21707E-04
  9.62891E-01  8.12361E-04
  9.66797E-01  8.03149E-04
  9.70703E-01  7.94016E-04
  9.74609E-01  7.85263E-04
  9.78516E-01  7.76511E-04
  9.82422E-01  7.68290E-04
  9.86328E-01  7.60129E-04
  9.90234E-01  7.52914E-04
  9.94141E-01  7.46542E-04
  9.98047E-01  7.43604E-04
  1.00195E+00  7.43604E-04
