 -1.95312E-03  2.62606E+00
  1.95312E-03  2.62609E+00
  5.85938E-03  2.62559E+00
  9.76562E-03  2.62508E+00
  1.36719E-02  2.62450E+00
  1.75781E-02  2.62383E+00
  2.14844E-02  2.62308E+00
  2.53906E-02  2.62225E+00
  2.92969E-02  2.62133E+00
  3.32031E-02  2.62033E+00
  3.71094E-02  2.61925E+00
  4.10156E-02  2.61808E+00
  4.49219E-02  2.61683E+00
  4.88281E-02  2.61550E+00
  5.27344E-02  2.61408E+00
  5.66406E-02  2.61259E+00
  6.05469E-02  2.61101E+00
  6.44531E-02  2.60936E+00
  6.83594E-02  2.60762E+00
  7.22656E-02  2.60581E+00
  7.61719E-02  2.60391E+00
  8.00781E-02  2.60194E+00
  8.39844E-02  2.59988E+00
  8.78906E-02  2.59775E+00
  9.17969E-02  2.59554E+00
  9.57031E-02  2.59326E+00
  9.96094E-02  2.59089E+00
  1.03516E-01  2.58845E+00
  1.07422E-01  2.58594E+00
  1.11328E-01  2.58334E+00
  1.15234E-01  2.58068E+00
  1.19141E-01  2.57793E+00
  1.23047E-01  2.57511E+00
  1.26953E-01  2.57221E+00
  1.30859E-01  2.56924E+00
  1.34766E-01  2.56620E+00
  1.38672E-01  2.56308E+00
  1.42578E-01  2.55989E+00
  1.46484E-01  2.55662E+00
  1.50391E-01  2.55328E+00
  1.54297E-01  2.54986E+00
  1.58203E-01  2.54637E+00
  1.62109E-01  2.54281E+00
  1.66016E-01  2.53917E+00
  1.69922E-01  2.53546E+00
  1.73828E-01  2.53168E+00
  1.77734E-01  2.52782E+00
  1.81641E-01  2.52389E+00
  1.85547E-01  2.51989E+00
  1.89453E-01  2.51581E+00
  1.93359E-01  2.51167E+00
  1.97266E-01  2.50745E+00
  2.01172E-01  2.50316E+00
  2.05078E-01  2.49879E+00
  2.08984E-01  2.49435E+00
  2.12891E-01  2.48985E+00
  2.16797E-01  2.48526E+00
  2.20703E-01  2.48061E+00
  2.24609E-01  2.47588E+00
  2.28516E-01  2.47108E+00
  2.32422E-01  2.46621E+00
  2.36328E-01  2.46127E+00
  2.40234E-01  2.45625E+00
  2.44141E-01  2.45116E+00
  2.48047E-01  2.44600E+00
  2.51953E-01  2.44076E+00
  2.55859E-01  2.43545E+00
  2.59766E-01  2.43007E+00
  2.63672E-01  2.42462E+00
  2.67578E-01  2.41910E+00
  2.71484E-01  2.41350E+00
  2.75391E-01  2.40783E+00
  2.79297E-01  2.40208E+00
  2.83203E-01  2.39626E+00
  2.87109E-01  2.39037E+00
  2.91016E-01  2.38440E+00
  2.94922E-01  2.37836E+00
  2.98828E-01  2.37224E+00
  3.02734E-01  2.36605E+00
  3.06641E-01  2.35979E+00
  3.10547E-01  2.35345E+00
  3.14453E-01  2.34704E+00
  3.18359E-01  2.34055E+00
  3.22266E-01  2.33398E+00
  3.26172E-01  2.32734E+00
  3.30078E-01  2.32062E+00
  3.33984E-01  2.31383E+00
  3.37891E-01  2.30695E+00
  3.41797E-01  2.30000E+00
  3.45703E-01  2.29297E+00
  3.49609E-01  2.28587E+00
  3.53516E-01  2.27868E+00
  3.57422E-01  2.27142E+00
  3.61328E-01  2.26408E+00
  3.65234E-01  2.25666E+00
  3.69141E-01  2.24915E+00
  3.73047E-01  2.24157E+00
  3.76953E-01  2.23391E+00
  3.80859E-01  2.22616E+00
  3.84766E-01  2.21833E+00
  3.88672E-01  2.21042E+00
  3.92578E-01  2.20242E+00
  3.96484E-01  2.19434E+00
  4.00391E-01  2.18617E+00
  4.04297E-01  2.17791E+00
  4.08203E-01  2.16957E+00
  4.12109E-01  2.16114E+00
  4.16016E-01  2.15262E+00
  4.19922E-01  2.14401E+00
  4.23828E-01  2.13531E+00
  4.27734E-01  2.12652E+00
  4.31641E-01  2.11765E+00
  4.35547E-01  2.10867E+00
  4.39453E-01  2.09961E+00
  4.43359E-01  2.09045E+00
  4.47266E-01  2.08120E+00
  4.51172E-01  2.07185E+00
  4.55078E-01  2.06240E+00
  4.58984E-01  2.05285E+00
  4.62891E-01  2.04320E+00
  4.66797E-01  2.03345E+00
  4.70703E-01  2.02360E+00
  4.74609E-01  2.01364E+00
  4.78516E-01  2.00358E+00
  4.82422E-01  1.99341E+00
  4.86328E-01  1.98313E+00
  4.90234E-01  1.97274E+00
  4.94141E-01  1.96223E+00
  4.98047E-01  1.95161E+00
  5.01953E-01  1.94087E+00
  5.05859E-01  1.93001E+00
  5.09766E-01  1.91903E+00
  5.13672E-01  1.90793E+00
  5.17578E-01  1.89670E+00
  5.21484E-01  1.88534E+00
  5.25391E-01  1.87385E+00
  5.29297E-01  1.86223E+00
  5.33203E-01  1.85048E+00
  5.37109E-01  1.83858E+00
  5.41016E-01  1.82654E+00
  5.44922E-01  1.81435E+00
  5.48828E-01  1.80202E+00
  5.52734E-01  1.78953E+00
  5.56641E-01  1.77688E+00
  5.60547E-01  1.76407E+00
  5.64453E-01  1.75110E+00
  5.68359E-01  1.73795E+00
  5.72266E-01  1.72463E+00
  5.76172E-01  1.71113E+00
  5.80078E-01  1.69744E+00
  5.83984E-01  1.68356E+00
  5.87891E-01  1.66948E+00
  5.91797E-01  1.65519E+00
  5.95703E-01  1.64069E+00
  5.99609E-01  1.62596E+00
  6.03516E-01  1.61101E+00
  6.07422E-01  1.59582E+00
  6.11328E-01  1.58038E+00
  6.15234E-01  1.56468E+00
  6.19141E-01  1.54871E+00
  6.23047E-01  1.53246E+00
  6.26953E-01  1.51592E+00
  6.30859E-01  1.49906E+00
  6.34766E-01  1.48187E+00
  6.38672E-01  1.46434E+00
  6.42578E-01  1.44644E+00
  6.46484E-01  1.42816E+00
  6.50391E-01  1.40947E+00
  6.54297E-01  1.39034E+00
  6.58203E-01  1.37076E+00
  6.62109E-01  1.35067E+00
  6.66016E-01  1.33006E+00
  6.69922E-01  1.30887E+00
  6.73828E-01  1.28707E+00
  6.77734E-01  1.26459E+00
  6.81641E-01  1.24138E+00
  6.85547E-01  1.21735E+00
  6.89453E-01  1.19242E+00
  6.93359E-01  1.16648E+00
  6.97266E-01  1.13940E+00
  7.01172E-01  1.11103E+00
  7.05078E-01  1.08115E+00
  7.08984E-01  1.04952E+00
  7.12891E-01  1.01577E+00
  7.16797E-01  9.79322E-01
  7.20703E-01  9.38467E-01
  7.24609E-01  8.82912E-01
  7.28516E-01  7.56010E-01
  7.32422E-01  1.67473E-03
  7.36328E-01  1.65492E-03
  7.40234E-01  1.62881E-03
  7.44141E-01  1.60375E-03
  7.48047E-01  1.57867E-03
  7.51953E-01  1.55457E-03
  7.55859E-01  1.53047E-03
  7.59766E-01  1.50738E-03
  7.63672E-01  1.48434E-03
  7.67578E-01  1.46223E-03
  7.71484E-01  1.44010E-03
  7.75391E-01  1.41878E-03
  7.79297E-01  1.39748E-03
  7.83203E-01  1.37703E-03
  7.87109E-01  1.35660E-03
  7.91016E-01  1.33700E-03
  7.94922E-01  1.31740E-03
  7.98828E-01  1.29854E-03
  8.02734E-01  1.27971E-03
  8.06641E-01  1.26158E-03
  8.10547E-01  1.24343E-03
  8.14453E-01  1.22598E-03
  8.18359E-01  1.20852E-03
  8.22266E-01  1.19171E-03
  8.26172E-01  1.17489E-03
  8.30078E-01  1.15871E-03
  8.33984E-01  1.14253E-03
  8.37891E-01  1.12697E-03
  8.41797E-01  1.11139E-03
  8.45703E-01  1.09642E-03
  8.49609E-01  1.08144E-03
  8.53516E-01  1.06704E-03
  8.57422E-01  1.05263E-03
  8.61328E-01  1.03876E-03
  8.65234E-01  1.02488E-03
  8.69141E-01  1.01151E-03
  8.73047E-01  9.98125E-04
  8.76953E-01  9.85231E-04
  8.80859E-01  9.72336E-04
  8.84766E-01  9.59894E-04
  8.88672E-01  9.47441E-04
  8.92578E-01  9.35431E-04
  8.96484E-01  9.23425E-04
  9.00391E-01  9.11866E-04
  9.04297E-01  9.00305E-04
  9.08203E-01  8.89187E-04
  9.12109E-01  8.78058E-04
  9.16016E-01  8.67332E-04
  9.19922E-01  8.56610E-04
  9.23828E-01  8.46269E-04
  9.27734E-01  8.35923E-04
  9.31641E-01  8.25915E-04
  9.35547E-01  8.15891E-04
  9.39453E-01  8.06219E-04
  9.43359E-01  7.96549E-04
  9.47266E-01  7.87261E-04
  9.51172E-01  7.77960E-04
  9.55078E-01  7.68963E-04
  9.58984E-01  7.59963E-04
  9.62891E-01  7.51352E-04
  9.66797E-01  7.42769E-04
  9.70703E-01  7.34332E-04
  9.74609E-01  7.26217E-04
  9.78516E-01  7.18119E-04
  9.82422E-01  7.10529E-04
  9.86328E-01  7.02999E-04
  9.90234E-01  6.96337E-04
  9.94141E-01  6.90429E-04
  9.98047E-01  6.87712E-04
  1.00195E+00  6.87712E-04
