 -1.95312E-03  2.62604E+00
  1.95312E-03  2.62607E+00
  5.85938E-03  2.62557E+00
  9.76562E-03  2.62506E+00
  1.36719E-02  2.62448E+00
  1.75781E-02  2.62381E+00
  2.14844E-02  2.62306E+00
  2.53906E-02  2.62223E+00
  2.92969E-02  2.62131E+00
  3.32031E-02  2.62031E+00
  3.71094E-02  2.61923E+00
  4.10156E-02  2.61806E+00
  4.49219E-02  2.61681E+00
  4.88281E-02  2.61548E+00
  5.27344E-02  2.61406E+00
  5.66406E-02  2.61257E+00
  6.05469E-02  2.61099E+00
  6.44531E-02  2.60934E+00
  6.83594E-02  2.60760E+00
  7.22656E-02  2.60579E+00
  7.61719E-02  2.60389E+00
  8.00781E-02  2.60192E+00
  8.39844E-02  2.59987E+00
  8.78906E-02  2.59773E+00
  9.17969E-02  2.59553E+00
  9.57031E-02  2.59324E+00
  9.96094E-02  2.59088E+00
  1.03516E-01  2.58844E+00
  1.07422E-01  2.58592E+00
  1.11328E-01  2.58333E+00
  1.15234E-01  2.58066E+00
  1.19141E-01  2.57792E+00
  1.23047E-01  2.57510E+00
  1.26953E-01  2.57220E+00
  1.30859E-01  2.56923E+00
  1.34766E-01  2.56619E+00
  1.38672E-01  2.56307E+00
  1.42578E-01  2.55987E+00
  1.46484E-01  2.55660E+00
  1.50391E-01  2.55326E+00
  1.54297E-01  2.54984E+00
  1.58203E-01  2.54635E+00
  1.62109E-01  2.54279E+00
  1.66016E-01  2.53915E+00
  1.69922E-01  2.53544E+00
  1.73828E-01  2.53166E+00
  1.77734E-01  2.52780E+00
  1.81641E-01  2.52388E+00
  1.85547E-01  2.51987E+00
  1.89453E-01  2.51580E+00
  1.93359E-01  2.51165E+00
  1.97266E-01  2.50743E+00
  2.01172E-01  2.50314E+00
  2.05078E-01  2.49877E+00
  2.08984E-01  2.49434E+00
  2.12891E-01  2.48983E+00
  2.16797E-01  2.48524E+00
  2.20703E-01  2.48059E+00
  2.24609E-01  2.47586E+00
  2.28516E-01  2.47106E+00
  2.32422E-01  2.46619E+00
  2.36328E-01  2.46125E+00
  2.40234E-01  2.45623E+00
  2.44141E-01  2.45114E+00
  2.48047E-01  2.44598E+00
  2.51953E-01  2.44074E+00
  2.55859E-01  2.43543E+00
  2.59766E-01  2.43006E+00
  2.63672E-01  2.42460E+00
  2.67578E-01  2.41908E+00
  2.71484E-01  2.41348E+00
  2.75391E-01  2.40781E+00
  2.79297E-01  2.40206E+00
  2.83203E-01  2.39624E+00
  2.87109E-01  2.39035E+00
  2.91016E-01  2.38438E+00
  2.94922E-01  2.37834E+00
  2.98828E-01  2.37222E+00
  3.02734E-01  2.36604E+00
  3.06641E-01  2.35977E+00
  3.10547E-01  2.35344E+00
  3.14453E-01  2.34702E+00
  3.18359E-01  2.34053E+00
  3.22266E-01  2.33397E+00
  3.26172E-01  2.32732E+00
  3.30078E-01  2.32061E+00
  3.33984E-01  2.31381E+00
  3.37891E-01  2.30694E+00
  3.41797E-01  2.29999E+00
  3.45703E-01  2.29296E+00
  3.49609E-01  2.28585E+00
  3.53516E-01  2.27867E+00
  3.57422E-01  2.27140E+00
  3.61328E-01  2.26406E+00
  3.65234E-01  2.25664E+00
  3.69141E-01  2.24914E+00
  3.73047E-01  2.24155E+00
  3.76953E-01  2.23389E+00
  3.80859E-01  2.22614E+00
  3.84766E-01  2.21831E+00
  3.88672E-01  2.21040E+00
  3.92578E-01  2.20240E+00
  3.96484E-01  2.19432E+00
  4.00391E-01  2.18615E+00
  4.04297E-01  2.17790E+00
  4.08203E-01  2.16955E+00
  4.12109E-01  2.16112E+00
  4.16016E-01  2.15260E+00
  4.19922E-01  2.14400E+00
  4.23828E-01  2.13530E+00
  4.27734E-01  2.12651E+00
  4.31641E-01  2.11763E+00
  4.35547E-01  2.10866E+00
  4.39453E-01  2.09960E+00
  4.43359E-01  2.09044E+00
  4.47266E-01  2.08119E+00
  4.51172E-01  2.07184E+00
  4.55078E-01  2.06239E+00
  4.58984E-01  2.05284E+00
  4.62891E-01  2.04320E+00
  4.66797E-01  2.03345E+00
  4.70703E-01  2.02359E+00
  4.74609E-01  2.01364E+00
  4.78516E-01  2.00358E+00
  4.82422E-01  1.99341E+00
  4.86328E-01  1.98313E+00
  4.90234E-01  1.97274E+00
  4.94141E-01  1.96223E+00
  4.98047E-01  1.95161E+00
  5.01953E-01  1.94087E+00
  5.05859E-01  1.93001E+00
  5.09766E-01  1.91904E+00
  5.13672E-01  1.90793E+00
  5.17578E-01  1.89670E+00
  5.21484E-01  1.88535E+00
  5.25391E-01  1.87386E+00
  5.29297E-01  1.86224E+00
  5.33203E-01  1.85048E+00
  5.37109E-01  1.83859E+00
  5.41016E-01  1.82655E+00
  5.44922E-01  1.81436E+00
  5.48828E-01  1.80202E+00
  5.52734E-01  1.78954E+00
  5.56641E-01  1.77689E+00
  5.60547E-01  1.76408E+00
  5.64453E-01  1.75111E+00
  5.68359E-01  1.73796E+00
  5.72266E-01  1.72464E+00
  5.76172E-01  1.71114E+00
  5.80078E-01  1.69746E+00
  5.83984E-01  1.68358E+00
  5.87891E-01  1.66950E+00
  5.91797E-01  1.65521E+00
  5.95703E-01  1.64071E+00
  5.99609E-01  1.62599E+00
  6.03516E-01  1.61103E+00
  6.07422E-01  1.59585E+00
  6.11328E-01  1.58041E+00
  6.15234E-01  1.56471E+00
  6.19141E-01  1.54874E+00
  6.23047E-01  1.53249E+00
  6.26953E-01  1.51594E+00
  6.30859E-01  1.49908E+00
  6.34766E-01  1.48189E+00
  6.38672E-01  1.46436E+00
  6.42578E-01  1.44647E+00
  6.46484E-01  1.42819E+00
  6.50391E-01  1.40950E+00
  6.54297E-01  1.39038E+00
  6.58203E-01  1.37079E+00
  6.62109E-01  1.35071E+00
  6.66016E-01  1.33010E+00
  6.69922E-01  1.30892E+00
  6.73828E-01  1.28712E+00
  6.77734E-01  1.26465E+00
  6.81641E-01  1.24143E+00
  6.85547E-01  1.21741E+00
  6.89453E-01  1.19248E+00
  6.93359E-01  1.16654E+00
  6.97266E-01  1.13947E+00
  7.01172E-01  1.11110E+00
  7.05078E-01  1.08123E+00
  7.08984E-01  1.04960E+00
  7.12891E-01  1.01586E+00
  7.16797E-01  9.79430E-01
  7.20703E-01  9.38595E-01
  7.24609E-01  8.83099E-01
  7.28516E-01  7.56366E-01
  7.32422E-01  1.74147E-03
  7.36328E-01  1.72083E-03
  7.40234E-01  1.69363E-03
  7.44141E-01  1.66762E-03
  7.48047E-01  1.64159E-03
  7.51953E-01  1.61658E-03
  7.55859E-01  1.59157E-03
  7.59766E-01  1.56753E-03
  7.63672E-01  1.54348E-03
  7.67578E-01  1.52044E-03
  7.71484E-01  1.49744E-03
  7.75391E-01  1.47536E-03
  7.79297E-01  1.45325E-03
  7.83203E-01  1.43196E-03
  7.87109E-01  1.41068E-03
  7.91016E-01  1.39026E-03
  7.94922E-01  1.36985E-03
  7.98828E-01  1.35026E-03
  8.02734E-01  1.33066E-03
  8.06641E-01  1.31181E-03
  8.10547E-01  1.29297E-03
  8.14453E-01  1.27483E-03
  8.18359E-01  1.25666E-03
  8.22266E-01  1.23920E-03
  8.26172E-01  1.22173E-03
  8.30078E-01  1.20490E-03
  8.33984E-01  1.18806E-03
  8.37891E-01  1.17187E-03
  8.41797E-01  1.15567E-03
  8.45703E-01  1.14008E-03
  8.49609E-01  1.12449E-03
  8.53516E-01  1.10950E-03
  8.57422E-01  1.09450E-03
  8.61328E-01  1.08008E-03
  8.65234E-01  1.06564E-03
  8.69141E-01  1.05174E-03
  8.73047E-01  1.03782E-03
  8.76953E-01  1.02441E-03
  8.80859E-01  1.01100E-03
  8.84766E-01  9.98069E-04
  8.88672E-01  9.85128E-04
  8.92578E-01  9.72656E-04
  8.96484E-01  9.60167E-04
  9.00391E-01  9.48129E-04
  9.04297E-01  9.36094E-04
  9.08203E-01  9.24526E-04
  9.12109E-01  9.12950E-04
  9.16016E-01  9.01797E-04
  9.19922E-01  8.90644E-04
  9.23828E-01  8.79898E-04
  9.27734E-01  8.69149E-04
  9.31641E-01  8.58760E-04
  9.35547E-01  8.48362E-04
  9.39453E-01  8.38299E-04
  9.43359E-01  8.28249E-04
  9.47266E-01  8.18582E-04
  9.51172E-01  8.08921E-04
  9.55078E-01  7.99587E-04
  9.58984E-01  7.90234E-04
  9.62891E-01  7.81257E-04
  9.66797E-01  7.72370E-04
  9.70703E-01  7.63593E-04
  9.74609E-01  7.55165E-04
  9.78516E-01  7.46743E-04
  9.82422E-01  7.38842E-04
  9.86328E-01  7.31007E-04
  9.90234E-01  7.24074E-04
  9.94141E-01  7.17939E-04
  9.98047E-01  7.15112E-04
  1.00195E+00  7.15112E-04
