 -1.95312E-03  2.62606E+00
  1.95312E-03  2.62609E+00
  5.85938E-03  2.62559E+00
  9.76562E-03  2.62509E+00
  1.36719E-02  2.62450E+00
  1.75781E-02  2.62384E+00
  2.14844E-02  2.62309E+00
  2.53906E-02  2.62225E+00
  2.92969E-02  2.62133E+00
  3.32031E-02  2.62033E+00
  3.71094E-02  2.61925E+00
  4.10156E-02  2.61808E+00
  4.49219E-02  2.61683E+00
  4.88281E-02  2.61550E+00
  5.27344E-02  2.61409E+00
  5.66406E-02  2.61259E+00
  6.05469E-02  2.61102E+00
  6.44531E-02  2.60936E+00
  6.83594E-02  2.60763E+00
  7.22656E-02  2.60581E+00
  7.61719E-02  2.60392E+00
  8.00781E-02  2.60194E+00
  8.39844E-02  2.59989E+00
  8.78906E-02  2.59776E+00
  9.17969E-02  2.59555E+00
  9.57031E-02  2.59326E+00
  9.96094E-02  2.59090E+00
  1.03516E-01  2.58846E+00
  1.07422E-01  2.58594E+00
  1.11328E-01  2.58335E+00
  1.15234E-01  2.58068E+00
  1.19141E-01  2.57793E+00
  1.23047E-01  2.57511E+00
  1.26953E-01  2.57222E+00
  1.30859E-01  2.56925E+00
  1.34766E-01  2.56620E+00
  1.38672E-01  2.56308E+00
  1.42578E-01  2.55989E+00
  1.46484E-01  2.55662E+00
  1.50391E-01  2.55328E+00
  1.54297E-01  2.54986E+00
  1.58203E-01  2.54637E+00
  1.62109E-01  2.54281E+00
  1.66016E-01  2.53917E+00
  1.69922E-01  2.53546E+00
  1.73828E-01  2.53168E+00
  1.77734E-01  2.52782E+00
  1.81641E-01  2.52389E+00
  1.85547E-01  2.51989E+00
  1.89453E-01  2.51582E+00
  1.93359E-01  2.51167E+00
  1.97266E-01  2.50745E+00
  2.01172E-01  2.50316E+00
  2.05078E-01  2.49880E+00
  2.08984E-01  2.49436E+00
  2.12891E-01  2.48985E+00
  2.16797E-01  2.48527E+00
  2.20703E-01  2.48061E+00
  2.24609E-01  2.47589E+00
  2.28516E-01  2.47109E+00
  2.32422E-01  2.46622E+00
  2.36328E-01  2.46127E+00
  2.40234E-01  2.45625E+00
  2.44141E-01  2.45116E+00
  2.48047E-01  2.44600E+00
  2.51953E-01  2.44076E+00
  2.55859E-01  2.43546E+00
  2.59766E-01  2.43008E+00
  2.63672E-01  2.42463E+00
  2.67578E-01  2.41910E+00
  2.71484E-01  2.41350E+00
  2.75391E-01  2.40783E+00
  2.79297E-01  2.40209E+00
  2.83203E-01  2.39627E+00
  2.87109E-01  2.39037E+00
  2.91016E-01  2.38440E+00
  2.94922E-01  2.37836E+00
  2.98828E-01  2.37225E+00
  3.02734E-01  2.36606E+00
  3.06641E-01  2.35980E+00
  3.10547E-01  2.35346E+00
  3.14453E-01  2.34704E+00
  3.18359E-01  2.34055E+00
  3.22266E-01  2.33399E+00
  3.26172E-01  2.32735E+00
  3.30078E-01  2.32063E+00
  3.33984E-01  2.31383E+00
  3.37891E-01  2.30696E+00
  3.41797E-01  2.30001E+00
  3.45703E-01  2.29298E+00
  3.49609E-01  2.28587E+00
  3.53516E-01  2.27869E+00
  3.57422E-01  2.27142E+00
  3.61328E-01  2.26408E+00
  3.65234E-01  2.25666E+00
  3.69141E-01  2.24916E+00
  3.73047E-01  2.24157E+00
  3.76953E-01  2.23391E+00
  3.80859E-01  2.22616E+00
  3.84766E-01  2.21833E+00
  3.88672E-01  2.21042E+00
  3.92578E-01  2.20242E+00
  3.96484E-01  2.19434E+00
  4.00391E-01  2.18617E+00
  4.04297E-01  2.17792E+00
  4.08203E-01  2.16957E+00
  4.12109E-01  2.16114E+00
  4.16016E-01  2.15262E+00
  4.19922E-01  2.14401E+00
  4.23828E-01  2.13532E+00
  4.27734E-01  2.12653E+00
  4.31641E-01  2.11765E+00
  4.35547E-01  2.10868E+00
  4.39453E-01  2.09961E+00
  4.43359E-01  2.09045E+00
  4.47266E-01  2.08120E+00
  4.51172E-01  2.07185E+00
  4.55078E-01  2.06240E+00
  4.58984E-01  2.05285E+00
  4.62891E-01  2.04321E+00
  4.66797E-01  2.03346E+00
  4.70703E-01  2.02360E+00
  4.74609E-01  2.01365E+00
  4.78516E-01  2.00358E+00
  4.82422E-01  1.99341E+00
  4.86328E-01  1.98313E+00
  4.90234E-01  1.97274E+00
  4.94141E-01  1.96223E+00
  4.98047E-01  1.95161E+00
  5.01953E-01  1.94087E+00
  5.05859E-01  1.93001E+00
  5.09766E-01  1.91903E+00
  5.13672E-01  1.90793E+00
  5.17578E-01  1.89670E+00
  5.21484E-01  1.88534E+00
  5.25391E-01  1.87385E+00
  5.29297E-01  1.86223E+00
  5.33203E-01  1.85047E+00
  5.37109E-01  1.83858E+00
  5.41016E-01  1.82654E+00
  5.44922E-01  1.81435E+00
  5.48828E-01  1.80201E+00
  5.52734E-01  1.78952E+00
  5.56641E-01  1.77688E+00
  5.60547E-01  1.76407E+00
  5.64453E-01  1.75109E+00
  5.68359E-01  1.73795E+00
  5.72266E-01  1.72463E+00
  5.76172E-01  1.71112E+00
  5.80078E-01  1.69743E+00
  5.83984E-01  1.68355E+00
  5.87891E-01  1.66947E+00
  5.91797E-01  1.65518E+00
  5.95703E-01  1.64068E+00
  5.99609E-01  1.62596E+00
  6.03516E-01  1.61100E+00
  6.07422E-01  1.59581E+00
  6.11328E-01  1.58037E+00
  6.15234E-01  1.56467E+00
  6.19141E-01  1.54870E+00
  6.23047E-01  1.53245E+00
  6.26953E-01  1.51590E+00
  6.30859E-01  1.49904E+00
  6.34766E-01  1.48185E+00
  6.38672E-01  1.46432E+00
  6.42578E-01  1.44642E+00
  6.46484E-01  1.42814E+00
  6.50391E-01  1.40945E+00
  6.54297E-01  1.39032E+00
  6.58203E-01  1.37073E+00
  6.62109E-01  1.35065E+00
  6.66016E-01  1.33003E+00
  6.69922E-01  1.30884E+00
  6.73828E-01  1.28704E+00
  6.77734E-01  1.26456E+00
  6.81641E-01  1.24134E+00
  6.85547E-01  1.21731E+00
  6.89453E-01  1.19237E+00
  6.93359E-01  1.16643E+00
  6.97266E-01  1.13934E+00
  7.01172E-01  1.11096E+00
  7.05078E-01  1.08108E+00
  7.08984E-01  1.04943E+00
  7.12891E-01  1.01567E+00
  7.16797E-01  9.79204E-01
  7.20703E-01  9.38325E-01
  7.24609E-01  8.82713E-01
  7.28516E-01  7.55657E-01
  7.32422E-01  1.61064E-03
  7.36328E-01  1.59156E-03
  7.40234E-01  1.56640E-03
  7.44141E-01  1.54222E-03
  7.48047E-01  1.51805E-03
  7.51953E-01  1.49492E-03
  7.55859E-01  1.47182E-03
  7.59766E-01  1.44967E-03
  7.63672E-01  1.42751E-03
  7.67578E-01  1.40617E-03
  7.71484E-01  1.38483E-03
  7.75391E-01  1.36434E-03
  7.79297E-01  1.34390E-03
  7.83203E-01  1.32427E-03
  7.87109E-01  1.30466E-03
  7.91016E-01  1.28579E-03
  7.94922E-01  1.26695E-03
  7.98828E-01  1.24883E-03
  8.02734E-01  1.23068E-03
  8.06641E-01  1.21323E-03
  8.10547E-01  1.19579E-03
  8.14453E-01  1.17900E-03
  8.18359E-01  1.16219E-03
  8.22266E-01  1.14602E-03
  8.26172E-01  1.12986E-03
  8.30078E-01  1.11431E-03
  8.33984E-01  1.09875E-03
  8.37891E-01  1.08380E-03
  8.41797E-01  1.06883E-03
  8.45703E-01  1.05446E-03
  8.49609E-01  1.04006E-03
  8.53516E-01  1.02622E-03
  8.57422E-01  1.01237E-03
  8.61328E-01  9.99030E-04
  8.65234E-01  9.85679E-04
  8.69141E-01  9.72825E-04
  8.73047E-01  9.59956E-04
  8.76953E-01  9.47547E-04
  8.80859E-01  9.35130E-04
  8.84766E-01  9.23163E-04
  8.88672E-01  9.11186E-04
  8.92578E-01  8.99641E-04
  8.96484E-01  8.88100E-04
  9.00391E-01  8.77002E-04
  9.04297E-01  8.65894E-04
  9.08203E-01  8.55204E-04
  9.12109E-01  8.44499E-04
  9.16016E-01  8.34190E-04
  9.19922E-01  8.23873E-04
  9.23828E-01  8.13924E-04
  9.27734E-01  8.03951E-04
  9.31641E-01  7.94314E-04
  9.35547E-01  7.84666E-04
  9.39453E-01  7.75358E-04
  9.43359E-01  7.66076E-04
  9.47266E-01  7.57134E-04
  9.51172E-01  7.48169E-04
  9.55078E-01  7.39508E-04
  9.58984E-01  7.30862E-04
  9.62891E-01  7.22584E-04
  9.66797E-01  7.14296E-04
  9.70703E-01  7.06192E-04
  9.74609E-01  6.98381E-04
  9.78516E-01  6.90593E-04
  9.82422E-01  6.83298E-04
  9.86328E-01  6.76062E-04
  9.90234E-01  6.69658E-04
  9.94141E-01  6.63977E-04
  9.98047E-01  6.61360E-04
  1.00195E+00  6.61360E-04
