 -1.95312E-03  2.62551E+00
  1.95312E-03  2.62554E+00
  5.85938E-03  2.62504E+00
  9.76562E-03  2.62453E+00
  1.36719E-02  2.62395E+00
  1.75781E-02  2.62328E+00
  2.14844E-02  2.62253E+00
  2.53906E-02  2.62170E+00
  2.92969E-02  2.62078E+00
  3.32031E-02  2.61978E+00
  3.71094E-02  2.61870E+00
  4.10156E-02  2.61753E+00
  4.49219E-02  2.61628E+00
  4.88281E-02  2.61495E+00
  5.27344E-02  2.61353E+00
  5.66406E-02  2.61204E+00
  6.05469E-02  2.61046E+00
  6.44531E-02  2.60881E+00
  6.83594E-02  2.60707E+00
  7.22656E-02  2.60526E+00
  7.61719E-02  2.60336E+00
  8.00781E-02  2.60139E+00
  8.39844E-02  2.59934E+00
  8.78906E-02  2.59721E+00
  9.17969E-02  2.59500E+00
  9.57031E-02  2.59271E+00
  9.96094E-02  2.59035E+00
  1.03516E-01  2.58791E+00
  1.07422E-01  2.58539E+00
  1.11328E-01  2.58280E+00
  1.15234E-01  2.58013E+00
  1.19141E-01  2.57739E+00
  1.23047E-01  2.57457E+00
  1.26953E-01  2.57167E+00
  1.30859E-01  2.56870E+00
  1.34766E-01  2.56566E+00
  1.38672E-01  2.56254E+00
  1.42578E-01  2.55935E+00
  1.46484E-01  2.55608E+00
  1.50391E-01  2.55274E+00
  1.54297E-01  2.54932E+00
  1.58203E-01  2.54583E+00
  1.62109E-01  2.54227E+00
  1.66016E-01  2.53863E+00
  1.69922E-01  2.53492E+00
  1.73828E-01  2.53114E+00
  1.77734E-01  2.52729E+00
  1.81641E-01  2.52336E+00
  1.85547E-01  2.51936E+00
  1.89453E-01  2.51528E+00
  1.93359E-01  2.51114E+00
  1.97266E-01  2.50692E+00
  2.01172E-01  2.50263E+00
  2.05078E-01  2.49826E+00
  2.08984E-01  2.49383E+00
  2.12891E-01  2.48932E+00
  2.16797E-01  2.48474E+00
  2.20703E-01  2.48009E+00
  2.24609E-01  2.47536E+00
  2.28516E-01  2.47056E+00
  2.32422E-01  2.46569E+00
  2.36328E-01  2.46075E+00
  2.40234E-01  2.45573E+00
  2.44141E-01  2.45065E+00
  2.48047E-01  2.44548E+00
  2.51953E-01  2.44025E+00
  2.55859E-01  2.43495E+00
  2.59766E-01  2.42957E+00
  2.63672E-01  2.42412E+00
  2.67578E-01  2.41859E+00
  2.71484E-01  2.41299E+00
  2.75391E-01  2.40732E+00
  2.79297E-01  2.40158E+00
  2.83203E-01  2.39576E+00
  2.87109E-01  2.38987E+00
  2.91016E-01  2.38390E+00
  2.94922E-01  2.37786E+00
  2.98828E-01  2.37175E+00
  3.02734E-01  2.36556E+00
  3.06641E-01  2.35930E+00
  3.10547E-01  2.35296E+00
  3.14453E-01  2.34655E+00
  3.18359E-01  2.34006E+00
  3.22266E-01  2.33349E+00
  3.26172E-01  2.32685E+00
  3.30078E-01  2.32014E+00
  3.33984E-01  2.31334E+00
  3.37891E-01  2.30647E+00
  3.41797E-01  2.29952E+00
  3.45703E-01  2.29249E+00
  3.49609E-01  2.28538E+00
  3.53516E-01  2.27820E+00
  3.57422E-01  2.27094E+00
  3.61328E-01  2.26360E+00
  3.65234E-01  2.25618E+00
  3.69141E-01  2.24867E+00
  3.73047E-01  2.24109E+00
  3.76953E-01  2.23343E+00
  3.80859E-01  2.22568E+00
  3.84766E-01  2.21785E+00
  3.88672E-01  2.20994E+00
  3.92578E-01  2.20195E+00
  3.96484E-01  2.19386E+00
  4.00391E-01  2.18570E+00
  4.04297E-01  2.17744E+00
  4.08203E-01  2.16911E+00
  4.12109E-01  2.16068E+00
  4.16016E-01  2.15216E+00
  4.19922E-01  2.14356E+00
  4.23828E-01  2.13486E+00
  4.27734E-01  2.12608E+00
  4.31641E-01  2.11720E+00
  4.35547E-01  2.10824E+00
  4.39453E-01  2.09918E+00
  4.43359E-01  2.09003E+00
  4.47266E-01  2.08078E+00
  4.51172E-01  2.07143E+00
  4.55078E-01  2.06199E+00
  4.58984E-01  2.05246E+00
  4.62891E-01  2.04282E+00
  4.66797E-01  2.03308E+00
  4.70703E-01  2.02324E+00
  4.74609E-01  2.01329E+00
  4.78516E-01  2.00325E+00
  4.82422E-01  1.99309E+00
  4.86328E-01  1.98283E+00
  4.90234E-01  1.97245E+00
  4.94141E-01  1.96196E+00
  4.98047E-01  1.95136E+00
  5.01953E-01  1.94064E+00
  5.05859E-01  1.92980E+00
  5.09766E-01  1.91885E+00
  5.13672E-01  1.90777E+00
  5.17578E-01  1.89656E+00
  5.21484E-01  1.88523E+00
  5.25391E-01  1.87377E+00
  5.29297E-01  1.86218E+00
  5.33203E-01  1.85046E+00
  5.37109E-01  1.83859E+00
  5.41016E-01  1.82659E+00
  5.44922E-01  1.81444E+00
  5.48828E-01  1.80215E+00
  5.52734E-01  1.78970E+00
  5.56641E-01  1.77710E+00
  5.60547E-01  1.76434E+00
  5.64453E-01  1.75142E+00
  5.68359E-01  1.73832E+00
  5.72266E-01  1.72506E+00
  5.76172E-01  1.71161E+00
  5.80078E-01  1.69799E+00
  5.83984E-01  1.68417E+00
  5.87891E-01  1.67015E+00
  5.91797E-01  1.65594E+00
  5.95703E-01  1.64151E+00
  5.99609E-01  1.62686E+00
  6.03516E-01  1.61199E+00
  6.07422E-01  1.59688E+00
  6.11328E-01  1.58153E+00
  6.15234E-01  1.56592E+00
  6.19141E-01  1.55005E+00
  6.23047E-01  1.53390E+00
  6.26953E-01  1.51745E+00
  6.30859E-01  1.50070E+00
  6.34766E-01  1.48364E+00
  6.38672E-01  1.46623E+00
  6.42578E-01  1.44847E+00
  6.46484E-01  1.43033E+00
  6.50391E-01  1.41179E+00
  6.54297E-01  1.39282E+00
  6.58203E-01  1.37340E+00
  6.62109E-01  1.35350E+00
  6.66016E-01  1.33308E+00
  6.69922E-01  1.31210E+00
  6.73828E-01  1.29052E+00
  6.77734E-01  1.26828E+00
  6.81641E-01  1.24533E+00
  6.85547E-01  1.22159E+00
  6.89453E-01  1.19699E+00
  6.93359E-01  1.17141E+00
  6.97266E-01  1.14474E+00
  7.01172E-01  1.11684E+00
  7.05078E-01  1.08751E+00
  7.08984E-01  1.05652E+00
  7.12891E-01  1.02355E+00
  7.16797E-01  9.88079E-01
  7.20703E-01  9.48733E-01
  7.24609E-01  8.97034E-01
  7.28516E-01  7.80626E-01
  7.32422E-01  6.95699E-03
  7.36328E-01  6.87102E-03
  7.40234E-01  6.76351E-03
  7.44141E-01  6.66035E-03
  7.48047E-01  6.55704E-03
  7.51953E-01  6.45792E-03
  7.55859E-01  6.35874E-03
  7.59766E-01  6.26371E-03
  7.63672E-01  6.16877E-03
  7.67578E-01  6.07766E-03
  7.71484E-01  5.98636E-03
  7.75391E-01  5.89852E-03
  7.79297E-01  5.81071E-03
  7.83203E-01  5.72634E-03
  7.87109E-01  5.64201E-03
  7.91016E-01  5.56086E-03
  7.94922E-01  5.47974E-03
  7.98828E-01  5.40185E-03
  8.02734E-01  5.32392E-03
  8.06641E-01  5.24896E-03
  8.10547E-01  5.17389E-03
  8.14453E-01  5.10157E-03
  8.18359E-01  5.02934E-03
  8.22266E-01  4.95984E-03
  8.26172E-01  4.89024E-03
  8.30078E-01  4.82325E-03
  8.33984E-01  4.75634E-03
  8.37891E-01  4.69192E-03
  8.41797E-01  4.62738E-03
  8.45703E-01  4.56512E-03
  8.49609E-01  4.50286E-03
  8.53516E-01  4.44285E-03
  8.57422E-01  4.38280E-03
  8.61328E-01  4.32508E-03
  8.65234E-01  4.26733E-03
  8.69141E-01  4.21125E-03
  8.73047E-01  4.15579E-03
  8.76953E-01  4.10138E-03
  8.80859E-01  4.04812E-03
  8.84766E-01  3.99557E-03
  8.88672E-01  3.94412E-03
  8.92578E-01  3.89335E-03
  8.96484E-01  3.84385E-03
  9.00391E-01  3.79462E-03
  9.04297E-01  3.74688E-03
  9.08203E-01  3.69924E-03
  9.12109E-01  3.65331E-03
  9.16016E-01  3.60738E-03
  9.19922E-01  3.56300E-03
  9.23828E-01  3.51863E-03
  9.27734E-01  3.47572E-03
  9.31641E-01  3.43280E-03
  9.35547E-01  3.39143E-03
  9.39453E-01  3.35025E-03
  9.43359E-01  3.31049E-03
  9.47266E-01  3.27089E-03
  9.51172E-01  3.23239E-03
  9.55078E-01  3.19430E-03
  9.58984E-01  3.15781E-03
  9.62891E-01  3.12152E-03
  9.66797E-01  3.08671E-03
  9.70703E-01  3.05199E-03
  9.74609E-01  3.01939E-03
  9.78516E-01  2.98729E-03
  9.82422E-01  2.95672E-03
  9.86328E-01  2.92721E-03
  9.90234E-01  2.89914E-03
  9.94141E-01  2.87474E-03
  9.98047E-01  2.86346E-03
  1.00195E+00  2.86346E-03
