 -1.95312E-03  2.62592E+00
  1.95312E-03  2.62595E+00
  5.85938E-03  2.62545E+00
  9.76562E-03  2.62494E+00
  1.36719E-02  2.62436E+00
  1.75781E-02  2.62369E+00
  2.14844E-02  2.62294E+00
  2.53906E-02  2.62211E+00
  2.92969E-02  2.62119E+00
  3.32031E-02  2.62019E+00
  3.71094E-02  2.61911E+00
  4.10156E-02  2.61794E+00
  4.49219E-02  2.61669E+00
  4.88281E-02  2.61536E+00
  5.27344E-02  2.61394E+00
  5.66406E-02  2.61245E+00
  6.05469E-02  2.61087E+00
  6.44531E-02  2.60922E+00
  6.83594E-02  2.60748E+00
  7.22656E-02  2.60567E+00
  7.61719E-02  2.60377E+00
  8.00781E-02  2.60180E+00
  8.39844E-02  2.59975E+00
  8.78906E-02  2.59762E+00
  9.17969E-02  2.59541E+00
  9.57031E-02  2.59312E+00
  9.96094E-02  2.59076E+00
  1.03516E-01  2.58832E+00
  1.07422E-01  2.58580E+00
  1.11328E-01  2.58321E+00
  1.15234E-01  2.58054E+00
  1.19141E-01  2.57780E+00
  1.23047E-01  2.57498E+00
  1.26953E-01  2.57208E+00
  1.30859E-01  2.56911E+00
  1.34766E-01  2.56607E+00
  1.38672E-01  2.56295E+00
  1.42578E-01  2.55976E+00
  1.46484E-01  2.55649E+00
  1.50391E-01  2.55315E+00
  1.54297E-01  2.54973E+00
  1.58203E-01  2.54624E+00
  1.62109E-01  2.54268E+00
  1.66016E-01  2.53904E+00
  1.69922E-01  2.53533E+00
  1.73828E-01  2.53155E+00
  1.77734E-01  2.52769E+00
  1.81641E-01  2.52377E+00
  1.85547E-01  2.51976E+00
  1.89453E-01  2.51569E+00
  1.93359E-01  2.51154E+00
  1.97266E-01  2.50732E+00
  2.01172E-01  2.50303E+00
  2.05078E-01  2.49867E+00
  2.08984E-01  2.49423E+00
  2.12891E-01  2.48972E+00
  2.16797E-01  2.48514E+00
  2.20703E-01  2.48049E+00
  2.24609E-01  2.47576E+00
  2.28516E-01  2.47096E+00
  2.32422E-01  2.46609E+00
  2.36328E-01  2.46114E+00
  2.40234E-01  2.45613E+00
  2.44141E-01  2.45104E+00
  2.48047E-01  2.44588E+00
  2.51953E-01  2.44064E+00
  2.55859E-01  2.43533E+00
  2.59766E-01  2.42996E+00
  2.63672E-01  2.42450E+00
  2.67578E-01  2.41898E+00
  2.71484E-01  2.41338E+00
  2.75391E-01  2.40771E+00
  2.79297E-01  2.40196E+00
  2.83203E-01  2.39614E+00
  2.87109E-01  2.39025E+00
  2.91016E-01  2.38428E+00
  2.94922E-01  2.37824E+00
  2.98828E-01  2.37212E+00
  3.02734E-01  2.36593E+00
  3.06641E-01  2.35967E+00
  3.10547E-01  2.35333E+00
  3.14453E-01  2.34692E+00
  3.18359E-01  2.34043E+00
  3.22266E-01  2.33387E+00
  3.26172E-01  2.32722E+00
  3.30078E-01  2.32050E+00
  3.33984E-01  2.31371E+00
  3.37891E-01  2.30683E+00
  3.41797E-01  2.29988E+00
  3.45703E-01  2.29285E+00
  3.49609E-01  2.28575E+00
  3.53516E-01  2.27856E+00
  3.57422E-01  2.27130E+00
  3.61328E-01  2.26396E+00
  3.65234E-01  2.25654E+00
  3.69141E-01  2.24903E+00
  3.73047E-01  2.24145E+00
  3.76953E-01  2.23379E+00
  3.80859E-01  2.22604E+00
  3.84766E-01  2.21821E+00
  3.88672E-01  2.21030E+00
  3.92578E-01  2.20230E+00
  3.96484E-01  2.19422E+00
  4.00391E-01  2.18606E+00
  4.04297E-01  2.17780E+00
  4.08203E-01  2.16946E+00
  4.12109E-01  2.16103E+00
  4.16016E-01  2.15251E+00
  4.19922E-01  2.14391E+00
  4.23828E-01  2.13521E+00
  4.27734E-01  2.12642E+00
  4.31641E-01  2.11755E+00
  4.35547E-01  2.10858E+00
  4.39453E-01  2.09952E+00
  4.43359E-01  2.09036E+00
  4.47266E-01  2.08111E+00
  4.51172E-01  2.07177E+00
  4.55078E-01  2.06232E+00
  4.58984E-01  2.05278E+00
  4.62891E-01  2.04314E+00
  4.66797E-01  2.03339E+00
  4.70703E-01  2.02354E+00
  4.74609E-01  2.01359E+00
  4.78516E-01  2.00353E+00
  4.82422E-01  1.99336E+00
  4.86328E-01  1.98309E+00
  4.90234E-01  1.97270E+00
  4.94141E-01  1.96220E+00
  4.98047E-01  1.95159E+00
  5.01953E-01  1.94085E+00
  5.05859E-01  1.93000E+00
  5.09766E-01  1.91903E+00
  5.13672E-01  1.90793E+00
  5.17578E-01  1.89671E+00
  5.21484E-01  1.88536E+00
  5.25391E-01  1.87388E+00
  5.29297E-01  1.86227E+00
  5.33203E-01  1.85052E+00
  5.37109E-01  1.83863E+00
  5.41016E-01  1.82660E+00
  5.44922E-01  1.81442E+00
  5.48828E-01  1.80210E+00
  5.52734E-01  1.78962E+00
  5.56641E-01  1.77698E+00
  5.60547E-01  1.76418E+00
  5.64453E-01  1.75122E+00
  5.68359E-01  1.73808E+00
  5.72266E-01  1.72477E+00
  5.76172E-01  1.71128E+00
  5.80078E-01  1.69760E+00
  5.83984E-01  1.68373E+00
  5.87891E-01  1.66966E+00
  5.91797E-01  1.65539E+00
  5.95703E-01  1.64090E+00
  5.99609E-01  1.62619E+00
  6.03516E-01  1.61126E+00
  6.07422E-01  1.59608E+00
  6.11328E-01  1.58066E+00
  6.15234E-01  1.56498E+00
  6.19141E-01  1.54903E+00
  6.23047E-01  1.53280E+00
  6.26953E-01  1.51627E+00
  6.30859E-01  1.49943E+00
  6.34766E-01  1.48227E+00
  6.38672E-01  1.46477E+00
  6.42578E-01  1.44690E+00
  6.46484E-01  1.42864E+00
  6.50391E-01  1.40999E+00
  6.54297E-01  1.39090E+00
  6.58203E-01  1.37134E+00
  6.62109E-01  1.35130E+00
  6.66016E-01  1.33073E+00
  6.69922E-01  1.30959E+00
  6.73828E-01  1.28783E+00
  6.77734E-01  1.26540E+00
  6.81641E-01  1.24224E+00
  6.85547E-01  1.21828E+00
  6.89453E-01  1.19342E+00
  6.93359E-01  1.16755E+00
  6.97266E-01  1.14056E+00
  7.01172E-01  1.11229E+00
  7.05078E-01  1.08253E+00
  7.08984E-01  1.05104E+00
  7.12891E-01  1.01747E+00
  7.16797E-01  9.81240E-01
  7.20703E-01  9.40737E-01
  7.24609E-01  8.86134E-01
  7.28516E-01  7.61850E-01
  7.32422E-01  2.67739E-03
  7.36328E-01  2.64543E-03
  7.40234E-01  2.60361E-03
  7.44141E-01  2.56350E-03
  7.48047E-01  2.52344E-03
  7.51953E-01  2.48500E-03
  7.55859E-01  2.44663E-03
  7.59766E-01  2.40978E-03
  7.63672E-01  2.37289E-03
  7.67578E-01  2.33751E-03
  7.71484E-01  2.30210E-03
  7.75391E-01  2.26807E-03
  7.79297E-01  2.23401E-03
  7.83203E-01  2.20140E-03
  7.87109E-01  2.16877E-03
  7.91016E-01  2.13740E-03
  7.94922E-01  2.10600E-03
  7.98828E-01  2.07579E-03
  8.02734E-01  2.04555E-03
  8.06641E-01  2.01650E-03
  8.10547E-01  1.98743E-03
  8.14453E-01  1.95955E-03
  8.18359E-01  1.93167E-03
  8.22266E-01  1.90481E-03
  8.26172E-01  1.87792E-03
  8.30078E-01  1.85201E-03
  8.33984E-01  1.82611E-03
  8.37891E-01  1.80119E-03
  8.41797E-01  1.77626E-03
  8.45703E-01  1.75227E-03
  8.49609E-01  1.72825E-03
  8.53516E-01  1.70514E-03
  8.57422E-01  1.68201E-03
  8.61328E-01  1.65977E-03
  8.65234E-01  1.63754E-03
  8.69141E-01  1.61610E-03
  8.73047E-01  1.59466E-03
  8.76953E-01  1.57395E-03
  8.80859E-01  1.55325E-03
  8.84766E-01  1.53326E-03
  8.88672E-01  1.51329E-03
  8.92578E-01  1.49402E-03
  8.96484E-01  1.47479E-03
  9.00391E-01  1.45628E-03
  9.04297E-01  1.43778E-03
  9.08203E-01  1.41997E-03
  9.12109E-01  1.40212E-03
  9.16016E-01  1.38493E-03
  9.19922E-01  1.36775E-03
  9.23828E-01  1.35117E-03
  9.27734E-01  1.33455E-03
  9.31641E-01  1.31855E-03
  9.35547E-01  1.30257E-03
  9.39453E-01  1.28725E-03
  9.43359E-01  1.27190E-03
  9.47266E-01  1.25714E-03
  9.51172E-01  1.24258E-03
  9.55078E-01  1.22812E-03
  9.58984E-01  1.21417E-03
  9.62891E-01  1.20021E-03
  9.66797E-01  1.18681E-03
  9.70703E-01  1.17341E-03
  9.74609E-01  1.16064E-03
  9.78516E-01  1.14783E-03
  9.82422E-01  1.13572E-03
  9.86328E-01  1.12362E-03
  9.90234E-01  1.11277E-03
  9.94141E-01  1.10343E-03
  9.98047E-01  1.09909E-03
  1.00195E+00  1.09909E-03
