 -1.95312E-03  2.62574E+00
  1.95312E-03  2.62577E+00
  5.85938E-03  2.62527E+00
  9.76562E-03  2.62476E+00
  1.36719E-02  2.62418E+00
  1.75781E-02  2.62351E+00
  2.14844E-02  2.62276E+00
  2.53906E-02  2.62193E+00
  2.92969E-02  2.62101E+00
  3.32031E-02  2.62001E+00
  3.71094E-02  2.61893E+00
  4.10156E-02  2.61776E+00
  4.49219E-02  2.61651E+00
  4.88281E-02  2.61518E+00
  5.27344E-02  2.61376E+00
  5.66406E-02  2.61227E+00
  6.05469E-02  2.61070E+00
  6.44531E-02  2.60904E+00
  6.83594E-02  2.60730E+00
  7.22656E-02  2.60549E+00
  7.61719E-02  2.60359E+00
  8.00781E-02  2.60162E+00
  8.39844E-02  2.59957E+00
  8.78906E-02  2.59744E+00
  9.17969E-02  2.59523E+00
  9.57031E-02  2.59294E+00
  9.96094E-02  2.59058E+00
  1.03516E-01  2.58814E+00
  1.07422E-01  2.58562E+00
  1.11328E-01  2.58303E+00
  1.15234E-01  2.58037E+00
  1.19141E-01  2.57762E+00
  1.23047E-01  2.57480E+00
  1.26953E-01  2.57191E+00
  1.30859E-01  2.56894E+00
  1.34766E-01  2.56589E+00
  1.38672E-01  2.56277E+00
  1.42578E-01  2.55958E+00
  1.46484E-01  2.55631E+00
  1.50391E-01  2.55297E+00
  1.54297E-01  2.54955E+00
  1.58203E-01  2.54607E+00
  1.62109E-01  2.54250E+00
  1.66016E-01  2.53887E+00
  1.69922E-01  2.53516E+00
  1.73828E-01  2.53137E+00
  1.77734E-01  2.52752E+00
  1.81641E-01  2.52359E+00
  1.85547E-01  2.51959E+00
  1.89453E-01  2.51551E+00
  1.93359E-01  2.51137E+00
  1.97266E-01  2.50715E+00
  2.01172E-01  2.50286E+00
  2.05078E-01  2.49849E+00
  2.08984E-01  2.49406E+00
  2.12891E-01  2.48955E+00
  2.16797E-01  2.48497E+00
  2.20703E-01  2.48031E+00
  2.24609E-01  2.47559E+00
  2.28516E-01  2.47079E+00
  2.32422E-01  2.46592E+00
  2.36328E-01  2.46098E+00
  2.40234E-01  2.45596E+00
  2.44141E-01  2.45087E+00
  2.48047E-01  2.44571E+00
  2.51953E-01  2.44047E+00
  2.55859E-01  2.43517E+00
  2.59766E-01  2.42979E+00
  2.63672E-01  2.42434E+00
  2.67578E-01  2.41881E+00
  2.71484E-01  2.41321E+00
  2.75391E-01  2.40754E+00
  2.79297E-01  2.40180E+00
  2.83203E-01  2.39598E+00
  2.87109E-01  2.39008E+00
  2.91016E-01  2.38411E+00
  2.94922E-01  2.37807E+00
  2.98828E-01  2.37196E+00
  3.02734E-01  2.36577E+00
  3.06641E-01  2.35951E+00
  3.10547E-01  2.35317E+00
  3.14453E-01  2.34675E+00
  3.18359E-01  2.34026E+00
  3.22266E-01  2.33370E+00
  3.26172E-01  2.32706E+00
  3.30078E-01  2.32034E+00
  3.33984E-01  2.31355E+00
  3.37891E-01  2.30667E+00
  3.41797E-01  2.29972E+00
  3.45703E-01  2.29269E+00
  3.49609E-01  2.28559E+00
  3.53516E-01  2.27841E+00
  3.57422E-01  2.27114E+00
  3.61328E-01  2.26380E+00
  3.65234E-01  2.25638E+00
  3.69141E-01  2.24888E+00
  3.73047E-01  2.24130E+00
  3.76953E-01  2.23363E+00
  3.80859E-01  2.22589E+00
  3.84766E-01  2.21806E+00
  3.88672E-01  2.21015E+00
  3.92578E-01  2.20215E+00
  3.96484E-01  2.19407E+00
  4.00391E-01  2.18590E+00
  4.04297E-01  2.17765E+00
  4.08203E-01  2.16931E+00
  4.12109E-01  2.16088E+00
  4.16016E-01  2.15237E+00
  4.19922E-01  2.14376E+00
  4.23828E-01  2.13506E+00
  4.27734E-01  2.12628E+00
  4.31641E-01  2.11740E+00
  4.35547E-01  2.10844E+00
  4.39453E-01  2.09938E+00
  4.43359E-01  2.09022E+00
  4.47266E-01  2.08097E+00
  4.51172E-01  2.07163E+00
  4.55078E-01  2.06219E+00
  4.58984E-01  2.05265E+00
  4.62891E-01  2.04301E+00
  4.66797E-01  2.03327E+00
  4.70703E-01  2.02342E+00
  4.74609E-01  2.01348E+00
  4.78516E-01  2.00342E+00
  4.82422E-01  1.99326E+00
  4.86328E-01  1.98300E+00
  4.90234E-01  1.97262E+00
  4.94141E-01  1.96212E+00
  4.98047E-01  1.95152E+00
  5.01953E-01  1.94079E+00
  5.05859E-01  1.92995E+00
  5.09766E-01  1.91899E+00
  5.13672E-01  1.90790E+00
  5.17578E-01  1.89669E+00
  5.21484E-01  1.88535E+00
  5.25391E-01  1.87388E+00
  5.29297E-01  1.86228E+00
  5.33203E-01  1.85054E+00
  5.37109E-01  1.83867E+00
  5.41016E-01  1.82665E+00
  5.44922E-01  1.81449E+00
  5.48828E-01  1.80218E+00
  5.52734E-01  1.78972E+00
  5.56641E-01  1.77710E+00
  5.60547E-01  1.76432E+00
  5.64453E-01  1.75137E+00
  5.68359E-01  1.73826E+00
  5.72266E-01  1.72497E+00
  5.76172E-01  1.71150E+00
  5.80078E-01  1.69785E+00
  5.83984E-01  1.68400E+00
  5.87891E-01  1.66996E+00
  5.91797E-01  1.65571E+00
  5.95703E-01  1.64124E+00
  5.99609E-01  1.62656E+00
  6.03516E-01  1.61165E+00
  6.07422E-01  1.59651E+00
  6.11328E-01  1.58111E+00
  6.15234E-01  1.56547E+00
  6.19141E-01  1.54955E+00
  6.23047E-01  1.53335E+00
  6.26953E-01  1.51686E+00
  6.30859E-01  1.50007E+00
  6.34766E-01  1.48295E+00
  6.38672E-01  1.46549E+00
  6.42578E-01  1.44767E+00
  6.46484E-01  1.42946E+00
  6.50391E-01  1.41086E+00
  6.54297E-01  1.39182E+00
  6.58203E-01  1.37233E+00
  6.62109E-01  1.35235E+00
  6.66016E-01  1.33185E+00
  6.69922E-01  1.31078E+00
  6.73828E-01  1.28910E+00
  6.77734E-01  1.26675E+00
  6.81641E-01  1.24368E+00
  6.85547E-01  1.21981E+00
  6.89453E-01  1.19506E+00
  6.93359E-01  1.16932E+00
  6.97266E-01  1.14248E+00
  7.01172E-01  1.11437E+00
  7.05078E-01  1.08480E+00
  7.08984E-01  1.05354E+00
  7.12891E-01  1.02023E+00
  7.16797E-01  9.84348E-01
  7.20703E-01  9.44364E-01
  7.24609E-01  8.91091E-01
  7.28516E-01  7.70443E-01
  7.32422E-01  4.27644E-03
  7.36328E-01  4.22485E-03
  7.40234E-01  4.15818E-03
  7.44141E-01  4.09440E-03
  7.48047E-01  4.03070E-03
  7.51953E-01  3.96967E-03
  7.55859E-01  3.90856E-03
  7.59766E-01  3.84983E-03
  7.63672E-01  3.79107E-03
  7.67578E-01  3.73467E-03
  7.71484E-01  3.67825E-03
  7.75391E-01  3.62409E-03
  7.79297E-01  3.56989E-03
  7.83203E-01  3.51786E-03
  7.87109E-01  3.46582E-03
  7.91016E-01  3.41587E-03
  7.94922E-01  3.36586E-03
  7.98828E-01  3.31772E-03
  8.02734E-01  3.26957E-03
  8.06641E-01  3.22324E-03
  8.10547E-01  3.17691E-03
  8.14453E-01  3.13237E-03
  8.18359E-01  3.08782E-03
  8.22266E-01  3.04491E-03
  8.26172E-01  3.00205E-03
  8.30078E-01  2.96074E-03
  8.33984E-01  2.91948E-03
  8.37891E-01  2.87966E-03
  8.41797E-01  2.83983E-03
  8.45703E-01  2.80148E-03
  8.49609E-01  2.76311E-03
  8.53516E-01  2.72619E-03
  8.57422E-01  2.68923E-03
  8.61328E-01  2.65353E-03
  8.65234E-01  2.61783E-03
  8.69141E-01  2.58350E-03
  8.73047E-01  2.54920E-03
  8.76953E-01  2.51612E-03
  8.80859E-01  2.48296E-03
  8.84766E-01  2.45095E-03
  8.88672E-01  2.41894E-03
  8.92578E-01  2.38811E-03
  8.96484E-01  2.35726E-03
  9.00391E-01  2.32746E-03
  9.04297E-01  2.29766E-03
  9.08203E-01  2.26905E-03
  9.12109E-01  2.24044E-03
  9.16016E-01  2.21272E-03
  9.19922E-01  2.18527E-03
  9.23828E-01  2.15830E-03
  9.27734E-01  2.13197E-03
  9.31641E-01  2.10584E-03
  9.35547E-01  2.08069E-03
  9.39453E-01  2.05557E-03
  9.43359E-01  2.03148E-03
  9.47266E-01  2.00733E-03
  9.51172E-01  1.98408E-03
  9.55078E-01  1.96081E-03
  9.58984E-01  1.93865E-03
  9.62891E-01  1.91655E-03
  9.66797E-01  1.89551E-03
  9.70703E-01  1.87441E-03
  9.74609E-01  1.85423E-03
  9.78516E-01  1.83404E-03
  9.82422E-01  1.81512E-03
  9.86328E-01  1.79616E-03
  9.90234E-01  1.77853E-03
  9.94141E-01  1.76363E-03
  9.98047E-01  1.75666E-03
  1.00195E+00  1.75666E-03
