 -1.95312E-03  2.62567E+00
  1.95312E-03  2.62569E+00
  5.85938E-03  2.62520E+00
  9.76562E-03  2.62469E+00
  1.36719E-02  2.62410E+00
  1.75781E-02  2.62344E+00
  2.14844E-02  2.62269E+00
  2.53906E-02  2.62186E+00
  2.92969E-02  2.62094E+00
  3.32031E-02  2.61994E+00
  3.71094E-02  2.61885E+00
  4.10156E-02  2.61768E+00
  4.49219E-02  2.61644E+00
  4.88281E-02  2.61510E+00
  5.27344E-02  2.61369E+00
  5.66406E-02  2.61220E+00
  6.05469E-02  2.61062E+00
  6.44531E-02  2.60897E+00
  6.83594E-02  2.60723E+00
  7.22656E-02  2.60542E+00
  7.61719E-02  2.60352E+00
  8.00781E-02  2.60155E+00
  8.39844E-02  2.59949E+00
  8.78906E-02  2.59736E+00
  9.17969E-02  2.59515E+00
  9.57031E-02  2.59287E+00
  9.96094E-02  2.59051E+00
  1.03516E-01  2.58807E+00
  1.07422E-01  2.58555E+00
  1.11328E-01  2.58296E+00
  1.15234E-01  2.58029E+00
  1.19141E-01  2.57755E+00
  1.23047E-01  2.57473E+00
  1.26953E-01  2.57183E+00
  1.30859E-01  2.56886E+00
  1.34766E-01  2.56582E+00
  1.38672E-01  2.56270E+00
  1.42578E-01  2.55951E+00
  1.46484E-01  2.55624E+00
  1.50391E-01  2.55290E+00
  1.54297E-01  2.54948E+00
  1.58203E-01  2.54599E+00
  1.62109E-01  2.54243E+00
  1.66016E-01  2.53879E+00
  1.69922E-01  2.53508E+00
  1.73828E-01  2.53130E+00
  1.77734E-01  2.52745E+00
  1.81641E-01  2.52352E+00
  1.85547E-01  2.51952E+00
  1.89453E-01  2.51544E+00
  1.93359E-01  2.51130E+00
  1.97266E-01  2.50708E+00
  2.01172E-01  2.50279E+00
  2.05078E-01  2.49842E+00
  2.08984E-01  2.49399E+00
  2.12891E-01  2.48948E+00
  2.16797E-01  2.48490E+00
  2.20703E-01  2.48025E+00
  2.24609E-01  2.47552E+00
  2.28516E-01  2.47072E+00
  2.32422E-01  2.46585E+00
  2.36328E-01  2.46091E+00
  2.40234E-01  2.45589E+00
  2.44141E-01  2.45080E+00
  2.48047E-01  2.44564E+00
  2.51953E-01  2.44041E+00
  2.55859E-01  2.43510E+00
  2.59766E-01  2.42972E+00
  2.63672E-01  2.42427E+00
  2.67578E-01  2.41875E+00
  2.71484E-01  2.41315E+00
  2.75391E-01  2.40748E+00
  2.79297E-01  2.40173E+00
  2.83203E-01  2.39591E+00
  2.87109E-01  2.39002E+00
  2.91016E-01  2.38405E+00
  2.94922E-01  2.37801E+00
  2.98828E-01  2.37189E+00
  3.02734E-01  2.36570E+00
  3.06641E-01  2.35944E+00
  3.10547E-01  2.35310E+00
  3.14453E-01  2.34669E+00
  3.18359E-01  2.34020E+00
  3.22266E-01  2.33364E+00
  3.26172E-01  2.32700E+00
  3.30078E-01  2.32028E+00
  3.33984E-01  2.31348E+00
  3.37891E-01  2.30661E+00
  3.41797E-01  2.29966E+00
  3.45703E-01  2.29263E+00
  3.49609E-01  2.28553E+00
  3.53516E-01  2.27834E+00
  3.57422E-01  2.27108E+00
  3.61328E-01  2.26374E+00
  3.65234E-01  2.25632E+00
  3.69141E-01  2.24882E+00
  3.73047E-01  2.24123E+00
  3.76953E-01  2.23357E+00
  3.80859E-01  2.22582E+00
  3.84766E-01  2.21799E+00
  3.88672E-01  2.21008E+00
  3.92578E-01  2.20209E+00
  3.96484E-01  2.19401E+00
  4.00391E-01  2.18584E+00
  4.04297E-01  2.17759E+00
  4.08203E-01  2.16925E+00
  4.12109E-01  2.16082E+00
  4.16016E-01  2.15230E+00
  4.19922E-01  2.14370E+00
  4.23828E-01  2.13500E+00
  4.27734E-01  2.12622E+00
  4.31641E-01  2.11734E+00
  4.35547E-01  2.10838E+00
  4.39453E-01  2.09932E+00
  4.43359E-01  2.09016E+00
  4.47266E-01  2.08091E+00
  4.51172E-01  2.07157E+00
  4.55078E-01  2.06213E+00
  4.58984E-01  2.05259E+00
  4.62891E-01  2.04295E+00
  4.66797E-01  2.03321E+00
  4.70703E-01  2.02337E+00
  4.74609E-01  2.01342E+00
  4.78516E-01  2.00337E+00
  4.82422E-01  1.99321E+00
  4.86328E-01  1.98294E+00
  4.90234E-01  1.97257E+00
  4.94141E-01  1.96208E+00
  4.98047E-01  1.95147E+00
  5.01953E-01  1.94075E+00
  5.05859E-01  1.92991E+00
  5.09766E-01  1.91895E+00
  5.13672E-01  1.90787E+00
  5.17578E-01  1.89666E+00
  5.21484E-01  1.88532E+00
  5.25391E-01  1.87386E+00
  5.29297E-01  1.86226E+00
  5.33203E-01  1.85053E+00
  5.37109E-01  1.83866E+00
  5.41016E-01  1.82664E+00
  5.44922E-01  1.81449E+00
  5.48828E-01  1.80218E+00
  5.52734E-01  1.78973E+00
  5.56641E-01  1.77711E+00
  5.60547E-01  1.76434E+00
  5.64453E-01  1.75140E+00
  5.68359E-01  1.73830E+00
  5.72266E-01  1.72502E+00
  5.76172E-01  1.71156E+00
  5.80078E-01  1.69791E+00
  5.83984E-01  1.68408E+00
  5.87891E-01  1.67004E+00
  5.91797E-01  1.65580E+00
  5.95703E-01  1.64135E+00
  5.99609E-01  1.62669E+00
  6.03516E-01  1.61179E+00
  6.07422E-01  1.59665E+00
  6.11328E-01  1.58127E+00
  6.15234E-01  1.56564E+00
  6.19141E-01  1.54973E+00
  6.23047E-01  1.53355E+00
  6.26953E-01  1.51707E+00
  6.30859E-01  1.50029E+00
  6.34766E-01  1.48319E+00
  6.38672E-01  1.46574E+00
  6.42578E-01  1.44794E+00
  6.46484E-01  1.42975E+00
  6.50391E-01  1.41116E+00
  6.54297E-01  1.39215E+00
  6.58203E-01  1.37268E+00
  6.62109E-01  1.35272E+00
  6.66016E-01  1.33224E+00
  6.69922E-01  1.31120E+00
  6.73828E-01  1.28955E+00
  6.77734E-01  1.26724E+00
  6.81641E-01  1.24421E+00
  6.85547E-01  1.22039E+00
  6.89453E-01  1.19568E+00
  6.93359E-01  1.16999E+00
  6.97266E-01  1.14319E+00
  7.01172E-01  1.11514E+00
  7.05078E-01  1.08564E+00
  7.08984E-01  1.05445E+00
  7.12891E-01  1.02123E+00
  7.16797E-01  9.85466E-01
  7.20703E-01  9.45671E-01
  7.24609E-01  8.92881E-01
  7.28516E-01  7.73528E-01
  7.32422E-01  4.90143E-03
  7.36328E-01  4.84202E-03
  7.40234E-01  4.76576E-03
  7.44141E-01  4.69296E-03
  7.48047E-01  4.62002E-03
  7.51953E-01  4.54996E-03
  7.55859E-01  4.47979E-03
  7.59766E-01  4.41251E-03
  7.63672E-01  4.34521E-03
  7.67578E-01  4.28069E-03
  7.71484E-01  4.21615E-03
  7.75391E-01  4.15419E-03
  7.79297E-01  4.09214E-03
  7.83203E-01  4.03256E-03
  7.87109E-01  3.97295E-03
  7.91016E-01  3.91575E-03
  7.94922E-01  3.85849E-03
  7.98828E-01  3.80337E-03
  8.02734E-01  3.74822E-03
  8.06641E-01  3.69522E-03
  8.10547E-01  3.64221E-03
  8.14453E-01  3.59124E-03
  8.18359E-01  3.54022E-03
  8.22266E-01  3.49108E-03
  8.26172E-01  3.44191E-03
  8.30078E-01  3.39458E-03
  8.33984E-01  3.34722E-03
  8.37891E-01  3.30167E-03
  8.41797E-01  3.25607E-03
  8.45703E-01  3.21216E-03
  8.49609E-01  3.16828E-03
  8.53516E-01  3.12592E-03
  8.57422E-01  3.08357E-03
  8.61328E-01  3.04270E-03
  8.65234E-01  3.00190E-03
  8.69141E-01  2.96253E-03
  8.73047E-01  2.92312E-03
  8.76953E-01  2.88507E-03
  8.80859E-01  2.84701E-03
  8.84766E-01  2.81045E-03
  8.88672E-01  2.77391E-03
  8.92578E-01  2.73852E-03
  8.96484E-01  2.70307E-03
  9.00391E-01  2.66895E-03
  9.04297E-01  2.63489E-03
  9.08203E-01  2.60172E-03
  9.12109E-01  2.56902E-03
  9.16016E-01  2.53694E-03
  9.19922E-01  2.50569E-03
  9.23828E-01  2.47466E-03
  9.27734E-01  2.44460E-03
  9.31641E-01  2.41452E-03
  9.35547E-01  2.38555E-03
  9.39453E-01  2.35657E-03
  9.43359E-01  2.32880E-03
  9.47266E-01  2.30105E-03
  9.51172E-01  2.27452E-03
  9.55078E-01  2.24789E-03
  9.58984E-01  2.22229E-03
  9.62891E-01  2.19682E-03
  9.66797E-01  2.17263E-03
  9.70703E-01  2.14854E-03
  9.74609E-01  2.12557E-03
  9.78516E-01  2.10254E-03
  9.82422E-01  2.08094E-03
  9.86328E-01  2.05950E-03
  9.90234E-01  2.03927E-03
  9.94141E-01  2.02219E-03
  9.98047E-01  2.01418E-03
  1.00195E+00  2.01418E-03
