 -1.95312E-03  2.62596E+00
  1.95312E-03  2.62599E+00
  5.85938E-03  2.62549E+00
  9.76562E-03  2.62498E+00
  1.36719E-02  2.62440E+00
  1.75781E-02  2.62373E+00
  2.14844E-02  2.62298E+00
  2.53906E-02  2.62215E+00
  2.92969E-02  2.62123E+00
  3.32031E-02  2.62023E+00
  3.71094E-02  2.61915E+00
  4.10156E-02  2.61798E+00
  4.49219E-02  2.61673E+00
  4.88281E-02  2.61540E+00
  5.27344E-02  2.61398E+00
  5.66406E-02  2.61249E+00
  6.05469E-02  2.61092E+00
  6.44531E-02  2.60926E+00
  6.83594E-02  2.60753E+00
  7.22656E-02  2.60571E+00
  7.61719E-02  2.60382E+00
  8.00781E-02  2.60184E+00
  8.39844E-02  2.59979E+00
  8.78906E-02  2.59766E+00
  9.17969E-02  2.59545E+00
  9.57031E-02  2.59316E+00
  9.96094E-02  2.59080E+00
  1.03516E-01  2.58836E+00
  1.07422E-01  2.58584E+00
  1.11328E-01  2.58325E+00
  1.15234E-01  2.58058E+00
  1.19141E-01  2.57784E+00
  1.23047E-01  2.57502E+00
  1.26953E-01  2.57212E+00
  1.30859E-01  2.56915E+00
  1.34766E-01  2.56611E+00
  1.38672E-01  2.56299E+00
  1.42578E-01  2.55979E+00
  1.46484E-01  2.55653E+00
  1.50391E-01  2.55318E+00
  1.54297E-01  2.54977E+00
  1.58203E-01  2.54628E+00
  1.62109E-01  2.54272E+00
  1.66016E-01  2.53908E+00
  1.69922E-01  2.53537E+00
  1.73828E-01  2.53158E+00
  1.77734E-01  2.52773E+00
  1.81641E-01  2.52380E+00
  1.85547E-01  2.51980E+00
  1.89453E-01  2.51573E+00
  1.93359E-01  2.51158E+00
  1.97266E-01  2.50736E+00
  2.01172E-01  2.50307E+00
  2.05078E-01  2.49870E+00
  2.08984E-01  2.49427E+00
  2.12891E-01  2.48976E+00
  2.16797E-01  2.48517E+00
  2.20703E-01  2.48052E+00
  2.24609E-01  2.47579E+00
  2.28516E-01  2.47099E+00
  2.32422E-01  2.46612E+00
  2.36328E-01  2.46118E+00
  2.40234E-01  2.45616E+00
  2.44141E-01  2.45107E+00
  2.48047E-01  2.44591E+00
  2.51953E-01  2.44067E+00
  2.55859E-01  2.43537E+00
  2.59766E-01  2.42999E+00
  2.63672E-01  2.42454E+00
  2.67578E-01  2.41901E+00
  2.71484E-01  2.41341E+00
  2.75391E-01  2.40774E+00
  2.79297E-01  2.40200E+00
  2.83203E-01  2.39618E+00
  2.87109E-01  2.39028E+00
  2.91016E-01  2.38431E+00
  2.94922E-01  2.37827E+00
  2.98828E-01  2.37216E+00
  3.02734E-01  2.36597E+00
  3.06641E-01  2.35971E+00
  3.10547E-01  2.35337E+00
  3.14453E-01  2.34695E+00
  3.18359E-01  2.34046E+00
  3.22266E-01  2.33390E+00
  3.26172E-01  2.32725E+00
  3.30078E-01  2.32054E+00
  3.33984E-01  2.31374E+00
  3.37891E-01  2.30686E+00
  3.41797E-01  2.29991E+00
  3.45703E-01  2.29289E+00
  3.49609E-01  2.28578E+00
  3.53516E-01  2.27859E+00
  3.57422E-01  2.27133E+00
  3.61328E-01  2.26399E+00
  3.65234E-01  2.25657E+00
  3.69141E-01  2.24907E+00
  3.73047E-01  2.24148E+00
  3.76953E-01  2.23382E+00
  3.80859E-01  2.22607E+00
  3.84766E-01  2.21824E+00
  3.88672E-01  2.21033E+00
  3.92578E-01  2.20233E+00
  3.96484E-01  2.19425E+00
  4.00391E-01  2.18608E+00
  4.04297E-01  2.17783E+00
  4.08203E-01  2.16949E+00
  4.12109E-01  2.16106E+00
  4.16016E-01  2.15254E+00
  4.19922E-01  2.14394E+00
  4.23828E-01  2.13524E+00
  4.27734E-01  2.12645E+00
  4.31641E-01  2.11758E+00
  4.35547E-01  2.10861E+00
  4.39453E-01  2.09955E+00
  4.43359E-01  2.09039E+00
  4.47266E-01  2.08114E+00
  4.51172E-01  2.07179E+00
  4.55078E-01  2.06234E+00
  4.58984E-01  2.05280E+00
  4.62891E-01  2.04316E+00
  4.66797E-01  2.03341E+00
  4.70703E-01  2.02356E+00
  4.74609E-01  2.01361E+00
  4.78516E-01  2.00355E+00
  4.82422E-01  1.99338E+00
  4.86328E-01  1.98310E+00
  4.90234E-01  1.97272E+00
  4.94141E-01  1.96221E+00
  4.98047E-01  1.95160E+00
  5.01953E-01  1.94086E+00
  5.05859E-01  1.93001E+00
  5.09766E-01  1.91903E+00
  5.13672E-01  1.90793E+00
  5.17578E-01  1.89671E+00
  5.21484E-01  1.88536E+00
  5.25391E-01  1.87388E+00
  5.29297E-01  1.86226E+00
  5.33203E-01  1.85051E+00
  5.37109E-01  1.83862E+00
  5.41016E-01  1.82658E+00
  5.44922E-01  1.81440E+00
  5.48828E-01  1.80208E+00
  5.52734E-01  1.78959E+00
  5.56641E-01  1.77695E+00
  5.60547E-01  1.76415E+00
  5.64453E-01  1.75118E+00
  5.68359E-01  1.73805E+00
  5.72266E-01  1.72473E+00
  5.76172E-01  1.71124E+00
  5.80078E-01  1.69756E+00
  5.83984E-01  1.68368E+00
  5.87891E-01  1.66961E+00
  5.91797E-01  1.65533E+00
  5.95703E-01  1.64084E+00
  5.99609E-01  1.62612E+00
  6.03516E-01  1.61118E+00
  6.07422E-01  1.59600E+00
  6.11328E-01  1.58057E+00
  6.15234E-01  1.56488E+00
  6.19141E-01  1.54892E+00
  6.23047E-01  1.53268E+00
  6.26953E-01  1.51614E+00
  6.30859E-01  1.49930E+00
  6.34766E-01  1.48212E+00
  6.38672E-01  1.46461E+00
  6.42578E-01  1.44672E+00
  6.46484E-01  1.42846E+00
  6.50391E-01  1.40979E+00
  6.54297E-01  1.39068E+00
  6.58203E-01  1.37111E+00
  6.62109E-01  1.35105E+00
  6.66016E-01  1.33046E+00
  6.69922E-01  1.30930E+00
  6.73828E-01  1.28753E+00
  6.77734E-01  1.26508E+00
  6.81641E-01  1.24190E+00
  6.85547E-01  1.21790E+00
  6.89453E-01  1.19301E+00
  6.93359E-01  1.16711E+00
  6.97266E-01  1.14008E+00
  7.01172E-01  1.11176E+00
  7.05078E-01  1.08195E+00
  7.08984E-01  1.05041E+00
  7.12891E-01  1.01676E+00
  7.16797E-01  9.80438E-01
  7.20703E-01  9.39781E-01
  7.24609E-01  8.84784E-01
  7.28516E-01  7.59434E-01
  7.32422E-01  2.29003E-03
  7.36328E-01  2.26263E-03
  7.40234E-01  2.22687E-03
  7.44141E-01  2.19259E-03
  7.48047E-01  2.15826E-03
  7.51953E-01  2.12535E-03
  7.55859E-01  2.09247E-03
  7.59766E-01  2.06097E-03
  7.63672E-01  2.02943E-03
  7.67578E-01  1.99916E-03
  7.71484E-01  1.96885E-03
  7.75391E-01  1.93970E-03
  7.79297E-01  1.91057E-03
  7.83203E-01  1.88263E-03
  7.87109E-01  1.85468E-03
  7.91016E-01  1.82788E-03
  7.94922E-01  1.80105E-03
  7.98828E-01  1.77527E-03
  8.02734E-01  1.74945E-03
  8.06641E-01  1.72459E-03
  8.10547E-01  1.69973E-03
  8.14453E-01  1.67585E-03
  8.18359E-01  1.65197E-03
  8.22266E-01  1.62899E-03
  8.26172E-01  1.60601E-03
  8.30078E-01  1.58387E-03
  8.33984E-01  1.56172E-03
  8.37891E-01  1.54046E-03
  8.41797E-01  1.51919E-03
  8.45703E-01  1.49872E-03
  8.49609E-01  1.47823E-03
  8.53516E-01  1.45850E-03
  8.57422E-01  1.43873E-03
  8.61328E-01  1.41968E-03
  8.65234E-01  1.40063E-03
  8.69141E-01  1.38225E-03
  8.73047E-01  1.36388E-03
  8.76953E-01  1.34618E-03
  8.80859E-01  1.32848E-03
  8.84766E-01  1.31146E-03
  8.88672E-01  1.29446E-03
  8.92578E-01  1.27808E-03
  8.96484E-01  1.26168E-03
  9.00391E-01  1.24586E-03
  9.04297E-01  1.23004E-03
  9.08203E-01  1.21480E-03
  9.12109E-01  1.19955E-03
  9.16016E-01  1.18482E-03
  9.19922E-01  1.17009E-03
  9.23828E-01  1.15591E-03
  9.27734E-01  1.14174E-03
  9.31641E-01  1.12814E-03
  9.35547E-01  1.11451E-03
  9.39453E-01  1.10141E-03
  9.43359E-01  1.08831E-03
  9.47266E-01  1.07568E-03
  9.51172E-01  1.06298E-03
  9.55078E-01  1.05071E-03
  9.58984E-01  1.03868E-03
  9.62891E-01  1.02673E-03
  9.66797E-01  1.01525E-03
  9.70703E-01  1.00375E-03
  9.74609E-01  9.92738E-04
  9.78516E-01  9.81736E-04
  9.82422E-01  9.71336E-04
  9.86328E-01  9.60980E-04
  9.90234E-01  9.51790E-04
  9.94141E-01  9.43781E-04
  9.98047E-01  9.40052E-04
  1.00195E+00  9.40052E-04
