 -1.95312E-03  2.62601E+00
  1.95312E-03  2.62604E+00
  5.85938E-03  2.62554E+00
  9.76562E-03  2.62503E+00
  1.36719E-02  2.62445E+00
  1.75781E-02  2.62378E+00
  2.14844E-02  2.62303E+00
  2.53906E-02  2.62220E+00
  2.92969E-02  2.62128E+00
  3.32031E-02  2.62028E+00
  3.71094E-02  2.61919E+00
  4.10156E-02  2.61802E+00
  4.49219E-02  2.61678E+00
  4.88281E-02  2.61544E+00
  5.27344E-02  2.61403E+00
  5.66406E-02  2.61254E+00
  6.05469E-02  2.61096E+00
  6.44531E-02  2.60931E+00
  6.83594E-02  2.60757E+00
  7.22656E-02  2.60576E+00
  7.61719E-02  2.60386E+00
  8.00781E-02  2.60189E+00
  8.39844E-02  2.59984E+00
  8.78906E-02  2.59770E+00
  9.17969E-02  2.59550E+00
  9.57031E-02  2.59321E+00
  9.96094E-02  2.59085E+00
  1.03516E-01  2.58841E+00
  1.07422E-01  2.58589E+00
  1.11328E-01  2.58330E+00
  1.15234E-01  2.58063E+00
  1.19141E-01  2.57788E+00
  1.23047E-01  2.57506E+00
  1.26953E-01  2.57217E+00
  1.30859E-01  2.56920E+00
  1.34766E-01  2.56615E+00
  1.38672E-01  2.56303E+00
  1.42578E-01  2.55984E+00
  1.46484E-01  2.55657E+00
  1.50391E-01  2.55323E+00
  1.54297E-01  2.54981E+00
  1.58203E-01  2.54633E+00
  1.62109E-01  2.54276E+00
  1.66016E-01  2.53912E+00
  1.69922E-01  2.53542E+00
  1.73828E-01  2.53163E+00
  1.77734E-01  2.52778E+00
  1.81641E-01  2.52385E+00
  1.85547E-01  2.51984E+00
  1.89453E-01  2.51577E+00
  1.93359E-01  2.51162E+00
  1.97266E-01  2.50740E+00
  2.01172E-01  2.50311E+00
  2.05078E-01  2.49875E+00
  2.08984E-01  2.49431E+00
  2.12891E-01  2.48980E+00
  2.16797E-01  2.48522E+00
  2.20703E-01  2.48056E+00
  2.24609E-01  2.47584E+00
  2.28516E-01  2.47104E+00
  2.32422E-01  2.46617E+00
  2.36328E-01  2.46122E+00
  2.40234E-01  2.45620E+00
  2.44141E-01  2.45111E+00
  2.48047E-01  2.44595E+00
  2.51953E-01  2.44072E+00
  2.55859E-01  2.43541E+00
  2.59766E-01  2.43003E+00
  2.63672E-01  2.42458E+00
  2.67578E-01  2.41905E+00
  2.71484E-01  2.41345E+00
  2.75391E-01  2.40778E+00
  2.79297E-01  2.40203E+00
  2.83203E-01  2.39622E+00
  2.87109E-01  2.39032E+00
  2.91016E-01  2.38435E+00
  2.94922E-01  2.37831E+00
  2.98828E-01  2.37220E+00
  3.02734E-01  2.36601E+00
  3.06641E-01  2.35975E+00
  3.10547E-01  2.35341E+00
  3.14453E-01  2.34699E+00
  3.18359E-01  2.34050E+00
  3.22266E-01  2.33394E+00
  3.26172E-01  2.32730E+00
  3.30078E-01  2.32058E+00
  3.33984E-01  2.31378E+00
  3.37891E-01  2.30691E+00
  3.41797E-01  2.29996E+00
  3.45703E-01  2.29293E+00
  3.49609E-01  2.28582E+00
  3.53516E-01  2.27864E+00
  3.57422E-01  2.27137E+00
  3.61328E-01  2.26403E+00
  3.65234E-01  2.25661E+00
  3.69141E-01  2.24911E+00
  3.73047E-01  2.24152E+00
  3.76953E-01  2.23386E+00
  3.80859E-01  2.22611E+00
  3.84766E-01  2.21828E+00
  3.88672E-01  2.21037E+00
  3.92578E-01  2.20238E+00
  3.96484E-01  2.19429E+00
  4.00391E-01  2.18613E+00
  4.04297E-01  2.17787E+00
  4.08203E-01  2.16953E+00
  4.12109E-01  2.16110E+00
  4.16016E-01  2.15258E+00
  4.19922E-01  2.14397E+00
  4.23828E-01  2.13528E+00
  4.27734E-01  2.12649E+00
  4.31641E-01  2.11761E+00
  4.35547E-01  2.10864E+00
  4.39453E-01  2.09958E+00
  4.43359E-01  2.09042E+00
  4.47266E-01  2.08117E+00
  4.51172E-01  2.07182E+00
  4.55078E-01  2.06237E+00
  4.58984E-01  2.05283E+00
  4.62891E-01  2.04318E+00
  4.66797E-01  2.03343E+00
  4.70703E-01  2.02358E+00
  4.74609E-01  2.01363E+00
  4.78516E-01  2.00357E+00
  4.82422E-01  1.99340E+00
  4.86328E-01  1.98312E+00
  4.90234E-01  1.97273E+00
  4.94141E-01  1.96223E+00
  4.98047E-01  1.95161E+00
  5.01953E-01  1.94087E+00
  5.05859E-01  1.93001E+00
  5.09766E-01  1.91904E+00
  5.13672E-01  1.90794E+00
  5.17578E-01  1.89671E+00
  5.21484E-01  1.88535E+00
  5.25391E-01  1.87387E+00
  5.29297E-01  1.86225E+00
  5.33203E-01  1.85049E+00
  5.37109E-01  1.83860E+00
  5.41016E-01  1.82656E+00
  5.44922E-01  1.81438E+00
  5.48828E-01  1.80204E+00
  5.52734E-01  1.78956E+00
  5.56641E-01  1.77691E+00
  5.60547E-01  1.76411E+00
  5.64453E-01  1.75114E+00
  5.68359E-01  1.73799E+00
  5.72266E-01  1.72467E+00
  5.76172E-01  1.71117E+00
  5.80078E-01  1.69749E+00
  5.83984E-01  1.68361E+00
  5.87891E-01  1.66953E+00
  5.91797E-01  1.65525E+00
  5.95703E-01  1.64075E+00
  5.99609E-01  1.62603E+00
  6.03516E-01  1.61108E+00
  6.07422E-01  1.59589E+00
  6.11328E-01  1.58046E+00
  6.15234E-01  1.56476E+00
  6.19141E-01  1.54879E+00
  6.23047E-01  1.53254E+00
  6.26953E-01  1.51600E+00
  6.30859E-01  1.49914E+00
  6.34766E-01  1.48196E+00
  6.38672E-01  1.46443E+00
  6.42578E-01  1.44654E+00
  6.46484E-01  1.42826E+00
  6.50391E-01  1.40958E+00
  6.54297E-01  1.39046E+00
  6.58203E-01  1.37088E+00
  6.62109E-01  1.35080E+00
  6.66016E-01  1.33020E+00
  6.69922E-01  1.30902E+00
  6.73828E-01  1.28722E+00
  6.77734E-01  1.26475E+00
  6.81641E-01  1.24155E+00
  6.85547E-01  1.21753E+00
  6.89453E-01  1.19261E+00
  6.93359E-01  1.16669E+00
  6.97266E-01  1.13963E+00
  7.01172E-01  1.11127E+00
  7.05078E-01  1.08142E+00
  7.08984E-01  1.04981E+00
  7.12891E-01  1.01609E+00
  7.16797E-01  9.79681E-01
  7.20703E-01  9.38886E-01
  7.24609E-01  8.83518E-01
  7.28516E-01  7.57138E-01
  7.32422E-01  1.88332E-03
  7.36328E-01  1.86084E-03
  7.40234E-01  1.83139E-03
  7.44141E-01  1.80318E-03
  7.48047E-01  1.77495E-03
  7.51953E-01  1.74793E-03
  7.55859E-01  1.72089E-03
  7.59766E-01  1.69500E-03
  7.63672E-01  1.66909E-03
  7.67578E-01  1.64418E-03
  7.71484E-01  1.61926E-03
  7.75391E-01  1.59530E-03
  7.79297E-01  1.57134E-03
  7.83203E-01  1.54837E-03
  7.87109E-01  1.52543E-03
  7.91016E-01  1.50336E-03
  7.94922E-01  1.48128E-03
  7.98828E-01  1.46001E-03
  8.02734E-01  1.43877E-03
  8.06641E-01  1.41837E-03
  8.10547E-01  1.39798E-03
  8.14453E-01  1.37839E-03
  8.18359E-01  1.35879E-03
  8.22266E-01  1.33991E-03
  8.26172E-01  1.32104E-03
  8.30078E-01  1.30286E-03
  8.33984E-01  1.28466E-03
  8.37891E-01  1.26715E-03
  8.41797E-01  1.24963E-03
  8.45703E-01  1.23275E-03
  8.49609E-01  1.21586E-03
  8.53516E-01  1.19961E-03
  8.57422E-01  1.18337E-03
  8.61328E-01  1.16775E-03
  8.65234E-01  1.15212E-03
  8.69141E-01  1.13709E-03
  8.73047E-01  1.12204E-03
  8.76953E-01  1.10754E-03
  8.80859E-01  1.09303E-03
  8.84766E-01  1.07905E-03
  8.88672E-01  1.06505E-03
  8.92578E-01  1.05157E-03
  8.96484E-01  1.03808E-03
  9.00391E-01  1.02507E-03
  9.04297E-01  1.01204E-03
  9.08203E-01  9.99501E-04
  9.12109E-01  9.86958E-04
  9.16016E-01  9.74906E-04
  9.19922E-01  9.62836E-04
  9.23828E-01  9.51216E-04
  9.27734E-01  9.39593E-04
  9.31641E-01  9.28398E-04
  9.35547E-01  9.17191E-04
  9.39453E-01  9.06344E-04
  9.43359E-01  8.95488E-04
  9.47266E-01  8.85016E-04
  9.51172E-01  8.74578E-04
  9.55078E-01  8.64523E-04
  9.58984E-01  8.54441E-04
  9.62891E-01  8.44691E-04
  9.66797E-01  8.35151E-04
  9.70703E-01  8.25658E-04
  9.74609E-01  8.16557E-04
  9.78516E-01  8.07459E-04
  9.82422E-01  7.98912E-04
  9.86328E-01  7.90424E-04
  9.90234E-01  7.82911E-04
  9.94141E-01  7.76294E-04
  9.98047E-01  7.73228E-04
  1.00195E+00  7.73228E-04
