 -1.95312E-03  2.62549E+00
  1.95312E-03  2.62552E+00
  5.85938E-03  2.62502E+00
  9.76562E-03  2.62451E+00
  1.36719E-02  2.62393E+00
  1.75781E-02  2.62326E+00
  2.14844E-02  2.62251E+00
  2.53906E-02  2.62168E+00
  2.92969E-02  2.62076E+00
  3.32031E-02  2.61976E+00
  3.71094E-02  2.61868E+00
  4.10156E-02  2.61751E+00
  4.49219E-02  2.61626E+00
  4.88281E-02  2.61492E+00
  5.27344E-02  2.61351E+00
  5.66406E-02  2.61202E+00
  6.05469E-02  2.61044E+00
  6.44531E-02  2.60879E+00
  6.83594E-02  2.60705E+00
  7.22656E-02  2.60524E+00
  7.61719E-02  2.60334E+00
  8.00781E-02  2.60137E+00
  8.39844E-02  2.59932E+00
  8.78906E-02  2.59719E+00
  9.17969E-02  2.59498E+00
  9.57031E-02  2.59269E+00
  9.96094E-02  2.59033E+00
  1.03516E-01  2.58789E+00
  1.07422E-01  2.58537E+00
  1.11328E-01  2.58278E+00
  1.15234E-01  2.58011E+00
  1.19141E-01  2.57737E+00
  1.23047E-01  2.57455E+00
  1.26953E-01  2.57165E+00
  1.30859E-01  2.56868E+00
  1.34766E-01  2.56564E+00
  1.38672E-01  2.56252E+00
  1.42578E-01  2.55933E+00
  1.46484E-01  2.55606E+00
  1.50391E-01  2.55272E+00
  1.54297E-01  2.54930E+00
  1.58203E-01  2.54581E+00
  1.62109E-01  2.54225E+00
  1.66016E-01  2.53861E+00
  1.69922E-01  2.53490E+00
  1.73828E-01  2.53112E+00
  1.77734E-01  2.52727E+00
  1.81641E-01  2.52334E+00
  1.85547E-01  2.51934E+00
  1.89453E-01  2.51526E+00
  1.93359E-01  2.51112E+00
  1.97266E-01  2.50690E+00
  2.01172E-01  2.50261E+00
  2.05078E-01  2.49824E+00
  2.08984E-01  2.49381E+00
  2.12891E-01  2.48930E+00
  2.16797E-01  2.48472E+00
  2.20703E-01  2.48007E+00
  2.24609E-01  2.47534E+00
  2.28516E-01  2.47054E+00
  2.32422E-01  2.46567E+00
  2.36328E-01  2.46073E+00
  2.40234E-01  2.45571E+00
  2.44141E-01  2.45062E+00
  2.48047E-01  2.44546E+00
  2.51953E-01  2.44023E+00
  2.55859E-01  2.43492E+00
  2.59766E-01  2.42955E+00
  2.63672E-01  2.42410E+00
  2.67578E-01  2.41857E+00
  2.71484E-01  2.41297E+00
  2.75391E-01  2.40730E+00
  2.79297E-01  2.40156E+00
  2.83203E-01  2.39574E+00
  2.87109E-01  2.38985E+00
  2.91016E-01  2.38388E+00
  2.94922E-01  2.37784E+00
  2.98828E-01  2.37173E+00
  3.02734E-01  2.36554E+00
  3.06641E-01  2.35928E+00
  3.10547E-01  2.35294E+00
  3.14453E-01  2.34653E+00
  3.18359E-01  2.34004E+00
  3.22266E-01  2.33347E+00
  3.26172E-01  2.32683E+00
  3.30078E-01  2.32011E+00
  3.33984E-01  2.31332E+00
  3.37891E-01  2.30645E+00
  3.41797E-01  2.29950E+00
  3.45703E-01  2.29247E+00
  3.49609E-01  2.28536E+00
  3.53516E-01  2.27818E+00
  3.57422E-01  2.27092E+00
  3.61328E-01  2.26358E+00
  3.65234E-01  2.25616E+00
  3.69141E-01  2.24865E+00
  3.73047E-01  2.24107E+00
  3.76953E-01  2.23341E+00
  3.80859E-01  2.22566E+00
  3.84766E-01  2.21783E+00
  3.88672E-01  2.20992E+00
  3.92578E-01  2.20193E+00
  3.96484E-01  2.19384E+00
  4.00391E-01  2.18568E+00
  4.04297E-01  2.17743E+00
  4.08203E-01  2.16909E+00
  4.12109E-01  2.16066E+00
  4.16016E-01  2.15214E+00
  4.19922E-01  2.14353E+00
  4.23828E-01  2.13484E+00
  4.27734E-01  2.12606E+00
  4.31641E-01  2.11718E+00
  4.35547E-01  2.10822E+00
  4.39453E-01  2.09916E+00
  4.43359E-01  2.09001E+00
  4.47266E-01  2.08076E+00
  4.51172E-01  2.07142E+00
  4.55078E-01  2.06198E+00
  4.58984E-01  2.05244E+00
  4.62891E-01  2.04280E+00
  4.66797E-01  2.03306E+00
  4.70703E-01  2.02322E+00
  4.74609E-01  2.01328E+00
  4.78516E-01  2.00323E+00
  4.82422E-01  1.99307E+00
  4.86328E-01  1.98281E+00
  4.90234E-01  1.97243E+00
  4.94141E-01  1.96195E+00
  4.98047E-01  1.95134E+00
  5.01953E-01  1.94063E+00
  5.05859E-01  1.92979E+00
  5.09766E-01  1.91883E+00
  5.13672E-01  1.90775E+00
  5.17578E-01  1.89655E+00
  5.21484E-01  1.88522E+00
  5.25391E-01  1.87376E+00
  5.29297E-01  1.86217E+00
  5.33203E-01  1.85044E+00
  5.37109E-01  1.83858E+00
  5.41016E-01  1.82658E+00
  5.44922E-01  1.81443E+00
  5.48828E-01  1.80214E+00
  5.52734E-01  1.78970E+00
  5.56641E-01  1.77710E+00
  5.60547E-01  1.76434E+00
  5.64453E-01  1.75141E+00
  5.68359E-01  1.73832E+00
  5.72266E-01  1.72506E+00
  5.76172E-01  1.71162E+00
  5.80078E-01  1.69799E+00
  5.83984E-01  1.68417E+00
  5.87891E-01  1.67016E+00
  5.91797E-01  1.65594E+00
  5.95703E-01  1.64152E+00
  5.99609E-01  1.62687E+00
  6.03516E-01  1.61200E+00
  6.07422E-01  1.59690E+00
  6.11328E-01  1.58155E+00
  6.15234E-01  1.56595E+00
  6.19141E-01  1.55007E+00
  6.23047E-01  1.53393E+00
  6.26953E-01  1.51748E+00
  6.30859E-01  1.50074E+00
  6.34766E-01  1.48367E+00
  6.38672E-01  1.46627E+00
  6.42578E-01  1.44851E+00
  6.46484E-01  1.43037E+00
  6.50391E-01  1.41183E+00
  6.54297E-01  1.39287E+00
  6.58203E-01  1.37345E+00
  6.62109E-01  1.35355E+00
  6.66016E-01  1.33312E+00
  6.69922E-01  1.31215E+00
  6.73828E-01  1.29057E+00
  6.77734E-01  1.26833E+00
  6.81641E-01  1.24538E+00
  6.85547E-01  1.22165E+00
  6.89453E-01  1.19704E+00
  6.93359E-01  1.17148E+00
  6.97266E-01  1.14482E+00
  7.01172E-01  1.11692E+00
  7.05078E-01  1.08759E+00
  7.08984E-01  1.05661E+00
  7.12891E-01  1.02365E+00
  7.16797E-01  9.88207E-01
  7.20703E-01  9.48892E-01
  7.24609E-01  8.97254E-01
  7.28516E-01  7.81001E-01
  7.32422E-01  7.09326E-03
  7.36328E-01  7.00560E-03
  7.40234E-01  6.89598E-03
  7.44141E-01  6.79086E-03
  7.48047E-01  6.68571E-03
  7.51953E-01  6.58473E-03
  7.55859E-01  6.48362E-03
  7.59766E-01  6.38659E-03
  7.63672E-01  6.28963E-03
  7.67578E-01  6.19682E-03
  7.71484E-01  6.10390E-03
  7.75391E-01  6.01445E-03
  7.79297E-01  5.92491E-03
  7.83203E-01  5.83888E-03
  7.87109E-01  5.75292E-03
  7.91016E-01  5.67021E-03
  7.94922E-01  5.58750E-03
  7.98828E-01  5.50800E-03
  8.02734E-01  5.42857E-03
  8.06641E-01  5.35220E-03
  8.10547E-01  5.27571E-03
  8.14453E-01  5.20196E-03
  8.18359E-01  5.12834E-03
  8.22266E-01  5.05746E-03
  8.26172E-01  4.98651E-03
  8.30078E-01  4.91819E-03
  8.33984E-01  4.84997E-03
  8.37891E-01  4.78433E-03
  8.41797E-01  4.71858E-03
  8.45703E-01  4.65507E-03
  8.49609E-01  4.59157E-03
  8.53516E-01  4.53036E-03
  8.57422E-01  4.46914E-03
  8.61328E-01  4.41026E-03
  8.65234E-01  4.35149E-03
  8.69141E-01  4.29427E-03
  8.73047E-01  4.23779E-03
  8.76953E-01  4.18226E-03
  8.80859E-01  4.12796E-03
  8.84766E-01  4.07436E-03
  8.88672E-01  4.02190E-03
  8.92578E-01  3.97010E-03
  8.96484E-01  3.91976E-03
  9.00391E-01  3.86954E-03
  9.04297E-01  3.82089E-03
  9.08203E-01  3.77230E-03
  9.12109E-01  3.72544E-03
  9.16016E-01  3.67858E-03
  9.19922E-01  3.63339E-03
  9.23828E-01  3.58811E-03
  9.27734E-01  3.54440E-03
  9.31641E-01  3.50063E-03
  9.35547E-01  3.45839E-03
  9.39453E-01  3.41640E-03
  9.43359E-01  3.37581E-03
  9.47266E-01  3.33547E-03
  9.51172E-01  3.29624E-03
  9.55078E-01  3.25731E-03
  9.58984E-01  3.22008E-03
  9.62891E-01  3.18305E-03
  9.66797E-01  3.14755E-03
  9.70703E-01  3.11214E-03
  9.74609E-01  3.07886E-03
  9.78516E-01  3.04613E-03
  9.82422E-01  3.01496E-03
  9.86328E-01  2.98492E-03
  9.90234E-01  2.95635E-03
  9.94141E-01  2.93149E-03
  9.98047E-01  2.91998E-03
  1.00195E+00  2.91998E-03
